57849.0340046 8411.5 8411.5
57849.0340509 8503.7 8503.7
57849.0357639 733696.1 733696.1
57849.0358102 395185.6 395185.6
57849.0358565 338446.3 338446.3
57849.0359028 549818.8 549818.8
57849.0359722 298729.2 298729.2
57849.0360185 10304.2 10304.2
57849.0360648 11092.8 11092.8
57849.0361111 10815.6 10815.6
57849.0361921 9277.3 9277.3
57849.0362269 9572.9 9572.9
57849.0362731 10326.0 10326.0
57849.036331 10301.8 10301.8
57849.0364005 9445.5 9445.5
57849.0364468 7957.7 7957.7
57849.0364815 7995.5 7995.5
57849.0365394 7948.8 7948.8
57849.0366088 7961.1 7961.1
57849.0366551 7967.1 7967.1
57849.0367014 8207.0 8207.0
57849.0367477 8656.7 8656.7
57849.0368171 15418.2 15418.2
57849.0368634 39819.9 39819.9
57849.0369097 48759.1 48759.1
57849.036956 23564.4 23564.4
57849.0370255 13412.4 13412.4
57849.0370718 32313.3 32313.3
57849.0371181 44920.7 44920.7
57849.0371644 64823.2 64823.2
57849.0372338 35058.1 35058.1
57849.0372801 9187.3 9187.3
57849.037338 8856.2 8856.2
57849.0373727 8699.6 8699.6
57849.0374421 8952.1 8952.1
57849.0374884 9109.3 9109.3
57849.0375463 10172.9 10172.9
57849.0375926 10764.9 10764.9
57849.037662 9153.5 9153.5
57849.0377083 8536.8 8536.8
57849.0377546 8759.1 8759.1
57849.0378009 8763.8 8763.8
57849.0378704 9203.8 9203.8
57849.0379167 8664.8 8664.8
57849.037963 9932.5 9932.5
57849.0380093 11540.2 11540.2
57849.0380787 13941.9 13941.9
57849.038125 9174.4 9174.4
57849.0381713 9074.9 9074.9
57849.0382176 9044.0 9044.0
57849.038287 8445.8 8445.8
57849.0383333 8162.6 8162.6
57849.0383796 8103.4 8103.4
57849.0384259 8416.3 8416.3
57849.0384954 8311.6 8311.6
57849.0385532 7832.3 7832.3
57849.0385995 8194.3 8194.3
57849.0386343 8565.8 8565.8
57849.0387037 8178.5 8178.5
57849.0387616 8484.0 8484.0
57849.0388079 8333.7 8333.7
57849.0388542 8276.3 8276.3
57849.0389236 8271.8 8271.8
57849.0389699 9153.3 9153.3
57849.0390162 9809.5 9809.5
57849.0390625 10756.7 10756.7
57849.0391319 10023.2 10023.2
57849.0391782 7724.9 7724.9
57849.0392245 8119.9 8119.9
57849.0392708 9405.6 9405.6
57849.0393403 11636.6 11636.6
57849.0393866 11294.6 11294.6
57849.0394329 12243.4 12243.4
57849.0394907 12409.5 12409.5
57849.0395602 15771.9 15771.9
57849.0395949 14358.7 14358.7
57849.0396412 23246.7 23246.7
57849.0396991 27728.8 27728.8
57849.0397685 26389.9 26389.9
57849.0398148 106817.2 106817.2
57849.0398495 4065677.1 4065677.1
57849.0399074 936658.1 936658.1
57849.0399769 3773696.6 3773696.6
57849.0400231 11237.9 11237.9
57849.0400694 9888.0 9888.0
57849.0401157 9746.9 9746.9
57849.0401852 10157.3 10157.3
57849.0402315 8027.0 8027.0
57849.0402778 407.1 407.1
57849.0403241 65.9 65.9
57849.0440972 6764.7 6764.7
57849.0441435 39312.7 39312.7
57849.0441898 296862.6 296862.6
57849.0442361 314170.1 314170.1
57849.0443056 252928.6 252928.6
57849.0443519 6596.9 6596.9
57849.0443981 6560.9 6560.9
57849.0444444 6488.2 6488.2
57849.0445255 6390.8 6390.8
57849.0445602 6685.0 6685.0
57849.0446065 6981.3 6981.3
57849.0446644 7120.5 7120.5
57849.0447338 6600.1 6600.1
57849.0447801 6432.8 6432.8
57849.0448148 6404.0 6404.0
57849.0448727 6426.2 6426.2
57849.0449421 6342.5 6342.5
57849.0449884 6244.6 6244.6
57849.0450347 6247.4 6247.4
57849.045081 6345.3 6345.3
57849.0451505 6303.3 6303.3
57849.0451968 6347.6 6347.6
57849.0452431 6387.6 6387.6
57849.0452894 6325.2 6325.2
57849.0453588 6238.6 6238.6
57849.0454051 6279.4 6279.4
57849.0454514 6291.3 6291.3
57849.0454977 6358.1 6358.1
57849.0455671 6361.1 6361.1
57849.0456134 6279.2 6279.2
57849.0456713 6250.8 6250.8
57849.045706 6230.6 6230.6
57849.0457755 6216.8 6216.8
57849.0458218 6209.5 6209.5
57849.0458796 6211.9 6211.9
57849.0459259 6223.6 6223.6
57849.0459954 6189.2 6189.2
57849.0460417 6149.2 6149.2
57849.046088 6155.1 6155.1
57849.0461343 6210.7 6210.7
57849.0462037 6372.6 6372.6
57849.04625 6254.1 6254.1
57849.0462963 6235.9 6235.9
57849.0463426 6140.5 6140.5
57849.046412 6109.5 6109.5
57849.0464583 6161.2 6161.2
57849.0590046 439.7 439.7
57849.0590509 70.4 70.4
57849.0607639 1642.0 1642.0
57849.0608102 12206.8 12206.8
57849.0608565 336175.1 336175.1
57849.0609028 290285.7 290285.7
57849.0609722 230888.4 230888.4
57849.0610185 6745.2 6745.2
57849.0610648 6815.2 6815.2
57849.0611111 6748.3 6748.3
57849.0611921 6418.5 6418.5
57849.0612269 6363.4 6363.4
57849.0612731 6297.9 6297.9
57849.061331 6289.7 6289.7
57849.0614005 6365.4 6365.4
57849.0614468 6290.2 6290.2
57849.0614815 6286.3 6286.3
57849.0615394 6365.0 6365.0
57849.0616088 6409.7 6409.7
57849.0616551 6435.5 6435.5
57849.0617014 6398.5 6398.5
57849.0617477 6416.9 6416.9
57849.0618171 6460.5 6460.5
57849.0618634 6415.6 6415.6
57849.0619097 6413.0 6413.0
57849.061956 6342.3 6342.3
57849.0620255 6382.2 6382.2
57849.0620718 6396.7 6396.7
57849.0621181 6342.3 6342.3
57849.0621644 6320.2 6320.2
57849.0622338 6277.0 6277.0
57849.0622801 6313.4 6313.4
57849.062338 6349.7 6349.7
57849.0623727 6322.9 6322.9
57849.0624421 6323.0 6323.0
57849.0624884 6229.1 6229.1
57849.0625463 6227.4 6227.4
57849.0625926 6252.2 6252.2
57849.062662 6299.1 6299.1
57849.0627083 6261.2 6261.2
57849.0627546 6253.0 6253.0
57849.0628009 6263.6 6263.6
57849.0628704 6256.4 6256.4
57849.0629167 6207.4 6207.4
57849.062963 6277.4 6277.4
57849.0630093 6334.8 6334.8
57849.0630787 6288.2 6288.2
57849.063125 6201.5 6201.5
57849.0631713 6212.9 6212.9
57849.0632176 6259.6 6259.6
57849.063287 6298.3 6298.3
57849.0633333 6208.9 6208.9
57849.0633796 6187.0 6187.0
57849.0634259 6197.0 6197.0
57849.0634954 6187.6 6187.6
57849.0635532 6214.4 6214.4
57849.0635995 6209.0 6209.0
57849.0636343 6238.4 6238.4
57849.0637037 6250.6 6250.6
57849.0637616 6352.3 6352.3
57849.0638079 6300.4 6300.4
57849.0638542 6221.0 6221.0
57849.0639236 6205.1 6205.1
57849.0639699 6350.4 6350.4
57849.0640162 6383.2 6383.2
57849.0640625 6402.4 6402.4
57849.0641319 6293.6 6293.6
57849.0641782 6224.3 6224.3
57849.0642245 6185.6 6185.6
57849.0642708 6177.4 6177.4
57849.0643403 6180.8 6180.8
57849.0643866 6179.4 6179.4
57849.0644329 6243.4 6243.4
57849.0644907 6201.4 6201.4
57849.0645602 6177.9 6177.9
57849.0645949 6212.9 6212.9
57849.0646412 6236.7 6236.7
57849.0646991 6323.4 6323.4
57849.0647685 6348.5 6348.5
57849.0648148 6160.7 6160.7
57849.0648495 6152.5 6152.5
57849.0649074 6197.3 6197.3
57849.0649769 6175.1 6175.1
57849.0650231 6251.7 6251.7
57849.0650694 6269.0 6269.0
57849.0651157 6257.9 6257.9
57849.0651852 6158.4 6158.4
57849.0652315 6314.1 6314.1
57849.0652778 515.4 515.4
57849.0653241 86.6 86.6
57849.0690972 19148.0 19148.0
57849.0691435 79115.7 79115.7
57849.0691898 358264.4 358264.4
57849.0692361 354328.3 354328.3
57849.0693056 163723.4 163723.4
57849.0693519 5811.2 5811.2
57849.0693981 5776.7 5776.7
57849.0694444 5674.6 5674.6
57849.0695255 5539.0 5539.0
57849.0695602 5439.3 5439.3
57849.0696065 5401.1 5401.1
57849.0696644 5394.3 5394.3
57849.0697338 5358.5 5358.5
57849.0697801 5355.2 5355.2
57849.0698148 5400.0 5400.0
57849.0698727 5412.6 5412.6
57849.0699421 5416.4 5416.4
57849.0699884 5405.5 5405.5
57849.0700347 5363.3 5363.3
57849.070081 5365.2 5365.2
57849.0701505 5392.7 5392.7
57849.0701968 5407.3 5407.3
57849.0702431 5436.5 5436.5
57849.0702894 5383.7 5383.7
57849.0703588 5331.7 5331.7
57849.0704051 5339.3 5339.3
57849.0704514 5334.4 5334.4
57849.0704977 5333.8 5333.8
57849.0705671 5348.5 5348.5
57849.0706134 5351.6 5351.6
57849.0706713 5343.9 5343.9
57849.070706 5322.2 5322.2
57849.0707755 5317.7 5317.7
57849.0708218 5328.1 5328.1
57849.0708796 5396.7 5396.7
57849.0709259 5422.4 5422.4
57849.0709954 5461.0 5461.0
57849.0710417 5361.3 5361.3
57849.071088 5384.9 5384.9
57849.0711343 5409.2 5409.2
57849.0712037 5361.4 5361.4
57849.07125 5444.1 5444.1
57849.0712963 5461.0 5461.0
57849.0713426 5441.4 5441.4
57849.071412 5384.7 5384.7
57849.0714583 5324.6 5324.6
57849.1088426 148569.6 148569.6
57849.1088889 156560.2 156560.2
57849.1089352 174782.5 174782.5
57849.1089815 164320.8 164320.8
57849.1090509 117108.3 117108.3
57849.1091088 5174.1 5174.1
57849.1091435 5134.4 5134.4
57849.1091898 5048.1 5048.1
57849.1092593 4954.7 4954.7
57849.1093171 4856.8 4856.8
57849.1093634 4809.9 4809.9
57849.1093981 4819.0 4819.0
57849.1094792 4800.8 4800.8
57849.1095255 4780.7 4780.7
57849.1095718 4783.9 4783.9
57849.1096181 4781.7 4781.7
57849.1096875 4782.6 4782.6
57849.1097338 4793.1 4793.1
57849.1097801 4814.7 4814.7
57849.1098264 4830.7 4830.7
57849.1098958 4835.2 4835.2
57849.1099421 4828.5 4828.5
57849.1099884 4830.9 4830.9
57849.1100347 4797.3 4797.3
57849.1101157 4791.7 4791.7
57849.1101505 4794.1 4794.1
57849.1101968 4796.6 4796.6
57849.1102546 4808.4 4808.4
57849.1103241 4803.3 4803.3
57849.1103704 4794.3 4794.3
57849.1228935 74.0 74.0
57849.1229398 9.6 9.6
57849.1246528 76.8 76.8
57849.1246991 643.6 643.6
57849.1247454 198957.7 198957.7
57849.1247917 178154.1 178154.1
57849.1248611 172478.7 172478.7
57849.1249074 5399.2 5399.2
57849.1249537 5368.0 5368.0
57849.125 5331.2 5331.2
57849.125081 5336.2 5336.2
57849.1251157 5246.7 5246.7
57849.125162 5232.7 5232.7
57849.1252199 5229.9 5229.9
57849.1252894 5245.7 5245.7
57849.1253356 5164.8 5164.8
57849.1253704 5182.1 5182.1
57849.1254282 5204.8 5204.8
57849.1254977 5196.5 5196.5
57849.125544 5195.9 5195.9
57849.1255903 5188.2 5188.2
57849.1256366 5206.4 5206.4
57849.125706 5174.0 5174.0
57849.1257523 5153.4 5153.4
57849.1257986 5160.8 5160.8
57849.1258449 5156.5 5156.5
57849.1259144 5174.0 5174.0
57849.1259606 5169.5 5169.5
57849.1260069 5168.3 5168.3
57849.1260532 5175.4 5175.4
57849.1261227 5182.9 5182.9
57849.126169 5194.4 5194.4
57849.1262269 5185.9 5185.9
57849.1262616 5197.1 5197.1
57849.126331 5185.5 5185.5
57849.1263773 5175.0 5175.0
57849.1264352 5184.6 5184.6
57849.1264815 5189.2 5189.2
57849.1265509 5178.3 5178.3
57849.1265972 5501.1 5501.1
57849.1266435 5145.6 5145.6
57849.1266898 5148.4 5148.4
57849.1267593 5177.7 5177.7
57849.1268056 5158.5 5158.5
57849.1268519 5149.3 5149.3
57849.1268981 5450.7 5450.7
57849.1269676 5713.5 5713.5
57849.1270139 5167.5 5167.5
57849.1270602 5430.8 5430.8
57849.1271065 5242.3 5242.3
57849.1271759 5300.0 5300.0
57849.1272222 5283.2 5283.2
57849.1272685 5695.2 5695.2
57849.1273148 5339.4 5339.4
57849.1273843 5231.9 5231.9
57849.1274421 5202.5 5202.5
57849.1274884 5206.2 5206.2
57849.1275231 5204.3 5204.3
57849.1275926 5174.1 5174.1
57849.1276505 5145.4 5145.4
57849.1276968 5155.3 5155.3
57849.1277431 5147.1 5147.1
57849.1278125 5140.1 5140.1
57849.1278588 5125.3 5125.3
57849.1279051 5129.8 5129.8
57849.1279514 5138.3 5138.3
57849.1280208 5135.4 5135.4
57849.1280671 5125.5 5125.5
57849.1281134 5124.8 5124.8
57849.1281597 5143.3 5143.3
57849.1282292 5138.9 5138.9
57849.1282755 5126.0 5126.0
57849.1283218 5123.9 5123.9
57849.1283796 5125.5 5125.5
57849.1284491 5116.5 5116.5
57849.1284838 5124.2 5124.2
57849.1285301 5115.5 5115.5
57849.128588 5109.8 5109.8
57849.1286574 5111.6 5111.6
57849.1287037 5117.6 5117.6
57849.1287384 5116.5 5116.5
57849.1287963 5129.6 5129.6
57849.1288657 5125.1 5125.1
57849.128912 5105.1 5105.1
57849.1289583 5108.2 5108.2
57849.1290046 5115.7 5115.7
57849.1290741 5107.6 5107.6
57849.1291204 5119.7 5119.7
57849.1291667 46.9 46.9
57849.129213 5.9 5.9
57849.1329861 324.9 324.9
57849.1330324 2508.4 2508.4
57849.1330787 145524.3 145524.3
57849.133125 154213.7 154213.7
57849.1331944 123383.7 123383.7
57849.1332407 4954.4 4954.4
57849.133287 4905.0 4905.0
57849.1333333 4840.9 4840.9
57849.1334144 4754.8 4754.8
57849.1334491 4692.2 4692.2
57849.1334954 4663.1 4663.1
57849.1335532 4663.7 4663.7
57849.1336227 4659.2 4659.2
57849.133669 4663.7 4663.7
57849.1337037 4657.2 4657.2
57849.1337616 4667.9 4667.9
57849.133831 4668.5 4668.5
57849.1338773 4673.9 4673.9
57849.1339236 4667.4 4667.4
57849.1339699 4665.9 4665.9
57849.1340394 4674.5 4674.5
57849.1340856 4669.7 4669.7
57849.1341319 4663.9 4663.9
57849.1341782 4663.7 4663.7
57849.1342477 4671.9 4671.9
57849.134294 4671.1 4671.1
57849.1343403 4667.3 4667.3
57849.1343866 4665.2 4665.2
57849.134456 4663.3 4663.3
57849.1345023 4665.0 4665.0
57849.1345602 4666.1 4666.1
57849.1345949 4674.3 4674.3
57849.1346644 4668.0 4668.0
57849.1347106 4669.5 4669.5
57849.1347685 4675.3 4675.3
57849.1348148 4679.4 4679.4
57849.1348843 4672.3 4672.3
57849.1349306 4678.6 4678.6
57849.1349769 4677.8 4677.8
57849.1350231 4921.2 4921.2
57849.1350926 4662.0 4662.0
57849.1351389 4671.7 4671.7
57849.1351852 4679.0 4679.0
57849.1352315 4683.4 4683.4
57849.1353009 4684.7 4684.7
57849.1353472 4666.6 4666.6
57849.1492824 5879.3 5879.3
57849.1493287 5854.0 5854.0
57849.1510417 414564.5 414564.5
57849.151088 445762.8 445762.8
57849.1511343 509331.1 509331.1
57849.1511806 441608.6 441608.6
57849.15125 487429.1 487429.1
57849.1512963 5164.1 5164.1
57849.1513426 5128.3 5128.3
57849.1513889 5111.5 5111.5
57849.1514699 5082.5 5082.5
57849.1515046 5025.5 5025.5
57849.1515509 5016.6 5016.6
57849.1516088 5025.8 5025.8
57849.1516782 5024.3 5024.3
57849.1517245 5024.1 5024.1
57849.1517593 5029.8 5029.8
57849.1518171 5032.5 5032.5
57849.1518866 5034.2 5034.2
57849.1519329 5021.5 5021.5
57849.1519792 5030.0 5030.0
57849.1520255 5032.1 5032.1
57849.1520949 5017.2 5017.2
57849.1521412 5021.5 5021.5
57849.1521875 5027.7 5027.7
57849.1522338 5006.5 5006.5
57849.1523032 5023.0 5023.0
57849.1523495 5005.6 5005.6
57849.1523958 5011.7 5011.7
57849.1524421 5011.0 5011.0
57849.1525116 5007.1 5007.1
57849.1525579 5030.2 5030.2
57849.1526157 5033.8 5033.8
57849.1526505 5019.4 5019.4
57849.1527199 5008.7 5008.7
57849.1527662 5018.0 5018.0
57849.1528241 5010.6 5010.6
57849.1528704 5011.4 5011.4
57849.1529398 5017.8 5017.8
57849.1529861 5021.3 5021.3
57849.1530324 5034.0 5034.0
57849.1530787 5044.1 5044.1
57849.1531481 5023.4 5023.4
57849.1531944 5019.5 5019.5
57849.1532407 5022.9 5022.9
57849.153287 5016.5 5016.5
57849.1533565 5015.5 5015.5
57849.1534028 5013.4 5013.4
57849.1534491 5020.1 5020.1
57849.1534954 5008.4 5008.4
57849.1535648 5014.7 5014.7
57849.1536111 5004.9 5004.9
57849.1536574 5014.8 5014.8
57849.1537037 5028.8 5028.8
57849.1537731 5028.2 5028.2
57849.153831 5012.5 5012.5
57849.1538773 5023.9 5023.9
57849.153912 5019.2 5019.2
57849.1539815 5008.5 5008.5
57849.1540394 5012.5 5012.5
57849.1540856 5018.4 5018.4
57849.1541319 5021.0 5021.0
57849.1542014 5011.3 5011.3
57849.1542477 5011.0 5011.0
57849.154294 5017.1 5017.1
57849.1543403 5017.7 5017.7
57849.1544097 5015.6 5015.6
57849.154456 5010.8 5010.8
57849.1545023 5029.4 5029.4
57849.1545486 5025.0 5025.0
57849.1546181 5005.5 5005.5
57849.1546644 5009.6 5009.6
57849.1547106 5012.6 5012.6
57849.1547685 5004.6 5004.6
57849.154838 5013.2 5013.2
57849.1548727 5017.4 5017.4
57849.154919 5024.1 5024.1
57849.1549769 5021.3 5021.3
57849.1550463 5018.7 5018.7
57849.1550926 5022.2 5022.2
57849.1551273 5015.5 5015.5
57849.1551852 5003.0 5003.0
57849.1552546 5008.2 5008.2
57849.1553009 5009.1 5009.1
57849.1553472 5013.3 5013.3
57849.1553935 5010.1 5010.1
57849.155463 5034.8 5034.8
57849.1555093 5032.4 5032.4
57849.1555556 15.8 15.8
57849.1556019 1.9 1.9
57849.159375 74.2 74.2
57849.1594213 649.9 649.9
57849.1594676 530408.9 530408.9
57849.1595139 495047.7 495047.7
57849.1595833 512635.9 512635.9
57849.1596296 4746.1 4746.1
57849.1596759 4710.8 4710.8
57849.1597222 4715.8 4715.8
57849.1598032 4789.9 4789.9
57849.159838 4677.0 4677.0
57849.1598843 4648.0 4648.0
57849.1599421 4613.2 4613.2
57849.1600116 4608.8 4608.8
57849.1600579 4679.8 4679.8
57849.1600926 4661.1 4661.1
57849.1601505 4637.5 4637.5
57849.1602199 4620.4 4620.4
57849.1602662 4609.8 4609.8
57849.1603125 4632.3 4632.3
57849.1603588 4657.3 4657.3
57849.1604282 4619.9 4619.9
57849.1604745 4597.5 4597.5
57849.1605208 4599.6 4599.6
57849.1605671 4603.5 4603.5
57849.1606366 4605.7 4605.7
57849.1606829 4603.5 4603.5
57849.1607292 4605.9 4605.9
57849.1607755 4609.1 4609.1
57849.1608449 4598.5 4598.5
57849.1608912 4606.4 4606.4
57849.1609491 4604.0 4604.0
57849.1609838 4600.4 4600.4
57849.1610532 4613.3 4613.3
57849.1610995 4611.9 4611.9
57849.1611574 4601.1 4601.1
57849.1612037 4598.2 4598.2
57849.1612731 4613.7 4613.7
57849.1613194 4606.5 4606.5
57849.1613657 4600.6 4600.6
57849.161412 4603.7 4603.7
57849.1614815 4609.3 4609.3
57849.1615278 4827.5 4827.5
57849.1615741 4618.2 4618.2
57849.1616204 4622.4 4622.4
57849.1616898 4598.9 4598.9
57849.1617361 4610.5 4610.5
57849.1742824 115.7 115.7
57849.1743287 15.7 15.7
57849.1760417 239.1 239.1
57849.176088 2083.7 2083.7
57849.1761343 451454.4 451454.4
57849.1761806 422371.5 422371.5
57849.17625 448585.1 448585.1
57849.1762963 5118.3 5118.3
57849.1763426 5082.1 5082.1
57849.1763889 5048.3 5048.3
57849.1764699 5010.7 5010.7
57849.1765046 5005.3 5005.3
57849.1765509 4977.1 4977.1
57849.1766088 4965.9 4965.9
57849.1766782 4964.7 4964.7
57849.1767245 4967.6 4967.6
57849.1767593 4975.4 4975.4
57849.1768171 4971.5 4971.5
57849.1768866 4965.8 4965.8
57849.1769329 4974.7 4974.7
57849.1769792 4972.7 4972.7
57849.1770255 4971.9 4971.9
57849.1770949 4974.2 4974.2
57849.1771412 4968.9 4968.9
57849.1771875 4967.9 4967.9
57849.1772338 4975.5 4975.5
57849.1773032 4979.7 4979.7
57849.1773495 4966.2 4966.2
57849.1773958 4970.5 4970.5
57849.1774421 4984.2 4984.2
57849.1775116 4980.2 4980.2
57849.1775579 4963.3 4963.3
57849.1776157 4972.9 4972.9
57849.1776505 4969.5 4969.5
57849.1777199 4971.4 4971.4
57849.1777662 4962.0 4962.0
57849.1778241 4963.9 4963.9
57849.1778704 4962.5 4962.5
57849.1779398 4960.1 4960.1
57849.1779861 4964.2 4964.2
57849.1780324 4967.7 4967.7
57849.1780787 4974.3 4974.3
57849.1781481 4978.5 4978.5
57849.1781944 4974.8 4974.8
57849.1782407 4979.8 4979.8
57849.178287 4995.2 4995.2
57849.1783565 4976.7 4976.7
57849.1784028 4969.1 4969.1
57849.1784491 4975.8 4975.8
57849.1784954 4977.8 4977.8
57849.1785648 4967.2 4967.2
57849.1786111 4973.7 4973.7
57849.1786574 4971.6 4971.6
57849.1787037 4968.7 4968.7
57849.1787731 4965.5 4965.5
57849.178831 4968.3 4968.3
57849.1788773 4969.3 4969.3
57849.178912 4972.1 4972.1
57849.1789815 4986.9 4986.9
57849.1790394 4969.0 4969.0
57849.1790856 4960.7 4960.7
57849.1791319 4964.7 4964.7
57849.1792014 4960.9 4960.9
57849.1792477 4963.5 4963.5
57849.179294 4958.1 4958.1
57849.1793403 4959.6 4959.6
57849.1794097 4957.4 4957.4
57849.179456 4968.1 4968.1
57849.1795023 4967.2 4967.2
57849.1795486 4968.0 4968.0
57849.1796181 4962.4 4962.4
57849.1796644 4970.9 4970.9
57849.1797106 4971.3 4971.3
57849.1797685 4971.6 4971.6
57849.179838 4969.9 4969.9
57849.1798727 4967.6 4967.6
57849.179919 4962.7 4962.7
57849.1799769 4962.5 4962.5
57849.1800463 4958.3 4958.3
57849.1800926 4961.1 4961.1
57849.1801273 4960.9 4960.9
57849.1801852 4953.6 4953.6
57849.1802546 4964.8 4964.8
57849.1803009 4968.2 4968.2
57849.1803472 4967.7 4967.7
57849.1803935 4960.6 4960.6
57849.180463 4955.9 4955.9
57849.1805093 4979.5 4979.5
57849.1805556 50.7 50.7
57849.1806019 6.5 6.5
57849.184375 392.9 392.9
57849.1844213 3470.7 3470.7
57849.1844676 473021.5 473021.5
57849.1845139 416115.5 416115.5
57849.1845833 304708.7 304708.7
57849.1846296 4821.0 4821.0
57849.1846759 4787.7 4787.7
57849.1847222 4730.3 4730.3
57849.1848032 4646.5 4646.5
57849.184838 4589.5 4589.5
57849.1848843 4561.5 4561.5
57849.1849421 4560.5 4560.5
57849.1850116 4552.2 4552.2
57849.1850579 4563.3 4563.3
57849.1850926 4557.3 4557.3
57849.1851505 4556.3 4556.3
57849.1852199 4554.4 4554.4
57849.1852662 4562.4 4562.4
57849.1853125 4563.3 4563.3
57849.1853588 4563.3 4563.3
57849.1854282 4554.3 4554.3
57849.1854745 4559.7 4559.7
57849.1855208 4566.1 4566.1
57849.1855671 4571.0 4571.0
57849.1856366 4561.8 4561.8
57849.1856829 4580.8 4580.8
57849.1857292 4587.4 4587.4
57849.1857755 4585.0 4585.0
57849.1858449 4565.3 4565.3
57849.1858912 4565.8 4565.8
57849.1859491 4571.5 4571.5
57849.1859838 4568.6 4568.6
57849.1860532 4560.0 4560.0
57849.1860995 4559.4 4559.4
57849.1861574 4566.6 4566.6
57849.1862037 4560.2 4560.2
57849.1862731 4566.8 4566.8
57849.1863194 4571.6 4571.6
57849.1863657 4570.1 4570.1
57849.186412 4564.1 4564.1
57849.1864815 4568.2 4568.2
57849.1865278 4562.3 4562.3
57849.1865741 4560.8 4560.8
57849.1866204 4563.0 4563.0
57849.1866898 4553.5 4553.5
57849.1867361 4560.1 4560.1
57849.2006713 5740.2 5740.2
57849.2007176 5728.4 5728.4
57849.2024306 2207517.6 2207517.6
57849.2024769 1873086.5 1873086.5
57849.2025231 3525344.5 3525344.5
57849.2025694 2633692.4 2633692.4
57849.2026389 2558434.7 2558434.7
57849.2026852 5203.4 5203.4
57849.2027315 5167.9 5167.9
57849.2027894 5126.6 5126.6
57849.2028588 5052.4 5052.4
57849.2029051 5010.5 5010.5
57849.2029398 5007.2 5007.2
57849.2029977 5024.4 5024.4
57849.2030671 5005.9 5005.9
57849.2031134 4988.8 4988.8
57849.2031597 4988.4 4988.4
57849.203206 4983.8 4983.8
57849.2032755 4988.8 4988.8
57849.2033218 4980.5 4980.5
57849.2033681 4989.1 4989.1
57849.2034144 4992.2 4992.2
57849.2034838 4988.4 4988.4
57849.2035301 4986.8 4986.8
57849.2035764 4987.5 4987.5
57849.2036227 4986.6 4986.6
57849.2036921 4993.1 4993.1
57849.2037384 4998.6 4998.6
57849.2037963 4994.5 4994.5
57849.203831 4986.9 4986.9
57849.2039005 4978.5 4978.5
57849.2039468 4972.5 4972.5
57849.2040046 4980.9 4980.9
57849.2040509 4994.8 4994.8
57849.2041204 5004.2 5004.2
57849.2041551 4981.4 4981.4
57849.204213 4974.6 4974.6
57849.2042593 4988.7 4988.7
57849.2043287 4992.8 4992.8
57849.204375 4995.0 4995.0
57849.2044213 4999.1 4999.1
57849.2044676 5007.6 5007.6
57849.204537 4988.4 4988.4
57849.2045833 5002.8 5002.8
57849.2046296 4994.8 4994.8
57849.2046759 4986.2 4986.2
57849.2047454 4985.7 4985.7
57849.2047917 4984.3 4984.3
57849.204838 5270.5 5270.5
57849.2048843 5299.7 5299.7
57849.2049537 5012.8 5012.8
57849.2050116 4997.2 4997.2
57849.2050463 5012.7 5012.7
57849.2050926 5016.3 5016.3
57849.205162 5400.9 5400.9
57849.2052199 5015.9 5015.9
57849.2052662 5310.2 5310.2
57849.2053009 5017.4 5017.4
57849.2053819 5040.3 5040.3
57849.2054282 5060.7 5060.7
57849.2054745 5139.8 5139.8
57849.2055208 5179.6 5179.6
57849.2055903 5027.3 5027.3
57849.2056366 5323.1 5323.1
57849.2056829 5009.0 5009.0
57849.2057292 5001.2 5001.2
57849.2057986 4992.8 4992.8
57849.2058449 4991.2 4991.2
57849.2058912 4985.5 4985.5
57849.2059375 4990.7 4990.7
57849.2060185 5002.1 5002.1
57849.2060532 4993.1 4993.1
57849.2060995 4989.8 4989.8
57849.2061574 5280.1 5280.1
57849.2062269 5023.3 5023.3
57849.2062731 5007.1 5007.1
57849.2063079 5009.2 5009.2
57849.2063657 5013.0 5013.0
57849.2064352 5022.4 5022.4
57849.2064815 4999.9 4999.9
57849.2065278 4989.9 4989.9
57849.2065741 4995.4 4995.4
57849.2066435 5006.6 5006.6
57849.2066898 5000.1 5000.1
57849.2067361 5017.2 5017.2
57849.2067824 5024.5 5024.5
57849.2068519 5027.8 5027.8
57849.2068981 4996.2 4996.2
57849.2069444 4992.2 4992.2
57849.2069907 4986.1 4986.1
57849.209375 1240251.5 1240251.5
57849.2094213 1446721.0 1446721.0
57849.2094676 1352820.9 1352820.9
57849.2095139 1344592.6 1344592.6
57849.2095833 1371577.0 1371577.0
57849.2096296 4769.3 4769.3
57849.2096759 4738.7 4738.7
57849.2097338 4690.3 4690.3
57849.2098032 4619.1 4619.1
57849.2098495 4604.7 4604.7
57849.2098843 4577.8 4577.8
57849.2099421 4573.0 4573.0
57849.2100116 4569.7 4569.7
57849.2100579 4575.4 4575.4
57849.2101042 4591.8 4591.8
57849.2101505 4594.1 4594.1
57849.2102199 4579.7 4579.7
57849.2102662 4570.3 4570.3
57849.2103125 4584.0 4584.0
57849.2103588 4579.5 4579.5
57849.2104282 4570.5 4570.5
57849.2104745 4567.8 4567.8
57849.2105208 4567.4 4567.4
57849.2105671 4569.4 4569.4
57849.2106366 4570.4 4570.4
57849.2106829 4577.6 4577.6
57849.2107407 4582.7 4582.7
57849.2107755 4571.6 4571.6
57849.2108449 4563.9 4563.9
57849.2108912 4570.0 4570.0
57849.2109491 4579.9 4579.9
57849.2109954 4575.0 4575.0
57849.2110648 4571.9 4571.9
57849.2110995 4566.7 4566.7
57849.2111574 4566.1 4566.1
57849.2112037 4568.6 4568.6
57849.2112731 4576.4 4576.4
57849.2113194 4579.0 4579.0
57849.2113657 4586.0 4586.0
57849.211412 4589.0 4589.0
57849.2114815 4587.1 4587.1
57849.2115278 4572.7 4572.7
57849.2115741 4576.2 4576.2
57849.2116204 4576.6 4576.6
57849.2116898 4588.5 4588.5
57849.2117361 4575.4 4575.4
57849.2228935 5783.8 5783.8
57849.2229398 5782.4 5782.4
57849.2246528 1663862.4 1663862.4
57849.2246991 2372657.4 2372657.4
57849.2247454 3554836.9 3554836.9
57849.2247917 4975646.8 4975646.8
57849.2248611 3080796.6 3080796.6
57849.2249074 5292.1 5292.1
57849.2249537 5247.3 5247.3
57849.2250116 5195.0 5195.0
57849.225081 5118.8 5118.8
57849.2251273 5108.2 5108.2
57849.225162 5091.4 5091.4
57849.2252199 5088.2 5088.2
57849.2252894 5056.9 5056.9
57849.2253356 5055.2 5055.2
57849.2253819 5062.8 5062.8
57849.2254282 5060.7 5060.7
57849.2254977 5059.8 5059.8
57849.225544 5066.0 5066.0
57849.2255903 5085.5 5085.5
57849.2256366 5068.5 5068.5
57849.225706 5053.5 5053.5
57849.2257523 5077.6 5077.6
57849.2257986 5080.1 5080.1
57849.2258449 5054.2 5054.2
57849.2259144 5070.0 5070.0
57849.2259606 5060.1 5060.1
57849.2260185 5067.9 5067.9
57849.2260532 5337.9 5337.9
57849.2261227 5069.2 5069.2
57849.226169 5066.5 5066.5
57849.2262269 5333.8 5333.8
57849.2262731 5067.9 5067.9
57849.2263426 5065.7 5065.7
57849.2263773 5067.7 5067.7
57849.2264352 5339.1 5339.1
57849.2264815 5073.4 5073.4
57849.2265509 5087.8 5087.8
57849.2265972 5068.3 5068.3
57849.2266435 5069.0 5069.0
57849.2266898 5062.1 5062.1
57849.2267593 5075.1 5075.1
57849.2268056 5068.2 5068.2
57849.2268519 5351.2 5351.2
57849.2268981 5077.8 5077.8
57849.2269676 5075.1 5075.1
57849.2270139 5296.8 5296.8
57849.2270602 5072.4 5072.4
57849.2271065 5083.8 5083.8
57849.2271759 5069.5 5069.5
57849.2272338 5086.0 5086.0
57849.2272685 5075.3 5075.3
57849.2273148 5083.4 5083.4
57849.2273843 5077.6 5077.6
57849.2274421 5067.8 5067.8
57849.2274884 5069.8 5069.8
57849.2275231 5295.2 5295.2
57849.2276042 5079.7 5079.7
57849.2276505 5074.3 5074.3
57849.2276968 5072.9 5072.9
57849.2277431 5077.2 5077.2
57849.2278125 5074.2 5074.2
57849.2278588 5066.6 5066.6
57849.2279051 5070.7 5070.7
57849.2279514 5065.0 5065.0
57849.2280208 5073.9 5073.9
57849.2280671 5073.4 5073.4
57849.2281134 5073.8 5073.8
57849.2281597 5075.8 5075.8
57849.2282407 5071.6 5071.6
57849.2282755 5077.2 5077.2
57849.2283218 5078.3 5078.3
57849.2283796 5082.9 5082.9
57849.2284491 5080.5 5080.5
57849.2284954 5071.5 5071.5
57849.2285301 5069.2 5069.2
57849.228588 5072.5 5072.5
57849.2286574 5075.6 5075.6
57849.2287037 5076.4 5076.4
57849.22875 5359.0 5359.0
57849.2287963 5305.4 5305.4
57849.2288657 5086.6 5086.6
57849.228912 5087.6 5087.6
57849.2289583 5079.7 5079.7
57849.2290046 5617.0 5617.0
57849.2290741 5097.9 5097.9
57849.2291204 5090.3 5090.3
57849.2291667 5074.4 5074.4
57849.229213 5060.5 5060.5
57849.2315972 1869495.0 1869495.0
57849.2316435 1836285.2 1836285.2
57849.2316898 2471765.3 2471765.3
57849.2317361 1600542.9 1600542.9
57849.2318056 1673241.3 1673241.3
57849.2318519 4741.3 4741.3
57849.2318981 4714.4 4714.4
57849.231956 4680.9 4680.9
57849.2320255 4647.1 4647.1
57849.2320718 4618.3 4618.3
57849.2321065 4608.6 4608.6
57849.2321644 4608.3 4608.3
57849.2322338 4621.1 4621.1
57849.2322801 4613.6 4613.6
57849.2323264 4605.1 4605.1
57849.2323727 4601.8 4601.8
57849.2324421 4599.2 4599.2
57849.2324884 4600.9 4600.9
57849.2325347 4604.9 4604.9
57849.232581 4618.2 4618.2
57849.2326505 4630.7 4630.7
57849.2326968 4619.9 4619.9
57849.2327431 4615.7 4615.7
57849.2327894 4619.4 4619.4
57849.2328588 4611.3 4611.3
57849.2329051 4599.8 4599.8
57849.232963 4603.2 4603.2
57849.2329977 4601.6 4601.6
57849.2330671 4601.6 4601.6
57849.2331134 4597.7 4597.7
57849.2331713 4600.9 4600.9
57849.2332176 4617.5 4617.5
57849.233287 4623.4 4623.4
57849.2333218 4600.6 4600.6
57849.2333796 4810.3 4810.3
57849.2334259 4618.6 4618.6
57849.2334954 4618.4 4618.4
57849.2335417 4863.3 4863.3
57849.233588 4596.2 4596.2
57849.2336343 4594.4 4594.4
57849.2337037 4596.4 4596.4
57849.23375 4597.5 4597.5
57849.2337963 4601.2 4601.2
57849.2338426 4601.6 4601.6
57849.233912 5109.2 5109.2
57849.2339583 4599.9 4599.9
57849.2478935 5882.1 5882.1
57849.2479398 5889.2 5889.2
57849.2496528 275282.6 275282.6
57849.2496991 276568.8 276568.8
57849.2497454 251621.1 251621.1
57849.2497917 240889.1 240889.1
57849.2498611 197722.1 197722.1
57849.2499074 5484.1 5484.1
57849.2499537 5442.6 5442.6
57849.2500116 5367.1 5367.1
57849.250081 5262.2 5262.2
57849.2501273 5222.0 5222.0
57849.250162 5199.8 5199.8
57849.2502199 5217.6 5217.6
57849.2502894 5216.8 5216.8
57849.2503356 5168.4 5168.4
57849.2503819 5195.1 5195.1
57849.2504282 5210.7 5210.7
57849.2504977 5197.6 5197.6
57849.250544 5175.5 5175.5
57849.2505903 5173.8 5173.8
57849.2506366 5189.9 5189.9
57849.250706 5191.4 5191.4
57849.2507523 5203.2 5203.2
57849.2507986 5221.4 5221.4
57849.2508449 5230.9 5230.9
57849.2509144 5641.8 5641.8
57849.2509606 5455.4 5455.4
57849.2510185 5976.0 5976.0
57849.2510532 5511.7 5511.7
57849.2511227 5472.2 5472.2
57849.251169 5383.5 5383.5
57849.2512269 5202.3 5202.3
57849.2512731 5203.7 5203.7
57849.2513426 5229.6 5229.6
57849.2513773 5219.4 5219.4
57849.2514352 5252.6 5252.6
57849.2514815 5252.4 5252.4
57849.2515509 5436.6 5436.6
57849.2515972 5555.4 5555.4
57849.2516435 5220.2 5220.2
57849.2516898 5202.9 5202.9
57849.2517593 5196.2 5196.2
57849.2518056 5193.9 5193.9
57849.2518519 5196.0 5196.0
57849.2518981 5210.3 5210.3
57849.2519676 5195.5 5195.5
57849.2520139 5189.2 5189.2
57849.2520602 5195.5 5195.5
57849.2521065 5187.2 5187.2
57849.2521759 5191.3 5191.3
57849.2522338 5194.4 5194.4
57849.2522685 5208.1 5208.1
57849.2523148 5210.9 5210.9
57849.2523843 5204.1 5204.1
57849.2524421 5232.2 5232.2
57849.2524884 5217.2 5217.2
57849.2525231 5201.2 5201.2
57849.2526042 5192.4 5192.4
57849.2526505 5863.9 5863.9
57849.2526968 5214.1 5214.1
57849.2527431 5216.6 5216.6
57849.2528125 5223.0 5223.0
57849.2528588 5208.5 5208.5
57849.2529051 5202.5 5202.5
57849.2529514 5470.3 5470.3
57849.2530208 5224.4 5224.4
57849.2530671 5488.4 5488.4
57849.2531134 5456.6 5456.6
57849.2531597 5232.3 5232.3
57849.2532407 5217.4 5217.4
57849.2532755 5220.0 5220.0
57849.2533218 5556.0 5556.0
57849.2533796 5257.4 5257.4
57849.2534491 5237.7 5237.7
57849.2534954 5252.6 5252.6
57849.2535301 5511.2 5511.2
57849.253588 5505.8 5505.8
57849.2536574 5492.4 5492.4
57849.2537037 5490.2 5490.2
57849.25375 5218.8 5218.8
57849.2537963 5819.8 5819.8
57849.2538657 5211.3 5211.3
57849.253912 5204.5 5204.5
57849.2539583 5477.2 5477.2
57849.2540046 5220.5 5220.5
57849.2540741 5215.8 5215.8
57849.2541204 5212.3 5212.3
57849.2541667 5214.9 5214.9
57849.254213 5203.2 5203.2
57849.2565972 241502.0 241502.0
57849.2566435 240655.1 240655.1
57849.2566898 237785.9 237785.9
57849.2567361 233795.0 233795.0
57849.2568056 201195.5 201195.5
57849.2568519 4806.3 4806.3
57849.2568981 4774.8 4774.8
57849.256956 4738.1 4738.1
57849.2570255 4689.0 4689.0
57849.2570718 4676.6 4676.6
57849.2571065 4677.8 4677.8
57849.2571644 4678.1 4678.1
57849.2572338 4687.4 4687.4
57849.2572801 4638.4 4638.4
57849.2573264 4643.7 4643.7
57849.2573727 4635.7 4635.7
57849.2574421 4893.6 4893.6
57849.2574884 4633.4 4633.4
57849.2575347 4639.0 4639.0
57849.257581 4643.2 4643.2
57849.2576505 4907.7 4907.7
57849.2576968 5168.4 5168.4
57849.2577431 4912.5 4912.5
57849.2577894 4922.7 4922.7
57849.2578588 5120.4 5120.4
57849.2579051 4669.8 4669.8
57849.257963 4676.1 4676.1
57849.2579977 5187.3 5187.3
57849.2580671 4670.7 4670.7
57849.2581134 4685.4 4685.4
57849.2581713 4701.7 4701.7
57849.2582176 4700.8 4700.8
57849.258287 4678.7 4678.7
57849.2583218 4647.4 4647.4
57849.2583796 4655.0 4655.0
57849.2584259 4666.6 4666.6
57849.2584954 4688.1 4688.1
57849.2585417 4679.0 4679.0
57849.258588 4718.7 4718.7
57849.2586343 4749.2 4749.2
57849.2587037 4723.2 4723.2
57849.25875 4645.3 4645.3
57849.2587963 4640.6 4640.6
57849.2588426 4638.3 4638.3
57849.258912 4640.8 4640.8
57849.2589583 4642.0 4642.0
57849.2701157 6005.0 6005.0
57849.270162 5998.7 5998.7
57849.271875 240954.3 240954.3
57849.2719213 232300.9 232300.9
57849.2719676 242993.2 242993.2
57849.2720139 248218.4 248218.4
57849.2720833 215319.4 215319.4
57849.2721296 5789.7 5789.7
57849.2721759 6170.1 6170.1
57849.2722338 5523.1 5523.1
57849.2723032 6259.3 6259.3
57849.2723495 5597.4 5597.4
57849.2723843 5422.6 5422.6
57849.2724421 5757.7 5757.7
57849.2725116 5596.4 5596.4
57849.2725579 5423.5 5423.5
57849.2726042 5442.6 5442.6
57849.2726505 5454.7 5454.7
57849.2727199 5440.3 5440.3
57849.2727662 5430.6 5430.6
57849.2728125 5458.9 5458.9
57849.2728588 5453.5 5453.5
57849.2729282 5404.8 5404.8
57849.2729745 5401.6 5401.6
57849.2730208 5405.5 5405.5
57849.2730671 5416.9 5416.9
57849.2731366 5420.9 5420.9
57849.2731829 5407.3 5407.3
57849.2732407 5404.1 5404.1
57849.2732755 5408.7 5408.7
57849.2733449 5401.0 5401.0
57849.2733912 5416.2 5416.2
57849.2734491 5563.6 5563.6
57849.2734954 5422.0 5422.0
57849.2735648 5424.8 5424.8
57849.2735995 5655.2 5655.2
57849.2736574 5534.6 5534.6
57849.2737037 5424.6 5424.6
57849.2737731 5426.3 5426.3
57849.2738194 5579.3 5579.3
57849.2738657 5574.6 5574.6
57849.273912 5423.7 5423.7
57849.2739815 5440.5 5440.5
57849.2740278 5645.8 5645.8
57849.2740741 5454.9 5454.9
57849.2741204 5689.2 5689.2
57849.2741898 5509.0 5509.0
57849.2742361 5459.8 5459.8
57849.2742824 5598.9 5598.9
57849.2743287 5444.6 5444.6
57849.2743981 5426.3 5426.3
57849.274456 5578.7 5578.7
57849.2744907 5431.8 5431.8
57849.274537 5434.9 5434.9
57849.2746065 5427.9 5427.9
57849.2746644 5416.0 5416.0
57849.2747106 5414.4 5414.4
57849.2747454 5756.0 5756.0
57849.2748264 5444.7 5444.7
57849.2748727 5590.3 5590.3
57849.274919 5475.6 5475.6
57849.2749653 5699.7 5699.7
57849.2750347 5550.1 5550.1
57849.275081 5457.4 5457.4
57849.2751273 5469.1 5469.1
57849.2751736 5464.3 5464.3
57849.2752431 5453.0 5453.0
57849.2752894 5452.8 5452.8
57849.2753356 5456.9 5456.9
57849.2753819 5446.8 5446.8
57849.275463 5526.1 5526.1
57849.2754977 5548.4 5548.4
57849.275544 5553.3 5553.3
57849.2756019 5466.0 5466.0
57849.2756713 5536.3 5536.3
57849.2757176 5516.1 5516.1
57849.2757523 5451.4 5451.4
57849.2758102 5483.4 5483.4
57849.2758796 5501.9 5501.9
57849.2759259 5497.6 5497.6
57849.2759722 5512.0 5512.0
57849.2760185 5523.8 5523.8
57849.276088 5562.2 5562.2
57849.2761343 5535.8 5535.8
57849.2761806 5460.0 5460.0
57849.2762269 5472.9 5472.9
57849.2762963 5547.9 5547.9
57849.2763426 5492.8 5492.8
57849.2763889 112.9 112.9
57849.2764352 14.7 14.7
57849.2788194 896.5 896.5
57849.2788657 9249.4 9249.4
57849.278912 222326.9 222326.9
57849.2789583 209013.4 209013.4
57849.2790278 159053.6 159053.6
57849.2790741 4986.9 4986.9
57849.2791204 5133.7 5133.7
57849.2791782 4976.6 4976.6
57849.2792477 4949.2 4949.2
57849.279294 4742.3 4742.3
57849.2793287 4833.7 4833.7
57849.2793866 4835.7 4835.7
57849.279456 4718.5 4718.5
57849.2795023 4707.2 4707.2
57849.2795486 4710.9 4710.9
57849.2795949 4711.7 4711.7
57849.2796644 4730.3 4730.3
57849.2797106 4720.3 4720.3
57849.2797569 4717.1 4717.1
57849.2798032 4741.5 4741.5
57849.2798727 4749.2 4749.2
57849.279919 4730.6 4730.6
57849.2799653 4729.3 4729.3
57849.2800116 4745.9 4745.9
57849.280081 4741.8 4741.8
57849.2801273 4709.5 4709.5
57849.2801852 4715.2 4715.2
57849.2802199 4720.9 4720.9
57849.2802894 4720.6 4720.6
57849.2803356 4734.1 4734.1
57849.2803935 4785.7 4785.7
57849.2804398 4724.7 4724.7
57849.2805093 4718.3 4718.3
57849.280544 4716.4 4716.4
57849.2806019 4716.5 4716.5
57849.2806481 4808.2 4808.2
57849.2807176 4801.6 4801.6
57849.2807639 4717.2 4717.2
57849.2808102 4791.3 4791.3
57849.2808565 4868.8 4868.8
57849.2809259 4734.5 4734.5
57849.2809722 4808.7 4808.7
57849.2810185 4801.4 4801.4
57849.2810648 4737.3 4737.3
57849.2811343 4802.5 4802.5
57849.2811806 4733.2 4733.2
57849.2951157 6484.4 6484.4
57849.295162 6391.5 6391.5
57849.296875 242235.9 242235.9
57849.2969213 259948.4 259948.4
57849.2969676 190423.2 190423.2
57849.2970139 234763.2 234763.2
57849.2970833 262145.3 262145.3
57849.2971296 6676.6 6676.6
57849.2971759 6150.2 6150.2
57849.2972222 6108.3 6108.3
57849.2973032 6064.9 6064.9
57849.297338 5961.9 5961.9
57849.2973843 5902.2 5902.2
57849.2974421 5894.3 5894.3
57849.2975116 5906.6 5906.6
57849.2975579 5889.1 5889.1
57849.2975926 5901.1 5901.1
57849.2976505 5906.2 5906.2
57849.2977199 5887.1 5887.1
57849.2977662 5885.3 5885.3
57849.2978125 5921.3 5921.3
57849.2978588 7074.2 7074.2
57849.2979282 6909.8 6909.8
57849.2979745 6285.1 6285.1
57849.2980208 6779.8 6779.8
57849.2980671 5886.7 5886.7
57849.2981366 6389.8 6389.8
57849.2981829 6442.2 6442.2
57849.2982292 6416.2 6416.2
57849.2982755 5919.2 5919.2
57849.2983449 5968.1 5968.1
57849.2983912 5951.2 5951.2
57849.2984491 6429.7 6429.7
57849.2984838 5960.6 5960.6
57849.2985532 5922.5 5922.5
57849.2985995 6449.6 6449.6
57849.2986574 5930.7 5930.7
57849.2987037 5958.6 5958.6
57849.2987731 6451.0 6451.0
57849.2988194 6462.6 6462.6
57849.2988657 6012.5 6012.5
57849.298912 6536.5 6536.5
57849.2989815 7055.5 7055.5
57849.2990278 6349.4 6349.4
57849.2990741 6935.3 6935.3
57849.2991204 7089.4 7089.4
57849.2991898 6353.3 6353.3
57849.2992361 5988.8 5988.8
57849.2992824 6557.9 6557.9
57849.2993287 6537.2 6537.2
57849.2993981 5995.9 5995.9
57849.2994444 5939.0 5939.0
57849.2994907 5929.5 5929.5
57849.299537 5948.8 5948.8
57849.2996065 5985.5 5985.5
57849.2996644 5962.6 5962.6
57849.2997106 5966.1 5966.1
57849.2997454 5964.0 5964.0
57849.2998148 5984.9 5984.9
57849.2998727 6453.2 6453.2
57849.299919 6014.8 6014.8
57849.2999653 5969.3 5969.3
57849.3000347 5973.9 5973.9
57849.300081 6020.4 6020.4
57849.3001273 5991.2 5991.2
57849.3001736 5990.8 5990.8
57849.3002431 6433.6 6433.6
57849.3002894 6422.2 6422.2
57849.3003356 5976.8 5976.8
57849.3003819 6010.3 6010.3
57849.3004514 7110.1 7110.1
57849.3004977 6511.9 6511.9
57849.300544 5996.5 5996.5
57849.3006019 6007.0 6007.0
57849.3006713 6532.5 6532.5
57849.300706 6026.4 6026.4
57849.3007523 6036.5 6036.5
57849.3008102 6036.5 6036.5
57849.3008796 6009.1 6009.1
57849.3009259 6017.5 6017.5
57849.3009606 6102.0 6102.0
57849.3010185 6107.6 6107.6
57849.301088 6439.0 6439.0
57849.3011343 6037.3 6037.3
57849.3011806 6062.9 6062.9
57849.3012269 6569.0 6569.0
57849.3012963 6539.1 6539.1
57849.3013426 6517.5 6517.5
57849.3013889 139.3 139.3
57849.3014352 17.9 17.9
57849.3038194 1282.7 1282.7
57849.3038657 11944.0 11944.0
57849.303912 333948.5 333948.5
57849.3039583 137343.7 137343.7
57849.3040278 161114.4 161114.4
57849.3040741 5503.4 5503.4
57849.3041204 5041.5 5041.5
57849.3041667 5024.6 5024.6
57849.3042477 4982.2 4982.2
57849.3042824 4913.9 4913.9
57849.3043287 4898.7 4898.7
57849.3043866 4902.1 4902.1
57849.304456 4908.7 4908.7
57849.3045023 4902.0 4902.0
57849.304537 4905.7 4905.7
57849.3045949 4927.7 4927.7
57849.3046644 4921.2 4921.2
57849.3047106 5778.7 5778.7
57849.3047569 4930.5 4930.5
57849.3048032 4972.0 4972.0
57849.3048727 4956.0 4956.0
57849.304919 5357.0 5357.0
57849.3049653 6338.2 6338.2
57849.3050116 5682.5 5682.5
57849.305081 4972.8 4972.8
57849.3051273 4914.0 4914.0
57849.3051736 5344.4 5344.4
57849.3052199 4939.9 4939.9
57849.3052894 5372.0 5372.0
57849.3053356 5284.1 5284.1
57849.3053935 4914.4 4914.4
57849.3054282 4920.4 4920.4
57849.3054977 4927.7 4927.7
57849.305544 5315.9 5315.9
57849.3056019 5317.8 5317.8
57849.3056481 4915.6 4915.6
57849.3057176 4930.5 4930.5
57849.3057639 4937.8 4937.8
57849.3058102 5358.3 5358.3
57849.3058565 4961.2 4961.2
57849.3059259 5687.4 5687.4
57849.3059722 5766.1 5766.1
57849.3060185 5363.2 5363.2
57849.3060648 4945.8 4945.8
57849.3061343 5840.0 5840.0
57849.3061806 4934.6 4934.6
57849.317338 7496.3 7496.3
57849.3173843 7006.4 7006.4
57849.3190972 774469.2 774469.2
57849.3191435 290946.6 290946.6
57849.3191898 252233.9 252233.9
57849.3192361 508955.5 508955.5
57849.3193056 308320.1 308320.1
57849.3193519 7028.4 7028.4
57849.3193981 6988.4 6988.4
57849.3194444 6906.1 6906.1
57849.3195255 6869.8 6869.8
57849.3195602 6811.7 6811.7
57849.3196065 6827.5 6827.5
57849.3196644 6881.7 6881.7
57849.3197338 6826.8 6826.8
57849.3197801 6757.1 6757.1
57849.3198148 6791.1 6791.1
57849.3198727 6788.1 6788.1
57849.3199421 6768.5 6768.5
57849.3199884 6762.5 6762.5
57849.3200347 7379.0 7379.0
57849.320081 8118.3 8118.3
57849.3201505 6769.9 6769.9
57849.3201968 6781.4 6781.4
57849.3202431 6802.9 6802.9
57849.3202894 8072.0 8072.0
57849.3203588 6805.8 6805.8
57849.3204051 6765.7 6765.7
57849.3204514 6786.5 6786.5
57849.3204977 7461.6 7461.6
57849.3205671 7484.1 7484.1
57849.3206134 6890.3 6890.3
57849.3206713 7472.9 7472.9
57849.320706 6861.6 6861.6
57849.3207755 6833.8 6833.8
57849.3208218 7506.8 7506.8
57849.3208796 6863.3 6863.3
57849.3209259 6888.4 6888.4
57849.3209954 7569.4 7569.4
57849.3210417 6849.1 6849.1
57849.321088 7430.9 7430.9
57849.3211343 7470.6 7470.6
57849.3212037 7336.6 7336.6
57849.32125 6832.8 6832.8
57849.3212963 9471.9 9471.9
57849.3213426 7429.2 7429.2
57849.321412 6874.1 6874.1
57849.3214583 6876.1 6876.1
57849.3215046 6889.9 6889.9
57849.3215509 6905.4 6905.4
57849.3216204 6928.6 6928.6
57849.3216667 6873.5 6873.5
57849.321713 6871.3 6871.3
57849.3217593 6881.8 6881.8
57849.3218287 7286.8 7286.8
57849.3218866 7594.4 7594.4
57849.3219329 6956.3 6956.3
57849.3219676 7644.1 7644.1
57849.322037 7010.6 7010.6
57849.3220949 6933.2 6933.2
57849.3221412 6923.0 6923.0
57849.3221875 6922.4 6922.4
57849.3222569 7384.0 7384.0
57849.3223032 7456.1 7456.1
57849.3223495 7619.5 7619.5
57849.3223958 7013.2 7013.2
57849.3224653 6980.4 6980.4
57849.3225116 6930.5 6930.5
57849.3225579 6950.1 6950.1
57849.3226042 6964.0 6964.0
57849.3226736 7589.1 7589.1
57849.3227199 6970.1 6970.1
57849.3227662 6987.3 6987.3
57849.3228241 8338.7 8338.7
57849.3228935 9076.3 9076.3
57849.3229282 8953.2 8953.2
57849.3229745 6948.7 6948.7
57849.3230324 6976.3 6976.3
57849.3231019 7010.3 7010.3
57849.3231481 8390.8 8390.8
57849.3231829 7018.2 7018.2
57849.3232407 7632.7 7632.7
57849.3233102 7476.0 7476.0
57849.3233565 9737.6 9737.6
57849.3234028 7559.6 7559.6
57849.3234491 7091.3 7091.3
57849.3235185 7220.2 7220.2
57849.3235648 7158.4 7158.4
57849.3236111 96.3 96.3
57849.3236574 11.6 11.6
57849.3260417 456.3 456.3
57849.326088 3578.4 3578.4
57849.3261343 170573.9 170573.9
57849.3261806 165704.6 165704.6
57849.32625 128058.1 128058.1
57849.3262963 5445.6 5445.6
57849.3263426 5419.5 5419.5
57849.3263889 5399.4 5399.4
57849.3264699 5301.4 5301.4
57849.3265046 5256.9 5256.9
57849.3265509 5237.4 5237.4
57849.3266088 5246.6 5246.6
57849.3266782 5225.9 5225.9
57849.3267245 5201.9 5201.9
57849.3267593 5207.9 5207.9
57849.3268171 5205.7 5205.7
57849.3268866 6029.8 6029.8
57849.3269329 5630.6 5630.6
57849.3269792 5672.3 5672.3
57849.3270255 5654.5 5654.5
57849.3270949 6198.7 6198.7
57849.3271412 5687.1 5687.1
57849.3271875 5219.4 5219.4
57849.3272338 5229.9 5229.9
57849.3273032 5279.7 5279.7
57849.3273495 5295.4 5295.4
57849.3273958 5734.3 5734.3
57849.3274421 5713.0 5713.0
57849.3275116 5729.4 5729.4
57849.3275579 5205.3 5205.3
57849.3276157 5624.5 5624.5
57849.3276505 5639.7 5639.7
57849.3277199 6067.6 6067.6
57849.3277662 5624.7 5624.7
57849.3278241 5675.0 5675.0
57849.3278704 6115.9 6115.9
57849.3279398 5248.0 5248.0
57849.3279861 5680.8 5680.8
57849.3280324 6136.0 6136.0
57849.3280787 5235.3 5235.3
57849.3281481 5220.2 5220.2
57849.3281944 5214.0 5214.0
57849.3282407 6694.9 6694.9
57849.328287 5220.3 5220.3
57849.3283565 5224.6 5224.6
57849.3284028 5225.0 5225.0
