57849.2209491 96.3380693547 0.0 97.839132166 0.0
57849.2210764 78.553548634 0.0 84.6515895303 0.0
57849.2211921 97.2141064815 0.0 104.45698149 0.0
57849.2213079 78.6952302684 0.0 84.6973192433 0.0
57849.2214352 81.9637650063 0.0 87.5341694311 0.0
57849.2215278 80.5564262676 0.0 85.986184053 0.0
57849.2215509 79.2629445012 0.0 84.5520693597 0.0
57849.2216667 95.5934888735 0.0 102.892886265 0.0
57849.221794 79.1223411812 0.0 84.6459434941 0.0
57849.2219097 86.5401317136 0.0 93.3565618904 0.0
57849.2220255 79.9776065158 0.0 86.3015539258 0.0
57849.2221528 85.5589223109 0.0 92.8369908226 0.0
57849.2222222 82.4400340551 0.0 88.5501575041 0.0
57849.2222685 79.6586740412 0.0 84.8036555226 0.0
57849.2223843 87.5642737479 0.0 95.7560700113 0.0
57849.2225116 92.2402947795 0.0 97.7066590412 0.0
57849.2226273 94.0911780562 0.0 101.69023728 0.0
57849.2227431 80.8868636183 0.0 86.4568251499 0.0
57849.2228704 83.9238393426 0.0 90.950748716 0.0
57849.2229167 87.7747518424 0.0 94.2644762888 0.0
57849.2459259 71.6947091423 0.0 76.7895461245 0.0
57849.2460532 71.4569724869 0.0 76.5650346111 0.0
57849.246169 72.5393300424 0.0 77.6183896187 0.0
57849.2462847 72.9039760507 0.0 77.9352835948 0.0
57849.2464005 72.6226969136 0.0 77.8196010077 0.0
57849.2465278 71.6433173367 0.0 76.7852537405 0.0
57849.2466435 75.4147326124 0.0 80.4862993931 0.0
57849.2467593 72.0686253303 0.0 77.1691627465 0.0
57849.2468866 71.3968159444 0.0 76.4201064511 0.0
57849.2470023 72.3281120658 0.0 77.4692437616 0.0
57849.2471181 71.8968990291 0.0 77.2875857496 0.0
57849.2472222 73.4415944816 0.0 78.4714291637 0.0
57849.2472454 75.0704850724 0.0 79.6754787184 0.0
57849.2473611 73.6761429229 0.0 78.6967023578 0.0
57849.2474769 71.318642037 0.0 76.5389780439 0.0
57849.2476042 72.2523034373 0.0 77.7041160428 0.0
57849.2477199 72.5659509136 0.0 77.8738562163 0.0
57849.2478356 71.7213712432 0.0 76.7593584588 0.0
57849.2479167 71.6756665264 0.0 76.7644250483 0.0
57849.2681597 68.1455265443 0.0 73.0341820451 0.0
57849.2682755 68.1106830681 0.0 73.1171373004 0.0
57849.2683912 67.9659130521 0.0 73.0130767671 0.0
57849.2685185 67.7930792117 0.0 72.7205389832 0.0
57849.2686343 67.8744805579 0.0 72.7853706043 0.0
57849.26875 67.6339437265 0.0 72.5339020666 0.0
57849.2688657 67.8506239691 0.0 72.7757602434 0.0
57849.2689931 67.7843247809 0.0 72.6136331414 0.0
57849.2691088 67.9654855717 0.0 72.9014098355 0.0
57849.2692245 67.5940854735 0.0 72.5077998425 0.0
57849.2693519 68.0913976799 0.0 72.9535924749 0.0
57849.2694444 68.0477170888 0.0 72.9346281131 0.0
57849.2694676 67.9877760557 0.0 72.9314997241 0.0
57849.2695833 67.6623531663 0.0 72.6015511336 0.0
57849.2697106 67.7725814544 0.0 72.6590300789 0.0
57849.2698264 68.0991608979 0.0 72.9772638772 0.0
57849.2699421 67.8058213873 0.0 72.6773619706 0.0
57849.2700694 68.2520142194 0.0 73.1677741017 0.0
57849.2701389 68.1244206948 0.0 73.0514187473 0.0
57849.293125 65.5376972589 0.0 70.509184579 0.0
57849.2932523 65.4545755925 0.0 70.4305926427 0.0
57849.2933681 65.4096554035 0.0 70.2831004296 0.0
57849.2934838 65.5638189171 0.0 70.5810983833 0.0
57849.2936111 65.3384721738 0.0 70.2917846195 0.0
57849.2937269 65.387850347 0.0 70.3506426836 0.0
57849.29375 65.3435933968 0.0 70.3559378731 0.0
57849.2938426 65.3374157355 0.0 70.3531054752 0.0
57849.2939699 66.0921365217 0.0 70.8722018707 0.0
57849.2940856 65.5958262239 0.0 70.5585463286 0.0
57849.2942014 65.4532987098 0.0 70.2303733936 0.0
57849.2943287 65.734705415 0.0 70.4660150569 0.0
57849.2944444 66.1501846256 0.0 70.9739901161 0.0
57849.2945602 66.005726547 0.0 71.1998348594 0.0
57849.2946875 66.1112809133 0.0 71.0646003225 0.0
57849.2948032 65.2602924373 0.0 70.2198229847 0.0
57849.294919 65.4758634002 0.0 70.4120349443 0.0
57849.2950463 65.3215798569 0.0 70.2896346697 0.0
57849.2951389 65.6784627865 0.0 70.6388721739 0.0
57849.3153588 64.299826345 0.0 69.0115920987 0.0
57849.3154745 64.5475744471 0.0 69.3180272512 0.0
57849.3155903 64.7598842494 0.0 69.627014075 0.0
57849.3157176 64.1553226708 0.0 69.0502025631 0.0
57849.3158333 64.2327609791 0.0 69.1330732718 0.0
57849.3159491 64.2690264435 0.0 69.1786277112 0.0
57849.3159722 64.2077381629 0.0 69.1330135464 0.0
57849.3160764 64.1580870039 0.0 69.0692538254 0.0
57849.3161921 64.0880449772 0.0 69.0754047328 0.0
57849.3163079 64.0037814586 0.0 68.8715379529 0.0
57849.3164352 63.8870622114 0.0 68.8157344726 0.0
57849.3165509 63.9890343653 0.0 68.9183868137 0.0
57849.3166667 63.9146102155 0.0 68.8759214312 0.0
57849.316794 64.2995953486 0.0 69.1366666538 0.0
57849.3169097 63.8107156753 0.0 68.7611150942 0.0
57849.3170255 63.8782045302 0.0 68.7540831442 0.0
57849.3171528 63.8859083054 0.0 68.758373221 0.0
57849.3172685 64.7342326594 0.0 69.6621135338 0.0
57849.3173611 64.5777326019 0.0 69.5245111238 0.0
