57849.64316 8.514801356 0.0 8.514801356 0.0
57849.643164 8.54246931058 0.0 8.54246931058 0.0
57849.643169 8.59098190277 0.0 8.59098190277 0.0
57849.643174 8.65719693872 0.0 8.65719693872 0.0
57849.643178 8.73672733756 0.0 8.73672733756 0.0
57849.643183 8.77482758482 0.0 8.77482758482 0.0
57849.643187 8.67953341704 0.0 8.67953341704 0.0
57849.643192 8.59601501596 0.0 8.59601501596 0.0
57849.643197 8.52779646176 0.0 8.52779646176 0.0
57849.643201 8.47765205802 0.0 8.47765205802 0.0
57849.643206 8.44765268905 0.0 8.44765268905 0.0
57849.643211 8.43906884067 0.0 8.43906884067 0.0
57849.643215 8.45244946108 0.0 8.45244946108 0.0
57849.64322 8.48760452762 0.0 8.48760452762 0.0
57849.643225 8.54364517728 0.0 8.54364517728 0.0
57849.643229 8.60084470384 0.0 8.60084470384 0.0
57849.643234 8.584902453 0.0 8.584902453 0.0
57849.643238 8.57141536069 0.0 8.57141536069 0.0
57849.643243 8.56039130878 0.0 8.56039130878 0.0
57849.643248 8.55179637261 0.0 8.55179637261 0.0
57849.643252 8.54562950347 0.0 8.54562950347 0.0
57849.643257 8.54189749179 0.0 8.54189749179 0.0
57849.643262 8.54056037818 0.0 8.54056037818 0.0
57849.643266 8.54166966929 0.0 8.54166966929 0.0
57849.643271 8.54513071589 0.0 8.54513071589 0.0
57849.643275 8.55106655544 0.0 8.55106655544 0.0
57849.64328 8.55939888582 0.0 8.55939888582 0.0
57849.643285 8.57013569938 0.0 8.57013569938 0.0
57849.643289 8.58335256412 0.0 8.58335256412 0.0
57849.643294 8.59897221634 0.0 8.59897221634 0.0
57849.643299 8.61706383036 0.0 8.61706383036 0.0
57849.643303 8.55564903811 0.0 8.55564903811 0.0
57849.643308 8.49944829382 0.0 8.49944829382 0.0
57849.643312 8.4538350879 0.0 8.4538350879 0.0
57849.643317 8.41865846951 0.0 8.41865846951 0.0
57849.643322 8.39383551953 0.0 8.39383551953 0.0
57849.643326 8.37932589721 0.0 8.37932589721 0.0
57849.643331 8.37507898268 0.0 8.37507898268 0.0
57849.643336 8.38113005548 0.0 8.38113005548 0.0
57849.64334 8.39749739736 0.0 8.39749739736 0.0
57849.643345 8.42426663729 0.0 8.42426663729 0.0
57849.64335 8.4286329415 0.0 8.4286329415 0.0
57849.643354 8.43244524651 0.0 8.43244524651 0.0
57849.643359 8.44066538797 0.0 8.44066538797 0.0
57849.643363 8.45329643491 0.0 8.45329643491 0.0
57849.643368 8.47038233173 0.0 8.47038233173 0.0
57849.654039 9.98582400057 0.0 9.98582400057 0.0
57849.654044 10.4228224878 0.0 10.4228224878 0.0
57849.654049 11.1509990903 0.0 11.1509990903 0.0
57849.654053 12.2672253732 0.0 12.2672253732 0.0
57849.654058 13.9473828481 0.0 13.9473828481 0.0
57849.654062 14.1003232993 0.0 14.1003232993 0.0
57849.654067 12.8256484336 0.0 12.8256484336 0.0
57849.654072 11.9308817647 0.0 11.9308817647 0.0
57849.654076 11.3302450175 0.0 11.3302450175 0.0
57849.654081 10.971156781 0.0 10.971156781 0.0
57849.654086 10.8237783517 0.0 10.8237783517 0.0
57849.65409 10.8756854008 0.0 10.8756854008 0.0
57849.654095 11.1296493976 0.0 11.1296493976 0.0
57849.6541 11.6039621409 0.0 11.6039621409 0.0
57849.654104 12.3355655513 0.0 12.3355655513 0.0
57849.654109 12.5363564087 0.0 12.5363564087 0.0
57849.654113 11.936024313 0.0 11.936024313 0.0
57849.654118 11.4567223856 0.0 11.4567223856 0.0
57849.654123 11.083906935 0.0 11.083906935 0.0
57849.654127 10.8066852405 0.0 10.8066852405 0.0
57849.654132 10.6170998735 0.0 10.6170998735 0.0
57849.654137 10.5098255631 0.0 10.5098255631 0.0
57849.654141 10.4817159461 0.0 10.4817159461 0.0
57849.654146 10.5317230634 0.0 10.5317230634 0.0
57849.65415 10.6607898359 0.0 10.6607898359 0.0
57849.654155 10.8718398783 0.0 10.8718398783 0.0
57849.65416 11.1698529723 0.0 11.1698529723 0.0
57849.654164 11.5620217225 0.0 11.5620217225 0.0
57849.654169 12.0580788293 0.0 12.0580788293 0.0
57849.654174 12.6703953425 0.0 12.6703953425 0.0
57849.654178 13.0355656363 0.0 13.0355656363 0.0
57849.654183 12.2608236322 0.0 12.2608236322 0.0
57849.654187 11.7017294559 0.0 11.7017294559 0.0
57849.654192 11.3311049116 0.0 11.3311049116 0.0
57849.654197 11.132020888 0.0 11.132020888 0.0
57849.654201 11.0964787138 0.0 11.0964787138 0.0
57849.654206 11.2250987105 0.0 11.2250987105 0.0
57849.654211 11.5273783587 0.0 11.5273783587 0.0
57849.654215 12.0231042818 0.0 12.0231042818 0.0
57849.65422 12.7449443275 0.0 12.7449443275 0.0
57849.654225 13.4629826268 0.0 13.4629826268 0.0
57849.654229 12.718273924 0.0 12.718273924 0.0
57849.654234 12.1718240542 0.0 12.1718240542 0.0
57849.654238 11.8060414007 0.0 11.8060414007 0.0
57849.654243 11.6070937881 0.0 11.6070937881 0.0
57849.66372 8.3221858612 0.0 8.3221858612 0.0
57849.663725 8.32277387237 0.0 8.32277387237 0.0
57849.663729 8.32853609436 0.0 8.32853609436 0.0
57849.663734 8.33943544963 0.0 8.33943544963 0.0
57849.663738 8.35551526277 0.0 8.35551526277 0.0
57849.663743 8.36687171138 0.0 8.36687171138 0.0
57849.663748 8.35990595771 0.0 8.35990595771 0.0
57849.663752 8.3576692746 0.0 8.3576692746 0.0
57849.663757 8.36014280585 0.0 8.36014280585 0.0
57849.663762 8.36732517951 0.0 8.36732517951 0.0
57849.663766 8.37932469735 0.0 8.37932469735 0.0
57849.663771 8.39610468736 0.0 8.39610468736 0.0
57849.663775 8.41778446229 0.0 8.41778446229 0.0
57849.66378 8.44440022551 0.0 8.44440022551 0.0
57849.663785 8.47602648803 0.0 8.47602648803 0.0
57849.663789 8.50259586987 0.0 8.50259586987 0.0
57849.663794 8.49569767807 0.0 8.49569767807 0.0
57849.663799 8.48956056547 0.0 8.48956056547 0.0
57849.663803 8.48421443868 0.0 8.48421443868 0.0
57849.663808 8.47959982243 0.0 8.47959982243 0.0
57849.663813 8.47575555894 0.0 8.47575555894 0.0
57849.663817 8.47267312964 0.0 8.47267312964 0.0
57849.663822 8.47033419851 0.0 8.47033419851 0.0
57849.663826 8.46876901925 0.0 8.46876901925 0.0
57849.663831 8.46795052591 0.0 8.46795052591 0.0
57849.663836 8.4678678033 0.0 8.4678678033 0.0
57849.66384 8.46855170486 0.0 8.46855170486 0.0
57849.663845 8.46996318798 0.0 8.46996318798 0.0
57849.66385 8.47216325553 0.0 8.47216325553 0.0
57849.663854 8.47506299117 0.0 8.47506299117 0.0
57849.663859 8.47873290866 0.0 8.47873290866 0.0
57849.663863 8.46431877559 0.0 8.46431877559 0.0
57849.663868 8.45239290634 0.0 8.45239290634 0.0
57849.663873 8.44329779967 0.0 8.44329779967 0.0
57849.663877 8.43707447915 0.0 8.43707447915 0.0
57849.663882 8.43374201578 0.0 8.43374201578 0.0
57849.663887 8.43328857884 0.0 8.43328857884 0.0
57849.663891 8.43571230783 0.0 8.43571230783 0.0
57849.663896 8.44104437295 0.0 8.44104437295 0.0
57849.6639 8.44930423654 0.0 8.44930423654 0.0
57849.663905 8.46049899229 0.0 8.46049899229 0.0
57849.66391 8.44737197294 0.0 8.44737197294 0.0
57849.663914 8.43378590368 0.0 8.43378590368 0.0
57849.663919 8.42285236518 0.0 8.42285236518 0.0
57849.663924 8.41452910194 0.0 8.41452910194 0.0
57849.663928 8.40880652011 0.0 8.40880652011 0.0
