57853.202530092596 82.60560261870862 0.0 80.18794750459698 0.0
57853.20353009259 82.60560261870862 0.0 80.18794750459698 0.0
57853.20364583333 80.9675921156113 0.0 76.35577566890404 0.0
57853.20376157408 80.70938983166705 0.0 77.19770345029701 0.0
57853.203888888886 80.51396591896341 0.0 74.38157784693735 0.0
57853.20400462963 87.09732879945285 0.0 80.7557097919398 0.0
57853.20412037037 82.24463168499206 0.0 72.2372157616834 0.0
57853.20416666667 82.1763834565625 0.0 73.94455968494233 0.0
57853.204247685186 82.19541306545031 0.0 75.88150998761161 0.0
57853.204363425924 78.06665927270105 0.0 71.89700121006439 0.0
57853.20447916666 81.22155607349566 0.0 77.98770569775726 0.0
57853.20460648148 75.79198653551707 0.0 70.06042193706801 0.0
57853.204722222225 77.28599064513568 0.0 72.5877865553152 0.0
57853.20483796296 78.33007147322157 0.0 72.72919072147029 0.0
57853.20486111111 77.01667792108408 0.0 72.0922084139472 0.0
57853.20496527778 75.80302388427522 0.0 71.49245408432976 0.0
57853.20508101852 103.60215508376261 0.0 88.70333685380726 0.0
57853.205196759256 94.11815724927895 0.0 90.34145423336952 0.0
57853.2053125 115.456005469616 0.0 124.3470362413194 0.0
57853.20543981482 87.97272969505948 0.0 76.8727724425235 0.0
57853.205555555556 74.38000479295495 0.0 74.08710256853078 0.0
57853.205671296295 150.67833261288766 0.0 136.04368812260273 0.0
57853.20579861111 116.25655144549918 0.0 118.1545383724214 0.0
57853.20591435185 82.5157303003494 0.0 84.60267216820046 0.0
57853.206030092595 78.15552037444316 0.0 75.18201165172424 0.0
57853.20615740741 79.34968214807164 0.0 70.06131594539171 0.0
57853.20625 79.82698120936304 0.0 71.38437422153395 0.0
57853.20627314815 80.4020291597171 0.0 72.85007991759515 0.0
57853.20638888889 78.15599081964223 0.0 78.23961839758678 0.0
57853.2065162037 88.49995909038603 0.0 81.23325345571233 0.0
57853.20663194444 78.98022867148461 0.0 74.3275492936502 0.0
57853.20674768519 74.72570294751331 0.0 70.12939018699649 0.0
57853.206875 82.24612556224153 0.0 77.02734721512873 0.0
57853.20694444444 77.87604290152396 0.0 72.93587205209793 0.0
57853.23136574074 68.0071911418197 0.0 64.39346620581937 0.0
57853.23149305556 67.94121322143137 0.0 63.73372793113549 0.0
57853.2316087963 67.87068749467622 0.0 63.77460249974123 0.0
57853.231724537036 67.82004641697026 0.0 63.3943952017842 0.0
57853.23185185185 68.8847024817557 0.0 64.14860620465576 0.0
57853.231944444444 68.45523183804141 0.0 63.83917095326348 0.0
57853.23196759259 68.05049979243356 0.0 63.55798454167659 0.0
57853.232083333336 67.98958166513455 0.0 63.44996367217242 0.0
57853.232199074075 67.8043072820599 0.0 63.956250906381314 0.0
57853.23232638889 68.65797856767996 0.0 63.96286715743753 0.0
57853.23244212963 69.0438729866742 0.0 64.98354006977459 0.0
57853.23255787037 67.93840550086527 0.0 63.79945564814797 0.0
57853.23263888889 68.38515177288123 0.0 63.84476986410085 0.0
57853.23268518518 68.8195755726523 0.0 63.85875008955311 0.0
57853.23280092593 67.80374697610745 0.0 63.3541205526523 0.0
57853.23291666667 67.7382199869468 0.0 63.52315265318622 0.0
57853.23304398148 67.90411917549628 0.0 63.63588536352739 0.0
57853.23315972222 68.22184037388612 0.0 63.56930339401243 0.0
57853.23327546296 67.89203775848829 0.0 63.732536306034454 0.0
57853.23333333333 67.99721561946488 0.0 63.61361153872652 0.0
57853.233402777776 68.10632286359322 0.0 63.50452441361954 0.0
57853.23351851852 67.92929384293642 0.0 63.44630511700425 0.0
57853.23363425926 67.86708440768618 0.0 63.335432847656456 0.0
57853.233761574076 67.76113721005574 0.0 63.21015471425458 0.0
57853.233877314815 68.0248388311211 0.0 63.54390763873434 0.0
57853.23399305555 68.64721507096992 0.0 63.34105919543815 0.0
57853.23402777778 68.21528619744991 0.0 63.38530432205875 0.0
57853.23412037037 67.78135885330126 0.0 63.432044181155 0.0
57853.23423611111 68.36649973488477 0.0 63.27800214924615 0.0
57853.234351851854 67.8848987183453 0.0 63.2874864408439 0.0
57853.23447916667 67.77386235858187 0.0 63.3101258962577 0.0
57853.23459490741 67.84078010312086 0.0 63.241556479896985 0.0
57853.23471064815 67.90673424631757 0.0 63.42258015880464 0.0
57853.23472222222 68.38276939405131 0.0 70.1359042858934 0.0
57853.25766203704 65.3743571670116 0.0 61.23259570686188 0.0
57853.25777777778 65.39396933204162 0.0 61.21309536365564 0.0
57853.257893518516 65.16637509482939 0.0 61.184099838111536 0.0
57853.25802083333 65.6608822435398 0.0 61.345243947676984 0.0
57853.25813657408 65.27884288190164 0.0 61.19936216170884 0.0
57853.258252314816 65.62060571192558 0.0 61.437036183396735 0.0
57853.25833333333 65.53419591327874 0.0 61.350561977866185 0.0
57853.25837962963 65.43007190122903 0.0 61.249322314618304 0.0
57853.25849537037 65.50609514388718 0.0 61.62099121241073 0.0
57853.25861111111 65.53243464880578 0.0 61.35198269004841 0.0
57853.258738425924 65.29914043078975 0.0 61.65169699205367 0.0
57853.25885416667 65.16093643433925 0.0 61.19887041441206 0.0
57853.25896990741 65.24785197230634 0.0 61.25908261637616 0.0
57853.25902777778 65.24866234644202 0.0 61.22127678348435 0.0
57853.25908564815 65.23061012285567 0.0 61.18033797716387 0.0
57853.25921296296 65.38181410759417 0.0 61.134680223257895 0.0
57853.2593287037 65.20892483395198 0.0 61.1632802995392 0.0
57853.25944444445 65.11037174675015 0.0 61.24024597435905 0.0
57853.259571759256 65.74448208024762 0.0 61.2067474548354 0.0
57853.2596875 65.04482811108043 0.0 61.237791264871724 0.0
57853.259722222225 65.1103181531161 0.0 61.20848995033287 0.0
57853.25980324074 65.19427704177721 0.0 61.186087389209646 0.0
57853.259930555556 65.33975410881189 0.0 61.08535466050762 0.0
57853.260046296295 65.34625617432111 0.0 61.438438253262916 0.0
57853.26016203704 64.99268062635977 0.0 61.047677130256154 0.0
57853.26028935185 65.24187794660727 0.0 61.05052472337973 0.0
57853.260405092595 65.0865339144742 0.0 61.225997966550125 0.0
57853.260416666664 65.19699406414378 0.0 61.364319127649416 0.0
57853.26052083333 65.27653370852346 0.0 61.491028817218535 0.0
57853.26064814815 65.2867963756838 0.0 61.20835523031149 0.0
57853.26076388889 65.17127375615732 0.0 61.29332939235721 0.0
57853.260879629626 64.97412455739592 0.0 61.351359610036354 0.0
57853.26100694444 65.12870765645515 0.0 61.219778413516 0.0
57853.26111111111 64.929895425759 0.0 61.15190028118505 0.0
57853.26211111111 64.929895425759 0.0 61.15190028118505 0.0
