57848.389983796296 141.71515370300784 0.0 143.05247120600177 0.0
57848.39098379629 141.71515370300784 0.0 143.05247120600177 0.0
57848.404178240744 134.61946543996396 0.0 136.01798530340182 0.0
57848.412511574075 142.34267774809047 0.0 143.46771873027066 0.0
57848.42501157407 137.45846885345603 0.0 138.83170215373372 0.0
57848.43403935185 134.8399724926484 0.0 136.2364882318921 0.0
57848.45278935185 131.71928594988194 0.0 133.14482013615788 0.0
57848.46181712963 130.35898147917382 0.0 131.79762035225656 0.0
57848.47084490741 128.75379647587823 0.0 130.2082713662355 0.0
57848.48334490741 128.98433165864915 0.0 130.2082713662355 0.0
57848.4972337963 128.52284777608745 0.0 129.75059588556476 0.0
57848.506261574075 128.52284777608745 0.0 129.75059588556476 0.0
57848.520844907405 128.98433165864915 0.0 130.2082713662355 0.0
57848.52987268518 128.98433165864915 0.0 130.2082713662355 0.0
57848.548622685186 124.53120649208506 0.0 126.02937251476892 0.0
57848.563206018516 133.95576641530613 0.0 135.36036024889373 0.0
57848.572233796294 138.1053358091791 0.0 139.25953584019706 0.0
57848.5847337963 141.71515370300784 0.0 143.05247120600177 0.0
57848.59653935185 146.45747518657876 0.0 147.5559362171139 0.0
57848.617372685185 156.08093943649013 0.0 157.31234630826438 0.0
57848.628483796296 162.6065170343915 0.0 163.79642332078845 0.0
57848.634039351855 165.8625880017353 0.0 167.2110878146596 0.0
57848.64792824074 183.38599146531334 0.0 184.78728707195916 0.0
57848.648928240735 183.38599146531334 0.0 184.78728707195916 0.0
