57849.654248 10.8674503697 0.0 10.8674503697 0.0
57849.654252 10.9120791014 0.0 10.9120791014 0.0
57849.654257 11.1009537006 0.0 11.1009537006 0.0
57849.654262 11.4370860918 0.0 11.4370860918 0.0
57849.654266 11.9254602368 0.0 11.9254602368 0.0
57849.654271 12.4904133087 0.0 12.4904133087 0.0
57849.654275 11.950907138 0.0 11.950907138 0.0
57849.65428 11.5186824324 0.0 11.5186824324 0.0
57849.654285 11.1952798084 0.0 11.1952798084 0.0
57849.654289 10.9793805659 0.0 10.9793805659 0.0
57849.654294 10.8682718875 0.0 10.8682718875 0.0
57849.654299 10.8585004255 0.0 10.8585004255 0.0
57849.654303 10.9460884824 0.0 10.9460884824 0.0
57849.654308 11.1260451958 0.0 11.1260451958 0.0
57849.654313 11.3917027148 0.0 11.3917027148 0.0
57849.654317 11.7334405788 0.0 11.7334405788 0.0
57849.654322 11.2511036843 0.0 11.2511036843 0.0
57849.654326 10.8422475253 0.0 10.8422475253 0.0
57849.654331 10.5170659202 0.0 10.5170659202 0.0
57849.654336 10.2689143499 0.0 10.2689143499 0.0
57849.65434 10.0925882643 0.0 10.0925882643 0.0
57849.654345 9.98419758042 0.0 9.98419758042 0.0
57849.65435 9.94100558424 0.0 9.94100558424 0.0
57849.654354 9.96129986807 0.0 9.96129986807 0.0
57849.654359 10.0441584146 0.0 10.0441584146 0.0
57849.654363 10.1893920882 0.0 10.1893920882 0.0
57849.654368 10.3971309935 0.0 10.3971309935 0.0
57849.654373 10.6674817871 0.0 10.6674817871 0.0
57849.654377 11.0001200278 0.0 11.0001200278 0.0
57849.654382 11.3934674181 0.0 11.3934674181 0.0
57849.654387 11.8438065494 0.0 11.8438065494 0.0
57849.654391 11.4580181735 0.0 11.4580181735 0.0
57849.654396 10.8823723069 0.0 10.8823723069 0.0
57849.6544 10.4313480568 0.0 10.4313480568 0.0
57849.654405 10.0966383792 0.0 10.0966383792 0.0
57849.65441 9.87161625593 0.0 9.87161625593 0.0
57849.654414 9.75209009446 0.0 9.75209009446 0.0
57849.654419 9.73675481782 0.0 9.73675481782 0.0
57849.654424 9.82748593502 0.0 9.82748593502 0.0
57849.654428 10.0300231515 0.0 10.0300231515 0.0
57849.654433 10.3545731591 0.0 10.3545731591 0.0
57849.654438 10.3486462835 0.0 10.3486462835 0.0
57849.654442 10.1412968211 0.0 10.1412968211 0.0
57849.654447 9.95961448551 0.0 9.95961448551 0.0
57849.654451 9.81049648883 0.0 9.81049648883 0.0
57849.654456 9.69903022128 0.0 9.69903022128 0.0
57849.663299 8.49196592106 0.0 8.49196592106 0.0
57849.663303 8.48491460396 0.0 8.48491460396 0.0
57849.663308 8.48143513261 0.0 8.48143513261 0.0
57849.663313 8.48158771045 0.0 8.48158771045 0.0
57849.663317 8.48532071983 0.0 8.48532071983 0.0
57849.663322 8.4859814771 0.0 8.4859814771 0.0
57849.663326 8.47159828205 0.0 8.47159828205 0.0
57849.663331 8.46139575568 0.0 8.46139575568 0.0
57849.663336 8.45535284279 0.0 8.45535284279 0.0
57849.66334 8.45352654046 0.0 8.45352654046 0.0
57849.663345 8.45582152794 0.0 8.45582152794 0.0
57849.66335 8.46233677459 0.0 8.46233677459 0.0
57849.663354 8.47302120646 0.0 8.47302120646 0.0
57849.663359 8.48789771282 0.0 8.48789771282 0.0
57849.663363 8.50704564569 0.0 8.50704564569 0.0
57849.663368 8.52393151767 0.0 8.52393151767 0.0
57849.663373 8.51381356728 0.0 8.51381356728 0.0
57849.663377 8.50524411783 0.0 8.50524411783 0.0
57849.663382 8.49819712358 0.0 8.49819712358 0.0
57849.663387 8.49272963261 0.0 8.49272963261 0.0
57849.663391 8.48877250783 0.0 8.48877250783 0.0
57849.663396 8.48635591096 0.0 8.48635591096 0.0
57849.6634 8.48546526235 0.0 8.48546526235 0.0
57849.663405 8.48612320736 0.0 8.48612320736 0.0
57849.66341 8.48831899397 0.0 8.48831899397 0.0
57849.663414 8.49202709687 0.0 8.49202709687 0.0
57849.663419 8.4973053819 0.0 8.4973053819 0.0
57849.663424 8.50411081723 0.0 8.50411081723 0.0
57849.663428 8.51246476066 0.0 8.51246476066 0.0
57849.663433 8.5223502046 0.0 8.5223502046 0.0
57849.663437 8.53382428788 0.0 8.53382428788 0.0
57849.663442 8.52485164877 0.0 8.52485164877 0.0
57849.663447 8.51944977639 0.0 8.51944977639 0.0
57849.663451 8.51912982727 0.0 8.51912982727 0.0
57849.663456 8.52394875569 0.0 8.52394875569 0.0
57849.663461 8.53381521781 0.0 8.53381521781 0.0
57849.663465 8.54882106047 0.0 8.54882106047 0.0
57849.66347 8.56900613296 0.0 8.56900613296 0.0
57849.663475 8.59442354389 0.0 8.59442354389 0.0
57849.663479 8.62512030219 0.0 8.62512030219 0.0
57849.663484 8.66116856795 0.0 8.66116856795 0.0
57849.663488 8.66753804066 0.0 8.66753804066 0.0
57849.663493 8.67025729605 0.0 8.67025729605 0.0
57849.663498 8.67478607399 0.0 8.67478607399 0.0
57849.663502 8.68113199675 0.0 8.68113199675 0.0
57849.663507 8.68925358256 0.0 8.68925358256 0.0
57849.670035 8.58767797661 0.0 8.58767797661 0.0
57849.670039 8.59152025429 0.0 8.59152025429 0.0
57849.670044 8.59782862306 0.0 8.59782862306 0.0
57849.670049 8.60656775011 0.0 8.60656775011 0.0
57849.670053 8.61776665928 0.0 8.61776665928 0.0
57849.670058 8.62244280187 0.0 8.62244280187 0.0
57849.670063 8.62556750694 0.0 8.62556750694 0.0
57849.670067 8.63014366486 0.0 8.63014366486 0.0
57849.670072 8.63618849592 0.0 8.63618849592 0.0
57849.670076 8.64365429506 0.0 8.64365429506 0.0
57849.670081 8.65260199908 0.0 8.65260199908 0.0
57849.670086 8.66300788954 0.0 8.66300788954 0.0
57849.67009 8.67487218118 0.0 8.67487218118 0.0
57849.670095 8.68826668144 0.0 8.68826668144 0.0
57849.6701 8.70310415041 0.0 8.70310415041 0.0
57849.670104 8.69052021158 0.0 8.69052021158 0.0
57849.670109 8.66545988424 0.0 8.66545988424 0.0
57849.670113 8.64306200132 0.0 8.64306200132 0.0
57849.670118 8.6232828686 0.0 8.6232828686 0.0
57849.670123 8.60608925932 0.0 8.60608925932 0.0
57849.670127 8.5915032572 0.0 8.5915032572 0.0
57849.670132 8.57948764949 0.0 8.57948764949 0.0
57849.670137 8.57002280693 0.0 8.57002280693 0.0
57849.670141 8.56315521788 0.0 8.56315521788 0.0
57849.670146 8.5587893121 0.0 8.5587893121 0.0
57849.67015 8.55701979753 0.0 8.55701979753 0.0
57849.670155 8.55778338609 0.0 8.55778338609 0.0
57849.67016 8.56108643869 0.0 8.56108643869 0.0
57849.670164 8.56694327712 0.0 8.56694327712 0.0
57849.670169 8.57536941641 0.0 8.57536941641 0.0
57849.670174 8.57089716379 0.0 8.57089716379 0.0
57849.670178 8.54901765496 0.0 8.54901765496 0.0
57849.670183 8.53165475845 0.0 8.53165475845 0.0
57849.670187 8.51874024309 0.0 8.51874024309 0.0
57849.670192 8.5102610155 0.0 8.5102610155 0.0
57849.670197 8.50620166983 0.0 8.50620166983 0.0
57849.670201 8.5065710474 0.0 8.5065710474 0.0
57849.670206 8.51133686695 0.0 8.51133686695 0.0
57849.670211 8.52049516922 0.0 8.52049516922 0.0
57849.670215 8.53410112158 0.0 8.53410112158 0.0
57849.67022 8.5417436538 0.0 8.5417436538 0.0
57849.670225 8.53164508002 0.0 8.53164508002 0.0
57849.670229 8.52303367122 0.0 8.52303367122 0.0
57849.670234 8.51583133779 0.0 8.51583133779 0.0
57849.670238 8.51005576552 0.0 8.51005576552 0.0
