57848.48838657408 216.8738233463681 0.0 137.1797654218291 0.0
57848.489386574074 216.8738233463681 0.0 137.1797654218291 0.0
57848.57759259259 215.02931542075456 0.0 135.34452539651542 0.0
57848.64087962963 219.19189482200593 0.0 142.46706083353712 0.0
57848.65568287037 216.15147324417015 0.0 139.34897804073665 0.0
57848.677835648145 217.92732743055416 0.0 141.9991857131231 0.0
57848.68246527778 223.13934086481004 0.0 139.9682461855871 0.0
57848.68898148148 227.55891896407502 0.0 140.5195817473387 0.0
57848.693819444445 222.20346220676254 0.0 140.78676985939904 0.0
57848.69869212963 226.2822595568514 0.0 141.78329768162703 0.0
57848.70354166667 220.74609943511763 0.0 145.50400189099514 0.0
57848.708449074074 219.42578538897257 0.0 145.43832610377748 0.0
57848.70944907407 219.42578538897257 0.0 145.43832610377748 0.0
