57848.03507638889 80.58553578187802 0.0 79.05840303056715 0.0
57848.03607638889 80.58553578187802 0.0 79.05840303056715 0.0
57848.063206018516 80.55280037710395 0.0 76.7526086899014 0.0
57848.11253472222 70.09898801458242 0.0 68.65826893119433 0.0
57848.12363425926 69.05182654562142 0.0 67.57223520909935 0.0
57848.1277662037 69.50837054063362 0.0 68.0331723504358 0.0
57848.1472337963 68.76571798976715 0.0 67.18059132637595 0.0
57848.15137731482 69.54169490169365 0.0 67.96501769151313 0.0
57848.2903125 70.97425737510048 0.0 66.649593166281 0.0
57848.294444444444 70.27443495841152 0.0 68.1059324056734 0.0
57848.313206018516 71.2966506435483 0.0 69.1539021276976 0.0
57848.324537037035 71.71262149393799 0.0 67.28332209910795 0.0
57848.32640046296 72.49525365067187 0.0 70.23746009987869 0.0
57848.339583333334 74.6782029723846 0.0 72.39102746454007 0.0
57848.34058333333 74.6782029723846 0.0 72.39102746454007 0.0
