57849.35388425926 64.42387563737714 0.0 65.7449998708101 0.0
57849.35488425926 64.42387563737714 0.0 65.7449998708101 0.0
57849.35766203704 64.42387563737714 0.0 65.7449998708101 0.0
57849.36258101852 64.42446159285105 0.0 65.6870387465813 0.0
57849.37170138889 70.98561517778636 0.0 74.4202176163447 0.0
57849.372881944444 70.69024199917091 0.0 74.10773056278722 0.0
57849.37333333334 71.12259014679336 0.0 74.58010691703527 0.0
57849.37447916667 70.98561517778636 0.0 74.4202176163447 0.0
57849.37515046296 71.26674741131275 0.0 74.70833807041613 0.0
57849.37611111111 71.12259014679336 0.0 74.58010691703527 0.0
57849.37957175926 71.52060701563028 0.0 74.96757311818736 0.0
57849.38113425926 71.75615130923211 0.0 75.22221673831237 0.0
57849.38113425926 72.14983672936052 0.0 75.5693941575115 0.0
57849.38300925926 72.34423699350235 0.0 75.77655956274782 0.0
57849.38391203704 72.14983672936052 0.0 75.5693941575115 0.0
57849.39314814815 74.4147881887883 0.0 77.74267887453932 0.0
57849.39423611111 74.0737446698146 0.0 77.41791351704936 0.0
57849.39474537037 74.81607506176583 0.0 78.19446168457857 0.0
57849.39592592593 74.4147881887883 0.0 77.74267887453932 0.0
57849.397523148145 74.81607506176583 0.0 78.19446168457857 0.0
57849.413935185185 64.72551187503048 0.0 65.96189532309836 0.0
57849.416712962964 64.72551187503048 0.0 65.96189532309836 0.0
57849.42151620371 64.6674345345355 0.0 65.85805595106682 0.0
57849.43471064815 64.83473015289864 0.0 66.07460696740796 0.0
57849.44237268518 64.76588274605751 0.0 65.99209961456341 0.0
57849.45024305556 65.64392483321798 0.0 69.26493174204944 0.0
57849.454884259256 64.84098458302343 0.0 65.97762010080893 0.0
57849.457662037035 64.84098458302343 0.0 65.97762010080893 0.0
57849.46258101852 64.90603858095423 0.0 66.09592024532924 0.0
57849.4778125 65.21225965737479 0.0 66.39573834601751 0.0
57849.48059027778 65.21225965737479 0.0 66.39573834601751 0.0
57849.48541666667 65.36245676363885 0.0 66.57208505081407 0.0
57849.49400462963 66.25788909946375 0.0 69.8556940326417 0.0
57849.49858796296 65.5577208072388 0.0 66.7169507879062 0.0
57849.50623842593 65.70434743540144 0.0 68.17379280662787 0.0
57849.51998842593 66.07190150099815 0.0 67.19354847551043 0.0
57849.53055555555 66.38966767434145 0.0 67.52042841396319 0.0
57849.53820601852 66.60637425133642 0.0 67.66310629527469 0.0
57849.55137731481 67.1768516125943 0.0 68.34680722383678 0.0
57849.559016203704 67.44431079869742 0.0 68.52527637012903 0.0
57849.57232638889 68.42874953365364 0.0 69.44378231521948 0.0
57849.58331018518 69.35423319191706 0.0 70.40344901361595 0.0
57849.59003472222 70.2440324365523 0.0 71.2179398180197 0.0
57849.59857638889 71.62539655538576 0.0 72.59119982247618 0.0
57849.60135416667 71.62539655538576 0.0 72.59119982247618 0.0
57849.605532407404 72.33359750043033 0.0 73.2972092880969 0.0
57849.6065324074 72.33359750043033 0.0 73.2972092880969 0.0
