57853.0777778 19654.262402 21799.009519
57853.1090278 23673.64339 26860.986792
57853.1347222 31013.707382 37083.658732
57853.1555556 36663.939943 39300.226233
57853.2201389 15551.743598 8497.716163
57853.2208333 19458.35454 9182.543397
57853.2212153 29391.583696 11278.159644
57853.221331 12916.954992 29552.223814
57853.2214468 9863.144403 20326.72931
57853.2215278 9281.988324 32886.33557
57853.2215741 8160.005543 63688.65699
57853.2216898 9878.175088 8011.580026
57853.2218056 8883.479801 6632.906194
57853.2219329 6960.653279 7502.505793
57853.2220486 6371.420678 7160.871041
57853.2221644 6645.603202 6357.689305
57853.2222222 7538.750671 7570.066247
57853.2222917 8683.808232 9327.343848
57853.2224074 6375.832688 6517.355395
57853.2225231 6194.59166 6258.73459
57853.2226505 6306.19827 6420.141436
57853.2227662 6520.529572 6442.809666
57853.2228819 12096.454852 13758.304119
57853.2229167 8391.615205 8815.151221
57853.2230093 6430.5496 6490.192305
57853.223125 6352.065293 6435.416661
57853.2232407 7414.951611 7600.272143
57853.2233565 6376.686726 6382.198523
57853.2234838 7017.236824 6943.135521
57853.2235995 6146.729967 6140.169953
57853.2236111 6208.991141 6260.364138
57853.2256944 8191.200015 8191.038282
57853.2257523 7817.009942 7764.028819
57853.2258681 5854.666549 5855.678505
57853.2259954 7043.717487 6997.265913
57853.2261111 6064.024542 6037.397476
57853.2262269 5818.856689 5816.114979
57853.2263542 5885.972852 5869.472905
57853.2263889 5849.097259 5841.493261
57853.2264699 5810.192788 5811.299835
57853.2265856 5850.876502 5862.660958
57853.226713 6105.82238 6150.528131
57853.2268287 5795.057678 5818.693132
57853.2269444 5756.853345 5758.177142
57853.2270718 6181.400877 6207.146386
57853.2270833 5955.212908 5966.208112
57853.2271875 5744.482039 5742.740955
57853.2273032 5937.237169 5938.374345
57853.2274306 5740.951481 5736.929304
57853.2275463 5825.026414 5803.49117
57853.227662 5845.903289 5852.150186
57853.2277778 6099.025274 6090.147039
57853.2279051 5725.264102 5735.988422
57853.2280208 5788.344236 5794.212728
57853.2281366 5825.233416 5811.999117
57853.2282639 6005.341652 6041.199419
57853.2283796 5825.066349 5800.014836
57853.2284722 6073.445759 6096.682721
57853.2284954 6347.014888 6428.56083
57853.2286227 5713.728718 5711.744911
57853.2287384 5708.954886 5738.039827
57853.2288542 5806.725551 5830.874432
57853.2289815 5731.280267 5717.379916
57853.2290972 6049.914074 6050.715212
57853.2465278 5092.072062 5099.688665
57853.2465394 5060.754299 5061.724425
57853.2466667 5155.228423 5156.009808
57853.2467824 5072.403775 5081.107742
57853.2468981 5033.491413 5033.689922
57853.2470255 5080.340008 5086.4173
57853.2471412 5055.40822 5054.26575
57853.2472222 5057.870506 5053.977593
57853.2472569 5059.756944 5053.10754
57853.2473843 5012.041014 5011.801784
57853.2475 5008.301845 5008.398108
57853.2476157 5022.004603 5024.874073
57853.2477431 5000.945204 5003.023721
57853.2478588 4995.056252 4994.898623
57853.2479167 4995.065173 4995.553281
57853.2479745 4999.282442 5000.418623
57853.2481019 5052.732694 5073.051708
57853.2482176 4990.602423 4991.353772
57853.2483333 5018.32426 5016.648354
57853.2484606 4987.472999 4990.02002
57853.2485764 5014.643611 5020.538768
57853.2486111 5064.028311 5063.172246
57853.2486921 5113.23339 5105.374123
57853.2488194 4992.978559 4993.915199
57853.2489352 5006.914122 5001.643178
57853.2490509 5022.717932 5013.835377
57853.2491782 5045.03303 5063.301938
57853.249294 4992.14312 4995.164632
57853.2493056 5004.671618 5004.566256
57853.2494097 5015.235722 5011.974975
57853.249537 4989.021433 4992.632748
57853.2496528 4974.609156 4975.096561
57853.2497685 4962.798313 4969.371284
57853.2498958 5015.475085 5010.915489
57853.25 4983.792314 4982.208626
57853.2520833 4887.528908 4889.473015
57853.2521644 4874.546669 4873.11891
57853.2522801 4884.237145 4883.703653
57853.2523958 4874.207411 4878.583941
57853.2525231 4895.544098 4897.189793
57853.2526389 5016.108402 5005.716193
57853.2527546 4889.061005 4892.38023
57853.2527778 4880.276371 4879.213657
57853.2528819 4872.200614 4866.790119
57853.2529977 4878.270426 4885.250506
57853.2531134 4849.395781 4849.077835
57853.2532407 4854.556069 4863.2421
57853.2533565 4892.335649 4891.853858
57853.2534722 4876.531821 4877.419486
57853.2535995 4852.166164 4853.085976
57853.2537153 4898.431919 4892.466994
57853.253831 4891.290762 4886.779614
57853.2539583 4858.946451 4858.329493
57853.2540741 4869.482409 4869.26342
57853.2541667 4878.121167 4882.201234
57853.2541898 4877.766814 4886.164279
57853.2543171 4861.67045 4862.181699
57853.2544329 4843.305245 4844.02951
57853.2545486 4841.825928 4841.555171
57853.2546644 4856.282827 4858.172568
57853.2547917 4829.190332 4831.757948
57853.2548611 4856.944521 4854.712528
57853.2549074 4891.020464 4883.864944
57853.2550231 4926.756132 4934.339608
57853.2551505 4865.602347 4858.111871
57853.2552662 4818.156313 4817.090346
57853.2553819 4872.079466 4882.948017
57853.2555093 4883.430785 4905.106146
57853.2840278 4452.900419 4460.134959
57853.2840625 4456.450606 4468.061879
57853.2841898 4439.257042 4436.091409
57853.2843056 4444.79987 4446.143713
57853.2844213 4523.486115 4514.720621
57853.2845486 4428.413953 4430.537221
57853.2846644 4451.974766 4451.906509
57853.2847222 4440.825818 4441.706334
57853.2847801 4426.407528 4428.226802
57853.2849074 4421.990156 4423.126989
57853.2850231 4424.423818 4420.266152
57853.2851389 4407.986962 4409.703832
57853.2852662 4417.319241 4419.775874
57853.2853819 4404.376303 4401.844437
57853.2854167 4401.072816 4397.935439
57853.2854977 4402.213776 4398.467904
57853.285625 4440.775454 4440.293553
57853.2857407 4425.724749 4431.928935
57853.2858565 4416.736942 4430.592396
57853.2859722 4429.644458 4433.091036
57853.2860995 4407.566832 4406.875845
57853.2861111 4412.869494 4411.75537
57853.2862153 4415.871063 4414.332673
57853.286331 4392.158107 4392.750788
57853.2864583 4396.888037 4394.412187
57853.2865741 4425.194006 4429.681129
57853.2866898 4384.969877 4384.395339
57853.2868056 4398.934434 4395.140288
57853.2868171 4416.901854 4409.84209
57853.2869329 4389.441847 4389.217961
57853.2870486 4393.844698 4395.311061
57853.2871759 4402.199576 4408.644927
57853.2872917 4424.22709 4427.460081
57853.2874074 4391.890091 4397.722469
57853.2875 4424.197988 4423.686283
57853.2895833 4319.038721 4318.586949
57853.2896875 4332.124143 4328.150167
57853.2898032 4319.898103 4321.808554
57853.289919 4319.070423 4314.881227
57853.2900463 4341.559632 4343.576514
57853.290162 4314.966206 4319.04961
57853.2902778 4355.873679 4352.503826
57853.2903935 4316.963964 4313.971239
57853.2905208 4323.305488 4319.358983
57853.2906366 4320.619261 4322.044532
57853.2907523 4340.398488 4337.109513
57853.2908796 4307.064882 4308.980101
57853.2909722 4308.016295 4310.333502
57853.2909954 4309.560328 4312.280774
57853.2911111 4309.700595 4305.511521
57853.2912384 4306.213869 4307.045074
57853.2913542 4303.511441 4303.122732
57853.2914699 4322.18676 4316.221037
57853.2915972 4304.819153 4307.130576
57853.2916667 4309.518508 4309.0526
57853.291713 4315.342175 4312.08713
57853.2918287 4298.633059 4295.768851
57853.291956 4300.935653 4300.012825
57853.2920718 4319.318423 4320.983989
57853.2921875 4317.951736 4312.307222
57853.2923148 4303.125014 4301.769731
57853.2923611 4300.840116 4299.032519
57853.2924306 4302.193484 4299.93256
57853.2925463 4295.143264 4294.401925
57853.2926736 4302.354912 4305.392113
57853.2927894 4311.828725 4313.492889
57853.2929051 4312.564628 4312.386809
57853.3090278 4224.613847 4225.628604
57853.3090394 4224.178533 4224.77569
57853.3091551 4221.471285 4219.068859
57853.3092824 4219.281039 4219.585098
57853.3093981 4225.209057 4223.050949
57853.3095139 4230.145576 4228.621751
57853.3096412 4234.635465 4231.576916
57853.3097222 4235.215186 4231.03429
57853.3097569 4233.988204 4228.687294
57853.3098727 4220.569329 4218.817311
57853.31 4217.155467 4218.027627
57853.3101157 4227.087337 4233.38945
57853.3102315 4219.229883 4217.418166
57853.3103588 4213.633778 4212.382669
57853.3104167 4209.421352 4208.912621
57853.3104745 4206.238128 4206.469705
57853.3105903 4209.588585 4209.22663
57853.3107176 4211.456094 4209.641388
57853.3108333 4224.175348 4228.268605
57853.3109491 4230.081101 4222.6019
57853.3110764 4220.972104 4226.667581
57853.3111111 4214.497837 4217.269084
57853.3111921 4208.063737 4207.931767
57853.3113079 4221.01307 4227.118708
57853.3114352 4204.034653 4207.951468
57853.3115509 4223.837267 4220.716712
57853.3116667 4202.757482 4203.691802
57853.311794 4253.038263 4250.274013
57853.3118056 4230.190926 4230.17981
57853.3119097 4207.996407 4210.684414
57853.3120255 4215.465053 4211.301092
57853.3121528 4202.492673 4206.551658
57853.3122685 4210.371396 4210.445009
57853.3123843 4205.773035 4205.427206
57853.3270833 5832.958104 5829.088758
57853.3305556 4075.250757 4074.178353
57853.3306713 4074.182489 4073.879541
57853.330787 4070.357577 4068.820103
57853.3309028 4068.924525 4070.855255
57853.3310301 4070.033726 4070.615813
57853.3311458 4075.984924 4077.102297
57853.33125 4079.357269 4081.291836
57853.3312616 4086.965562 4089.722933
57853.3313889 4085.547659 4089.469145
57853.3315046 4093.440931 4091.536326
57853.3316204 4096.300301 4097.07991
57853.3317477 4105.556434 4102.117974
57853.3318634 4112.819799 4113.764701
57853.3319444 4125.631935 4127.001654
57853.3319792 4131.030794 4132.826462
57853.3321065 4101.598618 4101.63664
57853.3322222 4102.274452 4103.147336
57853.332338 4097.572962 4097.429707
57853.3324653 4093.038546 4092.599926
57853.332581 4093.497244 4090.508258
57853.3326389 4098.665634 4096.036551
57853.3326968 4106.547955 4104.279654
57853.3328241 4088.467332 4088.120484
57853.3329398 4095.151146 4093.983641
57853.3330556 4091.398857 4089.911782
57853.3331829 4094.57838 4094.462128
57853.3332986 4099.619528 4095.522556
57853.3333333 4096.953419 4092.825699
57853.3334144 4092.638141 4088.481436
57853.3335417 4100.269863 4103.777427
57853.3336574 4099.368844 4099.355494
57853.3337731 4087.533304 4086.608281
57853.3339005 4085.970608 4085.511761
57853.3340162 4079.188692 4079.204714
57853.3340278 4086.129051 4084.672858
57853.3361111 4070.072877 4071.974528
57853.336169 4053.183041 4051.848402
57853.3362847 4073.787646 4080.782638
57853.3364005 4073.177083 4066.805822
57853.3365278 4054.266871 4058.039809
57853.3366435 4064.435992 4061.693062
57853.3367593 4056.618199 4061.031914
57853.3368056 4058.409178 4060.845329
57853.3368866 4058.639804 4059.096566
57853.3370023 4054.355862 4054.982084
57853.3371181 4056.212052 4058.816424
57853.3372454 4061.925519 4056.287285
57853.3373611 4068.825719 4070.555186
57853.3374769 4049.044684 4045.850177
57853.3375 4047.875134 4046.690447
57853.3376042 4048.09438 4048.921117
57853.3377199 4053.741542 4048.678744
57853.3378356 4039.417851 4039.51564
57853.337963 4042.18129 4045.400603
57853.3380787 4039.384853 4039.708302
57853.3381944 4038.279538 4038.06707
57853.3383218 4037.655701 4037.226329
57853.3384375 4037.856773 4040.198495
57853.3385532 4039.90327 4041.236504
57853.3386806 4038.750791 4040.8454
57853.3387963 4037.264378 4036.29306
57853.3388889 4035.347447 4035.118766
57853.338912 4033.824631 4034.337793
57853.3390394 4034.027112 4034.292157
57853.3391551 4035.153532 4036.844993
57853.3392708 4032.563567 4032.170951
57853.3393981 4036.058484 4036.268705
57853.3395139 4036.567087 4038.645485
57853.3576389 5236.453861 5235.59486
57853.3631944 3970.375654 3971.427827
57853.363287 3969.946462 3973.407697
57853.3634144 3967.452565 3967.850264
57853.3635301 3967.763203 3967.690232
57853.3636458 3966.332097 3966.28713
57853.3637731 3967.178689 3965.052273
57853.3638889 3972.581219 3972.627851
57853.3640046 3969.466909 3968.949188
57853.3641319 3972.242801 3972.782859
57853.3642477 3964.853077 3963.562171
57853.3643634 3971.266099 3968.374722
57853.3644907 3965.33785 3964.653456
57853.3645833 3964.779929 3964.607988
57853.3646065 3965.078595 3965.419279
57853.3647222 3957.622184 3956.97305
57853.3648495 3958.574491 3957.047287
57853.3649653 3963.047088 3962.077392
57853.365081 3957.782895 3957.902327
57853.3652083 3956.770031 3957.218306
57853.3652778 3958.255506 3958.99995
57853.3653241 3959.406247 3960.447281
57853.3654398 3978.828221 3978.120246
57853.3655671 3962.879999 3960.614852
57853.3656829 3961.291874 3960.733888
57853.3657986 3964.628988 3961.161145
57853.3659259 3956.72628 3956.752434
57853.3659722 3957.235033 3956.786072
57853.3660417 3960.312009 3959.387088
57853.3661574 3959.541082 3959.675786
57853.3662847 3960.971125 3961.340492
57853.3664005 3964.219445 3962.466648
57853.3665162 3966.078777 3966.879533
57853.3666319 3973.214917 3971.555195
