57853.424069444445 72.45838266895004 0.0 67.85098361114598 0.0
57853.42506944444 72.45838266895004 0.0 67.85098361114598 0.0
57853.42518518519 72.42258870683925 0.0 67.82772490656015 0.0
57853.4253125 72.27250526998493 0.0 67.68757428804788 0.0
57853.42542824074 72.2748199721037 0.0 67.66674837761897 0.0
57853.42554398148 72.43474815307913 0.0 67.7289261172802 0.0
57853.425671296296 72.2491174202149 0.0 67.77064931812296 0.0
57853.42569444444 72.22294050369314 0.0 67.68135049627777 0.0
57853.425787037035 72.1844636746717 0.0 67.5749456677547 0.0
57853.42590277778 72.25505347724821 0.0 67.64974382065316 0.0
57853.426030092596 72.33958426062456 0.0 67.83362947683104 0.0
57853.426145833335 72.25582160628997 0.0 67.77519850210695 0.0
57853.42626157407 72.3109074759818 0.0 67.5637392911316 0.0
57853.42638888889 72.12929996194335 0.0 67.55617224946955 0.0
57853.42650462963 72.35306945112971 0.0 67.53567401011114 0.0
57853.426620370374 72.12441465966985 0.0 67.49137281164164 0.0
57853.42674768518 72.21298554276785 0.0 67.6052358993 0.0
57853.42686342593 72.49061346822774 0.0 67.57400199041048 0.0
57853.42697916667 72.18292668630166 0.0 67.42581433694369 0.0
57853.427083333336 72.14856027669575 0.0 67.4377059440785 0.0
57853.42710648148 72.0862473360904 0.0 67.43419670315647 0.0
57853.42722222222 72.21664601045939 0.0 67.41918407248785 0.0
57853.42733796296 72.37112332277287 0.0 68.15029343297063 0.0
57853.427465277775 71.93835466564411 0.0 67.37091851830432 0.0
57853.42758101852 71.93297176538725 0.0 67.68672066956708 0.0
57853.42769675926 72.21809041369067 0.0 67.7094675507052 0.0
57853.427777777775 72.11170276037032 0.0 67.57196866304844 0.0
57853.44658564815 68.86064922726186 0.0 64.435814831505 0.0
57853.446701388886 68.90545314414528 0.0 64.66062651258493 0.0
57853.44681712963 69.0628379159154 0.0 64.6513843935302 0.0
57853.44694444445 69.31217481799283 0.0 65.02721531020684 0.0
57853.447060185186 68.75436836303567 0.0 64.56205495490366 0.0
57853.447175925925 68.8904191597061 0.0 64.56582079552618 0.0
57853.447222222225 68.86157561369039 0.0 64.48001536135052 0.0
57853.447291666664 68.8217298968865 0.0 64.38084465118487 0.0
57853.44741898148 69.26051471076431 0.0 64.84495293390226 0.0
57853.447534722225 68.61939236833857 0.0 64.33985976826496 0.0
57853.447650462964 69.07950017190339 0.0 64.40889495248308 0.0
57853.44777777778 68.91040967807405 0.0 64.47763070243819 0.0
57853.44789351852 68.67973134775644 0.0 64.39017140837568 0.0
57853.447916666664 68.83005855002595 0.0 64.57818320454672 0.0
57853.44800925926 69.02575215091828 0.0 64.80877661243113 0.0
57853.44813657407 68.78283294543778 0.0 64.36981413675201 0.0
57853.44825231482 68.5757665870386 0.0 64.40830673911557 0.0
57853.44836805556 68.71290694622081 0.0 64.2717022491236 0.0
57853.44849537037 69.22361168705372 0.0 65.06243496826721 0.0
57853.44861111111 68.91380104884652 0.0 64.41871116376049 0.0
57853.44872685185 69.54016095753589 0.0 65.45440696393177 0.0
57853.448854166665 70.29955157040477 0.0 66.13434667402407 0.0
57853.448969907404 70.02853996764462 0.0 65.8697065349467 0.0
57853.44908564815 69.79513378452684 0.0 66.08199082200838 0.0
57853.449212962965 68.59712687860913 0.0 64.19460841067574 0.0
57853.44930555556 68.72305146019056 0.0 64.4943960511299 0.0
57853.468090277776 67.02306524622699 0.0 62.69428402972635 0.0
57853.468206018515 66.5297536745778 0.0 62.40988690103516 0.0
57853.46833333333 66.58907923976723 0.0 62.35660442968331 0.0
57853.46844907408 66.65301252756697 0.0 62.32107061821066 0.0
57853.468564814815 66.43428465784817 0.0 62.28602828885464 0.0
57853.46869212963 66.47642614491245 0.0 62.401536279165434 0.0
57853.46875 66.67037601513884 0.0 62.53320291653067 0.0
57853.46880787037 66.86167722993494 0.0 62.65944780318448 0.0
57853.46892361111 67.22145512408966 0.0 63.258706412635405 0.0
57853.46905092592 66.4200081300808 0.0 62.348451464330694 0.0
57853.46916666667 66.71527753820709 0.0 62.321540128594386 0.0
57853.46928240741 66.46938228237119 0.0 62.26206715970809 0.0
57853.469409722224 66.62359811658328 0.0 62.36816743339506 0.0
57853.46944444445 66.55163958911906 0.0 62.57411917078817 0.0
57853.46952546296 66.50094287301496 0.0 62.78601683496095 0.0
57853.4696412037 66.57818348378093 0.0 62.18808216209919 0.0
57853.46975694445 66.66241939053818 0.0 62.518128402888074 0.0
57853.46988425926 66.3750970093453 0.0 62.16823166216005 0.0
57853.47 66.71906624796243 0.0 62.3788291810611 0.0
57853.47011574074 66.51499052845155 0.0 62.18694171608699 0.0
57853.470138888886 66.54198440834178 0.0 62.19354732606913 0.0
57853.470243055555 66.55636910168703 0.0 62.204016325314555 0.0
57853.470358796294 66.46307371014375 0.0 62.56802493286806 0.0
57853.47047453704 66.75636320231952 0.0 62.327615741338924 0.0
57853.470601851855 67.16485829658245 0.0 63.10832967208053 0.0
57853.470717592594 66.51065201153872 0.0 62.25654292522192 0.0
57853.47083333333 66.4405435332975 0.0 62.25983660434711 0.0
57853.48685185185 65.59391900168795 0.0 61.37350931794596 0.0
57853.486967592595 65.30693961593974 0.0 61.08852130310571 0.0
57853.48709490741 67.4213344350288 0.0 63.06500348053586 0.0
57853.48721064815 66.05331285408779 0.0 61.71958967783243 0.0
57853.48732638889 65.65619063728873 0.0 61.43798178651379 0.0
57853.487442129626 65.83623979997643 0.0 61.291370224526716 0.0
57853.4875 65.74245655586654 0.0 61.47430733241327 0.0
57853.48756944444 65.66103908711771 0.0 61.66444878534146 0.0
57853.48768518519 65.0869152825666 0.0 60.96282448345057 0.0
57853.48780092593 65.12018369138711 0.0 61.07667388618997 0.0
57853.48792824074 65.28815564863201 0.0 61.1775450390092 0.0
57853.48804398148 65.30283099529453 0.0 61.137546098939886 0.0
57853.48815972222 65.74812793532604 0.0 61.711814055333036 0.0
57853.48819444444 65.75944288845518 0.0 61.64426250674105 0.0
57853.488287037035 65.80285776468983 0.0 61.59406824524582 0.0
57853.48840277778 65.82457538792028 0.0 61.79095681408405 0.0
57853.48851851852 65.23114997453287 0.0 61.20187204653139 0.0
57853.488645833335 65.66655070125124 0.0 61.22120732229968 0.0
57853.48876157407 65.60417947813995 0.0 61.2910423960957 0.0
57853.48887731481 65.33752414960334 0.0 61.22339222062103 0.0
57853.48888888889 65.61313509504024 0.0 61.36480024411389 0.0
57853.48900462963 65.83787060651339 0.0 61.47300019520765 0.0
57853.489120370374 65.1951777434497 0.0 61.015572651578054 0.0
57853.48923611111 65.21010703104236 0.0 61.167055699943575 0.0
57853.48936342593 65.30012104123544 0.0 61.07773937368671 0.0
57853.48947916667 65.35081547310638 0.0 60.98061996241101 0.0
57853.489583333336 65.23733550659469 0.0 60.96038775303189 0.0
57853.52018518518 63.85008844159889 0.0 59.491471388762946 0.0
57853.5203125 63.804786246801264 0.0 59.57617905673374 0.0
57853.52042824074 63.66895570056101 0.0 59.423443496653746 0.0
57853.52054398148 63.77251494962387 0.0 59.46800575939974 0.0
57853.5206712963 63.77018411452173 0.0 59.440641719281594 0.0
57853.520787037036 63.613976105884156 0.0 59.409734732617686 0.0
57853.520833333336 63.660966949929374 0.0 59.46829581381999 0.0
57853.520902777775 63.71070323736821 0.0 59.530316209474314 0.0
57853.52103009259 63.664427312275414 0.0 59.42531410939281 0.0
57853.521145833336 63.74146400107233 0.0 59.522981738148836 0.0
57853.521261574075 63.67849792512383 0.0 59.50643866003073 0.0
57853.52138888889 63.68348563010665 0.0 59.420334532885285 0.0
57853.52150462963 63.71083682545694 0.0 59.454447789883645 0.0
57853.521527777775 63.68341209451642 0.0 59.46011187342318 0.0
57853.52162037037 63.646770758617436 0.0 59.46267797534854 0.0
57853.52174768518 63.902397740616905 0.0 59.54500089848013 0.0
57853.52186342593 63.889142489158516 0.0 59.58379293062838 0.0
57853.52197916667 63.95036545634434 0.0 59.60498866705705 0.0
57853.52210648148 63.69292722116012 0.0 59.53482332215323 0.0
57853.52222222222 63.8275477439013 0.0 59.629760832993455 0.0
57853.52233796296 63.866234678427695 0.0 59.63876506099032 0.0
57853.522465277776 63.85481285698048 0.0 59.56012420235539 0.0
57853.52258101852 63.66751648211198 0.0 59.49768574490944 0.0
57853.52269675926 63.7489376774233 0.0 59.62288983268087 0.0
57853.522824074076 63.571219219077435 0.0 59.44549851754967 0.0
57853.52291666667 63.614312171083014 0.0 59.457239441467514 0.0
57853.54659722222 62.65402358987011 0.0 58.303961331971266 0.0
57853.54671296296 62.53021672759498 0.0 58.302332371869994 0.0
57853.54684027778 62.46537909114136 0.0 58.32179658583915 0.0
57853.546956018516 62.798211869447364 0.0 58.49465500368388 0.0
57853.54707175926 62.61170709220441 0.0 58.37366208316898 0.0
57853.54719907408 62.55196582042806 0.0 58.312309660996966 0.0
57853.54722222222 62.650216504015376 0.0 58.35653309613243 0.0
57853.547314814816 62.747464092184636 0.0 58.40053917559324 0.0
57853.547430555554 62.61564411550839 0.0 58.5227816751733 0.0
57853.54755787037 62.92918307907707 0.0 58.56345548206663 0.0
57853.54767361111 62.518226422380216 0.0 58.30003523155025 0.0
57853.547789351855 62.51393086344835 0.0 58.41513042012318 0.0
57853.54791666667 62.6252382590278 0.0 58.39705648403864 0.0
57853.54803240741 62.55758956353738 0.0 58.24515269101799 0.0
57853.54814814815 62.51603123999475 0.0 58.28327454767791 0.0
57853.54827546296 62.49731950251947 0.0 58.27214547277284 0.0
57853.5483912037 62.45715288900063 0.0 58.25758200440523 0.0
57853.54850694445 62.32315890581927 0.0 58.23528147094337 0.0
57853.54861111111 62.362968250396804 0.0 58.22421755592771 0.0
57853.548634259256 62.42105310710482 0.0 58.21743946619432 0.0
57853.54875 62.3058470610905 0.0 58.25452044262316 0.0
57853.54886574074 62.37319699197725 0.0 58.206719216942645 0.0
57853.548993055556 62.4036789780859 0.0 58.20743423309431 0.0
57853.549108796295 62.355791142443216 0.0 58.184802826855055 0.0
57853.54922453704 62.323998748475695 0.0 58.22693765775425 0.0
57853.549305555556 62.39662871501953 0.0 58.22538119239753 0.0
57853.570856481485 62.24772734004029 0.0 57.9049725153203 0.0
57853.570972222224 62.11070483419102 0.0 57.900448927447876 0.0
57853.57109953704 62.19430619437763 0.0 57.87665076695437 0.0
57853.57121527778 61.974761613095374 0.0 57.85139156493991 0.0
57853.57133101852 61.973622638990534 0.0 57.842020141070456 0.0
57853.57145833333 61.82270968665156 0.0 57.78155774985648 0.0
57853.57152777778 61.848464920319564 0.0 57.78624396861246 0.0
57853.57157407407 61.88515624929778 0.0 57.803503094535714 0.0
57853.57168981482 61.94130497495189 0.0 58.0240419395271 0.0
57853.57181712963 61.8546277330969 0.0 57.989058847337745 0.0
57853.57193287037 62.01013788889684 0.0 57.93349190235299 0.0
57853.57204861111 61.821823630494755 0.0 57.96515658565929 0.0
57853.572175925925 61.938756033682175 0.0 57.88455982384249 0.0
57853.572222222225 61.88453221120767 0.0 57.86495587140804 0.0
57853.572291666664 61.833583229504015 0.0 57.836373105512074 0.0
57853.57240740741 61.880192307393486 0.0 57.83697117761268 0.0
57853.57252314815 62.05283417379096 0.0 57.974464542589786 0.0
57853.572650462964 61.8841684035586 0.0 57.92149000155296 0.0
57853.5727662037 62.332943488977 0.0 58.230919003567166 0.0
57853.57288194444 61.948561411868155 0.0 57.87287485515127 0.0
57853.572916666664 61.94792456571891 0.0 57.85091687259589 0.0
57853.57300925926 61.9385500153176 0.0 57.82754245167263 0.0
57853.573125 61.89332899432701 0.0 57.96358313631068 0.0
57853.57324074074 62.03457560909077 0.0 58.03574831946255 0.0
57853.57336805556 61.95724702567085 0.0 58.11991847034887 0.0
57853.573483796295 61.80753102980251 0.0 57.93271498902843 0.0
57853.573599537034 61.94399634347142 0.0 57.78616759225343 0.0
57853.57361111111 62.617411851656726 0.0 58.011097524525425 0.0
57853.59726851852 61.47691973415714 0.0 57.544136130452074 0.0
57853.59738425926 61.41428719768715 0.0 57.49355136882744 0.0
57853.5975 61.444429373214945 0.0 57.53270996572298 0.0
57853.59762731481 61.41576684370228 0.0 57.51207412361338 0.0
57853.59774305556 61.46838227088785 0.0 57.575554804100676 0.0
57853.597858796296 61.49489639799388 0.0 57.51086819028209 0.0
57853.597916666666 61.50772618947964 0.0 57.5197090395979 0.0
57853.59798611111 61.509398615171 0.0 57.519222056630774 0.0
57853.59810185185 61.41099835534349 0.0 57.494946369224486 0.0
57853.59821759259 61.42946069273277 0.0 57.48925689204897 0.0
57853.598344907405 61.46361999589676 0.0 57.53337457511075 0.0
57853.59846064815 61.41057243667412 0.0 57.539949383015625 0.0
57853.59857638889 61.437869030427805 0.0 57.59306987824143 0.0
57853.59861111111 61.4376781299554 0.0 57.553046635256415 0.0
57853.598703703705 61.436081979566374 0.0 57.51636577531651 0.0
57853.59881944444 61.46675968358833 0.0 57.55090584864846 0.0
57853.59893518518 61.42951368845435 0.0 57.59134391555731 0.0
57853.5990625 61.44022483682819 0.0 57.61554080280771 0.0
57853.599178240744 61.43006928207065 0.0 57.52321680852002 0.0
57853.59929398148 61.361963959769085 0.0 57.44791595871864 0.0
57853.59930555556 61.40984666159003 0.0 57.46760584886062 0.0
57853.59940972222 61.45792804024555 0.0 57.484161192453705 0.0
57853.59953703704 61.43905201905381 0.0 57.53477402406305 0.0
57853.599652777775 61.66294196679234 0.0 57.59467422427181 0.0
57853.59976851852 61.502111134496836 0.0 57.42521354770916 0.0
57853.59989583334 61.58670896386655 0.0 57.60136653760916 0.0
57853.6 61.50186083363657 0.0 57.56853012714498 0.0
57853.61817129629 61.19056083253364 0.0 57.33207202779261 0.0
57853.61829861111 61.31223319208003 0.0 57.37931656964903 0.0
57853.618414351855 61.2321847315609 0.0 57.313622647674265 0.0
57853.61853009259 61.3771005343198 0.0 57.33816730590541 0.0
57853.61865740741 61.18036980110532 0.0 57.32552895525692 0.0
57853.61875 61.250934605114395 0.0 57.32965482191568 0.0
57853.61877314815 61.33961187519856 0.0 57.35573701906375 0.0
57853.61888888889 61.302890347845754 0.0 57.38919417451338 0.0
57853.6190162037 61.362023980634795 0.0 57.38232642547703 0.0
57853.61913194445 61.456949257183275 0.0 57.37410966629461 0.0
57853.61924768519 61.3950319732794 0.0 57.381715197438986 0.0
57853.619375 61.445567382847074 0.0 57.43109541877118 0.0
57853.61944444444 61.527010385683454 0.0 57.4218243353518 0.0
57853.61949074074 61.56921465310403 0.0 57.391396471945164 0.0
57853.61960648148 61.592102886652604 0.0 57.52824274215231 0.0
57853.619733796295 61.4653685663724 0.0 57.4226251054408 0.0
57853.61984953703 61.27520462634131 0.0 57.39063711094345 0.0
57853.61996527778 61.404623026283616 0.0 57.35636635108609 0.0
57853.620092592595 61.384036638200975 0.0 57.46932770617732 0.0
57853.62013888889 61.28657297483683 0.0 57.39272076666169 0.0
57853.620208333334 61.20197687166649 0.0 57.31709108110774 0.0
57853.62032407407 61.2688132902866 0.0 57.365029129252605 0.0
57853.62045138889 61.183568267959004 0.0 57.342612148384035 0.0
57853.62056712963 61.25737418466449 0.0 57.33365352042376 0.0
57853.62068287037 61.269634975246916 0.0 57.29356108673993 0.0
57853.62081018519 61.188404408024894 0.0 57.33016187836905 0.0
57853.620833333334 61.314077804367244 0.0 57.3296698839266 0.0
57853.62183333333 61.314077804367244 0.0 57.3296698839266 0.0
