57850.823613 8.84630054338 0.0 8.84630054338 0.0
57850.823618 8.84039874414 0.0 8.84039874414 0.0
57850.823623 8.83269233059 0.0 8.83269233059 0.0
57850.823627 8.82813032927 0.0 8.82813032927 0.0
57850.823632 8.82671303379 0.0 8.82671303379 0.0
57850.823637 8.82839522996 0.0 8.82839522996 0.0
57850.823641 8.83319418775 0.0 8.83319418775 0.0
57850.823646 8.84109904368 0.0 8.84109904368 0.0
57850.82365 8.85210039764 0.0 8.85210039764 0.0
57850.823655 8.86614671156 0.0 8.86614671156 0.0
57850.82366 8.88332060381 0.0 8.88332060381 0.0
57850.823664 8.90358285162 0.0 8.90358285162 0.0
57850.823669 8.92689789309 0.0 8.92689789309 0.0
57850.823674 8.95332153508 0.0 8.95332153508 0.0
57850.823678 8.98286758303 0.0 8.98286758303 0.0
57850.823683 9.01549218901 0.0 9.01549218901 0.0
57850.823688 8.92184275396 0.0 8.92184275396 0.0
57850.823692 8.78475551606 0.0 8.78475551606 0.0
57850.823697 8.67428249592 0.0 8.67428249592 0.0
57850.823701 8.5896911061 0.0 8.5896911061 0.0
57850.823706 8.53038403668 0.0 8.53038403668 0.0
57850.823711 8.49606757966 0.0 8.49606757966 0.0
57850.823715 8.48651776667 0.0 8.48651776667 0.0
57850.82372 8.50181584697 0.0 8.50181584697 0.0
57850.823725 8.54222505117 0.0 8.54222505117 0.0
57850.823729 8.60822933964 0.0 8.60822933964 0.0
57850.823734 8.64081378985 0.0 8.64081378985 0.0
57850.823738 8.63972010949 0.0 8.63972010949 0.0
57850.823743 8.64362018156 0.0 8.64362018156 0.0
57850.823748 8.65253955696 0.0 8.65253955696 0.0
57850.823752 8.6665355078 0.0 8.6665355078 0.0
57850.860419 10.1238452673 0.0 10.1238452673 0.0
57850.860424 9.96643192102 0.0 9.96643192102 0.0
57850.860428 9.80367375938 0.0 9.80367375938 0.0
57850.860433 9.66313577174 0.0 9.66313577174 0.0
57850.860437 9.54369827292 0.0 9.54369827292 0.0
57850.860442 9.44434793766 0.0 9.44434793766 0.0
57850.860447 9.36430877249 0.0 9.36430877249 0.0
57850.860451 9.30300164442 0.0 9.30300164442 0.0
57850.860456 9.25991378243 0.0 9.25991378243 0.0
57850.860461 9.2347290168 0.0 9.2347290168 0.0
57850.860465 9.22729938965 0.0 9.22729938965 0.0
57850.86047 9.23753565446 0.0 9.23753565446 0.0
57850.860475 9.26558167349 0.0 9.26558167349 0.0
57850.860479 9.31167861523 0.0 9.31167861523 0.0
57850.860484 9.37621035239 0.0 9.37621035239 0.0
57850.860488 9.45968233733 0.0 9.45968233733 0.0
57850.860493 9.46306868015 0.0 9.46306868015 0.0
57850.860498 9.45199425442 0.0 9.45199425442 0.0
57850.860502 9.48111854658 0.0 9.48111854658 0.0
57850.860507 9.55047493906 0.0 9.55047493906 0.0
57850.860512 9.660357272 0.0 9.660357272 0.0
57850.860516 9.81126719516 0.0 9.81126719516 0.0
57850.860521 10.00387606 0.0 10.00387606 0.0
57850.860525 10.2389949489 0.0 10.2389949489 0.0
57850.86053 10.5174584337 0.0 10.5174584337 0.0
57850.860535 10.8400014956 0.0 10.8400014956 0.0
57850.860539 10.8433410239 0.0 10.8433410239 0.0
57850.860544 10.6110581977 0.0 10.6110581977 0.0
57850.860549 10.4127377733 0.0 10.4127377733 0.0
57850.860553 10.2574586235 0.0 10.2574586235 0.0
57850.860558 10.1511811368 0.0 10.1511811368 0.0
57850.861192 10.221704462 0.0 10.221704462 0.0
57850.861197 10.5131142921 0.0 10.5131142921 0.0
57850.861201 11.0160753466 0.0 11.0160753466 0.0
57850.861206 11.7840883967 0.0 11.7840883967 0.0
57850.861211 12.9090312 0.0 12.9090312 0.0
57850.861215 14.3698154369 0.0 14.3698154369 0.0
57850.86122 13.4114043809 0.0 13.4114043809 0.0
57850.861225 12.6422064356 0.0 12.6422064356 0.0
57850.861229 12.0549613053 0.0 12.0549613053 0.0
57850.861234 11.6374528342 0.0 11.6374528342 0.0
57850.861238 11.3765046909 0.0 11.3765046909 0.0
57850.861243 11.2592536387 0.0 11.2592536387 0.0
57850.861248 11.2734255311 0.0 11.2734255311 0.0
57850.861252 11.4062734278 0.0 11.4062734278 0.0
57850.861257 11.6428472666 0.0 11.6428472666 0.0
57850.861262 11.9635501471 0.0 11.9635501471 0.0
57850.861266 11.6029472748 0.0 11.6029472748 0.0
57850.861271 11.2674343818 0.0 11.2674343818 0.0
57850.861275 10.9763693941 0.0 10.9763693941 0.0
57850.86128 10.7321023773 0.0 10.7321023773 0.0
57850.861285 10.5355316268 0.0 10.5355316268 0.0
57850.861289 10.3867426552 0.0 10.3867426552 0.0
57850.861294 10.2852843261 0.0 10.2852843261 0.0
57850.861299 10.2304671626 0.0 10.2304671626 0.0
57850.861303 10.2215230174 0.0 10.2215230174 0.0
57850.861308 10.2575524276 0.0 10.2575524276 0.0
57850.861312 10.3375048608 0.0 10.3375048608 0.0
57850.861317 10.4600883278 0.0 10.4600883278 0.0
57850.861322 10.6234505028 0.0 10.6234505028 0.0
57850.861326 10.8249286289 0.0 10.8249286289 0.0
57850.861331 11.0605151187 0.0 11.0605151187 0.0
57850.861336 10.6469476403 0.0 10.6469476403 0.0
57850.86134 10.177958002 0.0 10.177958002 0.0
57850.861345 9.88436677232 0.0 9.88436677232 0.0
57850.86135 9.74603209367 0.0 9.74603209367 0.0
57850.861354 9.75415462957 0.0 9.75415462957 0.0
57850.861359 9.90997798106 0.0 9.90997798106 0.0
57850.861363 10.2250166658 0.0 10.2250166658 0.0
57850.861368 10.7231800987 0.0 10.7231800987 0.0
57850.861373 11.4451028199 0.0 11.4451028199 0.0
57850.861377 12.4565871992 0.0 12.4565871992 0.0
57850.861382 12.2663522627 0.0 12.2663522627 0.0
57850.861387 11.5331774403 0.0 11.5331774403 0.0
57850.861391 11.0070630061 0.0 11.0070630061 0.0
57850.861396 10.6576955636 0.0 10.6576955636 0.0
57850.8614 10.4651361357 0.0 10.4651361357 0.0
57850.862461 9.25278935762 0.0 9.25278935762 0.0
57850.862465 9.28769017683 0.0 9.28769017683 0.0
57850.86247 9.33582693123 0.0 9.33582693123 0.0
57850.862475 9.39746182367 0.0 9.39746182367 0.0
57850.862479 9.40313743343 0.0 9.40313743343 0.0
57850.862484 9.16673872829 0.0 9.16673872829 0.0
57850.862488 9.04261246503 0.0 9.04261246503 0.0
57850.862493 9.025953966 0.0 9.025953966 0.0
57850.862498 9.11606079803 0.0 9.11606079803 0.0
