57850.8340278 237.765572639 0.0 208.65058096 0.0
57850.8347222 237.967584827 0.0 208.973993287 0.0
57850.8354167 237.448559022 0.0 208.301729205 0.0
57850.8361111 235.427215984 0.0 206.403966538 0.0
57850.8368056 234.548474762 0.0 205.21765449 0.0
57850.8375 235.16780414 0.0 205.70436484 0.0
57850.8402778 233.688659567 0.0 204.01171344 0.0
57850.8409722 234.132829433 0.0 204.208958426 0.0
57850.8416667 233.705331172 0.0 204.030809998 0.0
57850.8423611 233.065399662 0.0 203.603893515 0.0
57850.8430556 232.300745508 0.0 202.984229443 0.0
57850.84375 231.061918952 0.0 201.462187487 0.0
57850.8465278 230.566777661 0.0 200.577089497 0.0
57850.8472222 229.33557333 0.0 199.531919785 0.0
57850.8479167 228.961517778 0.0 199.206216979 0.0
57850.8486111 228.188803122 0.0 198.441983409 0.0
57850.8493056 228.251399336 0.0 198.422348972 0.0
57850.85 227.755850139 0.0 197.970219458 0.0
57850.8527778 226.302865676 0.0 196.944187492 0.0
57850.8534722 225.751271012 0.0 196.243951019 0.0
57850.8541667 225.348215395 0.0 195.926039584 0.0
57850.8548611 224.609328946 0.0 195.242107445 0.0
57850.8555556 224.44737329 0.0 194.769260755 0.0
57850.85625 226.973309261 0.0 197.418403332 0.0
