57850.835373 9.31381822364 0.0 9.31381822364 0.0
57850.835377 9.39327925089 0.0 9.39327925089 0.0
57850.835382 9.4889824433 0.0 9.4889824433 0.0
57850.835387 9.60126078257 0.0 9.60126078257 0.0
57850.835391 9.73062532151 0.0 9.73062532151 0.0
57850.835396 9.76523250166 0.0 9.76523250166 0.0
57850.8354 9.4052412541 0.0 9.4052412541 0.0
57850.835405 9.21310924295 0.0 9.21310924295 0.0
57850.83541 9.17345062264 0.0 9.17345062264 0.0
57850.835414 9.28347940232 0.0 9.28347940232 0.0
57850.835419 9.55222625859 0.0 9.55222625859 0.0
57850.835424 10.0027467997 0.0 10.0027467997 0.0
57850.835428 10.6768231111 0.0 10.6768231111 0.0
57850.835433 11.6455124218 0.0 11.6455124218 0.0
57850.835438 13.0299690451 0.0 13.0299690451 0.0
57850.835442 14.7470904849 0.0 14.7470904849 0.0
57850.835447 14.2030686072 0.0 14.2030686072 0.0
57850.835451 13.7505067519 0.0 13.7505067519 0.0
57850.835456 13.3831658056 0.0 13.3831658056 0.0
57850.835461 13.095532091 0.0 13.095532091 0.0
57850.835465 12.8830248181 0.0 12.8830248181 0.0
57850.83547 12.742225612 0.0 12.742225612 0.0
57850.835475 12.6708602255 0.0 12.6708602255 0.0
57850.835479 12.6677679424 0.0 12.6677679424 0.0
57850.835484 12.7330566929 0.0 12.7330566929 0.0
57850.835488 12.8680329915 0.0 12.8680329915 0.0
57850.835493 13.0751753622 0.0 13.0751753622 0.0
57850.835498 13.3582347981 0.0 13.3582347981 0.0
57850.835502 13.7221698155 0.0 13.7221698155 0.0
57850.835507 14.1730866493 0.0 14.1730866493 0.0
57850.835512 14.7180644269 0.0 14.7180644269 0.0
57850.835516 13.2113777337 0.0 13.2113777337 0.0
57850.835521 11.8247789136 0.0 11.8247789136 0.0
57850.835525 10.7947363307 0.0 10.7947363307 0.0
57850.83553 10.0260637069 0.0 10.0260637069 0.0
57850.835535 9.45726151985 0.0 9.45726151985 0.0
57850.835539 9.0480480259 0.0 9.0480480259 0.0
57850.835544 8.77203424327 0.0 8.77203424327 0.0
57850.835549 8.61270085554 0.0 8.61270085554 0.0
57850.835553 8.56085714867 0.0 8.56085714867 0.0
57850.835558 8.61363141801 0.0 8.61363141801 0.0
57850.835562 8.59425999753 0.0 8.59425999753 0.0
57850.835567 8.55428240284 0.0 8.55428240284 0.0
57850.835572 8.53509320947 0.0 8.53509320947 0.0
57850.835576 8.53719364517 0.0 8.53719364517 0.0
57850.835581 8.56097138997 0.0 8.56097138997 0.0
57850.836215 9.07530117755 0.0 9.07530117755 0.0
57850.83622 9.08857038943 0.0 9.08857038943 0.0
57850.836225 9.11397514699 0.0 9.11397514699 0.0
57850.836229 9.15169886526 0.0 9.15169886526 0.0
57850.836234 9.20172732822 0.0 9.20172732822 0.0
57850.836238 9.21480059757 0.0 9.21480059757 0.0
57850.836243 9.10778350765 0.0 9.10778350765 0.0
57850.836248 9.02802400991 0.0 9.02802400991 0.0
57850.836252 8.97702130144 0.0 8.97702130144 0.0
57850.836257 8.95518308615 0.0 8.95518308615 0.0
57850.836262 8.96179221166 0.0 8.96179221166 0.0
57850.836266 8.99504004255 0.0 8.99504004255 0.0
57850.836271 9.05198227206 0.0 9.05198227206 0.0
57850.836275 9.12853480483 0.0 9.12853480483 0.0
57850.83628 9.21963936739 0.0 9.21963936739 0.0
57850.836285 9.29624906076 0.0 9.29624906076 0.0
57850.836289 9.27266597716 0.0 9.27266597716 0.0
57850.836294 9.25322080539 0.0 9.25322080539 0.0
57850.836299 9.23789663223 0.0 9.23789663223 0.0
57850.836303 9.22672468882 0.0 9.22672468882 0.0
57850.836308 9.21966140114 0.0 9.21966140114 0.0
57850.836313 9.21673442812 0.0 9.21673442812 0.0
57850.836317 9.21786689158 0.0 9.21786689158 0.0
57850.836322 9.22316292875 0.0 9.22316292875 0.0
57850.836326 9.23256806656 0.0 9.23256806656 0.0
57850.836331 9.24610487335 0.0 9.24610487335 0.0
57850.836336 9.2638212384 0.0 9.2638212384 0.0
57850.83634 9.28571207398 0.0 9.28571207398 0.0
57850.836345 9.31180127098 0.0 9.31180127098 0.0
57850.83635 9.34210025627 0.0 9.34210025627 0.0
57850.836354 9.37667906508 0.0 9.37667906508 0.0
57850.836359 9.23470263643 0.0 9.23470263643 0.0
57850.836363 9.10011580345 0.0 9.10011580345 0.0
57850.836368 8.98433968805 0.0 8.98433968805 0.0
57850.836373 8.88674628012 0.0 8.88674628012 0.0
57850.836377 8.80693633336 0.0 8.80693633336 0.0
57850.836382 8.74461160979 0.0 8.74461160979 0.0
57850.836387 8.69947244116 0.0 8.69947244116 0.0
57850.836391 8.67137898397 0.0 8.67137898397 0.0
57850.836396 8.66033643349 0.0 8.66033643349 0.0
57850.8364 8.66639696791 0.0 8.66639696791 0.0
57850.836405 8.65310443485 0.0 8.65310443485 0.0
57850.83641 8.6419210456 0.0 8.6419210456 0.0
57850.836414 8.63830134212 0.0 8.63830134212 0.0
57850.836419 8.64225484792 0.0 8.64225484792 0.0
57850.83685 9.81198349059 0.0 9.81198349059 0.0
57850.836854 9.69298214867 0.0 9.69298214867 0.0
57850.836859 9.63838835158 0.0 9.63838835158 0.0
57850.836863 9.64960883977 0.0 9.64960883977 0.0
57850.836868 9.72694304939 0.0 9.72694304939 0.0
57850.836873 9.61014932344 0.0 9.61014932344 0.0
57850.836877 9.49707984645 0.0 9.49707984645 0.0
57850.836882 9.44945149635 0.0 9.44945149635 0.0
57850.836887 9.47080708254 0.0 9.47080708254 0.0
57850.836891 9.56205653791 0.0 9.56205653791 0.0
57850.836896 9.72118954235 0.0 9.72118954235 0.0
57850.8369 9.94200752896 0.0 9.94200752896 0.0
57850.836905 10.2129767781 0.0 10.2129767781 0.0
57850.83691 10.5156566454 0.0 10.5156566454 0.0
57850.836914 10.8239186721 0.0 10.8239186721 0.0
57850.836919 10.7165839613 0.0 10.7165839613 0.0
57850.836924 10.4718202843 0.0 10.4718202843 0.0
57850.836928 10.2354646144 0.0 10.2354646144 0.0
57850.836933 10.0104941942 0.0 10.0104941942 0.0
57850.836937 9.79929337745 0.0 9.79929337745 0.0
57850.836942 9.6037280659 0.0 9.6037280659 0.0
57850.836947 9.42525741976 0.0 9.42525741976 0.0
57850.836951 9.26493451386 0.0 9.26493451386 0.0
57850.836956 9.12347198396 0.0 9.12347198396 0.0
57850.836961 9.00142305626 0.0 9.00142305626 0.0
57850.836965 8.89907860357 0.0 8.89907860357 0.0
57850.83697 8.81671729297 0.0 8.81671729297 0.0
57850.836975 8.7545174575 0.0 8.7545174575 0.0
57850.836979 8.71257862947 0.0 8.71257862947 0.0
57850.836984 8.69108336942 0.0 8.69108336942 0.0
57850.836988 8.65011828034 0.0 8.65011828034 0.0
57850.836993 8.60014906978 0.0 8.60014906978 0.0
57850.836998 8.58493660477 0.0 8.58493660477 0.0
57850.837002 8.60512196783 0.0 8.60512196783 0.0
57850.837007 8.66158646363 0.0 8.66158646363 0.0
57850.837012 8.75583603045 0.0 8.75583603045 0.0
57850.837016 8.88970454575 0.0 8.88970454575 0.0
57850.837021 9.06571291277 0.0 9.06571291277 0.0
57850.837025 9.28685142355 0.0 9.28685142355 0.0
57850.83703 9.55660058508 0.0 9.55660058508 0.0
57850.837035 9.68938036293 0.0 9.68938036293 0.0
57850.837039 9.6091652054 0.0 9.6091652054 0.0
57850.837044 9.57633371839 0.0 9.57633371839 0.0
57850.837049 9.59117967388 0.0 9.59117967388 0.0
57850.837053 9.65271202331 0.0 9.65271202331 0.0
57850.84015 11.9371732267 0.0 11.9371732267 0.0
57850.840155 12.1718343432 0.0 12.1718343432 0.0
57850.84016 12.5408378893 0.0 12.5408378893 0.0
57850.840164 13.0519522341 0.0 13.0519522341 0.0
57850.840169 13.7112803818 0.0 13.7112803818 0.0
57850.840174 13.9900898514 0.0 13.9900898514 0.0
57850.840178 13.8906023345 0.0 13.8906023345 0.0
57850.840183 13.8575041212 0.0 13.8575041212 0.0
57850.840187 13.90662052 0.0 13.90662052 0.0
57850.840192 14.0510764004 0.0 14.0510764004 0.0
57850.840197 14.3017387405 0.0 14.3017387405 0.0
57850.840201 14.6675403348 0.0 14.6675403348 0.0
57850.840206 15.1553539062 0.0 15.1553539062 0.0
57850.840211 15.7690922981 0.0 15.7690922981 0.0
57850.840215 16.5083236523 0.0 16.5083236523 0.0
57850.84022 16.6302072329 0.0 16.6302072329 0.0
57850.840225 16.0000402121 0.0 16.0000402121 0.0
57850.840229 15.479393221 0.0 15.479393221 0.0
57850.840234 15.064047984 0.0 15.064047984 0.0
57850.840238 14.7492518046 0.0 14.7492518046 0.0
57850.840243 14.5308072698 0.0 14.5308072698 0.0
57850.840248 14.4055937146 0.0 14.4055937146 0.0
57850.840252 14.3720886552 0.0 14.3720886552 0.0
57850.840257 14.4304099729 0.0 14.4304099729 0.0
57850.840262 14.5826816324 0.0 14.5826816324 0.0
57850.840266 14.8330830548 0.0 14.8330830548 0.0
57850.840271 15.1882136287 0.0 15.1882136287 0.0
57850.840275 15.6572563548 0.0 15.6572563548 0.0
57850.84028 16.25242621 0.0 16.25242621 0.0
57850.840285 16.989279666 0.0 16.989279666 0.0
57850.840289 17.0310768013 0.0 17.0310768013 0.0
57850.840294 14.6461163555 0.0 14.6461163555 0.0
57850.840299 12.9229328545 0.0 12.9229328545 0.0
57850.840303 11.6553510872 0.0 11.6553510872 0.0
57850.840308 10.7144736122 0.0 10.7144736122 0.0
57850.840312 10.0178004063 0.0 10.0178004063 0.0
57850.840317 9.51163100323 0.0 9.51163100323 0.0
57850.840322 9.16078029987 0.0 9.16078029987 0.0
57850.840326 8.94274757862 0.0 8.94274757862 0.0
57850.840331 8.84437547147 0.0 8.84437547147 0.0
57850.840336 8.84502940718 0.0 8.84502940718 0.0
57850.84034 8.80579807603 0.0 8.80579807603 0.0
57850.840345 8.77063300712 0.0 8.77063300712 0.0
57850.84035 8.73951428724 0.0 8.73951428724 0.0
57850.840354 8.71240215179 0.0 8.71240215179 0.0
57850.840359 8.68927789552 0.0 8.68927789552 0.0
57850.841623 8.7162682036 0.0 8.7162682036 0.0
57850.841627 8.74026195625 0.0 8.74026195625 0.0
57850.841632 8.77240521109 0.0 8.77240521109 0.0
57850.841637 8.81277305985 0.0 8.81277305985 0.0
57850.841641 8.86144894339 0.0 8.86144894339 0.0
57850.841646 8.90091819947 0.0 8.90091819947 0.0
57850.84165 8.87209289864 0.0 8.87209289864 0.0
57850.841655 8.85722336252 0.0 8.85722336252 0.0
57850.84166 8.85634967307 0.0 8.85634967307 0.0
57850.841664 8.86953336451 0.0 8.86953336451 0.0
57850.841669 8.89690474309 0.0 8.89690474309 0.0
57850.841674 8.93869897018 0.0 8.93869897018 0.0
57850.841678 8.99514569511 0.0 8.99514569511 0.0
57850.841683 9.06663313767 0.0 9.06663313767 0.0
57850.841687 9.15359724021 0.0 9.15359724021 0.0
57850.841692 9.24325530845 0.0 9.24325530845 0.0
57850.841697 9.22556024967 0.0 9.22556024967 0.0
57850.841701 9.21665035448 0.0 9.21665035448 0.0
57850.841706 9.21650312669 0.0 9.21650312669 0.0
57850.841711 9.22504842536 0.0 9.22504842536 0.0
57850.841715 9.24228325198 0.0 9.24228325198 0.0
57850.84172 9.26818569986 0.0 9.26818569986 0.0
57850.841725 9.30273496586 0.0 9.30273496586 0.0
57850.841729 9.34593106124 0.0 9.34593106124 0.0
57850.841734 9.39773968104 0.0 9.39773968104 0.0
57850.841738 9.45815283623 0.0 9.45815283623 0.0
57850.841743 9.52711562675 0.0 9.52711562675 0.0
57850.841748 9.60463340557 0.0 9.60463340557 0.0
57850.841752 9.69063024353 0.0 9.69063024353 0.0
57850.841757 9.78499705842 0.0 9.78499705842 0.0
57850.841762 9.88766764004 0.0 9.88766764004 0.0
57850.841766 9.64465411968 0.0 9.64465411968 0.0
57850.841771 9.40560029973 0.0 9.40560029973 0.0
57850.841775 9.22798438355 0.0 9.22798438355 0.0
57850.84178 9.10794685423 0.0 9.10794685423 0.0
57850.841785 9.04207166996 0.0 9.04207166996 0.0
57850.841789 9.02723432285 0.0 9.02723432285 0.0
57850.841794 9.0604868064 0.0 9.0604868064 0.0
57850.841799 9.13877757372 0.0 9.13877757372 0.0
57850.841803 9.25882447369 0.0 9.25882447369 0.0
57850.841808 9.4166508922 0.0 9.4166508922 0.0
57850.841813 9.37086151506 0.0 9.37086151506 0.0
57850.841817 9.27205420499 0.0 9.27205420499 0.0
57850.841822 9.18868386692 0.0 9.18868386692 0.0
57850.841826 9.12381627562 0.0 9.12381627562 0.0
57850.841831 9.07921624546 0.0 9.07921624546 0.0
57850.841836 9.04734512495 0.0 9.04734512495 0.0
57850.84184 9.04595728417 0.0 9.04595728417 0.0
57850.841845 9.06617400212 0.0 9.06617400212 0.0
57850.84185 9.10702649704 0.0 9.10702649704 0.0
57850.841854 9.16663062751 0.0 9.16663062751 0.0
57850.841859 9.08497668062 0.0 9.08497668062 0.0
57850.841863 8.96131960433 0.0 8.96131960433 0.0
57850.841868 8.87016615982 0.0 8.87016615982 0.0
57850.841873 8.8155479959 0.0 8.8155479959 0.0
57850.841877 8.80016617145 0.0 8.80016617145 0.0
57850.841882 8.82563957636 0.0 8.82563957636 0.0
57850.841887 8.89267179126 0.0 8.89267179126 0.0
57850.841891 9.00099406703 0.0 9.00099406703 0.0
57850.841896 9.14913484872 0.0 9.14913484872 0.0
57850.8419 9.33401706027 0.0 9.33401706027 0.0
57850.841905 9.34249606496 0.0 9.34249606496 0.0
57850.84191 9.26259270401 0.0 9.26259270401 0.0
57850.841914 9.22391635599 0.0 9.22391635599 0.0
57850.841919 9.22661377994 0.0 9.22661377994 0.0
57850.841924 9.27130482774 0.0 9.27130482774 0.0
57850.841928 9.35924249881 0.0 9.35924249881 0.0
57850.841933 9.49216104472 0.0 9.49216104472 0.0
57850.841938 9.67251767314 0.0 9.67251767314 0.0
57850.841942 9.90335101941 0.0 9.90335101941 0.0
57850.841947 10.1884242283 0.0 10.1884242283 0.0
57850.841951 10.5321567387 0.0 10.5321567387 0.0
57850.841956 10.939514245 0.0 10.939514245 0.0
57850.841961 11.4158104257 0.0 11.4158104257 0.0
57850.841965 11.9661888713 0.0 11.9661888713 0.0
57850.84197 12.5949330765 0.0 12.5949330765 0.0
57850.841975 12.657407244 0.0 12.657407244 0.0
57850.841979 11.8481911681 0.0 11.8481911681 0.0
57850.841984 11.2535896934 0.0 11.2535896934 0.0
57850.841988 10.8561226032 0.0 10.8561226032 0.0
57850.841993 10.6424985825 0.0 10.6424985825 0.0
57850.841998 10.6049339985 0.0 10.6049339985 0.0
57850.842002 10.7417200698 0.0 10.7417200698 0.0
57850.842007 11.0571695758 0.0 11.0571695758 0.0
57850.842012 11.5610449922 0.0 11.5610449922 0.0
57850.842016 12.2671522581 0.0 12.2671522581 0.0
57850.842021 12.6513373875 0.0 12.6513373875 0.0
57850.842025 11.9937074108 0.0 11.9937074108 0.0
57850.84203 11.5377141126 0.0 11.5377141126 0.0
57850.842035 11.2722047625 0.0 11.2722047625 0.0
57850.842039 11.1903324428 0.0 11.1903324428 0.0
57850.842257 9.87736881635 0.0 9.87736881635 0.0
57850.842262 9.56153792783 0.0 9.56153792783 0.0
57850.842266 9.35773361661 0.0 9.35773361661 0.0
57850.842271 9.25684327355 0.0 9.25684327355 0.0
57850.842275 9.25396348363 0.0 9.25396348363 0.0
57850.84228 9.23643014582 0.0 9.23643014582 0.0
57850.842285 9.20991979499 0.0 9.20991979499 0.0
57850.842289 9.20316971891 0.0 9.20316971891 0.0
57850.842294 9.2158707282 0.0 9.2158707282 0.0
57850.842299 9.24777613619 0.0 9.24777613619 0.0
57850.842303 9.29871011016 0.0 9.29871011016 0.0
57850.842308 9.36865275065 0.0 9.36865275065 0.0
57850.842313 9.45750453102 0.0 9.45750453102 0.0
57850.842317 9.56537818018 0.0 9.56537818018 0.0
57850.842322 9.6922456394 0.0 9.6922456394 0.0
57850.842326 9.65647188859 0.0 9.65647188859 0.0
57850.842331 9.53881143701 0.0 9.53881143701 0.0
57850.842336 9.43120366922 0.0 9.43120366922 0.0
57850.84234 9.33349392431 0.0 9.33349392431 0.0
57850.842345 9.24548964212 0.0 9.24548964212 0.0
57850.84235 9.16703504532 0.0 9.16703504532 0.0
57850.842354 9.09799147763 0.0 9.09799147763 0.0
57850.842359 9.03817862067 0.0 9.03817862067 0.0
57850.842363 8.98748637947 0.0 8.98748637947 0.0
57850.842368 8.94585588925 0.0 8.94585588925 0.0
57850.842373 8.91307768057 0.0 8.91307768057 0.0
57850.842377 8.88915300039 0.0 8.88915300039 0.0
57850.842382 8.8739501231 0.0 8.8739501231 0.0
57850.842387 8.86748148905 0.0 8.86748148905 0.0
57850.842391 8.86961945181 0.0 8.86961945181 0.0
57850.842396 8.85939035708 0.0 8.85939035708 0.0
57850.8424 8.84265394809 0.0 8.84265394809 0.0
57850.842405 8.85398108639 0.0 8.85398108639 0.0
57850.84241 8.89285875232 0.0 8.89285875232 0.0
57850.842414 8.95843986538 0.0 8.95843986538 0.0
57850.842419 9.04935831259 0.0 9.04935831259 0.0
57850.842424 9.16381693382 0.0 9.16381693382 0.0
57850.842428 9.29945839101 0.0 9.29945839101 0.0
57850.842433 9.45336788114 0.0 9.45336788114 0.0
57850.842438 9.62208487046 0.0 9.62208487046 0.0
57850.842442 9.66405719482 0.0 9.66405719482 0.0
57850.842447 9.54797081578 0.0 9.54797081578 0.0
57850.842451 9.58686455063 0.0 9.58686455063 0.0
57850.842456 9.78444652876 0.0 9.78444652876 0.0
57850.842461 10.1554337567 0.0 10.1554337567 0.0
57850.843308 8.68693783652 0.0 8.68693783652 0.0
57850.843313 8.69149657825 0.0 8.69149657825 0.0
57850.843317 8.70375447481 0.0 8.70375447481 0.0
57850.843322 8.72373492202 0.0 8.72373492202 0.0
57850.843326 8.75137502836 0.0 8.75137502836 0.0
57850.843331 8.75991287273 0.0 8.75991287273 0.0
57850.843336 8.72285217116 0.0 8.72285217116 0.0
57850.84334 8.69147983847 0.0 8.69147983847 0.0
57850.843345 8.66572428991 0.0 8.66572428991 0.0
57850.84335 8.64549367176 0.0 8.64549367176 0.0
57850.843354 8.6307809772 0.0 8.6307809772 0.0
57850.843359 8.62153568047 0.0 8.62153568047 0.0
57850.843363 8.61772879132 0.0 8.61772879132 0.0
57850.843368 8.61934010984 0.0 8.61934010984 0.0
57850.843373 8.62636545395 0.0 8.62636545395 0.0
57850.843377 8.63166833616 0.0 8.63166833616 0.0
57850.843382 8.62061114009 0.0 8.62061114009 0.0
57850.843387 8.61288003538 0.0 8.61288003538 0.0
57850.843391 8.60846187928 0.0 8.60846187928 0.0
57850.843396 8.60734270071 0.0 8.60734270071 0.0
57850.8434 8.60956035889 0.0 8.60956035889 0.0
57850.843405 8.61507129448 0.0 8.61507129448 0.0
57850.84341 8.62394347413 0.0 8.62394347413 0.0
57850.843414 8.63612130439 0.0 8.63612130439 0.0
57850.843419 8.65166806655 0.0 8.65166806655 0.0
57850.843424 8.67060360026 0.0 8.67060360026 0.0
57850.843428 8.69296100399 0.0 8.69296100399 0.0
57850.843433 8.7187077609 0.0 8.7187077609 0.0
57850.843437 8.74796431879 0.0 8.74796431879 0.0
57850.843442 8.78068684939 0.0 8.78068684939 0.0
57850.843447 8.8156260843 0.0 8.8156260843 0.0
57850.843451 8.79734713743 0.0 8.79734713743 0.0
57850.843456 8.80046221629 0.0 8.80046221629 0.0
57850.843461 8.82517292877 0.0 8.82517292877 0.0
57850.843465 8.87169768472 0.0 8.87169768472 0.0
57850.84347 8.94021160399 0.0 8.94021160399 0.0
57850.843475 9.03081807243 0.0 9.03081807243 0.0
57850.843479 9.14364997852 0.0 9.14364997852 0.0
57850.843484 9.27867758031 0.0 9.27867758031 0.0
57850.843488 9.43583207395 0.0 9.43583207395 0.0
57850.843493 9.6148727826 0.0 9.6148727826 0.0
57850.843498 9.57637131268 0.0 9.57637131268 0.0
57850.843502 9.5537468988 0.0 9.5537468988 0.0
57850.843507 9.56405880081 0.0 9.56405880081 0.0
57850.843512 9.60837411206 0.0 9.60837411206 0.0
57850.843516 9.68730383807 0.0 9.68730383807 0.0
57850.843729 9.30937505641 0.0 9.30937505641 0.0
57850.843734 9.32650466679 0.0 9.32650466679 0.0
57850.843738 9.46066893142 0.0 9.46066893142 0.0
57850.843743 9.71824799581 0.0 9.71824799581 0.0
57850.843748 10.1105228764 0.0 10.1105228764 0.0
57850.845836 8.62731691984 0.0 8.62731691984 0.0
57850.84584 8.61514948519 0.0 8.61514948519 0.0
57850.845845 8.60194160638 0.0 8.60194160638 0.0
57850.84585 8.593730135 0.0 8.593730135 0.0
57850.845854 8.59036709436 0.0 8.59036709436 0.0
57850.845859 8.59188656057 0.0 8.59188656057 0.0
57850.845863 8.59826444597 0.0 8.59826444597 0.0
57850.845868 8.60953650667 0.0 8.60953650667 0.0
57850.845873 8.62570097272 0.0 8.62570097272 0.0
57850.845877 8.64679379205 0.0 8.64679379205 0.0
57850.845882 8.67281661961 0.0 8.67281661961 0.0
57850.845887 8.70385210573 0.0 8.70385210573 0.0
57850.845891 8.73992547802 0.0 8.73992547802 0.0
57850.845896 8.78111987299 0.0 8.78111987299 0.0
57850.8459 8.82754963733 0.0 8.82754963733 0.0
57850.845905 8.8792165716 0.0 8.8792165716 0.0
57850.84591 8.84224981406 0.0 8.84224981406 0.0
57850.845914 8.769926532 0.0 8.769926532 0.0
57850.845919 8.71199219927 0.0 8.71199219927 0.0
57850.845924 8.66800748647 0.0 8.66800748647 0.0
57850.845928 8.63777094859 0.0 8.63777094859 0.0
57850.845933 8.6210748216 0.0 8.6210748216 0.0
57850.845938 8.61779519742 0.0 8.61779519742 0.0
57850.845942 8.62794884805 0.0 8.62794884805 0.0
57850.845947 8.65156409532 0.0 8.65156409532 0.0
57850.845951 8.68880027903 0.0 8.68880027903 0.0
57850.845956 8.69730183536 0.0 8.69730183536 0.0
57850.845961 8.68552323943 0.0 8.68552323943 0.0
57850.845965 8.68339341193 0.0 8.68339341193 0.0
57850.84597 8.69088802619 0.0 8.69088802619 0.0
57850.845975 8.7080782126 0.0 8.7080782126 0.0
57850.845979 8.69827507612 0.0 8.69827507612 0.0
57850.845984 8.7346378157 0.0 8.7346378157 0.0
57850.845988 8.78093302584 0.0 8.78093302584 0.0
57850.845993 8.83733637555 0.0 8.83733637555 0.0
57850.845998 8.90410421661 0.0 8.90410421661 0.0
57850.846002 8.93423442072 0.0 8.93423442072 0.0
57850.846007 8.92590193122 0.0 8.92590193122 0.0
57850.846012 8.92569641431 0.0 8.92569641431 0.0
57850.846016 8.93365313842 0.0 8.93365313842 0.0
57850.846021 8.94982893377 0.0 8.94982893377 0.0
57850.846025 8.97424388372 0.0 8.97424388372 0.0
57850.84603 9.00703180226 0.0 9.00703180226 0.0
57850.846035 9.04830405758 0.0 9.04830405758 0.0
57850.846039 9.09823970439 0.0 9.09823970439 0.0
57850.846044 9.15702411034 0.0 9.15702411034 0.0
57850.846049 9.16884386789 0.0 9.16884386789 0.0
57850.846053 9.11191778259 0.0 9.11191778259 0.0
57850.846058 9.06327811044 0.0 9.06327811044 0.0
57850.846063 9.0227371276 0.0 9.0227371276 0.0
57850.846067 8.99008208064 0.0 8.99008208064 0.0
57850.846072 8.9651415704 0.0 8.9651415704 0.0
57850.846076 8.94773228884 0.0 8.94773228884 0.0
57850.846081 8.93762412224 0.0 8.93762412224 0.0
57850.846086 8.93465031199 0.0 8.93465031199 0.0
57850.84609 8.93860490877 0.0 8.93860490877 0.0
57850.846095 8.94925454338 0.0 8.94925454338 0.0
57850.8461 8.96633019163 0.0 8.96633019163 0.0
57850.846104 8.98957596459 0.0 8.98957596459 0.0
57850.846109 9.01872700894 0.0 9.01872700894 0.0
57850.846113 9.05343445435 0.0 9.05343445435 0.0
57850.846118 9.06717250599 0.0 9.06717250599 0.0
57850.846123 8.97201107226 0.0 8.97201107226 0.0
57850.846127 8.89353757841 0.0 8.89353757841 0.0
57850.846132 8.83496908806 0.0 8.83496908806 0.0
57850.846137 8.79843679131 0.0 8.79843679131 0.0
57850.846141 8.78533661227 0.0 8.78533661227 0.0
57850.846146 8.7963786926 0.0 8.7963786926 0.0
57850.84615 8.83184528247 0.0 8.83184528247 0.0
57850.846155 8.89151086185 0.0 8.89151086185 0.0
57850.84616 8.97454109406 0.0 8.97454109406 0.0
57850.846164 9.06739437558 0.0 9.06739437558 0.0
57850.846169 9.06892523572 0.0 9.06892523572 0.0
57850.846174 9.0828943807 0.0 9.0828943807 0.0
57850.846178 9.10943032044 0.0 9.10943032044 0.0
57850.846183 9.14867829399 0.0 9.14867829399 0.0
57850.846609 9.02449920429 0.0 9.02449920429 0.0
57850.846613 9.03055921482 0.0 9.03055921482 0.0
57850.846618 9.04789976062 0.0 9.04789976062 0.0
57850.846623 9.07656716492 0.0 9.07656716492 0.0
57850.846627 9.116778694 0.0 9.116778694 0.0
57850.846632 9.16461366481 0.0 9.16461366481 0.0
57850.846637 9.15740339448 0.0 9.15740339448 0.0
57850.846641 9.15518878832 0.0 9.15518878832 0.0
57850.846646 9.15800699649 0.0 9.15800699649 0.0
57850.84665 9.16590234932 0.0 9.16590234932 0.0
57850.846655 9.17888586188 0.0 9.17888586188 0.0
57850.84666 9.19700658486 0.0 9.19700658486 0.0
57850.846664 9.22029620575 0.0 9.22029620575 0.0
57850.846669 9.2489170676 0.0 9.2489170676 0.0
57850.846674 9.28288139541 0.0 9.28288139541 0.0
57850.846678 9.32227385919 0.0 9.32227385919 0.0
57850.846683 9.24097510719 0.0 9.24097510719 0.0
57850.846688 9.16550161915 0.0 9.16550161915 0.0
57850.846692 9.09824693876 0.0 9.09824693876 0.0
57850.846697 9.03890194383 0.0 9.03890194383 0.0
57850.846701 8.9872580414 0.0 8.9872580414 0.0
57850.846706 8.94317280025 0.0 8.94317280025 0.0
57850.846711 8.90644890295 0.0 8.90644890295 0.0
57850.846715 8.87695999508 0.0 8.87695999508 0.0
57850.84672 8.85458381132 0.0 8.85458381132 0.0
57850.846725 8.8392693308 0.0 8.8392693308 0.0
57850.846729 8.83089499565 0.0 8.83089499565 0.0
57850.846734 8.82943736822 0.0 8.82943736822 0.0
57850.846738 8.83488225222 0.0 8.83488225222 0.0
57850.846743 8.84724758884 0.0 8.84724758884 0.0
57850.846748 8.86651032593 0.0 8.86651032593 0.0
57850.846752 8.77201914768 0.0 8.77201914768 0.0
57850.846757 8.67647206799 0.0 8.67647206799 0.0
57850.846762 8.62614108582 0.0 8.62614108582 0.0
57850.846766 8.62030367494 0.0 8.62030367494 0.0
57850.846771 8.65892901375 0.0 8.65892901375 0.0
57850.846775 8.74264226033 0.0 8.74264226033 0.0
57850.84678 8.87280310795 0.0 8.87280310795 0.0
57850.846785 9.05147840932 0.0 9.05147840932 0.0
57850.846789 9.28143673832 0.0 9.28143673832 0.0
57850.846794 9.5662085244 0.0 9.5662085244 0.0
57850.846799 9.55649375637 0.0 9.55649375637 0.0
57850.846803 9.39346797335 0.0 9.39346797335 0.0
57850.846808 9.25275973484 0.0 9.25275973484 0.0
57850.846813 9.13437121128 0.0 9.13437121128 0.0
57850.846817 9.0381555012 0.0 9.0381555012 0.0
57850.84703 14.8789199792 0.0 14.8789199792 0.0
57850.847035 15.2060105662 0.0 15.2060105662 0.0
57850.847039 15.6511467573 0.0 15.6511467573 0.0
57850.847044 16.2170521372 0.0 16.2170521372 0.0
57850.847049 16.902209009 0.0 16.902209009 0.0
57850.847053 17.4847440582 0.0 17.4847440582 0.0
57850.847058 16.3742450772 0.0 16.3742450772 0.0
57850.847062 15.5652626807 0.0 15.5652626807 0.0
57850.847067 15.0342067017 0.0 15.0342067017 0.0
57850.847072 14.7625985942 0.0 14.7625985942 0.0
57850.847076 14.7400949128 0.0 14.7400949128 0.0
57850.847081 14.9654652775 0.0 14.9654652775 0.0
57850.847086 15.4466407749 0.0 15.4466407749 0.0
57850.84709 16.1998453179 0.0 16.1998453179 0.0
57850.847095 17.2469700576 0.0 17.2469700576 0.0
57850.8471 18.5389945351 0.0 18.5389945351 0.0
57850.847104 16.7922653863 0.0 16.7922653863 0.0
57850.847109 15.4654794199 0.0 15.4654794199 0.0
57850.847113 14.4686451422 0.0 14.4686451422 0.0
57850.847118 13.7395303288 0.0 13.7395303288 0.0
57850.847123 13.2358727549 0.0 13.2358727549 0.0
57850.847127 12.930284489 0.0 12.930284489 0.0
57850.847132 12.8071751853 0.0 12.8071751853 0.0
57850.847137 12.8610572269 0.0 12.8610572269 0.0
57850.847141 13.096132975 0.0 13.096132975 0.0
57850.847146 13.5268902309 0.0 13.5268902309 0.0
57850.84715 14.1801446281 0.0 14.1801446281 0.0
57850.847155 15.0987745349 0.0 15.0987745349 0.0
57850.84716 16.3483385281 0.0 16.3483385281 0.0
57850.847164 18.0288116605 0.0 18.0288116605 0.0
57850.847169 20.2959998863 0.0 20.2959998863 0.0
57850.847174 17.9241012726 0.0 17.9241012726 0.0
57850.847178 15.2839637807 0.0 15.2839637807 0.0
57850.847183 13.4766213953 0.0 13.4766213953 0.0
57850.847188 12.21484836 0.0 12.21484836 0.0
57850.847192 11.3352064861 0.0 11.3352064861 0.0
57850.847197 10.7397118213 0.0 10.7397118213 0.0
57850.847201 10.3682458501 0.0 10.3682458501 0.0
57850.847206 10.1837787947 0.0 10.1837787947 0.0
57850.847211 10.1646449712 0.0 10.1646449712 0.0
57850.847215 10.2997737553 0.0 10.2997737553 0.0
57850.84722 10.0756086252 0.0 10.0756086252 0.0
57850.847225 9.76953670857 0.0 9.76953670857 0.0
57850.847229 9.59219656361 0.0 9.59219656361 0.0
57850.847234 9.53916458654 0.0 9.53916458654 0.0
57850.847238 9.60932350199 0.0 9.60932350199 0.0
57850.847243 9.9342273496 0.0 9.9342273496 0.0
57850.847248 10.2660623271 0.0 10.2660623271 0.0
57850.847252 10.7384965619 0.0 10.7384965619 0.0
57850.847257 11.3584953518 0.0 11.3584953518 0.0
57850.847262 12.125634195 0.0 12.125634195 0.0
57850.847266 12.2180305139 0.0 12.2180305139 0.0
57850.847271 11.864849712 0.0 11.864849712 0.0
57850.847275 11.5552978944 0.0 11.5552978944 0.0
57850.84728 11.299127823 0.0 11.299127823 0.0
57850.847285 11.1018551083 0.0 11.1018551083 0.0
57850.847289 10.9659323726 0.0 10.9659323726 0.0
57850.847294 10.8914615128 0.0 10.8914615128 0.0
57850.847299 10.8769465509 0.0 10.8769465509 0.0
57850.847303 10.919027643 0.0 10.919027643 0.0
57850.847308 11.0126356732 0.0 11.0126356732 0.0
57850.847313 10.9597782904 0.0 10.9597782904 0.0
57850.847317 10.790078023 0.0 10.790078023 0.0
57850.847322 10.667975193 0.0 10.667975193 0.0
57850.847326 10.5937085611 0.0 10.5937085611 0.0
57850.847331 10.5677188126 0.0 10.5677188126 0.0
57850.847336 10.5906005836 0.0 10.5906005836 0.0
57850.84734 10.6633989519 0.0 10.6633989519 0.0
57850.847345 10.7875644093 0.0 10.7875644093 0.0
57850.84735 10.9650347423 0.0 10.9650347423 0.0
57850.847354 11.1982152792 0.0 11.1982152792 0.0
57850.847359 11.4900211353 0.0 11.4900211353 0.0
57850.847363 11.8435517349 0.0 11.8435517349 0.0
57850.847368 12.2620692015 0.0 12.2620692015 0.0
57850.847373 12.7484737393 0.0 12.7484737393 0.0
57850.847377 13.3045996254 0.0 13.3045996254 0.0
57850.847382 13.346449878 0.0 13.346449878 0.0
57850.847387 12.2251605121 0.0 12.2251605121 0.0
57850.847391 11.3298278747 0.0 11.3298278747 0.0
57850.847396 10.6156580852 0.0 10.6156580852 0.0
57850.8474 10.0493879102 0.0 10.0493879102 0.0
57850.847405 9.6063796695 0.0 9.6063796695 0.0
57850.84741 9.26857180629 0.0 9.26857180629 0.0
57850.847414 9.0227351557 0.0 9.0227351557 0.0
57850.847419 8.85964699721 0.0 8.85964699721 0.0
57850.847424 8.77314290447 0.0 8.77314290447 0.0
57850.847428 8.7445213237 0.0 8.7445213237 0.0
57850.847433 8.69605968808 0.0 8.69605968808 0.0
57850.847438 8.65779805569 0.0 8.65779805569 0.0
57850.847442 8.62958516246 0.0 8.62958516246 0.0
57850.847447 8.61129225626 0.0 8.61129225626 0.0
57850.848294 9.73284266473 0.0 9.73284266473 0.0
57850.848299 9.77022432731 0.0 9.77022432731 0.0
57850.848303 9.90888717603 0.0 9.90888717603 0.0
57850.848308 10.1492594522 0.0 10.1492594522 0.0
57850.848312 10.4897489382 0.0 10.4897489382 0.0
57850.848317 10.6993849141 0.0 10.6993849141 0.0
57850.848322 10.2401896284 0.0 10.2401896284 0.0
57850.848326 9.93701999613 0.0 9.93701999613 0.0
57850.848331 9.78681571134 0.0 9.78681571134 0.0
57850.848336 9.79066288272 0.0 9.79066288272 0.0
57850.84834 9.95483658836 0.0 9.95483658836 0.0
57850.848345 10.29174562 0.0 10.29174562 0.0
57850.84835 10.8204757127 0.0 10.8204757127 0.0
57850.848354 11.5657934049 0.0 11.5657934049 0.0
57850.848359 12.5542973667 0.0 12.5542973667 0.0
57850.848363 13.5227064998 0.0 13.5227064998 0.0
57850.848368 12.9294202101 0.0 12.9294202101 0.0
57850.848373 12.4266659959 0.0 12.4266659959 0.0
57850.848377 12.0141916306 0.0 12.0141916306 0.0
57850.848382 11.6906787944 0.0 11.6906787944 0.0
57850.848387 11.4544839056 0.0 11.4544839056 0.0
57850.848391 11.3043965413 0.0 11.3043965413 0.0
57850.848396 11.239919929 0.0 11.239919929 0.0
57850.8484 11.2617108214 0.0 11.2617108214 0.0
57850.848405 11.3718391006 0.0 11.3718391006 0.0
57850.84841 11.5740349119 0.0 11.5740349119 0.0
57850.848414 11.8737795794 0.0 11.8737795794 0.0
57850.848419 12.2785815434 0.0 12.2785815434 0.0
57850.848424 12.7980401481 0.0 12.7980401481 0.0
57850.848428 13.4438643803 0.0 13.4438643803 0.0
57850.848433 14.2298243589 0.0 14.2298243589 0.0
57850.848437 12.9849244715 0.0 12.9849244715 0.0
57850.848442 11.8491640346 0.0 11.8491640346 0.0
57850.848447 11.0007467875 0.0 11.0007467875 0.0
57850.848451 10.3812849165 0.0 10.3812849165 0.0
57850.848456 9.94950622652 0.0 9.94950622652 0.0
57850.848461 9.67771835195 0.0 9.67771835195 0.0
57850.848465 9.54897191232 0.0 9.54897191232 0.0
57850.84847 9.55503293874 0.0 9.55503293874 0.0
57850.848475 9.69550131926 0.0 9.69550131926 0.0
57850.848479 9.97763185005 0.0 9.97763185005 0.0
57850.848484 9.91576640068 0.0 9.91576640068 0.0
57850.848488 9.81871570185 0.0 9.81871570185 0.0
57850.848493 9.78734656067 0.0 9.78734656067 0.0
57850.848498 9.81979910654 0.0 9.81979910654 0.0
57850.848502 9.91272119625 0.0 9.91272119625 0.0
57850.849979 8.93478939939 0.0 8.93478939939 0.0
57850.849984 8.93516254494 0.0 8.93516254494 0.0
57850.849988 8.9521180551 0.0 8.9521180551 0.0
57850.849993 8.98598055959 0.0 8.98598055959 0.0
57850.849998 9.03700420935 0.0 9.03700420935 0.0
57850.852086 11.5507412226 0.0 11.5507412226 0.0
57850.85209 11.3994039937 0.0 11.3994039937 0.0
57850.852095 11.2189964856 0.0 11.2189964856 0.0
57850.8521 11.0922504633 0.0 11.0922504633 0.0
57850.852104 11.0218613516 0.0 11.0218613516 0.0
57850.852109 11.0109742919 0.0 11.0109742919 0.0
57850.852113 11.0633074518 0.0 11.0633074518 0.0
57850.852118 11.1833747793 0.0 11.1833747793 0.0
57850.852123 11.3767617429 0.0 11.3767617429 0.0
57850.852127 11.6502449808 0.0 11.6502449808 0.0
57850.852132 12.0121125592 0.0 12.0121125592 0.0
57850.852137 12.4722480343 0.0 12.4722480343 0.0
57850.852141 13.0421620042 0.0 13.0421620042 0.0
57850.852146 13.7348850435 0.0 13.7348850435 0.0
57850.85215 14.5642564855 0.0 14.5642564855 0.0
57850.852155 15.5433990284 0.0 15.5433990284 0.0
57850.85216 15.1637618198 0.0 15.1637618198 0.0
57850.852164 14.2286685946 0.0 14.2286685946 0.0
57850.852169 13.5120036152 0.0 13.5120036152 0.0
57850.852174 12.9928798753 0.0 12.9928798753 0.0
57850.852178 12.6548647002 0.0 12.6548647002 0.0
57850.852183 12.486696253 0.0 12.486696253 0.0
57850.852188 12.4827238954 0.0 12.4827238954 0.0
57850.852192 12.6430696467 0.0 12.6430696467 0.0
57850.852197 12.9739921105 0.0 12.9739921105 0.0
57850.852201 13.4880697765 0.0 13.4880697765 0.0
57850.852206 13.4777066863 0.0 13.4777066863 0.0
57850.852211 13.0506198683 0.0 13.0506198683 0.0
57850.852215 12.7194407415 0.0 12.7194407415 0.0
57850.85222 12.4941911152 0.0 12.4941911152 0.0
57850.852225 12.3799322227 0.0 12.3799322227 0.0
57850.852229 11.9908100319 0.0 11.9908100319 0.0
57850.852234 12.0982846038 0.0 12.0982846038 0.0
57850.852238 12.3118238033 0.0 12.3118238033 0.0
57850.852243 12.6256620922 0.0 12.6256620922 0.0
57850.852248 13.0296088208 0.0 13.0296088208 0.0
57850.852252 13.0883857679 0.0 13.0883857679 0.0
57850.852257 12.7685734489 0.0 12.7685734489 0.0
57850.852262 12.4965704652 0.0 12.4965704652 0.0
57850.852266 12.285340255 0.0 12.285340255 0.0
57850.852271 12.142926296 0.0 12.142926296 0.0
57850.852275 12.0738102281 0.0 12.0738102281 0.0
57850.85228 12.0800112732 0.0 12.0800112732 0.0
57850.852285 12.1614830214 0.0 12.1614830214 0.0
57850.852289 12.3160812728 0.0 12.3160812728 0.0
57850.852294 12.5391173867 0.0 12.5391173867 0.0
57850.852299 12.542744442 0.0 12.542744442 0.0
57850.852303 12.2214903444 0.0 12.2214903444 0.0
57850.852308 11.9634746808 0.0 11.9634746808 0.0
57850.852312 11.7676445889 0.0 11.7676445889 0.0
57850.852317 11.6328600121 0.0 11.6328600121 0.0
57850.852322 11.5583333501 0.0 11.5583333501 0.0
57850.852326 11.5438331641 0.0 11.5438331641 0.0
57850.852331 11.5897148028 0.0 11.5897148028 0.0
57850.852336 11.6970897458 0.0 11.6970897458 0.0
57850.85234 11.8678447635 0.0 11.8678447635 0.0
57850.852345 12.1044934895 0.0 12.1044934895 0.0
57850.85235 12.4102950059 0.0 12.4102950059 0.0
57850.852354 12.7888977116 0.0 12.7888977116 0.0
57850.852359 13.2439245642 0.0 13.2439245642 0.0
57850.852363 13.7784252951 0.0 13.7784252951 0.0
57850.852368 13.998942638 0.0 13.998942638 0.0
57850.852373 12.6790823497 0.0 12.6790823497 0.0
57850.852377 11.6678878164 0.0 11.6678878164 0.0
57850.852382 10.892807195 0.0 10.892807195 0.0
57850.852387 10.3044694388 0.0 10.3044694388 0.0
57850.852391 9.86882393282 0.0 9.86882393282 0.0
57850.852396 9.56233775568 0.0 9.56233775568 0.0
57850.8524 9.36915973479 0.0 9.36915973479 0.0
57850.852405 9.27927928056 0.0 9.27927928056 0.0
57850.85241 9.28737025099 0.0 9.28737025099 0.0
57850.852414 9.37497464732 0.0 9.37497464732 0.0
57850.852419 9.35531795204 0.0 9.35531795204 0.0
57850.852424 9.34217433626 0.0 9.34217433626 0.0
57850.852428 9.33551357526 0.0 9.33551357526 0.0
57850.852433 9.33533721467 0.0 9.33533721467 0.0
57850.852437 9.34851724885 0.0 9.34851724885 0.0
57850.852442 9.36130893335 0.0 9.36130893335 0.0
57850.852447 9.38061399018 0.0 9.38061399018 0.0
57850.852451 9.40642382767 0.0 9.40642382767 0.0
57850.852456 9.43875650224 0.0 9.43875650224 0.0
57850.852461 9.47555263708 0.0 9.47555263708 0.0
57850.852465 9.41566690884 0.0 9.41566690884 0.0
57850.85247 9.36301637357 0.0 9.36301637357 0.0
57850.852475 9.31749294912 0.0 9.31749294912 0.0
57850.852479 9.27899061654 0.0 9.27899061654 0.0
57850.852484 9.24745959331 0.0 9.24745959331 0.0
57850.852488 9.22282833118 0.0 9.22282833118 0.0
57850.852493 9.2050014742 0.0 9.2050014742 0.0
57850.852498 9.19396625391 0.0 9.19396625391 0.0
57850.852502 9.18969265547 0.0 9.18969265547 0.0
57850.852507 9.19214237796 0.0 9.19214237796 0.0
57850.852512 9.1315996825 0.0 9.1315996825 0.0
57850.852516 9.07326447856 0.0 9.07326447856 0.0
57850.852521 9.02150758065 0.0 9.02150758065 0.0
57850.852525 8.97613817172 0.0 8.97613817172 0.0
57850.85253 8.9370711459 0.0 8.9370711459 0.0
57850.852535 8.90422759359 0.0 8.90422759359 0.0
57850.852539 8.87749728044 0.0 8.87749728044 0.0
57850.852544 8.85683689602 0.0 8.85683689602 0.0
57850.852549 8.842151846 0.0 8.842151846 0.0
57850.852553 8.83340020639 0.0 8.83340020639 0.0
57850.852558 8.8306384386 0.0 8.8306384386 0.0
57850.852562 8.83378325511 0.0 8.83378325511 0.0
57850.852567 8.84285974732 0.0 8.84285974732 0.0
57850.852572 8.85790539539 0.0 8.85790539539 0.0
57850.852576 8.87892764577 0.0 8.87892764577 0.0
57850.852581 8.8764118003 0.0 8.8764118003 0.0
57850.852586 8.87498568972 0.0 8.87498568972 0.0
57850.85259 8.88881049656 0.0 8.88881049656 0.0
57850.852595 8.91792054056 0.0 8.91792054056 0.0
57850.8526 8.96258479587 0.0 8.96258479587 0.0
57850.852604 9.02312370213 0.0 9.02312370213 0.0
57850.852609 9.10004100118 0.0 9.10004100118 0.0
57850.852613 9.19387728539 0.0 9.19387728539 0.0
57850.852618 9.30535995549 0.0 9.30535995549 0.0
57850.852623 9.43528082834 0.0 9.43528082834 0.0
57850.852627 9.35702189048 0.0 9.35702189048 0.0
57850.852632 9.25738364128 0.0 9.25738364128 0.0
57850.852637 9.29518340755 0.0 9.29518340755 0.0
57850.852641 9.472997811 0.0 9.472997811 0.0
57850.852646 9.80112472702 0.0 9.80112472702 0.0
57850.853067 9.3328267991 0.0 9.3328267991 0.0
57850.853072 9.3177692744 0.0 9.3177692744 0.0
57850.853076 9.32204698728 0.0 9.32204698728 0.0
57850.853081 9.34499133843 0.0 9.34499133843 0.0
57850.853086 9.38551138283 0.0 9.38551138283 0.0
57850.85309 9.44214582587 0.0 9.44214582587 0.0
57850.853095 9.42665041248 0.0 9.42665041248 0.0
57850.8531 9.36499868522 0.0 9.36499868522 0.0
57850.853104 9.32276091563 0.0 9.32276091563 0.0
57850.853109 9.301904916 0.0 9.301904916 0.0
57850.853113 9.30388689614 0.0 9.30388689614 0.0
57850.853118 9.32980625295 0.0 9.32980625295 0.0
57850.853123 9.38048421509 0.0 9.38048421509 0.0
57850.853127 9.456415264 0.0 9.456415264 0.0
57850.853132 9.55795321193 0.0 9.55795321193 0.0
57850.853137 9.68520911773 0.0 9.68520911773 0.0
57850.853141 9.70931372858 0.0 9.70931372858 0.0
57850.853146 9.61882510468 0.0 9.61882510468 0.0
57850.85315 9.5386494002 0.0 9.5386494002 0.0
57850.853155 9.46865063853 0.0 9.46865063853 0.0
57850.85316 9.40875374396 0.0 9.40875374396 0.0
57850.853164 9.35880308764 0.0 9.35880308764 0.0
57850.853169 9.31865969462 0.0 9.31865969462 0.0
57850.853174 9.28810756003 0.0 9.28810756003 0.0
57850.853178 9.26705015911 0.0 9.26705015911 0.0
57850.853183 9.25526062841 0.0 9.25526062841 0.0
57850.853187 9.25258181935 0.0 9.25258181935 0.0
57850.853192 9.25884293808 0.0 9.25884293808 0.0
57850.853197 9.27382642641 0.0 9.27382642641 0.0
57850.853201 9.29733012013 0.0 9.29733012013 0.0
57850.853206 9.3291064722 0.0 9.3291064722 0.0
57850.853211 9.32686097658 0.0 9.32686097658 0.0
57850.853215 9.22270060516 0.0 9.22270060516 0.0
57850.85322 9.1416985633 0.0 9.1416985633 0.0
57850.853225 9.08346200674 0.0 9.08346200674 0.0
57850.853229 9.04767876545 0.0 9.04767876545 0.0
57850.853234 9.03428330542 0.0 9.03428330542 0.0
57850.853238 9.04326577115 0.0 9.04326577115 0.0
57850.853243 9.07474121455 0.0 9.07474121455 0.0
57850.853248 9.12909347768 0.0 9.12909347768 0.0
57850.853252 9.20670592767 0.0 9.20670592767 0.0
57850.853257 9.28899353533 0.0 9.28899353533 0.0
57850.853262 9.29984438753 0.0 9.29984438753 0.0
57850.853266 9.32134615935 0.0 9.32134615935 0.0
57850.853271 9.3536861563 0.0 9.3536861563 0.0
57850.853275 9.39703969553 0.0 9.39703969553 0.0
57850.853914 12.8918939978 0.0 12.8918939978 0.0
57850.853919 13.3480989352 0.0 13.3480989352 0.0
57850.853924 13.9653604102 0.0 13.9653604102 0.0
57850.853928 14.7602019298 0.0 14.7602019298 0.0
57850.853933 15.7487991484 0.0 15.7487991484 0.0
57850.853937 14.5264429716 0.0 14.5264429716 0.0
57850.853942 12.7616428273 0.0 12.7616428273 0.0
57850.853947 11.5778444941 0.0 11.5778444941 0.0
57850.853951 10.8153566781 0.0 10.8153566781 0.0
57850.853956 10.3808047015 0.0 10.3808047015 0.0
57850.853961 10.2245883923 0.0 10.2245883923 0.0
57850.853965 10.329400034 0.0 10.329400034 0.0
57850.85397 10.7064858613 0.0 10.7064858613 0.0
57850.853975 11.3988692207 0.0 11.3988692207 0.0
57850.853979 12.4934010496 0.0 12.4934010496 0.0
57850.853984 12.8850186981 0.0 12.8850186981 0.0
57850.853988 12.5580188306 0.0 12.5580188306 0.0
57850.853993 12.299154162 0.0 12.299154162 0.0
57850.853998 12.1050776449 0.0 12.1050776449 0.0
57850.854002 11.9732226928 0.0 11.9732226928 0.0
57850.854007 11.9016755764 0.0 11.9016755764 0.0
57850.854012 11.8894009342 0.0 11.8894009342 0.0
57850.854016 11.9361703521 0.0 11.9361703521 0.0
57850.854021 12.0425962806 0.0 12.0425962806 0.0
57850.854025 12.210081335 0.0 12.210081335 0.0
57850.85403 12.4408327581 0.0 12.4408327581 0.0
57850.854035 12.7378502442 0.0 12.7378502442 0.0
57850.854039 13.1047403881 0.0 13.1047403881 0.0
57850.854044 13.5457410417 0.0 13.5457410417 0.0
57850.854049 14.0652031061 0.0 14.0652031061 0.0
57850.854053 13.8015455154 0.0 13.8015455154 0.0
57850.854058 12.3227196603 0.0 12.3227196603 0.0
57850.854063 11.3267921233 0.0 11.3267921233 0.0
57850.854067 10.6777112852 0.0 10.6777112852 0.0
57850.854072 10.2984842935 0.0 10.2984842935 0.0
57850.854076 10.1481353101 0.0 10.1481353101 0.0
57850.854081 10.2105683458 0.0 10.2105683458 0.0
57850.854086 10.4906530164 0.0 10.4906530164 0.0
57850.85409 11.0150866126 0.0 11.0150866126 0.0
57850.854095 11.8387723877 0.0 11.8387723877 0.0
57850.8541 12.5431540338 0.0 12.5431540338 0.0
57850.854104 12.0225965863 0.0 12.0225965863 0.0
57850.854109 11.6051545447 0.0 11.6051545447 0.0
57850.854113 11.2856802089 0.0 11.2856802089 0.0
57850.854118 11.058735481 0.0 11.058735481 0.0
57850.854544 10.8370495788 0.0 10.8370495788 0.0
57850.854549 10.8406882124 0.0 10.8406882124 0.0
57850.854553 10.9031018947 0.0 10.9031018947 0.0
57850.854558 11.0229518784 0.0 11.0229518784 0.0
57850.854562 11.1973041313 0.0 11.1973041313 0.0
57850.854567 11.2539039016 0.0 11.2539039016 0.0
57850.854572 10.7940476072 0.0 10.7940476072 0.0
57850.854576 10.4341208033 0.0 10.4341208033 0.0
57850.854581 10.1751705415 0.0 10.1751705415 0.0
57850.854586 10.0158209524 0.0 10.0158209524 0.0
57850.85459 9.95324349189 0.0 9.95324349189 0.0
57850.854595 9.98378381735 0.0 9.98378381735 0.0
57850.8546 10.1026134618 0.0 10.1026134618 0.0
57850.854604 10.303312944 0.0 10.303312944 0.0
57850.854609 10.576782645 0.0 10.576782645 0.0
57850.854613 10.8313413247 0.0 10.8313413247 0.0
57850.854618 10.6585106056 0.0 10.6585106056 0.0
57850.854623 10.5474573576 0.0 10.5474573576 0.0
57850.854627 10.4981776298 0.0 10.4981776298 0.0
57850.854632 10.5116562489 0.0 10.5116562489 0.0
57850.854637 10.5901398517 0.0 10.5901398517 0.0
57850.854641 10.737278432 0.0 10.737278432 0.0
57850.854646 10.9584381607 0.0 10.9584381607 0.0
57850.85465 11.2609253546 0.0 11.2609253546 0.0
57850.854655 11.6546334051 0.0 11.6546334051 0.0
57850.85466 12.1525129694 0.0 12.1525129694 0.0
57850.854664 12.7714476388 0.0 12.7714476388 0.0
57850.854669 13.5333660669 0.0 13.5333660669 0.0
57850.854674 14.4665049775 0.0 14.4665049775 0.0
57850.854678 15.6070043969 0.0 15.6070043969 0.0
57850.854683 17.0005249325 0.0 17.0005249325 0.0
57850.854688 14.9873072874 0.0 14.9873072874 0.0
57850.854692 13.2889600185 0.0 13.2889600185 0.0
57850.854697 12.1258259785 0.0 12.1258259785 0.0
57850.854701 11.358549357 0.0 11.358549357 0.0
57850.854706 10.8995638006 0.0 10.8995638006 0.0
57850.854711 10.6937956553 0.0 10.6937956553 0.0
57850.854715 10.7067859873 0.0 10.7067859873 0.0
57850.85472 10.9164995784 0.0 10.9164995784 0.0
57850.854725 11.3072637665 0.0 11.3072637665 0.0
57850.854729 11.864733716 0.0 11.864733716 0.0
57850.854734 11.6797736903 0.0 11.6797736903 0.0
57850.854738 11.4217016025 0.0 11.4217016025 0.0
57850.854743 11.2859291971 0.0 11.2859291971 0.0
57850.854748 11.2744669656 0.0 11.2744669656 0.0
57850.854752 11.3893414393 0.0 11.3893414393 0.0
57850.855387 10.9621104199 0.0 10.9621104199 0.0
57850.855391 10.8807402585 0.0 10.8807402585 0.0
57850.855396 11.008180378 0.0 11.008180378 0.0
57850.8554 11.3541495594 0.0 11.3541495594 0.0
57850.855405 11.9462684486 0.0 11.9462684486 0.0
57850.85541 12.2513548511 0.0 12.2513548511 0.0
57850.855414 11.4502625205 0.0 11.4502625205 0.0
57850.855419 10.8411529752 0.0 10.8411529752 0.0
57850.855424 10.4024043886 0.0 10.4024043886 0.0
57850.855428 10.1160857424 0.0 10.1160857424 0.0
57850.855433 9.96956428968 0.0 9.96956428968 0.0
57850.855438 9.95582321048 0.0 9.95582321048 0.0
57850.855442 10.0734566503 0.0 10.0734566503 0.0
57850.855447 10.3263148502 0.0 10.3263148502 0.0
57850.855451 10.723359483 0.0 10.723359483 0.0
57850.855456 11.0063490442 0.0 11.0063490442 0.0
57850.855461 10.4837016379 0.0 10.4837016379 0.0
57850.855465 10.093965571 0.0 10.093965571 0.0
57850.85547 9.81971689769 0.0 9.81971689769 0.0
57850.855475 9.64946569882 0.0 9.64946569882 0.0
57850.855479 9.57669236227 0.0 9.57669236227 0.0
57850.855484 9.59909183143 0.0 9.59909183143 0.0
57850.855488 9.71870055709 0.0 9.71870055709 0.0
57850.855493 9.94191456582 0.0 9.94191456582 0.0
57850.855498 10.2805221918 0.0 10.2805221918 0.0
57850.855502 10.7528812697 0.0 10.7528812697 0.0
57850.855507 11.3864821283 0.0 11.3864821283 0.0
57850.855512 12.2216568288 0.0 12.2216568288 0.0
57850.855516 13.3178782566 0.0 13.3178782566 0.0
57850.855521 14.7640606704 0.0 14.7640606704 0.0
57850.855525 16.6952116092 0.0 16.6952116092 0.0
57850.85553 14.4635601875 0.0 14.4635601875 0.0
57850.855535 12.8049996933 0.0 12.8049996933 0.0
57850.855539 11.6021653762 0.0 11.6021653762 0.0
57850.855544 10.7240420778 0.0 10.7240420778 0.0
57850.855549 10.0886860831 0.0 10.0886860831 0.0
57850.855553 9.64358694002 0.0 9.64358694002 0.0
57850.855558 9.35480215213 0.0 9.35480215213 0.0
57850.855563 9.20095323371 0.0 9.20095323371 0.0
57850.855567 9.16964463926 0.0 9.16964463926 0.0
57850.855572 9.255321245 0.0 9.255321245 0.0
57850.855576 9.25811947007 0.0 9.25811947007 0.0
57850.855581 9.28076043829 0.0 9.28076043829 0.0
57850.855586 9.34276341042 0.0 9.34276341042 0.0
57850.85559 9.4451140726 0.0 9.4451140726 0.0
57850.855595 9.5883587987 0.0 9.5883587987 0.0
57850.8556 9.79345291083 0.0 9.79345291083 0.0
57850.855604 10.0200016759 0.0 10.0200016759 0.0
57850.855609 10.2851620675 0.0 10.2851620675 0.0
57850.855613 10.5849757729 0.0 10.5849757729 0.0
57850.855618 10.912990077 0.0 10.912990077 0.0
57850.855623 10.613598322 0.0 10.613598322 0.0
57850.855627 10.3171712488 0.0 10.3171712488 0.0
57850.855632 10.1746930652 0.0 10.1746930652 0.0
57850.855637 10.1859001154 0.0 10.1859001154 0.0
57850.855641 10.3559015393 0.0 10.3559015393 0.0
57850.855646 10.6959779113 0.0 10.6959779113 0.0
57850.85565 11.2236864482 0.0 11.2236864482 0.0
57850.855655 11.9614017648 0.0 11.9614017648 0.0
57850.85566 12.9306188702 0.0 12.9306188702 0.0
57850.855664 14.1366321748 0.0 14.1366321748 0.0
57850.855669 13.8214917329 0.0 13.8214917329 0.0
57850.855674 13.0055518929 0.0 13.0055518929 0.0
57850.855678 12.2871871112 0.0 12.2871871112 0.0
57850.855683 11.6642701207 0.0 11.6642701207 0.0
57850.855687 11.1309166664 0.0 11.1309166664 0.0
57850.855692 10.6799752223 0.0 10.6799752223 0.0
57850.855697 10.3042256032 0.0 10.3042256032 0.0
57850.855701 9.99711232529 0.0 9.99711232529 0.0
57850.855706 9.75302815856 0.0 9.75302815856 0.0
57850.855711 9.56738840784 0.0 9.56738840784 0.0
57850.855715 9.43664680349 0.0 9.43664680349 0.0
57850.85572 9.35836892055 0.0 9.35836892055 0.0
57850.855725 9.33107956272 0.0 9.33107956272 0.0
57850.855729 9.35433263623 0.0 9.35433263623 0.0
57850.855734 9.42859227065 0.0 9.42859227065 0.0
57850.855738 9.40469779544 0.0 9.40469779544 0.0
57850.855743 9.26524819173 0.0 9.26524819173 0.0
57850.855748 9.15548553598 0.0 9.15548553598 0.0
57850.855752 9.07615877131 0.0 9.07615877131 0.0
57850.855757 9.02803281626 0.0 9.02803281626 0.0
57850.855762 9.01192033793 0.0 9.01192033793 0.0
57850.855766 9.02874790893 0.0 9.02874790893 0.0
57850.855771 9.07960968347 0.0 9.07960968347 0.0
57850.855775 9.16574206102 0.0 9.16574206102 0.0
57850.85578 9.28860162914 0.0 9.28860162914 0.0
57850.855785 9.36375918245 0.0 9.36375918245 0.0
57850.855789 9.34030741078 0.0 9.34030741078 0.0
57850.855794 9.32945998659 0.0 9.32945998659 0.0
57850.855799 9.3315675918 0.0 9.3315675918 0.0
57850.855803 9.34700363992 0.0 9.34700363992 0.0
57850.856021 9.17946987903 0.0 9.17946987903 0.0
57850.856025 9.19037802859 0.0 9.19037802859 0.0
57850.85603 9.21587506147 0.0 9.21587506147 0.0
57850.856035 9.25622216573 0.0 9.25622216573 0.0
57850.856039 9.31171441377 0.0 9.31171441377 0.0
57850.856044 9.31027312929 0.0 9.31027312929 0.0
57850.856049 9.30277897436 0.0 9.30277897436 0.0
57850.856053 9.30036684148 0.0 9.30036684148 0.0
57850.856058 9.30310338694 0.0 9.30310338694 0.0
57850.856063 9.31114848826 0.0 9.31114848826 0.0
57850.856067 9.32456047303 0.0 9.32456047303 0.0
57850.856072 9.34349308483 0.0 9.34349308483 0.0
57850.856076 9.36800010713 0.0 9.36800010713 0.0
57850.856081 9.39821046568 0.0 9.39821046568 0.0
57850.856086 9.43428046992 0.0 9.43428046992 0.0
57850.85609 9.36488680756 0.0 9.36488680756 0.0
57850.856095 9.27960183941 0.0 9.27960183941 0.0
57850.8561 9.21176681155 0.0 9.21176681155 0.0
57850.856104 9.16186368375 0.0 9.16186368375 0.0
57850.856109 9.1300290205 0.0 9.1300290205 0.0
57850.856113 9.11609504413 0.0 9.11609504413 0.0
57850.856118 9.11958794269 0.0 9.11958794269 0.0
57850.856123 9.13970980168 0.0 9.13970980168 0.0
57850.856127 9.17535099865 0.0 9.17535099865 0.0
57850.856132 9.22510406348 0.0 9.22510406348 0.0
57850.856137 9.28722705507 0.0 9.28722705507 0.0
57850.856141 9.35963332652 0.0 9.35963332652 0.0
57850.856146 9.43997292779 0.0 9.43997292779 0.0
57850.85615 9.52562295109 0.0 9.52562295109 0.0
57850.856155 9.61375611104 0.0 9.61375611104 0.0
57850.85616 9.58490456262 0.0 9.58490456262 0.0
57850.856164 9.46047052932 0.0 9.46047052932 0.0
57850.856169 9.34509970457 0.0 9.34509970457 0.0
57850.856174 9.24281299529 0.0 9.24281299529 0.0
57850.856178 9.15726463652 0.0 9.15726463652 0.0
57850.856183 9.09152522992 0.0 9.09152522992 0.0
57850.856188 9.04819416379 0.0 9.04819416379 0.0
57850.856192 9.02925105596 0.0 9.02925105596 0.0
57850.856197 9.03610777395 0.0 9.03610777395 0.0
57850.856201 9.06981467932 0.0 9.06981467932 0.0
57850.856206 9.08038860027 0.0 9.08038860027 0.0
57850.856211 9.0412012558 0.0 9.0412012558 0.0
57850.856215 9.00482025905 0.0 9.00482025905 0.0
57850.85622 8.97120426117 0.0 8.97120426117 0.0
57850.856225 8.94026767872 0.0 8.94026767872 0.0
