57852.9702199 8.3845095265 0.0 8.3845095265 0.0
57852.9702546 9.45023809224 0.0 9.45023809224 0.0
57852.9703009 10.2241381055 0.0 10.2241381055 0.0
57852.9703588 9.38035180577 0.0 9.38035180577 0.0
57852.9704282 8.60104644796 0.0 8.60104644796 0.0
57852.9704745 8.73052117574 0.0 8.73052117574 0.0
57852.9705093 8.69735592005 0.0 8.69735592005 0.0
57852.9705671 8.98086855488 0.0 8.98086855488 0.0
57852.9706366 9.07215520149 0.0 9.07215520149 0.0
57852.9706829 8.99438713865 0.0 8.99438713865 0.0
57852.9707292 9.87471518577 0.0 9.87471518577 0.0
57852.9707755 9.72738402655 0.0 9.72738402655 0.0
57852.9708449 9.57491514323 0.0 9.57491514323 0.0
57852.9708912 9.82109973475 0.0 9.82109973475 0.0
57852.9709375 10.3836891325 0.0 10.3836891325 0.0
57852.9709838 10.6539663975 0.0 10.6539663975 0.0
57852.9710532 10.6095711506 0.0 10.6095711506 0.0
57852.9710995 8.70201126177 0.0 8.70201126177 0.0
57852.9711458 8.62728230673 0.0 8.62728230673 0.0
57852.9711921 9.31300166434 0.0 9.31300166434 0.0
57852.9712616 9.77097743319 0.0 9.77097743319 0.0
57852.9713079 11.0195281206 0.0 11.0195281206 0.0
57852.9713657 11.1390753656 0.0 11.1390753656 0.0
57852.9714005 11.6981622488 0.0 11.6981622488 0.0
57852.9714699 12.3701253025 0.0 12.3701253025 0.0
57852.9715162 8.73023481929 0.0 8.73023481929 0.0
57852.9715741 8.7619061853 0.0 8.7619061853 0.0
57852.9716204 8.779806376 0.0 8.779806376 0.0
57852.9716898 9.13849002845 0.0 9.13849002845 0.0
57852.9717361 8.58562752511 0.0 8.58562752511 0.0
57852.9717824 8.17349374503 0.0 8.17349374503 0.0
57852.9718287 8.20268248806 0.0 8.20268248806 0.0
57852.9718981 8.46469137063 0.0 8.46469137063 0.0
57852.9719444 8.21547320609 0.0 8.21547320609 0.0
57852.9719907 8.07613769075 0.0 8.07613769075 0.0
57852.972037 8.21997566906 0.0 8.21997566906 0.0
57852.9721065 8.9411967879 0.0 8.9411967879 0.0
57852.9721528 9.19978260613 0.0 9.19978260613 0.0
57852.9721991 9.54332227267 0.0 9.54332227267 0.0
57852.9722454 9.23709911173 0.0 9.23709911173 0.0
57852.9723148 10.0382269351 0.0 10.0382269351 0.0
57852.9723611 9.44341040091 0.0 9.44341040091 0.0
57852.9724074 8.91089221122 0.0 8.91089221122 0.0
57852.9724537 9.30069889847 0.0 9.30069889847 0.0
57852.9725231 8.7276571885 0.0 8.7276571885 0.0
57852.972581 9.20934308189 0.0 9.20934308189 0.0
57852.9726273 9.31659809158 0.0 9.31659809158 0.0
57852.972662 9.65121753977 0.0 9.65121753977 0.0
57852.9727315 9.14313950457 0.0 9.14313950457 0.0
57852.9727894 8.45647680775 0.0 8.45647680775 0.0
57852.9728356 8.45292848663 0.0 8.45292848663 0.0
57852.9728819 8.70442416246 0.0 8.70442416246 0.0
57852.9917477 7.6381935037 0.0 7.6381935037 0.0
57852.9917824 7.61347489652 0.0 7.61347489652 0.0
57852.9918287 7.61452559258 0.0 7.61452559258 0.0
57852.9918866 7.78659103845 0.0 7.78659103845 0.0
57852.991956 7.79294552785 0.0 7.79294552785 0.0
57852.9920023 7.64839852518 0.0 7.64839852518 0.0
57852.992037 7.65793705903 0.0 7.65793705903 0.0
57852.9920949 7.53551590802 0.0 7.53551590802 0.0
57852.9921644 7.59203530023 0.0 7.59203530023 0.0
57852.9922106 7.59947366599 0.0 7.59947366599 0.0
57852.9922569 7.74564393708 0.0 7.74564393708 0.0
57852.9923032 7.85009554082 0.0 7.85009554082 0.0
57852.9923727 7.74241564371 0.0 7.74241564371 0.0
57852.992419 7.55870359255 0.0 7.55870359255 0.0
57852.9924653 7.55843899228 0.0 7.55843899228 0.0
57852.9925116 7.54354028292 0.0 7.54354028292 0.0
57852.992581 7.50479846498 0.0 7.50479846498 0.0
57852.9926273 7.59203530023 0.0 7.59203530023 0.0
57852.9926736 7.50533143838 0.0 7.50533143838 0.0
57852.9927199 7.466190461 0.0 7.466190461 0.0
57852.9927894 7.44284891691 0.0 7.44284891691 0.0
57852.9928356 7.48571973828 0.0 7.48571973828 0.0
57852.9928935 7.72288806082 0.0 7.72288806082 0.0
57852.9929282 7.71757734007 0.0 7.71757734007 0.0
57852.9929977 7.52675228767 0.0 7.52675228767 0.0
57852.993044 7.53724087448 0.0 7.53724087448 0.0
57852.9931019 7.53558226018 0.0 7.53558226018 0.0
57852.9931481 7.44217710082 0.0 7.44217710082 0.0
57852.9932176 7.43753991586 0.0 7.43753991586 0.0
57852.9932639 7.52176840909 0.0 7.52176840909 0.0
57852.9933102 7.42367833355 0.0 7.42367833355 0.0
57852.9933565 7.53863382849 0.0 7.53863382849 0.0
57852.9934259 7.79256055479 0.0 7.79256055479 0.0
57852.9934722 7.86937100409 0.0 7.86937100409 0.0
57852.9935185 7.88435159033 0.0 7.88435159033 0.0
57852.9935648 7.74506294358 0.0 7.74506294358 0.0
57852.9936343 7.46987282355 0.0 7.46987282355 0.0
57852.9936806 7.58801686872 0.0 7.58801686872 0.0
57852.9937269 7.60013157781 0.0 7.60013157781 0.0
57852.9937731 7.48859132281 0.0 7.48859132281 0.0
57852.9938426 7.44311762637 0.0 7.44311762637 0.0
57852.9938889 7.60973061284 0.0 7.60973061284 0.0
57852.9939352 8.01467404203 0.0 8.01467404203 0.0
57852.9939815 8.16253637052 0.0 8.16253637052 0.0
57852.9940509 7.5350514265 0.0 7.5350514265 0.0
57852.9941088 7.45546779216 0.0 7.45546779216 0.0
57852.9941551 7.49739954918 0.0 7.49739954918 0.0
57852.9941898 7.70077918136 0.0 7.70077918136 0.0
57852.9942593 7.62830256348 0.0 7.62830256348 0.0
57852.9943171 7.54837730906 0.0 7.54837730906 0.0
57852.9943634 7.82246764135 0.0 7.82246764135 0.0
57852.9944097 8.10684895628 0.0 8.10684895628 0.0
57853.0243866 7.07714631755 0.0 7.07714631755 0.0
57853.0244213 7.11428141136 0.0 7.11428141136 0.0
57853.0244676 6.98319411158 0.0 6.98319411158 0.0
57853.0245255 6.97896840514 0.0 6.97896840514 0.0
57853.0245949 7.00057140525 0.0 7.00057140525 0.0
57853.0246412 6.9106439642 0.0 6.9106439642 0.0
57853.0246759 6.90057968579 0.0 6.90057968579 0.0
57853.0247338 6.89231456044 0.0 6.89231456044 0.0
57853.0248032 6.91266952776 0.0 6.91266952776 0.0
57853.0248495 6.89536075924 0.0 6.89536075924 0.0
57853.0248958 6.89565080322 0.0 6.89565080322 0.0
57853.0249421 6.90405677845 0.0 6.90405677845 0.0
57853.0250116 6.90550505032 0.0 6.90550505032 0.0
57853.0250579 6.91823676958 0.0 6.91823676958 0.0
57853.0251042 7.00271375968 0.0 7.00271375968 0.0
57853.0251505 7.03498400851 0.0 7.03498400851 0.0
57853.0252199 6.96756772482 0.0 6.96756772482 0.0
57853.0252662 7.07325950323 0.0 7.07325950323 0.0
57853.0253125 7.02716158915 0.0 7.02716158915 0.0
57853.0253588 7.02652118761 0.0 7.02652118761 0.0
57853.0254282 6.99464080565 0.0 6.99464080565 0.0
57853.0254745 7.15269180099 0.0 7.15269180099 0.0
57853.0255324 7.27413225065 0.0 7.27413225065 0.0
57853.0255671 7.14520818451 0.0 7.14520818451 0.0
57853.0256366 6.91151213556 0.0 6.91151213556 0.0
57853.0256829 7.22101100955 0.0 7.22101100955 0.0
57853.0257407 7.34397712415 0.0 7.34397712415 0.0
57853.025787 7.34356861478 0.0 7.34356861478 0.0
57853.0258565 7.0548564833 0.0 7.0548564833 0.0
57853.0259028 7.27090090704 0.0 7.27090090704 0.0
57853.0259491 7.23049099301 0.0 7.23049099301 0.0
57853.0259954 7.0729767425 0.0 7.0729767425 0.0
57853.0260648 6.90897966418 0.0 6.90897966418 0.0
57853.0261111 6.96074708634 0.0 6.96074708634 0.0
57853.0261574 6.9280588912 0.0 6.9280588912 0.0
57853.0262037 6.96857230715 0.0 6.96857230715 0.0
57853.0262731 6.98748881931 0.0 6.98748881931 0.0
57853.0263194 6.92986291351 0.0 6.92986291351 0.0
57853.0263657 6.90644626418 0.0 6.90644626418 0.0
57853.026412 6.9303679556 0.0 6.9303679556 0.0
57853.0264815 6.90152157136 0.0 6.90152157136 0.0
57853.0265278 6.90456370816 0.0 6.90456370816 0.0
57853.0265741 6.87255411037 0.0 6.87255411037 0.0
57853.0266204 6.88948474126 0.0 6.88948474126 0.0
57853.0266898 6.90391193455 0.0 6.90391193455 0.0
57853.0267477 6.9057222649 0.0 6.9057222649 0.0
57853.026794 6.89122630596 0.0 6.89122630596 0.0
57853.0268287 6.91520064785 0.0 6.91520064785 0.0
57853.0268981 6.87437269865 0.0 6.87437269865 0.0
57853.026956 6.87175377906 0.0 6.87175377906 0.0
57853.0270023 6.87902609386 0.0 6.87902609386 0.0
57853.0270486 6.87095335452 0.0 6.87095335452 0.0
57853.0576505 94.2283290736 0.0 94.2283290736 0.0
57853.0576968 93.2187802967 0.0 93.2187802967 0.0
57853.0577546 110.825922058 0.0 110.825922058 0.0
57853.0578009 105.188939533 0.0 105.188939533 0.0
57853.0578704 41.8829440226 0.0 41.8829440226 0.0
57853.0579167 6.98949211317 0.0 6.98949211317 0.0
57853.057963 6.88549199404 0.0 6.88549199404 0.0
57853.0580093 6.81520359197 0.0 6.81520359197 0.0
57853.0580787 6.7035811325 0.0 6.7035811325 0.0
57853.058125 6.6431167384 0.0 6.6431167384 0.0
57853.0581713 6.61475623134 0.0 6.61475623134 0.0
57853.0582176 6.63061083159 0.0 6.63061083159 0.0
57853.058287 6.66475806012 0.0 6.66475806012 0.0
57853.0583333 6.64890968505 0.0 6.64890968505 0.0
57853.0583796 6.67135668361 0.0 6.67135668361 0.0
57853.0584259 6.68894610533 0.0 6.68894610533 0.0
57853.0584954 6.66348257295 0.0 6.66348257295 0.0
57853.0585417 6.63551053047 0.0 6.63551053047 0.0
57853.058588 6.68558150051 0.0 6.68558150051 0.0
57853.0586343 6.65972972425 0.0 6.65972972425 0.0
57853.0587037 6.58285652282 0.0 6.58285652282 0.0
57853.0587616 6.65289410708 0.0 6.65289410708 0.0
57853.0588079 6.72354073387 0.0 6.72354073387 0.0
57853.0588426 6.70238763427 0.0 6.70238763427 0.0
57853.058912 6.77856917056 0.0 6.77856917056 0.0
57853.0589699 6.77694621493 0.0 6.77694621493 0.0
57853.0590162 6.81953077565 0.0 6.81953077565 0.0
57853.0590625 6.90253576593 0.0 6.90253576593 0.0
57853.0591319 6.88113362754 0.0 6.88113362754 0.0
57853.0591782 6.93808330881 0.0 6.93808330881 0.0
57853.0592245 7.00328494351 0.0 7.00328494351 0.0
57853.0592708 6.86221538572 0.0 6.86221538572 0.0
57853.0593403 6.92466605693 0.0 6.92466605693 0.0
57853.0593866 7.36769977673 0.0 7.36769977673 0.0
57853.0594329 7.26519098166 0.0 7.26519098166 0.0
57853.0594792 6.98899134353 0.0 6.98899134353 0.0
57853.0595486 6.81109389159 0.0 6.81109389159 0.0
57853.0595949 6.83995614021 0.0 6.83995614021 0.0
57853.0596412 7.06349771714 0.0 7.06349771714 0.0
57853.0596991 6.95665149336 0.0 6.95665149336 0.0
57853.0597685 6.76394855096 0.0 6.76394855096 0.0
57853.0598032 6.75366567132 0.0 6.75366567132 0.0
57853.0598495 6.81175454637 0.0 6.81175454637 0.0
57853.0599074 6.87626352026 0.0 6.87626352026 0.0
57853.0599769 6.75314741435 0.0 6.75314741435 0.0
57853.0600231 6.70954543915 0.0 6.70954543915 0.0
57853.0600579 6.71937497093 0.0 6.71937497093 0.0
57853.0601157 6.75137023129 0.0 6.75137023129 0.0
57853.0601852 6.68931984584 0.0 6.68931984584 0.0
57853.0602315 6.642364037 0.0 6.642364037 0.0
57853.0602778 6.63166645723 0.0 6.63166645723 0.0
57853.0603241 6.67165646598 0.0 6.67165646598 0.0
57853.0603935 6.62834821053 0.0 6.62834821053 0.0
57853.0604398 6.67585200555 0.0 6.67585200555 0.0
57853.0604861 6.65837818091 0.0 6.65837818091 0.0
57853.0605324 6.60598213743 0.0 6.60598213743 0.0
57853.0606019 6.5783736592 0.0 6.5783736592 0.0
57853.0606481 6.61120261375 0.0 6.61120261375 0.0
57853.0606944 6.6239716183 0.0 6.6239716183 0.0
57853.0607407 6.62434902462 0.0 6.62434902462 0.0
57853.0608102 6.61762797383 0.0 6.61762797383 0.0
57853.0608565 6.62993212635 0.0 6.62993212635 0.0
57853.0609144 6.65116531143 0.0 6.65116531143 0.0
57853.0609491 6.62238627686 0.0 6.62238627686 0.0
57853.0610301 6.58855067522 0.0 6.58855067522 0.0
57853.0610648 6.60583075775 0.0 6.60583075775 0.0
57853.098206 175.058655884 0.0 175.058655884 0.0
57853.0982523 147.646920049 0.0 147.646920049 0.0
57853.0982986 109.810659774 0.0 109.810659774 0.0
57853.0983449 83.8283603561 0.0 83.8283603561 0.0
57853.0984144 57.5096339755 0.0 57.5096339755 0.0
57853.0984606 6.81901752454 0.0 6.81901752454 0.0
57853.0985185 6.82363539471 0.0 6.82363539471 0.0
57853.0985532 6.74662878777 0.0 6.74662878777 0.0
57853.0986343 6.65319472134 0.0 6.65319472134 0.0
57853.098669 6.68086820705 0.0 6.68086820705 0.0
57853.0987269 6.75847615961 0.0 6.75847615961 0.0
57853.0987731 6.78468864429 0.0 6.78468864429 0.0
57853.0988426 6.66393277277 0.0 6.66393277277 0.0
57853.0988889 6.63204342567 0.0 6.63204342567 0.0
57853.0989352 6.66333249958 0.0 6.66333249958 0.0
57853.0989815 6.70037312394 0.0 6.70037312394 0.0
57853.0990509 6.62608481684 0.0 6.62608481684 0.0
57853.0990972 6.75596033144 0.0 6.75596033144 0.0
57853.0991435 6.71513216549 0.0 6.71513216549 0.0
57853.0991898 6.61679680812 0.0 6.61679680812 0.0
57853.0992593 6.59704479294 0.0 6.59704479294 0.0
57853.0993056 6.65852836594 0.0 6.65852836594 0.0
57853.0993519 6.63769538319 0.0 6.63769538319 0.0
57853.0993981 6.65867854758 0.0 6.65867854758 0.0
57853.0994676 6.62691481762 0.0 6.62691481762 0.0
57853.0995255 6.63324958071 0.0 6.63324958071 0.0
57853.0995602 6.64078308635 0.0 6.64078308635 0.0
57853.0996065 6.63859924984 0.0 6.63859924984 0.0
57853.0996759 6.6273675015 0.0 6.6273675015 0.0
57853.0997338 6.54087150157 0.0 6.54087150157 0.0
57853.0997801 6.56292617664 0.0 6.56292617664 0.0
57853.0998148 6.60037877701 0.0 6.60037877701 0.0
57853.0998843 6.5953771689 0.0 6.5953771689 0.0
57853.0999421 6.57518060588 0.0 6.57518060588 0.0
57853.0999884 6.61362230551 0.0 6.61362230551 0.0
57853.1000347 6.68281377864 0.0 6.68281377864 0.0
57853.1001042 6.66723330925 0.0 6.66723330925 0.0
57853.1001505 6.61664567587 0.0 6.61664567587 0.0
57853.1001968 6.58346413372 0.0 6.58346413372 0.0
57853.1002431 6.569550974 0.0 6.569550974 0.0
57853.1003125 6.56726731602 0.0 6.56726731602 0.0
57853.1003588 6.56437354208 0.0 6.56437354208 0.0
57853.1004051 6.55919202341 0.0 6.55919202341 0.0
57853.1004514 6.58467918733 0.0 6.58467918733 0.0
57853.1005208 6.57632116004 0.0 6.57632116004 0.0
57853.1005671 6.55423527194 0.0 6.55423527194 0.0
57853.1006134 6.55614215831 0.0 6.55614215831 0.0
57853.1006713 6.5575910211 0.0 6.5575910211 0.0
57853.1007407 6.54667854717 0.0 6.54667854717 0.0
57853.1007755 6.56894207616 0.0 6.56894207616 0.0
57853.1008218 6.54492169548 0.0 6.54492169548 0.0
57853.1008796 6.54614390309 0.0 6.54614390309 0.0
57853.1009491 6.53452370108 0.0 6.53452370108 0.0
57853.1009954 6.54301153904 0.0 6.54301153904 0.0
57853.1010417 6.54812950391 0.0 6.54812950391 0.0
57853.101088 6.56056400015 0.0 6.56056400015 0.0
57853.1011574 6.5311560998 0.0 6.5311560998 0.0
57853.1012037 6.5220395583 0.0 6.5220395583 0.0
57853.10125 6.52947164784 0.0 6.52947164784 0.0
57853.1012963 6.53911308971 0.0 6.53911308971 0.0
57853.1013657 6.53054362209 0.0 6.53054362209 0.0
