57853.4250694 72.458382669 0.0 72.4565537477 0.0
57853.4251852 72.4225887068 0.0 72.4444121862 0.0
57853.4253125 72.27250527 0.0 72.3770882048 0.0
57853.4254282 72.2748199721 0.0 72.2405586634 0.0
57853.425544 72.4347481531 0.0 72.2286376446 0.0
57853.4256713 72.2491174202 0.0 72.2339544466 0.0
57853.4256944 72.2229405037 0.0 72.2206818855 0.0
57853.425787 72.1844636747 0.0 72.1950962393 0.0
57853.4259028 72.2550534772 0.0 72.3783203729 0.0
57853.4260301 72.3395842606 0.0 72.3116580158 0.0
57853.4261458 72.2558216063 0.0 72.4393343219 0.0
57853.4262616 72.310907476 0.0 72.1798354528 0.0
57853.4263889 72.1292999619 0.0 72.1884091458 0.0
57853.4265046 72.3530694511 0.0 72.1229663145 0.0
57853.4266204 72.1244146597 0.0 72.3719257724 0.0
57853.4267477 72.2129855428 0.0 72.1318813702 0.0
57853.4268634 72.4906134682 0.0 72.5936468639 0.0
57853.4269792 72.1829266863 0.0 72.2523667156 0.0
57853.4270833 72.1485602767 0.0 72.2318902148 0.0
57853.4271065 72.0862473361 0.0 72.1833995251 0.0
57853.4272222 72.2166460105 0.0 72.269256631 0.0
57853.427338 72.3711233228 0.0 72.4432622885 0.0
57853.4274653 71.9383546656 0.0 72.0092373588 0.0
57853.427581 71.9329717654 0.0 72.354009882 0.0
57853.4276968 72.2180904137 0.0 71.9485313471 0.0
57853.4277778 72.1117027604 0.0 72.0744535394 0.0
57853.4465856 68.8606492273 0.0 68.7636486016 0.0
57853.4467014 68.9054531441 0.0 69.0140330513 0.0
57853.4468171 69.0628379159 0.0 69.023864786 0.0
57853.4469444 69.312174818 0.0 69.3845675781 0.0
57853.4470602 68.754368363 0.0 68.9104971394 0.0
57853.4471759 68.8904191597 0.0 69.0325327581 0.0
57853.4472222 68.8615756137 0.0 69.1089131444 0.0
57853.4472917 68.8217298969 0.0 69.1745466772 0.0
57853.447419 69.2605147108 0.0 69.5613097131 0.0
57853.4475347 68.6193923683 0.0 68.6175629996 0.0
57853.4476505 69.0795001719 0.0 68.9270512136 0.0
57853.4477778 68.9104096781 0.0 68.8730759078 0.0
57853.4478935 68.6797313478 0.0 68.8852894819 0.0
57853.4479167 68.83005855 0.0 68.9514176069 0.0
57853.4480093 69.0257521509 0.0 69.0620023312 0.0
57853.4481366 68.7828329454 0.0 69.0433267521 0.0
57853.4482523 68.575766587 0.0 68.8341146308 0.0
57853.4483681 68.7129069462 0.0 68.5057045508 0.0
57853.4484954 69.2236116871 0.0 69.9817769637 0.0
57853.4486111 68.9138010488 0.0 68.8728606201 0.0
57853.4487269 69.5401609575 0.0 69.3890940782 0.0
57853.4488542 70.2995515704 0.0 70.1840485082 0.0
57853.4489699 70.0285399676 0.0 69.4933493652 0.0
57853.4490856 69.7951337845 0.0 70.1323353882 0.0
57853.449213 68.5971268786 0.0 68.5004320497 0.0
57853.4493056 68.7230514602 0.0 68.9013216346 0.0
57853.4680903 67.0230652462 0.0 66.8430832622 0.0
57853.468206 66.5297536746 0.0 66.6425122276 0.0
57853.4683333 66.5890792398 0.0 66.6717822996 0.0
57853.4684491 66.6530125276 0.0 66.6987071914 0.0
57853.4685648 66.4342846578 0.0 66.6111480535 0.0
57853.4686921 66.4764261449 0.0 66.559931558 0.0
57853.46875 66.6703760151 0.0 66.6849194271 0.0
57853.4688079 66.8616772299 0.0 66.8062231308 0.0
57853.4689236 67.2214551241 0.0 67.2220541935 0.0
57853.4690509 66.4200081301 0.0 66.4647962007 0.0
57853.4691667 66.7152775382 0.0 66.5580608867 0.0
57853.4692824 66.4693822824 0.0 66.3688291067 0.0
57853.4694097 66.6235981166 0.0 66.5518168047 0.0
57853.4694444 66.5516395891 0.0 66.6939203826 0.0
57853.4695255 66.500942873 0.0 66.8582567078 0.0
57853.4696412 66.5781834838 0.0 66.4819673746 0.0
57853.4697569 66.6624193905 0.0 66.7877657809 0.0
57853.4698843 66.3750970093 0.0 66.5260133406 0.0
57853.47 66.719066248 0.0 66.7873336045 0.0
57853.4701157 66.5149905285 0.0 66.544320231 0.0
57853.4701389 66.5419844083 0.0 66.5443386698 0.0
57853.4702431 66.5563691017 0.0 66.5317316023 0.0
57853.4703588 66.4630737101 0.0 66.4430390936 0.0
57853.4704745 66.7563632023 0.0 66.5367160145 0.0
57853.4706019 67.1648582966 0.0 67.0701263604 0.0
57853.4707176 66.5106520115 0.0 66.6563695006 0.0
57853.4708333 66.4405435333 0.0 66.538782443 0.0
57853.4868519 65.5939190017 0.0 65.5689895301 0.0
57853.4869676 65.3069396159 0.0 65.3823856249 0.0
57853.4870949 67.421334435 0.0 67.3933037475 0.0
57853.4872106 66.0533128541 0.0 65.8140180813 0.0
57853.4873264 65.6561906373 0.0 65.565592112 0.0
57853.4874421 65.8362398 0.0 65.8279537583 0.0
57853.4875 65.7424565559 0.0 65.7793277406 0.0
57853.4875694 65.6610390871 0.0 65.7428391386 0.0
57853.4876852 65.0869152826 0.0 65.2921000122 0.0
57853.4878009 65.1201836914 0.0 65.2616983 0.0
57853.4879282 65.2881556486 0.0 65.2823392887 0.0
57853.488044 65.3028309953 0.0 65.2926020082 0.0
57853.4881597 65.7481279353 0.0 65.5229659661 0.0
57853.4881944 65.7594428885 0.0 65.5577581755 0.0
57853.488287 65.8028577647 0.0 65.6246227189 0.0
57853.4884028 65.8245753879 0.0 65.72613449 0.0
57853.4885185 65.2311499745 0.0 65.3898641763 0.0
57853.4886458 65.6665507013 0.0 65.5957794298 0.0
57853.4887616 65.6041794781 0.0 65.4695774158 0.0
57853.4888773 65.3375241496 0.0 65.4743363388 0.0
57853.4888889 65.613135095 0.0 65.6594346001 0.0
57853.4890046 65.8378706065 0.0 65.791893262 0.0
57853.4891204 65.1951777434 0.0 65.3762574334 0.0
57853.4892361 65.210107031 0.0 65.5280424017 0.0
57853.4893634 65.3001210412 0.0 65.3773451434 0.0
57853.4894792 65.3508154731 0.0 65.1571661677 0.0
57853.4895833 65.2373355066 0.0 65.1387643573 0.0
57853.5201852 63.8500884416 0.0 63.7447787352 0.0
57853.5203125 63.8047862468 0.0 63.8267148692 0.0
57853.5204282 63.6689557006 0.0 63.9417982231 0.0
57853.520544 63.7725149496 0.0 63.7137458089 0.0
57853.5206713 63.7701841145 0.0 63.7506370713 0.0
57853.520787 63.6139761059 0.0 63.7003181232 0.0
57853.5208333 63.6609669499 0.0 63.8034969183 0.0
57853.5209028 63.7107032374 0.0 63.9098257938 0.0
57853.5210301 63.6644273123 0.0 63.6641582447 0.0
57853.5211458 63.7414640011 0.0 63.7414660013 0.0
57853.5212616 63.6784979251 0.0 63.6746181457 0.0
57853.5213889 63.6834856301 0.0 63.6635771301 0.0
57853.5215046 63.7108368255 0.0 63.7221316891 0.0
57853.5215278 63.6834120945 0.0 63.6974926744 0.0
57853.5216204 63.6467707586 0.0 63.6636272294 0.0
57853.5217477 63.9023977406 0.0 63.7594463119 0.0
57853.5218634 63.8891424892 0.0 63.8025308275 0.0
57853.5219792 63.9503654563 0.0 64.146741858 0.0
57853.5221065 63.6929272212 0.0 63.72050123 0.0
57853.5222222 63.8275477439 0.0 63.9648424683 0.0
57853.522338 63.8662346784 0.0 63.7214401438 0.0
57853.5224653 63.854812857 0.0 63.9517199143 0.0
57853.522581 63.6675164821 0.0 63.7438561039 0.0
57853.5226968 63.7489376774 0.0 63.7697985492 0.0
57853.5228241 63.5712192191 0.0 63.6453848052 0.0
57853.5229167 63.6143121711 0.0 63.6355895863 0.0
57853.5465972 62.6540235899 0.0 62.617389286 0.0
57853.546713 62.5302167276 0.0 62.5220841223 0.0
57853.5468403 62.4653790911 0.0 62.610996638 0.0
57853.546956 62.7982118694 0.0 62.9648791391 0.0
57853.5470718 62.6117070922 0.0 62.6488683776 0.0
57853.5471991 62.5519658204 0.0 62.4881384024 0.0
57853.5472222 62.650216504 0.0 62.5432285463 0.0
57853.5473148 62.7474640922 0.0 62.5969934422 0.0
57853.5474306 62.6156441155 0.0 62.5890457109 0.0
57853.5475579 62.9291830791 0.0 62.6582969686 0.0
57853.5476736 62.5182264224 0.0 62.4388649961 0.0
57853.5477894 62.5139308634 0.0 62.5320680611 0.0
57853.5479167 62.625238259 0.0 62.5096313139 0.0
57853.5480324 62.5575895635 0.0 62.4346734515 0.0
57853.5481481 62.51603124 0.0 62.5375671817 0.0
57853.5482755 62.4973195025 0.0 62.4512097481 0.0
57853.5483912 62.457152889 0.0 62.5179041475 0.0
57853.5485069 62.3231589058 0.0 62.4053505639 0.0
57853.5486111 62.3629682504 0.0 62.411101897 0.0
57853.5486343 62.4210531071 0.0 62.4350191639 0.0
57853.54875 62.3058470611 0.0 62.3334659072 0.0
57853.5488657 62.373196992 0.0 62.3316687888 0.0
57853.5489931 62.4036789781 0.0 62.4294331225 0.0
57853.5491088 62.3557911424 0.0 62.4265548705 0.0
57853.5492245 62.3239987485 0.0 62.2923832503 0.0
57853.5493056 62.396628715 0.0 62.4412237949 0.0
57853.5708565 62.24772734 0.0 61.9997728302 0.0
57853.5709722 62.1107048342 0.0 62.1719030994 0.0
57853.5710995 62.1943061944 0.0 62.0973210533 0.0
57853.5712153 61.9747616131 0.0 62.12342299 0.0
57853.571331 61.973622639 0.0 61.8996548375 0.0
57853.5714583 61.8227096867 0.0 61.8289627197 0.0
57853.5715278 61.8484649203 0.0 61.8506347906 0.0
57853.5715741 61.8851562493 0.0 61.8832306526 0.0
57853.5716898 61.941304975 0.0 62.0421268736 0.0
57853.5718171 61.8546277331 0.0 61.8875550171 0.0
57853.5719329 62.0101378889 0.0 62.1066245903 0.0
57853.5720486 61.8218236305 0.0 61.9028292488 0.0
57853.5721759 61.9387560337 0.0 62.2227928415 0.0
57853.5722222 61.8845322112 0.0 62.0292775631 0.0
57853.5722917 61.8335832295 0.0 61.8407005458 0.0
57853.5724074 61.8801923074 0.0 61.9426533739 0.0
57853.5725231 62.0528341738 0.0 61.8564404892 0.0
57853.5726505 61.8841684036 0.0 61.9880795073 0.0
57853.5727662 62.332943489 0.0 62.3148047498 0.0
57853.5728819 61.9485614119 0.0 61.9408044023 0.0
57853.5729167 61.9479245657 0.0 61.9724173887 0.0
57853.5730093 61.9385500153 0.0 61.9953240898 0.0
57853.573125 61.8933289943 0.0 62.1566708166 0.0
57853.5732407 62.0345756091 0.0 62.0644727682 0.0
57853.5733681 61.9572470257 0.0 62.1765982263 0.0
57853.5734838 61.8075310298 0.0 61.9001105411 0.0
57853.5735995 61.9439963435 0.0 61.9288045743 0.0
57853.5736111 62.6174118517 0.0 62.0898312125 0.0
57853.5972685 61.4769197342 0.0 61.4172437757 0.0
57853.5973843 61.4142871977 0.0 61.5225729875 0.0
57853.5975 61.4444293732 0.0 61.4284217036 0.0
57853.5976273 61.4157668437 0.0 61.445049646 0.0
57853.5977431 61.4683822709 0.0 61.4704551716 0.0
57853.5978588 61.494896398 0.0 61.4618901922 0.0
57853.5979167 61.5077261895 0.0 61.4798080592 0.0
57853.5979861 61.5093986152 0.0 61.4865775109 0.0
57853.5981019 61.4109983553 0.0 61.5072141948 0.0
57853.5982176 61.4294606927 0.0 61.4316630249 0.0
57853.5983449 61.4636199959 0.0 61.5869349538 0.0
57853.5984606 61.4105724367 0.0 61.6124391337 0.0
57853.5985764 61.4378690304 0.0 61.5927862416 0.0
57853.5986111 61.43767813 0.0 61.6317361592 0.0
57853.5987037 61.4360819796 0.0 61.6693561747 0.0
57853.5988194 61.4667596836 0.0 61.4253369059 0.0
57853.5989352 61.4295136885 0.0 61.5657320674 0.0
57853.5990625 61.4402248368 0.0 61.4376835501 0.0
57853.5991782 61.4300692821 0.0 61.4201992507 0.0
57853.599294 61.3619639598 0.0 61.4504849371 0.0
57853.5993056 61.4098466616 0.0 61.4436231191 0.0
57853.5994097 61.4579280402 0.0 61.4368355468 0.0
57853.599537 61.4390520191 0.0 61.714588802 0.0
57853.5996528 61.6629419668 0.0 61.5608693815 0.0
57853.5997685 61.5021111345 0.0 61.4476366836 0.0
57853.5998958 61.5867089639 0.0 61.4376098005 0.0
57853.6 61.5018608336 0.0 61.3919166748 0.0
57853.6181713 61.1905608325 0.0 61.2726493796 0.0
57853.6182986 61.3122331921 0.0 61.2883245651 0.0
57853.6184144 61.2321847316 0.0 61.2201281933 0.0
57853.6185301 61.3771005343 0.0 61.4397549718 0.0
57853.6186574 61.1803698011 0.0 61.2784893743 0.0
57853.61875 61.2509346051 0.0 61.249171227 0.0
57853.6187731 61.3396118752 0.0 61.2377422265 0.0
57853.6188889 61.3028903478 0.0 61.3701149176 0.0
57853.6190162 61.3620239806 0.0 61.2699971683 0.0
57853.6191319 61.4569492572 0.0 61.3456611343 0.0
57853.6192477 61.3950319733 0.0 61.3097434345 0.0
57853.619375 61.4455673828 0.0 61.4685247586 0.0
57853.6194444 61.5270103857 0.0 61.396816766 0.0
57853.6194907 61.5692146531 0.0 61.2861654862 0.0
57853.6196065 61.5921028867 0.0 61.7506394866 0.0
57853.6197338 61.4653685664 0.0 61.3816160344 0.0
57853.6198495 61.2752046263 0.0 61.3042819875 0.0
57853.6199653 61.4046230263 0.0 61.313573277 0.0
57853.6200926 61.3840366382 0.0 61.2442671113 0.0
57853.6201389 61.2865729748 0.0 61.2442996286 0.0
57853.6202083 61.2019768717 0.0 61.2568783811 0.0
57853.6203241 61.2688132903 0.0 61.3729588418 0.0
57853.6204514 61.183568268 0.0 61.1805653537 0.0
57853.6205671 61.2573741847 0.0 61.2188741974 0.0
57853.6206829 61.2696349752 0.0 61.1829141101 0.0
57853.6208102 61.188404408 0.0 61.1582496234 0.0
57853.6208333 61.3140778044 0.0 61.210683855 0.0
