57853.6243866 65.6175016669 0.0 65.6483887236 0.0
57853.6245139 65.590065513 0.0 65.5191474304 0.0
57853.6246296 65.592068522 0.0 65.5773893884 0.0
57853.6247454 65.7344445249 0.0 65.91418226 0.0
57853.6248727 65.5249168943 0.0 65.5922087751 0.0
57853.6249884 65.5201847754 0.0 65.5704718528 0.0
57853.625 65.4991832697 0.0 65.5051141133 0.0
57853.6251042 65.5007138969 0.0 65.4624136356 0.0
57853.6252315 65.5183401347 0.0 65.4813366082 0.0
57853.6253472 65.6298062773 0.0 65.5529923802 0.0
57853.625463 65.7466130839 0.0 65.6861693053 0.0
57853.6255903 65.8387375714 0.0 65.7519671341 0.0
57853.6256944 66.1916738495 0.0 66.1381166197 0.0
57853.625706 66.5524899309 0.0 66.5332730745 0.0
57853.6258218 65.53607341 0.0 65.6634892768 0.0
57853.6259491 65.9486143145 0.0 66.152118341 0.0
57853.6260648 65.8146995739 0.0 65.7750858456 0.0
57853.6261806 65.5221806719 0.0 65.5856914426 0.0
57853.6262963 65.7281293587 0.0 65.699483826 0.0
57853.6263889 65.8028809476 0.0 65.7159572022 0.0
57853.6264236 65.8538325992 0.0 65.7084790952 0.0
57853.6265394 65.5745577416 0.0 65.5838170817 0.0
57853.6266551 65.8292132567 0.0 65.7291856484 0.0
57853.6267824 65.5162299968 0.0 65.6409782834 0.0
57853.6268981 65.5740249108 0.0 65.617237339 0.0
57853.6270139 65.6340454795 0.0 65.5787092584 0.0
57853.6270833 65.6048637221 0.0 65.5980318379 0.0
57853.629294 65.9899934536 0.0 66.3881073386 0.0
57853.6294097 65.2754421126 0.0 65.3535840257 0.0
57853.6295255 65.6216752072 0.0 65.4222055651 0.0
57853.6296528 65.5855505961 0.0 65.4750345017 0.0
57853.6297685 65.5841923408 0.0 65.4418859141 0.0
57853.6298611 65.5549165204 0.0 65.4549778015 0.0
57853.6298843 65.4741965205 0.0 65.4165774861 0.0
57853.6300116 66.0334255359 0.0 65.961677935 0.0
57853.6301273 66.1303601684 0.0 65.7402824606 0.0
57853.6302431 65.4071865012 0.0 65.3778957982 0.0
57853.6303704 65.3473954875 0.0 65.2852900583 0.0
57853.6304861 65.2742028829 0.0 65.2577374033 0.0
57853.6305556 65.3798754052 0.0 65.3767947975 0.0
57853.6306019 65.5252503849 0.0 65.5357233728 0.0
57853.6307176 65.4021571739 0.0 65.2841575116 0.0
57853.6308449 65.6845607278 0.0 65.5913225816 0.0
57853.6309606 65.3745495281 0.0 65.3842820409 0.0
57853.6310764 65.911721651 0.0 65.8262067721 0.0
57853.6312037 65.3998751987 0.0 65.2148722839 0.0
57853.63125 65.6076973076 0.0 65.4478100016 0.0
57853.6313194 65.818240291 0.0 65.6839710584 0.0
57853.6314352 65.3264777713 0.0 65.3362018103 0.0
57853.6315625 65.4242808443 0.0 65.3262612967 0.0
57853.6316782 65.308219988 0.0 65.5332268929 0.0
57853.631794 65.5773294058 0.0 65.5212852667 0.0
57853.6319213 65.672491174 0.0 65.6073976317 0.0
57853.6319444 65.5819381385 0.0 65.5700197804 0.0
