57853.2208333 139.493206071 0.0 95.825588425 0.0
57853.2212153 171.439737797 0.0 106.198680048 0.0
57853.221331 113.652782597 0.0 171.907602549 0.0
57853.2214468 99.3133646746 0.0 142.57183912 0.0
57853.2215278 96.3430761601 0.0 181.34590034 0.0
57853.2215741 90.3327490061 0.0 252.366116961 0.0
57853.2216898 99.3890088893 0.0 89.5074300044 0.0
57853.2218056 94.2522137724 0.0 81.4426558629 0.0
57853.2219329 83.4305296579 0.0 86.6170063729 0.0
57853.2220486 79.8211793824 0.0 84.6219300241 0.0
57853.2221644 81.5205691958 0.0 79.7351196462 0.0
57853.2222222 86.8259792401 0.0 87.0061276405 0.0
57853.2222917 93.1869531211 0.0 96.5781748016 0.0
57853.2224074 79.8488114376 0.0 80.7301393223 0.0
57853.2225231 78.705728254 0.0 79.1121646146 0.0
57853.2226505 79.4115751638 0.0 80.1257850882 0.0
57853.2227662 80.7497961112 0.0 80.2671144741 0.0
57853.2228819 109.98388451 0.0 117.295797533 0.0
57853.2229167 91.6057596715 0.0 93.8890367455 0.0
57853.2230093 80.1907076911 0.0 80.5617297791 0.0
57853.223125 79.6998449998 0.0 80.2210487403 0.0
57853.2232407 86.1101132911 0.0 87.179539704 0.0
57853.2233565 79.8541591027 0.0 79.8886632946 0.0
57853.2234838 83.7689490444 0.0 83.3254794226 0.0
57853.2235995 78.4010839657 0.0 78.3592365519 0.0
57853.2236111 78.7971518584 0.0 79.1224629167 0.0
57853.2257523 88.4138560521 0.0 88.1137266208 0.0
57853.2258681 76.5157928078 0.0 76.5224052484 0.0
57853.2259954 83.9268579598 0.0 83.6496617626 0.0
57853.2261111 77.8718469153 0.0 77.7006916057 0.0
57853.2262269 76.2814308269 0.0 76.2634576911 0.0
57853.2263542 76.7200941866 0.0 76.6124853076 0.0
57853.2263889 76.4793910737 0.0 76.4296621803 0.0
57853.2264699 76.2246206157 0.0 76.2318820114 0.0
57853.2265856 76.4910223621 0.0 76.5680152414 0.0
57853.226713 78.1397618374 0.0 78.4253028748 0.0
57853.2268287 76.1252762097 0.0 76.2803587564 0.0
57853.2269444 75.873930602 0.0 75.8826537622 0.0
57853.2270718 78.6218854836 0.0 78.7854452675 0.0
57853.2270833 77.1700259686 0.0 77.2412332372 0.0
57853.2271875 75.7923613499 0.0 75.7808745991 0.0
57853.2273032 77.0534695455 0.0 77.0608483278 0.0
57853.2274306 75.7690667819 0.0 75.7425197891 0.0
57853.2275463 76.321860656 0.0 76.1806482645 0.0
57853.227662 76.458506976 0.0 76.4993476181 0.0
57853.2277778 78.096256466 0.0 78.0393941481 0.0
57853.2279051 75.6654749671 0.0 75.7363084788 0.0
57853.2280208 76.0811687345 0.0 76.1197262738 0.0
57853.2281366 76.3232167561 0.0 76.236468419 0.0
57853.2282639 77.4941394687 0.0 77.7251530651 0.0
57853.2283796 76.3221222779 0.0 76.1578284617 0.0
57853.2284722 77.9323152421 0.0 78.0812571684 0.0
57853.2284954 79.6681547922 0.0 80.17830648 0.0
57853.2286227 75.5892103279 0.0 75.5760868992 0.0
57853.2287384 75.5576262597 0.0 75.7498503431 0.0
57853.2288542 76.2018736712 0.0 76.360162598 0.0
57853.2289815 75.7052195492 0.0 75.6133580527 0.0
57853.2290972 77.7811935753 0.0 77.7863433515 0.0
57853.2291667 76.6929729897 0.0 76.6037141919 0.0
57853.2465394 71.1389787599 0.0 71.1457969595 0.0
57853.2466667 71.7999193802 0.0 71.8053605798 0.0
57853.2467824 71.2208099856 0.0 71.2818892988 0.0
57853.2468981 70.9471029218 0.0 70.948501901 0.0
57853.2470255 71.2765038985 0.0 71.3191229615 0.0
57853.2471412 71.1013939385 0.0 71.0933593945 0.0
57853.2472222 71.1187071452 0.0 71.0913327558 0.0
57853.2472569 71.1319685092 0.0 71.0852132303 0.0
57853.2473843 70.7957697465 0.0 70.794080148 0.0
57853.2475 70.7693566807 0.0 70.7700367952 0.0
57853.2476157 70.8661033429 0.0 70.8863461677 0.0
57853.2477431 70.7173614044 0.0 70.7320558234 0.0
57853.2478588 70.675711896 0.0 70.6745967304 0.0
57853.2479167 70.6757750081 0.0 70.679228073 0.0
57853.2479745 70.7056040353 0.0 70.7136381683 0.0
57853.2481019 71.0825765853 0.0 71.2253586021 0.0
57853.2482176 70.6441959612 0.0 70.6495136006 0.0
57853.2483333 70.8401317051 0.0 70.828301928 0.0
57853.2484606 70.6220432939 0.0 70.6400737542 0.0
57853.2485764 70.8141483815 0.0 70.8557603022 0.0
57853.2486111 71.1619864183 0.0 71.1559712603 0.0
57853.2486921 71.5068765225 0.0 71.4519007655 0.0
57853.2488194 70.6610115906 0.0 70.6676389799 0.0
57853.2489352 70.7595514542 0.0 70.7222961873 0.0
57853.2490509 70.8711360993 0.0 70.8084414247 0.0
57853.2491782 71.0283959413 0.0 71.1568825765 0.0
57853.249294 70.6550997452 0.0 70.6764786333 0.0
57853.2493056 70.743703734 0.0 70.742959056 0.0
57853.2494097 70.8183289975 0.0 70.79530334 0.0
57853.249537 70.6330052667 0.0 70.6585645764 0.0
57853.2496528 70.5309092243 0.0 70.5343643978 0.0
57853.2497685 70.4471313327 0.0 70.4937676962 0.0
57853.2498958 70.8200189565 0.0 70.7878202023 0.0
57853.25 70.5959794464 0.0 70.5847619958 0.0
57853.2521644 69.8179537727 0.0 69.8077281538 0.0
57853.2522801 69.8873174832 0.0 69.8835005777 0.0
57853.2523958 69.8155241404 0.0 69.8468606381 0.0
57853.2525231 69.9681648895 0.0 69.979924214 0.0
57853.2526389 70.8244901288 0.0 70.7510861613 0.0
57853.2527546 69.9218206642 0.0 69.9455518957 0.0
57853.2527778 69.858974878 0.0 69.8513683259 0.0
57853.2528819 69.8011505206 0.0 69.7623832663 0.0
57853.2529977 69.8446162993 0.0 69.8945670707 0.0
57853.2531134 69.6376032112 0.0 69.6353203123 0.0
57853.2532407 69.6746443766 0.0 69.7369493167 0.0
57853.2533565 69.9452332114 0.0 69.9417890678 0.0
57853.2534722 69.8321689553 0.0 69.8385243687 0.0
57853.2535995 69.657491801 0.0 69.6640938791 0.0
57853.2537153 69.9887985252 0.0 69.9461721183 0.0
57853.253831 69.9377634901 0.0 69.9055048905 0.0
57853.2539583 69.7061435671 0.0 69.7017180061 0.0
57853.2540741 69.7816767425 0.0 69.7801076239 0.0
57853.2541667 69.8435477836 0.0 69.8727502965 0.0
57853.2541898 69.8410109749 0.0 69.9011035607 0.0
57853.2543171 69.7256799895 0.0 69.7293460388 0.0
57853.2544329 69.5938592478 0.0 69.5990625655 0.0
57853.2545486 69.5832302211 0.0 69.5812846317 0.0
57853.2546644 69.6870348558 0.0 69.7005923074 0.0
57853.2547917 69.492376071 0.0 69.5108477002 0.0
57853.2548611 69.6917823061 0.0 69.6757671504 0.0
57853.2549074 69.9358310453 0.0 69.8846545674 0.0
57853.2550231 70.1908550454 0.0 70.2448546728 0.0
57853.2551505 69.7538697636 0.0 69.7001568937 0.0
57853.2552662 69.4129405298 0.0 69.4052616593 0.0
57853.2553819 69.8002827072 0.0 69.8780939709 0.0
57853.2555093 69.8815482442 0.0 70.0364629747 0.0
57853.2555556 69.6304951656 0.0 69.7165149373 0.0
57853.2840625 66.7566521479 0.0 66.8435627342 0.0
57853.2841898 66.6277497894 0.0 66.6039894376 0.0
57853.2843056 66.669332305 0.0 66.6794099629 0.0
57853.2844213 67.2568666755 0.0 67.191670771 0.0
57853.2845486 66.5463293729 0.0 66.5622807677 0.0
57853.2846644 66.7231201758 0.0 66.7226086795 0.0
57853.2847222 66.6395214419 0.0 66.6461276745 0.0
57853.2847801 66.5312522654 0.0 66.5449231873 0.0
57853.2849074 66.498046257 0.0 66.5065935754 0.0
57853.2850231 66.5163424881 0.0 66.4850821764 0.0
57853.2851389 66.3926725023 0.0 66.4056009084 0.0
57853.2852662 66.4629162842 0.0 66.4813949463 0.0
57853.2853819 66.3654752337 0.0 66.3463973174 0.0
57853.2854167 66.3405819691 0.0 66.3169317671 0.0
57853.2854977 66.3491806732 0.0 66.3209461935 0.0
57853.285625 66.6391435569 0.0 66.6355277086 0.0
57853.2857407 66.5261208023 0.0 66.572734171 0.0
57853.2858565 66.458535509 0.0 66.5626952279 0.0
57853.2859722 66.5555742068 0.0 66.5814616541 0.0
57853.2860995 66.3895084482 0.0 66.3843042066 0.0
57853.2861111 66.4294324377 0.0 66.4210461375 0.0
57853.2862153 66.4520207593 0.0 66.4404445575 0.0
57853.286331 66.2733589537 0.0 66.2778302904 0.0
57853.2864583 66.3090343543 0.0 66.2903627008 0.0
57853.2865741 66.5221317007 0.0 66.5558496978 0.0
57853.2866898 66.2191050755 0.0 66.2147667745 0.0
57853.2868056 66.3244633148 0.0 66.2958542294 0.0
57853.2868171 66.4597762109 0.0 66.4066419118 0.0
57853.2869329 66.2528629344 0.0 66.2511732802 0.0
57853.2870486 66.2860822345 0.0 66.2971421782 0.0
57853.2871759 66.3490736635 0.0 66.39762742 0.0
57853.2872917 66.5148636772 0.0 66.5391620101 0.0
57853.2874074 66.2713368735 0.0 66.3153260491 0.0
57853.2875 66.5146449137 0.0 66.5107982436 0.0
57853.2896875 65.8188737597 0.0 65.7886781065 0.0
57853.2898032 65.7259317393 0.0 65.7404635974 0.0
57853.289919 65.7196349883 0.0 65.6877555333 0.0
57853.2900463 65.8905124582 0.0 65.9058154794 0.0
57853.290162 65.6884023706 0.0 65.7194766413 0.0
57853.2902778 65.9990430158 0.0 65.9735085167 0.0
57853.2903935 65.703606933 0.0 65.6808285499 0.0
57853.2905208 65.7518477915 0.0 65.7218303382 0.0
57853.2906366 65.7314176098 0.0 65.7422583427 0.0
57853.2907523 65.8817007066 0.0 65.8567347581 0.0
57853.2908796 65.6282323547 0.0 65.642822159 0.0
57853.2909722 65.6354804584 0.0 65.6531301767 0.0
57853.2909954 65.6472415871 0.0 65.6679585034 0.0
57853.2911111 65.6483099173 0.0 65.6163967389 0.0
57853.2912384 65.6217484452 0.0 65.6280814438 0.0
57853.2913542 65.6011542658 0.0 65.5981915299 0.0
57853.2914699 65.7433400429 0.0 65.6979530655 0.0
57853.2915972 65.6111206504 0.0 65.6287328538 0.0
57853.2916667 65.6469230657 0.0 65.6433743801 0.0
57853.291713 65.6912640691 0.0 65.6664840691 0.0
57853.2918287 65.5639615871 0.0 65.542115094 0.0
57853.291956 65.5815191422 0.0 65.5744830327 0.0
57853.2920718 65.7215217642 0.0 65.7341919324 0.0
57853.2921875 65.7111233811 0.0 65.6681598798 0.0
57853.2923148 65.5982089237 0.0 65.5878779273 0.0
57853.2923611 65.5807907546 0.0 65.5670078546 0.0
57853.2924306 65.5911082693 0.0 65.5738710158 0.0
57853.2925463 65.5373425155 0.0 65.5316864196 0.0
57853.2926736 65.5923388209 0.0 65.6154868381 0.0
57853.2927894 65.6645164834 0.0 65.6771869754 0.0
57853.2929051 65.6701197502 0.0 65.6687658556 0.0
57853.2930324 65.5995673461 0.0 65.5864917113 0.0
57853.2930556 65.6544013452 0.0 65.6393330405 0.0
57853.3090394 64.9936807159 0.0 64.9982745156 0.0
57853.3091551 64.9728503684 0.0 64.9543598152 0.0
57853.3092824 64.9559930953 0.0 64.9583335531 0.0
57853.3093981 65.0016081109 0.0 64.9850055705 0.0
57853.3095139 65.0395693098 0.0 65.0278536552 0.0
57853.3096412 65.074076751 0.0 65.0505719883 0.0
57853.3097222 65.0785309146 0.0 65.0464010534 0.0
57853.3097569 65.069103298 0.0 65.0283576142 0.0
57853.3098727 64.9659089754 0.0 64.9524234421 0.0
57853.31 64.939629403 0.0 64.9463442158 0.0
57853.3101157 65.0160544558 0.0 65.0645022266 0.0
57853.3102315 64.9555993198 0.0 64.9416520116 0.0
57853.3103588 64.9125086405 0.0 64.9028710382 0.0
57853.3104167 64.8800535758 0.0 64.8761329073 0.0
57853.3104745 64.8555173289 0.0 64.8573026343 0.0
57853.3105903 64.8813423489 0.0 64.8785529278 0.0
57853.3107176 64.8957324791 0.0 64.8817492674 0.0
57853.3108333 64.9936562135 0.0 65.0251382544 0.0
57853.3109491 65.0390736481 0.0 64.9815504586 0.0
57853.3110764 64.9690087965 0.0 65.0128262807 0.0
57853.3111111 64.9191638655 0.0 64.9405041865 0.0
57853.3111921 64.869590233 0.0 64.8685730304 0.0
57853.3113079 64.9693240691 0.0 65.0162957112 0.0
57853.3114352 64.8385275357 0.0 64.8687248834 0.0
57853.3115509 64.9910552846 0.0 64.9670432758 0.0
57853.3116667 64.8286779288 0.0 64.8358835985 0.0
57853.311794 65.2153223024 0.0 65.1941256019 0.0
57853.3118056 65.0399179428 0.0 65.0398324875 0.0
57853.3119097 64.8690712667 0.0 64.8897866694 0.0
57853.3120255 64.9266128256 0.0 64.8945382293 0.0
57853.3121528 64.8266355212 0.0 64.8579344259 0.0
57853.3122685 64.8873747042 0.0 64.8879419384 0.0
57853.3123843 64.8519316212 0.0 64.8492652695 0.0
57853.3125 64.8281330751 0.0 64.8224473389 0.0
57853.3306713 63.8293231125 0.0 63.8269499585 0.0
57853.330787 63.7993540485 0.0 63.7873036191 0.0
57853.3309028 63.788122131 0.0 63.8032542665 0.0
57853.3310301 63.796815955 0.0 63.8013778299 0.0
57853.3311458 63.8434407281 0.0 63.8521910117 0.0
57853.33125 63.8698463205 0.0 63.8849891289 0.0
57853.3312616 63.9293794902 0.0 63.9509416115 0.0
57853.3313889 63.9182889242 0.0 63.948957341 0.0
57853.3315046 63.9800041497 0.0 63.965118041 0.0
57853.3316204 64.0023460586 0.0 64.0084362409 0.0
57853.3317477 64.074616144 0.0 64.0477788374 0.0
57853.3318634 64.131270056 0.0 64.1386365695 0.0
57853.3319444 64.2310823122 0.0 64.2417438586 0.0
57853.3319792 64.2730954132 0.0 64.2870629443 0.0
57853.3321065 64.0437242671 0.0 64.0440211105 0.0
57853.3322222 64.0490003981 0.0 64.0558142248 0.0
57853.332338 64.0122875861 0.0 64.0111686114 0.0
57853.3324653 63.9768594572 0.0 63.9734314071 0.0
57853.332581 63.980444231 0.0 63.9570813749 0.0
57853.3326389 64.0208218785 0.0 64.0002855541 0.0
57853.3326968 64.082352914 0.0 64.0646521414 0.0
57853.3328241 63.9411239501 0.0 63.9384116475 0.0
57853.3329398 63.9933679845 0.0 63.9842452562 0.0
57853.3330556 63.9640434697 0.0 63.9524181091 0.0
57853.3331829 63.9888926299 0.0 63.987984247 0.0
57853.3332986 64.0282713182 0.0 63.99626986 0.0
57853.3333333 64.0074481525 0.0 63.9751959669 0.0
57853.3334144 63.9737300851 0.0 63.9412342389 0.0
57853.3335417 64.0333496156 0.0 64.0607323327 0.0
57853.3336574 64.0263136843 0.0 64.0262094302 0.0
57853.3337731 63.9338197201 0.0 63.9265850879 0.0
57853.3339005 63.9215973518 0.0 63.918008112 0.0
57853.3340162 63.8685266152 0.0 63.8686520446 0.0
57853.3340278 63.9228366939 0.0 63.9114454382 0.0
57853.336169 63.6646137269 0.0 63.6541310678 0.0
57853.3362847 63.8262300782 0.0 63.8810037335 0.0
57853.3364005 63.821446889 0.0 63.7715126212 0.0
57853.3365278 63.6731251864 0.0 63.7027456944 0.0
57853.3366435 63.7529292817 0.0 63.7314134631 0.0
57853.3367593 63.6915865637 0.0 63.7262262652 0.0
57853.3368056 63.7056447891 0.0 63.7247622907 0.0
57853.3368866 63.7074548542 0.0 63.7110395928 0.0
57853.3370023 63.6738239939 0.0 63.678741225 0.0
57853.3371181 63.6883980957 0.0 63.7088410191 0.0
57853.3372454 63.7332371608 0.0 63.6889887265 0.0
57853.3373611 63.7873476404 0.0 63.8009027052 0.0
57853.3374769 63.6321041928 0.0 63.6069978619 0.0
57853.3375 63.6229135925 0.0 63.6136026884 0.0
57853.3376042 63.6246365805 0.0 63.6311332368 0.0
57853.3377199 63.6689998508 0.0 63.6292286925 0.0
57853.3378356 63.5564147117 0.0 63.5571840157 0.0
57853.337963 63.5781510426 0.0 63.6034637657 0.0
57853.3380787 63.556155115 0.0 63.5586996563 0.0
57853.3381944 63.5474589421 0.0 63.5457871932 0.0
57853.3383218 63.5425503187 0.0 63.5391716109 0.0
57853.3384375 63.5441324829 0.0 63.562555762 0.0
57853.3385532 63.5602334011 0.0 63.570720493 0.0
57853.3386806 63.5511667163 0.0 63.5676442854 0.0
57853.3387963 63.5394710239 0.0 63.531827142 0.0
57853.3388889 63.5243846645 0.0 63.5225846924 0.0
57853.338912 63.5123974591 0.0 63.5164371876 0.0
57853.3390394 63.5139914664 0.0 63.5160779409 0.0
57853.3391551 63.5228583425 0.0 63.5361707455 0.0
57853.3392708 63.5024689835 0.0 63.4993775639 0.0
57853.3393981 63.5299809854 0.0 63.5316354661 0.0
57853.3395139 63.5339837174 0.0 63.5503381974 0.0
57853.3395833 63.5776348097 0.0 63.5895127045 0.0
57853.363287 63.0075111554 0.0 63.0349720155 0.0
57853.3634144 62.9877175726 0.0 62.9908744502 0.0
57853.3635301 62.990183386 0.0 62.9896041581 0.0
57853.3636458 62.9788226073 0.0 62.9784656053 0.0
57853.3637731 62.9855434921 0.0 62.9686610386 0.0
57853.3638889 63.0284159645 0.0 63.0287858918 0.0
57853.3640046 63.003705518 0.0 62.9995967289 0.0
57853.3641319 63.0257312611 0.0 63.0300155402 0.0
57853.3642477 62.9670793113 0.0 62.9568278346 0.0
57853.3643634 63.0179823463 0.0 62.9950372807 0.0
57853.3644907 62.97092861 0.0 62.9654941694 0.0
57853.3645833 62.9664984655 0.0 62.9651331135 0.0
57853.3646065 62.968870047 0.0 62.9715751669 0.0
57853.3647222 62.9096350649 0.0 62.9044755959 0.0
57853.3648495 62.9172034582 0.0 62.9050656704 0.0
57853.3649653 62.9527369381 0.0 62.945034689 0.0
57853.365081 62.9109123682 0.0 62.9118615763 0.0
57853.3652083 62.9028618665 0.0 62.9064249978 0.0
57853.3652778 62.9146684486 0.0 62.9205844696 0.0
57853.3653241 62.9238130361 0.0 62.9320846707 0.0
57853.3654398 63.0779535258 0.0 63.0723413708 0.0
57853.3655671 62.9514098254 0.0 62.9334160204 0.0
57853.3656829 62.9387946659 0.0 62.934361743 0.0
57853.3657986 62.9652998722 0.0 62.9377561167 0.0
57853.3659259 62.9025140992 0.0 62.902721992 0.0
57853.3659722 62.9065579491 0.0 62.9029893725 0.0
57853.3660417 62.9310099156 0.0 62.9236607962 0.0
57853.3661574 62.9248844417 0.0 62.9259547881 0.0
57853.3662847 62.9362465118 0.0 62.9391808971 0.0
57853.3664005 62.9620476557 0.0 62.9481266441 0.0
57853.3665162 62.9768114229 0.0 62.9831686485 0.0
57853.3666319 63.0334428458 0.0 63.0202760625 0.0
57853.3666667 63.0357893264 0.0 63.0549133137 0.0
