57853.318125 78.8265779544 0.0 78.4917973294 0.0
57853.3182407 78.032813066 0.0 78.1015985368 0.0
57853.3183565 78.4163004356 0.0 78.3085249574 0.0
57853.3184838 78.0098080949 0.0 78.0475963755 0.0
57853.3185995 78.2966238863 0.0 78.1669450855 0.0
57853.3187153 78.0557368359 0.0 78.003750929 0.0
57853.31875 77.9440678756 0.0 77.9284495996 0.0
57853.3188426 77.8202965363 0.0 77.8408154377 0.0
57853.3189583 77.927636189 0.0 77.8437582212 0.0
57853.3190741 77.7589192698 0.0 77.7631928485 0.0
57853.3192014 77.8560454942 0.0 77.9441416272 0.0
57853.3193171 77.8034911813 0.0 77.7317764688 0.0
57853.3194329 77.7240021615 0.0 77.8190677148 0.0
57853.3194444 77.8168860981 0.0 77.8129791037 0.0
57853.3195602 77.9011439005 0.0 77.7977861446 0.0
57853.3196759 77.5693246458 0.0 77.6090936811 0.0
57853.3197917 77.5389331626 0.0 77.5714440371 0.0
57853.319919 77.5469968793 0.0 77.6533005287 0.0
57853.3200347 77.5422126135 0.0 77.5064263723 0.0
57853.3201389 77.5328195863 0.0 77.4463199319 0.0
57853.3201505 77.5536774434 0.0 77.4164418712 0.0
57853.3202778 77.4994799466 0.0 77.5180174992 0.0
57853.3203935 77.464438028 0.0 77.4981493585 0.0
57853.3205093 77.5614044419 0.0 77.4971637481 0.0
57853.3206366 77.4005661026 0.0 77.5621013447 0.0
57853.3207523 77.5120565332 0.0 77.4349267643 0.0
57853.3208333 77.4672330666 0.0 77.4193957416 0.0
57853.3208681 77.4392414284 0.0 77.4206399418 0.0
57853.3209954 77.3936058793 0.0 77.3376876174 0.0
57853.3211111 77.4604055244 0.0 77.4663085928 0.0
57853.3212269 77.6098640896 0.0 77.6629127898 0.0
57853.3213542 77.3413573258 0.0 77.3472264403 0.0
57853.3214699 77.5070825086 0.0 77.5339125286 0.0
57853.3215278 77.4440983484 0.0 77.4810839947 0.0
57853.3236227 76.8791673082 0.0 76.8995206942 0.0
57853.3237384 76.8319914944 0.0 76.8215953688 0.0
57853.3238542 76.8053191387 0.0 76.7893438245 0.0
57853.3239815 76.7999640755 0.0 76.8707058768 0.0
57853.3240972 76.8866599938 0.0 76.8850699551 0.0
57853.324213 76.7725879465 0.0 76.8040136061 0.0
57853.3243056 76.9164155301 0.0 76.9869685531 0.0
57853.3243403 77.0508701508 0.0 77.1610628167 0.0
57853.324456 76.7765873297 0.0 76.7440290316 0.0
57853.3245718 76.800395038 0.0 76.7572480356 0.0
57853.3246991 76.8843934814 0.0 77.0659133145 0.0
57853.3248148 76.7074550745 0.0 76.7435869633 0.0
57853.3249306 77.1558862304 0.0 77.2709398351 0.0
57853.325 77.0033142209 0.0 77.1666590115 0.0
57853.3250579 76.8582386735 0.0 77.0694679883 0.0
57853.3251736 76.5397221056 0.0 76.5401598444 0.0
57853.3252894 76.8568930936 0.0 76.9488368333 0.0
57853.3254167 76.7524286065 0.0 76.8978546515 0.0
57853.3255324 76.7596452962 0.0 76.6134766278 0.0
57853.3256481 77.0683463557 0.0 77.1152941834 0.0
57853.3256944 76.8586710203 0.0 76.8716995909 0.0
57853.3257755 76.6632053139 0.0 76.6428761138 0.0
57853.3258912 76.6398430257 0.0 76.5934895797 0.0
57853.3260069 76.4703339603 0.0 76.4576306656 0.0
57853.3261343 76.4585727306 0.0 76.4814799674 0.0
57853.32625 76.4571475141 0.0 76.4588265801 0.0
57853.3263657 76.4792416084 0.0 76.4465872227 0.0
57853.3263889 76.4690043286 0.0 76.4686350015 0.0
57853.3264815 76.4092778398 0.0 76.4411932534 0.0
57853.3266088 76.4267567086 0.0 76.429301593 0.0
57853.3267245 76.3512130159 0.0 76.4686634119 0.0
57853.3268403 76.252532076 0.0 76.2254169749 0.0
57853.3269676 76.2503832712 0.0 76.3492702847 0.0
57853.3270833 76.3738050905 0.0 76.3484692577 0.0
57853.3431019 73.4185460766 0.0 73.4182725757 0.0
57853.3432176 73.7415029003 0.0 73.6550508384 0.0
57853.3433333 73.4897963189 0.0 73.6317614892 0.0
57853.3434606 73.245492578 0.0 73.2479620263 0.0
57853.3435764 73.36557992 0.0 73.3923302669 0.0
57853.3436921 73.2423512525 0.0 73.2044412655 0.0
57853.34375 73.4604162798 0.0 73.401050987 0.0
57853.3438194 73.6985318578 0.0 73.6172938785 0.0
57853.3439352 73.3580506625 0.0 73.3473391678 0.0
57853.3440509 73.2342308077 0.0 73.3164889776 0.0
57853.3441667 73.1805752984 0.0 73.2128604481 0.0
57853.344294 73.1428615109 0.0 73.131655198 0.0
57853.3444097 73.1348032472 0.0 73.1658172236 0.0
57853.3444444 73.2211853086 0.0 73.2110449932 0.0
57853.3445255 73.3044180319 0.0 73.2528836839 0.0
57853.3446528 73.2696326455 0.0 73.1155831885 0.0
57853.3447685 73.1559781289 0.0 73.2193629718 0.0
57853.3448843 73.0835841691 0.0 73.1128382912 0.0
57853.3450116 73.2080355835 0.0 73.1383538713 0.0
57853.3451273 73.2048901987 0.0 73.2174726756 0.0
57853.3451389 73.3213638717 0.0 73.377118334 0.0
57853.3452431 73.448301689 0.0 73.547761747 0.0
57853.3453704 73.2604858706 0.0 73.2036791493 0.0
57853.3454861 73.3568625147 0.0 73.3274932341 0.0
57853.3456019 73.0685554257 0.0 73.039055354 0.0
57853.3457292 73.0481904225 0.0 73.0458512511 0.0
57853.3458333 73.0661799672 0.0 73.1222984595 0.0
57853.3458449 73.082897028 0.0 73.1977073411 0.0
57853.3459606 73.0997583649 0.0 73.1491772749 0.0
57853.346088 73.1303646032 0.0 73.196309784 0.0
57853.3462037 73.3557156669 0.0 73.3733792802 0.0
57853.3463194 73.0072613306 0.0 73.0534212614 0.0
57853.3464468 72.9809047217 0.0 72.9945789699 0.0
57853.3465278 73.0852112606 0.0 73.094234328 0.0
57853.3487153 73.1351533259 0.0 73.1066511885 0.0
57853.348831 73.1893710657 0.0 73.1957587774 0.0
57853.3489468 73.091116006 0.0 72.9668568804 0.0
57853.3490741 73.0638644885 0.0 73.0562013658 0.0
57853.3491898 73.1197789999 0.0 73.1755000666 0.0
57853.3493056 72.8597637589 0.0 72.850062361 0.0
57853.3494329 73.1131826827 0.0 73.1439789593 0.0
57853.3495486 73.0354185379 0.0 72.9928433958 0.0
57853.3496644 72.966091755 0.0 72.9242143393 0.0
57853.3497917 73.1353762689 0.0 73.1686271021 0.0
57853.3499074 73.2413064602 0.0 73.0952991854 0.0
57853.35 73.1157599701 0.0 73.0505495051 0.0
57853.3500231 72.9457396357 0.0 72.9606942881 0.0
57853.3501505 72.8529859786 0.0 72.8697462394 0.0
57853.3502662 73.0804549589 0.0 73.0977884207 0.0
57853.3503819 72.9496552151 0.0 72.9631498703 0.0
57853.3505093 73.0051170604 0.0 73.0744881953 0.0
57853.350625 72.7404042194 0.0 72.7275024183 0.0
57853.3506944 72.7424763395 0.0 72.7769742913 0.0
57853.3507407 72.769850577 0.0 72.8519601521 0.0
57853.3508681 72.7282398385 0.0 72.7357085413 0.0
57853.3509838 72.7300915784 0.0 72.7156389025 0.0
57853.3510995 72.7920912668 0.0 72.8177154544 0.0
57853.3512269 72.7400041586 0.0 72.7924473143 0.0
57853.3513426 72.7311503484 0.0 72.7539541537 0.0
57853.3513889 72.875231588 0.0 72.8714132839 0.0
57853.3514583 73.0028446432 0.0 72.9721132762 0.0
57853.3515856 73.0728063236 0.0 73.0184297352 0.0
57853.3517014 72.6607112131 0.0 72.6522223198 0.0
57853.3518171 72.8614314298 0.0 72.9198049778 0.0
57853.3519444 72.8986665104 0.0 72.9347807222 0.0
57853.3520602 72.9529715022 0.0 73.0994825221 0.0
57853.3520833 72.8766029807 0.0 72.9158116735 0.0
57853.354213 72.5054933367 0.0 72.5155042456 0.0
57853.3543287 72.5060737732 0.0 72.4918066474 0.0
57853.3544444 72.5740261044 0.0 72.5552036383 0.0
57853.3545718 72.5767206548 0.0 72.613786976 0.0
57853.3546875 72.3479791701 0.0 72.3063262516 0.0
57853.3548032 72.3880328093 0.0 72.4285556117 0.0
57853.3548611 72.378819692 0.0 72.4335557874 0.0
57853.3549306 72.3562005567 0.0 72.4251476699 0.0
57853.3550463 72.26011168 0.0 72.2296114762 0.0
57853.355162 72.2220598502 0.0 72.2614162192 0.0
57853.3552894 72.2038403272 0.0 72.2041215236 0.0
57853.3554051 72.208536566 0.0 72.1981858706 0.0
57853.3555208 72.1640902181 0.0 72.1732092885 0.0
57853.3555556 72.1328074318 0.0 72.1698585076 0.0
57853.3556481 72.1440828204 0.0 72.2091121327 0.0
57853.3557639 72.0879831733 0.0 72.1305716531 0.0
57853.3558796 72.1569217608 0.0 72.1514093764 0.0
57853.3560069 72.1693935266 0.0 72.1910599659 0.0
57853.3561227 72.1691860907 0.0 72.1962690172 0.0
57853.3562384 72.2269994116 0.0 72.2398190197 0.0
57853.35625 72.2318597504 0.0 72.2543746426 0.0
57853.3563657 72.2206727745 0.0 72.252877569 0.0
57853.3564815 72.1372181055 0.0 72.1598109546 0.0
57853.3565972 72.1547590114 0.0 72.144735047 0.0
57853.3567245 72.2031123498 0.0 72.1723409694 0.0
57853.3568403 72.2503213834 0.0 72.2282001022 0.0
57853.3569444 72.2758632532 0.0 72.2238149089 0.0
57853.356956 72.3075166909 0.0 72.2254996798 0.0
57853.3570833 72.4892281653 0.0 72.4698369254 0.0
57853.3571991 72.2061661564 0.0 72.225075604 0.0
57853.3573148 72.1938783416 0.0 72.2827480454 0.0
57853.3574421 72.2112557085 0.0 72.3284706046 0.0
57853.3575579 72.4551783726 0.0 72.4258194776 0.0
57853.3576389 72.3633461153 0.0 72.3574105396 0.0
57853.3702199 71.0012366653 0.0 71.0086107947 0.0
57853.3703472 70.9979395194 0.0 71.0242618406 0.0
57853.370463 70.9788769424 0.0 70.9832249267 0.0
57853.3705787 70.9980116693 0.0 71.006498266 0.0
57853.370706 70.9838378576 0.0 71.0122836135 0.0
57853.3708218 70.9319890106 0.0 70.9330550167 0.0
57853.3708333 70.9297149437 0.0 70.9475932925 0.0
57853.3709375 70.9349816381 0.0 70.9696966247 0.0
57853.3710532 70.9146391445 0.0 70.901121458 0.0
57853.3711806 70.9713442172 0.0 70.9170534216 0.0
57853.3712963 70.916514748 0.0 70.8942985296 0.0
57853.371412 70.8930825539 0.0 70.8946165375 0.0
57853.3715278 70.8893310238 0.0 70.8916170644 0.0
57853.3715394 70.8819828941 0.0 70.8850208648 0.0
57853.3716551 70.8877918333 0.0 70.8896665178 0.0
57853.3717708 70.8968796775 0.0 70.866022225 0.0
57853.3718981 70.8867842761 0.0 70.9020751318 0.0
57853.3720139 70.8522972105 0.0 70.8498136483 0.0
57853.3721296 70.8203581606 0.0 70.8769275928 0.0
57853.3722222 70.8298085201 0.0 70.8730693211 0.0
57853.3722569 70.8392654042 0.0 70.8692074599 0.0
57853.3723727 70.8427934091 0.0 70.8122591646 0.0
57853.3724884 70.8697895792 0.0 70.8705299119 0.0
57853.3726157 70.816375818 0.0 70.8863131712 0.0
57853.3727315 70.7939266816 0.0 70.7777444964 0.0
57853.3728472 70.9231637478 0.0 70.9059079979 0.0
57853.3729167 70.8773845384 0.0 70.8430230651 0.0
57853.3729745 70.8278111126 0.0 70.7764162628 0.0
57853.3730903 70.760065927 0.0 70.7684919226 0.0
57853.373206 70.7735327859 0.0 70.7491099661 0.0
57853.3733333 70.7336433036 0.0 70.8249479844 0.0
57853.3734491 70.7916024116 0.0 70.7525153758 0.0
57853.3735648 70.8007414721 0.0 70.7949215552 0.0
57853.3736111 70.9227526045 0.0 70.7606923228 0.0
57853.3757176 70.701827197 0.0 70.6896760425 0.0
57853.3758333 70.6432557644 0.0 70.6638561713 0.0
57853.3759606 70.6045123062 0.0 70.5862384321 0.0
57853.3760764 70.5730243719 0.0 70.5800225347 0.0
57853.3761921 70.6048918702 0.0 70.5821755757 0.0
57853.3763194 70.5667856644 0.0 70.5097814775 0.0
57853.3763889 70.5018107994 0.0 70.4503847683 0.0
57853.3764352 70.5028311559 0.0 70.4569240033 0.0
57853.3765509 70.6115592378 0.0 70.6364039572 0.0
57853.3766782 70.5771106734 0.0 70.5320955736 0.0
57853.376794 70.5792091979 0.0 70.5899884828 0.0
57853.3769097 70.6212622445 0.0 70.6293494802 0.0
57853.377037 70.6355926074 0.0 70.5989512103 0.0
57853.3770833 70.6763435458 0.0 70.6275690365 0.0
57853.3771528 70.6956246454 0.0 70.6347160963 0.0
57853.3772685 70.6466039877 0.0 70.649216634 0.0
57853.3773958 70.6180969511 0.0 70.6200665321 0.0
57853.3775116 70.628298415 0.0 70.6737891088 0.0
57853.3776273 70.6470867977 0.0 70.6766501611 0.0
57853.3777546 70.6278839624 0.0 70.7208717353 0.0
57853.3777778 70.6461304036 0.0 70.7256852636 0.0
57853.3778704 70.6555101319 0.0 70.7216122554 0.0
57853.3779861 70.6592784707 0.0 70.7230184664 0.0
57853.3781134 70.6916304806 0.0 70.6585581441 0.0
57853.3782292 70.6385729471 0.0 70.6077104076 0.0
57853.3783449 70.6206555903 0.0 70.5929353052 0.0
57853.3784722 96.1753777534 0.0 85.151384428 0.0
57853.378588 72.4788306473 0.0 70.555527629 0.0
57853.3787037 70.6406872206 0.0 84.875569247 0.0
57853.378831 71.3821580649 0.0 72.7796930194 0.0
57853.3789468 71.9411891478 0.0 77.159456018 0.0
57853.3790625 71.6948996791 0.0 69.7843351333 0.0
57853.3791667 81.44472447 0.0 75.4784822648 0.0
57853.381331 69.7200004877 0.0 67.9063216571 0.0
57853.3814583 63.962151754 0.0 68.5816008343 0.0
57853.3815741 67.7878086827 0.0 87.6354274366 0.0
57853.3816898 63.806936206 0.0 74.4231137819 0.0
57853.3818171 74.0990704193 0.0 85.8152466348 0.0
57853.3819329 78.8294373696 0.0 82.8780799367 0.0
57853.3819444 80.5075271885 0.0 77.3814659657 0.0
57853.3820486 82.0830962379 0.0 72.3569094489 0.0
57853.3821759 65.8111113415 0.0 58.4159605074 0.0
57853.3822917 70.5810758419 0.0 79.6921344299 0.0
57853.3824074 59.9041347822 0.0 62.3090097979 0.0
57853.3825347 55.6788331774 0.0 59.8048454475 0.0
57853.3826389 52.2509020688 0.0 55.740689976 0.0
57853.3826505 59.6585057641 0.0 63.2472537032 0.0
57853.3827662 64.1773375188 0.0 85.2119064861 0.0
57853.3828935 66.9162521216 0.0 90.3043918921 0.0
57853.3830093 70.8642113341 0.0 74.3603113226 0.0
57853.383125 69.1420480533 0.0 69.9430908525 0.0
57853.3832523 69.7942595705 0.0 72.7951919154 0.0
57853.3833333 70.5101162529 0.0 72.2254910194 0.0
57853.3833681 70.5617025588 0.0 71.0253119669 0.0
57853.3834838 70.8178375976 0.0 70.8075811902 0.0
57853.3836111 70.362330014 0.0 70.3586249652 0.0
57853.3837269 70.4828217511 0.0 70.4733490477 0.0
57853.3838426 70.4180229487 0.0 70.3679954738 0.0
57853.3839699 70.354397908 0.0 70.2999059957 0.0
57853.3840278 70.3156264852 0.0 70.3011965403 0.0
57853.3840856 70.2701501137 0.0 70.2957306598 0.0
57853.3842014 70.2657866248 0.0 70.4256146157 0.0
57853.3843287 70.2550404597 0.0 70.3219305978 0.0
57853.3844444 70.2946167782 0.0 70.2780616053 0.0
57853.3845602 70.2938472841 0.0 70.3290179087 0.0
57853.3846759 70.2086669721 0.0 70.2069514364 0.0
57853.3847222 70.3693339176 0.0 70.3323851437 0.0
57853.3868287 69.8812982421 0.0 69.9382399335 0.0
57853.386956 69.9526379417 0.0 69.9736749142 0.0
57853.3870718 70.0897466396 0.0 70.1136407199 0.0
57853.3871875 69.8974447959 0.0 69.9518008918 0.0
57853.3873148 69.9222036338 0.0 69.9070778176 0.0
57853.3874306 70.0355076372 0.0 69.8504015951 0.0
57853.3875 69.8967883597 0.0 69.7965911775 0.0
57853.3875463 69.7914613402 0.0 69.7756072277 0.0
57853.3876736 69.8712074391 0.0 69.8971109131 0.0
57853.3877894 69.7315445978 0.0 69.701906093 0.0
57853.3879051 69.74605277 0.0 69.7325035403 0.0
57853.3880324 69.6773299646 0.0 69.6892301292 0.0
57853.3881481 69.8066623969 0.0 69.7772881674 0.0
57853.3881944 69.7722358177 0.0 69.7609337093 0.0
57853.3882639 69.7452385041 0.0 69.7519658504 0.0
57853.3883912 69.7715345825 0.0 69.7538898629 0.0
57853.3885069 69.7260002223 0.0 69.71735852 0.0
57853.3886227 69.7568344609 0.0 69.7403993966 0.0
57853.38875 69.741496306 0.0 69.731099683 0.0
57853.3888657 69.8332359983 0.0 69.8414971131 0.0
57853.3888889 69.8900856774 0.0 69.9367553437 0.0
57853.3889815 69.9283819132 0.0 70.0136649876 0.0
57853.3890972 70.6162052506 0.0 70.6266195708 0.0
57853.3892245 69.8952948202 0.0 69.9102918174 0.0
57853.3893403 70.0176723621 0.0 70.0220350247 0.0
57853.389456 69.7951117773 0.0 69.8258424439 0.0
57853.3895833 69.8509042891 0.0 69.8253045178 0.0
57853.3896991 69.8514861116 0.0 69.9273852936 0.0
57853.3898148 69.8746859098 0.0 69.9688584229 0.0
57853.3899421 69.7107525063 0.0 69.7102698675 0.0
57853.3900579 69.6682458441 0.0 69.6799346154 0.0
57853.3901736 69.803213565 0.0 69.8113728127 0.0
57853.3902778 69.7627272259 0.0 69.7853074078 0.0
57853.3924537 69.8703858083 0.0 69.9061741908 0.0
57853.3925694 69.9201373926 0.0 69.8524603361 0.0
57853.3926852 69.7614643625 0.0 69.7688704509 0.0
57853.3928125 69.7596004432 0.0 69.7376463684 0.0
57853.3929282 69.7409676589 0.0 69.7571661623 0.0
57853.393044 69.7679268217 0.0 69.7108582145 0.0
57853.3930556 69.7378099599 0.0 69.7213980497 0.0
57853.3931713 69.7328868469 0.0 69.7571349612 0.0
57853.393287 69.7265614311 0.0 69.7972482982 0.0
57853.3934028 69.7540088024 0.0 69.7635137948 0.0
57853.3935185 69.766792036 0.0 69.7506598965 0.0
57853.3936458 69.8118054128 0.0 69.8284306783 0.0
57853.39375 69.8563251037 0.0 69.8474828537 0.0
57853.3937616 69.8769649098 0.0 69.8426158158 0.0
57853.3938773 69.8211270462 0.0 69.789088703 0.0
57853.3940046 69.7926157484 0.0 69.8028284026 0.0
57853.3941204 69.8355813894 0.0 69.872740908 0.0
57853.3942361 69.8054925489 0.0 69.8423708862 0.0
57853.3943634 69.8330566852 0.0 69.8077237202 0.0
57853.3944444 69.8146543714 0.0 69.7755315709 0.0
57853.3944792 69.8042230599 0.0 69.7513254211 0.0
57853.3945949 69.716823063 0.0 69.7487649425 0.0
57853.3947222 69.800192908 0.0 69.7733479274 0.0
57853.394838 69.9619812541 0.0 69.8637635617 0.0
57853.3949537 69.752799485 0.0 69.7534845725 0.0
57853.395081 69.6858414816 0.0 69.692671652 0.0
57853.3951389 69.6777802675 0.0 69.6981127004 0.0
57853.3951968 69.6697642023 0.0 69.7035999859 0.0
57853.3953125 69.6922241358 0.0 69.695398564 0.0
57853.3954398 69.6794454269 0.0 69.6758373685 0.0
57853.3955556 69.7061586734 0.0 69.7166354682 0.0
57853.3956713 69.6962088495 0.0 69.6854696547 0.0
57853.3957986 69.7837330615 0.0 69.7105123349 0.0
57853.3958333 69.717656207 0.0 69.7410429374 0.0
57853.3979398 69.4008318106 0.0 69.3820131518 0.0
57853.3980671 69.3875228986 0.0 69.3538956801 0.0
57853.3981829 69.4244458746 0.0 69.3831737455 0.0
57853.3982986 69.3880140947 0.0 69.3856275896 0.0
57853.3984259 69.4390068333 0.0 69.4425570958 0.0
57853.3985417 69.6067362473 0.0 69.5334051158 0.0
57853.3986111 69.4809093565 0.0 69.4248157722 0.0
57853.3986574 69.3813601841 0.0 69.3423292441 0.0
57853.3987847 69.4052951006 0.0 69.4440882869 0.0
57853.3989005 69.3156118995 0.0 69.3462501438 0.0
57853.3990162 69.3687736161 0.0 69.3335728345 0.0
57853.3991435 69.3689827228 0.0 69.3474407098 0.0
57853.3992593 69.4373307163 0.0 69.441625233 0.0
57853.3993056 69.4900088358 0.0 69.467507822 0.0
57853.399375 69.5124935533 0.0 69.4631475892 0.0
57853.3995023 69.6316750337 0.0 69.6655984256 0.0
57853.3996181 69.4726502445 0.0 69.4330366324 0.0
57853.3997338 69.4342417399 0.0 69.4090432076 0.0
57853.3998611 69.5745958953 0.0 69.4789081808 0.0
57853.3999769 69.3567644646 0.0 69.3179449638 0.0
57853.4 69.3309491497 0.0 69.3047734864 0.0
57853.4000926 69.3342487087 0.0 69.320702521 0.0
57853.4002199 69.3221419029 0.0 69.3436602582 0.0
57853.4003356 69.3874659719 0.0 69.367820169 0.0
57853.4004514 69.3621832773 0.0 69.3955006106 0.0
57853.4005787 69.3170764531 0.0 69.3939666037 0.0
57853.4006944 69.4731916497 0.0 69.4331204902 0.0
57853.4008102 69.4073924593 0.0 69.378800141 0.0
57853.4009375 69.3437447864 0.0 69.3150382962 0.0
57853.4010532 69.2865098775 0.0 69.2789533192 0.0
57853.401169 69.2902937791 0.0 69.2959718454 0.0
57853.4012963 69.2584906564 0.0 69.2660926572 0.0
57853.4013889 69.3141051951 0.0 69.2858509077 0.0
57853.4035648 69.2265899781 0.0 69.2563744431 0.0
57853.4036806 69.2744383305 0.0 69.3428892317 0.0
57853.4037963 69.5536974287 0.0 69.5657272513 0.0
57853.4039236 69.2907972822 0.0 69.402710156 0.0
57853.4040394 69.20113218 0.0 69.1717175513 0.0
57853.4041551 69.1981995358 0.0 69.2025411672 0.0
57853.4041667 69.2164428658 0.0 69.2038776226 0.0
57853.4042824 69.2198483385 0.0 69.1903746557 0.0
57853.4043981 69.3170770445 0.0 69.3545528138 0.0
57853.4045139 69.1555226356 0.0 69.2199426394 0.0
57853.4046412 69.2309982883 0.0 69.2894934893 0.0
57853.4047569 69.1097633334 0.0 69.1062104228 0.0
57853.4048611 69.1310363296 0.0 69.1804822764 0.0
57853.4048727 69.1573558994 0.0 69.2600539705 0.0
57853.405 69.1680137058 0.0 69.2437358178 0.0
57853.4051157 69.1422659377 0.0 69.1201591433 0.0
57853.4052315 69.1753894098 0.0 69.1480904653 0.0
57853.4053588 69.1336602242 0.0 69.1395234002 0.0
57853.4054745 69.3551045562 0.0 69.2748097724 0.0
57853.4055556 69.2253700965 0.0 69.182977415 0.0
57853.4055903 69.1112460747 0.0 69.106400485 0.0
57853.4057176 69.1599224985 0.0 69.1229083445 0.0
57853.4058333 69.1373248976 0.0 69.1757768153 0.0
57853.4059491 69.1438924418 0.0 69.1447893048 0.0
57853.4060764 69.2358696053 0.0 69.1913829678 0.0
57853.4061921 69.4068025701 0.0 69.5584865131 0.0
57853.40625 69.37523845 0.0 69.4519069141 0.0
57853.4063079 69.3126063209 0.0 69.3147531771 0.0
57853.4064352 69.1719658821 0.0 69.147915312 0.0
57853.4065509 69.2676915163 0.0 69.2035724295 0.0
57853.4066667 69.294056318 0.0 69.2966160574 0.0
57853.4067824 69.2169358322 0.0 69.2233960089 0.0
57853.4069097 69.1129324005 0.0 69.1203475975 0.0
57853.4069444 69.1081842548 0.0 69.0658710652 0.0
57853.4090625 69.0567408078 0.0 69.0766023846 0.0
57853.4091782 68.9703943732 0.0 68.9774030825 0.0
57853.409294 68.9560438178 0.0 68.9387819953 0.0
57853.4094213 68.9374554796 0.0 68.9347153472 0.0
57853.409537 68.9917464122 0.0 68.948818351 0.0
57853.4096528 68.8592200072 0.0 68.8693951984 0.0
57853.4097222 68.9026566687 0.0 68.9192310607 0.0
57853.4097801 69.00664931 0.0 69.0296786535 0.0
57853.4098958 68.9038005918 0.0 68.8951939761 0.0
57853.4100116 69.0050388595 0.0 69.0259137643 0.0
57853.4101389 68.9938415947 0.0 69.1481896943 0.0
57853.4102546 69.0442268622 0.0 69.0777794591 0.0
57853.4103704 69.0395534893 0.0 69.0806177158 0.0
57853.4104167 69.201647661 0.0 69.2790877466 0.0
57853.4104977 69.3393399594 0.0 69.4536175588 0.0
57853.4106134 69.2498032488 0.0 69.2469147472 0.0
57853.4107292 69.0976154871 0.0 69.1012098736 0.0
57853.4108565 69.2467620831 0.0 69.2764169974 0.0
57853.4109722 69.131621578 0.0 69.1771673242 0.0
57853.411088 69.1802340701 0.0 69.1957165293 0.0
57853.4111111 69.1565367554 0.0 69.1742836898 0.0
57853.4112153 69.111562571 0.0 69.1315624299 0.0
57853.411331 69.1224491609 0.0 69.1524227269 0.0
57853.4114468 69.2019571111 0.0 69.2464454395 0.0
57853.4115625 69.1650386612 0.0 69.1823051943 0.0
57853.4116898 69.2472733904 0.0 69.3296354238 0.0
57853.4118056 69.0967877835 0.0 69.1106890864 0.0
57853.4119213 69.145292732 0.0 69.0854569428 0.0
57853.4120486 69.0887112414 0.0 69.093086919 0.0
57853.4121644 69.3552053634 0.0 69.3422903285 0.0
57853.4122801 69.3942004421 0.0 69.3457093121 0.0
57853.4124074 69.3280067361 0.0 69.2144755958 0.0
57853.4125 69.2901390603 0.0 69.2532725942 0.0
57853.4146759 68.9021893629 0.0 68.9047300118 0.0
57853.4147917 68.9928222209 0.0 68.9840113939 0.0
57853.414919 69.0072893541 0.0 69.0648852891 0.0
57853.4150347 69.0006144465 0.0 68.982652196 0.0
57853.4151505 68.8843798259 0.0 68.9138844066 0.0
57853.4152778 68.8905277814 0.0 68.8742514442 0.0
57853.4153935 68.886901048 0.0 68.8628077412 0.0
57853.4155093 68.8860717272 0.0 68.9059365367 0.0
57853.4156366 68.8552315369 0.0 68.8232655067 0.0
57853.4157523 68.8197292352 0.0 68.8248325461 0.0
57853.4158681 68.8512202724 0.0 68.839083964 0.0
57853.4159722 68.8722501302 0.0 68.8509297759 0.0
57853.4159838 68.9058145369 0.0 68.8752853424 0.0
57853.4161111 68.8504706229 0.0 68.9320005803 0.0
57853.4162269 68.9219174211 0.0 68.8500894262 0.0
57853.4163426 68.8803961443 0.0 68.8888686509 0.0
57853.4164699 68.8983486812 0.0 68.9159982225 0.0
57853.4165856 69.0449511912 0.0 69.174690133 0.0
57853.4166667 69.1156446544 0.0 69.1293624591 0.0
57853.4167014 69.1645790777 0.0 69.0621854056 0.0
57853.4168287 68.8370002905 0.0 68.8261357843 0.0
57853.4169444 69.0363763896 0.0 69.0594531328 0.0
57853.4170602 68.8049306663 0.0 68.7932536809 0.0
57853.4171875 68.8725401158 0.0 68.8485386119 0.0
57853.4173032 68.7638706517 0.0 68.7793425383 0.0
57853.4173611 68.7859314104 0.0 68.8204759937 0.0
57853.417419 68.8496642766 0.0 68.9033910922 0.0
57853.4175463 68.6884842313 0.0 68.6935463854 0.0
57853.417662 68.8916722108 0.0 68.8197931267 0.0
57853.4177778 68.9535452896 0.0 68.9171881681 0.0
57853.4179051 68.9213513579 0.0 68.9025110791 0.0
57853.4180208 68.8328245752 0.0 68.8341913877 0.0
57853.4180556 68.819557293 0.0 68.8979330241 0.0
