57853.1875347 68.6598245767 0.0 68.3312151281 0.0
57853.213912 67.7438124492 0.0 67.3741380286 0.0
57853.2416551 67.232116987 0.0 66.86967256 0.0
57853.2743519 66.2886544914 0.0 66.0032925186 0.0
57853.2771296 66.2886544914 0.0 66.0032925186 0.0
57853.2800347 66.4018375844 0.0 66.0725806983 0.0
57853.2996181 66.4714996951 0.0 66.3471114148 0.0
57853.3023958 66.4714996951 0.0 66.3471114148 0.0
57853.3049074 66.6397620337 0.0 66.3478281027 0.0
57853.3208565 67.3142627008 0.0 66.8029370624 0.0
57853.3236343 67.3142627008 0.0 66.8029370624 0.0
57853.3263542 67.4382782018 0.0 67.2229119031 0.0
57853.3459144 68.0406345788 0.0 67.8582377325 0.0
57853.3486921 68.0406345788 0.0 67.8582377325 0.0
57853.3513773 68.1015869304 0.0 67.9400536145 0.0
57853.3570833 68.2658013775 0.0 68.0795913134 0.0
57853.3729167 68.6609299512 0.0 68.5504412012 0.0
57853.3785069 69.2750040319 0.0 69.1499712664 0.0
57853.3812847 69.2750040319 0.0 69.1499712664 0.0
57853.3840046 69.4465793076 0.0 69.3045940756 0.0
57853.3895833 69.8684486983 0.0 69.7772704849 0.0
57853.395162 70.2937525736 0.0 70.2232307773 0.0
57853.3979398 70.2937525736 0.0 70.2232307773 0.0
57853.4006713 70.610568382 0.0 70.507085273 0.0
57853.40625 71.0454275722 0.0 71.1504624577 0.0
57853.4118866 71.7831950343 0.0 71.7077883945 0.0
57853.4146644 71.7831950343 0.0 71.7077883945 0.0
57853.4173032 72.3260070571 0.0 72.2863638775 0.0
