57853.2035301 85.6601838779 0.0 82.6056026187 0.0
57853.2036458 85.8900363663 0.0 80.9675921156 0.0
57853.2037616 82.8898581492 0.0 80.7093898317 0.0
57853.2038889 81.9036900268 0.0 80.513965919 0.0
57853.2040046 85.6439670613 0.0 87.0973287995 0.0
57853.2041204 84.0130774047 0.0 82.244631685 0.0
57853.2041667 81.8575209312 0.0 82.1763834566 0.0
57853.2042477 79.9345232237 0.0 82.1954130655 0.0
57853.2043634 76.3157152623 0.0 78.0666592727 0.0
57853.2044792 83.1655588209 0.0 81.2215560735 0.0
57853.2046065 74.1999632143 0.0 75.7919865355 0.0
57853.2047222 76.3886966638 0.0 77.2859906451 0.0
57853.204838 77.7954150641 0.0 78.3300714732 0.0
57853.2048611 77.338399796 0.0 77.0166779211 0.0
57853.2049653 76.9266630694 0.0 75.8030238843 0.0
57853.205081 95.8103938934 0.0 103.602155084 0.0
57853.2051968 94.3874298199 0.0 94.1181572493 0.0
57853.2053125 121.611328699 0.0 115.45600547 0.0
57853.2054398 88.2476579406 0.0 87.9727296951 0.0
57853.2055556 81.4572528263 0.0 74.380004793 0.0
57853.2056713 159.895305638 0.0 150.678332613 0.0
57853.2057986 148.041800003 0.0 116.256551445 0.0
57853.2059144 99.6984009451 0.0 82.5157303003 0.0
57853.2060301 78.2143954333 0.0 78.1555203744 0.0
57853.2061574 74.4571916741 0.0 79.3496821481 0.0
57853.20625 76.0495722144 0.0 79.8269812094 0.0
57853.2062731 77.8426382133 0.0 80.4020291597 0.0
57853.2063889 81.7428384753 0.0 78.1559908196 0.0
57853.2065162 83.0607490455 0.0 88.4999590904 0.0
57853.2066319 77.7628844565 0.0 78.9802286715 0.0
57853.2067477 75.9088497673 0.0 74.7257029475 0.0
57853.206875 77.7530751225 0.0 82.2461255622 0.0
57853.2069444 75.4468533274 0.0 77.8760429015 0.0
57853.2313657 67.7923636481 0.0 68.0071911418 0.0
57853.2314931 68.174573288 0.0 67.9412132214 0.0
57853.2316088 68.6385628346 0.0 67.8706874947 0.0
57853.2317245 67.8394366796 0.0 67.820046417 0.0
57853.2318519 68.6043729583 0.0 68.8847024818 0.0
57853.2319444 68.2088182422 0.0 68.455231838 0.0
57853.2319676 67.8367874387 0.0 68.0504997924 0.0
57853.2320833 67.8103141491 0.0 67.9895816651 0.0
57853.2321991 67.8601370025 0.0 67.8043072821 0.0
57853.2323264 68.1515449495 0.0 68.6579785677 0.0
57853.2324421 69.2956907968 0.0 69.0438729867 0.0
57853.2325579 67.9568051118 0.0 67.9384055009 0.0
57853.2326389 68.2883237311 0.0 68.3851517729 0.0
57853.2326852 68.6036434091 0.0 68.8195755727 0.0
57853.2328009 67.7662941734 0.0 67.8037469761 0.0
57853.2329167 67.7729847432 0.0 67.7382199869 0.0
57853.233044 68.1561606166 0.0 67.9041191755 0.0
57853.2331597 68.0110048301 0.0 68.2218403739 0.0
57853.2332755 68.1710093588 0.0 67.8920377585 0.0
57853.2333333 67.9942557574 0.0 67.9972156195 0.0
57853.2334028 67.8221561438 0.0 68.1063228636 0.0
57853.2335185 68.1157717273 0.0 67.9292938429 0.0
57853.2336343 67.9282415936 0.0 67.8670844077 0.0
57853.2337616 67.8377365115 0.0 67.7611372101 0.0
57853.2338773 68.1152657266 0.0 68.0248388311 0.0
57853.2339931 67.9971464622 0.0 68.647215071 0.0
57853.2340278 67.9148677537 0.0 68.2152861974 0.0
57853.2341204 67.8229320363 0.0 67.7813588533 0.0
57853.2342361 67.6145007155 0.0 68.3664997349 0.0
57853.2343519 67.9314740971 0.0 67.8848987183 0.0
57853.2344792 68.0740188912 0.0 67.7738623586 0.0
57853.2345949 67.5788948933 0.0 67.8407801031 0.0
57853.2347106 68.0279770683 0.0 67.9067342463 0.0
57853.2347222 69.2544820282 0.0 68.3827693941 0.0
57853.257662 65.207674326 0.0 65.374357167 0.0
57853.2577778 65.3761542307 0.0 65.393969332 0.0
57853.2578935 65.5849644126 0.0 65.1663750948 0.0
57853.2580208 65.2132116599 0.0 65.6608822435 0.0
57853.2581366 65.663041949 0.0 65.2788428819 0.0
57853.2582523 65.3760991036 0.0 65.6206057119 0.0
57853.2583333 65.2579196726 0.0 65.5341959133 0.0
57853.2583796 65.1224447483 0.0 65.4300719012 0.0
57853.2584954 65.4254977818 0.0 65.5060951439 0.0
57853.2586111 65.6850862068 0.0 65.5324346488 0.0
57853.2587384 65.7662717812 0.0 65.2991404308 0.0
57853.2588542 65.2994969736 0.0 65.1609364343 0.0
57853.2589699 65.2002516099 0.0 65.2478519723 0.0
57853.2590278 65.28157698 0.0 65.2486623464 0.0
57853.2590856 65.3443115504 0.0 65.2306101229 0.0
57853.259213 65.1897724264 0.0 65.3818141076 0.0
57853.2593287 65.2487432599 0.0 65.208924834 0.0
57853.2594444 65.2842509186 0.0 65.1103717468 0.0
57853.2595718 65.1267062502 0.0 65.7444820802 0.0
57853.2596875 65.116814142 0.0 65.0448281111 0.0
57853.2597222 65.0783848908 0.0 65.1103181531 0.0
57853.2598032 65.0581343108 0.0 65.1942770418 0.0
57853.2599306 65.1764996759 0.0 65.3397541088 0.0
57853.2600463 65.1888883476 0.0 65.3462561743 0.0
57853.260162 65.3979058992 0.0 64.9926806264 0.0
57853.2602894 65.2330022458 0.0 65.2418779466 0.0
57853.2604051 65.3038000885 0.0 65.0865339145 0.0
57853.2604167 65.3335451587 0.0 65.1969940641 0.0
57853.2605208 65.3318146465 0.0 65.2765337085 0.0
57853.2606481 65.1564239887 0.0 65.2867963757 0.0
57853.2607639 65.2431845176 0.0 65.1712737562 0.0
57853.2608796 65.4827683899 0.0 64.9741245574 0.0
57853.2610069 65.0773322671 0.0 65.1287076565 0.0
57853.2611111 64.9554316205 0.0 64.9298954258 0.0
