57852.9778588 8.07879941575 0.0 8.07879941575 0.0
57852.9778935 7.70668540944 0.0 7.70668540944 0.0
57852.9779398 7.77502411572 0.0 7.77502411572 0.0
57852.9779977 7.9524838887 0.0 7.9524838887 0.0
57852.9780671 7.82259547721 0.0 7.82259547721 0.0
57852.9781134 7.80339669631 0.0 7.80339669631 0.0
57852.9781481 8.01224063543 0.0 8.01224063543 0.0
57852.978206 8.46610890551 0.0 8.46610890551 0.0
57852.9782755 8.45624029933 0.0 8.45624029933 0.0
57852.9783218 7.92950187591 0.0 7.92950187591 0.0
57852.9783681 7.94518722246 0.0 7.94518722246 0.0
57852.9784144 7.99086978995 0.0 7.99086978995 0.0
57852.9784838 7.81901528327 0.0 7.81901528327 0.0
57852.9785301 7.74964515317 0.0 7.74964515317 0.0
57852.9785764 7.75203199168 0.0 7.75203199168 0.0
57852.9786227 7.71887297473 0.0 7.71887297473 0.0
57852.9786921 7.79467767133 0.0 7.79467767133 0.0
57852.9787384 7.64303604597 0.0 7.64303604597 0.0
57852.9787847 7.70155828388 0.0 7.70155828388 0.0
57852.978831 7.79281720561 0.0 7.79281720561 0.0
57852.9789005 7.77528134539 0.0 7.77528134539 0.0
57852.9789468 7.575222769 0.0 7.575222769 0.0
57852.9790046 7.68368401224 0.0 7.68368401224 0.0
57852.9790394 7.85219714475 0.0 7.85219714475 0.0
57852.9791088 7.6705931974 0.0 7.6705931974 0.0
57852.9791551 7.58524884233 0.0 7.58524884233 0.0
57852.979213 7.5436728455 0.0 7.5436728455 0.0
57852.9792593 7.60946778691 0.0 7.60946778691 0.0
57852.9793287 7.78684788602 0.0 7.78684788602 0.0
57852.979375 7.68687192556 0.0 7.68687192556 0.0
57852.9794213 7.64964051443 0.0 7.64964051443 0.0
57852.9794676 7.77502411572 0.0 7.77502411572 0.0
57852.979537 7.96806124474 0.0 7.96806124474 0.0
57852.9795833 8.69770084563 0.0 8.69770084563 0.0
57852.9796296 11.07411396 0.0 11.07411396 0.0
57852.9796759 10.3255508328 0.0 10.3255508328 0.0
57852.9797454 9.02385726837 0.0 9.02385726837 0.0
57852.9797917 8.55032163138 0.0 8.55032163138 0.0
57852.979838 8.57595475734 0.0 8.57595475734 0.0
57852.9798843 8.26613573564 0.0 8.26613573564 0.0
57852.9799537 8.47991745243 0.0 8.47991745243 0.0
57852.98 10.2501707303 0.0 10.2501707303 0.0
57852.9800463 14.3308059787 0.0 14.3308059787 0.0
57852.9800926 15.8328771864 0.0 15.8328771864 0.0
57852.980162 11.1101755162 0.0 11.1101755162 0.0
57852.9802199 10.3149406203 0.0 10.3149406203 0.0
57852.9802662 12.4784614436 0.0 12.4784614436 0.0
57852.9803009 13.103930708 0.0 13.103930708 0.0
57852.9803704 9.81106518172 0.0 9.81106518172 0.0
57852.9804282 8.04126855664 0.0 8.04126855664 0.0
57852.9804745 8.07533281048 0.0 8.07533281048 0.0
57852.9805208 7.89113426574 0.0 7.89113426574 0.0
57852.9805903 7.82067771999 0.0 7.82067771999 0.0
57852.9806366 8.28679672732 0.0 8.28679672732 0.0
57852.9806829 8.48946405847 0.0 8.48946405847 0.0
57852.9807292 8.27568728264 0.0 8.27568728264 0.0
57852.9807986 8.08980840317 0.0 8.08980840317 0.0
57852.9808449 7.89107090324 0.0 7.89107090324 0.0
57852.9808912 8.12213026244 0.0 8.12213026244 0.0
57852.9809375 8.50652690585 0.0 8.50652690585 0.0
57852.9810069 8.52032863216 0.0 8.52032863216 0.0
57852.9810532 7.96950437606 0.0 7.96950437606 0.0
57852.9810995 8.03094016912 0.0 8.03094016912 0.0
57852.9811574 8.2326787864 0.0 8.2326787864 0.0
57852.9812269 8.09357770087 0.0 8.09357770087 0.0
57852.9841088 8.18003667473 0.0 8.18003667473 0.0
57852.9841435 7.87337284777 0.0 7.87337284777 0.0
57852.9841898 7.86981575388 0.0 7.86981575388 0.0
57852.9842477 7.96837499118 0.0 7.96837499118 0.0
57852.9843171 8.03753693615 0.0 8.03753693615 0.0
57852.9843634 8.19267965931 0.0 8.19267965931 0.0
57852.9843981 8.60029069276 0.0 8.60029069276 0.0
57852.984456 8.38910007093 0.0 8.38910007093 0.0
57852.9845255 7.79935894802 0.0 7.79935894802 0.0
57852.9845718 8.50723221735 0.0 8.50723221735 0.0
57852.9846181 8.87040021645 0.0 8.87040021645 0.0
57852.9846644 8.32400144161 0.0 8.32400144161 0.0
57852.9847338 7.66681159283 0.0 7.66681159283 0.0
57852.9847801 7.92981714795 0.0 7.92981714795 0.0
57852.9848264 7.90088602626 0.0 7.90088602626 0.0
57852.9848727 8.25015151376 0.0 8.25015151376 0.0
57852.9849421 8.03168724491 0.0 8.03168724491 0.0
57852.9849884 7.74454646832 0.0 7.74454646832 0.0
57852.9850347 7.76350436337 0.0 7.76350436337 0.0
57852.985081 7.90733836382 0.0 7.90733836382 0.0
57852.9851505 7.74454646832 0.0 7.74454646832 0.0
57852.9851968 7.70947469028 0.0 7.70947469028 0.0
57852.9852546 7.95487272054 0.0 7.95487272054 0.0
57852.9852894 7.83772926299 0.0 7.83772926299 0.0
57852.9853588 8.13209690055 0.0 8.13209690055 0.0
57852.9854051 7.89240140895 0.0 7.89240140895 0.0
57852.985463 7.97414572227 0.0 7.97414572227 0.0
57852.9855093 8.25190887007 0.0 8.25190887007 0.0
57852.9855787 8.26613573564 0.0 8.26613573564 0.0
57852.985625 7.90752805876 0.0 7.90752805876 0.0
57852.9856713 7.64519456914 0.0 7.64519456914 0.0
57852.9857176 7.6827729369 0.0 7.6827729369 0.0
57852.985787 7.55757897742 0.0 7.55757897742 0.0
57852.9858333 7.88986691903 0.0 7.88986691903 0.0
57852.9858796 7.75544969683 0.0 7.75544969683 0.0
57852.9859259 7.56716591598 0.0 7.56716591598 0.0
57852.9859954 7.59769701949 0.0 7.59769701949 0.0
57852.9860417 7.73032987653 0.0 7.73032987653 0.0
57852.986088 8.07421822841 0.0 8.07421822841 0.0
57852.9861343 8.4951751012 0.0 8.4951751012 0.0
57852.9862037 8.56265145851 0.0 8.56265145851 0.0
57852.98625 7.85550762204 0.0 7.85550762204 0.0
57852.9862963 7.88948667532 0.0 7.88948667532 0.0
57852.9863426 7.7438362586 0.0 7.7438362586 0.0
57852.986412 7.58709430546 0.0 7.58709430546 0.0
57852.9864699 8.16186253254 0.0 8.16186253254 0.0
57852.9865162 8.68285667278 0.0 8.68285667278 0.0
57852.9865509 9.10411994649 0.0 9.10411994649 0.0
57852.9866204 8.63400254807 0.0 8.63400254807 0.0
57852.9866782 8.14327943767 0.0 8.14327943767 0.0
57852.9867245 7.9869894203 0.0 7.9869894203 0.0
57852.9867708 7.61485390536 0.0 7.61485390536 0.0
57852.9868403 7.66602895899 0.0 7.66602895899 0.0
57852.9868866 7.81287399105 0.0 7.81287399105 0.0
57852.9869329 8.09240384558 0.0 8.09240384558 0.0
57852.9869792 8.06876694421 0.0 8.06876694421 0.0
57852.9870486 7.89936706325 0.0 7.89936706325 0.0
57852.9870949 7.66968056701 0.0 7.66968056701 0.0
57852.9871412 7.80928934027 0.0 7.80928934027 0.0
57852.9871875 7.77258000924 0.0 7.77258000924 0.0
57852.9872569 7.87953044286 0.0 7.87953044286 0.0
57852.9873032 7.74047802141 0.0 7.74047802141 0.0
57852.9873495 7.70551750371 0.0 7.70551750371 0.0
57852.9874074 7.65009803859 0.0 7.65009803859 0.0
57852.9874769 7.54446817211 0.0 7.54446817211 0.0
57853.0084144 7.26773692424 0.0 7.26773692424 0.0
57853.0084491 7.2162317036 0.0 7.2162317036 0.0
57853.0084954 7.17997214479 0.0 7.17997214479 0.0
57853.0085532 7.20423486569 0.0 7.20423486569 0.0
57853.0086227 7.19131420535 0.0 7.19131420535 0.0
57853.008669 7.15381017361 0.0 7.15381017361 0.0
57853.0087037 7.1468874344 0.0 7.1468874344 0.0
57853.0087616 7.14156845518 0.0 7.14156845518 0.0
57853.008831 7.15017482304 0.0 7.15017482304 0.0
57853.0088773 7.18310517812 0.0 7.18310517812 0.0
57853.0089236 7.20527584482 0.0 7.20527584482 0.0
57853.0089699 7.2064554394 0.0 7.2064554394 0.0
57853.0090394 7.18728043143 0.0 7.18728043143 0.0
57853.0090856 7.32857421331 0.0 7.32857421331 0.0
57853.0091319 7.37651679318 0.0 7.37651679318 0.0
57853.0091782 7.33314393695 0.0 7.33314393695 0.0
57853.0092477 7.20742672526 0.0 7.20742672526 0.0
57853.009294 7.18456679279 0.0 7.18456679279 0.0
57853.0093403 7.22045704925 0.0 7.22045704925 0.0
57853.0093866 7.25865001223 0.0 7.25865001223 0.0
57853.009456 7.17997214479 0.0 7.17997214479 0.0
57853.0095023 7.18018105621 0.0 7.18018105621 0.0
57853.0095602 7.17140153666 0.0 7.17140153666 0.0
57853.0095949 7.18755869541 0.0 7.18755869541 0.0
57853.0096644 7.18394042292 0.0 7.18394042292 0.0
57853.0097106 7.16763559342 0.0 7.16763559342 0.0
57853.0097685 7.15381017361 0.0 7.15381017361 0.0
57853.0098148 7.1819913673 0.0 7.1819913673 0.0
57853.0098843 7.14695739458 0.0 7.14695739458 0.0
57853.0099306 7.15905021633 0.0 7.15905021633 0.0
57853.0099769 7.21810224366 0.0 7.21810224366 0.0
57853.0100231 7.24686138959 0.0 7.24686138959 0.0
57853.0100926 7.16002793291 0.0 7.16002793291 0.0
57853.0101389 7.1770467464 0.0 7.1770467464 0.0
57853.0101852 7.19492876963 0.0 7.19492876963 0.0
57853.0102315 7.25031033819 0.0 7.25031033819 0.0
57853.0103009 7.290541818 0.0 7.290541818 0.0
57853.0103472 7.37299125186 0.0 7.37299125186 0.0
57853.0103935 7.39864852524 0.0 7.39864852524 0.0
57853.0104398 7.49012683471 0.0 7.49012683471 0.0
57853.0105093 7.29157047556 0.0 7.29157047556 0.0
57853.0105556 7.24968964853 0.0 7.24968964853 0.0
57853.0106019 7.2391988507 0.0 7.2391988507 0.0
57853.0106481 7.32270441845 0.0 7.32270441845 0.0
57853.0107176 7.30896709529 0.0 7.30896709529 0.0
57853.0107755 7.18728043143 0.0 7.18728043143 0.0
57853.0108218 7.18616726774 0.0 7.18616726774 0.0
57853.0108565 7.18414921894 0.0 7.18414921894 0.0
57853.0109259 7.24527432193 0.0 7.24527432193 0.0
57853.0109838 7.233394777 0.0 7.233394777 0.0
57853.0110301 7.26202451111 0.0 7.26202451111 0.0
57853.0110764 7.3177182236 0.0 7.3177182236 0.0
57853.0111458 7.21671670498 0.0 7.21671670498 0.0
57853.0111921 7.22038780122 0.0 7.22038780122 0.0
57853.0112384 7.27028197527 0.0 7.27028197527 0.0
57853.0112847 7.29301035239 0.0 7.29301035239 0.0
57853.0113542 7.25120679611 0.0 7.25120679611 0.0
57853.0114005 7.19916661844 0.0 7.19916661844 0.0
57853.0114468 7.21934900112 0.0 7.21934900112 0.0
57853.0114931 7.1966658947 0.0 7.1966658947 0.0
57853.0115625 7.16937933157 0.0 7.16937933157 0.0
57853.0116088 7.21158789727 0.0 7.21158789727 0.0
57853.0116551 7.3172399168 0.0 7.3172399168 0.0
57853.011713 7.38789550549 0.0 7.38789550549 0.0
57853.0117824 7.42293742396 0.0 7.42293742396 0.0
57853.0118171 7.23664286807 0.0 7.23664286807 0.0
57853.0118634 7.21650885124 0.0 7.21650885124 0.0
57853.0119213 7.23968231347 0.0 7.23968231347 0.0
57853.0119907 7.2547225998 0.0 7.2547225998 0.0
57853.012037 7.39046683235 0.0 7.39046683235 0.0
57853.0120718 7.43000672947 0.0 7.43000672947 0.0
57853.0121296 7.47602835736 0.0 7.47602835736 0.0
57853.0121991 7.25871889523 0.0 7.25871889523 0.0
57853.0122454 7.25196525088 0.0 7.25196525088 0.0
57853.0122917 7.27839267971 0.0 7.27839267971 0.0
57853.012338 7.26553508009 0.0 7.26553508009 0.0
57853.0124074 7.27956042629 0.0 7.27956042629 0.0
57853.0124537 7.29945203423 0.0 7.29945203423 0.0
57853.0125 7.33580261457 0.0 7.33580261457 0.0
57853.0125463 7.35465838772 0.0 7.35465838772 0.0
57853.0126157 7.34002724791 0.0 7.34002724791 0.0
57853.012662 7.1689608731 0.0 7.1689608731 0.0
57853.0127083 7.20895276722 0.0 7.20895276722 0.0
57853.0127546 7.21789442982 0.0 7.21789442982 0.0
57853.0128241 7.21657813649 0.0 7.21657813649 0.0
57853.0128704 7.1961100603 0.0 7.1961100603 0.0
57853.0129282 7.2197645391 0.0 7.2197645391 0.0
57853.012963 7.21255849196 0.0 7.21255849196 0.0
57853.013044 7.24541234161 0.0 7.24541234161 0.0
57853.0130787 7.27722474574 0.0 7.27722474574 0.0
57853.0131366 1.37295302177 0.0 1.37295302177 0.0
57853.0131829 0.339116499156 0.0 0.339116499156 0.0
57853.0160532 7.18261790714 0.0 7.18261790714 0.0
57853.016088 7.16972802831 0.0 7.16972802831 0.0
57853.0161343 7.17056483131 0.0 7.17056483131 0.0
57853.0161921 7.12404379549 0.0 7.12404379549 0.0
57853.0162616 7.1033794774 0.0 7.1033794774 0.0
57853.0163079 7.30047943631 0.0 7.30047943631 0.0
57853.0163426 7.39601243915 0.0 7.39601243915 0.0
57853.0164005 7.39749957756 0.0 7.39749957756 0.0
57853.0164699 7.49539858847 0.0 7.49539858847 0.0
57853.0165162 7.37739791525 0.0 7.37739791525 0.0
57853.0165625 7.33621155638 0.0 7.33621155638 0.0
57853.0166088 7.40972334166 0.0 7.40972334166 0.0
57853.0166782 7.25251680453 0.0 7.25251680453 0.0
57853.0167245 7.10316830717 0.0 7.10316830717 0.0
57853.0167708 7.09711208873 0.0 7.09711208873 0.0
57853.0168171 7.07361293824 0.0 7.07361293824 0.0
57853.0168866 7.08844129552 0.0 7.08844129552 0.0
57853.0169329 7.0468432649 0.0 7.0468432649 0.0
57853.0169792 7.06477175852 0.0 7.06477175852 0.0
57853.0170255 7.07028995162 0.0 7.07028995162 0.0
57853.0170949 7.32563990379 0.0 7.32563990379 0.0
57853.0171412 7.35669762869 0.0 7.35669762869 0.0
57853.0171991 7.30930913288 0.0 7.30930913288 0.0
57853.0172338 7.24479123233 0.0 7.24479123233 0.0
57853.0173032 7.0464175295 0.0 7.0464175295 0.0
57853.0173495 7.18073812362 0.0 7.18073812362 0.0
57853.0174074 7.43377427691 0.0 7.43377427691 0.0
57853.0174537 7.70843693624 0.0 7.70843693624 0.0
57853.0175231 7.5321975545 0.0 7.5321975545 0.0
57853.0175694 7.28354309385 0.0 7.28354309385 0.0
57853.0176157 7.40108100212 0.0 7.40108100212 0.0
57853.017662 7.49786636317 0.0 7.49786636317 0.0
57853.0177315 7.36512050139 0.0 7.36512050139 0.0
57853.0177778 7.40844113157 0.0 7.40844113157 0.0
57853.0178241 7.41950133095 0.0 7.41950133095 0.0
57853.0178704 7.47636275203 0.0 7.47636275203 0.0
57853.0179398 7.23671196055 0.0 7.23671196055 0.0
57853.0179861 7.15513801404 0.0 7.15513801404 0.0
57853.0180324 7.22710177042 0.0 7.22710177042 0.0
57853.0180787 7.38816621361 0.0 7.38816621361 0.0
57853.0181481 7.36389842407 0.0 7.36389842407 0.0
57853.0181944 7.10717946868 0.0 7.10717946868 0.0
57853.0182407 7.15478860624 0.0 7.15478860624 0.0
57853.018287 7.14058821106 0.0 7.14058821106 0.0
57853.0183565 7.03278038901 0.0 7.03278038901 0.0
57853.0184144 7.02936697008 0.0 7.02936697008 0.0
57853.0184606 7.00985021238 0.0 7.00985021238 0.0
57853.0184954 7.0337756575 0.0 7.0337756575 0.0
57853.0185648 7.10492786733 0.0 7.10492786733 0.0
57853.0186227 7.11990168471 0.0 7.11990168471 0.0
57853.018669 7.09964787859 0.0 7.09964787859 0.0
57853.0187153 7.07410771759 0.0 7.07410771759 0.0
57853.0187847 7.14646765892 0.0 7.14646765892 0.0
57853.018831 7.40540343263 0.0 7.40540343263 0.0
57853.0188773 7.54884097064 0.0 7.54884097064 0.0
57853.0189236 7.29890402732 0.0 7.29890402732 0.0
57853.0189931 7.15471872263 0.0 7.15471872263 0.0
57853.0190394 7.12979663104 0.0 7.12979663104 0.0
57853.0190856 7.25382657637 0.0 7.25382657637 0.0
57853.0191319 7.54015914951 0.0 7.54015914951 0.0
57853.0192014 7.35261858116 0.0 7.35261858116 0.0
57853.0192477 7.11631927333 0.0 7.11631927333 0.0
57853.019294 7.11132898972 0.0 7.11132898972 0.0
57853.0193519 7.23609010447 0.0 7.23609010447 0.0
57853.0194213 7.48191152046 0.0 7.48191152046 0.0
57853.019456 7.41039809997 0.0 7.41039809997 0.0
57853.0195023 7.32092890281 0.0 7.32092890281 0.0
57853.0195602 7.33880099199 0.0 7.33880099199 0.0
57853.0196296 7.3039715224 0.0 7.3039715224 0.0
57853.0196759 7.20791231911 0.0 7.20791231911 0.0
57853.0197106 7.18971487613 0.0 7.18971487613 0.0
57853.0197685 7.1372964069 0.0 7.1372964069 0.0
57853.019838 7.13925766449 0.0 7.13925766449 0.0
57853.0198843 7.44385652737 0.0 7.44385652737 0.0
57853.0199306 7.68882305688 0.0 7.68882305688 0.0
57853.0199769 7.71874342105 0.0 7.71874342105 0.0
57853.0200463 7.60506410229 0.0 7.60506410229 0.0
57853.0200926 7.1337227308 0.0 7.1337227308 0.0
57853.0201389 7.23415509925 0.0 7.23415509925 0.0
57853.0201852 7.40276975192 0.0 7.40276975192 0.0
57853.0202546 7.41518711834 0.0 7.41518711834 0.0
57853.0203009 7.32502559722 0.0 7.32502559722 0.0
57853.0203472 7.4983998293 0.0 7.4983998293 0.0
57853.0203935 7.50599760192 0.0 7.50599760192 0.0
57853.020463 7.26691131087 0.0 7.26691131087 0.0
57853.0205093 7.12944598128 0.0 7.12944598128 0.0
57853.0205671 7.13855727721 0.0 7.13855727721 0.0
57853.0206019 7.25079306007 0.0 7.25079306007 0.0
57853.0206829 7.70973410696 0.0 7.70973410696 0.0
57853.0207176 7.98811617342 0.0 7.98811617342 0.0
57853.0207755 2.42981480776 0.0 2.42981480776 0.0
57853.0208218 0.349284983931 0.0 0.349284983931 0.0
57853.0320255 6.86272540613 0.0 6.86272540613 0.0
57853.0320602 6.81747753938 0.0 6.81747753938 0.0
57853.0321065 6.77842164519 0.0 6.77842164519 0.0
57853.0321644 6.75988165577 0.0 6.75988165577 0.0
57853.0322338 6.73112174901 0.0 6.73112174901 0.0
57853.0322801 6.78778314327 0.0 6.78778314327 0.0
57853.0323148 6.77709377241 0.0 6.77709377241 0.0
57853.0323727 6.76017751246 0.0 6.76017751246 0.0
57853.0324421 6.75684837776 0.0 6.75684837776 0.0
57853.0324884 6.79551322565 0.0 6.79551322565 0.0
57853.0325347 6.79529248819 0.0 6.79529248819 0.0
57853.032581 6.78682547293 0.0 6.78682547293 0.0
57853.0326505 6.77820035113 0.0 6.77820035113 0.0
57853.0326968 6.75085179811 0.0 6.75085179811 0.0
57853.0327431 6.7472957546 0.0 6.7472957546 0.0
57853.0327894 6.73312705955 0.0 6.73312705955 0.0
57853.0328588 6.73490905655 0.0 6.73490905655 0.0
57853.0329051 6.71289803289 0.0 6.71289803289 0.0
57853.0329514 6.70842753557 0.0 6.70842753557 0.0
57853.0329977 6.718928486 0.0 6.718928486 0.0
57853.0330671 6.73334983496 0.0 6.73334983496 0.0
57853.0331134 6.72614302554 0.0 6.72614302554 0.0
57853.0331713 6.73386961561 0.0 6.73386961561 0.0
57853.033206 6.74522053012 0.0 6.74522053012 0.0
57853.0332755 6.71729112068 0.0 6.71729112068 0.0
57853.0333218 6.71885406896 0.0 6.71885406896 0.0
57853.0333796 6.73787800424 0.0 6.73787800424 0.0
57853.0334259 6.79757309633 0.0 6.79757309633 0.0
57853.0334954 6.82502747247 0.0 6.82502747247 0.0
57853.0335417 6.72584567174 0.0 6.72584567174 0.0
57853.033588 6.73913941093 0.0 6.73913941093 0.0
57853.0336343 6.75292529205 0.0 6.75292529205 0.0
57853.0337037 6.72264828769 0.0 6.72264828769 0.0
57853.03375 6.70887471935 0.0 6.70887471935 0.0
57853.0337963 6.72517657761 0.0 6.72517657761 0.0
57853.0338426 6.7264403662 0.0 6.7264403662 0.0
57853.033912 6.72465612504 0.0 6.72465612504 0.0
57853.0339583 6.73045317939 0.0 6.73045317939 0.0
57853.0340046 6.72807550493 0.0 6.72807550493 0.0
57853.0340509 6.71163169431 0.0 6.71163169431 0.0
57853.0341204 6.7202678518 0.0 6.7202678518 0.0
57853.0341667 6.7265890316 0.0 6.7265890316 0.0
57853.034213 6.73179025223 0.0 6.73179025223 0.0
57853.0342593 6.72183010794 0.0 6.72183010794 0.0
57853.0343287 6.7067876066 0.0 6.7067876066 0.0
57853.0343866 6.70343195684 0.0 6.70343195684 0.0
57853.0344329 6.70544554821 0.0 6.70544554821 0.0
57853.0344676 6.70007462645 0.0 6.70007462645 0.0
57853.034537 6.75536823571 0.0 6.75536823571 0.0
57853.0345949 6.72874431079 0.0 6.72874431079 0.0
57853.0346412 6.73127031102 0.0 6.73127031102 0.0
57853.0346875 6.73965874507 0.0 6.73965874507 0.0
57853.0347569 6.73520601021 0.0 6.73520601021 0.0
57853.0348032 6.71729112068 0.0 6.71729112068 0.0
57853.0348495 6.72465612504 0.0 6.72465612504 0.0
57853.0348958 6.74307051721 0.0 6.74307051721 0.0
57853.0349653 6.74677700832 0.0 6.74677700832 0.0
57853.0350116 6.72859569301 0.0 6.72859569301 0.0
57853.0350579 6.73995548947 0.0 6.73995548947 0.0
57853.0351042 6.76779136794 0.0 6.76779136794 0.0
57853.0351736 6.75973372257 0.0 6.75973372257 0.0
57853.0352199 6.76099105161 0.0 6.76099105161 0.0
57853.0352662 6.7644659804 0.0 6.7644659804 0.0
57853.0353241 6.75958578613 0.0 6.75958578613 0.0
57853.0353935 6.73735853284 0.0 6.73735853284 0.0
57853.0354282 6.73913941093 0.0 6.73913941093 0.0
57853.0354745 6.73891682691 0.0 6.73891682691 0.0
57853.0355324 6.72673769371 0.0 6.72673769371 0.0
57853.0356019 6.70917282532 0.0 6.70917282532 0.0
57853.0356481 6.71528108124 0.0 6.71528108124 0.0
57853.0356829 6.72465612504 0.0 6.72465612504 0.0
57853.0357407 6.71989583253 0.0 6.71989583253 0.0
57853.0358102 6.71148269759 0.0 6.71148269759 0.0
57853.0358565 6.73075032964 0.0 6.73075032964 0.0
57853.0359028 6.75299933363 0.0 6.75299933363 0.0
57853.0359491 6.73810062258 0.0 6.73810062258 0.0
57853.0360185 6.72606868832 0.0 6.72606868832 0.0
57853.0360648 6.72279703695 0.0 6.72279703695 0.0
57853.0361111 6.73520601021 0.0 6.73520601021 0.0
57853.0361574 6.72465612504 0.0 6.72465612504 0.0
57853.0362269 6.74173568156 0.0 6.74173568156 0.0
57853.0362731 6.72614302554 0.0 6.72614302554 0.0
57853.0363194 6.73565141616 0.0 6.73565141616 0.0
57853.0363657 6.73483481609 0.0 6.73483481609 0.0
57853.0364352 6.72190449203 0.0 6.72190449203 0.0
57853.0364815 6.74840721949 0.0 6.74840721949 0.0
57853.0365394 6.7644659804 0.0 6.7644659804 0.0
57853.0365741 6.76453989566 0.0 6.76453989566 0.0
57853.0366551 6.72933874909 0.0 6.72933874909 0.0
57853.0366898 6.73602256528 0.0 6.73602256528 0.0
57853.0367477 2.16032404977 0.0 2.16032404977 0.0
57853.036794 0.296647939484 0.0 0.296647939484 0.0
57853.0396644 7.07021923281 0.0 7.07021923281 0.0
57853.0396991 6.82942164462 0.0 6.82942164462 0.0
57853.0397454 6.84346403512 0.0 6.84346403512 0.0
57853.0398032 6.83220315857 0.0 6.83220315857 0.0
57853.0398727 6.75566429006 0.0 6.75566429006 0.0
57853.039919 6.78991899804 0.0 6.78991899804 0.0
57853.0399537 6.78490972674 0.0 6.78490972674 0.0
57853.0400116 6.82546701699 0.0 6.82546701699 0.0
57853.040081 6.82063046939 0.0 6.82063046939 0.0
57853.0401273 6.83622702958 0.0 6.83622702958 0.0
57853.0401736 6.86236110971 0.0 6.86236110971 0.0
57853.0402199 6.92076585357 0.0 6.92076585357 0.0
57853.0402894 6.83849398625 0.0 6.83849398625 0.0
57853.0403356 6.78159273327 0.0 6.78159273327 0.0
57853.0403819 6.80896467901 0.0 6.80896467901 0.0
57853.0404282 6.84908753047 0.0 6.84908753047 0.0
57853.0404977 6.87982557918 0.0 6.87982557918 0.0
57853.040544 6.86418239851 0.0 6.86418239851 0.0
57853.0405903 6.89956520369 0.0 6.89956520369 0.0
57853.0406366 6.9255324705 0.0 6.9255324705 0.0
57853.040706 6.89753579186 0.0 6.89753579186 0.0
57853.0407523 6.86236110971 0.0 6.86236110971 0.0
57853.0408102 7.02623654598 0.0 7.02623654598 0.0
57853.0408449 7.22800110681 0.0 7.22800110681 0.0
57853.0409144 7.09640754185 0.0 7.09640754185 0.0
57853.0409606 6.98899134353 0.0 6.98899134353 0.0
57853.0410185 6.99678497597 0.0 6.99678497597 0.0
57853.0410648 7.03192718961 0.0 7.03192718961 0.0
57853.0411343 7.04655944415 0.0 7.04655944415 0.0
57853.0411806 6.90007246339 0.0 6.90007246339 0.0
57853.0412269 6.88788792011 0.0 6.88788792011 0.0
57853.0412731 6.86891548936 0.0 6.86891548936 0.0
57853.0413426 6.88491103791 0.0 6.88491103791 0.0
57853.0413889 6.86971615134 0.0 6.86971615134 0.0
57853.0414352 6.87706332674 0.0 6.87706332674 0.0
57853.0414815 6.87880803628 0.0 6.87880803628 0.0
57853.0415509 6.85959182459 0.0 6.85959182459 0.0
57853.0415972 6.91483911599 0.0 6.91483911599 0.0
57853.0416435 6.85842547528 0.0 6.85842547528 0.0
57853.0416898 7.49386415676 0.0 7.49386415676 0.0
57853.0417593 7.38789550549 0.0 7.38789550549 0.0
57853.0418056 7.50693013155 0.0 7.50693013155 0.0
57853.0418519 7.53478599563 0.0 7.53478599563 0.0
57853.0418981 7.50626405078 0.0 7.50626405078 0.0
57853.0419676 7.40520087506 0.0 7.40520087506 0.0
57853.0420255 7.40297237601 0.0 7.40297237601 0.0
57853.0420718 7.39824303467 0.0 7.39824303467 0.0
57853.0421065 7.41296162138 0.0 7.41296162138 0.0
57853.0421759 7.38843691182 0.0 7.38843691182 0.0
57853.0422338 7.37990514844 0.0 7.37990514844 0.0
57853.0422801 7.35452241821 0.0 7.35452241821 0.0
57853.0423264 7.28038460523 0.0 7.28038460523 0.0
57853.0423958 7.37163482546 0.0 7.37163482546 0.0
57853.0424421 7.37278780381 0.0 7.37278780381 0.0
57853.0424884 7.40243203278 0.0 7.40243203278 0.0
57853.0425347 7.41417561162 0.0 7.41417561162 0.0
57853.0426042 7.48872485808 0.0 7.48872485808 0.0
57853.0426505 7.26085394427 0.0 7.26085394427 0.0
57853.0426968 7.26622322806 0.0 7.26622322806 0.0
57853.0427431 7.24844810977 0.0 7.24844810977 0.0
57853.0428125 7.23823182829 0.0 7.23823182829 0.0
57853.0428588 7.36172534125 0.0 7.36172534125 0.0
57853.0429051 7.3946602356 0.0 7.3946602356 0.0
57853.042963 7.38268243933 0.0 7.38268243933 0.0
57853.0430324 7.50006666637 0.0 7.50006666637 0.0
57853.0430671 7.27165730766 0.0 7.27165730766 0.0
57853.0431134 7.27131349895 0.0 7.27131349895 0.0
57853.0431713 7.36383052494 0.0 7.36383052494 0.0
57853.0432407 7.2453433321 0.0 7.2453433321 0.0
57853.043287 7.38715100699 0.0 7.38715100699 0.0
57853.0433218 7.37116001726 0.0 7.37116001726 0.0
57853.0433796 7.35289058806 0.0 7.35289058806 0.0
57853.0434491 7.36478105581 0.0 7.36478105581 0.0
57853.0434954 7.24844810977 0.0 7.24844810977 0.0
57853.0435417 7.25761668869 0.0 7.25761668869 0.0
57853.043588 7.26925030522 0.0 7.26925030522 0.0
57853.0436574 7.40621360751 0.0 7.40621360751 0.0
57853.0437037 7.49873322635 0.0 7.49873322635 0.0
57853.04375 7.53166648226 0.0 7.53166648226 0.0
57853.0437963 7.37156699759 0.0 7.37156699759 0.0
57853.0438657 7.24906890573 0.0 7.24906890573 0.0
57853.043912 7.38166647851 0.0 7.38166647851 0.0
57853.0439583 7.27935436698 0.0 7.27935436698 0.0
57853.0440046 7.35153045291 0.0 7.35153045291 0.0
57853.0440741 7.504132195 0.0 7.504132195 0.0
57853.0441204 7.66126621388 0.0 7.66126621388 0.0
57853.0441782 7.13932769944 0.0 7.13932769944 0.0
57853.044213 7.63786619417 0.0 7.63786619417 0.0
57853.044294 7.50066663704 0.0 7.50066663704 0.0
57853.0443287 7.39743198685 0.0 7.39743198685 0.0
57853.0443866 2.0 0.0 2.0 0.0
57853.0444329 0.11401754251 0.0 0.11401754251 0.0
57853.0473032 7.67997395829 0.0 7.67997395829 0.0
57853.047338 7.52675228767 0.0 7.52675228767 0.0
57853.0473843 7.62174520697 0.0 7.62174520697 0.0
57853.0474421 7.35554212822 0.0 7.35554212822 0.0
57853.0475116 7.21408344837 0.0 7.21408344837 0.0
57853.0475579 7.24617140289 0.0 7.24617140289 0.0
57853.0475926 7.35180250007 0.0 7.35180250007 0.0
57853.0476505 7.22952280583 0.0 7.22952280583 0.0
57853.0477199 7.21449928963 0.0 7.21449928963 0.0
57853.0477662 7.35635779445 0.0 7.35635779445 0.0
57853.0478125 7.37543219073 0.0 7.37543219073 0.0
57853.0478588 7.26223106215 0.0 7.26223106215 0.0
57853.0479282 7.27667506489 0.0 7.27667506489 0.0
57853.0479745 7.40114855951 0.0 7.40114855951 0.0
57853.0480208 7.26353908229 0.0 7.26353908229 0.0
57853.0480671 7.27117597091 0.0 7.27117597091 0.0
57853.0481366 7.35377454101 0.0 7.35377454101 0.0
57853.0481829 7.24120155775 0.0 7.24120155775 0.0
57853.0482292 7.36294777925 0.0 7.36294777925 0.0
57853.0482755 7.3535705613 0.0 7.3535705613 0.0
57853.0483449 7.22620232211 0.0 7.22620232211 0.0
57853.0483912 7.11210236147 0.0 7.11210236147 0.0
57853.0484491 7.11842679249 0.0 7.11842679249 0.0
57853.0484838 7.10760156452 0.0 7.10760156452 0.0
57853.0485532 7.10788294783 0.0 7.10788294783 0.0
57853.0485995 7.23132076456 0.0 7.23132076456 0.0
57853.0486574 6.79801441599 0.0 6.79801441599 0.0
57853.0487037 6.83344715352 0.0 6.83344715352 0.0
57853.0487731 6.84214878529 0.0 6.84214878529 0.0
57853.0488194 6.76904720031 0.0 6.76904720031 0.0
57853.0488657 6.79882342762 0.0 6.79882342762 0.0
57853.048912 6.82993411388 0.0 6.82993411388 0.0
57853.0489815 6.84171031249 0.0 6.84171031249 0.0
57853.0490278 6.79639610382 0.0 6.79639610382 0.0
57853.0490741 6.77539666735 0.0 6.77539666735 0.0
57853.0491204 6.8261262807 0.0 6.8261262807 0.0
57853.0491898 6.82510073186 0.0 6.82510073186 0.0
57853.0492361 6.88353107061 0.0 6.88353107061 0.0
57853.0492824 6.98240646196 0.0 6.98240646196 0.0
57853.0493287 6.98942057684 0.0 6.98942057684 0.0
57853.0493981 7.01127663126 0.0 7.01127663126 0.0
57853.0494444 6.93945242797 0.0 6.93945242797 0.0
57853.0494907 6.94002881838 0.0 6.94002881838 0.0
57853.049537 6.85915446684 0.0 6.85915446684 0.0
57853.0496065 6.77244416736 0.0 6.77244416736 0.0
57853.0496644 6.82348884369 0.0 6.82348884369 0.0
57853.0497106 6.86913386098 0.0 6.86913386098 0.0
57853.0497454 6.91332047572 0.0 6.91332047572 0.0
57853.0498148 6.84492512742 0.0 6.84492512742 0.0
57853.0498727 6.78387794702 0.0 6.78387794702 0.0
57853.049919 6.87989825506 0.0 6.87989825506 0.0
57853.0499653 6.90514301083 0.0 6.90514301083 0.0
57853.0500347 6.81645068933 0.0 6.81645068933 0.0
57853.050081 6.8376165438 0.0 6.8376165438 0.0
57853.0501273 6.81285549531 0.0 6.81285549531 0.0
57853.0501736 6.84119872537 0.0 6.84119872537 0.0
57853.0502431 6.80036763712 0.0 6.80036763712 0.0
57853.0502894 6.84214878529 0.0 6.84214878529 0.0
57853.0503356 6.85652973449 0.0 6.85652973449 0.0
57853.0503819 6.89782574439 0.0 6.89782574439 0.0
57853.0504514 6.91708030892 0.0 6.91708030892 0.0
57853.0504977 6.90478095235 0.0 6.90478095235 0.0
57853.050544 6.86352679022 0.0 6.86352679022 0.0
57853.0506019 6.86600320419 0.0 6.86600320419 0.0
57853.0506713 6.82304917174 0.0 6.82304917174 0.0
57853.050706 6.86068509699 0.0 6.86068509699 0.0
57853.0507523 6.87364532108 0.0 6.87364532108 0.0
57853.0508102 6.86869711081 0.0 6.86869711081 0.0
57853.0508796 6.82517399046 0.0 6.82517399046 0.0
57853.0509259 6.82978769802 0.0 6.82978769802 0.0
57853.0509606 6.84959852838 0.0 6.84959852838 0.0
57853.0510185 6.95320070184 0.0 6.95320070184 0.0
57853.051088 6.98161872348 0.0 6.98161872348 0.0
57853.0511343 6.90912440183 0.0 6.90912440183 0.0
57853.0511806 6.93974062916 0.0 6.93974062916 0.0
57853.0512269 7.00107134659 0.0 7.00107134659 0.0
57853.0512963 6.94946041071 0.0 6.94946041071 0.0
57853.0513426 6.86301682935 0.0 6.86301682935 0.0
57853.0513889 6.92603782837 0.0 6.92603782837 0.0
57853.0514352 6.98204841003 0.0 6.98204841003 0.0
57853.0515046 6.91700802371 0.0 6.91700802371 0.0
57853.0515509 6.93743468438 0.0 6.93743468438 0.0
57853.0515972 7.09535059035 0.0 7.09535059035 0.0
57853.0516435 7.19221801672 0.0 7.19221801672 0.0
57853.051713 7.15625600436 0.0 7.15625600436 0.0
57853.0517593 6.86396386937 0.0 6.86396386937 0.0
57853.0518171 6.84017543635 0.0 6.84017543635 0.0
57853.0518519 6.86381817941 0.0 6.86381817941 0.0
57853.0519329 6.9084730585 0.0 6.9084730585 0.0
57853.0519676 6.82238961069 0.0 6.82238961069 0.0
57853.0520255 6.85638388657 0.0 6.85638388657 0.0
57853.0520718 6.86272540613 0.0 6.86272540613 0.0
57853.0653588 6.80668788766 0.0 6.80668788766 0.0
57853.0653935 6.73787800424 0.0 6.73787800424 0.0
57853.0654398 6.71043962792 0.0 6.71043962792 0.0
57853.0654977 6.75447999479 0.0 6.75447999479 0.0
57853.0655671 6.78660445289 0.0 6.78660445289 0.0
57853.0656134 6.72420999077 0.0 6.72420999077 0.0
57853.0656481 6.74788855865 0.0 6.74788855865 0.0
57853.065706 6.73965874507 0.0 6.73965874507 0.0
57853.0657755 6.68206554892 0.0 6.68206554892 0.0
57853.0658218 6.70656394885 0.0 6.70656394885 0.0
57853.0658681 6.71825870297 0.0 6.71825870297 0.0
57853.0659144 6.74914809439 0.0 6.74914809439 0.0
57853.0659838 6.74892584046 0.0 6.74892584046 0.0
57853.0660301 6.71155719636 0.0 6.71155719636 0.0
57853.0660764 6.68468398655 0.0 6.68468398655 0.0
57853.0661227 6.67720001198 0.0 6.67720001198 0.0
57853.0661921 6.69178600973 0.0 6.69178600973 0.0
57853.0662384 6.69215959164 0.0 6.69215959164 0.0
57853.0662847 6.6825144968 0.0 6.6825144968 0.0
57853.066331 6.69275727933 0.0 6.69275727933 0.0
57853.0664005 6.73186452627 0.0 6.73186452627 0.0
57853.0664468 6.70492356407 0.0 6.70492356407 0.0
57853.0665046 6.69559556724 0.0 6.69559556724 0.0
57853.0665394 6.69679027595 0.0 6.69679027595 0.0
57853.0666088 6.69425126508 0.0 6.69425126508 0.0
57853.0666551 6.71602561043 0.0 6.71602561043 0.0
57853.066713 6.74203233454 0.0 6.74203233454 0.0
57853.0667593 6.74892584046 0.0 6.74892584046 0.0
57853.0668287 6.74091981854 0.0 6.74091981854 0.0
57853.066875 6.70216382969 0.0 6.70216382969 0.0
57853.0669213 6.71922614592 0.0 6.71922614592 0.0
57853.0669676 6.70671305484 0.0 6.70671305484 0.0
57853.067037 6.77967550846 0.0 6.77967550846 0.0
57853.0670833 6.72346636788 0.0 6.72346636788 0.0
57853.0671296 6.70537098153 0.0 6.70537098153 0.0
57853.0671759 6.70462526917 0.0 6.70462526917 0.0
57853.0672454 6.77930674922 0.0 6.77930674922 0.0
57853.0672917 6.78969807871 0.0 6.78969807871 0.0
57853.067338 6.8068348004 0.0 6.8068348004 0.0
57853.0673843 6.82568677863 0.0 6.82568677863 0.0
57853.0674537 6.72183010794 0.0 6.72183010794 0.0
57853.0675 6.76520509667 0.0 6.76520509667 0.0
57853.0675463 6.78616239122 0.0 6.78616239122 0.0
57853.0675926 6.83747029244 0.0 6.83747029244 0.0
57853.067662 6.81835757349 0.0 6.81835757349 0.0
57853.0677199 6.81549704717 0.0 6.81549704717 0.0
57853.0677662 6.8527366796 0.0 6.8527366796 0.0
57853.0678009 6.80727551962 0.0 6.80727551962 0.0
57853.0678704 6.72145817513 0.0 6.72145817513 0.0
57853.0679282 6.75855014038 0.0 6.75855014038 0.0
57853.0679745 6.78734115836 0.0 6.78734115836 0.0
57853.0680208 6.77665109032 0.0 6.77665109032 0.0
57853.0680903 6.7435895486 0.0 6.7435895486 0.0
57853.0681366 6.77724132668 0.0 6.77724132668 0.0
57853.0681829 6.75447999479 0.0 6.75447999479 0.0
57853.0682292 6.73528024658 0.0 6.73528024658 0.0
57853.0682986 6.73112174901 0.0 6.73112174901 0.0
57853.0683449 6.73631946986 0.0 6.73631946986 0.0
57853.0683912 6.78638342565 0.0 6.78638342565 0.0
57853.0684375 6.8761180909 0.0 6.8761180909 0.0
57853.0685069 6.94060516094 0.0 6.94060516094 0.0
57853.0685532 6.94384619645 0.0 6.94384619645 0.0
57853.0685995 6.99363996786 0.0 6.99363996786 0.0
57853.0686574 6.94449422204 0.0 6.94449422204 0.0
57853.0687269 6.87058949436 0.0 6.87058949436 0.0
57853.0687616 6.92675970422 0.0 6.92675970422 0.0
57853.0688079 6.96598880275 0.0 6.96598880275 0.0
57853.0688657 7.00927956355 0.0 7.00927956355 0.0
57853.0689352 6.99149483301 0.0 6.99149483301 0.0
57853.0689815 6.84587467019 0.0 6.84587467019 0.0
57853.0690162 6.84740826883 0.0 6.84740826883 0.0
57853.0690741 6.96081891734 0.0 6.96081891734 0.0
57853.0691435 7.0486168856 0.0 7.0486168856 0.0
57853.0691898 7.09640754185 0.0 7.09640754185 0.0
57853.0692361 7.26312604875 0.0 7.26312604875 0.0
57853.0692824 7.23857720826 0.0 7.23857720826 0.0
57853.0693519 6.93988472527 0.0 6.93988472527 0.0
57853.0693981 6.93224350409 0.0 6.93224350409 0.0
57853.0694444 7.00364190975 0.0 7.00364190975 0.0
57853.0694907 7.10872703091 0.0 7.10872703091 0.0
57853.0695602 7.0973938879 0.0 7.0973938879 0.0
57853.0696065 6.97036584406 0.0 6.97036584406 0.0
57853.0696528 6.91129510295 0.0 6.91129510295 0.0
57853.0696991 6.90543264394 0.0 6.90543264394 0.0
57853.0697685 6.96512742166 0.0 6.96512742166 0.0
57853.0698148 6.91426062569 0.0 6.91426062569 0.0
57853.0698727 6.90926913646 0.0 6.90926913646 0.0
57853.0699074 6.88345843308 0.0 6.88345843308 0.0
57853.0699884 6.79477740621 0.0 6.79477740621 0.0
57853.0700231 6.80448381584 0.0 6.80448381584 0.0
57853.070081 1.89842039601 0.0 1.89842039601 0.0
57853.0701273 0.279284800875 0.0 0.279284800875 0.0
57853.0729977 6.9362093394 0.0 6.9362093394 0.0
57853.0730324 6.8994202655 0.0 6.8994202655 0.0
57853.0730787 6.88222347792 0.0 6.88222347792 0.0
57853.0731366 6.88629072869 0.0 6.88629072869 0.0
57853.073206 6.84236801115 0.0 6.84236801115 0.0
57853.0732523 6.83864021572 0.0 6.83864021572 0.0
57853.073287 6.89173417944 0.0 6.89173417944 0.0
57853.0733449 6.86855152125 0.0 6.86855152125 0.0
57853.0734144 6.8582067627 0.0 6.8582067627 0.0
57853.0734606 6.83681212262 0.0 6.83681212262 0.0
57853.0735069 6.86811473404 0.0 6.86811473404 0.0
57853.0735532 6.86542059891 0.0 6.86542059891 0.0
57853.0736227 6.82971448891 0.0 6.82971448891 0.0
57853.073669 6.85813385696 0.0 6.85813385696 0.0
57853.0737153 6.86039357472 0.0 6.86039357472 0.0
57853.0737616 6.85609218141 0.0 6.85609218141 0.0
57853.073831 6.82934843159 0.0 6.82934843159 0.0
57853.0738773 6.86287111929 0.0 6.86287111929 0.0
57853.0739236 6.87146272638 0.0 6.87146272638 0.0
57853.0739699 6.84901452765 0.0 6.84901452765 0.0
57853.0740394 6.84185647321 0.0 6.84185647321 0.0
57853.0740856 6.86957058338 0.0 6.86957058338 0.0
57853.0741435 6.85295556676 0.0 6.85295556676 0.0
57853.0741782 6.86294397471 0.0 6.86294397471 0.0
57853.0742477 6.89267727374 0.0 6.89267727374 0.0
57853.074294 6.87669978987 0.0 6.87669978987 0.0
57853.0743519 6.87539089798 0.0 6.87539089798 0.0
57853.0743981 6.89042814345 0.0 6.89042814345 0.0
57853.0744676 6.87415449346 0.0 6.87415449346 0.0
57853.0745139 6.87189930078 0.0 6.87189930078 0.0
57853.0745602 6.88149693017 0.0 6.88149693017 0.0
57853.0746065 6.85069339556 0.0 6.85069339556 0.0
57853.0746759 6.8833857948 0.0 6.8833857948 0.0
57853.0747222 6.90840068323 0.0 6.90840068323 0.0
57853.0747685 6.87909877818 0.0 6.87909877818 0.0
57853.0748148 6.90021738788 0.0 6.90021738788 0.0
57853.0748843 6.89216946977 0.0 6.89216946977 0.0
57853.0749306 6.89260473261 0.0 6.89260473261 0.0
57853.0749769 6.91932077591 0.0 6.91932077591 0.0
57853.0750231 6.96347614342 0.0 6.96347614342 0.0
57853.0750926 7.04357863589 0.0 7.04357863589 0.0
57853.0751389 6.93375799982 0.0 6.93375799982 0.0
57853.0751852 6.92820323028 0.0 6.92820323028 0.0
57853.0752315 6.96297350275 0.0 6.96297350275 0.0
57853.0753009 6.96462490017 0.0 6.96462490017 0.0
57853.0753588 6.9032600994 0.0 6.9032600994 0.0
57853.0754051 6.92329401369 0.0 6.92329401369 0.0
57853.0754398 6.97495519699 0.0 6.97495519699 0.0
57853.0755093 7.04960991829 0.0 7.04960991829 0.0
57853.0755671 7.0374000881 0.0 7.0374000881 0.0
57853.0756134 7.11828631062 0.0 7.11828631062 0.0
57853.0756597 7.12797306392 0.0 7.12797306392 0.0
57853.0757292 6.97137002317 0.0 6.97137002317 0.0
57853.0757755 7.08830021938 0.0 7.08830021938 0.0
57853.0758218 7.09732343916 0.0 7.09732343916 0.0
57853.0758681 7.07587450426 0.0 7.07587450426 0.0
57853.0759375 7.01548287718 0.0 7.01548287718 0.0
57853.0759838 7.00628289466 0.0 7.00628289466 0.0
57853.0760301 7.06639936601 0.0 7.06639936601 0.0
57853.0760764 7.05280086207 0.0 7.05280086207 0.0
57853.0761458 6.94686979869 0.0 6.94686979869 0.0
57853.0761921 6.99006437739 0.0 6.99006437739 0.0
57853.0762384 7.0138434542 0.0 7.0138434542 0.0
57853.0762963 6.96519920749 0.0 6.96519920749 0.0
57853.0763657 6.91982658742 0.0 6.91982658742 0.0
57853.0764005 7.02417254913 0.0 7.02417254913 0.0
57853.0764468 7.12039324757 0.0 7.12039324757 0.0
57853.0765046 7.260234156 0.0 7.260234156 0.0
57853.0765741 7.15031467839 0.0 7.15031467839 0.0
57853.0766204 6.98161872348 0.0 6.98161872348 0.0
57853.0766551 6.98863362897 0.0 6.98863362897 0.0
57853.076713 6.97660375828 0.0 6.97660375828 0.0
57853.0767824 6.94845306525 0.0 6.94845306525 0.0
57853.0768287 6.90492577802 0.0 6.90492577802 0.0
57853.076875 6.90007246339 0.0 6.90007246339 0.0
57853.0769213 6.89391035625 0.0 6.89391035625 0.0
57853.0769907 6.92004335247 0.0 6.92004335247 0.0
57853.077037 6.8963033576 0.0 6.8963033576 0.0
57853.0770833 6.94917261262 0.0 6.94917261262 0.0
57853.0771296 6.95061148389 0.0 6.95061148389 0.0
57853.0771991 6.9083283072 0.0 6.9083283072 0.0
57853.0772454 6.98863362897 0.0 6.98863362897 0.0
57853.0772917 7.0138434542 0.0 7.0138434542 0.0
57853.077338 7.04414650614 0.0 7.04414650614 0.0
57853.0774074 7.00599743077 0.0 7.00599743077 0.0
57853.0774537 7.05308443165 0.0 7.05308443165 0.0
57853.0775116 7.23187389271 0.0 7.23187389271 0.0
57853.0775463 7.43054506749 0.0 7.43054506749 0.0
57853.0776273 7.07523851188 0.0 7.07523851188 0.0
57853.077662 7.08491354923 0.0 7.08491354923 0.0
57853.0777199 7.21470720127 0.0 7.21470720127 0.0
57853.0777662 7.22765522144 0.0 7.22765522144 0.0
57853.1056366 7.13070823972 0.0 7.13070823972 0.0
57853.1056713 7.11231326644 0.0 7.11231326644 0.0
57853.1057176 7.05761999544 0.0 7.05761999544 0.0
57853.1057755 7.0488296901 0.0 7.0488296901 0.0
57853.1058449 7.0489006235 0.0 7.0489006235 0.0
57853.1058912 7.02118223663 0.0 7.02118223663 0.0
57853.1059259 7.05698235792 0.0 7.05698235792 0.0
57853.1059838 7.04783654748 0.0 7.04783654748 0.0
57853.1060532 7.05372242153 0.0 7.05372242153 0.0
57853.1060995 7.15639574087 0.0 7.15639574087 0.0
57853.1061458 7.21006241304 0.0 7.21006241304 0.0
57853.1061921 7.13063812011 0.0 7.13063812011 0.0
57853.1062616 6.98527021668 0.0 6.98527021668 0.0
57853.1063079 7.22246495319 0.0 7.22246495319 0.0
57853.1063542 7.29527244179 0.0 7.29527244179 0.0
57853.1064005 7.38789550549 0.0 7.38789550549 0.0
57853.1064699 7.290541818 0.0 7.290541818 0.0
57853.1065162 7.01904551916 0.0 7.01904551916 0.0
57853.1065625 6.98305090917 0.0 6.98305090917 0.0
57853.1066088 6.99027896439 0.0 6.99027896439 0.0
57853.1066782 6.99635619448 0.0 6.99635619448 0.0
57853.1067245 6.99642765988 0.0 6.99642765988 0.0
57853.1067824 7.02360306396 0.0 7.02360306396 0.0
57853.1068171 7.06413476655 0.0 7.06413476655 0.0
57853.1068866 7.16268106228 0.0 7.16268106228 0.0
57853.1069329 7.15995810044 0.0 7.15995810044 0.0
57853.1069907 7.1451382072 0.0 7.1451382072 0.0
57853.107037 7.05754914967 0.0 7.05754914967 0.0
57853.1071065 7.0039988578 0.0 7.0039988578 0.0
57853.1071528 7.05428947521 0.0 7.05428947521 0.0
57853.1071991 7.0509573818 0.0 7.0509573818 0.0
57853.1072454 7.10344986609 0.0 7.10344986609 0.0
57853.1073148 7.05506909959 0.0 7.05506909959 0.0
57853.1073611 7.04698517098 0.0 7.04698517098 0.0
57853.1074074 7.10478711856 0.0 7.10478711856 0.0
57853.1074537 7.10049294063 0.0 7.10049294063 0.0
57853.1075231 7.05521084022 0.0 7.05521084022 0.0
57853.1075694 7.04577887817 0.0 7.04577887817 0.0
57853.1076157 7.03512615381 0.0 7.03512615381 0.0
57853.107662 7.05301354032 0.0 7.05301354032 0.0
57853.1077315 7.08343137187 0.0 7.08343137187 0.0
57853.1077778 7.11540582117 0.0 7.11540582117 0.0
57853.1078241 7.18052922841 0.0 7.18052922841 0.0
57853.1078704 7.11891845718 0.0 7.11891845718 0.0
57853.1079398 7.05124102552 0.0 7.05124102552 0.0
57853.1079977 7.20229130208 0.0 7.20229130208 0.0
57853.108044 7.36029890697 0.0 7.36029890697 0.0
57853.1080787 7.31573646327 0.0 7.31573646327 0.0
57853.1081481 7.11301623786 0.0 7.11301623786 0.0
57853.108206 7.22246495319 0.0 7.22246495319 0.0
57853.1082523 7.37983739658 0.0 7.37983739658 0.0
57853.1082986 7.29033606907 0.0 7.29033606907 0.0
57853.1083681 7.1137191398 0.0 7.1137191398 0.0
57853.1084144 7.4087785768 0.0 7.4087785768 0.0
57853.1084606 7.27791178842 0.0 7.27791178842 0.0
57853.1085069 7.25954544032 0.0 7.25954544032 0.0
57853.1085764 7.10626484167 0.0 7.10626484167 0.0
57853.1086227 6.99399742636 0.0 6.99399742636 0.0
57853.108669 7.0413777061 0.0 7.0413777061 0.0
57853.1087153 7.11055553385 0.0 7.11055553385 0.0
57853.1087847 7.18066849256 0.0 7.18066849256 0.0
57853.108831 7.18881075005 0.0 7.18881075005 0.0
57853.1088773 7.37326250719 0.0 7.37326250719 0.0
57853.1089352 7.40371528356 0.0 7.40371528356 0.0
57853.1090046 7.38119231561 0.0 7.38119231561 0.0
57853.1257755 7.65316927815 0.0 7.65316927815 0.0
57853.1258102 8.01255265193 0.0 8.01255265193 0.0
57853.1258565 8.04711128294 0.0 8.04711128294 0.0
57853.1259144 7.75467600871 0.0 7.75467600871 0.0
57853.1259838 8.02009975 0.0 8.02009975 0.0
57853.1260301 7.78755417317 0.0 7.78755417317 0.0
57853.1260648 7.90208833157 0.0 7.90208833157 0.0
57853.1261227 8.02857397051 0.0 8.02857397051 0.0
57853.1261921 7.6183987819 0.0 7.6183987819 0.0
57853.1262384 7.50306603996 0.0 7.50306603996 0.0
57853.1262847 7.62895798914 0.0 7.62895798914 0.0
57853.126331 7.89126098922 0.0 7.89126098922 0.0
57853.1264005 8.02925899445 0.0 8.02925899445 0.0
57853.1264468 7.65003267967 0.0 7.65003267967 0.0
57853.1264931 7.63066183237 0.0 7.63066183237 0.0
57853.1265394 7.63302037204 0.0 7.63302037204 0.0
57853.1266088 7.50699673638 0.0 7.50699673638 0.0
57853.1266551 7.51964094888 0.0 7.51964094888 0.0
57853.1267014 7.78948008535 0.0 7.78948008535 0.0
57853.1267477 8.13461738498 0.0 8.13461738498 0.0
57853.1268171 8.28721907518 0.0 8.28721907518 0.0
57853.1268634 8.40636663488 0.0 8.40636663488 0.0
57853.1269213 8.32532281656 0.0 8.32532281656 0.0
57853.126956 8.15634722164 0.0 8.15634722164 0.0
57853.1270255 7.75809254907 0.0 7.75809254907 0.0
57853.1270718 7.89145107062 0.0 7.89145107062 0.0
57853.1271296 7.90695896031 0.0 7.90695896031 0.0
57853.1271759 8.28220985003 0.0 8.28220985003 0.0
57853.1272454 7.91309042031 0.0 7.91309042031 0.0
57853.1272917 7.77746745413 0.0 7.77746745413 0.0
57853.127338 8.03479931299 0.0 8.03479931299 0.0
57853.1273843 7.75151598076 0.0 7.75151598076 0.0
57853.1274537 8.26032687005 0.0 8.26032687005 0.0
57853.1275 8.05158369515 0.0 8.05158369515 0.0
57853.1275463 8.26419990078 0.0 8.26419990078 0.0
57853.1275926 7.79480596295 0.0 7.79480596295 0.0
57853.127662 8.41896668244 0.0 8.41896668244 0.0
57853.1277083 8.41070746133 0.0 8.41070746133 0.0
57853.1277546 8.51616110698 0.0 8.51616110698 0.0
57853.1278009 8.5569854505 0.0 8.5569854505 0.0
57853.1278704 8.06256782917 0.0 8.06256782917 0.0
57853.1279167 7.63295486689 0.0 7.63295486689 0.0
57853.127963 7.75699684156 0.0 7.75699684156 0.0
57853.1280093 7.67645751633 0.0 7.67645751633 0.0
57853.1280787 7.62522130826 0.0 7.62522130826 0.0
57853.1281366 7.90544116416 0.0 7.90544116416 0.0
57853.1281829 7.80256368125 0.0 7.80256368125 0.0
57853.1282176 7.74712850029 0.0 7.74712850029 0.0
57853.128287 7.6763272468 0.0 7.6763272468 0.0
57853.1283449 7.88346370576 0.0 7.88346370576 0.0
57853.1283912 8.00068747046 0.0 8.00068747046 0.0
57853.1284375 8.01429971988 0.0 8.01429971988 0.0
57853.1285069 7.87413487311 0.0 7.87413487311 0.0
57853.1285532 8.00755892891 0.0 8.00755892891 0.0
57853.1285995 8.00068747046 0.0 8.00068747046 0.0
57853.1286458 8.00231216587 0.0 8.00231216587 0.0
57853.1287153 8.13664550045 0.0 8.13664550045 0.0
57853.1287616 8.29403400041 0.0 8.29403400041 0.0
57853.1288079 8.16241385866 0.0 8.16241385866 0.0
57853.1288542 7.88479549513 0.0 7.88479549513 0.0
57853.1289236 7.65969973302 0.0 7.65969973302 0.0
57853.1289699 7.62987549047 0.0 7.62987549047 0.0
57853.1290162 7.66850702549 0.0 7.66850702549 0.0
57853.1290741 7.88625386353 0.0 7.88625386353 0.0
57853.1291435 7.75138697266 0.0 7.75138697266 0.0
57853.131331 8.28607265235 0.0 8.28607265235 0.0
57853.1313657 8.76019406178 0.0 8.76019406178 0.0
57853.131412 8.77177291088 0.0 8.77177291088 0.0
57853.1314699 8.30728595872 0.0 8.30728595872 0.0
57853.1315394 8.15505977906 0.0 8.15505977906 0.0
57853.1315856 8.30463725878 0.0 8.30463725878 0.0
57853.1316204 8.25887401526 0.0 8.25887401526 0.0
57853.1316782 8.04487414445 0.0 8.04487414445 0.0
57853.1317477 7.76092777959 0.0 7.76092777959 0.0
57853.131794 8.39106667832 0.0 8.39106667832 0.0
57853.1318403 8.3057811192 0.0 8.3057811192 0.0
57853.1318866 8.0343014631 0.0 8.0343014631 0.0
57853.131956 7.834219808 0.0 7.834219808 0.0
57853.1320023 8.47826633222 0.0 8.47826633222 0.0
57853.1320486 9.07904179966 0.0 9.07904179966 0.0
57853.1320949 9.07066700965 0.0 9.07066700965 0.0
57853.1321644 8.6368396998 0.0 8.6368396998 0.0
57853.1322106 8.96470858422 0.0 8.96470858422 0.0
57853.1322569 8.95940846262 0.0 8.95940846262 0.0
57853.1323032 8.42769244811 0.0 8.42769244811 0.0
57853.1323727 7.71297607931 0.0 7.71297607931 0.0
57853.132419 8.27979468344 0.0 8.27979468344 0.0
57853.1324769 8.41890729252 0.0 8.41890729252 0.0
57853.1325116 8.47449113517 0.0 8.47449113517 0.0
57853.132581 8.22143539779 0.0 8.22143539779 0.0
57853.1326273 7.58135871727 0.0 7.58135871727 0.0
57853.1326852 7.56901578807 0.0 7.56901578807 0.0
57853.1327315 7.51744637493 0.0 7.51744637493 0.0
57853.1328009 7.57918201391 0.0 7.57918201391 0.0
57853.1328472 7.62305712952 0.0 7.62305712952 0.0
57853.1328935 7.52057178677 0.0 7.52057178677 0.0
57853.1329398 7.4782350859 0.0 7.4782350859 0.0
57853.1330093 7.61406593089 0.0 7.61406593089 0.0
57853.1330556 7.67723908707 0.0 7.67723908707 0.0
57853.1331019 7.90126572139 0.0 7.90126572139 0.0
57853.1331481 8.0399004969 0.0 8.0399004969 0.0
57853.1332176 8.37591786015 0.0 8.37591786015 0.0
57853.1332639 8.53006447807 0.0 8.53006447807 0.0
57853.1333102 8.58294821142 0.0 8.58294821142 0.0
57853.1333565 8.81612159626 0.0 8.81612159626 0.0
57853.1334259 8.43949050595 0.0 8.43949050595 0.0
57853.1334722 7.79243222621 0.0 7.79243222621 0.0
57853.1335185 7.85728960902 0.0 7.85728960902 0.0
57853.1335648 7.7878751916 0.0 7.7878751916 0.0
57853.1336343 7.8812435567 0.0 7.8812435567 0.0
57853.1336921 7.87515079221 0.0 7.87515079221 0.0
57853.1337384 7.92969104064 0.0 7.92969104064 0.0
57853.1337731 7.82323462514 0.0 7.82323462514 0.0
57853.1338426 7.78479286815 0.0 7.78479286815 0.0
57853.1339005 8.33978416987 0.0 8.33978416987 0.0
57853.1339468 8.28142499815 0.0 8.28142499815 0.0
57853.1339931 8.07440400277 0.0 8.07440400277 0.0
57853.1340625 7.75731912454 0.0 7.75731912454 0.0
57853.1341088 7.83153880154 0.0 7.83153880154 0.0
57853.1341551 7.85525301948 0.0 7.85525301948 0.0
57853.1342014 8.14647162887 0.0 8.14647162887 0.0
57853.1342708 8.03262099193 0.0 8.03262099193 0.0
57853.1343171 7.87680138127 0.0 7.87680138127 0.0
57853.1343634 7.74151148032 0.0 7.74151148032 0.0
57853.1344097 7.65179717452 0.0 7.65179717452 0.0
57853.1344792 7.63649134092 0.0 7.63649134092 0.0
57853.1345255 7.64153126016 0.0 7.64153126016 0.0
57853.1345718 7.70902069007 0.0 7.70902069007 0.0
57853.1346296 7.84015305973 0.0 7.84015305973 0.0
57853.1346991 7.77129332866 0.0 7.77129332866 0.0
57853.1528588 8.81878676463 0.0 8.81878676463 0.0
57853.1528935 8.64274262026 0.0 8.64274262026 0.0
57853.1529398 8.8179362665 0.0 8.8179362665 0.0
57853.1529977 8.94678713282 0.0 8.94678713282 0.0
57853.1530671 9.35745691948 0.0 9.35745691948 0.0
57853.1531134 10.1631687972 0.0 10.1631687972 0.0
57853.1531481 11.4934764106 0.0 11.4934764106 0.0
57853.153206 11.6238977972 0.0 11.6238977972 0.0
57853.1532755 9.64743489224 0.0 9.64743489224 0.0
57853.1533218 8.6441309569 0.0 8.6441309569 0.0
57853.1533681 8.86713031369 0.0 8.86713031369 0.0
57853.1534144 8.96955963245 0.0 8.96955963245 0.0
57853.1534838 9.21921905586 0.0 9.21921905586 0.0
57853.1535301 9.35243283857 0.0 9.35243283857 0.0
57853.1535764 9.49610446446 0.0 9.49610446446 0.0
57853.1536227 9.88923657316 0.0 9.88923657316 0.0
57853.1536921 9.54997382195 0.0 9.54997382195 0.0
57853.1537384 9.35152393998 0.0 9.35152393998 0.0
57853.1537847 9.30096769159 0.0 9.30096769159 0.0
57853.153831 9.99019519329 0.0 9.99019519329 0.0
57853.1539005 10.70266322 0.0 10.70266322 0.0
57853.1539468 10.4420783372 0.0 10.4420783372 0.0
57853.1540046 11.1000900897 0.0 11.1000900897 0.0
57853.1540394 11.0753329521 0.0 11.0753329521 0.0
57853.1541088 9.75663876548 0.0 9.75663876548 0.0
57853.1541551 8.6 0.0 8.6 0.0
57853.154213 8.56936403708 0.0 8.56936403708 0.0
57853.1542593 8.55564141371 0.0 8.55564141371 0.0
57853.1543287 8.65840631987 0.0 8.65840631987 0.0
57853.154375 8.64777428013 0.0 8.64777428013 0.0
57853.1544213 8.66960206699 0.0 8.66960206699 0.0
57853.1544676 8.70218363401 0.0 8.70218363401 0.0
57853.154537 8.88262348634 0.0 8.88262348634 0.0
57853.1545833 8.52519794492 0.0 8.52519794492 0.0
57853.1546296 8.64372604841 0.0 8.64372604841 0.0
57853.1546759 8.69787330329 0.0 8.69787330329 0.0
57853.1547454 8.65083810969 0.0 8.65083810969 0.0
57853.1547917 8.49335034012 0.0 8.49335034012 0.0
57853.154838 8.73012027409 0.0 8.73012027409 0.0
57853.1548843 8.74488421879 0.0 8.74488421879 0.0
57853.1549537 9.13471400756 0.0 9.13471400756 0.0
57853.155 8.60528907126 0.0 8.60528907126 0.0
57853.1550463 8.63568179127 0.0 8.63568179127 0.0
57853.1550926 8.56095789033 0.0 8.56095789033 0.0
57853.155162 8.50358747824 0.0 8.50358747824 0.0
57853.1552199 8.46782144356 0.0 8.46782144356 0.0
57853.1552662 8.44795833323 0.0 8.44795833323 0.0
57853.1553009 8.5424820749 0.0 8.5424820749 0.0
57853.1553704 8.43142929757 0.0 8.43142929757 0.0
57853.1554282 8.88774437076 0.0 8.88774437076 0.0
57853.1554745 9.31890551513 0.0 9.31890551513 0.0
57853.1555208 9.41838627367 0.0 9.41838627367 0.0
