57852.9777894 122.237192905 0.0 120.233168732 0.0
57852.9840394 120.94418635 0.0 118.928308733 0.0
57852.9993171 118.881912307 0.0 116.59306241 0.0
57853.0083449 117.394053226 0.0 114.824944591 0.0
57853.0159838 116.499812901 0.0 113.392591261 0.0
57853.031956 116.901956332 0.0 113.811489676 0.0
57853.0395949 115.133050872 0.0 111.72676622 0.0
57853.0472338 114.684963454 0.0 110.992981197 0.0
57853.0652894 113.706701061 0.0 109.687518853 0.0
57853.0729282 113.904349307 0.0 109.878180842 0.0
57853.1055671 116.466230218 0.0 111.918134297 0.0
57853.125706 118.816757216 0.0 114.341419374 0.0
57853.1312616 118.782738425 0.0 114.30868193 0.0
57853.1527894 120.829754059 0.0 116.732632548 0.0
