57853.4591319 78.2878343359 0.0 79.223779492 0.0
57853.4592477 86.8158695228 0.0 87.3619182196 0.0
57853.4593634 78.2183191139 0.0 77.9941538835 0.0
57853.4594907 79.2821425102 0.0 79.4324075614 0.0
57853.4596065 78.5007570155 0.0 78.6422286752 0.0
57853.4597222 79.2477312357 0.0 78.1998404666 0.0
57853.4598495 80.6674296541 0.0 80.1524760004 0.0
57853.4599653 79.7415363534 0.0 79.1924302506 0.0
57853.460081 82.2372162284 0.0 80.1462963274 0.0
57853.4602083 78.973607718 0.0 80.3777643319 0.0
57853.4603241 78.3819264372 0.0 78.5831384713 0.0
57853.4604167 78.4122671589 0.0 78.8596720701 0.0
57853.4604398 78.4163576622 0.0 79.1129290951 0.0
57853.4605556 77.6554404083 0.0 78.0474271517 0.0
57853.4606829 78.9124406035 0.0 78.800171326 0.0
57853.4607986 78.7016384455 0.0 78.5105295677 0.0
57853.4609144 77.6041263336 0.0 77.0897827342 0.0
57853.4610417 78.928988667 0.0 78.5003069421 0.0
57853.4611111 78.6573520721 0.0 79.1089440139 0.0
57853.4611574 78.4427576899 0.0 79.7894863312 0.0
57853.4612731 78.1904004466 0.0 78.6315221587 0.0
57853.4614005 77.5224761859 0.0 77.709278944 0.0
57853.4615162 77.0868336164 0.0 76.8717548583 0.0
57853.4616319 80.7061360307 0.0 81.4772977767 0.0
57853.4617593 77.9920358626 0.0 77.5539107525 0.0
57853.4618056 79.0021127186 0.0 78.2358358682 0.0
57853.461875 80.0097746529 0.0 78.8940278665 0.0
57853.4619907 79.3878810021 0.0 78.9486822436 0.0
57853.4621181 76.9869934859 0.0 76.8046685625 0.0
57853.4622338 77.7751092381 0.0 77.4563618433 0.0
57853.4623495 76.8484005819 0.0 77.1375283568 0.0
57853.4624769 79.6841424751 0.0 80.9047234282 0.0
57853.4625 79.1152909493 0.0 79.4867183308 0.0
57853.4625926 78.5569430732 0.0 78.1377575376 0.0
57853.4627083 76.6966112354 0.0 76.7971370821 0.0
57853.4628356 79.5924903179 0.0 79.055691876 0.0
57853.4629514 78.701331018 0.0 78.3952516866 0.0
57853.4630671 76.5329808971 0.0 76.6447260286 0.0
57853.4631944 76.6267377356 0.0 77.3845609731 0.0
57853.4633102 78.7344709768 0.0 77.3217782258 0.0
57853.4634259 77.1459964548 0.0 77.4065428113 0.0
57853.4635532 77.256954742 0.0 77.0392848747 0.0
57853.463669 77.938508056 0.0 78.3471621247 0.0
57853.4637847 77.0669062179 0.0 77.1987263431 0.0
57853.4638889 78.4489328098 0.0 78.2233073195 0.0
57853.463912 79.8864907728 0.0 79.2681082908 0.0
57853.4640278 76.5354890623 0.0 76.1825788419 0.0
57853.4641435 81.5303593577 0.0 80.140229966 0.0
57853.4642708 78.0888862067 0.0 78.1513517605 0.0
57853.4643866 77.4961617308 0.0 77.1726988449 0.0
57853.4645023 77.4257581945 0.0 76.9645231519 0.0
57853.4645833 76.7766987503 0.0 77.1626978209 0.0
57853.4646296 76.1366048823 0.0 77.3567335789 0.0
57853.4647454 77.0886298944 0.0 76.6295513167 0.0
57853.4648611 76.0623411946 0.0 76.2742980761 0.0
57853.4649769 76.6219562919 0.0 76.901516422 0.0
57853.4651042 76.7811646174 0.0 77.0917769285 0.0
57853.4652199 76.0138306165 0.0 75.8850894643 0.0
57853.4652778 76.1676342615 0.0 76.1305156951 0.0
57853.4653356 76.3552713177 0.0 76.4114614309 0.0
57853.465463 77.5955168937 0.0 77.1558188214 0.0
57853.4655787 75.9654128008 0.0 76.0816861012 0.0
57853.4656944 76.429324261 0.0 76.3247083322 0.0
57853.4658218 76.4871140651 0.0 76.3273789934 0.0
57853.4659375 75.9632886663 0.0 75.6872868387 0.0
57853.4659722 75.9120230135 0.0 76.1305764854 0.0
57853.4744213 73.4159441811 0.0 73.3676988327 0.0
57853.474537 73.8565246678 0.0 74.0373550986 0.0
57853.4746644 73.7302255591 0.0 73.6295794841 0.0
57853.4747801 74.1427247476 0.0 73.6568909947 0.0
57853.4748958 74.0804182359 0.0 73.9673891184 0.0
57853.475 73.8946362465 0.0 73.7197913182 0.0
57853.4750231 73.6964729075 0.0 73.4609178611 0.0
57853.4751389 73.8565712649 0.0 73.782577293 0.0
57853.4752546 73.5686773974 0.0 73.5502759274 0.0
57853.4753819 73.6849928208 0.0 73.5188582406 0.0
57853.4754977 73.3617963998 0.0 73.7290214637 0.0
57853.4756134 74.0811530148 0.0 74.1365514979 0.0
57853.4756944 73.7116472615 0.0 73.7134209829 0.0
57853.4757407 73.3647069305 0.0 73.314479368 0.0
57853.4758565 73.6084871058 0.0 73.4644961325 0.0
57853.4759722 74.0609468816 0.0 74.1251332275 0.0
57853.4760995 75.3744361306 0.0 75.5618833209 0.0
57853.4762153 74.0427745766 0.0 73.5212375984 0.0
57853.476331 73.9676583515 0.0 73.8931039611 0.0
57853.4763889 74.167575557 0.0 74.3208743288 0.0
57853.4764583 74.3699974788 0.0 74.7570672846 0.0
57853.4765741 74.9406467613 0.0 75.422168631 0.0
57853.4766898 73.7757869765 0.0 73.8603058077 0.0
57853.4768171 74.0101866637 0.0 74.0744052895 0.0
57853.4769329 73.6323898091 0.0 73.7434401218 0.0
57853.4770486 73.4853496147 0.0 73.7544290941 0.0
57853.4770833 74.0219579382 0.0 73.8576983327 0.0
57853.4771759 74.5063544203 0.0 73.8977515017 0.0
57853.4772917 73.1875466524 0.0 73.3254490269 0.0
57853.4774074 73.4793379189 0.0 73.5557932865 0.0
57853.4775347 73.5642754399 0.0 73.1426762226 0.0
57853.4776505 73.9360626285 0.0 73.695750868 0.0
57853.4777662 73.2797079961 0.0 73.1523470163 0.0
57853.4777778 73.9367190305 0.0 73.2259615642 0.0
57853.4778935 74.6657233073 0.0 73.3506486611 0.0
57853.4780093 73.510562071 0.0 73.7513124832 0.0
57853.478125 74.4417104519 0.0 73.8131422309 0.0
57853.4782523 72.7903174605 0.0 73.1117551082 0.0
57853.4783681 72.8810652296 0.0 73.1549590664 0.0
57853.4784722 72.9839515099 0.0 73.2660728441 0.0
57853.4784838 73.089725215 0.0 73.3801619649 0.0
57853.4785995 73.0107069956 0.0 72.8296883695 0.0
57853.4787269 72.6167542031 0.0 73.1388673073 0.0
57853.4788426 72.7101630379 0.0 72.9412466853 0.0
57853.4789583 73.3376061172 0.0 72.7251721552 0.0
57853.4790856 73.5127829972 0.0 73.6769377825 0.0
57853.4791667 73.6183868949 0.0 73.7783123079 0.0
57853.4792014 73.7206553484 0.0 73.8763029597 0.0
57853.4793171 73.4158337145 0.0 73.7912573887 0.0
57853.4794444 73.6349394717 0.0 72.9210130415 0.0
57853.4795602 72.8596713759 0.0 73.7417712291 0.0
57853.4796759 73.1001280368 0.0 72.8612116218 0.0
57853.4798032 72.8518260512 0.0 72.6758597679 0.0
57853.4798611 72.9313569872 0.0 72.8947178265 0.0
57853.479919 73.0381669472 0.0 73.1427664845 0.0
57853.4800347 72.9931918332 0.0 73.4084440919 0.0
57853.480162 72.9895485326 0.0 73.6054585204 0.0
57853.4802778 72.5219053873 0.0 72.7821121018 0.0
57853.4803935 72.4386678784 0.0 72.6082469145 0.0
57853.4805208 72.552752546 0.0 72.6510982918 0.0
57853.4805556 72.5375435275 0.0 72.7097247485 0.0
57853.4806366 72.4725152385 0.0 72.7184652066 0.0
57853.4807523 72.3960203671 0.0 72.5901428295 0.0
57853.4808796 72.6189820501 0.0 72.5233036754 0.0
57853.4809954 72.4369151055 0.0 72.3949700463 0.0
57853.4811111 73.5379249095 0.0 72.9187560234 0.0
57853.4812384 72.677465641 0.0 72.8567269235 0.0
57853.48125 73.0690329551 0.0 73.6318351802 0.0
57853.4930671 71.7665318794 0.0 71.4611940356 0.0
57853.4931829 70.8432135352 0.0 70.7132568476 0.0
57853.4932986 70.8506209218 0.0 70.5400247661 0.0
57853.4934259 70.678610548 0.0 71.1700191935 0.0
57853.4935417 71.4037837863 0.0 70.870509184 0.0
57853.4936574 70.9864866929 0.0 71.1243242428 0.0
57853.49375 70.84663534 0.0 71.2834646955 0.0
57853.4937847 70.7268296547 0.0 71.4633927896 0.0
57853.4939005 71.8229692717 0.0 71.2935040309 0.0
57853.4940162 70.9461044315 0.0 71.2384936885 0.0
57853.4941435 70.9248498765 0.0 70.807701149 0.0
57853.4942593 70.4898054473 0.0 70.3212656172 0.0
57853.494375 70.8864902291 0.0 70.6298538438 0.0
57853.4944444 70.9089457826 0.0 70.8326832966 0.0
57853.4945023 70.927740645 0.0 71.0335624617 0.0
57853.4946181 70.7477024786 0.0 70.3716162952 0.0
57853.4947338 70.4852870818 0.0 70.3427610775 0.0
57853.4948611 70.9061359616 0.0 70.863332627 0.0
57853.4949769 70.5313520287 0.0 70.4108205037 0.0
57853.4950926 70.4553643522 0.0 70.5149805928 0.0
57853.4951389 70.4867169047 0.0 70.4322926363 0.0
57853.4952199 70.4933627656 0.0 70.3251931956 0.0
57853.4953356 70.4717718026 0.0 70.6825666413 0.0
57853.4954514 70.5653519229 0.0 70.7057088431 0.0
57853.4955787 70.2993251034 0.0 70.3912706023 0.0
57853.4956944 70.3799569977 0.0 70.8986758974 0.0
57853.4958102 70.1442220072 0.0 70.1652341334 0.0
57853.4958333 70.1832208865 0.0 70.1267368484 0.0
57853.4959375 70.260819907 0.0 70.1266441804 0.0
57853.4960532 70.4011513897 0.0 70.4734956349 0.0
57853.496169 70.4878328933 0.0 70.4971628649 0.0
57853.4962963 70.4435573065 0.0 70.4101601049 0.0
57853.496412 70.203141689 0.0 70.272807842 0.0
57853.4965278 70.8768567799 0.0 71.2353806616 0.0
57853.4966435 70.193581594 0.0 70.3298807051 0.0
57853.4967708 70.1979380324 0.0 70.387608739 0.0
57853.4968866 70.3745737252 0.0 70.3881958144 0.0
57853.4970023 70.2011033816 0.0 70.4081394158 0.0
57853.4971296 70.7036300624 0.0 70.1848407991 0.0
57853.4972222 70.4335811385 0.0 70.542997342 0.0
57853.4972454 70.1760149339 0.0 70.9174974037 0.0
57853.4973611 70.0988278575 0.0 70.1011757034 0.0
57853.4974884 70.1045100475 0.0 69.9883684979 0.0
57853.4976042 70.0609359915 0.0 70.2854090904 0.0
57853.4977199 70.3872348441 0.0 70.1509121252 0.0
57853.4978472 70.0435501742 0.0 69.9192917942 0.0
57853.4979167 69.9544975538 0.0 70.0930283694 0.0
57853.497963 69.8918969624 0.0 70.2947281451 0.0
57853.4980787 70.1462621171 0.0 69.9910152662 0.0
57853.498206 70.1871563393 0.0 69.9417485555 0.0
57853.4983218 70.1025702738 0.0 70.1306024785 0.0
57853.4984375 70.2705730303 0.0 69.9832050066 0.0
57853.4985648 70.3124589387 0.0 70.2971343868 0.0
57853.4986111 70.1929509353 0.0 70.313387374 0.0
57853.4986806 70.0739444302 0.0 70.3295458396 0.0
57853.4987963 69.9579886718 0.0 70.1557553519 0.0
57853.4989236 70.0845247326 0.0 70.3715368242 0.0
57853.4990394 70.476104007 0.0 70.5187394527 0.0
57853.4991551 70.4067285563 0.0 70.8248677655 0.0
57853.4992824 70.1354407272 0.0 70.1446732618 0.0
57853.4993056 70.3190691065 0.0 70.5223077685 0.0
57853.4993981 70.4944826706 0.0 70.8963908813 0.0
57853.4995139 70.2176036119 0.0 70.2582178966 0.0
57853.4996412 70.0713471613 0.0 70.2331494239 0.0
57853.4997569 69.7941137489 0.0 69.9014248996 0.0
57853.4998727 69.8861627076 0.0 69.8856099709 0.0
57853.5 70.0132549022 0.0 70.0498494288 0.0
57853.5021412 69.9249798212 0.0 69.8559231418 0.0
57853.5022685 69.6161916798 0.0 69.9418741814 0.0
57853.5023843 69.9130688784 0.0 69.9131779495 0.0
57853.5025 69.5861568705 0.0 69.6752327158 0.0
57853.5026273 70.1856991131 0.0 70.0021404101 0.0
57853.5027431 69.917703688 0.0 70.338893736 0.0
57853.5027778 69.8697022536 0.0 70.1028836782 0.0
57853.5028588 69.8188842506 0.0 69.8662303406 0.0
57853.5029861 70.0923434335 0.0 70.0878564874 0.0
57853.5031019 70.0074562315 0.0 69.5945512235 0.0
57853.5032176 69.6776946232 0.0 69.8418062266 0.0
57853.5033449 69.7425794046 0.0 69.5363609632 0.0
57853.5034606 69.5779393199 0.0 69.5472548632 0.0
57853.5034722 69.6712240814 0.0 69.6589593233 0.0
57853.5035764 69.7508224611 0.0 69.7571518627 0.0
57853.5037037 69.468907707 0.0 69.3649842428 0.0
57853.5038194 69.4364341754 0.0 69.3701561192 0.0
57853.5039352 69.4624248569 0.0 69.4655221675 0.0
57853.5040625 69.3337228915 0.0 69.2856844377 0.0
57853.5041667 69.3658430497 0.0 69.4115824629 0.0
57853.5041782 69.4302642153 0.0 69.5706297729 0.0
57853.504294 69.4289100879 0.0 69.3526082855 0.0
57853.5044213 69.9685699368 0.0 69.8216594976 0.0
57853.504537 69.6029325963 0.0 69.5793017068 0.0
57853.5046528 69.3282242164 0.0 69.4460331912 0.0
57853.5047801 69.4732832605 0.0 69.4522913949 0.0
57853.5048611 69.4675732986 0.0 69.5423574306 0.0
57853.5048958 69.4498091358 0.0 69.6206522664 0.0
57853.5050116 69.4922508773 0.0 69.3501322782 0.0
57853.5051389 69.7291596895 0.0 69.6372192294 0.0
57853.5052546 69.5642432791 0.0 69.7930363432 0.0
57853.5053704 69.5061525982 0.0 69.3607980346 0.0
57853.5054861 69.3018282948 0.0 69.3208527429 0.0
57853.5055556 69.295194386 0.0 69.3895691152 0.0
57853.5056134 69.2791668397 0.0 69.4490952209 0.0
57853.5057292 69.3229757728 0.0 69.3338888279 0.0
57853.5058449 69.2319517925 0.0 69.3550541057 0.0
57853.5059722 69.4166953333 0.0 69.8622653011 0.0
57853.506088 69.2302939904 0.0 69.2343748148 0.0
57853.5062037 70.0497114983 0.0 69.6075659393 0.0
57853.50625 69.7843527089 0.0 69.5039871662 0.0
57853.506331 69.5372209755 0.0 69.4162153247 0.0
57853.5064468 69.8051357566 0.0 69.3147421333 0.0
57853.5065625 69.7516379808 0.0 69.6349502333 0.0
57853.5066898 69.3311274898 0.0 69.2721673113 0.0
57853.5068056 69.5181850741 0.0 69.6991398584 0.0
57853.5069213 69.4304419257 0.0 69.3643621105 0.0
57853.5069444 69.4777801243 0.0 69.5844329502 0.0
57853.5070486 69.5131723273 0.0 69.7945192619 0.0
57853.5071644 69.636066467 0.0 69.6915168008 0.0
57853.5072801 69.1452218667 0.0 69.25048402 0.0
57853.5074074 69.626748373 0.0 69.5452662947 0.0
57853.5075231 69.1426843057 0.0 69.3148306064 0.0
57853.5076389 69.2320539346 0.0 69.269750743 0.0
57853.5077662 69.3087199059 0.0 69.3015199905 0.0
57853.5078819 69.4532911387 0.0 69.7107544931 0.0
57853.5079977 69.164106457 0.0 69.5104271027 0.0
57853.508125 69.1176175154 0.0 69.0637367944 0.0
57853.5082407 69.3332981042 0.0 69.2045513677 0.0
57853.5083333 69.231948687 0.0 69.104661261 0.0
57853.5083565 69.1292098754 0.0 69.0033742508 0.0
57853.5084838 69.0963016883 0.0 69.0917844031 0.0
57853.5085995 68.9826863785 0.0 69.1335677222 0.0
57853.5087153 68.9929480382 0.0 69.0649504742 0.0
57853.5088426 68.9787126728 0.0 68.9990988709 0.0
57853.5089583 68.9554779187 0.0 69.0864300786 0.0
57853.5090278 68.9821633468 0.0 69.0755370663 0.0
57853.5112269 68.8414421043 0.0 68.8191535621 0.0
57853.5113426 68.8578573222 0.0 68.724811182 0.0
57853.5114699 68.9351326611 0.0 69.3545065082 0.0
57853.5115856 68.6468138008 0.0 68.6502727526 0.0
57853.5117014 69.1576359197 0.0 68.9897513041 0.0
57853.5118056 68.8403594049 0.0 68.8174483471 0.0
57853.5118287 68.5855075945 0.0 68.7049564005 0.0
57853.5119444 68.6605931375 0.0 68.7371165819 0.0
57853.5120602 68.7625005072 0.0 68.7862426943 0.0
57853.5121875 68.8480391878 0.0 68.7360040881 0.0
57853.5123032 68.7861144781 0.0 68.7154338122 0.0
57853.512419 68.8239973919 0.0 68.8080527337 0.0
57853.5125 68.8964024678 0.0 68.9107148055 0.0
57853.5125463 68.9393695213 0.0 68.9841190782 0.0
57853.512662 68.7260756409 0.0 68.7293542527 0.0
57853.5127778 68.8874599474 0.0 69.2384520696 0.0
57853.5129051 68.7064514438 0.0 68.6750196214 0.0
57853.5130208 68.7566944013 0.0 68.7630268458 0.0
57853.5131366 68.9607789544 0.0 69.2010283955 0.0
57853.5131944 68.8789877757 0.0 68.9772191742 0.0
57853.5132639 68.7975350285 0.0 68.7555234945 0.0
57853.5133796 69.0293780068 0.0 69.1844774642 0.0
57853.5134954 68.7030292418 0.0 68.8296169247 0.0
57853.5136227 68.9255428923 0.0 68.8584037718 0.0
57853.5137384 68.8320522068 0.0 68.6977646216 0.0
57853.5138542 68.5115179806 0.0 68.6256993261 0.0
57853.5138889 68.5346293636 0.0 68.6350575581 0.0
57853.5139815 68.5654281982 0.0 68.6520842291 0.0
57853.5140972 68.7526072669 0.0 68.5434627663 0.0
57853.514213 69.3045152786 0.0 69.4131569877 0.0
57853.5143287 68.6218879659 0.0 68.7750734278 0.0
57853.514456 68.4805837957 0.0 68.5171573914 0.0
57853.5145718 68.9353076007 0.0 68.9454192605 0.0
57853.5145833 68.7759674232 0.0 68.7880813295 0.0
57853.5146875 68.594112743 0.0 68.6081969228 0.0
57853.5148148 68.4704991219 0.0 68.4632933549 0.0
57853.5149306 68.5737908606 0.0 68.7363262548 0.0
57853.5150463 68.6828396035 0.0 68.5070080649 0.0
57853.5151736 68.4082876704 0.0 68.4584466812 0.0
57853.5152778 68.386452847 0.0 68.3922700164 0.0
57853.5152894 68.3923506907 0.0 68.3539098516 0.0
57853.5154051 68.4479362874 0.0 68.5084392101 0.0
57853.5155324 68.6989315274 0.0 68.5409784144 0.0
57853.5156481 68.6744569909 0.0 68.7346346684 0.0
57853.5157639 68.4016335112 0.0 68.3687645493 0.0
57853.5158912 69.1488343647 0.0 69.0602282649 0.0
57853.5159722 68.8150264405 0.0 68.7436266209 0.0
57853.5160069 68.4680888663 0.0 68.4134362461 0.0
57853.5161227 68.5538771405 0.0 68.6869164252 0.0
57853.51625 68.6089037954 0.0 68.3506763171 0.0
57853.5163657 68.4864574204 0.0 68.3459779651 0.0
57853.5164815 68.4059501871 0.0 68.6408888054 0.0
57853.5166088 68.2142918236 0.0 68.2888810276 0.0
57853.5166667 68.2818118242 0.0 68.255830066 0.0
57853.5167245 68.3683921048 0.0 68.2415457328 0.0
57853.5168403 68.2188945161 0.0 68.2505037124 0.0
57853.5169676 68.3435783962 0.0 68.3904596636 0.0
57853.5170833 68.2034835254 0.0 68.4794593583 0.0
57853.5171991 68.3454941894 0.0 68.2899590936 0.0
57853.5173264 68.2220397526 0.0 68.2573235338 0.0
57853.5173611 68.2605636733 0.0 68.2387256109 0.0
57853.5174421 68.2779422361 0.0 68.1989590097 0.0
57853.5175579 68.4369443283 0.0 68.477112461 0.0
57853.5176852 68.284079118 0.0 68.2541633968 0.0
57853.5178009 68.5952544131 0.0 68.5890876962 0.0
57853.5179167 68.1836064681 0.0 68.33272162 0.0
57853.518044 68.4217945322 0.0 68.0994708056 0.0
57853.5180556 68.7182145504 0.0 68.2698241246 0.0
57853.5285532 67.4797320164 0.0 67.3949077453 0.0
57853.528669 67.3801038364 0.0 67.5354800605 0.0
57853.5287963 67.4517094298 0.0 67.5643445687 0.0
57853.528912 67.3808203794 0.0 67.551590418 0.0
57853.5290278 67.5966314471 0.0 67.6642261317 0.0
57853.5291551 67.5782139672 0.0 67.794212725 0.0
57853.5291667 67.5364979548 0.0 67.6002333132 0.0
57853.5292708 67.4983879141 0.0 67.4114024925 0.0
57853.5293866 67.422983166 0.0 67.3894805738 0.0
57853.5295139 67.4141635044 0.0 67.4978050236 0.0
57853.5296296 67.8011465095 0.0 67.9986172359 0.0
57853.5297454 67.5874349713 0.0 67.5176155014 0.0
57853.5298611 67.4952542924 0.0 67.4705510575 0.0
57853.5298727 67.3894943148 0.0 67.4096256925 0.0
57853.5299884 67.6929814309 0.0 67.7001653912 0.0
57853.5301042 67.6454132517 0.0 67.5185260206 0.0
57853.5302315 67.405463154 0.0 67.3829795423 0.0
57853.5303472 67.3568332911 0.0 67.4351320974 0.0
57853.530463 67.3076823996 0.0 67.3282266512 0.0
57853.5305556 67.3009222522 0.0 67.4068508388 0.0
57853.5305903 67.2877609153 0.0 67.4794031835 0.0
57853.530706 67.5911431032 0.0 67.467572018 0.0
57853.5308218 67.5063464942 0.0 67.2634960435 0.0
57853.5309491 67.4420076362 0.0 67.288888533 0.0
57853.5310648 67.2950197489 0.0 67.609269224 0.0
57853.5311806 67.2026681613 0.0 67.2650771798 0.0
57853.53125 67.2641798285 0.0 67.3072864852 0.0
57853.5313079 67.344428656 0.0 67.3681256307 0.0
57853.5314236 67.4138171297 0.0 67.4818062444 0.0
57853.5315394 67.2939849689 0.0 67.2210713616 0.0
57853.5316667 67.4902251589 0.0 67.4395474555 0.0
57853.5317824 67.3015240318 0.0 67.4724574252 0.0
57853.5318981 67.3212335671 0.0 67.4097195662 0.0
57853.5319444 67.2591267041 0.0 67.3254677444 0.0
57853.5320255 67.1865210291 0.0 67.2308500244 0.0
57853.5321412 67.1505263196 0.0 67.1756819169 0.0
57853.5322569 67.1379429384 0.0 67.1073218062 0.0
57853.5323727 67.4541768017 0.0 67.2718343737 0.0
57853.5325 67.4325098302 0.0 67.3270857011 0.0
57853.5326157 67.2368229767 0.0 67.0612633865 0.0
57853.5326389 67.1160964225 0.0 67.0769303561 0.0
57853.5327315 67.0229792981 0.0 67.1197182578 0.0
57853.5328588 67.0864162182 0.0 67.0804609704 0.0
57853.5329745 67.1539014801 0.0 67.1393567217 0.0
57853.5330903 67.4703402911 0.0 67.448783992 0.0
57853.5332176 67.1515129614 0.0 67.1527118365 0.0
57853.5333333 67.3222938483 0.0 67.1832130223 0.0
57853.5334491 67.1300898778 0.0 67.1509477148 0.0
57853.5335764 67.4187940118 0.0 67.4690995568 0.0
57853.5336921 67.1413911086 0.0 67.4556762845 0.0
57853.5338079 67.270074632 0.0 67.2634832952 0.0
57853.5339352 68.7774424139 0.0 68.8561799187 0.0
57853.5340278 68.1325909459 0.0 67.988360695 0.0
57853.5340509 67.4839414898 0.0 67.1311770789 0.0
57853.5341667 67.2694228829 0.0 67.5636470522 0.0
57853.534294 67.2350031531 0.0 67.3103271794 0.0
57853.5344097 67.1954334758 0.0 67.349803927 0.0
57853.5345255 67.2233013471 0.0 67.1920313653 0.0
57853.5346528 67.3531018736 0.0 67.9174145047 0.0
57853.5347222 67.3630360138 0.0 67.5727335099 0.0
57853.5347685 67.3703556915 0.0 67.2303824993 0.0
57853.5348843 68.2934080421 0.0 68.0803946155 0.0
57853.5350116 67.8441984624 0.0 67.8078162235 0.0
57853.5351273 67.1918769049 0.0 67.107782574 0.0
57853.5352431 68.2417348768 0.0 67.6882652607 0.0
57853.5353704 67.0530992423 0.0 67.2334868871 0.0
57853.5354167 67.3802880077 0.0 67.2436177641 0.0
57853.5375116 66.9716812765 0.0 67.0341143374 0.0
57853.5376389 66.8418813096 0.0 67.1340799743 0.0
57853.5377546 66.7128725435 0.0 66.7305773465 0.0
57853.5378704 66.6372496881 0.0 66.6697572442 0.0
57853.5379977 66.6540141102 0.0 66.7819837756 0.0
57853.5381134 66.6489036969 0.0 66.6557454613 0.0
57853.5381944 66.6060509564 0.0 66.6373619901 0.0
57853.5382292 66.5971929964 0.0 66.6529596342 0.0
57853.5383565 66.6809554296 0.0 66.6343551556 0.0
57853.5384722 66.7182716803 0.0 66.7591431116 0.0
57853.538588 66.8236988201 0.0 66.7226214188 0.0
57853.5387153 66.7123307193 0.0 66.6663002498 0.0
57853.538831 66.9334295924 0.0 66.8742943813 0.0
57853.5388889 66.8765322142 0.0 66.9101304662 0.0
57853.5389468 66.7751432945 0.0 66.9012127618 0.0
57853.5390741 66.7550483409 0.0 66.7494842227 0.0
57853.5391898 66.7624099925 0.0 66.8298349616 0.0
57853.5393056 66.7432943448 0.0 66.8095046532 0.0
57853.5394329 66.8067283588 0.0 66.6626968701 0.0
57853.5395486 66.6074937451 0.0 66.6861776382 0.0
57853.5395833 66.53926788 0.0 66.6513040608 0.0
57853.5396644 66.523170159 0.0 66.6685756185 0.0
57853.5397917 66.7491844819 0.0 66.7089476157 0.0
57853.5399074 66.6416533483 0.0 66.8846339079 0.0
57853.5400231 66.637846889 0.0 66.6538550948 0.0
57853.5401505 66.9502761234 0.0 67.1013612604 0.0
57853.5402662 67.1681950331 0.0 67.2884039638 0.0
57853.5402778 66.9564171906 0.0 67.0441808511 0.0
57853.5403819 66.7002327582 0.0 66.7562040637 0.0
57853.5405093 66.8120781671 0.0 66.7205722098 0.0
57853.540625 66.6615357309 0.0 66.6151279966 0.0
57853.5407407 66.6121638517 0.0 66.6026326507 0.0
57853.5408681 66.829517655 0.0 66.6336972785 0.0
57853.5409722 67.1188702751 0.0 66.8101020131 0.0
57853.5409838 67.434798539 0.0 67.0103861204 0.0
57853.5410995 66.5475713757 0.0 66.7193641756 0.0
57853.5412153 66.8864882992 0.0 66.8612461819 0.0
57853.5413426 66.5206719148 0.0 66.5779110742 0.0
57853.5414583 66.6077176534 0.0 66.505472023 0.0
57853.5415741 66.608568045 0.0 66.732701294 0.0
57853.5416667 66.7085491373 0.0 66.7918482751 0.0
57853.5417014 66.8050306713 0.0 66.8471920951 0.0
57853.5418171 66.7387588662 0.0 66.7778898064 0.0
57853.5419329 67.0786694561 0.0 66.7165237329 0.0
57853.5420602 66.873102732 0.0 66.861561805 0.0
57853.5421759 66.6667930607 0.0 66.5422131883 0.0
57853.5422917 66.6899653546 0.0 66.7245735843 0.0
57853.5423611 66.6541610929 0.0 66.6909157682 0.0
57853.542419 66.6375908403 0.0 66.676497336 0.0
57853.5425347 66.7781679293 0.0 67.1379031323 0.0
57853.5426505 66.7109412166 0.0 67.1156447857 0.0
57853.5427778 66.5656858824 0.0 66.5265247552 0.0
57853.5428935 66.803136356 0.0 67.1648366186 0.0
57853.5430093 66.9065647003 0.0 66.9386612355 0.0
57853.5430556 66.7999787799 0.0 66.7973593864 0.0
57853.5431366 66.6771332467 0.0 66.6402148031 0.0
57853.5432523 66.6713085892 0.0 66.7283156613 0.0
57853.5433681 66.5943866478 0.0 66.5905346877 0.0
57853.5434954 66.6413212504 0.0 66.5589691777 0.0
57853.5436111 66.5577187935 0.0 66.6545842459 0.0
57853.5437269 66.6202285721 0.0 66.6378898826 0.0
57853.54375 66.6046665482 0.0 66.6538394093 0.0
57853.5438542 66.5960432233 0.0 66.6767461939 0.0
57853.5439699 66.7009140267 0.0 67.0975940403 0.0
57853.5440856 66.8886345727 0.0 67.2161457464 0.0
57853.544213 66.5664290615 0.0 66.6802381369 0.0
57853.5443287 66.826612012 0.0 66.8280732028 0.0
57853.5444444 66.5780069017 0.0 66.7189546156 0.0
57853.5528125 66.1705629113 0.0 66.0632732083 0.0
57853.5529282 66.2164120215 0.0 66.0395008461 0.0
57853.5530556 66.0436280272 0.0 65.9973834178 0.0
57853.5531713 66.3346010239 0.0 66.1723994578 0.0
57853.553287 66.0626282402 0.0 66.1535609926 0.0
57853.5534144 66.0663986683 0.0 65.989029861 0.0
57853.5534722 66.0455787317 0.0 65.9895492256 0.0
57853.5535301 66.0014465978 0.0 65.9667411958 0.0
57853.5536458 65.97230525 0.0 66.0713167797 0.0
57853.5537731 65.9182576605 0.0 65.9625460546 0.0
57853.5538889 65.993893172 0.0 65.9605753841 0.0
57853.5540046 65.8840689848 0.0 66.0530932811 0.0
57853.5541319 66.0362171766 0.0 66.0512042055 0.0
57853.5541667 65.9953512681 0.0 66.024612638 0.0
57853.5542477 65.9763532487 0.0 66.019874856 0.0
57853.5543634 65.9264554636 0.0 65.9875205247 0.0
57853.5544907 65.8567538754 0.0 66.0038775073 0.0
57853.5546065 66.3281732373 0.0 66.449189047 0.0
57853.5547222 66.1777085656 0.0 66.2027821923 0.0
57853.554838 66.297082417 0.0 66.314961992 0.0
57853.5548611 66.2400655872 0.0 66.3302578391 0.0
57853.5549653 66.1544093995 0.0 66.3166900561 0.0
57853.555081 66.2473912543 0.0 66.4309309885 0.0
57853.5551968 66.2856372075 0.0 66.253823135 0.0
57853.5553241 66.2754490969 0.0 65.989198654 0.0
57853.5554398 66.1566088384 0.0 66.1589032028 0.0
57853.5555556 65.8953754068 0.0 65.7721648572 0.0
57853.5556829 65.9959874992 0.0 65.7855982948 0.0
57853.5557986 65.787058355 0.0 65.8919943165 0.0
57853.5559144 65.9355805086 0.0 65.819331408 0.0
57853.5560417 65.8030225066 0.0 65.9774244875 0.0
57853.5561574 66.0164500787 0.0 65.9388845599 0.0
57853.55625 65.9564822667 0.0 65.9919409095 0.0
57853.5562731 65.8787154929 0.0 66.0270163191 0.0
57853.5564005 65.9519959061 0.0 65.8995053472 0.0
57853.5565162 65.9198083204 0.0 65.9158554826 0.0
57853.5566319 65.8953189764 0.0 66.0991112724 0.0
57853.5567593 65.8350047847 0.0 65.8140218267 0.0
57853.556875 65.8540465651 0.0 65.8669165439 0.0
57853.5569444 65.9253959108 0.0 66.0052617221 0.0
57853.5569907 65.9855059236 0.0 66.1329955998 0.0
57853.5571181 66.0171633592 0.0 66.0522353747 0.0
57853.5572338 65.7945641752 0.0 65.959350535 0.0
57853.5573495 65.9703369402 0.0 65.9682786876 0.0
57853.5574769 65.7877206095 0.0 65.7714197961 0.0
57853.5575926 65.801604874 0.0 65.8147021797 0.0
57853.5576389 65.8529533582 0.0 65.8078046131 0.0
57853.5577083 65.9100307692 0.0 65.8064587104 0.0
57853.5578356 66.0962354072 0.0 65.9867702043 0.0
57853.5579514 65.7604816436 0.0 65.7392745549 0.0
57853.5580671 66.0633045646 0.0 66.1258892946 0.0
57853.5581944 65.8447961194 0.0 65.8045236591 0.0
57853.5583102 65.7878074722 0.0 65.7828001304 0.0
57853.5583333 65.8690843264 0.0 65.7720499148 0.0
57853.5584259 65.9852018334 0.0 65.7956956571 0.0
57853.5585532 65.8561599093 0.0 65.8798197022 0.0
57853.558669 66.0430701361 0.0 65.8462459522 0.0
57853.5587847 65.8543350206 0.0 65.7506892207 0.0
57853.558912 65.9202368852 0.0 65.9882763754 0.0
57853.5590278 65.8713411659 0.0 65.8275148019 0.0
57853.5591435 66.0016872284 0.0 65.9438780403 0.0
57853.5592593 65.9853870111 0.0 66.037988022 0.0
57853.5593866 65.9802421866 0.0 65.9556907097 0.0
57853.5595023 65.8962560924 0.0 65.9162050637 0.0
57853.5596181 66.2098999244 0.0 66.2629957744 0.0
57853.5597222 65.9465762644 0.0 65.9743013983 0.0
57853.5618981 65.9942684557 0.0 66.3446520904 0.0
57853.5620139 65.6920941134 0.0 65.8430551007 0.0
57853.5621296 65.9040878322 0.0 66.3695169411 0.0
57853.5622569 65.989170263 0.0 66.5709631897 0.0
57853.5623727 66.4894648046 0.0 66.6963202433 0.0
57853.5624884 65.8187708105 0.0 66.0345009067 0.0
57853.5625 65.7489362728 0.0 65.9930611049 0.0
57853.5626157 65.7308688289 0.0 66.0034924 0.0
57853.5627315 65.5969668354 0.0 65.7464683614 0.0
57853.5628472 65.7355652368 0.0 65.826051788 0.0
57853.5629745 65.8968238537 0.0 65.8467832168 0.0
57853.5630903 65.7334950387 0.0 65.7329270001 0.0
57853.5631944 65.8520122851 0.0 65.8424729183 0.0
57853.563206 65.9102906229 0.0 65.8917206332 0.0
57853.5633333 66.1472379242 0.0 66.081907017 0.0
57853.5634491 65.6671955317 0.0 65.7243915301 0.0
57853.5635648 65.7777758745 0.0 65.9814061005 0.0
57853.5636806 65.8261933732 0.0 65.7796903839 0.0
57853.5638079 65.6599061605 0.0 65.7721711288 0.0
57853.5638889 65.7934924974 0.0 65.8090552508 0.0
57853.5639236 65.9522293331 0.0 65.8701295885 0.0
57853.5640394 66.2924989648 0.0 66.4715763767 0.0
57853.5641667 65.7149875067 0.0 65.6173331674 0.0
57853.5642824 65.858343063 0.0 66.8479280307 0.0
57853.5643981 66.2495730326 0.0 65.8111552702 0.0
57853.5645255 65.550933975 0.0 65.6244113726 0.0
57853.5645833 65.5356119144 0.0 65.6763280109 0.0
57853.5646412 65.5342196795 0.0 65.7423525743 0.0
57853.5647569 65.6941958015 0.0 65.7091198998 0.0
57853.5648843 65.5425971716 0.0 65.97789038 0.0
57853.565 65.831605601 0.0 65.9628819943 0.0
57853.5651157 65.6421084975 0.0 65.6919129954 0.0
57853.5652431 66.1483092452 0.0 65.9076624301 0.0
57853.5652778 65.9209610215 0.0 65.8936898345 0.0
57853.5653588 65.6939978537 0.0 65.8776657677 0.0
57853.5654745 65.8702941773 0.0 65.5940008614 0.0
57853.5656019 66.0873398315 0.0 66.0088382416 0.0
57853.5657176 65.7734453408 0.0 65.8314860382 0.0
57853.5658333 65.6283358086 0.0 65.8541567405 0.0
57853.5659606 65.6127783667 0.0 65.6241267904 0.0
57853.5659722 65.6914240978 0.0 65.8098616318 0.0
57853.5660764 65.7487058276 0.0 65.9754176493 0.0
57853.5661921 65.7895086545 0.0 65.743903725 0.0
57853.5663194 65.7343165173 0.0 65.9286040653 0.0
57853.5664352 65.69712187 0.0 65.6595877081 0.0
57853.5665509 65.5443500158 0.0 65.5833987378 0.0
57853.5666667 65.6163382779 0.0 65.7043754327 0.0
57853.5666782 65.6868309405 0.0 65.8243338288 0.0
57853.566794 65.618864917 0.0 65.6712656342 0.0
57853.5669097 65.5740135496 0.0 65.7809836123 0.0
57853.567037 65.5746823248 0.0 65.6876959788 0.0
57853.5671528 65.653163115 0.0 65.8661878736 0.0
57853.5672685 66.4050251111 0.0 66.2060956182 0.0
57853.5673611 65.9982706819 0.0 65.9625627155 0.0
57853.5673958 65.614239293 0.0 65.7372323269 0.0
57853.5675116 65.5416599805 0.0 65.4273606147 0.0
57853.5676273 65.5353275875 0.0 65.7131120477 0.0
57853.5677546 65.4497691593 0.0 65.4522625507 0.0
57853.5678704 65.3845543611 0.0 65.4855812985 0.0
57853.5679861 65.47864235 0.0 65.3889027282 0.0
57853.5680556 65.4874313514 0.0 65.4046911773 0.0
57853.5681019 65.5102129671 0.0 65.4344652611 0.0
57853.5682292 65.4239375382 0.0 65.5811579495 0.0
57853.5683449 65.6593954282 0.0 65.6224989085 0.0
57853.5684606 65.4562253647 0.0 65.5719902779 0.0
57853.568588 65.449426216 0.0 65.4779255857 0.0
57853.5687037 65.4104381578 0.0 65.547937191 0.0
57853.56875 65.6771311493 0.0 65.8077385191 0.0
57853.5792245 65.3377704854 0.0 65.493355976 0.0
57853.5793403 65.4611386778 0.0 65.2985224259 0.0
57853.579456 65.5232564591 0.0 65.4537047156 0.0
57853.5795833 65.4161541441 0.0 65.4375785234 0.0
57853.5796991 65.4528560492 0.0 65.4670081491 0.0
57853.5798148 65.7754983105 0.0 65.3478771576 0.0
57853.5798611 65.6662301796 0.0 65.4936223689 0.0
57853.5799421 65.5535398205 0.0 65.6364029103 0.0
57853.5800579 65.5349207751 0.0 65.5134294172 0.0
57853.5801736 65.3388695571 0.0 65.4613616036 0.0
57853.5803009 65.6391158304 0.0 65.7669469719 0.0
57853.5804167 65.5894152817 0.0 65.7605900673 0.0
57853.5805324 65.4907072721 0.0 65.6327197364 0.0
57853.5805556 65.3900623413 0.0 65.4471505797 0.0
57853.5806597 65.3002660331 0.0 65.2734995768 0.0
57853.5807755 65.4728670978 0.0 65.5380833867 0.0
57853.5808912 65.3841063791 0.0 65.3983880229 0.0
57853.5810185 65.4260864029 0.0 65.4578892571 0.0
57853.5811343 65.5882478497 0.0 65.3997798161 0.0
57853.58125 65.5517963598 0.0 65.6299140484 0.0
57853.5813773 65.4176477336 0.0 65.3241163507 0.0
57853.5814931 65.3567374645 0.0 65.3637550635 0.0
57853.5816088 65.2638768769 0.0 65.2359951254 0.0
57853.5817245 65.2951499577 0.0 65.4790765818 0.0
57853.5818519 65.4085256828 0.0 65.3122332492 0.0
57853.5819444 65.2983406374 0.0 65.3342023828 0.0
57853.5819676 65.2066878549 0.0 65.3743561804 0.0
57853.5820833 65.3732361292 0.0 65.687521608 0.0
57853.5822106 65.7204778285 0.0 65.7129800496 0.0
57853.5823264 65.7940882451 0.0 65.4634525136 0.0
57853.5824421 65.307411976 0.0 65.5650388088 0.0
57853.5825694 65.1941240067 0.0 65.323786709 0.0
57853.5826389 65.2813975034 0.0 65.3270291457 0.0
57853.5826852 65.3441751727 0.0 65.30544377 0.0
57853.5828009 65.1808600204 0.0 65.1932312361 0.0
57853.5829282 65.3942942618 0.0 65.3735975758 0.0
57853.583044 65.4805499901 0.0 65.4147122213 0.0
57853.5831597 65.2341716741 0.0 65.3135952923 0.0
57853.583287 65.5556312455 0.0 65.5465008677 0.0
57853.5833333 65.3767701099 0.0 65.4229274108 0.0
57853.5834028 65.2446617203 0.0 65.3454979168 0.0
57853.5835185 65.0481042537 0.0 65.0737363919 0.0
57853.5836458 65.614271664 0.0 65.3743539853 0.0
57853.5837616 65.3000518989 0.0 65.1906148307 0.0
57853.5838773 65.1831100056 0.0 65.2608169348 0.0
57853.5840046 65.2300562701 0.0 65.2184545432 0.0
57853.5840278 65.3308269349 0.0 65.2750444121 0.0
57853.5841204 65.3855252254 0.0 65.2853692109 0.0
57853.5842361 65.2324710938 0.0 65.2065378624 0.0
57853.5843634 65.2826184677 0.0 65.2578746589 0.0
57853.5844792 65.1947763628 0.0 65.1652639909 0.0
57853.5845949 65.0704099956 0.0 65.0207407525 0.0
57853.5847222 65.2062225328 0.0 65.1419282797 0.0
57853.584838 65.1441697238 0.0 65.0553242095 0.0
57853.5849537 65.1975410503 0.0 65.0529004273 0.0
57853.585081 65.1321653256 0.0 65.0881955427 0.0
57853.5851968 65.1441449173 0.0 65.3882858699 0.0
57853.5853125 65.2669577658 0.0 65.301318976 0.0
57853.5854167 65.2284584901 0.0 65.2821371357 0.0
57853.5854398 65.1641145263 0.0 65.237006806 0.0
57853.5855556 65.3002570516 0.0 65.6241278342 0.0
57853.5856713 65.2045212313 0.0 65.1285431742 0.0
57853.5857986 65.1484598897 0.0 65.1431458252 0.0
57853.5859144 65.271366203 0.0 65.2552609603 0.0
57853.5860301 65.1888806009 0.0 65.2061069609 0.0
57853.5861111 65.2452814462 0.0 65.1819696619 0.0
57853.5882986 64.9494093661 0.0 65.0340012763 0.0
57853.5884259 65.0961406229 0.0 65.1521460122 0.0
57853.5885417 64.989302135 0.0 65.0929204753 0.0
57853.5886574 65.029555173 0.0 65.1879156209 0.0
57853.5887847 64.9545809393 0.0 65.1627359079 0.0
57853.5888889 64.9373894378 0.0 65.063554076 0.0
57853.5889005 64.9216651974 0.0 64.9662504921 0.0
57853.5890162 64.9182108965 0.0 64.9784723659 0.0
57853.5891435 65.0048346587 0.0 65.1959010598 0.0
57853.5892593 65.1894791665 0.0 65.1487948162 0.0
57853.589375 65.1881769648 0.0 65.3760672494 0.0
57853.5895023 64.9800037781 0.0 65.039977952 0.0
57853.5895833 64.9572393194 0.0 64.9758755308 0.0
57853.5896181 64.9443812581 0.0 64.9218308044 0.0
57853.5897338 64.9278821078 0.0 64.9141316125 0.0
57853.5898611 64.9971753386 0.0 64.9007268912 0.0
57853.5899769 64.8810608267 0.0 64.9343778364 0.0
57853.5900926 64.9267943379 0.0 64.935948326 0.0
57853.5902199 64.9878262754 0.0 64.9542181001 0.0
57853.5902778 65.0154188943 0.0 64.996523584 0.0
57853.5903356 65.0282518756 0.0 65.0241128967 0.0
57853.5904514 64.9633766056 0.0 64.9800562557 0.0
57853.5905671 65.0920375238 0.0 65.144741576 0.0
57853.5906944 64.8967221977 0.0 65.0796002523 0.0
57853.5908102 64.9076935039 0.0 64.9063125281 0.0
57853.5909259 64.9553583471 0.0 64.9631043285 0.0
57853.5909722 64.9927320629 0.0 64.9073175074 0.0
57853.5910532 65.0510767321 0.0 64.8724687599 0.0
57853.591169 64.9708735512 0.0 64.8986475976 0.0
57853.5912847 65.1094521556 0.0 65.0275272635 0.0
57853.591412 64.9103276297 0.0 64.9993056424 0.0
57853.5915278 65.0489823594 0.0 65.0581329581 0.0
57853.5916435 64.9570589005 0.0 65.0191207569 0.0
57853.5916667 65.0316209163 0.0 65.0075170884 0.0
57853.5917708 65.0895547842 0.0 64.9791216315 0.0
57853.5918866 64.989763894 0.0 64.9613345152 0.0
57853.5920023 64.9018566915 0.0 65.0030992338 0.0
57853.5921296 65.0488255236 0.0 65.0104973985 0.0
57853.5922454 65.0783420194 0.0 65.0497966254 0.0
57853.5923611 65.052964967 0.0 65.1933761359 0.0
57853.5924884 64.9768397816 0.0 65.0083627082 0.0
57853.5926042 64.9445111922 0.0 64.8979643903 0.0
57853.5927199 64.8683007871 0.0 64.9720571708 0.0
57853.5928472 65.0220023684 0.0 65.1949343661 0.0
57853.592963 64.9855549488 0.0 65.044336948 0.0
57853.5930556 64.9301626827 0.0 65.0238994524 0.0
57853.5930787 64.875660513 0.0 65.0042426615 0.0
57853.593206 64.9313766757 0.0 65.0440976031 0.0
57853.5933218 64.9519022662 0.0 64.859113446 0.0
57853.5934375 64.8668661953 0.0 64.9717012014 0.0
57853.5935648 65.0893495051 0.0 64.9973906322 0.0
57853.5936806 64.978854222 0.0 64.9650966366 0.0
57853.59375 65.1207476155 0.0 65.1227473852 0.0
57853.5937963 65.2807816666 0.0 65.2987677296 0.0
57853.5939236 64.9222168137 0.0 65.0937251661 0.0
57853.5940394 65.0152888788 0.0 65.0759990473 0.0
57853.5941551 65.084034732 0.0 65.169128604 0.0
57853.5942824 65.1654397591 0.0 65.0016325949 0.0
57853.5943981 65.1588441733 0.0 65.0138082795 0.0
57853.5944444 65.1836511865 0.0 65.2030426054 0.0
57853.5945139 65.1907045674 0.0 65.3759799315 0.0
57853.5946412 64.9697590653 0.0 65.1177582615 0.0
57853.5947569 64.9680052718 0.0 64.9666158654 0.0
57853.5948727 65.0961367133 0.0 65.0974157168 0.0
57853.5949884 65.1542201933 0.0 65.2967748668 0.0
57853.5951157 65.2071632568 0.0 64.9799255463 0.0
57853.5951389 65.2087711892 0.0 64.9325702556 0.0
57853.6034838 64.7080447626 0.0 64.8645246726 0.0
57853.6035995 64.6165788169 0.0 64.5979267392 0.0
57853.6037153 64.5720693644 0.0 64.6940638776 0.0
57853.603831 64.8693167299 0.0 64.7840935493 0.0
57853.6039583 65.1621846626 0.0 65.0272502648 0.0
57853.6040741 65.2177333553 0.0 64.9254484852 0.0
57853.6041667 65.0076818999 0.0 64.9328010177 0.0
57853.6041898 64.7977029531 0.0 64.9382100385 0.0
57853.6043171 65.4585005022 0.0 65.2081985796 0.0
57853.6044329 64.6664478149 0.0 64.8344188838 0.0
57853.6045486 64.6029363342 0.0 64.6033758406 0.0
57853.6046759 64.6389478101 0.0 64.7382693621 0.0
57853.6047917 64.5692510643 0.0 64.7161980265 0.0
57853.6048611 64.6117655772 0.0 64.6917763475 0.0
57853.6049074 64.6559811309 0.0 64.668989972 0.0
57853.6050347 64.7652608888 0.0 65.0521278438 0.0
57853.6051505 64.7977385408 0.0 64.6705323235 0.0
57853.6052662 64.7354215944 0.0 64.6668286914 0.0
57853.6053935 64.6073812656 0.0 64.6531536122 0.0
57853.6055093 64.7309055707 0.0 64.6150399443 0.0
57853.6055556 64.7630605592 0.0 64.7563786511 0.0
57853.605625 64.8096413198 0.0 64.9130553279 0.0
57853.6057523 64.6682159101 0.0 64.6043759354 0.0
57853.6058681 64.933315486 0.0 64.7728247416 0.0
57853.6059838 64.7208979233 0.0 64.7199946771 0.0
57853.6061111 64.7064807342 0.0 64.7753441442 0.0
57853.6062269 64.6792777634 0.0 64.7489084387 0.0
57853.60625 64.6878902964 0.0 64.7404085946 0.0
57853.6063426 64.6666223797 0.0 64.7020260038 0.0
57853.6064699 64.7496130181 0.0 64.787926244 0.0
57853.6065856 64.8785930103 0.0 64.8282591082 0.0
57853.6067014 64.6517272314 0.0 64.7010812506 0.0
57853.6068287 64.5565891834 0.0 64.6237105481 0.0
57853.6069444 64.9123673039 0.0 64.8479075067 0.0
57853.6070602 64.6331511919 0.0 64.7683345625 0.0
57853.6071875 64.6873530221 0.0 64.8188218884 0.0
57853.6073032 64.8604820287 0.0 64.6240566043 0.0
57853.607419 64.6241069416 0.0 64.7756178049 0.0
57853.6075463 64.9460768176 0.0 65.1049591352 0.0
57853.6076389 64.8299945087 0.0 64.8658891483 0.0
57853.607662 64.6958199268 0.0 64.6108174766 0.0
57853.6077778 64.8066215753 0.0 64.7024352015 0.0
57853.6079051 64.7010299068 0.0 64.571720389 0.0
57853.6080208 64.8271819378 0.0 64.7388302412 0.0
57853.6081366 64.9586479462 0.0 65.0732795086 0.0
57853.6082639 64.8731058144 0.0 64.8433514017 0.0
57853.6083333 64.8051792143 0.0 64.9356174684 0.0
57853.6083796 64.7477341534 0.0 65.0386842502 0.0
57853.6084954 64.7080216743 0.0 64.8404284532 0.0
57853.6086111 64.7197649872 0.0 64.7768781665 0.0
57853.6087384 64.5764297867 0.0 64.5383619408 0.0
57853.6088542 64.8005321429 0.0 64.7066592864 0.0
57853.6089699 64.7298445773 0.0 64.6172088688 0.0
57853.6090278 64.7322032763 0.0 64.6280359906 0.0
57853.6090972 64.7237792392 0.0 64.6281009391 0.0
57853.609213 64.7477195197 0.0 64.6076714021 0.0
57853.6093287 64.7400930104 0.0 64.6908878437 0.0
57853.609456 64.5927128011 0.0 64.5351466102 0.0
57853.6095718 64.5577393192 0.0 64.5281621232 0.0
57853.6096875 64.7122118692 0.0 64.7296781083 0.0
57853.6097222 64.6081479923 0.0 64.723260023 0.0
57853.6098148 64.5193438668 0.0 64.7317122591 0.0
57853.6099306 64.6652018709 0.0 64.6410592658 0.0
57853.6100463 64.6247468854 0.0 64.7081297443 0.0
57853.6101736 64.6626462264 0.0 64.6326149711 0.0
57853.6102894 64.5001592866 0.0 64.5432230602 0.0
57853.6104051 64.5358570331 0.0 64.5264462139 0.0
57853.6104167 64.76728428 0.0 64.5900083449 0.0
57853.6125579 64.9927924081 0.0 64.7505300828 0.0
57853.6126852 64.9577899793 0.0 64.700820358 0.0
57853.6128009 64.8682726146 0.0 64.6767367451 0.0
57853.6129167 64.7624889268 0.0 64.671980664 0.0
57853.6130324 64.7803981849 0.0 64.7754104348 0.0
57853.6131597 64.6460647681 0.0 64.9051205145 0.0
57853.6131944 64.7477355048 0.0 64.8349021978 0.0
57853.6132755 64.8359080603 0.0 64.751035984 0.0
57853.6133912 64.8303159409 0.0 64.7017730824 0.0
57853.6135185 64.7166197974 0.0 64.6475872404 0.0
57853.6136343 64.6126691524 0.0 64.6878549575 0.0
57853.61375 64.6849725748 0.0 64.6260316978 0.0
57853.6138773 64.8405182583 0.0 64.837044982 0.0
57853.6138889 64.7618786942 0.0 64.8900854831 0.0
57853.6139931 64.6582122162 0.0 64.917891178 0.0
57853.6141088 64.7591297193 0.0 64.7519042809 0.0
57853.6142361 64.5984970413 0.0 64.5610293985 0.0
57853.6143519 64.486573525 0.0 64.7186308415 0.0
57853.6144676 64.7389056287 0.0 64.6128351491 0.0
57853.6145833 64.5521646887 0.0 64.5494514926 0.0
57853.6145949 64.4177440928 0.0 64.5372998428 0.0
57853.6147106 65.4975189759 0.0 65.4755004334 0.0
57853.6148264 64.5266527413 0.0 64.6298362833 0.0
57853.6149537 65.3318610021 0.0 65.1814975894 0.0
57853.6150694 64.5139157547 0.0 64.5685043268 0.0
57853.6151852 64.9652926415 0.0 64.8913766459 0.0
57853.6152778 64.8428433137 0.0 64.7653625868 0.0
57853.6153125 64.6996257408 0.0 64.6186530036 0.0
57853.6154282 64.8205340691 0.0 64.7246420384 0.0
57853.615544 64.8581141724 0.0 64.9271830515 0.0
57853.6156713 64.9857716043 0.0 64.6012376429 0.0
57853.615787 64.615040308 0.0 64.6778610191 0.0
57853.6159028 64.8814424007 0.0 64.9159258503 0.0
57853.6159722 64.9201628156 0.0 64.8668275546 0.0
