57853.1395949 156.411968299 0.0 155.155626923 0.0
57853.1659838 143.411723148 0.0 141.868431399 0.0
57853.1715394 141.431244675 0.0 140.099052556 0.0
57853.1923727 133.371940662 0.0 131.752446805 0.0
57853.1979282 131.48920051 0.0 129.617372611 0.0
57853.2201505 127.64949082 0.0 125.744167624 0.0
57853.225706 125.124088561 0.0 122.939406934 0.0
57853.2465394 121.591938326 0.0 119.606630426 0.0
57853.2520949 117.780817858 0.0 115.473679553 0.0
57853.2840394 114.522047486 0.0 112.155090774 0.0
57853.2895949 115.03426828 0.0 112.413553779 0.0
57853.3090394 111.63475795 0.0 108.931336024 0.0
57853.3305671 110.949743836 0.0 108.499017813 0.0
57853.3361227 111.537952555 0.0 109.098188335 0.0
57853.363206 110.595396829 0.0 108.39427327 0.0
