57852.9777894 38.2932736307 0.0 39.5288569313 0.0
57852.9840394 38.6495949031 0.0 39.8834019311 0.0
57852.9993171 39.6321613309 0.0 40.8709642322 0.0
57853.0083449 40.3329239637 0.0 41.5806278746 0.0
57853.0159838 41.1769266645 0.0 42.4249946245 0.0
57853.031956 43.2132893234 0.0 44.5821358155 0.0
57853.0395949 43.8874639444 0.0 45.2776659403 0.0
57853.0472338 46.2295700344 0.0 47.6066966751 0.0
57853.0652894 51.2745983834 0.0 52.6620909396 0.0
57853.0729282 54.1176583142 0.0 55.7112565398 0.0
57853.119456 37.8559224712 0.0 39.0839999887 0.0
57853.1458449 38.5770524584 0.0 39.7828752776 0.0
