57847.9382755 10.6049045257 0.0 10.6049045257 0.0
57847.9383102 10.9225912676 0.0 10.9225912676 0.0
57847.9383565 9.5311594258 0.0 9.5311594258 0.0
57847.9384144 8.7993181554 0.0 8.7993181554 0.0
57847.9384838 8.86853990237 0.0 8.86853990237 0.0
57847.9385301 8.82694737721 0.0 8.82694737721 0.0
57847.9385648 9.00671971364 0.0 9.00671971364 0.0
57847.9386227 9.19026659026 0.0 9.19026659026 0.0
57847.9386921 10.6343782141 0.0 10.6343782141 0.0
57847.9387384 13.5184318617 0.0 13.5184318617 0.0
57847.9387847 12.1739475931 0.0 12.1739475931 0.0
57847.938831 11.7618876036 0.0 11.7618876036 0.0
57847.9389005 10.918104231 0.0 10.918104231 0.0
57847.9389468 9.63607804036 0.0 9.63607804036 0.0
57847.9389931 9.36712335779 0.0 9.36712335779 0.0
57847.9390394 9.82506997431 0.0 9.82506997431 0.0
57847.9391088 10.6592682676 0.0 10.6592682676 0.0
57847.9391551 10.2255073224 0.0 10.2255073224 0.0
57847.9392014 8.89988763974 0.0 8.89988763974 0.0
57847.9392477 8.65268744379 0.0 8.65268744379 0.0
57847.9393171 8.53223300198 0.0 8.53223300198 0.0
57847.9393634 8.33894477737 0.0 8.33894477737 0.0
57847.9394213 9.04328480144 0.0 9.04328480144 0.0
57847.939456 11.5820550853 0.0 11.5820550853 0.0
57847.9395255 10.2672781203 0.0 10.2672781203 0.0
57847.9395718 10.2085748271 0.0 10.2085748271 0.0
57847.9396296 11.1503363178 0.0 11.1503363178 0.0
57847.9396759 11.2136523934 0.0 11.2136523934 0.0
57847.9397454 10.3764155661 0.0 10.3764155661 0.0
57847.9397917 8.50017646876 0.0 8.50017646876 0.0
57847.939838 10.3516665325 0.0 10.3516665325 0.0
57847.9398843 11.7417204872 0.0 11.7417204872 0.0
57847.9399537 11.3239127513 0.0 11.3239127513 0.0
57847.94 9.21042887166 0.0 9.21042887166 0.0
57847.9400463 8.9508658799 0.0 8.9508658799 0.0
57847.9400926 8.41742240831 0.0 8.41742240831 0.0
57847.940162 8.5617755168 0.0 8.5617755168 0.0
57847.9402083 8.976357836 0.0 8.976357836 0.0
57847.9402546 9.9890439983 0.0 9.9890439983 0.0
57847.9403009 11.9237577969 0.0 11.9237577969 0.0
57847.9403704 13.1737238471 0.0 13.1737238471 0.0
57847.9404167 10.2529507948 0.0 10.2529507948 0.0
57847.940463 10.8466584716 0.0 10.8466584716 0.0
57847.9405093 9.85794096148 0.0 9.85794096148 0.0
57847.9405787 8.75202833633 0.0 8.75202833633 0.0
57847.9406366 11.3709718142 0.0 11.3709718142 0.0
57847.9406829 13.8054337129 0.0 13.8054337129 0.0
57847.9407176 14.3925327861 0.0 14.3925327861 0.0
57847.940787 11.5874501078 0.0 11.5874501078 0.0
57847.9408449 10.4170053278 0.0 10.4170053278 0.0
57847.9408912 10.4008653486 0.0 10.4008653486 0.0
57847.9409375 9.27965516601 0.0 9.27965516601 0.0
57847.9410069 9.3063956503 0.0 9.3063956503 0.0
57847.9410532 11.89071066 0.0 11.89071066 0.0
57847.9410995 11.3621740877 0.0 11.3621740877 0.0
57847.9411458 10.1144451158 0.0 10.1144451158 0.0
57847.9412153 9.42098720942 0.0 9.42098720942 0.0
57847.9412616 11.1279827462 0.0 11.1279827462 0.0
57847.9413079 11.1953115187 0.0 11.1953115187 0.0
57847.9413542 9.19494426302 0.0 9.19494426302 0.0
57847.9414236 11.1551333475 0.0 11.1551333475 0.0
57847.9414699 13.8644148813 0.0 13.8644148813 0.0
57847.9415162 10.8566108892 0.0 10.8566108892 0.0
57847.9415741 10.2400683591 0.0 10.2400683591 0.0
57847.9416435 9.47106118658 0.0 9.47106118658 0.0
57847.9416782 9.18672955953 0.0 9.18672955953 0.0
57847.9417245 9.2297345574 0.0 9.2297345574 0.0
57847.9417824 9.80673238138 0.0 9.80673238138 0.0
57847.9418519 9.0726512112 0.0 9.0726512112 0.0
57847.9418981 9.30886674091 0.0 9.30886674091 0.0
57847.9419329 10.4588718321 0.0 10.4588718321 0.0
57847.9419907 11.0959902668 0.0 11.0959902668 0.0
57847.9420602 8.99883325771 0.0 8.99883325771 0.0
57847.9421065 8.83034540661 0.0 8.83034540661 0.0
57847.9421528 8.90370709312 0.0 8.90370709312 0.0
57847.9421991 9.02202859672 0.0 9.02202859672 0.0
57847.9422685 8.60284836551 0.0 8.60284836551 0.0
57847.9423148 9.30693289973 0.0 9.30693289973 0.0
57847.9423611 9.4359949131 0.0 9.4359949131 0.0
57847.9424074 9.62351287213 0.0 9.62351287213 0.0
57847.9424769 9.52087180882 0.0 9.52087180882 0.0
57847.9425231 9.52181705348 0.0 9.52181705348 0.0
57847.9425694 9.57209485954 0.0 9.57209485954 0.0
57847.9426157 9.03631562087 0.0 9.03631562087 0.0
57847.9426852 8.79283799464 0.0 8.79283799464 0.0
57847.9427315 8.83968325224 0.0 8.83968325224 0.0
57847.9427894 9.47269760945 0.0 9.47269760945 0.0
57847.9428241 9.86848519277 0.0 9.86848519277 0.0
57847.9429051 8.35661414689 0.0 8.35661414689 0.0
57847.9429398 10.0694091187 0.0 10.0694091187 0.0
57847.9429977 10.3883107385 0.0 10.3883107385 0.0
57847.943044 9.9357938787 0.0 9.9357938787 0.0
57847.9454861 130.572336274 0.0 130.572336274 0.0
57847.9455324 77.5592289802 0.0 77.5592289802 0.0
57847.9455787 71.351384009 0.0 71.351384009 0.0
57847.945625 85.8749090247 0.0 85.8749090247 0.0
57847.9456944 177.049210673 0.0 177.049210673 0.0
57847.9457407 9.4461103106 0.0 9.4461103106 0.0
57847.945787 12.4605778357 0.0 12.4605778357 0.0
57847.9458333 10.626476368 0.0 10.626476368 0.0
57847.9459144 10.2086727835 0.0 10.2086727835 0.0
57847.9459491 9.72363100904 0.0 9.72363100904 0.0
57847.9459954 10.0011499339 0.0 10.0011499339 0.0
57847.9460532 10.3178001531 0.0 10.3178001531 0.0
57847.9461227 9.293384744 0.0 9.293384744 0.0
57847.946169 8.56726327365 0.0 8.56726327365 0.0
57847.9462037 9.02036584624 0.0 9.02036584624 0.0
57847.9462616 9.503209984 0.0 9.503209984 0.0
57847.946331 9.12869103432 0.0 9.12869103432 0.0
57847.9463773 8.78470261307 0.0 8.78470261307 0.0
57847.9464236 9.35558656632 0.0 9.35558656632 0.0
57847.9464699 9.59874991861 0.0 9.59874991861 0.0
57847.9465394 8.90831072651 0.0 8.90831072651 0.0
57847.9465856 8.28396040551 0.0 8.28396040551 0.0
57847.9466319 8.84420714366 0.0 8.84420714366 0.0
57847.9466782 9.49394543907 0.0 9.49394543907 0.0
57847.9467477 9.10131858579 0.0 9.10131858579 0.0
57847.946794 8.45488024753 0.0 8.45488024753 0.0
57847.9468403 8.31552764411 0.0 8.31552764411 0.0
57847.9468866 8.46309636008 0.0 8.46309636008 0.0
57847.946956 8.30885070271 0.0 8.30885070271 0.0
57847.9470023 8.90976991847 0.0 8.90976991847 0.0
57847.9470602 8.94024608162 0.0 8.94024608162 0.0
57847.9470949 9.13170301751 0.0 9.13170301751 0.0
57847.9471644 9.64173220952 0.0 9.64173220952 0.0
57847.9472106 8.54371113744 0.0 8.54371113744 0.0
57847.9472685 8.55599205236 0.0 8.55599205236 0.0
57847.9473148 8.41076690915 0.0 8.41076690915 0.0
57847.9473843 8.44493931299 0.0 8.44493931299 0.0
57847.9474306 8.39624916257 0.0 8.39624916257 0.0
57847.9474769 8.2224084063 0.0 8.2224084063 0.0
57847.9475231 8.30680443973 0.0 8.30680443973 0.0
57847.9475926 8.3490718047 0.0 8.3490718047 0.0
57847.9476389 8.72828734632 0.0 8.72828734632 0.0
57847.9476852 9.12869103432 0.0 9.12869103432 0.0
57847.9477315 9.25229701209 0.0 9.25229701209 0.0
57847.9478009 8.49646985518 0.0 8.49646985518 0.0
57847.9478472 8.06653581161 0.0 8.06653581161 0.0
57847.9478935 8.56942238427 0.0 8.56942238427 0.0
57847.9479398 9.28757234158 0.0 9.28757234158 0.0
57847.9480093 9.35793780702 0.0 9.35793780702 0.0
57847.9480556 8.56592084951 0.0 8.56592084951 0.0
57847.9481019 8.37520149011 0.0 8.37520149011 0.0
57847.9481481 8.40713982279 0.0 8.40713982279 0.0
57847.9482176 8.65395863175 0.0 8.65395863175 0.0
57847.9482755 9.31080018044 0.0 9.31080018044 0.0
57847.9483218 9.47855474215 0.0 9.47855474215 0.0
57847.9483565 9.31020944985 0.0 9.31020944985 0.0
57847.9484259 8.1581860729 0.0 8.1581860729 0.0
57847.9484838 9.09367912344 0.0 9.09367912344 0.0
57847.9485301 8.86893454706 0.0 8.86893454706 0.0
57847.9485764 8.95377015564 0.0 8.95377015564 0.0
57847.9486458 8.26728492312 0.0 8.26728492312 0.0
57847.9486921 8.0124902496 0.0 8.0124902496 0.0
57847.9487384 8.10222191747 0.0 8.10222191747 0.0
57847.9487847 8.22933776193 0.0 8.22933776193 0.0
57847.9488542 8.13105159251 0.0 8.13105159251 0.0
57847.9489005 8.04885084966 0.0 8.04885084966 0.0
57847.9489468 8.12354602375 0.0 8.12354602375 0.0
57847.9489931 8.18144241561 0.0 8.18144241561 0.0
57847.9490625 8.05679837156 0.0 8.05679837156 0.0
57847.9491088 7.9908072183 0.0 7.9908072183 0.0
57847.9491551 8.13172798365 0.0 8.13172798365 0.0
57847.949213 8.24433138587 0.0 8.24433138587 0.0
57847.9492824 8.30560052013 0.0 8.30560052013 0.0
57847.9493171 8.38802718164 0.0 8.38802718164 0.0
57847.9493634 8.4851045957 0.0 8.4851045957 0.0
57847.9494213 8.2281225076 0.0 8.2281225076 0.0
57847.9494907 8.11122678761 0.0 8.11122678761 0.0
57847.949537 8.51909619619 0.0 8.51909619619 0.0
57847.9495718 8.32952579683 0.0 8.32952579683 0.0
57847.9496296 8.34571746466 0.0 8.34571746466 0.0
57847.9496991 8.09882707557 0.0 8.09882707557 0.0
57847.9497454 8.27502265858 0.0 8.27502265858 0.0
57847.9497917 8.58032633412 0.0 8.58032633412 0.0
57847.949838 8.93129329941 0.0 8.93129329941 0.0
57847.9499074 9.04190245468 0.0 9.04190245468 0.0
57847.9499537 8.86211035815 0.0 8.86211035815 0.0
57847.95 9.66260834351 0.0 9.66260834351 0.0
57847.9500463 9.21352267051 0.0 9.21352267051 0.0
57847.9501157 9.48588424977 0.0 9.48588424977 0.0
57847.950162 10.6107963886 0.0 10.6107963886 0.0
57847.9502083 9.86792784732 0.0 9.86792784732 0.0
57847.9502546 9.0256301719 0.0 9.0256301719 0.0
57847.9503241 8.33042615957 0.0 8.33042615957 0.0
57847.9503704 8.38749068554 0.0 8.38749068554 0.0
57847.9504282 8.54587619849 0.0 8.54587619849 0.0
57847.950463 8.47537609785 0.0 8.47537609785 0.0
57847.950544 8.23249658366 0.0 8.23249658366 0.0
57847.9505787 8.17153596333 0.0 8.17153596333 0.0
57847.9506366 1.32890932723 0.0 1.32890932723 0.0
57847.9506829 0.559464029228 0.0 0.559464029228 0.0
57847.953125 3.710390815 0.0 3.710390815 0.0
57847.9531713 8.40190454599 0.0 8.40190454599 0.0
57847.9532176 46.9475984476 0.0 46.9475984476 0.0
57847.9532639 48.4023036642 0.0 48.4023036642 0.0
57847.9533333 52.3603380432 0.0 52.3603380432 0.0
57847.9533796 8.68890096618 0.0 8.68890096618 0.0
57847.9534259 8.33414662698 0.0 8.33414662698 0.0
57847.9534722 8.00737160372 0.0 8.00737160372 0.0
57847.9535532 8.3762760222 0.0 8.3762760222 0.0
57847.953588 8.64447800622 0.0 8.64447800622 0.0
57847.9536343 8.30548011857 0.0 8.30548011857 0.0
57847.9536921 8.14358643351 0.0 8.14358643351 0.0
57847.9537616 8.20237770406 0.0 8.20237770406 0.0
57847.9538079 8.8870129965 0.0 8.8870129965 0.0
57847.9538426 9.14226448972 0.0 9.14226448972 0.0
57847.9539005 9.08971946762 0.0 9.08971946762 0.0
57847.9539699 8.2654098507 0.0 8.2654098507 0.0
57847.9540162 9.63862023321 0.0 9.63862023321 0.0
57847.9540625 9.57021420868 0.0 9.57021420868 0.0
57847.9541088 8.84567691022 0.0 8.84567691022 0.0
57847.9541782 8.55096485784 0.0 8.55096485784 0.0
57847.9542245 8.24469526423 0.0 8.24469526423 0.0
57847.9542708 8.3964873608 0.0 8.3964873608 0.0
57847.9543171 8.70947759627 0.0 8.70947759627 0.0
57847.9543866 8.30686463113 0.0 8.30686463113 0.0
57847.9544329 8.01947629213 0.0 8.01947629213 0.0
57847.9544792 8.09419545106 0.0 8.09419545106 0.0
57847.9545255 8.2028043985 0.0 8.2028043985 0.0
57847.9545949 8.1130142364 0.0 8.1130142364 0.0
57847.9546412 8.40184503547 0.0 8.40184503547 0.0
57847.9546991 9.10296654943 0.0 9.10296654943 0.0
57847.9547338 9.75223051409 0.0 9.75223051409 0.0
57847.9548032 8.56825536501 0.0 8.56825536501 0.0
57847.9548495 8.08665567463 0.0 8.08665567463 0.0
57847.9549074 8.21279489577 0.0 8.21279489577 0.0
57847.9549537 8.32081726755 0.0 8.32081726755 0.0
57847.9550231 8.77080384001 0.0 8.77080384001 0.0
57847.9550694 8.4951751012 0.0 8.4951751012 0.0
57847.9551157 8.5919729981 0.0 8.5919729981 0.0
57847.955162 8.28504677114 0.0 8.28504677114 0.0
57847.9552315 8.16186253254 0.0 8.16186253254 0.0
57847.9552778 8.43214089066 0.0 8.43214089066 0.0
57847.9553241 8.85257024824 0.0 8.85257024824 0.0
57847.9553704 9.42830843789 0.0 9.42830843789 0.0
57847.9554398 9.59525924611 0.0 9.59525924611 0.0
57847.9554861 8.30903123114 0.0 8.30903123114 0.0
57847.9555324 8.23966018717 0.0 8.23966018717 0.0
57847.9555787 8.43824626329 0.0 8.43824626329 0.0
57847.9556481 8.35775089363 0.0 8.35775089363 0.0
57847.9556944 8.00974406582 0.0 8.00974406582 0.0
57847.9557407 8.02352790236 0.0 8.02352790236 0.0
57847.955787 8.24038834036 0.0 8.24038834036 0.0
57847.9558565 8.50417544504 0.0 8.50417544504 0.0
57847.9559144 8.52695725332 0.0 8.52695725332 0.0
57847.9559606 8.83040202935 0.0 8.83040202935 0.0
57847.9559954 8.87254191312 0.0 8.87254191312 0.0
57847.9560648 8.87090750713 0.0 8.87090750713 0.0
57847.9561227 8.00768380994 0.0 8.00768380994 0.0
57847.956169 8.16688435084 0.0 8.16688435084 0.0
57847.9562153 8.02134652038 0.0 8.02134652038 0.0
57847.9562847 7.89366834875 0.0 7.89366834875 0.0
57847.956331 8.00106242945 0.0 8.00106242945 0.0
57847.9563773 7.97119815335 0.0 7.97119815335 0.0
57847.9564236 7.88098978555 0.0 7.88098978555 0.0
57847.9564931 7.87597612998 0.0 7.87597612998 0.0
57847.9565394 8.17911975704 0.0 8.17911975704 0.0
57847.9565856 8.29614368246 0.0 8.29614368246 0.0
57847.9566319 8.2335897396 0.0 8.2335897396 0.0
57847.9567014 8.07910886175 0.0 8.07910886175 0.0
57847.9567477 7.99431047683 0.0 7.99431047683 0.0
57847.956794 7.96711993132 0.0 7.96711993132 0.0
57847.9568519 7.97991228022 0.0 7.97991228022 0.0
57847.9569213 8.07217442824 0.0 8.07217442824 0.0
57847.956956 7.81939895388 0.0 7.81939895388 0.0
57847.9570023 7.87165802103 0.0 7.87165802103 0.0
57847.9570602 7.91656491163 0.0 7.91656491163 0.0
57847.9571296 7.92552837355 0.0 7.92552837355 0.0
57847.9571759 7.91062576539 0.0 7.91062576539 0.0
57847.9572106 8.03318118805 0.0 8.03318118805 0.0
57847.9572685 8.00843305522 0.0 8.00843305522 0.0
57847.957338 7.8685449735 0.0 7.8685449735 0.0
57847.9573843 7.74667670682 0.0 7.74667670682 0.0
57847.9574306 7.8432773762 0.0 7.8432773762 0.0
57847.9574769 7.9866138006 0.0 7.9866138006 0.0
57847.9575463 7.96912793221 0.0 7.96912793221 0.0
57847.9575926 8.01748090113 0.0 8.01748090113 0.0
57847.9576389 8.24087374008 0.0 8.24087374008 0.0
57847.9576852 8.4885805645 0.0 8.4885805645 0.0
57847.9577546 8.2615979084 0.0 8.2615979084 0.0
57847.9578009 7.91353271302 0.0 7.91353271302 0.0
57847.9578472 7.99456065084 0.0 7.99456065084 0.0
57847.9578935 8.02427566825 0.0 8.02427566825 0.0
57847.957963 7.9866138006 0.0 7.9866138006 0.0
57847.9580093 7.91713331958 0.0 7.91713331958 0.0
57847.9580671 8.02857397051 0.0 8.02857397051 0.0
57847.9581019 7.96944163665 0.0 7.96944163665 0.0
57847.9581829 7.87864201497 0.0 7.87864201497 0.0
57847.9582176 7.90632658066 0.0 7.90632658066 0.0
57847.9582755 0.975192288731 0.0 0.975192288731 0.0
57847.9583218 0.3577708764 0.0 0.3577708764 0.0
57847.9607639 3.26374018574 0.0 3.26374018574 0.0
57847.9608102 9.42989925715 0.0 9.42989925715 0.0
57847.9608565 59.4313469475 0.0 59.4313469475 0.0
57847.9609028 63.1260009822 0.0 63.1260009822 0.0
57847.9609722 50.3241294013 0.0 50.3241294013 0.0
57847.9610185 9.08014317068 0.0 9.08014317068 0.0
57847.9610648 9.57595948195 0.0 9.57595948195 0.0
57847.9611111 9.59447757827 0.0 9.59447757827 0.0
57847.9611921 8.72507879621 0.0 8.72507879621 0.0
57847.9612269 7.95147785006 0.0 7.95147785006 0.0
57847.9612731 7.88790212921 0.0 7.88790212921 0.0
57847.961331 7.98448495521 0.0 7.98448495521 0.0
57847.9614005 8.1970116506 0.0 8.1970116506 0.0
57847.9614468 7.99593646798 0.0 7.99593646798 0.0
57847.9614815 8.0989505493 0.0 8.0989505493 0.0
57847.9615394 8.24475590906 0.0 8.24475590906 0.0
57847.9616088 8.25475620476 0.0 8.25475620476 0.0
57847.9616551 7.90512491995 0.0 7.90512491995 0.0
57847.9617014 7.82470446726 0.0 7.82470446726 0.0
57847.9617477 7.93391454454 0.0 7.93391454454 0.0
57847.9618171 8.01417494194 0.0 8.01417494194 0.0
57847.9618634 8.02844941443 0.0 8.02844941443 0.0
57847.9619097 8.02047380147 0.0 8.02047380147 0.0
57847.961956 8.14800589101 0.0 8.14800589101 0.0
57847.9620255 7.99906244506 0.0 7.99906244506 0.0
57847.9620718 7.85716233764 0.0 7.85716233764 0.0
57847.9621181 7.87451585813 0.0 7.87451585813 0.0
57847.9621644 7.91662807008 0.0 7.91662807008 0.0
57847.9622338 8.06095527838 0.0 8.06095527838 0.0
57847.9622801 7.92281515624 0.0 7.92281515624 0.0
57847.962338 7.95462129834 0.0 7.95462129834 0.0
57847.9623727 7.9485847797 0.0 7.9485847797 0.0
57847.9624421 7.76305352294 0.0 7.76305352294 0.0
57847.9624884 7.78305852477 0.0 7.78305852477 0.0
57847.9625463 7.78177357676 0.0 7.78177357676 0.0
57847.9625926 7.77933159082 0.0 7.77933159082 0.0
57847.962662 7.974020316 0.0 7.974020316 0.0
57847.9627083 7.90056959972 0.0 7.90056959972 0.0
57847.9627546 7.75254796825 0.0 7.75254796825 0.0
57847.9628009 7.79647356181 0.0 7.79647356181 0.0
57847.9628704 7.98273136213 0.0 7.98273136213 0.0
57847.9629167 8.49393901556 0.0 8.49393901556 0.0
57847.962963 8.99655489618 0.0 8.99655489618 0.0
57847.9630093 8.97190057903 0.0 8.97190057903 0.0
57847.9630787 8.52062204302 0.0 8.52062204302 0.0
57847.963125 7.94449494933 0.0 7.94449494933 0.0
57847.9631713 7.94342495401 0.0 7.94342495401 0.0
57847.9632176 8.0039990005 0.0 8.0039990005 0.0
57847.963287 7.94883639283 0.0 7.94883639283 0.0
57847.9633333 7.76807569479 0.0 7.76807569479 0.0
57847.9633796 7.7657581729 0.0 7.7657581729 0.0
57847.9634259 7.867146878 0.0 7.867146878 0.0
57847.9634954 7.98147855977 0.0 7.98147855977 0.0
57847.9635532 7.81530549627 0.0 7.81530549627 0.0
57847.9635995 7.97038267588 0.0 7.97038267588 0.0
57847.9636343 7.77714600609 0.0 7.77714600609 0.0
57847.9637037 7.81364191655 0.0 7.81364191655 0.0
57847.9637616 7.99718700544 0.0 7.99718700544 0.0
57847.9638079 8.13756720402 0.0 8.13756720402 0.0
57847.9638542 8.15867636323 0.0 8.15867636323 0.0
57847.9639236 8.05338438174 0.0 8.05338438174 0.0
57847.9639699 7.83811201757 0.0 7.83811201757 0.0
57847.9640162 8.10302412683 0.0 8.10302412683 0.0
57847.9640625 8.54412078566 0.0 8.54412078566 0.0
57847.9641319 9.09923073672 0.0 9.09923073672 0.0
57847.9641782 9.18406228202 0.0 9.18406228202 0.0
57847.9642245 10.146132268 0.0 10.146132268 0.0
57847.9642708 10.409899135 0.0 10.409899135 0.0
57847.9643403 8.9822602946 0.0 8.9822602946 0.0
57847.9643866 8.22307728287 0.0 8.22307728287 0.0
57847.9644329 8.19774359199 0.0 8.19774359199 0.0
57847.9644907 8.1643738278 0.0 8.1643738278 0.0
57847.9645602 8.19292377604 0.0 8.19292377604 0.0
57847.9645949 7.92287826487 0.0 7.92287826487 0.0
57847.9646412 7.85308856438 0.0 7.85308856438 0.0
57847.9646991 7.87197560972 0.0 7.87197560972 0.0
57847.9647685 7.86625705148 0.0 7.86625705148 0.0
57847.9648148 8.14677850442 0.0 8.14677850442 0.0
57847.9648495 7.94764115949 0.0 7.94764115949 0.0
57847.9649074 7.74616033916 0.0 7.74616033916 0.0
57847.9649769 7.77650307015 0.0 7.77650307015 0.0
57847.9650231 8.2107855897 0.0 8.2107855897 0.0
57847.9650694 8.37143954168 0.0 8.37143954168 0.0
57847.9651157 8.436824047 0.0 8.436824047 0.0
57847.9651852 8.15977940878 0.0 8.15977940878 0.0
57847.9652315 8.25087874108 0.0 8.25087874108 0.0
57847.9652778 8.6998275845 0.0 8.6998275845 0.0
57847.9653241 9.62200602785 0.0 9.62200602785 0.0
57847.9653935 9.19483550696 0.0 9.19483550696 0.0
57847.9654398 9.43636582589 0.0 9.43636582589 0.0
57847.9654861 8.71980504369 0.0 8.71980504369 0.0
57847.9655324 8.46693569126 0.0 8.46693569126 0.0
57847.9656019 8.40416563378 0.0 8.40416563378 0.0
57847.9656481 8.39761871009 0.0 8.39761871009 0.0
57847.965706 8.42626845051 0.0 8.42626845051 0.0
57847.9657407 8.43131069289 0.0 8.43131069289 0.0
57847.9658218 8.28951144519 0.0 8.28951144519 0.0
57847.9658565 7.84034438019 0.0 7.84034438019 0.0
57847.9659144 7.89170450537 0.0 7.89170450537 0.0
57847.9659606 8.11338400422 0.0 8.11338400422 0.0
57847.9724537 80.4393746868 0.0 80.4393746868 0.0
57847.9725 72.829485787 0.0 72.829485787 0.0
57847.9725463 69.1907002422 0.0 69.1907002422 0.0
57847.9725926 70.5324109896 0.0 70.5324109896 0.0
57847.972662 80.8062683212 0.0 80.8062683212 0.0
57847.9727083 8.62623904144 0.0 8.62623904144 0.0
57847.9727546 8.59866268672 0.0 8.59866268672 0.0
57847.9728009 8.77935077326 0.0 8.77935077326 0.0
57847.9728704 9.20103255075 0.0 9.20103255075 0.0
57847.9729282 8.35655431383 0.0 8.35655431383 0.0
57847.972963 8.36038276636 0.0 8.36038276636 0.0
57847.9730093 8.09277455512 0.0 8.09277455512 0.0
57847.9730787 7.73776453506 0.0 7.73776453506 0.0
57847.9731366 8.15187095089 0.0 8.15187095089 0.0
57847.9731829 8.07415630267 0.0 8.07415630267 0.0
57847.9732176 8.18968863877 0.0 8.18968863877 0.0
57847.9732986 8.03865660418 0.0 8.03865660418 0.0
57847.9733449 7.90601037186 0.0 7.90601037186 0.0
57847.9733912 8.0613894584 0.0 8.0613894584 0.0
57847.9734375 8.06889087793 0.0 8.06889087793 0.0
57847.9735069 7.80999359795 0.0 7.80999359795 0.0
57847.9735532 8.34314089537 0.0 8.34314089537 0.0
57847.9735995 8.83306288894 0.0 8.83306288894 0.0
57847.9736458 10.2122965096 0.0 10.2122965096 0.0
57847.9737153 11.4704838608 0.0 11.4704838608 0.0
57847.9737616 8.86239245351 0.0 8.86239245351 0.0
57847.9738079 9.4304294706 0.0 9.4304294706 0.0
57847.9738542 9.25742944883 0.0 9.25742944883 0.0
57847.9739352 8.47337004975 0.0 8.47337004975 0.0
57847.9739699 8.39749962787 0.0 8.39749962787 0.0
57847.9740162 8.43403817871 0.0 8.43403817871 0.0
57847.9740741 8.37317144217 0.0 8.37317144217 0.0
57847.9741435 8.29180318146 0.0 8.29180318146 0.0
57847.9741898 7.92388793459 0.0 7.92388793459 0.0
57847.9742245 7.97652806677 0.0 7.97652806677 0.0
57847.9742824 8.031874003 0.0 8.031874003 0.0
57847.9743519 7.87400787401 0.0 7.87400787401 0.0
57847.9743981 7.84506214125 0.0 7.84506214125 0.0
57847.9744444 8.16700679564 0.0 8.16700679564 0.0
57847.9744907 8.75139988802 0.0 8.75139988802 0.0
57847.9745602 8.70706609599 0.0 8.70706609599 0.0
57847.9746065 8.08974659677 0.0 8.08974659677 0.0
57847.9746528 8.40523646306 0.0 8.40523646306 0.0
57847.9746991 8.50664446183 0.0 8.50664446183 0.0
57847.9747685 8.05611568934 0.0 8.05611568934 0.0
57847.9748148 7.73252869377 0.0 7.73252869377 0.0
57847.9748611 7.75203199168 0.0 7.75203199168 0.0
57847.9749074 7.85525301948 0.0 7.85525301948 0.0
57847.9749769 7.81818393235 0.0 7.81818393235 0.0
57847.9750231 7.67163607062 0.0 7.67163607062 0.0
57847.975081 7.73853991396 0.0 7.73853991396 0.0
57847.9751157 7.74028423251 0.0 7.74028423251 0.0
57847.9751968 7.69935062197 0.0 7.69935062197 0.0
57847.9752315 7.7312353476 0.0 7.7312353476 0.0
57847.9752894 7.77425237563 0.0 7.77425237563 0.0
57847.9753356 7.77444531783 0.0 7.77444531783 0.0
57847.9754051 8.03784797069 0.0 8.03784797069 0.0
57847.9754514 7.92369863132 0.0 7.92369863132 0.0
57847.9754977 8.00493597726 0.0 8.00493597726 0.0
57847.975544 7.87153098196 0.0 7.87153098196 0.0
57847.9756134 7.9063898209 0.0 7.9063898209 0.0
57847.9756597 8.61585747329 0.0 8.61585747329 0.0
57847.975706 7.93933246564 0.0 7.93933246564 0.0
57847.9757523 7.90082274197 0.0 7.90082274197 0.0
57847.9758218 8.17520641941 0.0 8.17520641941 0.0
57847.9758681 8.63388672615 0.0 8.63388672615 0.0
57847.9759144 8.45777748584 0.0 8.45777748584 0.0
57847.9759606 8.52355559611 0.0 8.52355559611 0.0
57847.9760301 8.42881960894 0.0 8.42881960894 0.0
57847.976088 7.89487175323 0.0 7.89487175323 0.0
57847.9761227 8.20639994151 0.0 8.20639994151 0.0
57847.976169 8.5531865407 0.0 8.5531865407 0.0
57847.9762384 8.02427566825 0.0 8.02427566825 0.0
57847.9762963 7.97966164696 0.0 7.97966164696 0.0
57847.9763426 1.39319776055 0.0 1.39319776055 0.0
57847.9763773 0.522494019105 0.0 0.522494019105 0.0
57847.9788194 10.4128766438 0.0 10.4128766438 0.0
57847.9788657 22.4595636645 0.0 22.4595636645 0.0
57847.978912 104.267310313 0.0 104.267310313 0.0
57847.9789583 110.083954326 0.0 110.083954326 0.0
57847.9790278 80.9902648471 0.0 80.9902648471 0.0
57847.9790741 8.55873822476 0.0 8.55873822476 0.0
57847.9791204 8.4755530793 0.0 8.4755530793 0.0
57847.9791667 8.33378665434 0.0 8.33378665434 0.0
57847.9792477 8.27598936684 0.0 8.27598936684 0.0
57847.9792824 7.75654562289 0.0 7.75654562289 0.0
57847.9793287 7.70214255905 0.0 7.70214255905 0.0
57847.9793866 7.76382637621 0.0 7.76382637621 0.0
57847.979456 8.21285577616 0.0 8.21285577616 0.0
57847.9795023 8.12182245558 0.0 8.12182245558 0.0
57847.979537 8.23055283684 0.0 8.23055283684 0.0
57847.9795949 8.54932745893 0.0 8.54932745893 0.0
57847.9796644 8.07787100665 0.0 8.07787100665 0.0
57847.9797106 7.82975095389 0.0 7.82975095389 0.0
57847.9797569 7.95336406812 0.0 7.95336406812 0.0
57847.9798032 8.10265388623 0.0 8.10265388623 0.0
57847.9798727 8.42152005282 0.0 8.42152005282 0.0
57847.979919 8.56253467146 0.0 8.56253467146 0.0
57847.9799653 8.29867459297 0.0 8.29867459297 0.0
57847.9800116 8.13308059717 0.0 8.13308059717 0.0
57847.980081 8.15928918473 0.0 8.15928918473 0.0
57847.9801273 7.82975095389 0.0 7.82975095389 0.0
57847.9801736 7.95304972951 0.0 7.95304972951 0.0
57847.9802199 8.05090057074 0.0 8.05090057074 0.0
57847.9802894 8.01903984277 0.0 8.01903984277 0.0
57847.9803356 7.95625540063 0.0 7.95625540063 0.0
57847.9803935 8.03766135141 0.0 8.03766135141 0.0
57847.9804282 8.11578708444 0.0 8.11578708444 0.0
57847.9804977 7.96153251579 0.0 7.96153251579 0.0
57847.980544 7.86549426292 0.0 7.86549426292 0.0
57847.9806019 7.8728647899 0.0 7.8728647899 0.0
57847.9806481 7.95122632051 0.0 7.95122632051 0.0
57847.9807176 8.14874223423 0.0 8.14874223423 0.0
57847.9807639 8.19274068917 0.0 8.19274068917 0.0
57847.9808102 8.20256057582 0.0 8.20256057582 0.0
57847.9808565 8.34949100245 0.0 8.34949100245 0.0
57847.9809259 8.13842736651 0.0 8.13842736651 0.0
57847.9809722 7.86600279685 0.0 7.86600279685 0.0
57847.9810185 7.9571979993 0.0 7.9571979993 0.0
57847.9810648 7.96303962065 0.0 7.96303962065 0.0
57847.9811343 8.15610201015 0.0 8.15610201015 0.0
57847.9811806 8.20664365012 0.0 8.20664365012 0.0
57847.9812269 8.21048110649 0.0 8.21048110649 0.0
57847.9812731 8.1172039521 0.0 8.1172039521 0.0
57847.9813426 8.05201838051 0.0 8.05201838051 0.0
57847.9813889 8.0807177899 0.0 8.0807177899 0.0
57847.9814352 8.02558409089 0.0 8.02558409089 0.0
57847.9814815 8.10018518307 0.0 8.10018518307 0.0
57847.9815509 8.02670542626 0.0 8.02670542626 0.0
57847.9816088 7.93933246564 0.0 7.93933246564 0.0
57847.9816551 8.30999398315 0.0 8.30999398315 0.0
57847.9816898 8.28196836507 0.0 8.28196836507 0.0
57847.9817593 7.92439272121 0.0 7.92439272121 0.0
57847.9818171 7.89328828816 0.0 7.89328828816 0.0
57847.9818634 7.99412284119 0.0 7.99412284119 0.0
57847.9819097 8.46528203901 0.0 8.46528203901 0.0
57847.9819792 8.45653593382 0.0 8.45653593382 0.0
57847.9820255 8.16480250833 0.0 8.16480250833 0.0
57847.9820718 8.15751187557 0.0 8.15751187557 0.0
57847.9821181 8.01604640705 0.0 8.01604640705 0.0
57847.9821875 7.85098719907 0.0 7.85098719907 0.0
57847.9822338 7.88948667532 0.0 7.88948667532 0.0
57847.9822801 8.01236544349 0.0 8.01236544349 0.0
57847.9823264 8.01598403192 0.0 8.01598403192 0.0
57847.9823958 7.62620482285 0.0 7.62620482285 0.0
57847.9824421 7.92571763312 0.0 7.92571763312 0.0
57847.9824884 8.30957279287 0.0 8.30957279287 0.0
57847.9825463 8.98175929315 0.0 8.98175929315 0.0
57847.9826157 9.68245836552 0.0 9.68245836552 0.0
57847.9826505 8.49541052569 0.0 8.49541052569 0.0
57847.9826968 8.17367726302 0.0 8.17367726302 0.0
57847.9827546 7.94027707325 0.0 7.94027707325 0.0
57847.9828241 7.60828495786 0.0 7.60828495786 0.0
57847.9828704 7.73724757262 0.0 7.73724757262 0.0
57847.9829051 7.84085454526 0.0 7.84085454526 0.0
57847.982963 8.10802072025 0.0 8.10802072025 0.0
57847.9830324 8.08201707496 0.0 8.08201707496 0.0
57847.9830787 7.74093017666 0.0 7.74093017666 0.0
57847.983125 8.06926266768 0.0 8.06926266768 0.0
57847.9831713 8.42644646337 0.0 8.42644646337 0.0
57847.9832407 8.1796087926 0.0 8.1796087926 0.0
57847.983287 7.92363552923 0.0 7.92363552923 0.0
57847.9833333 8.07316542627 0.0 8.07316542627 0.0
57847.9833796 8.21815064355 0.0 8.21815064355 0.0
57847.9834491 7.69590800361 0.0 7.69590800361 0.0
57847.9834954 7.75048385586 0.0 7.75048385586 0.0
57847.9835417 7.91043614474 0.0 7.91043614474 0.0
57847.983588 8.09543081003 0.0 8.09543081003 0.0
57847.9836574 7.68511548384 0.0 7.68511548384 0.0
57847.9837037 7.68986345783 0.0 7.68986345783 0.0
57847.9837616 7.72068649797 0.0 7.72068649797 0.0
57847.9837963 7.64748324614 0.0 7.64748324614 0.0
57847.9838773 7.71835474697 0.0 7.71835474697 0.0
57847.983912 8.0254594884 0.0 8.0254594884 0.0
57847.9839699 1.06066017178 0.0 1.06066017178 0.0
57847.9961806 72.9094918375 0.0 72.9094918375 0.0
57847.9962269 72.6120237977 0.0 72.6120237977 0.0
57847.9962731 67.57397428 0.0 67.57397428 0.0
57847.9963194 67.1473752279 0.0 67.1473752279 0.0
57847.9963889 50.7770715973 0.0 50.7770715973 0.0
57847.9964352 8.26002421304 0.0 8.26002421304 0.0
57847.9964815 8.24214777834 0.0 8.24214777834 0.0
57847.9965278 8.27320977614 0.0 8.27320977614 0.0
57847.9966088 7.79191889075 0.0 7.79191889075 0.0
57847.9966435 7.64990196016 0.0 7.64990196016 0.0
57847.9966898 7.75454705318 0.0 7.75454705318 0.0
57847.9967477 7.93926948781 0.0 7.93926948781 0.0
57847.9968171 7.99724952718 0.0 7.99724952718 0.0
57847.9968634 8.09783921796 0.0 8.09783921796 0.0
57847.9968981 8.39994047598 0.0 8.39994047598 0.0
57847.996956 8.46929749153 0.0 8.46929749153 0.0
57847.9970255 8.08640834982 0.0 8.08640834982 0.0
57847.9970718 7.6411386586 0.0 7.6411386586 0.0
57847.9971181 7.67463354174 0.0 7.67463354174 0.0
57847.9971644 7.80089738428 0.0 7.80089738428 0.0
57847.9972338 8.00056248023 0.0 8.00056248023 0.0
57847.9972801 7.75222548692 0.0 7.75222548692 0.0
57847.9973264 7.74138230551 0.0 7.74138230551 0.0
57847.9973727 7.79679421301 0.0 7.79679421301 0.0
57847.9974421 7.67815081904 0.0 7.67815081904 0.0
57847.9974884 7.56875154831 0.0 7.56875154831 0.0
57847.9975347 7.56174583016 0.0 7.56174583016 0.0
57847.997581 7.46813229663 0.0 7.46813229663 0.0
57847.9976505 7.4137709703 0.0 7.4137709703 0.0
57847.9976968 7.58247980545 0.0 7.58247980545 0.0
57847.9977546 7.70590682529 0.0 7.70590682529 0.0
57847.9977894 8.03591936246 0.0 8.03591936246 0.0
57847.9978588 8.1690880764 0.0 8.1690880764 0.0
57847.9979051 7.94015113206 0.0 7.94015113206 0.0
57847.997963 8.24154111802 0.0 8.24154111802 0.0
57847.9980093 8.34302103557 0.0 8.34302103557 0.0
57847.9980787 8.39988095154 0.0 8.39988095154 0.0
57847.998125 8.12366912177 0.0 8.12366912177 0.0
57847.9981713 8.48539922455 0.0 8.48539922455 0.0
57847.9982176 8.15781833581 0.0 8.15781833581 0.0
57847.998287 8.20152424858 0.0 8.20152424858 0.0
57847.9983333 8.74797119337 0.0 8.74797119337 0.0
57847.9983796 8.26680107418 0.0 8.26680107418 0.0
57847.9984259 7.98817876615 0.0 7.98817876615 0.0
57847.9984954 7.8535979016 0.0 7.8535979016 0.0
57847.9985417 7.54526341488 0.0 7.54526341488 0.0
57847.998588 7.60835067541 0.0 7.60835067541 0.0
57847.9986343 7.60374907529 0.0 7.60374907529 0.0
57847.9987037 7.7613787435 0.0 7.7613787435 0.0
57847.99875 7.76060564647 0.0 7.76060564647 0.0
57847.9987963 7.9786590352 0.0 7.9786590352 0.0
57847.9988426 8.01043070003 0.0 8.01043070003 0.0
57847.998912 7.95738650563 0.0 7.95738650563 0.0
57847.9989699 8.2558464133 0.0 8.2558464133 0.0
57847.9990162 8.48881617188 0.0 8.48881617188 0.0
57847.9990509 8.23856783671 0.0 8.23856783671 0.0
57847.9991204 7.87597612998 0.0 7.87597612998 0.0
57847.9991782 7.6791926659 0.0 7.6791926659 0.0
57847.9992245 7.82368199763 0.0 7.82368199763 0.0
57847.9992708 7.74331970152 0.0 7.74331970152 0.0
57847.9993403 7.647614007 0.0 7.647614007 0.0
57847.9993866 7.77817459305 0.0 7.77817459305 0.0
57847.9994329 8.15738928825 0.0 8.15738928825 0.0
57847.9994792 8.71447072403 0.0 8.71447072403 0.0
57847.9995486 8.91465086248 0.0 8.91465086248 0.0
57847.9995949 8.24602934751 0.0 8.24602934751 0.0
57847.9996412 8.19249656698 0.0 8.19249656698 0.0
57847.9996875 8.21565578636 0.0 8.21565578636 0.0
57847.9997569 8.22818327458 0.0 8.22818327458 0.0
57847.9998032 7.60223651303 0.0 7.60223651303 0.0
57847.9998495 7.61071612925 0.0 7.61071612925 0.0
57847.9999074 7.53923072999 0.0 7.53923072999 0.0
57847.9999769 7.83894125504 0.0 7.83894125504 0.0
57848.0000116 8.62780389207 0.0 8.62780389207 0.0
57848.0000579 8.89932581716 0.0 8.89932581716 0.0
57848.0001157 8.49788208909 0.0 8.49788208909 0.0
57848.0001852 7.74770933889 0.0 7.74770933889 0.0
57848.0002315 7.93656096808 0.0 7.93656096808 0.0
57848.0002662 8.11326075015 0.0 8.11326075015 0.0
57848.0003241 8.26117425067 0.0 8.26117425067 0.0
57848.0003935 8.02371485037 0.0 8.02371485037 0.0
57848.0004398 8.01835394579 0.0 8.01835394579 0.0
57848.0004861 8.38707338706 0.0 8.38707338706 0.0
57848.0005324 8.59860453795 0.0 8.59860453795 0.0
57848.0006019 8.57368065652 0.0 8.57368065652 0.0
57848.0006481 8.21346455523 0.0 8.21346455523 0.0
57848.0006944 8.41017241203 0.0 8.41017241203 0.0
57848.0007407 8.91223877598 0.0 8.91223877598 0.0
57848.0008102 8.21735967328 0.0 8.21735967328 0.0
57848.0008565 7.58076513289 0.0 7.58076513289 0.0
57848.0009028 7.68583111966 0.0 7.68583111966 0.0
57848.0009491 7.71109590136 0.0 7.71109590136 0.0
57848.0010185 7.59868409661 0.0 7.59868409661 0.0
57848.0010648 7.81818393235 0.0 7.81818393235 0.0
57848.0011227 7.92199469831 0.0 7.92199469831 0.0
57848.0011574 7.95110055275 0.0 7.95110055275 0.0
57848.0012384 7.66074408919 0.0 7.66074408919 0.0
57848.0012731 7.68797762744 0.0 7.68797762744 0.0
57848.001331 7.6675941468 0.0 7.6675941468 0.0
57848.0090278 1.70909332688 0.0 1.70909332688 0.0
57848.0090741 0.705691150575 0.0 0.705691150575 0.0
57848.0135417 9.09758209636 0.0 9.09758209636 0.0
57848.013588 23.1583030466 0.0 23.1583030466 0.0
57848.0136343 63.948260336 0.0 63.948260336 0.0
57848.0136806 70.8871709127 0.0 70.8871709127 0.0
57848.01375 53.1147154751 0.0 53.1147154751 0.0
57848.0137963 7.71602229131 0.0 7.71602229131 0.0
57848.0138426 8.02888535228 0.0 8.02888535228 0.0
57848.0138889 8.34769429244 0.0 8.34769429244 0.0
57848.0139699 7.88321000608 0.0 7.88321000608 0.0
57848.0140046 8.41195577734 0.0 8.41195577734 0.0
57848.0140509 8.83119470966 0.0 8.83119470966 0.0
57848.0141088 8.08480055413 0.0 8.08480055413 0.0
57848.0141782 7.8659392319 0.0 7.8659392319 0.0
57848.0142245 8.55382955173 0.0 8.55382955173 0.0
57848.0142593 8.57513848285 0.0 8.57513848285 0.0
57848.0143171 9.04610413382 0.0 9.04610413382 0.0
57848.0143866 8.85228783988 0.0 8.85228783988 0.0
57848.0144329 8.01560977094 0.0 8.01560977094 0.0
57848.0144792 8.22891244333 0.0 8.22891244333 0.0
57848.0145255 7.98642598413 0.0 7.98642598413 0.0
57848.0145949 8.21669033127 0.0 8.21669033127 0.0
57848.0146412 8.52091544378 0.0 8.52091544378 0.0
57848.0146875 8.07297962341 0.0 8.07297962341 0.0
57848.0147338 7.72935961125 0.0 7.72935961125 0.0
57848.0148032 7.94115860564 0.0 7.94115860564 0.0
57848.0148495 7.67515472157 0.0 7.67515472157 0.0
57848.0148958 7.82349026969 0.0 7.82349026969 0.0
57848.0149421 8.0669077099 0.0 8.0669077099 0.0
57848.0150116 8.36552449043 0.0 8.36552449043 0.0
57848.0150579 8.0872121278 0.0 8.0872121278 0.0
57848.0151157 8.48062497697 0.0 8.48062497697 0.0
57848.0151505 9.13903714841 0.0 9.13903714841 0.0
57848.0152199 8.75511279196 0.0 8.75511279196 0.0
57848.0152662 8.14696262419 0.0 8.14696262419 0.0
57848.0153241 7.85156035448 0.0 7.85156035448 0.0
57848.0153704 7.54135266381 0.0 7.54135266381 0.0
57848.0154398 7.78286579609 0.0 7.78286579609 0.0
57848.0154861 8.08826310156 0.0 8.08826310156 0.0
57848.0155324 8.24044901689 0.0 8.24044901689 0.0
57848.0155787 8.24675693834 0.0 8.24675693834 0.0
57848.0156481 7.92085853933 0.0 7.92085853933 0.0
57848.0156944 7.89873407579 0.0 7.89873407579 0.0
57848.0157407 8.10228362871 0.0 8.10228362871 0.0
57848.015787 8.25203005327 0.0 8.25203005327 0.0
57848.0158565 8.44399194694 0.0 8.44399194694 0.0
57848.0159028 7.7902503169 0.0 7.7902503169 0.0
57848.0159491 7.82879301042 0.0 7.82879301042 0.0
57848.0159954 7.86644773707 0.0 7.86644773707 0.0
57848.0160648 8.09950615779 0.0 8.09950615779 0.0
57848.0161111 7.46913649628 0.0 7.46913649628 0.0
57848.0161574 7.38139553201 0.0 7.38139553201 0.0
57848.0162037 7.39594483484 0.0 7.39594483484 0.0
57848.0162731 7.40047295786 0.0 7.40047295786 0.0
57848.016331 7.5422145289 0.0 7.5422145289 0.0
57848.0163773 7.76595132614 0.0 7.76595132614 0.0
57848.016412 7.84786595196 0.0 7.84786595196 0.0
57848.0164815 8.12416149519 0.0 8.12416149519 0.0
57848.0165394 7.68420457822 0.0 7.68420457822 0.0
57848.0165856 7.60098677804 0.0 7.60098677804 0.0
57848.0166319 7.65591274767 0.0 7.65591274767 0.0
57848.0167014 7.56564603983 0.0 7.56564603983 0.0
57848.0167477 7.3535705613 0.0 7.3535705613 0.0
57848.016794 7.36016304167 0.0 7.36016304167 0.0
57848.0168403 7.41572653217 0.0 7.41572653217 0.0
57848.0169097 7.39006089285 0.0 7.39006089285 0.0
57848.016956 7.28930723732 0.0 7.28930723732 0.0
57848.0170023 7.336143401 0.0 7.336143401 0.0
57848.0170486 7.62023621681 0.0 7.62023621681 0.0
57848.0171181 7.66309337017 0.0 7.66309337017 0.0
57848.0171644 7.71712381655 0.0 7.71712381655 0.0
57848.0172106 7.72457118551 0.0 7.72457118551 0.0
57848.0172685 7.65480241417 0.0 7.65480241417 0.0
57848.017338 7.56690161162 0.0 7.56690161162 0.0
57848.0173727 7.91997474743 0.0 7.91997474743 0.0
57848.017419 7.81037771174 0.0 7.81037771174 0.0
57848.0174769 7.70895583072 0.0 7.70895583072 0.0
57848.0175463 7.92521293089 0.0 7.92521293089 0.0
57848.0175926 8.56101629481 0.0 8.56101629481 0.0
57848.0176273 8.09697474369 0.0 8.09697474369 0.0
57848.0176852 7.79961537513 0.0 7.79961537513 0.0
57848.0177546 7.67984374841 0.0 7.67984374841 0.0
57848.0178009 7.66355009118 0.0 7.66355009118 0.0
57848.0178472 7.66583328804 0.0 7.66583328804 0.0
57848.0178935 7.59967104551 0.0 7.59967104551 0.0
57848.017963 7.44654282201 0.0 7.44654282201 0.0
57848.0180093 7.80320446996 0.0 7.80320446996 0.0
57848.0180556 7.89778449947 0.0 7.89778449947 0.0
57848.0181019 8.02408873331 0.0 8.02408873331 0.0
57848.0181713 7.93044765445 0.0 7.93044765445 0.0
57848.0182176 7.52097068203 0.0 7.52097068203 0.0
57848.0182639 8.04282288752 0.0 8.04282288752 0.0
57848.0183102 8.76555759778 0.0 8.76555759778 0.0
57848.0183796 8.5569270185 0.0 8.5569270185 0.0
57848.0184259 7.64310146472 0.0 7.64310146472 0.0
57848.0184838 7.73091197725 0.0 7.73091197725 0.0
57848.0185185 7.65832879942 0.0 7.65832879942 0.0
57848.0185995 7.30835138728 0.0 7.30835138728 0.0
57848.0186343 7.67782521291 0.0 7.67782521291 0.0
57848.0186921 1.2782800945 0.0 1.2782800945 0.0
57848.0187384 0.493963561409 0.0 0.493963561409 0.0
57848.0211806 3.06822424213 0.0 3.06822424213 0.0
57848.0212269 9.94635611669 0.0 9.94635611669 0.0
57848.0212731 69.3357916231 0.0 69.3357916231 0.0
57848.0213194 47.899853862 0.0 47.899853862 0.0
57848.0213889 68.745501671 0.0 68.745501671 0.0
57848.0214352 8.57140595235 0.0 8.57140595235 0.0
57848.0214815 8.96247733609 0.0 8.96247733609 0.0
57848.0215278 9.22940951524 0.0 9.22940951524 0.0
57848.0216088 8.09240384558 0.0 8.09240384558 0.0
57848.0216435 8.32045671823 0.0 8.32045671823 0.0
57848.0216898 9.16831500331 0.0 9.16831500331 0.0
57848.0217477 10.3981729164 0.0 10.3981729164 0.0
57848.0218171 9.90055553997 0.0 9.90055553997 0.0
57848.0218634 7.78556356342 0.0 7.78556356342 0.0
57848.0218981 7.77270866558 0.0 7.77270866558 0.0
57848.021956 7.93630896576 0.0 7.93630896576 0.0
57848.0220255 8.00780868902 0.0 8.00780868902 0.0
57848.0220718 8.3243618374 0.0 8.3243618374 0.0
57848.0221181 8.9550544387 0.0 8.9550544387 0.0
57848.0221644 8.87569715572 0.0 8.87569715572 0.0
57848.0222338 7.78158081626 0.0 7.78158081626 0.0
57848.0222801 7.97063360091 0.0 7.97063360091 0.0
57848.0223264 7.84404232523 0.0 7.84404232523 0.0
57848.0223727 7.79794844815 0.0 7.79794844815 0.0
57848.0224421 7.38017614966 0.0 7.38017614966 0.0
57848.0224884 7.36939617608 0.0 7.36939617608 0.0
57848.0225347 7.70558239201 0.0 7.70558239201 0.0
57848.022581 7.64251267582 0.0 7.64251267582 0.0
57848.0226505 7.60992772633 0.0 7.60992772633 0.0
57848.0226968 8.10234533947 0.0 8.10234533947 0.0
57848.0227546 7.67046282828 0.0 7.67046282828 0.0
57848.0227894 7.39513353497 0.0 7.39513353497 0.0
57848.0228588 7.14863623358 0.0 7.14863623358 0.0
57848.0229051 7.30910391225 0.0 7.30910391225 0.0
57848.022963 7.36355892215 0.0 7.36355892215 0.0
57848.0230093 7.28628849278 0.0 7.28628849278 0.0
57848.0230787 7.23892257176 0.0 7.23892257176 0.0
57848.023125 7.09302474266 0.0 7.09302474266 0.0
57848.0231713 7.13498423264 0.0 7.13498423264 0.0
57848.0232176 7.11231326644 0.0 7.11231326644 0.0
57848.023287 7.16770535109 0.0 7.16770535109 0.0
57848.0233333 7.23823182829 0.0 7.23823182829 0.0
57848.0233796 7.22454150794 0.0 7.22454150794 0.0
57848.0234259 7.27749957059 0.0 7.27749957059 0.0
57848.0234954 7.5 0.0 7.5 0.0
57848.0235417 7.59038865935 0.0 7.59038865935 0.0
57848.023588 7.81088983407 0.0 7.81088983407 0.0
57848.0236343 7.77952440706 0.0 7.77952440706 0.0
57848.0237037 7.84251235256 0.0 7.84251235256 0.0
57848.02375 7.53763888761 0.0 7.53763888761 0.0
57848.0237963 7.83166648932 0.0 7.83166648932 0.0
57848.0238426 8.00424887169 0.0 8.00424887169 0.0
57848.023912 7.62633594854 0.0 7.62633594854 0.0
57848.0239699 7.16917010539 0.0 7.16917010539 0.0
57848.0240162 7.4351193669 0.0 7.4351193669 0.0
57848.0240509 7.68511548384 0.0 7.68511548384 0.0
57848.0241204 7.7969224698 0.0 7.7969224698 0.0
57848.0241782 7.70908554888 0.0 7.70908554888 0.0
57848.0242245 7.73757067819 0.0 7.73757067819 0.0
57848.0242708 7.59354989448 0.0 7.59354989448 0.0
57848.0243403 7.26470921648 0.0 7.26470921648 0.0
57848.0243866 7.33089353353 0.0 7.33089353353 0.0
57848.0244329 7.54122006044 0.0 7.54122006044 0.0
57848.0244792 7.47489130356 0.0 7.47489130356 0.0
57848.0245486 7.21837931949 0.0 7.21837931949 0.0
57848.0245949 7.21837931949 0.0 7.21837931949 0.0
57848.0246412 7.28203268326 0.0 7.28203268326 0.0
57848.0246875 7.49773299071 0.0 7.49773299071 0.0
57848.0247569 7.47957218028 0.0 7.47957218028 0.0
57848.0248032 7.46123314205 0.0 7.46123314205 0.0
57848.0248495 7.5680248414 0.0 7.5680248414 0.0
57848.0249074 7.45097309081 0.0 7.45097309081 0.0
57848.0249769 7.7879393937 0.0 7.7879393937 0.0
57848.0250116 8.60232526704 0.0 8.60232526704 0.0
57848.0250579 8.20920215368 0.0 8.20920215368 0.0
57848.0251157 7.8984808666 0.0 7.8984808666 0.0
57848.0251852 7.97345596338 0.0 7.97345596338 0.0
57848.0252315 10.6626450752 0.0 10.6626450752 0.0
57848.0252662 12.4194605358 0.0 12.4194605358 0.0
57848.0253241 12.8062875182 0.0 12.8062875182 0.0
57848.0253935 9.74181707896 0.0 9.74181707896 0.0
57848.0254398 8.66094683046 0.0 8.66094683046 0.0
57848.0254861 8.72823006113 0.0 8.72823006113 0.0
57848.0255324 8.60587008965 0.0 8.60587008965 0.0
57848.0256019 8.38719261732 0.0 8.38719261732 0.0
57848.0256481 8.52220628711 0.0 8.52220628711 0.0
57848.0256944 8.78088833775 0.0 8.78088833775 0.0
57848.0257407 9.2447823122 0.0 9.2447823122 0.0
57848.0258102 8.85770850728 0.0 8.85770850728 0.0
57848.0258565 9.07320230128 0.0 9.07320230128 0.0
57848.0259028 9.90040403216 0.0 9.90040403216 0.0
57848.0259491 11.2548656145 0.0 11.2548656145 0.0
57848.0260185 11.2577528841 0.0 11.2577528841 0.0
57848.0260648 9.17594681763 0.0 9.17594681763 0.0
57848.0261227 10.462169947 0.0 10.462169947 0.0
57848.0261574 12.451264996 0.0 12.451264996 0.0
57848.0262384 10.0362343536 0.0 10.0362343536 0.0
57848.0262731 8.12539229822 0.0 8.12539229822 0.0
57848.026331 7.89936706325 0.0 7.89936706325 0.0
57848.0263773 7.78954427422 0.0 7.78954427422 0.0
57848.0315972 80.9385754755 0.0 80.9385754755 0.0
57848.0316435 56.1500222618 0.0 56.1500222618 0.0
57848.0316898 66.4817794587 0.0 66.4817794587 0.0
57848.0317361 82.5445576643 0.0 82.5445576643 0.0
57848.0318056 73.4286660644 0.0 73.4286660644 0.0
57848.0318519 9.86311309881 0.0 9.86311309881 0.0
57848.0318981 9.70082470721 0.0 9.70082470721 0.0
57848.0319444 9.5679151334 0.0 9.5679151334 0.0
57848.0320255 9.54405574166 0.0 9.54405574166 0.0
57848.0320602 10.0494775984 0.0 10.0494775984 0.0
57848.0321065 10.5135151115 0.0 10.5135151115 0.0
57848.0321644 11.0455873542 0.0 11.0455873542 0.0
57848.0322338 10.3919680523 0.0 10.3919680523 0.0
57848.0322801 10.4216601365 0.0 10.4216601365 0.0
57848.0323148 10.3900914337 0.0 10.3900914337 0.0
57848.0323727 9.90832982899 0.0 9.90832982899 0.0
57848.0324421 10.5592139859 0.0 10.5592139859 0.0
57848.0324884 10.1271911209 0.0 10.1271911209 0.0
57848.0325347 10.1457380215 0.0 10.1457380215 0.0
57848.032581 9.77660472761 0.0 9.77660472761 0.0
57848.0326505 9.72121391597 0.0 9.72121391597 0.0
57848.0326968 10.8596961283 0.0 10.8596961283 0.0
57848.0327431 10.2849890617 0.0 10.2849890617 0.0
57848.0327894 9.88448278869 0.0 9.88448278869 0.0
57848.0328588 9.97887769241 0.0 9.97887769241 0.0
57848.0329051 9.41174797793 0.0 9.41174797793 0.0
57848.0329514 9.31799334621 0.0 9.31799334621 0.0
57848.0329977 9.21471649048 0.0 9.21471649048 0.0
57848.0330671 9.11570074103 0.0 9.11570074103 0.0
57848.0331134 9.52969044618 0.0 9.52969044618 0.0
57848.0331713 9.38509456532 0.0 9.38509456532 0.0
57848.033206 9.20901732 0.0 9.20901732 0.0
57848.0332755 9.34087790307 0.0 9.34087790307 0.0
57848.0333218 9.4847772773 0.0 9.4847772773 0.0
57848.0333796 9.64396184148 0.0 9.64396184148 0.0
57848.0334259 9.75725371198 0.0 9.75725371198 0.0
57848.0334954 9.7443829974 0.0 9.7443829974 0.0
57848.0335417 9.36018162217 0.0 9.36018162217 0.0
57848.033588 9.46366736524 0.0 9.46366736524 0.0
57848.0336343 9.4142976371 0.0 9.4142976371 0.0
57848.0337037 9.46578047495 0.0 9.46578047495 0.0
57848.03375 9.62875900623 0.0 9.62875900623 0.0
57848.0337963 9.78718549942 0.0 9.78718549942 0.0
57848.0338426 9.74330539396 0.0 9.74330539396 0.0
57848.033912 9.28870281579 0.0 9.28870281579 0.0
57848.0339583 9.20733403326 0.0 9.20733403326 0.0
57848.0340046 9.51015246986 0.0 9.51015246986 0.0
57848.0340509 9.82165973754 0.0 9.82165973754 0.0
57848.0341204 9.65266802496 0.0 9.65266802496 0.0
57848.0341667 9.48187745122 0.0 9.48187745122 0.0
57848.034213 9.7861126092 0.0 9.7861126092 0.0
57848.0342593 10.35234273 0.0 10.35234273 0.0
57848.0343287 9.99894994487 0.0 9.99894994487 0.0
57848.0343866 9.22469511691 0.0 9.22469511691 0.0
57848.0344329 9.22718808739 0.0 9.22718808739 0.0
57848.0344676 9.49957893804 0.0 9.49957893804 0.0
57848.034537 10.0402689207 0.0 10.0402689207 0.0
57848.0345949 10.0219259626 0.0 10.0219259626 0.0
57848.0346412 9.9281418201 0.0 9.9281418201 0.0
57848.0346875 9.67052221961 0.0 9.67052221961 0.0
57848.0347569 9.45605626041 0.0 9.45605626041 0.0
57848.0348032 9.77542837936 0.0 9.77542837936 0.0
57848.0348495 10.0605665844 0.0 10.0605665844 0.0
57848.0348958 10.0457453681 0.0 10.0457453681 0.0
57848.0349653 9.76580769829 0.0 9.76580769829 0.0
57848.0350116 9.18972252029 0.0 9.18972252029 0.0
57848.0350579 9.28202564099 0.0 9.28202564099 0.0
57848.0351042 9.65038859321 0.0 9.65038859321 0.0
57848.0351736 9.54468438451 0.0 9.54468438451 0.0
57848.0352199 9.60650821058 0.0 9.60650821058 0.0
57848.0352662 9.75248686233 0.0 9.75248686233 0.0
57848.0353241 9.78626588643 0.0 9.78626588643 0.0
57848.0353935 9.2869801335 0.0 9.2869801335 0.0
57848.0354282 9.21715791337 0.0 9.21715791337 0.0
57848.0354745 9.13980306134 0.0 9.13980306134 0.0
57848.0355324 9.14521732929 0.0 9.14521732929 0.0
57848.0356019 9.1295673501 0.0 9.1295673501 0.0
57848.0356481 8.99505419661 0.0 8.99505419661 0.0
57848.0356829 9.08894933422 0.0 9.08894933422 0.0
57848.0357407 9.53981131889 0.0 9.53981131889 0.0
57848.0358102 10.0201796391 0.0 10.0201796391 0.0
57848.0358565 9.54725091322 0.0 9.54725091322 0.0
57848.0359028 9.30714779081 0.0 9.30714779081 0.0
57848.0359491 9.12507534215 0.0 9.12507534215 0.0
57848.0360185 9.07882150943 0.0 9.07882150943 0.0
57848.0360648 8.94265061377 0.0 8.94265061377 0.0
57848.0361111 8.94874292848 0.0 8.94874292848 0.0
57848.0361574 8.88948817424 0.0 8.88948817424 0.0
57848.0362269 8.97607932229 0.0 8.97607932229 0.0
57848.0362731 9.09472374512 0.0 9.09472374512 0.0
57848.0363194 9.09213946219 0.0 9.09213946219 0.0
57848.0363657 9.21097171855 0.0 9.21097171855 0.0
57848.0364352 9.09109454356 0.0 9.09109454356 0.0
57848.0364815 9.36028845709 0.0 9.36028845709 0.0
57848.0365394 9.32137328938 0.0 9.32137328938 0.0
57848.0365741 9.30462250712 0.0 9.30462250712 0.0
57848.0366551 9.05654459493 0.0 9.05654459493 0.0
57848.0366898 9.27852358945 0.0 9.27852358945 0.0
57848.0367477 9.39659512802 0.0 9.39659512802 0.0
57848.036794 9.48809780725 0.0 9.48809780725 0.0
57848.0434491 95.1887230716 0.0 95.1887230716 0.0
57848.0434838 96.4582033836 0.0 96.4582033836 0.0
57848.0435301 95.9647435259 0.0 95.9647435259 0.0
57848.043588 84.3593089113 0.0 84.3593089113 0.0
57848.0436574 85.811759101 0.0 85.811759101 0.0
57848.0437037 7.15737382005 0.0 7.15737382005 0.0
57848.0437384 7.23906071255 0.0 7.23906071255 0.0
57848.0437963 7.27371981863 0.0 7.27371981863 0.0
57848.0438657 7.11083680026 0.0 7.11083680026 0.0
57848.043912 6.98498389404 0.0 6.98498389404 0.0
57848.0439583 7.03285148428 0.0 7.03285148428 0.0
57848.0440046 7.15464883834 0.0 7.15464883834 0.0
57848.0440741 7.17997214479 0.0 7.17997214479 0.0
57848.0441204 7.12404379549 0.0 7.12404379549 0.0
57848.0441667 7.15185290676 0.0 7.15185290676 0.0
57848.044213 7.17878819858 0.0 7.17878819858 0.0
57848.0442824 7.2260639355 0.0 7.2260639355 0.0
57848.0443287 7.34962584082 0.0 7.34962584082 0.0
57848.044375 7.47983957047 0.0 7.47983957047 0.0
57848.0444213 7.38193741507 0.0 7.38193741507 0.0
57848.0444907 6.96297350275 0.0 6.96297350275 0.0
57848.044537 7.03427323894 0.0 7.03427323894 0.0
57848.0445949 7.04968084384 0.0 7.04968084384 0.0
57848.0446296 7.16568210291 0.0 7.16568210291 0.0
57848.0447106 7.40810367098 0.0 7.40810367098 0.0
57848.0447454 7.65016339695 0.0 7.65016339695 0.0
57848.0448032 7.98060148109 0.0 7.98060148109 0.0
57848.0448495 7.74054261664 0.0 7.74054261664 0.0
57848.044919 7.22128797376 0.0 7.22128797376 0.0
57848.0449653 7.16547276877 0.0 7.16547276877 0.0
57848.0450116 7.17530487157 0.0 7.17530487157 0.0
57848.0450579 7.04563694779 0.0 7.04563694779 0.0
57848.0451273 7.2534819225 0.0 7.2534819225 0.0
57848.0451736 7.43269802965 0.0 7.43269802965 0.0
57848.0452199 7.84843933531 0.0 7.84843933531 0.0
57848.0452662 8.05090057074 0.0 8.05090057074 0.0
57848.0453356 7.19402529882 0.0 7.19402529882 0.0
57848.0453819 7.17335346961 0.0 7.17335346961 0.0
57848.0454282 7.19881934764 0.0 7.19881934764 0.0
57848.0454745 7.21602383588 0.0 7.21602383588 0.0
57848.045544 7.04691421829 0.0 7.04691421829 0.0
57848.0456019 7.3216118444 0.0 7.3216118444 0.0
57848.0456366 7.25933881287 0.0 7.25933881287 0.0
57848.0456829 7.30828297208 0.0 7.30828297208 0.0
57848.0457523 7.02965148496 0.0 7.02965148496 0.0
57848.0458102 7.43215984758 0.0 7.43215984758 0.0
57848.0458565 7.78203058334 0.0 7.78203058334 0.0
57848.0458912 7.76459915256 0.0 7.76459915256 0.0
57848.0459722 7.43404331437 0.0 7.43404331437 0.0
57848.0460185 6.99971427988 0.0 6.99971427988 0.0
57848.0460648 7.2068717208 0.0 7.2068717208 0.0
57848.0461111 7.15646560811 0.0 7.15646560811 0.0
57848.0461806 7.18672387114 0.0 7.18672387114 0.0
57848.0462269 7.34533865795 0.0 7.34533865795 0.0
57848.0462731 7.23049099301 0.0 7.23049099301 0.0
57848.0463194 7.19736062734 0.0 7.19736062734 0.0
57848.0463889 7.13000701262 0.0 7.13000701262 0.0
57848.0464352 7.48291387095 0.0 7.48291387095 0.0
57848.0464815 1.05971694334 0.0 1.05971694334 0.0
57848.0465278 0.388587184555 0.0 0.388587184555 0.0
57848.0482639 4.64790275286 0.0 4.64790275286 0.0
57848.0483102 14.3524213985 0.0 14.3524213985 0.0
57848.0483565 66.5187417199 0.0 66.5187417199 0.0
57848.0484028 84.1872258719 0.0 84.1872258719 0.0
57848.0484722 81.1544207052 0.0 81.1544207052 0.0
57848.0485185 8.3449985021 0.0 8.3449985021 0.0
57848.0485648 9.26493389075 0.0 9.26493389075 0.0
57848.0486111 9.08658351637 0.0 9.08658351637 0.0
57848.0486921 8.40672349968 0.0 8.40672349968 0.0
57848.0487269 7.21255849196 0.0 7.21255849196 0.0
57848.0487731 7.12158690181 0.0 7.12158690181 0.0
57848.048831 7.24548135047 0.0 7.24548135047 0.0
57848.0489005 7.06059487579 0.0 7.06059487579 0.0
57848.0489468 7.13925766449 0.0 7.13925766449 0.0
57848.0489815 7.04215875993 0.0 7.04215875993 0.0
57848.0490394 7.09485729243 0.0 7.09485729243 0.0
57848.0491088 7.21761733538 0.0 7.21761733538 0.0
57848.0491551 7.1527617044 0.0 7.1527617044 0.0
57848.0492014 7.27193234292 0.0 7.27193234292 0.0
57848.0492477 7.37441523105 0.0 7.37441523105 0.0
57848.0493171 7.85162403583 0.0 7.85162403583 0.0
57848.0493634 7.64427890648 0.0 7.64427890648 0.0
57848.0494097 8.15996323521 0.0 8.15996323521 0.0
57848.049456 8.23729324475 0.0 8.23729324475 0.0
57848.0495255 7.3343029662 0.0 7.3343029662 0.0
57848.0495718 7.66811580507 0.0 7.66811580507 0.0
57848.0496181 8.00056248023 0.0 8.00056248023 0.0
57848.0496644 8.3467957924 0.0 8.3467957924 0.0
57848.0497338 8.04499844624 0.0 8.04499844624 0.0
57848.0497801 7.13722635202 0.0 7.13722635202 0.0
57848.049838 7.16149425749 0.0 7.16149425749 0.0
57848.0498727 7.23470801069 0.0 7.23470801069 0.0
57848.0499421 7.19200945494 0.0 7.19200945494 0.0
57848.0499884 7.06286061026 0.0 7.06286061026 0.0
57848.0500463 7.05294264829 0.0 7.05294264829 0.0
57848.0500926 7.19770796851 0.0 7.19770796851 0.0
57848.050162 7.14373851705 0.0 7.14373851705 0.0
57848.0502083 6.90239089012 0.0 6.90239089012 0.0
57848.0502546 6.9295743015 0.0 6.9295743015 0.0
57848.0503009 6.92654314936 0.0 6.92654314936 0.0
57848.0503704 6.92112707585 0.0 6.92112707585 0.0
57848.0504167 6.97660375828 0.0 6.97660375828 0.0
57848.050463 7.12516666472 0.0 7.12516666472 0.0
57848.0505093 7.0728353579 0.0 7.0728353579 0.0
57848.0505787 6.96096257712 0.0 6.96096257712 0.0
57848.050625 6.9393803758 0.0 6.9393803758 0.0
57848.0506713 6.9440622117 0.0 6.9440622117 0.0
57848.0507176 6.9660605797 0.0 6.9660605797 0.0
57848.050787 7.0039988578 0.0 7.0039988578 0.0
57848.0508333 6.86476510887 0.0 6.86476510887 0.0
57848.0508796 6.8574047569 0.0 6.8574047569 0.0
57848.0509259 6.90543264394 0.0 6.90543264394 0.0
57848.0509954 7.01149056906 0.0 7.01149056906 0.0
57848.0510532 6.94852502334 0.0 6.94852502334 0.0
57848.0510995 7.0525881774 0.0 7.0525881774 0.0
57848.0511343 7.04386257674 0.0 7.04386257674 0.0
57848.0512037 6.98419644626 0.0 6.98419644626 0.0
57848.0512616 7.20867532907 0.0 7.20867532907 0.0
57848.0513079 7.37692347798 0.0 7.37692347798 0.0
57848.0513542 7.8322410586 0.0 7.8322410586 0.0
57848.0514236 8.63255466244 0.0 8.63255466244 0.0
57848.0514699 7.90708543017 0.0 7.90708543017 0.0
57848.0515162 8.13713708868 0.0 8.13713708868 0.0
57848.0515625 8.34200215776 0.0 8.34200215776 0.0
57848.0516319 7.6208923362 0.0 7.6208923362 0.0
57848.0516782 7.13267130884 0.0 7.13267130884 0.0
57848.0517245 7.13911759253 0.0 7.13911759253 0.0
57848.0517708 7.1238332378 0.0 7.1238332378 0.0
57848.0518403 7.08103099838 0.0 7.08103099838 0.0
57848.0518866 7.11343798736 0.0 7.11343798736 0.0
57848.0519329 7.09774612113 0.0 7.09774612113 0.0
57848.0519907 7.13253110754 0.0 7.13253110754 0.0
57848.0520602 7.11856727158 0.0 7.11856727158 0.0
57848.0520949 7.25968318868 0.0 7.25968318868 0.0
57848.0521412 7.46719492179 0.0 7.46719492179 0.0
57848.0521991 7.54334143467 0.0 7.54334143467 0.0
57848.0522685 7.38715100699 0.0 7.38715100699 0.0
57848.0523148 6.97215891959 0.0 6.97215891959 0.0
57848.0523495 6.96132171358 0.0 6.96132171358 0.0
57848.0524074 6.97889676095 0.0 6.97889676095 0.0
57848.0524769 7.0389629918 0.0 7.0389629918 0.0
57848.0525231 6.9516904419 0.0 6.9516904419 0.0
57848.0525694 6.97946989391 0.0 6.97946989391 0.0
57848.0526157 6.94579009185 0.0 6.94579009185 0.0
57848.0526852 6.92755368077 0.0 6.92755368077 0.0
57848.0527315 7.01441373174 0.0 7.01441373174 0.0
57848.0527778 7.07007779307 0.0 7.07007779307 0.0
57848.0528241 7.03150055109 0.0 7.03150055109 0.0
57848.0528935 7.15604639448 0.0 7.15604639448 0.0
57848.0529398 7.01897428404 0.0 7.01897428404 0.0
57848.0529861 7.04414650614 0.0 7.04414650614 0.0
57848.0530324 7.0922492906 0.0 7.0922492906 0.0
57848.0531019 7.03690272776 0.0 7.03690272776 0.0
57848.0531481 6.93303685264 0.0 6.93303685264 0.0
57848.053206 6.9674959634 0.0 6.9674959634 0.0
57848.0532407 6.95729832622 0.0 6.95729832622 0.0
57848.0533218 6.89209692329 0.0 6.89209692329 0.0
57848.0533565 6.88897670195 0.0 6.88897670195 0.0
57848.0534144 0.939680796867 0.0 0.939680796867 0.0
57848.0753472 70.6223902173 0.0 70.6223902173 0.0
57848.0753935 76.7849659764 0.0 76.7849659764 0.0
57848.0754398 82.3078611069 0.0 82.3078611069 0.0
57848.0754861 77.5064835998 0.0 77.5064835998 0.0
57848.0755556 52.058438317 0.0 52.058438317 0.0
57848.0756019 7.40965586245 0.0 7.40965586245 0.0
57848.0756481 7.42946835245 0.0 7.42946835245 0.0
57848.0756944 7.37421182229 0.0 7.37421182229 0.0
57848.0757755 7.18554103739 0.0 7.18554103739 0.0
57848.0758102 7.0180481617 0.0 7.0180481617 0.0
57848.0758565 6.97093967841 0.0 6.97093967841 0.0
57848.0759144 6.98126063115 0.0 6.98126063115 0.0
57848.0759838 6.98061601866 0.0 6.98061601866 0.0
57848.0760301 6.96254263901 0.0 6.96254263901 0.0
57848.0760648 6.96893105146 0.0 6.96893105146 0.0
57848.0761227 6.98713102783 0.0 6.98713102783 0.0
57848.0761921 7.00392746964 0.0 7.00392746964 0.0
57848.0762384 7.00649698494 0.0 7.00649698494 0.0
57848.0762847 6.99949998214 0.0 6.99949998214 0.0
57848.076331 7.06024078909 0.0 7.06024078909 0.0
57848.0764005 7.09436396022 0.0 7.09436396022 0.0
57848.0764468 7.08173707504 0.0 7.08173707504 0.0
57848.0764931 7.09182628101 0.0 7.09182628101 0.0
57848.0765394 7.11863751009 0.0 7.11863751009 0.0
57848.0766088 7.23380950814 0.0 7.23380950814 0.0
57848.0766551 7.06972418132 0.0 7.06972418132 0.0
57848.0767014 7.07926549862 0.0 7.07926549862 0.0
57848.0767477 7.13701618325 0.0 7.13701618325 0.0
57848.0768171 7.0983800969 0.0 7.0983800969 0.0
57848.0768634 6.99664205173 0.0 6.99664205173 0.0
57848.0769213 7.00371330081 0.0 7.00371330081 0.0
57848.076956 7.01313054206 0.0 7.01313054206 0.0
57848.0770255 7.03320694989 0.0 7.03320694989 0.0
57848.0770718 7.23007607152 0.0 7.23007607152 0.0
57848.0771296 7.49639913559 0.0 7.49639913559 0.0
57848.0771759 7.68693697125 0.0 7.68693697125 0.0
57848.0772454 7.77135766774 0.0 7.77135766774 0.0
57848.0772917 7.20846724346 0.0 7.20846724346 0.0
57848.077338 7.1343535096 0.0 7.1343535096 0.0
57848.0773843 7.17244728109 0.0 7.17244728109 0.0
57848.0774537 7.15870099948 0.0 7.15870099948 0.0
57848.0775 7.10042252264 0.0 7.10042252264 0.0
57848.0775463 7.0748144852 0.0 7.0748144852 0.0
57848.0775926 7.0330647658 0.0 7.0330647658 0.0
57848.077662 7.18734999843 0.0 7.18734999843 0.0
57848.0777083 7.09267227496 0.0 7.09267227496 0.0
57848.0777546 7.2104784862 0.0 7.2104784862 0.0
57848.0778009 7.39668844822 0.0 7.39668844822 0.0
57848.0778704 7.41093786238 0.0 7.41093786238 0.0
57848.0779167 7.07799406612 0.0 7.07799406612 0.0
57848.077963 7.05471473555 0.0 7.05471473555 0.0
57848.0780093 7.04215875993 0.0 7.04215875993 0.0
57848.0780787 7.03697378139 0.0 7.03697378139 0.0
57848.0781366 7.01591048974 0.0 7.01591048974 0.0
57848.0781829 7.01683689421 0.0 7.01683689421 0.0
57848.0782176 6.98584282675 0.0 6.98584282675 0.0
57848.078287 6.97065276714 0.0 6.97065276714 0.0
57848.0783449 6.95952584592 0.0 6.95952584592 0.0
57848.0783912 6.95966953238 0.0 6.95966953238 0.0
57848.0784375 6.99557002681 0.0 6.99557002681 0.0
57848.0785069 6.95334451901 0.0 6.95334451901 0.0
57848.0785532 6.94067720039 0.0 6.94067720039 0.0
57848.0785995 6.97875347036 0.0 6.97875347036 0.0
57848.0786458 7.04116467639 0.0 7.04116467639 0.0
57848.0787153 7.07954800817 0.0 7.07954800817 0.0
57848.0787616 6.98484072832 0.0 6.98484072832 0.0
57848.0788079 7.04116467639 0.0 7.04116467639 0.0
57848.0788542 7.06540869306 0.0 7.06540869306 0.0
57848.0789236 7.03342022063 0.0 7.03342022063 0.0
57848.0789699 7.05436035371 0.0 7.05436035371 0.0
57848.0790162 7.08639541657 0.0 7.08639541657 0.0
57848.0790741 7.2015970451 0.0 7.2015970451 0.0
57848.0791435 7.04854594934 0.0 7.04854594934 0.0
57848.0791782 7.02346068545 0.0 7.02346068545 0.0
57848.0792245 7.16142443931 0.0 7.16142443931 0.0
57848.0792824 7.24920685317 0.0 7.24920685317 0.0
57848.0793519 7.11667056987 0.0 7.11667056987 0.0
57848.0793981 7.11919939319 0.0 7.11919939319 0.0
57848.0794329 7.07608648901 0.0 7.07608648901 0.0
57848.0794907 7.09978872925 0.0 7.09978872925 0.0
57848.0795602 7.08364313048 0.0 7.08364313048 0.0
57848.0796065 7.04045453078 0.0 7.04045453078 0.0
57848.0796528 7.0301493583 0.0 7.0301493583 0.0
57848.0796991 7.01412859876 0.0 7.01412859876 0.0
57848.0797685 7.01248885917 0.0 7.01248885917 0.0
57848.0798148 7.0872420588 0.0 7.0872420588 0.0
57848.0798611 7.07827662641 0.0 7.07827662641 0.0
57848.0799074 7.10422409556 0.0 7.10422409556 0.0
57848.0799769 7.06109056733 0.0 7.06109056733 0.0
57848.0800231 6.98992131572 0.0 6.98992131572 0.0
57848.0800694 6.9943548666 0.0 6.9943548666 0.0
57848.0801157 7.06696540249 0.0 7.06696540249 0.0
57848.0801852 7.09323621487 0.0 7.09323621487 0.0
57848.0802315 7.11926962546 0.0 7.11926962546 0.0
57848.0802894 7.09267227496 0.0 7.09267227496 0.0
57848.0803241 7.09020451045 0.0 7.09020451045 0.0
57848.0804051 7.02346068545 0.0 7.02346068545 0.0
57848.0804398 7.09964787859 0.0 7.09964787859 0.0
57848.0804977 7.08350195878 0.0 7.08350195878 0.0
57848.080544 7.18630642263 0.0 7.18630642263 0.0
57848.0822917 67.3500111359 0.0 67.3500111359 0.0
57848.082338 82.2042030556 0.0 82.2042030556 0.0
57848.0823843 82.0150413034 0.0 82.0150413034 0.0
57848.0824306 72.7968199855 0.0 72.7968199855 0.0
57848.0825 55.6740963106 0.0 55.6740963106 0.0
57848.0825463 7.21914122316 0.0 7.21914122316 0.0
57848.0825926 7.30472449857 0.0 7.30472449857 0.0
57848.0826389 7.25954544032 0.0 7.25954544032 0.0
57848.0827199 7.17788269617 0.0 7.17788269617 0.0
57848.0827546 7.16965829032 0.0 7.16965829032 0.0
57848.0828009 7.13358255016 0.0 7.13358255016 0.0
57848.0828588 7.22461071616 0.0 7.22461071616 0.0
57848.0829282 7.23332565284 0.0 7.23332565284 0.0
57848.0829745 7.25782336517 0.0 7.25782336517 0.0
57848.0830093 7.23664286807 0.0 7.23664286807 0.0
57848.0830671 7.22066478934 0.0 7.22066478934 0.0
57848.0831366 7.11168053276 0.0 7.11168053276 0.0
57848.0831829 7.01405731371 0.0 7.01405731371 0.0
57848.0832292 7.11842679249 0.0 7.11842679249 0.0
57848.0832755 7.20534523809 0.0 7.20534523809 0.0
57848.0833449 7.26429624947 0.0 7.26429624947 0.0
57848.0833912 7.00742463392 0.0 7.00742463392 0.0
57848.0834375 7.03178497965 0.0 7.03178497965 0.0
57848.0834838 7.1825482943 0.0 7.1825482943 0.0
57848.0835532 7.10556120233 0.0 7.10556120233 0.0
57848.0835995 7.03526829623 0.0 7.03526829623 0.0
57848.0836458 7.03825262405 0.0 7.03825262405 0.0
57848.0836921 7.09182628101 0.0 7.09182628101 0.0
57848.0837616 7.08209008697 0.0 7.08209008697 0.0
57848.0838079 7.0039988578 0.0 7.0039988578 0.0
57848.0838657 7.10710911693 0.0 7.10710911693 0.0
57848.0839005 7.22973028543 0.0 7.22973028543 0.0
57848.0839699 7.53173286834 0.0 7.53173286834 0.0
57848.0840162 7.31730824826 0.0 7.31730824826 0.0
57848.0840741 7.40459316911 0.0 7.40459316911 0.0
57848.0841204 7.22052629661 0.0 7.22052629661 0.0
57848.0841898 7.07276466454 0.0 7.07276466454 0.0
57848.0842361 7.16784486439 0.0 7.16784486439 0.0
57848.0842824 7.26064735406 0.0 7.26064735406 0.0
57848.0843287 7.4261699415 0.0 7.4261699415 0.0
57848.0843981 7.43868267908 0.0 7.43868267908 0.0
57848.0844444 7.27330736323 0.0 7.27330736323 0.0
57848.0844907 7.26505333773 0.0 7.26505333773 0.0
57848.084537 7.23912978196 0.0 7.23912978196 0.0
57848.0846065 7.10865669448 0.0 7.10865669448 0.0
57848.0846528 6.9728043139 0.0 6.9728043139 0.0
57848.0846991 7.03597896529 0.0 7.03597896529 0.0
57848.0847454 7.12790291741 0.0 7.12790291741 0.0
57848.0848148 7.10197155725 0.0 7.10197155725 0.0
57848.0848611 7.03057607881 0.0 7.03057607881 0.0
57848.0849074 7.16128480093 0.0 7.16128480093 0.0
57848.0849537 7.17697707952 0.0 7.17697707952 0.0
57848.0850231 7.18672387114 0.0 7.18672387114 0.0
57848.085081 7.1043648555 0.0 7.1043648555 0.0
57848.0851273 7.11863751009 0.0 7.11863751009 0.0
57848.085162 7.10077460563 0.0 7.10077460563 0.0
57848.0852315 6.97373644469 0.0 6.97373644469 0.0
57848.0852894 6.99020743612 0.0 6.99020743612 0.0
57848.0853356 7.0413777061 0.0 7.0413777061 0.0
57848.0853819 7.05662808996 0.0 7.05662808996 0.0
57848.0854514 7.01975783058 0.0 7.01975783058 0.0
57848.0854977 7.01690815103 0.0 7.01690815103 0.0
57848.085544 7.0194016839 0.0 7.0194016839 0.0
57848.0855903 7.03214049917 0.0 7.03214049917 0.0
57848.0856597 7.08815914043 0.0 7.08815914043 0.0
57848.085706 7.03747113671 0.0 7.03747113671 0.0
57848.0857523 7.04393356016 0.0 7.04393356016 0.0
57848.0857986 7.08124282877 0.0 7.08124282877 0.0
57848.0858681 7.05017730274 0.0 7.05017730274 0.0
57848.0859144 7.11252416516 0.0 7.11252416516 0.0
57848.0859606 7.31546307488 0.0 7.31546307488 0.0
57848.0860185 7.53836852376 0.0 7.53836852376 0.0
57848.086088 7.21713239452 0.0 7.21713239452 0.0
57848.0861227 7.31389089336 0.0 7.31389089336 0.0
57848.086169 7.30184908088 0.0 7.30184908088 0.0
57848.0862269 7.22149568995 0.0 7.22149568995 0.0
57848.0862963 7.04797843357 0.0 7.04797843357 0.0
57848.0863426 7.02516903711 0.0 7.02516903711 0.0
57848.0863773 7.07566251315 0.0 7.07566251315 0.0
57848.0864352 7.14240855734 0.0 7.14240855734 0.0
57848.0865046 7.26925030522 0.0 7.26925030522 0.0
57848.0865509 7.14674751198 0.0 7.14674751198 0.0
57848.0865972 7.1576532467 0.0 7.1576532467 0.0
57848.0866435 7.16589143094 0.0 7.16589143094 0.0
57848.086713 7.05436035371 0.0 7.05436035371 0.0
57848.0867593 7.01042081476 0.0 7.01042081476 0.0
57848.0868056 7.05421859599 0.0 7.05421859599 0.0
57848.0868519 7.07361293824 0.0 7.07361293824 0.0
57848.0869213 6.99957141545 0.0 6.99957141545 0.0
57848.0869676 6.98884825991 0.0 6.98884825991 0.0
57848.0870139 7.03114499922 0.0 7.03114499922 0.0
57848.0870602 7.0748144852 0.0 7.0748144852 0.0
57848.0871296 7.03491293478 0.0 7.03491293478 0.0
57848.0871759 6.98870517335 0.0 6.98870517335 0.0
57848.0872338 7.00421301789 0.0 7.00421301789 0.0
57848.0872685 6.97595871547 0.0 6.97595871547 0.0
57848.0873495 7.03597896529 0.0 7.03597896529 0.0
57848.0873843 7.10485749329 0.0 7.10485749329 0.0
57848.0874421 7.23277263572 0.0 7.23277263572 0.0
57848.0874884 7.23767918604 0.0 7.23767918604 0.0
57848.0939815 63.7159006842 0.0 63.7159006842 0.0
57848.0940278 71.0248618443 0.0 71.0248618443 0.0
57848.0940741 73.9237377302 0.0 73.9237377302 0.0
57848.0941204 102.2988954 0.0 102.2988954 0.0
57848.0941898 106.042142566 0.0 106.042142566 0.0
57848.0942361 8.07452784997 0.0 8.07452784997 0.0
57848.0942824 7.76376197471 0.0 7.76376197471 0.0
57848.0943287 7.34431753126 0.0 7.34431753126 0.0
57848.0943981 7.01690815103 0.0 7.01690815103 0.0
57848.094456 7.34846922835 0.0 7.34846922835 0.0
57848.0944907 7.36654600203 0.0 7.36654600203 0.0
57848.094537 7.26209336211 0.0 7.26209336211 0.0
57848.0946065 6.98784659248 0.0 6.98784659248 0.0
57848.0946644 6.97946989391 0.0 6.97946989391 0.0
57848.0947106 6.99978571101 0.0 6.99978571101 0.0
57848.0947454 6.98999284692 0.0 6.98999284692 0.0
57848.0948264 6.86709545587 0.0 6.86709545587 0.0
57848.0948727 6.94175770248 0.0 6.94175770248 0.0
57848.094919 6.95643586904 0.0 6.95643586904 0.0
57848.0949653 6.95593271963 0.0 6.95593271963 0.0
57848.0950347 6.93635350887 0.0 6.93635350887 0.0
57848.095081 6.95442305299 0.0 6.95442305299 0.0
57848.0951273 7.03256709886 0.0 7.03256709886 0.0
57848.0951736 7.16240183179 0.0 7.16240183179 0.0
57848.0952431 7.10886770168 0.0 7.10886770168 0.0
57848.0952894 6.92047686218 0.0 6.92047686218 0.0
57848.0953356 6.98813279782 0.0 6.98813279782 0.0
57848.0953819 7.01156188021 0.0 7.01156188021 0.0
57848.095463 7.09520965159 0.0 7.09520965159 0.0
57848.0954977 7.0916852722 0.0 7.0916852722 0.0
57848.095544 7.02232155345 0.0 7.02232155345 0.0
57848.0956019 6.98011461224 0.0 6.98011461224 0.0
57848.0956713 7.06639936601 0.0 7.06639936601 0.0
57848.0957176 7.20041665461 0.0 7.20041665461 0.0
57848.0957523 7.32222643736 0.0 7.32222643736 0.0
57848.0958102 7.38505247104 0.0 7.38505247104 0.0
57848.0958796 7.13477399782 0.0 7.13477399782 0.0
57848.0959259 6.9608907476 0.0 6.9608907476 0.0
57848.0959722 6.96641945335 0.0 6.96641945335 0.0
57848.0960185 6.99914280466 0.0 6.99914280466 0.0
57848.096088 6.9153452553 0.0 6.9153452553 0.0
57848.0961343 6.9134651225 0.0 6.9134651225 0.0
57848.0961806 6.977893665 0.0 6.977893665 0.0
57848.0962269 7.03228270194 0.0 7.03228270194 0.0
57848.0962963 7.02239275461 0.0 7.02239275461 0.0
57848.0963426 7.06278981706 0.0 7.06278981706 0.0
57848.0963889 7.04840407468 0.0 7.04840407468 0.0
57848.0964352 7.08597205752 0.0 7.08597205752 0.0
57848.0965046 6.98813279782 0.0 6.98813279782 0.0
57848.0965509 6.91223552839 0.0 6.91223552839 0.0
57848.0966088 6.92076585357 0.0 6.92076585357 0.0
57848.0966435 6.96117806122 0.0 6.96117806122 0.0
57848.0967245 6.9606752546 0.0 6.9606752546 0.0
57848.0967593 6.9244494366 0.0 6.9244494366 0.0
57848.0968171 6.98290770382 0.0 6.98290770382 0.0
57848.0968634 7.05563604504 0.0 7.05563604504 0.0
57848.0969329 7.14646765892 0.0 7.14646765892 0.0
57848.0969792 6.9301515135 0.0 6.9301515135 0.0
57848.0970255 6.97180034138 0.0 6.97180034138 0.0
57848.0970718 6.97875347036 0.0 6.97875347036 0.0
57848.0971412 6.96275807421 0.0 6.96275807421 0.0
57848.0971875 7.02025640557 0.0 7.02025640557 0.0
57848.0972338 7.01576795511 0.0 7.01576795511 0.0
57848.0972801 7.06371007333 0.0 7.06371007333 0.0
57848.0973495 7.22910782877 0.0 7.22910782877 0.0
57848.0973958 7.18978441958 0.0 7.18978441958 0.0
57848.0974421 7.22869282789 0.0 7.22869282789 0.0
57848.0974884 7.12088477649 0.0 7.12088477649 0.0
57848.0975579 6.95859181157 0.0 6.95859181157 0.0
57848.0976157 6.94254996381 0.0 6.94254996381 0.0
57848.0976505 6.94103738644 0.0 6.94103738644 0.0
57848.0976968 6.92423280949 0.0 6.92423280949 0.0
57848.0977662 6.87357257909 0.0 6.87357257909 0.0
57848.0978241 6.9026082027 0.0 6.9026082027 0.0
57848.0978704 1.31224997619 0.0 1.31224997619 0.0
57848.1234722 71.2630549443 0.0 71.2630549443 0.0
57848.1235185 67.4985925779 0.0 67.4985925779 0.0
57848.1235648 63.5012755777 0.0 63.5012755777 0.0
57848.1236227 64.9801969834 0.0 64.9801969834 0.0
57848.1236921 59.8314465812 0.0 59.8314465812 0.0
57848.1237384 7.45124150729 0.0 7.45124150729 0.0
57848.1237731 7.44916102659 0.0 7.44916102659 0.0
57848.123831 7.44439386384 0.0 7.44439386384 0.0
57848.1239005 7.37339813112 0.0 7.37339813112 0.0
57848.1239468 7.29719124047 0.0 7.29719124047 0.0
57848.1239931 7.3177182236 0.0 7.3177182236 0.0
57848.1240394 7.28498455729 0.0 7.28498455729 0.0
57848.1241088 7.2688375962 0.0 7.2688375962 0.0
57848.1241551 7.39296963337 0.0 7.39296963337 0.0
57848.1242014 7.44251301645 0.0 7.44251301645 0.0
57848.1242477 7.53843485082 0.0 7.53843485082 0.0
57848.1243171 7.61859567112 0.0 7.61859567112 0.0
57848.1243634 7.29239329713 0.0 7.29239329713 0.0
57848.1244097 7.28079665971 0.0 7.28079665971 0.0
57848.124456 7.27743086535 0.0 7.27743086535 0.0
57848.1245255 7.24624040451 0.0 7.24624040451 0.0
57848.1245718 7.25871889523 0.0 7.25871889523 0.0
57848.1246296 7.32775545443 0.0 7.32775545443 0.0
57848.1246644 7.40540343263 0.0 7.40540343263 0.0
57848.1247338 7.34513444397 0.0 7.34513444397 0.0
57848.1247801 7.26312604875 0.0 7.26312604875 0.0
57848.124838 7.24699937905 0.0 7.24699937905 0.0
57848.1248843 7.25534285889 0.0 7.25534285889 0.0
57848.1249537 7.29136475565 0.0 7.29136475565 0.0
57848.1249884 7.29712272063 0.0 7.29712272063 0.0
57848.1250463 7.29527244179 0.0 7.29527244179 0.0
57848.1250926 7.28079665971 0.0 7.28079665971 0.0
57848.125162 7.23678105237 0.0 7.23678105237 0.0
57848.1252083 7.20874468961 0.0 7.20874468961 0.0
57848.1252546 7.22979944397 0.0 7.22979944397 0.0
57848.1253009 7.24009668444 0.0 7.24009668444 0.0
57848.1253704 7.24555035867 0.0 7.24555035867 0.0
57848.1254167 7.26670489287 0.0 7.26670489287 0.0
57848.125463 7.2444461486 0.0 7.2444461486 0.0
57848.1255093 7.25830558739 0.0 7.25830558739 0.0
57848.1255787 7.26464039027 0.0 7.26464039027 0.0
57848.125625 7.24492926121 0.0 7.24492926121 0.0
57848.1256713 7.24810320015 0.0 7.24810320015 0.0
57848.1257176 7.26973176947 0.0 7.26973176947 0.0
57848.125787 7.31812817598 0.0 7.31812817598 0.0
57848.1258449 7.26388325897 0.0 7.26388325897 0.0
57848.1258796 7.2547225998 0.0 7.2547225998 0.0
57848.1259259 7.29211903359 0.0 7.29211903359 0.0
57848.1259954 7.31846978541 0.0 7.31846978541 0.0
57848.1260532 7.31183971378 0.0 7.31183971378 0.0
57848.1260995 7.29684863486 0.0 7.29684863486 0.0
57848.1261343 7.27901092182 0.0 7.27901092182 0.0
57848.1262153 7.34275152787 0.0 7.34275152787 0.0
57848.1262616 7.43619526371 0.0 7.43619526371 0.0
57848.1263079 7.43915317761 0.0 7.43915317761 0.0
57848.1263542 7.42313949754 0.0 7.42313949754 0.0
57848.1264236 7.25361978601 0.0 7.25361978601 0.0
57848.1264699 7.22627151441 0.0 7.22627151441 0.0
57848.1265162 7.26952543155 0.0 7.26952543155 0.0
57848.1265625 7.30828297208 0.0 7.30828297208 0.0
57848.1266319 7.30520362481 0.0 7.30520362481 0.0
57848.1266782 7.23664286807 0.0 7.23664286807 0.0
57848.1267245 7.23878442834 0.0 7.23878442834 0.0
57848.1267708 7.27303237996 0.0 7.27303237996 0.0
57848.1268519 7.3252303718 0.0 7.3252303718 0.0
57848.1268866 7.27261988557 0.0 7.27261988557 0.0
57848.1269329 7.27447592614 0.0 7.27447592614 0.0
57848.1269907 7.25099993104 0.0 7.25099993104 0.0
57848.1270602 7.21089453535 0.0 7.21089453535 0.0
57848.1271065 7.24140870273 0.0 7.24140870273 0.0
57848.1271412 7.26546626171 0.0 7.26546626171 0.0
57848.1271991 7.24147774974 0.0 7.24147774974 0.0
57848.1272685 7.19743009692 0.0 7.19743009692 0.0
57848.1273148 7.21456859417 0.0 7.21456859417 0.0
57848.1273611 7.22848531852 0.0 7.22848531852 0.0
57848.1274074 7.25678992393 0.0 7.25678992393 0.0
57848.1274769 7.28402361336 0.0 7.28402361336 0.0
57848.1275231 7.2256487598 0.0 7.2256487598 0.0
57848.1275694 7.24824116597 0.0 7.24824116597 0.0
57848.1276157 7.23767918604 0.0 7.23767918604 0.0
57848.1276852 7.22613312914 0.0 7.22613312914 0.0
57848.1277315 7.23346390051 0.0 7.23346390051 0.0
57848.1277778 7.28553361121 0.0 7.28553361121 0.0
57848.1278241 7.26450273591 0.0 7.26450273591 0.0
57848.1278935 7.20812042075 0.0 7.20812042075 0.0
57848.1279398 7.18922805314 0.0 7.18922805314 0.0
57848.1279977 7.19068842323 0.0 7.19068842323 0.0
57848.1280324 7.20888340868 0.0 7.20888340868 0.0
57848.1281134 7.18790651024 0.0 7.18790651024 0.0
57848.1281481 7.16882138151 0.0 7.16882138151 0.0
57848.128206 7.18011141975 0.0 7.18011141975 0.0
57848.1282523 7.1787185486 0.0 7.1787185486 0.0
57848.1283218 7.18449719883 0.0 7.18449719883 0.0
57848.1283681 7.17760405707 0.0 7.17760405707 0.0
57848.1284144 1.13578166916 0.0 1.13578166916 0.0
57848.1284606 0.423083916026 0.0 0.423083916026 0.0
57848.1315972 12.0021664711 0.0 12.0021664711 0.0
57848.1316435 26.5241776498 0.0 26.5241776498 0.0
57848.1316898 64.2357065813 0.0 64.2357065813 0.0
57848.1317361 62.1247696173 0.0 62.1247696173 0.0
57848.1318056 55.6424208675 0.0 55.6424208675 0.0
57848.1318519 7.02438609417 0.0 7.02438609417 0.0
57848.1318981 6.996856437 0.0 6.996856437 0.0
57848.1319444 6.95851995758 0.0 6.95851995758 0.0
57848.1320255 6.90651865993 0.0 6.90651865993 0.0
57848.1320602 6.85259075095 0.0 6.85259075095 0.0
57848.1321065 6.88055230341 0.0 6.88055230341 0.0
57848.1321644 6.89847809303 0.0 6.89847809303 0.0
57848.1322338 6.88469316673 0.0 6.88469316673 0.0
57848.1322801 6.88374897857 0.0 6.88374897857 0.0
57848.1323148 6.88687156843 0.0 6.88687156843 0.0
57848.1323727 6.88716196993 0.0 6.88716196993 0.0
57848.1324421 6.87815382207 0.0 6.87815382207 0.0
57848.1324884 6.86520210919 0.0 6.86520210919 0.0
57848.1325347 6.89340264311 0.0 6.89340264311 0.0
57848.132581 7.01662311942 0.0 7.01662311942 0.0
57848.1326505 6.97244576888 0.0 6.97244576888 0.0
57848.1326968 6.90311523879 0.0 6.90311523879 0.0
57848.1327431 6.89731831946 0.0 6.89731831946 0.0
57848.1327894 6.92170499227 0.0 6.92170499227 0.0
57848.1328588 6.92712061393 0.0 6.92712061393 0.0
57848.1329051 6.97911169133 0.0 6.97911169133 0.0
57848.1329514 7.04968084384 0.0 7.04968084384 0.0
57848.1329977 6.90970332214 0.0 6.90970332214 0.0
57848.1330671 6.94341414579 0.0 6.94341414579 0.0
57848.1331134 6.91744172364 0.0 6.91744172364 0.0
57848.1331713 6.91917625155 0.0 6.91917625155 0.0
57848.133206 6.91563446113 0.0 6.91563446113 0.0
57848.1332755 6.88796051092 0.0 6.88796051092 0.0
57848.1333218 6.94370218255 0.0 6.94370218255 0.0
57848.1333796 6.8942729856 0.0 6.8942729856 0.0
57848.1334259 6.89818816792 0.0 6.89818816792 0.0
57848.1334954 6.91708030892 0.0 6.91708030892 0.0
57848.1335417 6.92791454913 0.0 6.92791454913 0.0
57848.133588 6.91057161167 0.0 6.91057161167 0.0
57848.1336343 6.90036230933 0.0 6.90036230933 0.0
57848.1337037 6.91201851849 0.0 6.91201851849 0.0
57848.13375 6.90470853838 0.0 6.90470853838 0.0
57848.1337963 6.91700802371 0.0 6.91700802371 0.0
57848.1338426 6.93534425966 0.0 6.93534425966 0.0
57848.133912 6.97230234571 0.0 6.97230234571 0.0
57848.1339583 6.97918333331 0.0 6.97918333331 0.0
57848.1340046 6.97674709302 0.0 6.97674709302 0.0
57848.1340509 7.05017730274 0.0 7.05017730274 0.0
57848.1341204 7.03391782721 0.0 7.03391782721 0.0
57848.1341667 6.90441887489 0.0 6.90441887489 0.0
57848.134213 6.90941386805 0.0 6.90941386805 0.0
57848.1342593 6.97251747936 0.0 6.97251747936 0.0
57848.1343287 7.02452845392 0.0 7.02452845392 0.0
57848.1343866 6.93765089926 0.0 6.93765089926 0.0
57848.1344329 6.96017241166 0.0 6.96017241166 0.0
57848.1344676 6.9618962934 0.0 6.9618962934 0.0
57848.134537 6.99321099353 0.0 6.99321099353 0.0
57848.1345949 6.94190175672 0.0 6.94190175672 0.0
57848.1346412 6.95737019282 0.0 6.95737019282 0.0
57848.1346875 6.95233773633 0.0 6.95233773633 0.0
57848.1347569 6.90934150263 0.0 6.90934150263 0.0
57848.1348032 6.92942999099 0.0 6.92942999099 0.0
57848.1348495 6.93894804707 0.0 6.93894804707 0.0
57848.1348958 6.94247794379 0.0 6.94247794379 0.0
57848.1349653 6.99035049193 0.0 6.99035049193 0.0
57848.1350116 6.93923626922 0.0 6.93923626922 0.0
57848.1350579 6.92040461245 0.0 6.92040461245 0.0
57848.1351042 6.96196811254 0.0 6.96196811254 0.0
57848.1351736 6.92870839334 0.0 6.92870839334 0.0
57848.1352199 6.96541456053 0.0 6.96541456053 0.0
57848.1352662 6.98340890969 0.0 6.98340890969 0.0
57848.1353241 6.97330624596 0.0 6.97330624596 0.0
57848.1353935 6.98312251074 0.0 6.98312251074 0.0
57848.1354282 6.98240646196 0.0 6.98240646196 0.0
57848.1354745 7.00121418041 0.0 7.00121418041 0.0
57848.1355324 7.1202528045 0.0 7.1202528045 0.0
57848.1356019 7.09140324618 0.0 7.09140324618 0.0
57848.1356481 6.99285349482 0.0 6.99285349482 0.0
57848.1356829 6.9660605797 0.0 6.9660605797 0.0
57848.1357407 6.99406891587 0.0 6.99406891587 0.0
57848.1358102 7.01498396292 0.0 7.01498396292 0.0
57848.1358565 6.97201549052 0.0 6.97201549052 0.0
57848.1359028 7.01598175596 0.0 7.01598175596 0.0
57848.1359491 7.1158976946 0.0 7.1158976946 0.0
57848.1360185 7.20874468961 0.0 7.20874468961 0.0
57848.1360648 7.01705066249 0.0 7.01705066249 0.0
57848.1361111 6.98555652758 0.0 6.98555652758 0.0
57848.1361574 7.01662311942 0.0 7.01662311942 0.0
57848.1362269 7.14807666439 0.0 7.14807666439 0.0
57848.1362731 7.00706786038 0.0 7.00706786038 0.0
57848.1363194 7.02225035156 0.0 7.02225035156 0.0
57848.1363657 7.04627561198 0.0 7.04627561198 0.0
57848.1364352 7.0270904363 0.0 7.0270904363 0.0
57848.1364815 7.12832378614 0.0 7.12832378614 0.0
57848.1365394 7.29623190421 0.0 7.29623190421 0.0
57848.1365741 7.33457565235 0.0 7.33457565235 0.0
57848.1366551 7.17035563972 0.0 7.17035563972 0.0
57848.1366898 7.04031249306 0.0 7.04031249306 0.0
57848.1367477 7.12544735438 0.0 7.12544735438 0.0
57848.146875 1.75299743297 0.0 1.75299743297 0.0
57848.1469213 5.23096549406 0.0 5.23096549406 0.0
57848.1469676 63.9226094586 0.0 63.9226094586 0.0
57848.1470139 61.9785124055 0.0 61.9785124055 0.0
57848.1470833 50.6630141227 0.0 50.6630141227 0.0
57848.1471296 7.25803003576 0.0 7.25803003576 0.0
57848.1471759 7.22682502902 0.0 7.22682502902 0.0
57848.1472222 7.20416546173 0.0 7.20416546173 0.0
57848.1473032 7.17300494911 0.0 7.17300494911 0.0
57848.147338 7.19235705454 0.0 7.19235705454 0.0
57848.1473843 7.11533555077 0.0 7.11533555077 0.0
57848.1474421 7.08343137187 0.0 7.08343137187 0.0
57848.1475116 7.06222344591 0.0 7.06222344591 0.0
57848.1475579 7.16610075285 0.0 7.16610075285 0.0
57848.1475926 7.14107834994 0.0 7.14107834994 0.0
57848.1476505 7.10176034515 0.0 7.10176034515 0.0
57848.1477199 7.05528170947 0.0 7.05528170947 0.0
57848.1477662 7.08166647054 0.0 7.08166647054 0.0
57848.1478125 7.07142135642 0.0 7.07142135642 0.0
57848.1478588 7.08364313048 0.0 7.08364313048 0.0
57848.1479282 7.06781437221 0.0 7.06781437221 0.0
57848.1479745 7.052659073 0.0 7.052659073 0.0
57848.1480208 7.05924925187 0.0 7.05924925187 0.0
57848.1480671 7.0442174867 0.0 7.0442174867 0.0
57848.1481366 7.03626321281 0.0 7.03626321281 0.0
57848.1481829 7.05301354032 0.0 7.05301354032 0.0
57848.1482292 7.0573366081 0.0 7.0573366081 0.0
57848.1482755 7.05457298495 0.0 7.05457298495 0.0
57848.1483449 7.03164276681 0.0 7.03164276681 0.0
57848.1483912 7.07403703694 0.0 7.07403703694 0.0
57848.1484491 7.06031160785 0.0 7.06031160785 0.0
57848.1484838 7.06668238992 0.0 7.06668238992 0.0
57848.1485532 7.04748181977 0.0 7.04748181977 0.0
57848.1485995 7.04670135595 0.0 7.04670135595 0.0
57848.1486574 7.04833313628 0.0 7.04833313628 0.0
57848.1487037 7.05202098692 0.0 7.05202098692 0.0
57848.1487731 7.08766534199 0.0 7.08766534199 0.0
57848.1488194 7.10724981973 0.0 7.10724981973 0.0
57848.1488657 7.08561923899 0.0 7.08561923899 0.0
57848.148912 7.08639541657 0.0 7.08639541657 0.0
57848.1489815 7.10985231914 0.0 7.10985231914 0.0
57848.1490278 7.12621919393 0.0 7.12621919393 0.0
57848.1490741 7.14744709669 0.0 7.14744709669 0.0
57848.1491204 7.1961100603 0.0 7.1961100603 0.0
57848.1491898 7.2113105605 0.0 7.2113105605 0.0
57848.1492361 7.18157364371 0.0 7.18157364371 0.0
57848.1492824 7.21033979782 0.0 7.21033979782 0.0
57848.1493287 7.21380620754 0.0 7.21380620754 0.0
57848.1493981 7.1655425475 0.0 7.1655425475 0.0
57848.1494444 7.05358065099 0.0 7.05358065099 0.0
57848.1494907 7.06569175665 0.0 7.06569175665 0.0
57848.149537 7.11041489647 0.0 7.11041489647 0.0
57848.1496065 7.16910036197 0.0 7.16910036197 0.0
57848.1496644 7.09788700953 0.0 7.09788700953 0.0
57848.1497106 7.09281326414 0.0 7.09281326414 0.0
57848.1497454 7.06463020971 0.0 7.06463020971 0.0
57848.1498148 7.04620465215 0.0 7.04620465215 0.0
57848.1498727 7.0673899001 0.0 7.0673899001 0.0
57848.149919 7.05336798983 0.0 7.05336798983 0.0
57848.1499653 7.05648637779 0.0 7.05648637779 0.0
57848.1500347 7.0486168856 0.0 7.0486168856 0.0
57848.150081 7.06703615386 0.0 7.06703615386 0.0
57848.1501273 7.08237248385 0.0 7.08237248385 0.0
57848.1501736 7.08851183254 0.0 7.08851183254 0.0
57848.1502431 7.10703876449 0.0 7.10703876449 0.0
57848.1502894 7.15506813385 0.0 7.15506813385 0.0
57848.1503356 7.21262781516 0.0 7.21262781516 0.0
57848.1503819 7.19242657244 0.0 7.19242657244 0.0
57848.1504514 7.0659748089 0.0 7.0659748089 0.0
57848.1504977 7.26126710706 0.0 7.26126710706 0.0
57848.150544 7.29965752621 0.0 7.29965752621 0.0
57848.1506019 7.39053448676 0.0 7.39053448676 0.0
57848.1506713 7.25099993104 0.0 7.25099993104 0.0
57848.150706 7.14331855653 0.0 7.14331855653 0.0
57848.1507523 7.19465079069 0.0 7.19465079069 0.0
57848.1508102 7.23028353524 0.0 7.23028353524 0.0
57848.1508796 7.16512386494 0.0 7.16512386494 0.0
57848.1509259 7.06986562814 0.0 7.06986562814 0.0
57848.1509606 7.08844129552 0.0 7.08844129552 0.0
57848.1510185 7.0808897746 0.0 7.0808897746 0.0
57848.151088 7.05917842245 0.0 7.05917842245 0.0
57848.1511343 7.04116467639 0.0 7.04116467639 0.0
57848.1511806 7.04968084384 0.0 7.04968084384 0.0
57848.1512269 7.06661163501 0.0 7.06661163501 0.0
57848.1512963 7.10168993973 0.0 7.10168993973 0.0
57848.1513426 7.06958273168 0.0 7.06958273168 0.0
57848.1513889 7.09830965794 0.0 7.09830965794 0.0
57848.1514352 7.09443443835 0.0 7.09443443835 0.0
57848.1515046 7.06463020971 0.0 7.06463020971 0.0
57848.1515509 7.044927253 0.0 7.044927253 0.0
57848.1515972 7.06406398612 0.0 7.06406398612 0.0
57848.1516435 7.05861176153 0.0 7.05861176153 0.0
57848.151713 7.08378429937 0.0 7.08378429937 0.0
57848.1517593 7.06016996963 0.0 7.06016996963 0.0
57848.1518171 7.04797843357 0.0 7.04797843357 0.0
57848.1518519 7.04911341943 0.0 7.04911341943 0.0
57848.1519329 7.0525881774 0.0 7.0525881774 0.0
57848.1519676 7.06823881883 0.0 7.06823881883 0.0
57848.1520255 0.262678510731 0.0 0.262678510731 0.0
57848.1520718 0.0894427191 0.0 0.0894427191 0.0
57848.1559028 0.327108544676 0.0 0.327108544676 0.0
57848.1559491 1.00548495762 0.0 1.00548495762 0.0
57848.1559954 102.532219326 0.0 102.532219326 0.0
57848.1560417 107.558960575 0.0 107.558960575 0.0
57848.1561111 79.0561762293 0.0 79.0561762293 0.0
57848.1561574 7.73181738015 0.0 7.73181738015 0.0
57848.1562037 7.74758026741 0.0 7.74758026741 0.0
57848.15625 7.87140394085 0.0 7.87140394085 0.0
57848.156331 7.95487272054 0.0 7.95487272054 0.0
57848.1563657 7.52515780565 0.0 7.52515780565 0.0
57848.156412 7.56868548693 0.0 7.56868548693 0.0
57848.1564699 7.59381327134 0.0 7.59381327134 0.0
57848.1565394 7.5711954142 0.0 7.5711954142 0.0
57848.1565856 7.45995978541 0.0 7.45995978541 0.0
57848.1566204 7.39972972479 0.0 7.39972972479 0.0
57848.1566782 7.43014131763 0.0 7.43014131763 0.0
57848.1567477 7.4519125062 0.0 7.4519125062 0.0
57848.156794 7.63315138066 0.0 7.63315138066 0.0
57848.1568403 7.65382257437 0.0 7.65382257437 0.0
57848.1568866 7.6005920822 0.0 7.6005920822 0.0
57848.156956 7.52947541333 0.0 7.52947541333 0.0
57848.1570023 7.61334354932 0.0 7.61334354932 0.0
57848.1570486 7.75119345649 0.0 7.75119345649 0.0
57848.1570949 7.74254480129 0.0 7.74254480129 0.0
57848.1571644 7.45493125387 0.0 7.45493125387 0.0
57848.1572106 7.69330878101 0.0 7.69330878101 0.0
57848.1572569 7.74002583975 0.0 7.74002583975 0.0
57848.1573032 7.68088536563 0.0 7.68088536563 0.0
57848.1573727 7.54612483332 0.0 7.54612483332 0.0
57848.157419 7.61367191308 0.0 7.61367191308 0.0
57848.1574769 7.5870284038 0.0 7.5870284038 0.0
57848.1575116 7.65238524906 0.0 7.65238524906 0.0
57848.157581 7.6827729369 0.0 7.6827729369 0.0
57848.1576273 7.42489057158 0.0 7.42489057158 0.0
57848.1576852 7.40763120032 0.0 7.40763120032 0.0
57848.1577315 7.42219644041 0.0 7.42219644041 0.0
57848.1578009 7.38173421358 0.0 7.38173421358 0.0
57848.1578472 7.44963086334 0.0 7.44963086334 0.0
57848.1578935 7.44217710082 0.0 7.44217710082 0.0
57848.1579398 7.40796868244 0.0 7.40796868244 0.0
57848.1580093 7.4050658336 0.0 7.4050658336 0.0
57848.1580556 7.40074320592 0.0 7.40074320592 0.0
57848.1581019 7.39425452632 0.0 7.39425452632 0.0
57848.1581481 7.40945342114 0.0 7.40945342114 0.0
57848.1582176 7.40378281691 0.0 7.40378281691 0.0
57848.1582639 7.44405803309 0.0 7.44405803309 0.0
57848.1583102 7.47442305466 0.0 7.47442305466 0.0
57848.1583565 7.48030748031 0.0 7.48030748031 0.0
57848.1584259 7.42502525248 0.0 7.42502525248 0.0
57848.1584722 7.47127833774 0.0 7.47127833774 0.0
57848.1585185 7.50513157779 0.0 7.50513157779 0.0
57848.1585648 7.56260537117 0.0 7.56260537117 0.0
57848.1586343 7.60210497165 0.0 7.60210497165 0.0
57848.1586921 7.45660780784 0.0 7.45660780784 0.0
57848.1587384 7.45318723769 0.0 7.45318723769 0.0
57848.1587731 7.43054506749 0.0 7.43054506749 0.0
57848.1588426 7.44553557509 0.0 7.44553557509 0.0
57848.1589005 7.55096020384 0.0 7.55096020384 0.0
57848.1589468 7.47917107706 0.0 7.47917107706 0.0
57848.1589931 7.43841380941 0.0 7.43841380941 0.0
57848.1590625 7.49639913559 0.0 7.49639913559 0.0
57848.1591088 7.47756644905 0.0 7.47756644905 0.0
57848.1591551 7.49753292757 0.0 7.49753292757 0.0
57848.1592014 7.61820188758 0.0 7.61820188758 0.0
57848.1592708 7.52562289781 0.0 7.52562289781 0.0
57848.1593171 7.48278023197 0.0 7.48278023197 0.0
57848.1593634 7.48124321219 0.0 7.48124321219 0.0
57848.1594097 7.43989247234 0.0 7.43989247234 0.0
57848.1594792 7.53233031671 0.0 7.53233031671 0.0
57848.1595255 7.62122037472 0.0 7.62122037472 0.0
57848.1595718 7.61163582944 0.0 7.61163582944 0.0
57848.1596296 7.54314258118 0.0 7.54314258118 0.0
57848.1596991 7.42610261173 0.0 7.42610261173 0.0
57848.1597338 7.52814718241 0.0 7.52814718241 0.0
57848.1597801 7.56630689306 0.0 7.56630689306 0.0
57848.159838 7.59315481207 0.0 7.59315481207 0.0
57848.1599074 7.53398964693 0.0 7.53398964693 0.0
57848.1599537 7.46886872291 0.0 7.46886872291 0.0
57848.1599884 7.49039384812 0.0 7.49039384812 0.0
57848.1600463 7.48404970587 0.0 7.48404970587 0.0
57848.1601157 7.45077177211 0.0 7.45077177211 0.0
57848.160162 7.47181370217 0.0 7.47181370217 0.0
57848.1602083 7.44956374562 0.0 7.44956374562 0.0
57848.1602546 7.4613001548 0.0 7.4613001548 0.0
57848.1603241 7.48304750753 0.0 7.48304750753 0.0
57848.1603704 7.51511809621 0.0 7.51511809621 0.0
57848.1604167 7.54665488809 0.0 7.54665488809 0.0
57848.160463 7.53631209545 0.0 7.53631209545 0.0
57848.1605324 7.50732975165 0.0 7.50732975165 0.0
57848.1605787 7.47007362748 0.0 7.47007362748 0.0
57848.160625 7.46866788658 0.0 7.46866788658 0.0
57848.1606713 7.4881239306 0.0 7.4881239306 0.0
57848.1607407 7.46699404044 0.0 7.46699404044 0.0
57848.160787 7.47997326198 0.0 7.47997326198 0.0
57848.1608449 7.49152854897 0.0 7.49152854897 0.0
57848.1608796 7.48632085874 0.0 7.48632085874 0.0
57848.1609606 7.44801987108 0.0 7.44801987108 0.0
57848.1609954 7.473620274 0.0 7.473620274 0.0
57848.1610532 7.49339709344 0.0 7.49339709344 0.0
