57853.050527777785 203.7714592772992 0.0 132.61879626206837 0.0
57853.05152777778 203.7714592772992 0.0 132.61879626206837 0.0
57853.05164351852 209.6261776973477 0.0 134.70418558456154 0.0
57853.051770833335 243.51476255249906 0.0 260.8472760678171 0.0
57853.051886574074 243.13111924947 0.0 260.23300354470797 0.0
57853.05200231481 242.746869627602 0.0 259.6172776141834 0.0
57853.052083333336 242.47753258910402 0.0 259.18539913949627 0.0
57853.06539351852 185.9484333088074 0.0 138.33445157660475 0.0
57853.06550925926 228.0646035962179 0.0 129.04969713060157 0.0
57853.065625 263.53388202847844 0.0 119.04296773014356 0.0
57853.06575231482 170.40827351393477 0.0 120.4007190593146 0.0
57853.06586805556 229.9906344451878 0.0 207.99051493060927 0.0
57853.06597222222 272.70264567473487 0.0 262.958938499911 0.0
57853.065983796296 210.51725012454443 0.0 187.0186306147064 0.0
57853.06611111111 188.82518670188043 0.0 235.00446560437953 0.0
57853.06622685185 283.97453218730726 0.0 163.6566961049868 0.0
57853.066342592596 272.20850519408833 0.0 243.36730457068387 0.0
57853.066458333335 226.477045114952 0.0 226.44968455045372 0.0
57853.06658564815 229.0057898482045 0.0 246.1376425640743 0.0
57853.066666666666 285.7429548440346 0.0 227.9538500486447 0.0
57853.06670138889 279.38474474995945 0.0 211.59978750698215 0.0
57853.06681712963 257.0573868205308 0.0 115.24904270318257 0.0
57853.06694444444 208.68634141696958 0.0 112.36019540744846 0.0
57853.06706018518 116.41945060856455 0.0 163.6354697124068 0.0
57853.06717592593 144.7834936793556 0.0 143.01507406214213 0.0
57853.06730324074 154.28380125923783 0.0 152.13032019620545 0.0
57853.06736111111 125.46809870640425 0.0 124.38190929552417 0.0
57853.06741898148 108.92618998202407 0.0 108.31737175541141 0.0
57853.06753472222 151.08859993725537 0.0 148.59668187076048 0.0
57853.067662037036 197.20343637472445 0.0 242.377711374004 0.0
57853.067777777775 231.2801236142008 0.0 303.44631332247224 0.0
57853.06789351852 144.84699726953266 0.0 247.89167030781812 0.0
57853.068020833336 280.12582513220735 0.0 288.60416126521807 0.0
57853.06805555556 302.2369781661404 0.0 298.7462021013824 0.0
57853.068136574075 284.6731048694274 0.0 225.51603825448868 0.0
57853.06825231481 257.51207824702124 0.0 242.86336756909222 0.0
57853.06837962963 223.8605227164897 0.0 172.5458754166555 0.0
57853.06849537037 188.1149314594671 0.0 92.35917349132137 0.0
57853.06861111111 211.15298365876814 0.0 153.34013352674503 0.0
57853.06873842593 238.19017872280125 0.0 141.62916972149486 0.0
57853.06875 280.764886258948 0.0 180.49816988822906 0.0
57853.06885416667 254.84365076650428 0.0 294.4267248960257 0.0
57853.06896990741 172.1571533076683 0.0 189.85913229892316 0.0
57853.06909722222 180.41656785339865 0.0 195.0734302845982 0.0
57853.06921296296 159.026012321884 0.0 152.29285305620877 0.0
57853.06932870371 113.38588321744466 0.0 105.70725659102122 0.0
57853.069444444445 117.24363687211344 0.0 112.0868968836233 0.0
57853.06945601852 121.52098037376098 0.0 119.69968912658044 0.0
57853.06957175926 244.56907587223697 0.0 165.11975908715468 0.0
57853.0696875 233.01209540129028 0.0 194.7370516637756 0.0
57853.069814814815 223.38966703721997 0.0 222.814501739227 0.0
57853.06993055555 206.64923042924693 0.0 245.56931126466108 0.0
57853.0700462963 194.40294126813 0.0 291.0776872434574 0.0
57853.07013888889 184.0200610884585 0.0 156.22062986046367 0.0
57853.07361111111 126.90874416682249 0.0 113.16448251991434 0.0
57853.07430555556 126.69810060533662 0.0 113.01588462247243 0.0
57853.075 132.24230083071 0.0 118.11415769923605 0.0
57853.075694444444 137.7274178223058 0.0 123.00262395575145 0.0
57853.07638888889 140.26303013624081 0.0 125.2749111394616 0.0
57853.07708333333 137.79849168985848 0.0 123.08739101548949 0.0
57853.07777777778 140.19366034881892 0.0 125.35650355286717 0.0
57853.10625 159.25264810985092 0.0 143.7350608932977 0.0
57853.106944444444 159.61110193529774 0.0 144.4391106175886 0.0
57853.10763888889 158.62358647754752 0.0 143.53966140060385 0.0
57853.10833333333 159.79351614505515 0.0 144.6915013571979 0.0
57853.10902777778 153.8624170809753 0.0 139.58363186634742 0.0
57853.126388888886 167.37577073160858 0.0 153.91922496881278 0.0
57853.12708333333 168.08026768779254 0.0 154.5951021895584 0.0
57853.12777777778 170.3506667465672 0.0 156.63067062360423 0.0
57853.12847222222 173.45246554892208 0.0 159.83593785191115 0.0
57853.129166666666 173.55936692958983 0.0 160.12066776653162 0.0
57853.131944444445 177.76121103604126 0.0 164.3561550505487 0.0
57853.13263888889 174.53106729175755 0.0 161.97465478586457 0.0
57853.13333333333 177.26295142527667 0.0 164.43527355163187 0.0
57853.13402777778 179.2114707210451 0.0 166.55868502722998 0.0
57853.134722222225 176.1070906636073 0.0 164.00377668822142 0.0
57853.1528587963 93.84567980999445 0.0 85.86569805807206 0.0
57853.152974537035 77.38794227139006 0.0 73.52415673096836 0.0
57853.15310185185 94.23096514946666 0.0 89.92538870641594 0.0
57853.15321759259 82.13610035179416 0.0 76.54141193497804 0.0
57853.153333333335 66.3924061169649 0.0 61.73598131559909 0.0
57853.15346064815 105.15572875977799 0.0 96.77127778943502 0.0
57853.15347222222 85.31129596952563 0.0 78.4311612944753 0.0
57853.15357638889 73.90163714695366 0.0 67.91400617692936 0.0
57853.15369212963 79.00939104309057 0.0 72.33751372559054 0.0
57853.153819444444 76.48466180875745 0.0 71.27161667171582 0.0
57853.15393518518 68.06311287327372 0.0 62.79627073322109 0.0
57853.15405092593 82.61506212549864 0.0 75.16581691167868 0.0
57853.15416666667 81.47191559672572 0.0 74.82999113991661 0.0
57853.154178240744 80.22450808823947 0.0 74.37402131120785 0.0
57853.15429398148 74.43136773565296 0.0 68.48604279705464 0.0
57853.15440972222 71.34461229833687 0.0 66.58016439601212 0.0
57853.15453703704 83.41260377784643 0.0 77.74187504170452 0.0
57853.154652777775 74.47899231998242 0.0 68.60622304135391 0.0
57853.15476851852 74.66473603381988 0.0 70.58397026237614 0.0
57853.154861111114 79.3346131962588 0.0 75.04339320020118 0.0
57853.15489583334 85.10704268742981 0.0 80.54194890862773 0.0
57853.155011574076 166.90041399289578 0.0 143.71791916807035 0.0
57853.155127314814 87.3276830163265 0.0 84.11281383356521 0.0
57853.15525462963 110.13783660486527 0.0 97.55426288994244 0.0
57853.15537037037 166.4006867864433 0.0 153.12773064993812 0.0
57853.155486111114 190.63926574292086 0.0 170.87149606356235 0.0
57853.15555555555 191.47830149392905 0.0 179.70912208065565 0.0
57853.15655555555 191.47830149392905 0.0 179.70912208065565 0.0
