57848.1909838 16636.6366366 16636.6366366
57848.2014005 14246.2462462 14246.2462462
57848.2083449 13015.015015 13015.015015
57848.2215394 11363.3633634 11363.3633634
57848.2291782 17249.2492492 17249.2492492
57848.2347338 10732.7327327 10732.7327327
57848.2423727 13963.963964 13963.963964
57848.2479282 10150.1501502 10150.1501502
57848.2583449 12090.0900901 12090.0900901
57848.2639005 9543.54354354 9543.54354354
57848.2715394 10894.8948949 10894.8948949
57848.2770949 9225.22522523 9225.22522523
57848.2847338 10228.2282282 10228.2282282
57848.2902894 8924.92492492 8924.92492492
57848.2979282 9699.6996997 9699.6996997
57848.3111227 8696.6966967 8696.6966967
57848.3166782 9171.17117117 9171.17117117
57848.3243171 8576.57657658 8576.57657658
57848.3298727 9057.05705706 9057.05705706
57848.3375116 8600.6006006 8600.6006006
57848.3430671 8900.9009009 8900.9009009
57848.3534838 8792.79279279 8792.79279279
57848.3604282 8816.81681682 8816.81681682
57848.3673727 8570.57057057 8570.57057057
57848.3743171 8816.81681682 8816.81681682
57848.3805671 8552.55255255 8552.55255255
