57850.68382638889 81.65852481498793 0.0 75.5004751226772 0.0
57850.68482638889 81.65852481498793 0.0 75.5004751226772 0.0
57850.68494212963 81.69110903519427 0.0 75.54160145469515 0.0
57850.68505787037 81.82776601765443 0.0 75.60452635755348 0.0
57850.68518518518 81.31116995905298 0.0 75.22848366735833 0.0
57850.68530092593 81.46353704879257 0.0 75.35611398532969 0.0
57850.68541666667 81.28907497991351 0.0 75.13779004309349 0.0
57850.68554398148 81.39718829019833 0.0 75.29192714507977 0.0
57850.68565972222 81.29960789241237 0.0 75.15942060540382 0.0
57850.68577546296 81.17092474500953 0.0 75.06491096850777 0.0
57850.685902777775 81.14868128977821 0.0 75.04330510931672 0.0
57850.68601851852 81.41970200301644 0.0 75.4524321094423 0.0
57850.686111111114 81.2705657341574 0.0 75.26157498989774 0.0
57850.68613425926 81.1575624550787 0.0 75.10069756387087 0.0
57850.686261574076 81.17348262992047 0.0 75.16647806436058 0.0
57850.686377314814 81.12257463684199 0.0 75.08145181368032 0.0
57850.68649305555 81.17882129958528 0.0 75.16045048487935 0.0
57850.68662037037 81.00482501734079 0.0 74.93313377565362 0.0
57850.686736111114 80.95742092655867 0.0 74.91690809917345 0.0
57850.68680555555 80.95647329565438 0.0 74.90865847470505 0.0
57850.68685185185 80.95847564579017 0.0 74.89436295930422 0.0
57850.68696759259 80.97494659868569 0.0 74.93575929868196 0.0
57850.68709490741 80.93065807566376 0.0 74.8488933675041 0.0
57850.687210648146 81.0338945835013 0.0 75.00862017061772 0.0
57850.68732638889 81.85184480217902 0.0 75.56000733860472 0.0
57850.6874537037 82.77842833582913 0.0 76.51553613744075 0.0
57850.6875 81.99180466125868 0.0 75.87836183497902 0.0
57850.687569444446 81.22892709546274 0.0 75.25622713842357 0.0
57850.687685185185 81.55405488465917 0.0 75.39503115935426 0.0
57850.6878125 80.94989800512414 0.0 74.78520341243981 0.0
57850.68792824074 80.90235459187822 0.0 74.88839065976782 0.0
57850.688043981485 80.85569557780083 0.0 74.98877668531472 0.0
57850.68817129629 80.94543636524544 0.0 74.78659347135688 0.0
57850.68819444445 80.90082067346412 0.0 74.737654683767 0.0
57850.70417824074 79.05861362331116 0.0 73.03221150293889 0.0
57850.704305555555 79.15983067313876 0.0 73.11698474102991 0.0
57850.704421296294 79.22342722679952 0.0 73.13857826667127 0.0
57850.70453703704 79.23156691136431 0.0 73.17515696129391 0.0
57850.704664351855 79.50380922452709 0.0 73.5245598755273 0.0
57850.704780092594 79.52246810744747 0.0 73.35974705790636 0.0
57850.70486111111 79.41506305859109 0.0 73.3112533783184 0.0
57850.70489583333 79.2636381923641 0.0 73.25739255563222 0.0
57850.70501157407 79.24985666668427 0.0 73.19384798553769 0.0
57850.70513888889 79.20071619947637 0.0 73.11385151775278 0.0
57850.70525462963 78.97088868627476 0.0 73.00535589811201 0.0
57850.70537037037 79.66608962350293 0.0 73.73938385876302 0.0
57850.70549768519 79.35114673393196 0.0 73.30250908086298 0.0
57850.705555555556 79.04529954823373 0.0 73.07052864075912 0.0
57850.705613425926 78.76784542057756 0.0 72.84197915590981 0.0
57850.705729166664 79.23707150683953 0.0 73.27494155016434 0.0
57850.70585648148 79.0433234122908 0.0 73.10013861218049 0.0
57850.705972222226 79.31867696066293 0.0 73.18762710848057 0.0
57850.706087962964 78.84446280189879 0.0 72.87269706776331 0.0
57850.70621527778 79.08584844414328 0.0 73.03658750817976 0.0
57850.70625 79.0347401867685 0.0 73.01125061365543 0.0
57850.70633101852 78.98132285407733 0.0 72.97472220447297 0.0
57850.70644675926 78.74977352894419 0.0 72.82079784965282 0.0
57850.70657407407 78.89433303450889 0.0 72.95772931088247 0.0
57850.70668981481 78.78323275494603 0.0 72.81047586020847 0.0
57850.70680555556 78.86831945920999 0.0 72.96116788353926 0.0
57850.70693287037 78.846578927053 0.0 72.86673033181879 0.0
57850.70694444444 78.86029216735125 0.0 72.81877962380308 0.0
57850.70704861111 78.89171726208018 0.0 72.78445142789771 0.0
57850.70716435185 78.65010039084503 0.0 72.61763976397195 0.0
57850.707291666666 78.73868098628526 0.0 72.68783522082633 0.0
57850.707407407404 78.83190137488756 0.0 72.74746500250026 0.0
57850.70752314815 78.72376652148955 0.0 72.6740485056392 0.0
57850.70763888889 78.72239061347159 0.0 72.65227166950804 0.0
57850.725810185184 76.97188863585198 0.0 71.07655660434037 0.0
57850.72592592592 76.95731792039012 0.0 71.08495765835413 0.0
57850.72605324074 77.04067494408392 0.0 71.1373228836312 0.0
57850.726168981484 76.97344378472357 0.0 71.02867766212461 0.0
57850.72628472222 76.91026787666262 0.0 71.01463656528843 0.0
57850.72638888889 76.91618459524628 0.0 71.00244895656769 0.0
57850.72641203704 76.92995374078941 0.0 71.00062550330102 0.0
57850.72652777778 77.0524051403978 0.0 71.10477217212639 0.0
57850.726643518516 76.91004221068924 0.0 70.96707228144614 0.0
57850.72677083333 76.86732916558243 0.0 70.92836592760332 0.0
57850.72688657408 76.95038115480651 0.0 71.02725338502117 0.0
57850.727002314816 77.06385993823564 0.0 71.09687461133576 0.0
57850.72708333333 76.97305508358103 0.0 71.0153461222291 0.0
57850.727118055554 76.86148726182704 0.0 70.92623406356776 0.0
57850.72724537037 76.80458676016687 0.0 70.85395788415775 0.0
57850.72736111111 76.79668398974007 0.0 70.85078849060186 0.0
57850.727476851855 76.7553013494182 0.0 70.81764770599204 0.0
57850.72760416667 76.79571436727443 0.0 70.88323810958413 0.0
57850.72771990741 76.69984067421522 0.0 70.81188640870965 0.0
57850.72777777778 76.66835674683526 0.0 70.77330719409684 0.0
57850.72783564815 76.66054948942123 0.0 70.7393882219093 0.0
57850.72796296296 76.67522447159838 0.0 70.78174316368593 0.0
57850.7280787037 76.69254821597728 0.0 70.75248826839943 0.0
57850.72819444445 76.67230155832027 0.0 70.70626040316374 0.0
57850.728321759256 76.67803412125275 0.0 70.70523810786581 0.0
57850.7284375 76.678690247291 0.0 70.70944019308878 0.0
57850.728472222225 76.69513724513439 0.0 70.7112145719475 0.0
57850.72855324074 76.70132419391467 0.0 70.73150118702416 0.0
57850.728680555556 76.71398283233637 0.0 70.77460502065695 0.0
57850.728796296295 76.65445539673476 0.0 70.69394061360563 0.0
57850.72891203704 76.64236597280906 0.0 70.73081358771438 0.0
57850.72903935185 76.85050797112534 0.0 70.88266973894254 0.0
57850.729155092595 76.78007774566264 0.0 70.9105052694592 0.0
57850.729166666664 76.74036710656263 0.0 70.92252889399813 0.0
57850.745162037034 75.30476762078214 0.0 69.5026100973913 0.0
57850.74528935185 75.37053287333187 0.0 69.58775907190862 0.0
57850.745405092595 75.399662877562 0.0 69.57330699679297 0.0
57850.745520833334 75.34715067107713 0.0 69.55248041457615 0.0
57850.74564814815 75.39665265149375 0.0 69.63069958969248 0.0
57850.74576388889 75.79573104535638 0.0 69.98020223084526 0.0
57850.745833333334 75.64027096659557 0.0 69.85416892462467 0.0
57850.74587962963 75.45369269392984 0.0 69.71650210445156 0.0
57850.74600694444 76.22860993288543 0.0 70.47196378844569 0.0
57850.74612268519 75.63177378317926 0.0 69.84393146043541 0.0
57850.74623842593 75.53225423731242 0.0 69.71983088526535 0.0
57850.74636574074 75.61515332068036 0.0 69.93921738588443 0.0
57850.74648148148 75.75256003905083 0.0 69.98350865696861 0.0
57850.74652777778 75.68285156870083 0.0 69.9349797998827 0.0
57850.74659722222 75.64650178230319 0.0 69.88854317890737 0.0
57850.746724537035 75.3759192962182 0.0 69.64890712057154 0.0
57850.74684027778 75.30068649660507 0.0 69.53509223823607 0.0
57850.74695601852 75.26947264110464 0.0 69.50081445580332 0.0
57850.747083333335 75.29171330458618 0.0 69.48349583167214 0.0
57850.747199074074 75.37820730224354 0.0 69.52137157263225 0.0
57850.74722222222 75.38482406937088 0.0 69.52923337230176 0.0
57850.74731481481 75.35041687422837 0.0 69.52933118188324 0.0
57850.74744212963 75.33149418934951 0.0 69.55253271384156 0.0
57850.74755787037 75.29690391589816 0.0 69.51587761008273 0.0
57850.74767361111 75.25085037532799 0.0 69.51296619933579 0.0
57850.74780092593 75.3385451870422 0.0 69.69376638064554 0.0
57850.74791666667 75.24042226828608 0.0 69.57686553855383 0.0
57850.748032407406 75.35882153749486 0.0 69.54834438475153 0.0
57850.74815972222 75.14117243209611 0.0 69.48972365429294 0.0
57850.74827546296 75.12482880666019 0.0 69.42222000029962 0.0
57850.748391203706 75.13220582772743 0.0 69.46765729575166 0.0
57850.74851851852 75.06189347958123 0.0 69.3897253516686 0.0
57850.748611111114 75.03339282459511 0.0 69.38233928075645 0.0
57850.76464120371 74.5942550035859 0.0 68.73160258905652 0.0
57850.76476851852 74.66145033884622 0.0 68.82359041578694 0.0
57850.76488425926 74.78930264001664 0.0 68.98615525516696 0.0
57850.765 74.93632708239709 0.0 69.05821688423471 0.0
57850.765127314815 74.72245218386506 0.0 68.93902097796284 0.0
57850.76524305555 74.78364063503462 0.0 68.94953206962322 0.0
57850.76527777778 74.7351439433283 0.0 68.91471760183016 0.0
57850.7653587963 74.66262571842756 0.0 68.85656214232598 0.0
57850.76548611111 74.61815301607244 0.0 68.7876846214495 0.0
57850.765601851854 74.81407023067251 0.0 68.93446001464 0.0
57850.76571759259 74.8064594235685 0.0 68.97134974016386 0.0
57850.76584490741 74.70134553279479 0.0 68.86523792741879 0.0
57850.76596064815 75.21931707772944 0.0 69.45941011504489 0.0
57850.76597222222 74.95578614850224 0.0 69.17897743028585 0.0
57850.766076388885 74.72656696617342 0.0 68.91620608485351 0.0
57850.7662037037 75.02453078220483 0.0 69.20797562398427 0.0
57850.76631944445 74.69916033972537 0.0 68.90723381213326 0.0
57850.766435185185 74.78695358483323 0.0 68.84728063881681 0.0
57850.7665625 74.56245940672827 0.0 68.7012527627408 0.0
57850.76666666667 74.85330332289952 0.0 68.95322619885164 0.0
57850.76667824074 75.10613671245513 0.0 69.19010505975547 0.0
57850.76679398148 74.81916734727807 0.0 68.90192954809031 0.0
57850.766921296294 74.7729151015259 0.0 68.81316844645362 0.0
57850.76703703704 74.57190821837672 0.0 68.68837927364424 0.0
57850.76715277778 75.35913836231144 0.0 69.43743342225432 0.0
57850.767280092594 75.2203265183687 0.0 69.46978591517322 0.0
57850.76736111111 74.89735196874453 0.0 69.14964186017163 0.0
57850.76739583333 74.61167662946598 0.0 68.84555047299716 0.0
57850.76751157407 74.83949602956984 0.0 69.00443342829503 0.0
57850.76762731482 74.99838552322309 0.0 69.10677415456462 0.0
57850.76775462963 74.4951890844637 0.0 68.64296696661647 0.0
57850.76787037037 74.73120282813599 0.0 68.81232350531408 0.0
57850.76798611111 74.41994718010757 0.0 68.53393476519497 0.0
57850.768055555556 74.45623107698911 0.0 68.54642372268593 0.0
57850.78065972222 74.12395883646528 0.0 68.31622818115767 0.0
57850.78077546296 74.65152690280354 0.0 68.81065122682679 0.0
57850.78089120371 74.37842599551297 0.0 68.57116463638343 0.0
57850.781018518515 74.90121590762062 0.0 68.95033359650988 0.0
57850.78113425926 74.09087315789982 0.0 68.28219489090841 0.0
57850.78125 74.54546865222594 0.0 68.64722264272605 0.0
57850.781377314815 74.1789054056475 0.0 68.33805644580478 0.0
57850.781493055554 74.37461364403852 0.0 68.55377488760192 0.0
57850.78160879629 74.12235889264453 0.0 68.39495656742535 0.0
57850.78173611111 74.4499352996361 0.0 68.66668185852583 0.0
57850.781851851854 74.49920683027437 0.0 68.79660843966074 0.0
57850.78194444445 74.26959088503182 0.0 68.52819842816533 0.0
57850.78196759259 74.05311568941579 0.0 68.27102058318742 0.0
57850.78209490741 74.23623544523254 0.0 68.39654037866242 0.0
57850.78221064815 74.08632340756289 0.0 68.33588485642079 0.0
57850.782326388886 74.41307101840376 0.0 68.63600457806383 0.0
57850.7824537037 74.06941041745911 0.0 68.25409587570552 0.0
57850.78256944445 74.56808852438152 0.0 68.76060756523316 0.0
57850.782638888886 74.40036914095252 0.0 68.5840781022097 0.0
57850.782685185186 74.20916876343516 0.0 68.40034268020885 0.0
57850.7828125 73.96621172630108 0.0 68.19365244910995 0.0
57850.78292824074 73.96550174980226 0.0 68.2133924430533 0.0
57850.78304398148 73.9748948888743 0.0 68.2945887638252 0.0
57850.783171296294 74.48352355514608 0.0 68.71436229792138 0.0
57850.78328703704 74.2334819210981 0.0 68.47155466388945 0.0
57850.78333333333 74.30299393537248 0.0 68.53565711744507 0.0
57850.78340277778 74.41206362385067 0.0 68.63262368597022 0.0
57850.783530092594 75.00836499857866 0.0 69.30956889434532 0.0
57850.78364583333 74.16921717107441 0.0 68.50338731851149 0.0
57850.78376157407 74.67780642855011 0.0 68.84661606636887 0.0
57850.78388888889 74.14986114882483 0.0 68.53654434978466 0.0
57850.784004629626 74.42000134103735 0.0 68.86020503846906 0.0
57850.78402777778 74.66411627428533 0.0 69.18846512425318 0.0
57850.785027777776 74.66411627428533 0.0 69.18846512425318 0.0
