57848.1039005 4122.84827715 4120.26224719
57848.1055324 3970.05902622 3962.73
57848.1066782 4122.84827715 4120.26224719
57848.1125347 4126.10722846 4118.2982397
57848.1135301 4304.00378277 4190.59191011
57848.1153125 4126.10722846 4118.2982397
57848.1163079 4304.00378277 4190.59191011
57848.1208565 3293.81389513 3991.46865169
57848.1373264 4250.24157303 4143.95782772
57848.138912 4675.94730337 4572.21857678
57848.1401042 4250.24157303 4143.95782772
57848.144456 4033.47898876 3956.04790262
57848.2858449 4087.58629213 3913.22299625
57848.2875347 4087.43842697 3916.61101124
57848.2886227 4087.58629213 3913.22299625
57848.2903125 4087.43842697 3916.61101124
57848.2944444 4218.29580524 4097.86183521
57848.2972222 4218.29580524 4097.86183521
57848.3 3960.26363296 3845.52666667
57848.3027778 3960.26363296 3845.52666667
57848.302963 3821.06602996 3705.29224719
57848.3057407 3821.06602996 3705.29224719
57848.3060301 4131.99764045 3945.29138577
57848.3088079 4131.99764045 3945.29138577
57848.313206 4350.42820225 4227.41981273
57848.3159838 4350.42820225 4227.41981273
57848.3208449 4032.6540824 3909.57498127
57848.3217593 4179.88955056 3979.0123221
57848.3236227 4032.6540824 3909.57498127
57848.324537 4179.88955056 3979.0123221
57848.3264005 4497.27494382 4363.36775281
57848.3291782 4497.27494382 4363.36775281
57848.3340394 4127.43052434 4001.19243446
57848.3368171 4127.43052434 4001.19243446
57848.3395833 4780.68052434 4636.3441573
57848.3423611 4780.68052434 4636.3441573
57848.3472222 4236.06430712 4102.82588015
57848.3490046 4364.84280899 4150.68925094
57848.35 4236.06430712 4102.82588015
57848.3517824 4364.84280899 4150.68925094
57848.3576389 4336.91127341 4214.58468165
57848.3604167 4336.91127341 4214.58468165
57848.3645949 4446.45441948 4304.8270412
57848.3673727 4446.45441948 4304.8270412
57848.3715394 4536.54340824 4383.25970037
57848.3743171 4536.54340824 4383.25970037
57848.3777894 4647.55299625 4487.32625468
57848.3805671 4647.55299625 4487.32625468
57848.3833218 4732.17846442 4588.11097378
