57852.9774306 203863.1 203863.1
57852.9774769 198023.5 198023.5
57852.9775231 286191.2 286191.2
57852.9775694 233154.6 233154.6
57852.9776389 136815.0 136815.0
57852.9776852 6818.3 6818.3
57852.9777315 7063.2 7063.2
57852.9777778 7185.8 7185.8
57852.9778588 6526.7 6526.7
57852.9778935 5939.3 5939.3
57852.9779398 6045.1 6045.1
57852.9779977 6324.2 6324.2
57852.9780671 6119.3 6119.3
57852.9781134 6089.3 6089.3
57852.9781481 6419.6 6419.6
57852.978206 7167.5 7167.5
57852.9782755 7150.8 7150.8
57852.9783218 6287.7 6287.7
57852.9783681 6312.6 6312.6
57852.9784144 6385.4 6385.4
57852.9784838 6113.7 6113.7
57852.9785301 6005.7 6005.7
57852.9785764 6009.4 6009.4
57852.9786227 5958.1 5958.1
57852.9786921 6075.7 6075.7
57852.9787384 5841.6 5841.6
57852.9787847 5931.4 5931.4
57852.978831 6072.8 6072.8
57852.9789005 6045.5 6045.5
57852.9789468 5738.4 5738.4
57852.9790046 5903.9 5903.9
57852.9790394 6165.7 6165.7
57852.9791088 5883.8 5883.8
57852.9791551 5753.6 5753.6
57852.979213 5690.7 5690.7
57852.9792593 5790.4 5790.4
57852.9793287 6063.5 6063.5
57852.979375 5908.8 5908.8
57852.9794213 5851.7 5851.7
57852.9794676 6045.1 6045.1
57852.979537 6349.0 6349.0
57852.9795833 7565.0 7565.0
57852.9796296 12263.6 12263.6
57852.9796759 10661.7 10661.7
57852.9797454 8143.0 8143.0
57852.9797917 7310.8 7310.8
57852.979838 7354.7 7354.7
57852.9798843 6832.9 6832.9
57852.9799537 7190.9 7190.9
57852.98 10506.6 10506.6
57852.9800463 20537.2 20537.2
57852.9800926 25068.0 25068.0
57852.980162 12343.6 12343.6
57852.9802199 10639.8 10639.8
57852.9802662 15571.2 15571.2
57852.9803009 17171.3 17171.3
57852.9803704 9625.7 9625.7
57852.9804282 6466.2 6466.2
57852.9804745 6521.1 6521.1
57852.9805208 6227.0 6227.0
57852.9805903 6116.3 6116.3
57852.9806366 6867.1 6867.1
57852.9806829 7207.1 7207.1
57852.9807292 6848.7 6848.7
57852.9807986 6544.5 6544.5
57852.9808449 6226.9 6226.9
57852.9808912 6596.9 6596.9
57852.9809375 7236.1 7236.1
57852.9810069 7259.6 7259.6
57852.9810532 6351.3 6351.3
57852.9810995 6449.6 6449.6
57852.9811574 6777.7 6777.7
57852.9812269 6550.6 6550.6
57852.9812616 6696.0 6696.0
57852.9813079 74.3 74.3
57852.9813657 9.5 9.5
57852.9836806 1165.3 1165.3
57852.9837269 8944.3 8944.3
57852.9837731 8397157.4 8397157.4
57852.9838194 845966.7 845966.7
57852.9838889 310311.3 310311.3
57852.9839352 7344.0 7344.0
57852.9839815 7669.2 7669.2
57852.9840278 7830.4 7830.4
57852.9841088 6691.3 6691.3
57852.9841435 6199.0 6199.0
57852.9841898 6193.4 6193.4
57852.9842477 6349.5 6349.5
57852.9843171 6460.2 6460.2
57852.9843634 6712.0 6712.0
57852.9843981 7396.5 7396.5
57852.984456 7037.7 7037.7
57852.9845255 6083.0 6083.0
57852.9845718 7237.3 7237.3
57852.9846181 7868.4 7868.4
57852.9846644 6928.9 6928.9
57852.9847338 5878.0 5878.0
57852.9847801 6288.2 6288.2
57852.9848264 6242.4 6242.4
57852.9848727 6806.5 6806.5
57852.9849421 6450.8 6450.8
57852.9849884 5997.8 5997.8
57852.9850347 6027.2 6027.2
57852.985081 6252.6 6252.6
57852.9851505 5997.8 5997.8
57852.9851968 5943.6 5943.6
57852.9852546 6328.0 6328.0
57852.9852894 6143.0 6143.0
57852.9853588 6613.1 6613.1
57852.9854051 6229.0 6229.0
57852.985463 6358.7 6358.7
57852.9855093 6809.4 6809.4
57852.9855787 6832.9 6832.9
57852.985625 6252.9 6252.9
57852.9856713 5844.9 5844.9
57852.9857176 5902.5 5902.5
57852.985787 5711.7 5711.7
57852.9858333 6225.0 6225.0
57852.9858796 6014.7 6014.7
57852.9859259 5726.2 5726.2
57852.9859954 5772.5 5772.5
57852.9860417 5975.8 5975.8
57852.986088 6519.3 6519.3
57852.9861343 7216.8 7216.8
57852.9862037 7331.9 7331.9
57852.98625 6170.9 6170.9
57852.9862963 6224.4 6224.4
57852.9863426 5996.7 5996.7
57852.986412 5756.4 5756.4
57852.9864699 6661.6 6661.6
57852.9865162 7539.2 7539.2
57852.9865509 8288.5 8288.5
57852.9866204 7454.6 7454.6
57852.9866782 6631.3 6631.3
57852.9867245 6379.2 6379.2
57852.9867708 5798.6 5798.6
57852.9868403 5876.8 5876.8
57852.9868866 6104.1 6104.1
57852.9869329 6548.7 6548.7
57852.9869792 6510.5 6510.5
57852.9870486 6240.0 6240.0
57852.9870949 5882.4 5882.4
57852.9871412 6098.5 6098.5
57852.9871875 6041.3 6041.3
57852.9872569 6208.7 6208.7
57852.9873032 5991.5 5991.5
57852.9873495 5937.5 5937.5
57852.9874074 5852.4 5852.4
57853.0079861 2105.1 2105.1
57853.0080324 14501.7 14501.7
57853.0080787 240453.5 240453.5
57853.008125 263578.3 263578.3
57853.0081944 99733.3 99733.3
57853.0082407 5601.3 5601.3
57853.008287 5586.5 5586.5
57853.0083333 5479.3 5479.3
57853.0084144 5282.0 5282.0
57853.0084491 5207.4 5207.4
57853.0084954 5155.2 5155.2
57853.0085532 5190.1 5190.1
57853.0086227 5171.5 5171.5
57853.008669 5117.7 5117.7
57853.0087037 5107.8 5107.8
57853.0087616 5100.2 5100.2
57853.008831 5112.5 5112.5
57853.0088773 5159.7 5159.7
57853.0089236 5191.6 5191.6
57853.0089699 5193.3 5193.3
57853.0090394 5165.7 5165.7
57853.0090856 5370.8 5370.8
57853.0091319 5441.3 5441.3
57853.0091782 5377.5 5377.5
57853.0092477 5194.7 5194.7
57853.009294 5161.8 5161.8
57853.0093403 5213.5 5213.5
57853.0093866 5268.8 5268.8
57853.009456 5155.2 5155.2
57853.0095023 5155.5 5155.5
57853.0095602 5142.9 5142.9
57853.0095949 5166.1 5166.1
57853.0096644 5160.9 5160.9
57853.0097106 5137.5 5137.5
57853.0097685 5117.7 5117.7
57853.0098148 5158.1 5158.1
57853.0098843 5107.9 5107.9
57853.0099306 5125.2 5125.2
57853.0099769 5210.1 5210.1
57853.0100231 5251.7 5251.7
57853.0100926 5126.6 5126.6
57853.0101389 5151.0 5151.0
57853.0101852 5176.7 5176.7
57853.0102315 5256.7 5256.7
57853.0103009 5315.2 5315.2
57853.0103472 5436.1 5436.1
57853.0103935 5474.0 5474.0
57853.0104398 5610.2 5610.2
57853.0105093 5316.7 5316.7
57853.0105556 5255.8 5255.8
57853.0106019 5240.6 5240.6
57853.0106481 5362.2 5362.2
57853.0107176 5342.1 5342.1
57853.0107755 5165.7 5165.7
57853.0108218 5164.1 5164.1
57853.0108565 5161.2 5161.2
57853.0109259 5249.4 5249.4
57853.0109838 5232.2 5232.2
57853.0110301 5273.7 5273.7
57853.0110764 5354.9 5354.9
57853.0111458 5208.1 5208.1
57853.0111921 5213.4 5213.4
57853.0112384 5285.7 5285.7
57853.0112847 5318.8 5318.8
57853.0113542 5258.0 5258.0
57853.0114005 5182.8 5182.8
57853.0114468 5211.9 5211.9
57853.0114931 5179.2 5179.2
57853.0115625 5140.0 5140.0
57853.0116088 5200.7 5200.7
57853.0116551 5354.2 5354.2
57853.011713 5458.1 5458.1
57853.0117824 5510.0 5510.0
57853.0118171 5236.9 5236.9
57853.0118634 5207.8 5207.8
57853.0119213 5241.3 5241.3
57853.0119907 5263.1 5263.1
57853.012037 5461.9 5461.9
57853.0120718 5520.5 5520.5
57853.0121296 5589.1 5589.1
57853.0121991 5268.9 5268.9
57853.0122454 5259.1 5259.1
57853.0122917 5297.5 5297.5
57853.012338 5278.8 5278.8
57853.0124074 5299.2 5299.2
57853.0124537 5328.2 5328.2
57853.0125 5381.4 5381.4
57853.0125463 5409.1 5409.1
57853.0126157 5387.6 5387.6
57853.012662 5139.4 5139.4
57853.0127083 5196.9 5196.9
57853.0127546 5209.8 5209.8
57853.0128241 5207.9 5207.9
57853.0128704 5178.4 5178.4
57853.0129282 5212.5 5212.5
57853.012963 5202.1 5202.1
57853.013044 5249.6 5249.6
57853.0130787 5295.8 5295.8
57853.0131366 88.5 88.5
57853.0131829 11.5 11.5
57853.015625 2477.1 2477.1
57853.0156713 25041.6 25041.6
57853.0157176 354127.6 354127.6
57853.0157639 306995.4 306995.4
57853.0158333 295794.8 295794.8
57853.0158796 5383.0 5383.0
57853.0159259 5300.4 5300.4
57853.0159722 5266.0 5266.0
57853.0160532 5159.0 5159.0
57853.016088 5140.5 5140.5
57853.0161343 5141.7 5141.7
57853.0161921 5075.2 5075.2
57853.0162616 5045.8 5045.8
57853.0163079 5329.7 5329.7
57853.0163426 5470.1 5470.1
57853.0164005 5472.3 5472.3
57853.0164699 5618.1 5618.1
57853.0165162 5442.6 5442.6
57853.0165625 5382.0 5382.0
57853.0166088 5490.4 5490.4
57853.0166782 5259.9 5259.9
57853.0167245 5045.5 5045.5
57853.0167708 5036.9 5036.9
57853.0168171 5003.6 5003.6
57853.0168866 5024.6 5024.6
57853.0169329 4965.8 4965.8
57853.0169792 4991.1 4991.1
57853.0170255 4998.9 4998.9
57853.0170949 5366.5 5366.5
57853.0171412 5412.1 5412.1
57853.0171991 5342.6 5342.6
57853.0172338 5248.7 5248.7
57853.0173032 4965.2 4965.2
57853.0173495 5156.3 5156.3
57853.0174074 5526.1 5526.1
57853.0174537 5942.0 5942.0
57853.0175231 5673.4 5673.4
57853.0175694 5305.0 5305.0
57853.0176157 5477.6 5477.6
57853.017662 5621.8 5621.8
57853.0177315 5424.5 5424.5
57853.0177778 5488.5 5488.5
57853.0178241 5504.9 5504.9
57853.0178704 5589.6 5589.6
57853.0179398 5237.0 5237.0
57853.0179861 5119.6 5119.6
57853.0180324 5223.1 5223.1
57853.0180787 5458.5 5458.5
57853.0181481 5422.7 5422.7
57853.0181944 5051.2 5051.2
57853.0182407 5119.1 5119.1
57853.018287 5098.8 5098.8
57853.0183565 4946.0 4946.0
57853.0184144 4941.2 4941.2
57853.0184606 4913.8 4913.8
57853.0184954 4947.4 4947.4
57853.0185648 5048.0 5048.0
57853.0186227 5069.3 5069.3
57853.018669 5040.5 5040.5
57853.0187153 5004.3 5004.3
57853.0187847 5107.2 5107.2
57853.018831 5484.0 5484.0
57853.0188773 5698.5 5698.5
57853.0189236 5327.4 5327.4
57853.0189931 5119.0 5119.0
57853.0190394 5083.4 5083.4
57853.0190856 5261.8 5261.8
57853.0191319 5685.4 5685.4
57853.0192014 5406.1 5406.1
57853.0192477 5064.2 5064.2
57853.019294 5057.1 5057.1
57853.0193519 5236.1 5236.1
57853.0194213 5597.9 5597.9
57853.019456 5491.4 5491.4
57853.0195023 5359.6 5359.6
57853.0195602 5385.8 5385.8
57853.0196296 5334.8 5334.8
57853.0196759 5195.4 5195.4
57853.0197106 5169.2 5169.2
57853.0197685 5094.1 5094.1
57853.019838 5096.9 5096.9
57853.0198843 5541.1 5541.1
57853.0199306 5911.8 5911.8
57853.0199769 5957.9 5957.9
57853.0200463 5783.7 5783.7
57853.0200926 5089.0 5089.0
57853.0201389 5233.3 5233.3
57853.0201852 5480.1 5480.1
57853.0202546 5498.5 5498.5
57853.0203009 5365.6 5365.6
57853.0203472 5622.6 5622.6
57853.0203935 5634.0 5634.0
57853.020463 5280.8 5280.8
57853.0205093 5082.9 5082.9
57853.0205671 5095.9 5095.9
57853.0206019 5257.4 5257.4
57853.0206829 5944.0 5944.0
57853.0207176 6381.0 6381.0
57853.0207755 90.4 90.4
57853.0315972 262400.8 262400.8
57853.0316435 265290.1 265290.1
57853.0316898 323383.9 323383.9
57853.0317361 294092.0 294092.0
57853.0318056 148772.3 148772.3
57853.0318519 4957.3 4957.3
57853.0318981 4912.5 4912.5
57853.0319444 4828.9 4828.9
57853.0320255 4709.7 4709.7
57853.0320602 4647.8 4647.8
57853.0321065 4594.7 4594.7
57853.0321644 4569.6 4569.6
57853.0322338 4530.8 4530.8
57853.0322801 4607.4 4607.4
57853.0323148 4592.9 4592.9
57853.0323727 4570.0 4570.0
57853.0324421 4565.5 4565.5
57853.0324884 4617.9 4617.9
57853.0325347 4617.6 4617.6
57853.032581 4606.1 4606.1
57853.0326505 4594.4 4594.4
57853.0326968 4557.4 4557.4
57853.0327431 4552.6 4552.6
57853.0327894 4533.5 4533.5
57853.0328588 4535.9 4535.9
57853.0329051 4506.3 4506.3
57853.0329514 4500.3 4500.3
57853.0329977 4514.4 4514.4
57853.0330671 4533.8 4533.8
57853.0331134 4524.1 4524.1
57853.0331713 4534.5 4534.5
57853.033206 4549.8 4549.8
57853.0332755 4512.2 4512.2
57853.0333218 4514.3 4514.3
57853.0333796 4539.9 4539.9
57853.0334259 4620.7 4620.7
57853.0334954 4658.1 4658.1
57853.0335417 4523.7 4523.7
57853.033588 4541.6 4541.6
57853.0336343 4560.2 4560.2
57853.0337037 4519.4 4519.4
57853.03375 4500.9 4500.9
57853.0337963 4522.8 4522.8
57853.0338426 4524.5 4524.5
57853.033912 4522.1 4522.1
57853.0339583 4529.9 4529.9
57853.0340046 4526.7 4526.7
57853.0340509 4504.6 4504.6
57853.0341204 4516.2 4516.2
57853.0341667 4524.7 4524.7
57853.034213 4531.7 4531.7
57853.0342593 4518.3 4518.3
57853.0343287 4498.1 4498.1
57853.0343866 4493.6 4493.6
57853.0344329 4496.3 4496.3
57853.0344676 4489.1 4489.1
57853.034537 4563.5 4563.5
57853.0345949 4527.6 4527.6
57853.0346412 4531.0 4531.0
57853.0346875 4542.3 4542.3
57853.0347569 4536.3 4536.3
57853.0348032 4512.2 4512.2
57853.0348495 4522.1 4522.1
57853.0348958 4546.9 4546.9
57853.0349653 4551.9 4551.9
57853.0350116 4527.4 4527.4
57853.0350579 4542.7 4542.7
57853.0351042 4580.3 4580.3
57853.0351736 4569.4 4569.4
57853.0352199 4571.1 4571.1
57853.0352662 4575.8 4575.8
57853.0353241 4569.2 4569.2
57853.0353935 4539.2 4539.2
57853.0354282 4541.6 4541.6
57853.0354745 4541.3 4541.3
57853.0355324 4524.9 4524.9
57853.0356019 4501.3 4501.3
57853.0356481 4509.5 4509.5
57853.0356829 4522.1 4522.1
57853.0357407 4515.7 4515.7
57853.0358102 4504.4 4504.4
57853.0358565 4530.3 4530.3
57853.0359028 4560.3 4560.3
57853.0359491 4540.2 4540.2
57853.0360185 4524.0 4524.0
57853.0360648 4519.6 4519.6
57853.0361111 4536.3 4536.3
57853.0361574 4522.1 4522.1
57853.0362269 4545.1 4545.1
57853.0362731 4524.1 4524.1
57853.0363194 4536.9 4536.9
57853.0363657 4535.8 4535.8
57853.0364352 4518.4 4518.4
57853.0364815 4554.1 4554.1
57853.0365394 4575.8 4575.8
57853.0365741 4575.9 4575.9
57853.0366551 4528.4 4528.4
57853.0366898 4537.4 4537.4
57853.0367477 66.7 66.7
57853.036794 8.8 8.8
57853.0392361 870.5 870.5
57853.0392824 6030.5 6030.5
57853.0393287 157920.4 157920.4
57853.039375 178889.1 178889.1
57853.0394444 84622.9 84622.9
57853.0394907 5061.2 5061.2
57853.039537 5089.5 5089.5
57853.0395833 5093.6 5093.6
57853.0396644 4998.8 4998.8
57853.0396991 4664.1 4664.1
57853.0397454 4683.3 4683.3
57853.0398032 4667.9 4667.9
57853.0398727 4563.9 4563.9
57853.039919 4610.3 4610.3
57853.0399537 4603.5 4603.5
57853.0400116 4658.7 4658.7
57853.040081 4652.1 4652.1
57853.0401273 4673.4 4673.4
57853.0401736 4709.2 4709.2
57853.0402199 4789.7 4789.7
57853.0402894 4676.5 4676.5
57853.0403356 4599.0 4599.0
57853.0403819 4636.2 4636.2
57853.0404282 4691.0 4691.0
57853.0404977 4733.2 4733.2
57853.040544 4711.7 4711.7
57853.0405903 4760.4 4760.4
57853.0406366 4796.3 4796.3
57853.040706 4757.6 4757.6
57853.0407523 4709.2 4709.2
57853.0408102 4936.8 4936.8
57853.0408449 5224.4 5224.4
57853.0409144 5035.9 5035.9
57853.0409606 4884.6 4884.6
57853.0410185 4895.5 4895.5
57853.0410648 4944.8 4944.8
57853.0411343 4965.4 4965.4
57853.0411806 4761.1 4761.1
57853.0412269 4744.3 4744.3
57853.0412731 4718.2 4718.2
57853.0413426 4740.2 4740.2
57853.0413889 4719.3 4719.3
57853.0414352 4729.4 4729.4
57853.0414815 4731.8 4731.8
57853.0415509 4705.4 4705.4
57853.0415972 4781.5 4781.5
57853.0416435 4703.8 4703.8
57853.0416898 815.8 815.8
57853.0417593 758.1 758.1
57853.0418056 835.4 835.4
57853.0418519 877.3 877.3
57853.0418981 834.4 834.4
57853.0419676 783.7 783.7
57853.0420255 780.4 780.4
57853.0420718 773.4 773.4
57853.0421065 795.2 795.2
57853.0421759 758.9 758.9
57853.0422338 746.3 746.3
57853.0422801 708.9 708.9
57853.0423264 700.4 700.4
57853.0423958 734.1 734.1
57853.0424421 735.8 735.8
57853.0424884 779.6 779.6
57853.0425347 797.0 797.0
57853.0426042 808.1 808.1
57853.0426505 672.0 672.0
57853.0426968 679.8 679.8
57853.0427431 654.0 654.0
57853.0428125 639.2 639.2
57853.0428588 719.5 719.5
57853.0429051 768.1 768.1
57853.042963 750.4 750.4
57853.0430324 825.1 825.1
57853.0430671 687.7 687.7
57853.0431134 687.2 687.2
57853.0431713 722.6 722.6
57853.0432407 649.5 649.5
57853.043287 757.0 757.0
57853.0433218 733.4 733.4
57853.0433796 706.5 706.5
57853.0434491 724.0 724.0
57853.0434954 654.0 654.0
57853.0435417 667.3 667.3
57853.043588 684.2 684.2
57853.0436574 785.2 785.2
57853.0437037 823.1 823.1
57853.04375 872.6 872.6
57853.0437963 734.0 734.0
57853.0438657 654.9 654.9
57853.043912 748.9 748.9
57853.0439583 698.9 698.9
57853.0440046 704.5 704.5
57853.0440741 831.2 831.2
57853.0441204 969.5 969.5
57853.0441782 97.0 97.0
57853.044213 933.7 933.7
57853.044294 826.0 826.0
57853.0443287 772.2 772.2
57853.0443866 0.0 0.0
57853.0444329 1.3 1.3
57853.046875 939.3 939.3
57853.0469213 3131.3 3131.3
57853.0469676 18210.6 18210.6
57853.0470139 18152.9 18152.9
57853.0470833 4534.1 4534.1
57853.0471296 978.5 978.5
57853.0471759 978.0 978.0
57853.0472222 966.2 966.2
57853.0473032 998.2 998.2
57853.047338 865.2 865.2
57853.0473843 909.1 909.1
57853.0474421 710.4 710.4
57853.0475116 604.3 604.3
57853.0475579 650.7 650.7
57853.0475926 704.9 704.9
57853.0476505 626.6 626.6
57853.0477199 604.9 604.9
57853.0477662 711.6 711.6
57853.0478125 739.7 739.7
57853.0478588 674.0 674.0
57853.0479282 695.0 695.0
57853.0479745 777.7 777.7
57853.0480208 675.9 675.9
57853.0480671 687.0 687.0
57853.0481366 707.8 707.8
57853.0481829 643.5 643.5
57853.0482292 721.3 721.3
57853.0482755 707.5 707.5
57853.0483449 621.8 621.8
57853.0483912 558.2 558.2
57853.0484491 567.2 567.2
57853.0484838 551.8 551.8
57853.0485532 552.2 552.2
57853.0485995 629.2 629.2
57853.0486574 4621.3 4621.3
57853.0487037 4669.6 4669.6
57853.0487731 4681.5 4681.5
57853.0488194 4582.0 4582.0
57853.0488657 4622.4 4622.4
57853.048912 4664.8 4664.8
57853.0489815 4680.9 4680.9
57853.0490278 4619.1 4619.1
57853.0490741 4590.6 4590.6
57853.0491204 4659.6 4659.6
57853.0491898 4658.2 4658.2
57853.0492361 4738.3 4738.3
57853.0492824 4875.4 4875.4
57853.0493287 4885.2 4885.2
57853.0493981 4915.8 4915.8
57853.0494444 4815.6 4815.6
57853.0494907 4816.4 4816.4
57853.049537 4704.8 4704.8
57853.0496065 4586.6 4586.6
57853.0496644 4656.0 4656.0
57853.0497106 4718.5 4718.5
57853.0497454 4779.4 4779.4
57853.0498148 4685.3 4685.3
57853.0498727 4602.1 4602.1
57853.049919 4733.3 4733.3
57853.0499653 4768.1 4768.1
57853.0500347 4646.4 4646.4
57853.050081 4675.3 4675.3
57853.0501273 4641.5 4641.5
57853.0501736 4680.2 4680.2
57853.0502431 4624.5 4624.5
57853.0502894 4681.5 4681.5
57853.0503356 4701.2 4701.2
57853.0503819 4758.0 4758.0
57853.0504514 4784.6 4784.6
57853.0504977 4767.6 4767.6
57853.050544 4710.8 4710.8
57853.0506019 4714.2 4714.2
57853.0506713 4655.4 4655.4
57853.050706 4706.9 4706.9
57853.0507523 4724.7 4724.7
57853.0508102 4717.9 4717.9
57853.0508796 4658.3 4658.3
57853.0509259 4664.6 4664.6
57853.0509606 4691.7 4691.7
57853.0510185 4834.7 4834.7
57853.051088 4874.3 4874.3
57853.0511343 4773.6 4773.6
57853.0511806 4816.0 4816.0
57853.0512269 4901.5 4901.5
57853.0512963 4829.5 4829.5
57853.0513426 4710.1 4710.1
57853.0513889 4797.0 4797.0
57853.0514352 4874.9 4874.9
57853.0515046 4784.5 4784.5
57853.0515509 4812.8 4812.8
57853.0515972 5034.4 5034.4
57853.0516435 5172.8 5172.8
57853.051713 5121.2 5121.2
57853.0517593 4711.4 4711.4
57853.0518171 4678.8 4678.8
57853.0518519 4711.2 4711.2
57853.0519329 4772.7 4772.7
57853.0519676 4654.5 4654.5
57853.0520255 4701.0 4701.0
57853.0611227 4389.3 4389.3
57853.061169 4394.3 4394.3
57853.0612384 4428.1 4428.1
57853.0612847 4394.0 4394.0
57853.061331 85.9 85.9
57853.0613773 11.6 11.6
57853.0649306 4594.4 4594.4
57853.0649769 55759.1 55759.1
57853.0650231 1313939.6 1313939.6
57853.0650694 384380.1 384380.1
57853.0651389 179761.5 179761.5
57853.0651852 4905.9 4905.9
57853.0652315 4841.8 4841.8
57853.0652778 4749.6 4749.6
57853.0653588 4633.1 4633.1
57853.0653935 4539.9 4539.9
57853.0654398 4503.0 4503.0
57853.0654977 4562.3 4562.3
57853.0655671 4605.8 4605.8
57853.0656134 4521.5 4521.5
57853.0656481 4553.4 4553.4
57853.065706 4542.3 4542.3
57853.0657755 4465.0 4465.0
57853.0658218 4497.8 4497.8
57853.0658681 4513.5 4513.5
57853.0659144 4555.1 4555.1
57853.0659838 4554.8 4554.8
57853.0660301 4504.5 4504.5
57853.0660764 4468.5 4468.5
57853.0661227 4458.5 4458.5
57853.0661921 4478.0 4478.0
57853.0662384 4478.5 4478.5
57853.0662847 4465.6 4465.6
57853.066331 4479.3 4479.3
57853.0664005 4531.8 4531.8
57853.0664468 4495.6 4495.6
57853.0665046 4483.1 4483.1
57853.0665394 4484.7 4484.7
57853.0666088 4481.3 4481.3
57853.0666551 4510.5 4510.5
57853.066713 4545.5 4545.5
57853.0667593 4554.8 4554.8
57853.0668287 4544.0 4544.0
57853.066875 4491.9 4491.9
57853.0669213 4514.8 4514.8
57853.0669676 4498.0 4498.0
57853.067037 4596.4 4596.4
57853.0670833 4520.5 4520.5
57853.0671296 4496.2 4496.2
57853.0671759 4495.2 4495.2
57853.0672454 4595.9 4595.9
57853.0672917 4610.0 4610.0
57853.067338 4633.3 4633.3
57853.0673843 4659.0 4659.0
57853.0674537 4518.3 4518.3
57853.0675 4576.8 4576.8
57853.0675463 4605.2 4605.2
57853.0675926 4675.1 4675.1
57853.067662 4649.0 4649.0
57853.0677199 4645.1 4645.1
57853.0677662 4696.0 4696.0
57853.0678009 4633.9 4633.9
57853.0678704 4517.8 4517.8
57853.0679282 4567.8 4567.8
57853.0679745 4606.8 4606.8
57853.0680208 4592.3 4592.3
57853.0680903 4547.6 4547.6
57853.0681366 4593.1 4593.1
57853.0681829 4562.3 4562.3
57853.0682292 4536.4 4536.4
57853.0682986 4530.8 4530.8
57853.0683449 4537.8 4537.8
57853.0683912 4605.5 4605.5
57853.0684375 4728.1 4728.1
57853.0685069 4817.2 4817.2
57853.0685532 4821.7 4821.7
57853.0685995 4891.1 4891.1
57853.0686574 4822.6 4822.6
57853.0687269 4720.5 4720.5
57853.0687616 4798.0 4798.0
57853.0688079 4852.5 4852.5
57853.0688657 4913.0 4913.0
57853.0689352 4888.1 4888.1
57853.0689815 4686.6 4686.6
57853.0690162 4688.7 4688.7
57853.0690741 4845.3 4845.3
57853.0691435 4968.3 4968.3
57853.0691898 5035.9 5035.9
57853.0692361 5275.3 5275.3
57853.0692824 5239.7 5239.7
57853.0693519 4816.2 4816.2
57853.0693981 4805.6 4805.6
57853.0694444 4905.1 4905.1
57853.0694907 5053.4 5053.4
57853.0695602 5037.3 5037.3
57853.0696065 4858.6 4858.6
57853.0696528 4776.6 4776.6
57853.0696991 4768.5 4768.5
57853.0697685 4851.3 4851.3
57853.0698148 4780.7 4780.7
57853.0698727 4773.8 4773.8
57853.0699074 4738.2 4738.2
57853.0699884 4616.9 4616.9
57853.0700231 4630.1 4630.1
57853.070081 60.4 60.4
57853.0701273 7.8 7.8
57853.0725694 586.3 586.3
57853.0726157 4707.5 4707.5
57853.072662 325441.1 325441.1
57853.0727083 190421.5 190421.5
57853.0727778 122877.2 122877.2
57853.0728241 5064.4 5064.4
57853.0728704 5043.6 5043.6
57853.0729167 4962.4 4962.4
57853.0729977 4811.1 4811.1
57853.0730324 4760.2 4760.2
57853.0730787 4736.5 4736.5
57853.0731366 4742.1 4742.1
57853.073206 4681.8 4681.8
57853.0732523 4676.7 4676.7
57853.073287 4749.6 4749.6
57853.0733449 4717.7 4717.7
57853.0734144 4703.5 4703.5
57853.0734606 4674.2 4674.2
57853.0735069 4717.1 4717.1
57853.0735532 4713.4 4713.4
57853.0736227 4664.5 4664.5
57853.073669 4703.4 4703.4
57853.0737153 4706.5 4706.5
57853.0737616 4700.6 4700.6
57853.073831 4664.0 4664.0
57853.0738773 4709.9 4709.9
57853.0739236 4721.7 4721.7
57853.0739699 4690.9 4690.9
57853.0740394 4681.1 4681.1
57853.0740856 4719.1 4719.1
57853.0741435 4696.3 4696.3
57853.0741782 4710.0 4710.0
57853.0742477 4750.9 4750.9
57853.074294 4728.9 4728.9
57853.0743519 4727.1 4727.1
57853.0743981 4747.8 4747.8
57853.0744676 4725.4 4725.4
57853.0745139 4722.3 4722.3
57853.0745602 4735.5 4735.5
57853.0746065 4693.2 4693.2
57853.0746759 4738.1 4738.1
57853.0747222 4772.6 4772.6
57853.0747685 4732.2 4732.2
57853.0748148 4761.3 4761.3
57853.0748843 4750.2 4750.2
57853.0749306 4750.8 4750.8
57853.0749769 4787.7 4787.7
57853.0750231 4849.0 4849.0
57853.0750926 4961.2 4961.2
57853.0751389 4807.7 4807.7
57853.0751852 4800.0 4800.0
57853.0752315 4848.3 4848.3
57853.0753009 4850.6 4850.6
57853.0753588 4765.5 4765.5
57853.0754051 4793.2 4793.2
57853.0754398 4865.0 4865.0
57853.0755093 4969.7 4969.7
57853.0755671 4952.5 4952.5
57853.0756134 5067.0 5067.0
57853.0756597 5080.8 5080.8
57853.0757292 4860.0 4860.0
57853.0757755 5024.4 5024.4
57853.0758218 5037.2 5037.2
57853.0758681 5006.8 5006.8
57853.0759375 4921.7 4921.7
57853.0759838 4908.8 4908.8
57853.0760301 4993.4 4993.4
57853.0760764 4974.2 4974.2
57853.0761458 4825.9 4825.9
57853.0761921 4886.1 4886.1
57853.0762384 4919.4 4919.4
57853.0762963 4851.4 4851.4
57853.0763657 4788.4 4788.4
57853.0764005 4933.9 4933.9
57853.0764468 5070.0 5070.0
57853.0765046 5271.1 5271.1
57853.0765741 5112.7 5112.7
57853.0766204 4874.3 4874.3
57853.0766551 4884.1 4884.1
57853.076713 4867.3 4867.3
57853.0767824 4828.1 4828.1
57853.0768287 4767.8 4767.8
57853.076875 4761.1 4761.1
57853.0769213 4752.6 4752.6
57853.0769907 4788.7 4788.7
57853.077037 4755.9 4755.9
57853.0770833 4829.1 4829.1
57853.0771296 4831.1 4831.1
57853.0771991 4772.5 4772.5
57853.0772454 4884.1 4884.1
57853.0772917 4919.4 4919.4
57853.077338 4962.0 4962.0
57853.0774074 4908.4 4908.4
57853.0774537 4974.6 4974.6
57853.0775116 5230.0 5230.0
57853.0775463 5521.3 5521.3
57853.0776273 5005.9 5005.9
57853.077662 5019.6 5019.6
57853.0777199 5205.2 5205.2
57853.1013657 4264.8 4264.8
57853.101412 4285.1 4285.1
57853.1014583 81.5 81.5
57853.1015046 11.0 11.0
57853.1052083 3115.8 3115.8
57853.1052546 37616.2 37616.2
57853.1053009 173179.2 173179.2
57853.1053472 192377.1 192377.1
57853.1054167 187555.9 187555.9
57853.105463 5212.5 5212.5
57853.1055093 5271.0 5271.0
57853.1055556 5205.0 5205.0
57853.1056366 5084.7 5084.7
57853.1056713 5058.5 5058.5
57853.1057176 4981.0 4981.0
57853.1057755 4968.6 4968.6
57853.1058449 4968.7 4968.7
57853.1058912 4929.7 4929.7
57853.1059259 4980.1 4980.1
57853.1059838 4967.2 4967.2
57853.1060532 4975.5 4975.5
57853.1060995 5121.4 5121.4
57853.1061458 5198.5 5198.5
57853.1061921 5084.6 5084.6
57853.1062616 4879.4 4879.4
57853.1063079 5216.4 5216.4
57853.1063542 5322.1 5322.1
57853.1064005 5458.1 5458.1
57853.1064699 5315.2 5315.2
57853.1065162 4926.7 4926.7
57853.1065625 4876.3 4876.3
57853.1066088 4886.4 4886.4
57853.1066782 4894.9 4894.9
57853.1067245 4895.0 4895.0
57853.1067824 4933.1 4933.1
57853.1068171 4990.2 4990.2
57853.1068866 5130.4 5130.4
57853.1069329 5126.5 5126.5
57853.1069907 5105.3 5105.3
57853.107037 4980.9 4980.9
57853.1071065 4905.6 4905.6
57853.1071528 4976.3 4976.3
57853.1071991 4971.6 4971.6
57853.1072454 5045.9 5045.9
57853.1073148 4977.4 4977.4
57853.1073611 4966.0 4966.0
57853.1074074 5047.8 5047.8
57853.1074537 5041.7 5041.7
57853.1075231 4977.6 4977.6
57853.1075694 4964.3 4964.3
57853.1076157 4949.3 4949.3
57853.107662 4974.5 4974.5
57853.1077315 5017.5 5017.5
57853.1077778 5062.9 5062.9
57853.1078241 5156.0 5156.0
57853.1078704 5067.9 5067.9
57853.1079398 4972.0 4972.0
57853.1079977 5187.3 5187.3
57853.108044 5417.4 5417.4
57853.1080787 5352.0 5352.0
57853.1081481 5059.5 5059.5
57853.108206 5216.4 5216.4
57853.1082523 5446.2 5446.2
57853.1082986 5314.9 5314.9
57853.1083681 5060.5 5060.5
57853.1084144 5489.0 5489.0
57853.1084606 5296.8 5296.8
57853.1085069 5270.1 5270.1
57853.1085764 5049.9 5049.9
57853.1086227 4891.6 4891.6
57853.108669 4958.1 4958.1
57853.1087153 5056.0 5056.0
57853.1087847 5156.2 5156.2
57853.108831 5167.9 5167.9
57853.1088773 5436.5 5436.5
57853.1089352 5481.5 5481.5
57853.1166435 5074.4 5074.4
57853.1166782 5067.0 5067.0
57853.1167245 118.5 118.5
57853.1167824 16.6 16.6
57853.1190972 1580.4 1580.4
57853.1191435 14912.6 14912.6
57853.1191898 239611.3 239611.3
57853.1192361 247718.4 247718.4
57853.1193056 231234.2 231234.2
57853.1193519 5323.4 5323.4
57853.1193981 5375.0 5375.0
57853.1194444 5358.5 5358.5
57853.1195255 5085.4 5085.4
57853.1195602 4927.9 4927.9
57853.1196065 4902.5 4902.5
57853.1196644 4962.4 4962.4
57853.1197338 4990.0 4990.0
57853.1197801 4977.7 4977.7
57853.1198148 4930.4 4930.4
57853.1198727 4904.0 4904.0
57853.1199421 4891.1 4891.1
57853.1199884 4965.7 4965.7
57853.1200347 5001.5 5001.5
57853.120081 5035.2 5035.2
57853.1201505 4955.4 4955.4
57853.1201968 4933.3 4933.3
57853.1202431 4946.0 4946.0
57853.1202894 4985.3 4985.3
57853.1203588 5098.7 5098.7
57853.1204051 5114.3 5114.3
57853.1204514 5052.7 5052.7
57853.1204977 5056.1 5056.1
57853.1205671 5021.3 5021.3
57853.1206134 5061.3 5061.3
57853.1206713 5146.7 5146.7
57853.120706 5186.1 5186.1
57853.1207755 4982.2 4982.2
57853.1208218 4938.6 4938.6
57853.1208796 4950.4 4950.4
57853.1209259 4923.3 4923.3
57853.1209954 4962.9 4962.9
57853.1210417 4957.2 4957.2
57853.121088 4966.0 4966.0
57853.1211343 4987.5 4987.5
57853.1212037 4966.3 4966.3
57853.12125 5004.6 5004.6
57853.1212963 5024.2 5024.2
57853.1213426 5056.4 5056.4
57853.121412 5164.3 5164.3
57853.1214583 5119.0 5119.0
57853.1215046 4910.9 4910.9
57853.1215509 4953.7 4953.7
57853.1216204 5052.5 5052.5
57853.1216667 5048.5 5048.5
57853.121713 5106.7 5106.7
57853.1217593 5243.4 5243.4
57853.1218287 5197.6 5197.6
57853.1218866 5113.1 5113.1
57853.1219329 5215.5 5215.5
57853.1219676 5213.0 5213.0
57853.122037 5075.8 5075.8
57853.1220949 4893.3 4893.3
57853.1221412 4908.4 4908.4
57853.1221875 4947.4 4947.4
57853.1253472 92040.6 92040.6
57853.1253935 24681.5 24681.5
57853.1254398 72873.9 72873.9
57853.1254861 60603.0 60603.0
57853.1255556 91286.3 91286.3
57853.1256019 534.0 534.0
57853.1256481 546.4 546.4
57853.1256944 461.1 461.1
57853.1257755 457.1 457.1
57853.1258102 720.1 720.1
57853.1258565 775.6 775.6
57853.1259144 13.5 13.5
57853.1259838 732.2 732.2
57853.1260301 564.6 564.6
57853.1260648 644.3 644.3
57853.1261227 745.8 745.8
57853.1261921 404.0 404.0
57853.1262384 329.6 329.6
57853.1262847 420.1 420.1
57853.126331 627.2 627.2
57853.1264005 746.9 746.9
57853.1264468 452.3 452.3
57853.1264931 422.7 422.7
57853.1265394 426.3 426.3
57853.1266088 335.5 335.5
57853.1266551 354.5 354.5
57853.1267014 567.6 567.6
57853.1267477 817.2 817.2
57853.1268171 467.8 467.8
57853.1268634 566.7 566.7
57853.1269213 531.1 531.1
57853.126956 352.6 352.6
57853.1270255 518.8 518.8
57853.1270718 627.5 627.5
57853.1271296 652.0 652.0
57853.1271759 959.5 959.5
57853.1272454 161.7 161.7
57853.1272917 548.9 548.9
57853.127338 755.8 755.8
57853.1273843 8.6 8.6
57853.1274537 923.3 923.3
57853.1275 782.8 782.8
57853.1275463 929.7 929.7
57853.1275926 75.9 75.9
57853.127662 587.9 587.9
57853.1277083 574.0 574.0
57853.1277546 652.5 652.5
57853.1278009 722.2 722.2
57853.1278704 300.5 300.5
57853.1279167 426.2 426.2
57853.127963 517.1 517.1
57853.1280093 492.8 492.8
57853.1280787 414.4 414.4
57853.1281366 649.6 649.6
57853.1281829 588.0 588.0
57853.1282176 501.8 501.8
57853.128287 492.6 492.6
57853.1283449 614.9 614.9
57853.1283912 701.1 701.1
57853.1284375 722.9 722.9
57853.1285069 600.2 600.2
57853.1285532 712.1 712.1
57853.1285995 701.1 701.1
57853.1286458 703.7 703.7
57853.1287153 820.5 820.5
57853.1287616 979.1 979.1
57853.1288079 862.5 862.5
57853.1288542 617.0 617.0
57853.1289236 467.1 467.1
57853.1289699 421.5 421.5
57853.1290162 480.6 480.6
57853.1290741 619.3 619.3
57853.1291435 508.4 508.4
57853.1291782 439.2 439.2
57853.1292245 8.6 8.6
57853.1292824 0.5 0.5
57853.1309028 383.7 383.7
57853.1309491 8938.3 8938.3
57853.1309954 83480.2 83480.2
57853.1310417 83058.8 83058.8
57853.1311111 77519.4 77519.4
57853.1311574 413.4 413.4
57853.1312037 208.1 208.1
57853.13125 925.0 925.0
57853.131331 965.9 965.9
57853.1313657 874.1 874.1
57853.131412 894.4 894.4
57853.1314699 501.1 501.1
57853.1315394 850.5 850.5
57853.1315856 996.7 996.7
57853.1316204 920.9 920.9
57853.1316782 772.0 772.0
57853.1317477 23.2 23.2
57853.131794 541.0 541.0
57853.1318403 498.6 498.6
57853.1318866 255.0 255.0
57853.131956 6137.5 6137.5
57853.1320023 7188.1 7188.1
57853.1320486 8242.9 8242.9
57853.1320949 8227.7 8227.7
57853.1321644 7459.5 7459.5
57853.1322106 8036.6 8036.6
57853.1322569 8027.1 8027.1
57853.1323032 7102.6 7102.6
57853.1323727 5949.0 5949.0
57853.132419 6855.5 6855.5
57853.1324769 7087.8 7087.8
57853.1325116 7181.7 7181.7
57853.132581 6759.2 6759.2
57853.1326273 5747.7 5747.7
57853.1326852 5729.0 5729.0
57853.1327315 5651.2 5651.2
57853.1328009 5744.4 5744.4
57853.1328472 5811.1 5811.1
57853.1328935 5655.9 5655.9
57853.1329398 5592.4 5592.4
57853.1330093 5797.4 5797.4
57853.1330556 5894.0 5894.0
57853.1331019 6243.0 6243.0
57853.1331481 6464.0 6464.0
57853.1332176 7015.6 7015.6
57853.1332639 7276.2 7276.2
57853.1333102 7366.7 7366.7
57853.1333565 7772.4 7772.4
57853.1334259 7122.5 7122.5
57853.1334722 6072.2 6072.2
57853.1335185 6173.7 6173.7
57853.1335648 6065.1 6065.1
57853.1336343 6211.4 6211.4
57853.1336921 6201.8 6201.8
57853.1337384 6288.0 6288.0
57853.1337731 6120.3 6120.3
57853.1338426 6060.3 6060.3
57853.1339005 6955.2 6955.2
57853.1339468 6858.2 6858.2
57853.1339931 6519.6 6519.6
57853.1340625 6017.6 6017.6
57853.1341088 6133.3 6133.3
57853.1341551 6170.5 6170.5
57853.1342014 6636.5 6636.5
57853.1342708 6452.3 6452.3
57853.1343171 6204.4 6204.4
57853.1343634 5993.1 5993.1
57853.1344097 5855.0 5855.0
57853.1344792 5831.6 5831.6
57853.1345255 5839.3 5839.3
57853.1345718 5942.9 5942.9
57853.1346296 6146.8 6146.8
57853.1454861 530171.4 530171.4
57853.1455324 435950.6 435950.6
57853.1455787 1152392.7 1152392.7
57853.145625 525822.0 525822.0
57853.1456944 166923.7 166923.7
57853.1457407 5789.9 5789.9
57853.145787 5874.2 5874.2
57853.1458333 5934.3 5934.3
57853.1459144 5695.3 5695.3
57853.1459491 5277.6 5277.6
57853.1459954 5149.3 5149.3
57853.1460532 5194.9 5194.9
57853.1461227 5602.6 5602.6
57853.146169 5950.9 5950.9
57853.1462037 6393.5 6393.5
57853.1462616 6659.1 6659.1
57853.146331 6165.3 6165.3
57853.1463773 5162.0 5162.0
57853.1464236 5093.4 5093.4
57853.1464699 4977.4 4977.4
57853.1465394 4971.1 4971.1
57853.1465856 4957.7 4957.7
57853.1466319 4997.6 4997.6
57853.1466782 5058.9 5058.9
57853.1467477 5023.6 5023.6
57853.146794 4921.5 4921.5
57853.1468403 4962.8 4962.8
57853.1468866 4990.7 4990.7
57853.146956 4935.4 4935.4
57853.1470023 4921.2 4921.2
57853.1470602 4928.6 4928.6
57853.1470949 4898.0 4898.0
57853.1471644 4921.9 4921.9
57853.1472106 4914.2 4914.2
57853.1472685 4887.3 4887.3
57853.1473148 4869.4 4869.4
57853.1473843 4835.6 4835.6
57853.1474306 4855.3 4855.3
57853.1474769 4882.9 4882.9
57853.1475231 4909.6 4909.6
57853.1475926 4943.6 4943.6
57853.1476389 4910.8 4910.8
57853.1476852 5019.6 5019.6
57853.1477315 5210.8 5210.8
57853.1478009 5236.8 5236.8
57853.1478472 5022.1 5022.1
57853.1478935 5012.3 5012.3
57853.1479398 5062.5 5062.5
57853.1480093 4998.3 4998.3
57853.1480556 5029.5 5029.5
57853.1481019 4955.7 4955.7
57853.1481481 5040.6 5040.6
57853.1482176 5097.3 5097.3
57853.1482755 5046.5 5046.5
57853.1483218 5040.9 5040.9
57853.1483565 5022.6 5022.6
57853.1484259 4890.0 4890.0
57853.1484838 4862.0 4862.0
57853.1485301 4911.3 4911.3
57853.1485764 4977.4 4977.4
57853.1524306 230178.9 230178.9
57853.1524769 426206.5 426206.5
57853.1525231 2242025.8 2242025.8
57853.1525694 901678.5 901678.5
57853.1526389 178072.7 178072.7
57853.1526852 8754.1 8754.1
57853.1527315 8975.4 8975.4
57853.1527778 8782.5 8782.5
57853.1528588 7777.1 7777.1
57853.1528935 7469.7 7469.7
57853.1529398 7775.6 7775.6
57853.1529977 8004.5 8004.5
57853.1530671 8756.2 8756.2
57853.1531134 10329.0 10329.0
57853.1531481 13210.0 13210.0
57853.153206 13511.5 13511.5
57853.1532755 9307.3 9307.3
57853.1533218 7472.1 7472.1
57853.1533681 7862.6 7862.6
57853.1534144 8045.3 8045.3
57853.1534838 8499.4 8499.4
57853.1535301 8746.8 8746.8
57853.1535764 9017.6 9017.6
57853.1536227 9779.7 9779.7
57853.1536921 9120.2 9120.2
57853.1537384 8745.1 8745.1
57853.1537847 8650.8 8650.8
57853.153831 9980.4 9980.4
57853.1539005 11454.7 11454.7
57853.1539468 10903.7 10903.7
57853.1540046 12321.2 12321.2
57853.1540394 12266.3 12266.3
57853.1541088 9519.2 9519.2
57853.1541551 7396.0 7396.0
57853.154213 7343.4 7343.4
57853.1542593 7319.9 7319.9
57853.1543287 7496.8 7496.8
57853.154375 7478.4 7478.4
57853.1544213 7516.2 7516.2
57853.1544676 7572.8 7572.8
57853.154537 7890.1 7890.1
57853.1545833 7267.9 7267.9
57853.1546296 7471.4 7471.4
57853.1546759 7565.3 7565.3
57853.1547454 7483.7 7483.7
57853.1547917 7213.7 7213.7
57853.154838 7621.5 7621.5
57853.1548843 7647.3 7647.3
57853.1549537 8344.3 8344.3
57853.155 7405.1 7405.1
57853.1550463 7457.5 7457.5
57853.1550926 7329.0 7329.0
57853.155162 7231.1 7231.1
57853.1552199 7170.4 7170.4
57853.1552662 7136.8 7136.8
57853.1553009 7297.4 7297.4
57853.1553704 7108.9 7108.9
57853.1554282 7899.2 7899.2
57853.1554745 8684.2 8684.2
57853.1555208 8870.6 8870.6
