57853.9305556 4854.37426966 4848.55011236
57853.9333333 4854.37426966 4848.55011236
57853.936794 4791.84344569 4788.60992509
57853.9395718 4791.84344569 4788.60992509
57853.9430324 4748.16265918 4745.21850187
57853.9458102 4748.16265918 4745.21850187
57853.9492824 4701.89378277 4705.46629213
57853.9520602 4701.89378277 4705.46629213
57853.9554977 4649.18670412 4652.11808989
57853.9659375 4667.14007491 4674.25262172
57853.9721644 4466.02157303 4477.44681648
57853.9749421 4466.02157303 4477.44681648
57853.9784259 4415.00033708 4431.65348315
57853.9812037 4415.00033708 4431.65348315
57853.9846759 4356.76374532 4377.48737828
57853.9874537 4356.76374532 4377.48737828
57853.9909491 4315.80007491 4331.35389513
57853.9937269 4315.80007491 4331.35389513
57853.9971644 4322.95460674 4345.29771536
57853.9999421 4322.95460674 4345.29771536
57854.0035764 4346.98262172 4373.42902622
