57854.38137268519 144.40212722883052 0.0 127.53968683319333 0.0
57854.382372685184 144.40212722883052 0.0 127.53968683319333 0.0
57854.40534722222 137.25646530241158 0.0 135.86594343322994 0.0
57854.43844907408 142.16600121470114 0.0 131.02998766144057 0.0
57854.52622685185 139.81071326845475 0.0 135.5362787021879 0.0
57854.548483796294 134.4263431665032 0.0 131.96475684339535 0.0
57854.572650462964 141.01560491660743 0.0 122.134418244495 0.0
57854.60395833333 141.45779792931702 0.0 131.07944813984838 0.0
57854.62611111111 141.54339718095912 0.0 130.67652229391337 0.0
57854.63087962963 142.56246098435815 0.0 133.43031275967272 0.0
57854.631879629625 142.56246098435815 0.0 133.43031275967272 0.0
