57852.9777894 14956.6124963 14470.218594
57852.9840394 14647.6914942 14163.4702878
57852.9993171 14146.0756695 13606.6066821
57853.0083449 13787.1356062 13190.289909
57853.0159838 13578.4117318 12863.7584827
57853.031956 13666.193305 12953.1745238
57853.0395949 13253.3114628 12480.6968932
57853.0472338 13149.6155577 12316.6082373
57853.0652894 12923.0774917 12025.6415548
57853.0729282 12962.5890213 12062.4092282
57853.1055671 13557.3030407 12519.1311862
57853.119456 17739.1554152 17309.4872909
57853.125706 14117.6669394 13074.1872091
57853.1312616 14113.4207089 13070.2548304
57853.1458449 16800.1046807 16252.2751802
57853.1527894 14608.7866789 13634.8675669
