57853.0515278 17587.745122 25390.842453
57853.0516435 18145.217614 32690.724001
57853.0517708 68041.301432 106934.391747
57853.0518866 350285.812447 401292.286075
57853.0520023 223551.646972 188720.168733
57853.0652778 30687.347143 43117.882179
57853.0653935 19136.420493 27314.93138
57853.0655093 285916.230346 386429.992321
57853.065625 14171.228166 62687.846813
57853.0657523 14496.33315 18467.46837
57853.0658681 3943559.08448 128354.150265
57853.0659722 69147.403337 69414.819889
57853.0659838 34975.968197 47672.987948
57853.0661111 55227.098854 269460.282541
57853.0662269 26783.51418 56743.195083
57853.0663426 59227.644934 379332.119955
57853.0664583 51279.459633 19505.98262
57853.0665856 60583.739087 400250.401347
57853.0666667 51962.957752 62518.399652
57853.0667014 44774.470073 33433.84401
57853.0668171 13282.341844 21909.116557
57853.0669444 12624.813512 31479.37009
57853.0670602 26776.566948 29887.77006
57853.0671759 20453.311409 57355.047466
57853.0673032 23143.634323 24649.208216
57853.0673611 15470.85936 17717.357164
57853.067419 11732.653024 13976.586891
57853.0675347 22080.973863 26454.741956
57853.067662 1392567.46335 400247.814631
57853.0677778 92079.665069 80423.205728
57853.0678935 61450.280208 115723.872932
57853.0680208 366015.215862 22246.345785
57853.0680556 89249.29327 25874.947152
57853.0681366 50857.48351 30864.028689
57853.0682523 58982.615307 87159.228385
57853.0683796 2309299.76694 131823.698868
57853.0684954 8530.216928 15493.233563
57853.0686111 23513.19655 37322.532588
57853.0687384 20058.821716 38858.806617
57853.06875 32579.589333 67888.198904
57853.0688542 86687.096333 267695.540033
57853.0689699 151023.260269 37238.545999
57853.0690972 38053.643203 18231.737585
57853.069213 23193.113092 35119.166463
57853.0693287 11174.024096 9406.797179
57853.0694444 12563.472453 11283.615699
57853.069456 14328.015577 14064.913232
57853.0695718 27264.534841 34909.242269
57853.0696875 1179616.75209 698045.522546
57853.0698148 112945.578563 194037.034383
57853.0699306 60304.286635 46277.123371
57853.0700463 84726.220011 215564.430204
57853.0701389 24404.885194 28206.756013
57853.0729167 13624.968756 14418.599374
57853.0736111 12806.200104 13549.778947
57853.0743056 12772.590177 13511.828232
57853.075 13950.954249 14755.743002
57853.0756944 15129.6455 15999.512178
57853.0763889 15693.803361 16593.03309
57853.0770833 15150.505827 16015.592944
57853.1055556 19751.259913 20640.753576
57853.10625 20659.76773 21581.145263
57853.1069444 20862.656676 21783.750052
57853.1076389 20603.634395 21503.857092
57853.1083333 20935.630565 21840.542624
57853.1256944 23778.490847 24403.708381
57853.1263889 23691.127815 24290.752418
57853.1270833 23899.645621 24480.215329
57853.1277778 24533.16698 25103.248909
57853.1284722 25547.527029 26113.244103
57853.1291667 25638.628246 26177.279621
57853.13125 26480.180282 26939.264356
57853.1319444 27012.945703 27445.527045
57853.1326389 26235.788793 26619.783035
57853.1333333 27038.959188 27395.892898
57853.1340278 27741.795558 28066.470117
57853.1527778 6380.548818 6428.032867
57853.1528588 7372.918103 7391.733163
57853.1529745 5405.801623 5266.570349
57853.1531019 8086.575534 7995.061165
57853.1532176 5858.587741 6113.306086
57853.1533333 3811.331389 3842.860683
57853.1534606 9364.680205 9658.320019
57853.1534722 6151.447062 6294.549103
57853.1535764 4612.312235 4701.39345
57853.1536921 5232.715892 5173.138317
57853.1538194 5079.643343 5099.881307
57853.1539352 3943.371618 3936.353964
57853.1540509 5649.900032 5788.337378
57853.1541667 5599.527574 5644.004521
57853.1541782 5531.495046 5488.932895
57853.154294 4690.338058 4713.85014
57853.1544097 4432.918291 4515.330098
57853.154537 6043.799135 6113.042725
57853.1546528 4706.81384 4788.858353
57853.1547685 4982.096858 5259.198217
57853.1548611 5631.510863 5934.843331
57853.1548958 6487.005534 6821.680966
57853.1550116 20654.84029 24878.177951
57853.1551273 7074.965451 7158.652783
57853.1552546 9516.834208 9586.295838
57853.1553704 23448.101894 23433.533099
57853.1554861 29197.068167 35013.615307
57853.6319213 3756.580009 3780.874054
57853.6319444 3751.367152 3759.944271
