57847.9423495 6067.53689139 5894.28093633
57847.9451273 6067.53689139 5894.28093633
57847.95 6045.0094382 5798.77052434
57847.9527778 6045.0094382 5798.77052434
57847.9576389 5818.47325843 5641.93449438
57847.9604167 5818.47325843 5641.93449438
57847.9652662 5721.06696629 5564.12164794
57847.968044 5721.06696629 5564.12164794
57847.9757176 5500.06254682 5342.22662921
57847.9784954 5500.06254682 5342.22662921
57847.9833565 5415.3658427 5263.04314607
57847.9937731 5488.28205993 5342.57089888
57848.025706 4724.03093633 4606.12696629
57848.0269792 5928.82108614 5785.21846442
57848.0284838 4724.03093633 4606.12696629
57848.0297569 5928.82108614 5785.21846442
57848.0360764 5529.88509363 5404.71475655
57848.0378935 4554.9041573 4528.65438202
57848.0388542 5529.88509363 5404.71475655
57848.0406713 4554.9041573 4528.65438202
57848.0458681 4700.64262172 4686.08588015
57848.0486458 4700.64262172 4686.08588015
57848.0527894 4684.78681648 4669.05816479
57848.0711227 4870.07629213 4680.99771536
57848.0729051 4713.50089888 4525.28067416
57848.0739005 4870.07629213 4680.99771536
57848.0798611 4670.59651685 4664.19101124
57848.0826389 4670.59651685 4664.19101124
57848.086794 4647.27891386 4645.01516854
57848.0878819 4353.7011236 4344.46220974
57848.0891204 4321.59955056 4302.07041199
57848.0895718 4647.27891386 4645.01516854
57848.0906597 4353.7011236 4344.46220974
57848.0918981 4321.59955056 4302.07041199
57848.0972338 4550.55479401 4548.39883895
57848.1236343 3293.81389513 3991.46865169
57848.1277662 4127.48363296 3941.77048689
57848.1287731 4209.9976779 4137.53752809
57848.130544 4127.48363296 3941.77048689
57848.1315509 4209.9976779 4137.53752809
57848.1361343 4675.94730337 4572.21857678
57848.1472338 4033.47898876 3956.04790262
57848.1513773 4107.0505618 4053.11617978
57848.1523843 4383.73599251 4306.65764045
57848.1541551 4107.0505618 4053.11617978
57848.155162 4383.73599251 4306.65764045
