57848.0208333 38031.1688312 28015.5844156
57848.0215278 38085.7142857 28161.038961
57848.0222222 50202.5974026 38119.4805195
57848.0229167 50384.4155844 38129.8701299
57848.0236111 50301.2987013 38166.2337662
57848.0243056 50161.038961 38059.7402597
57848.025 50223.3766234 38015.5844156
57848.0256944 50280.5194805 38174.025974
57848.0263889 50103.8961039 38054.5454545
57848.0270833 49818.1818182 37890.9090909
57848.0277778 49771.4285714 37727.2727273
57848.0284722 49916.8831169 38036.3636364
57848.0291667 49542.8571429 37579.2207792
57848.0298611 49425.974026 37423.3766234
57848.0305556 49480.5194805 37714.2857143
57848.03125 49057.1428571 37259.7402597
57848.0319444 48953.2467532 37200.0
57848.0326389 48974.025974 37109.0909091
57848.0333333 49106.4935065 37228.5714286
57848.0340278 49254.5454545 37511.6883117
57848.0347222 48924.6753247 37155.8441558
57848.0354167 48337.6623377 36602.5974026
57848.0361111 48412.987013 36794.8051948
57848.0368056 48353.2467532 36638.961039
57848.0375 48483.1168831 36883.1168831
57848.0381944 48148.0519481 36649.3506494
57848.0388889 47812.987013 36415.5844156
57848.0395833 48044.1558442 36612.987013
57848.0402778 48501.2987013 36898.7012987
57848.0409722 72132.4675325 54485.7142857
57848.0416667 71116.8831169 54012.987013
57848.0423611 69688.3116883 53155.8441558
57848.0430556 68228.5714286 52106.4935065
57848.04375 66935.0649351 51249.3506494
57848.0444444 66693.5064935 51288.3116883
57848.0451389 66280.5194805 50922.0779221
57848.0458333 64953.2467532 50155.8441558
57848.0465278 64202.5974026 49737.6623377
57848.0472222 63187.012987 48696.1038961
57848.0479167 63163.6363636 48888.3116883
57848.0486111 62410.3896104 48200.0
57848.0493056 62132.4675325 48093.5064935
57848.05 61740.2597403 47636.3636364
57848.0506944 61594.8051948 47584.4155844
57848.0513889 60870.1298701 46818.1818182
57848.0520833 60844.1558442 46903.8961039
57848.0527778 60038.961039 46314.2857143
57848.0708333 52587.012987 40405.1948052
57848.0715278 52423.3766234 40332.4675325
57848.0722222 52106.4935065 40088.3116883
57848.0729167 51979.2207792 39927.2727273
57848.0736111 51888.3116883 39909.0909091
57848.0743056 51555.8441558 39701.2987013
57848.075 51324.6753247 39553.2467532
57848.0756944 51106.4935065 39215.5844156
57848.0763889 51158.4415584 39285.7142857
57848.0770833 50771.4285714 39096.1038961
57848.0777778 50480.5194805 38802.5974026
57848.0784722 50283.1168831 38610.3896104
57848.0791667 50566.2337662 38877.9220779
57848.0798611 50358.4415584 38698.7012987
57848.0805556 50153.2467532 38516.8831169
57848.08125 49862.3376623 38348.0519481
57848.0819444 49768.8311688 38158.4415584
57848.0826389 49384.4155844 37927.2727273
57848.0833333 49129.8701299 37711.6883117
57848.0840278 49031.1688312 37651.9480519
57848.0847222 49038.961039 37701.2987013
57848.0854167 49046.7532468 37753.2467532
57848.0861111 48844.1558442 37441.5584416
57848.0868056 48361.038961 37158.4415584
57848.0875 48238.961039 37020.7792208
57848.0881944 48000.0 36722.0779221
57848.0888889 48137.6623377 37077.9220779
57848.0895833 48046.7532468 36942.8571429
57848.0902778 47711.6883117 36589.6103896
57848.0909722 47574.025974 36602.5974026
57848.0916667 47374.025974 36384.4155844
57848.0923611 47218.1818182 36264.9350649
57848.0930556 46859.7402597 35802.5974026
57848.09375 46696.1038961 35812.987013
57848.0944444 46446.7532468 35506.4935065
57848.0951389 46322.0779221 35579.2207792
57848.0958333 46080.5194805 35244.1558442
57848.0965278 46002.5974026 35210.3896104
57848.0972222 45948.0519481 35072.7272727
57848.1215278 43516.8831169 33062.3376623
57848.1222222 43400.0 32966.2337662
57848.1229167 43290.9090909 32812.987013
57848.1236111 43194.8051948 32716.8831169
57848.1243056 43189.6103896 32859.7402597
57848.125 42945.4545455 32576.6233766
57848.1256944 42914.2857143 32485.7142857
57848.1263889 42950.6493506 32548.0519481
57848.1270833 43012.987013 32600.0
57848.1277778 42911.6883117 32550.6493506
57848.1284722 42675.3246753 32431.1688312
57848.1291667 42875.3246753 32581.8181818
57848.1298611 42883.1168831 32490.9090909
57848.1305556 42740.2597403 32431.1688312
57848.13125 42844.1558442 32550.6493506
57848.1319444 42893.5064935 32503.8961039
57848.1326389 42950.6493506 32605.1948052
57848.1333333 42893.5064935 32498.7012987
57848.1340278 42844.1558442 32566.2337662
57848.1347222 42872.7272727 32568.8311688
57848.1354167 42698.7012987 32387.012987
57848.1361111 42789.6103896 32503.8961039
57848.1451389 43161.038961 31997.4025974
57848.1458333 43148.0519481 32153.2467532
57848.1465278 43140.2597403 32101.2987013
57848.1472222 42966.2337662 31903.8961039
57848.1479167 42867.5324675 31820.7792208
57848.1486111 42909.0909091 31885.7142857
57848.1493056 42781.8181818 31750.6493506
57848.15 42657.1428571 31685.7142857
57848.1506944 42477.9220779 31574.025974
57848.1513889 42558.4415584 31620.7792208
57848.1520833 42540.2597403 31602.5974026
57848.1527778 42397.4025974 31446.7532468
57848.1534722 42259.7402597 31441.5584416
57848.1541667 42257.1428571 31449.3506494
57848.1548611 42075.3246753 31132.4675325
57848.1555556 42402.5974026 31555.8441558
57848.15625 42428.5714286 31506.4935065
57848.1569444 42361.038961 31400.0
57848.1576389 42314.2857143 31387.012987
57848.1583333 42285.7142857 31296.1038961
57848.1590278 42332.4675325 31415.5844156
57848.1597222 41992.2077922 31101.2987013
57848.1604167 42085.7142857 31109.0909091
