57853.9611921 8.25306003856 0.0 8.25306003856 0.0
57853.9612269 7.97069633094 0.0 7.97069633094 0.0
57853.9612731 7.94355084329 0.0 7.94355084329 0.0
57853.961331 8.00593529826 0.0 8.00593529826 0.0
57853.9614005 8.24936361182 0.0 8.24936361182 0.0
57853.9614468 8.35619530648 0.0 8.35619530648 0.0
57853.9614815 8.42080756222 0.0 8.42080756222 0.0
57853.9615394 8.50405785493 0.0 8.50405785493 0.0
57853.9616088 8.36683930765 0.0 8.36683930765 0.0
57853.9616551 7.97376949755 0.0 7.97376949755 0.0
57853.9617014 8.01061795369 0.0 8.01061795369 0.0
57853.9617477 8.03112694458 0.0 8.03112694458 0.0
57853.9618171 7.93744291318 0.0 7.93744291318 0.0
57853.9618634 7.93826177447 0.0 7.93826177447 0.0
57853.9619097 8.00874522007 0.0 8.00874522007 0.0
57853.961956 8.14984662432 0.0 8.14984662432 0.0
57853.9620255 8.19359505956 0.0 8.19359505956 0.0
57853.9620718 7.95902004018 0.0 7.95902004018 0.0
57853.9621181 7.93233887325 0.0 7.93233887325 0.0
57853.9621644 7.93069984302 0.0 7.93069984302 0.0
57853.9622338 7.96868872525 0.0 7.96868872525 0.0
57853.9622801 7.93889161029 0.0 7.93889161029 0.0
57853.962338 7.99074464615 0.0 7.99074464615 0.0
57853.9623727 8.00668470717 0.0 8.00668470717 0.0
57853.9624421 8.03791017616 0.0 8.03791017616 0.0
57853.9624884 8.00462366386 0.0 8.00462366386 0.0
57853.9625463 8.12176089281 0.0 8.12176089281 0.0
57853.9625926 8.09820967869 0.0 8.09820967869 0.0
57853.962662 8.12502307689 0.0 8.12502307689 0.0
57853.9627083 7.87648398716 0.0 7.87648398716 0.0
57853.9627546 7.93221280602 0.0 7.93221280602 0.0
57853.9628009 7.97634001281 0.0 7.97634001281 0.0
57853.9628704 7.9443061371 0.0 7.9443061371 0.0
57853.9629167 7.83479419002 0.0 7.83479419002 0.0
57853.962963 7.83332624113 0.0 7.83332624113 0.0
57853.9630093 7.84837562812 0.0 7.84837562812 0.0
57853.9630787 7.92205781347 0.0 7.92205781347 0.0
57853.963125 7.91504895752 0.0 7.91504895752 0.0
57853.9631713 7.91511212808 0.0 7.91511212808 0.0
57853.9632176 7.93870266479 0.0 7.93870266479 0.0
57853.963287 7.92231026911 0.0 7.92231026911 0.0
57853.9633333 7.85487110015 0.0 7.85487110015 0.0
57853.9633796 7.87686485856 0.0 7.87686485856 0.0
57853.9634259 7.90607361463 0.0 7.90607361463 0.0
57853.9634954 7.89119762774 0.0 7.89119762774 0.0
57853.9635532 7.84633672487 0.0 7.84633672487 0.0
57853.9635995 7.86231518066 0.0 7.86231518066 0.0
57853.9636343 7.89778449947 0.0 7.89778449947 0.0
57853.9637037 7.89575835497 0.0 7.89575835497 0.0
57853.9637616 7.85468013353 0.0 7.85468013353 0.0
57853.9638079 7.81428179681 0.0 7.81428179681 0.0
57853.9638542 7.79647356181 0.0 7.79647356181 0.0
57854.0091088 8.11751193408 0.0 8.11751193408 0.0
57854.0091435 7.67867176014 0.0 7.67867176014 0.0
57854.0091898 7.65800235048 0.0 7.65800235048 0.0
57854.0092477 7.70090903725 0.0 7.70090903725 0.0
57854.0093171 7.68589617416 0.0 7.68589617416 0.0
57854.0093634 7.55632185656 0.0 7.55632185656 0.0
57854.0093981 7.5906521459 0.0 7.5906521459 0.0
57854.009456 7.61498522651 0.0 7.61498522651 0.0
57854.0095255 7.60315723894 0.0 7.60315723894 0.0
57854.0095718 7.46203725533 0.0 7.46203725533 0.0
57854.0096181 7.50879484338 0.0 7.50879484338 0.0
57854.0096644 7.47816822491 0.0 7.47816822491 0.0
57854.0097338 7.49713278527 0.0 7.49713278527 0.0
57854.0097801 7.47602835736 0.0 7.47602835736 0.0
57854.0098264 7.49953331881 0.0 7.49953331881 0.0
57854.0098727 7.54612483332 0.0 7.54612483332 0.0
57854.0099421 7.70538772548 0.0 7.70538772548 0.0
57854.0099884 7.76865496724 0.0 7.76865496724 0.0
57854.0100347 8.09425722349 0.0 8.09425722349 0.0
57854.010081 8.50975910352 0.0 8.50975910352 0.0
57854.0101505 8.46291911813 0.0 8.46291911813 0.0
57854.0101968 7.63681870938 0.0 7.63681870938 0.0
57854.0102546 7.65238524906 0.0 7.65238524906 0.0
57854.0102894 7.75209649063 0.0 7.75209649063 0.0
57854.0103588 7.60486686274 0.0 7.60486686274 0.0
57854.0104051 7.50299940024 0.0 7.50299940024 0.0
57854.010463 7.61038763796 0.0 7.61038763796 0.0
57854.0105093 7.66165778406 0.0 7.66165778406 0.0
57854.0105787 7.54705240475 0.0 7.54705240475 0.0
57854.010625 7.46384619348 0.0 7.46384619348 0.0
57854.0106713 7.4568760215 0.0 7.4568760215 0.0
57854.0107176 7.53717453692 0.0 7.53717453692 0.0
57854.010787 7.58472148467 0.0 7.58472148467 0.0
57854.0108333 7.63177567805 0.0 7.63177567805 0.0
57854.0108796 7.60486686274 0.0 7.60486686274 0.0
57854.0109259 7.61767681121 0.0 7.61767681121 0.0
57854.0109954 7.64009162249 0.0 7.64009162249 0.0
57854.0110417 7.47241594131 0.0 7.47241594131 0.0
57854.011088 7.52695157418 0.0 7.52695157418 0.0
57854.0111343 7.51325495375 0.0 7.51325495375 0.0
57854.0112037 7.47127833774 0.0 7.47127833774 0.0
57854.01125 7.43377427691 0.0 7.43377427691 0.0
57854.0112963 7.45285180317 0.0 7.45285180317 0.0
57854.0113426 7.52429398681 0.0 7.52429398681 0.0
57854.011412 7.52914337757 0.0 7.52914337757 0.0
57854.0114699 7.43296710608 0.0 7.43296710608 0.0
57854.0115162 7.47790077495 0.0 7.47790077495 0.0
57854.0115509 7.4881907027 0.0 7.4881907027 0.0
57854.0116204 7.55499834547 0.0 7.55499834547 0.0
57854.0116782 7.58076513289 0.0 7.58076513289 0.0
57854.0117245 7.63976439427 0.0 7.63976439427 0.0
57854.0117708 7.70999351491 0.0 7.70999351491 0.0
