57854.2187616 100.088173572 0.0 100.44050435 0.0
57854.2188773 92.4100513743 0.0 92.8069379034 0.0
57854.2190046 95.8224196783 0.0 95.2007065205 0.0
57854.2191204 90.6781399842 0.0 90.6071155208 0.0
57854.2192361 91.9802171991 0.0 91.9129843058 0.0
57854.2193634 98.2930963242 0.0 99.0224164874 0.0
57854.2194444 94.0421364443 0.0 94.2689260202 0.0
57854.2194792 90.3309064606 0.0 90.1705033589 0.0
57854.2195949 92.2052412718 0.0 91.2555782679 0.0
57854.2197222 90.2189163036 0.0 90.5846360593 0.0
57854.219838 92.7839545018 0.0 93.36342159 0.0
57854.2199537 89.4305523018 0.0 90.1764743434 0.0
57854.220081 95.8016790876 0.0 96.6342911186 0.0
57854.2201389 95.2606529056 0.0 95.7466734827 0.0
57854.2201968 94.6870293229 0.0 94.8404959761 0.0
57854.2203125 90.4553790772 0.0 91.5053410518 0.0
57854.2204398 90.2068730419 0.0 90.2853580599 0.0
57854.2205556 89.27717789 0.0 89.5104517975 0.0
57854.2206713 96.0256009874 0.0 96.427608811 0.0
57854.2207986 115.132227625 0.0 115.222584752 0.0
57854.2208333 99.8368208378 0.0 100.16737662 0.0
57854.2209144 89.4122922086 0.0 89.8457312175 0.0
57854.2210301 87.9108500073 0.0 88.0346766053 0.0
57854.2211574 90.2247251922 0.0 90.7386467058 0.0
57854.2212731 94.8624685953 0.0 95.5001241936 0.0
57854.2213889 93.5922652413 0.0 93.5467659943 0.0
57854.2215162 88.8903236635 0.0 89.0508272056 0.0
57854.2215278 94.6103385524 0.0 94.2916028923 0.0
57854.2216319 101.446394692 0.0 100.4304846 0.0
57854.2217477 89.413815135 0.0 89.6817712303 0.0
57854.221875 106.114998846 0.0 106.560638249 0.0
57854.2219907 135.553471538 0.0 139.340764068 0.0
57854.2221065 99.6889985104 0.0 99.7513222569 0.0
57854.2222222 129.15197218 0.0 125.652421031 0.0
57854.2223495 159.223070988 0.0 165.363427755 0.0
57854.2224653 98.2496420197 0.0 97.6880746458 0.0
57854.222581 94.156557196 0.0 94.5361063139 0.0
57854.2227083 114.47120389 0.0 114.72265968 0.0
57854.2228241 145.022846762 0.0 148.222181882 0.0
57854.2229167 160.233523599 0.0 163.591490885 0.0
57854.2250926 87.3764349124 0.0 88.0188005428 0.0
57854.2252199 87.2961429904 0.0 87.3539128889 0.0
57854.2253356 86.4417894886 0.0 87.8256937063 0.0
57854.2254514 99.0111148306 0.0 101.393731853 0.0
57854.2255787 87.0912836511 0.0 88.2281377509 0.0
57854.2256944 93.0892229906 0.0 92.451573502 0.0
57854.2258102 94.2531371414 0.0 95.2034762338 0.0
57854.2259375 96.7270773 0.0 96.4863253057 0.0
57854.2260532 98.7876626508 0.0 98.7910309644 0.0
57854.226169 92.8049045471 0.0 93.375186131 0.0
57854.2262963 90.5345349853 0.0 90.2039765088 0.0
57854.2263889 88.9670632481 0.0 88.8018903065 0.0
57854.226412 87.3927020637 0.0 87.3771259369 0.0
57854.2265278 91.7170810645 0.0 91.4293505828 0.0
57854.2266435 98.3451684019 0.0 97.6433449499 0.0
57854.2267708 92.5625887873 0.0 92.5239317906 0.0
57854.2268866 91.7741815109 0.0 93.7585796767 0.0
57854.2270023 92.5830714764 0.0 92.7799409463 0.0
57854.2270833 90.6054180113 0.0 90.8082851231 0.0
57854.2271296 88.7521175466 0.0 88.9600263321 0.0
57854.2272454 96.0685336049 0.0 96.4399780433 0.0
57854.2273611 127.179281894 0.0 129.547628925 0.0
57854.2274884 92.6861975323 0.0 92.8431395042 0.0
57854.2276042 91.5931092332 0.0 92.3077705613 0.0
57854.2277199 87.4317265928 0.0 87.1127821275 0.0
57854.2277778 87.2079436749 0.0 87.2393964388 0.0
57854.2278472 87.0354025325 0.0 87.4164418002 0.0
57854.227963 91.6179428278 0.0 91.6452898026 0.0
57854.2280787 88.2301894932 0.0 88.9741223784 0.0
57854.228206 89.4470027782 0.0 89.2840953586 0.0
57854.2283218 86.6471421975 0.0 87.0974995278 0.0
57854.2284375 90.2058609071 0.0 89.5275693683 0.0
57854.2284722 88.8319543577 0.0 88.8624005078 0.0
57854.2285648 87.4223262845 0.0 88.1132012357 0.0
57854.2286806 88.5392047062 0.0 88.6663589023 0.0
57854.2287963 88.3155493614 0.0 87.9084620273 0.0
57854.2289236 96.746295619 0.0 97.2933126222 0.0
57854.2290394 88.6638151503 0.0 88.5865789045 0.0
57854.2291551 91.340448614 0.0 91.6210959714 0.0
57854.2291667 92.4906883421 0.0 91.4036457807 0.0
57854.2403935 82.6628787002 0.0 82.8229259203 0.0
57854.2405093 92.4304596224 0.0 92.2448039241 0.0
57854.240625 81.1628313885 0.0 80.9801833043 0.0
57854.2407523 81.8542079248 0.0 82.0037556945 0.0
57854.2408681 82.7124360601 0.0 83.0958720515 0.0
57854.2409722 88.7716861167 0.0 89.5387693349 0.0
57854.2409838 96.2881639975 0.0 97.6509157817 0.0
57854.2411111 89.1196957748 0.0 89.2060634991 0.0
57854.2412269 81.940111606 0.0 82.3049628698 0.0
57854.2413426 83.6856627745 0.0 83.5131229029 0.0
57854.2414699 83.0220715954 0.0 83.2659650157 0.0
57854.2415856 87.9593203646 0.0 87.4428823175 0.0
57854.2416667 85.5027471781 0.0 85.2225667062 0.0
57854.2417014 83.2745174408 0.0 83.1971800724 0.0
57854.2418287 82.3145779313 0.0 82.346097151 0.0
57854.2419444 86.5811598848 0.0 86.8055679608 0.0
57854.2420602 84.8269178976 0.0 85.0215084435 0.0
57854.2421875 87.7399518976 0.0 87.8640207309 0.0
57854.2423032 80.0877559056 0.0 80.0114328456 0.0
57854.2423611 80.9864659928 0.0 80.911645021 0.0
57854.242419 81.8422233874 0.0 81.7691089593 0.0
57854.2425463 78.941335446 0.0 78.8749923613 0.0
57854.242662 85.0648335036 0.0 85.2376420427 0.0
57854.2427778 104.450284164 0.0 105.415423193 0.0
57854.2429051 90.4722336963 0.0 90.4215247162 0.0
57854.2430208 89.1895654603 0.0 90.7244990617 0.0
57854.2430556 98.4488893183 0.0 99.6754133977 0.0
57854.2431366 111.484017473 0.0 112.056565707 0.0
57854.2432639 93.7915093119 0.0 93.9379307894 0.0
57854.2433796 80.2046133648 0.0 80.5027072278 0.0
57854.2434954 92.3867766187 0.0 91.22883286 0.0
57854.2436227 96.8912475975 0.0 96.5909050636 0.0
57854.2437384 86.4084984651 0.0 87.0209983452 0.0
57854.24375 86.8179705591 0.0 86.8008410731 0.0
57854.2438542 87.3490311509 0.0 86.694993281 0.0
57854.2439815 86.2597519414 0.0 86.863879743 0.0
57854.2440972 80.2411672148 0.0 80.5691512057 0.0
57854.244213 80.5265541607 0.0 80.7519313206 0.0
57854.2443403 89.2074969776 0.0 89.6532424065 0.0
57854.2444444 86.0162068217 0.0 86.021261802 0.0
57854.2466088 79.9064822026 0.0 79.8032472272 0.0
57854.2467245 79.6701924122 0.0 79.3168810153 0.0
57854.2468403 78.349603477 0.0 78.358113294 0.0
57854.2469676 77.8225214125 0.0 77.840494956 0.0
57854.2470833 78.4778728178 0.0 78.6337427699 0.0
57854.2471991 79.9111613293 0.0 80.2582139846 0.0
57854.2472222 79.5387036103 0.0 80.0635665144 0.0
57854.2473264 79.2915458987 0.0 79.9927223752 0.0
57854.2474421 89.6075415967 0.0 90.2269206169 0.0
57854.2475579 87.8306508344 0.0 87.7744889874 0.0
57854.2476852 79.7388757069 0.0 80.0811230815 0.0
57854.2478009 79.4709263568 0.0 79.8105569709 0.0
57854.2479167 80.824309796 0.0 80.9893763404 0.0
57854.248044 80.6933189861 0.0 81.6080561955 0.0
57854.2481597 78.1515363892 0.0 78.3358076552 0.0
57854.2482755 76.9522564711 0.0 77.1414427075 0.0
57854.2484028 81.8827157036 0.0 81.1576507977 0.0
57854.2485185 83.8730160898 0.0 83.945763145 0.0
57854.2486111 80.288928365 0.0 80.3529077445 0.0
57854.2486343 77.1521669948 0.0 77.2090286625 0.0
57854.2487616 76.9712092798 0.0 76.8972414785 0.0
57854.2488773 77.8841075766 0.0 77.7103062212 0.0
57854.2489931 76.9411920625 0.0 77.0041971583 0.0
57854.2491088 77.351121679 0.0 77.1645959945 0.0
57854.2492361 83.0798845269 0.0 83.7412453275 0.0
57854.2493056 83.1303952234 0.0 83.324676285 0.0
57854.2493519 83.1598886122 0.0 82.8919011726 0.0
57854.2494676 85.2949369541 0.0 85.7571627971 0.0
57854.2495949 80.0611037646 0.0 80.3484677888 0.0
57854.2497106 79.3812577313 0.0 79.377958496 0.0
57854.2498264 82.6388982139 0.0 82.2857896116 0.0
57854.2499537 79.5668074325 0.0 79.3514831808 0.0
57854.25 80.4156950788 0.0 80.4257420047 0.0
57854.2500694 81.3051502366 0.0 81.5586774476 0.0
57854.2501852 85.7267502184 0.0 85.2205959965 0.0
57854.2503125 82.5768464644 0.0 82.3595913479 0.0
57854.2504282 80.0329821761 0.0 80.4581918887 0.0
57854.250544 78.3459226763 0.0 78.1399203097 0.0
57854.2506713 90.0424581572 0.0 90.0852226672 0.0
57854.2506944 87.2877541583 0.0 87.3216090839 0.0
57854.2639352 72.67750156 0.0 72.6095112571 0.0
57854.2640509 71.8867791809 0.0 71.9959032862 0.0
57854.2641667 71.0680666333 0.0 71.1713231857 0.0
57854.264294 73.1175233716 0.0 73.1328807172 0.0
57854.2644097 71.9307256115 0.0 71.8581276544 0.0
57854.2645255 88.9266466533 0.0 90.0629840112 0.0
57854.2645833 80.8071195688 0.0 80.9919836465 0.0
57854.2646528 74.5986648138 0.0 74.2333283303 0.0
57854.2647685 75.3719076845 0.0 75.3223254686 0.0
57854.2648843 74.7757976621 0.0 75.0276163956 0.0
57854.2650116 72.8702612799 0.0 72.6643819419 0.0
57854.2651273 71.8007012013 0.0 71.9008432426 0.0
57854.2652431 74.181528159 0.0 74.7301179044 0.0
57854.2652778 74.1257420199 0.0 74.3923101873 0.0
57854.2653704 74.0594091996 0.0 74.0487735888 0.0
57854.2654861 73.787739056 0.0 74.0063440727 0.0
57854.2656019 77.3706049026 0.0 77.9356916887 0.0
57854.2657292 107.667000358 0.0 107.718489824 0.0
57854.2658449 77.5514841315 0.0 77.3950303573 0.0
57854.2659606 78.2672834076 0.0 78.5237120748 0.0
57854.2659722 76.3635562883 0.0 76.4504997433 0.0
57854.266088 74.5975986209 0.0 74.5386822529 0.0
57854.2662037 75.2104233468 0.0 75.4507096653 0.0
57854.2663194 84.7034619658 0.0 84.9136423609 0.0
57854.2664468 76.773177204 0.0 76.4685751208 0.0
57854.2665625 75.4012597839 0.0 75.6550869473 0.0
57854.2666667 73.791519899 0.0 73.7972717246 0.0
57854.2666782 72.1824405933 0.0 71.9722090254 0.0
57854.266794 78.3024108888 0.0 78.2372279992 0.0
57854.2669213 73.9301591571 0.0 73.9902823146 0.0
57854.267037 92.9077216059 0.0 93.0048564646 0.0
57854.2671528 81.1974002232 0.0 81.1767309086 0.0
57854.2672801 81.2127118744 0.0 82.3964942397 0.0
57854.2673611 88.4345899578 0.0 89.1316519706 0.0
57854.2673958 98.1729665336 0.0 98.0074600324 0.0
57854.2675116 89.3849061867 0.0 89.0752819754 0.0
57854.2676389 223.959350408 0.0 226.268552824 0.0
57854.2677546 74.2461721976 0.0 74.5191939503 0.0
57854.2678704 85.2898770312 0.0 85.016052196 0.0
57854.2679977 83.4390692182 0.0 83.3033614028 0.0
57854.2680556 79.6710498299 0.0 79.9434970526 0.0
57854.2701505 79.0126208843 0.0 79.0618291719 0.0
57854.2702662 74.7249023151 0.0 75.0446731621 0.0
57854.2703819 103.513346569 0.0 104.812530739 0.0
57854.2705093 72.3571581601 0.0 72.8298128447 0.0
57854.270625 72.0495335724 0.0 72.1022371359 0.0
57854.2707407 70.9216028725 0.0 71.0442158448 0.0
57854.2708333 71.5908959645 0.0 71.7163651198 0.0
57854.2708681 72.278375715 0.0 72.4068283658 0.0
57854.2709838 71.8728375675 0.0 71.8654929852 0.0
57854.2710995 102.999732636 0.0 103.935943244 0.0
57854.2712269 144.98139272 0.0 146.023352088 0.0
57854.2713426 85.0646904832 0.0 85.9609846733 0.0
57854.2714583 87.9384436524 0.0 88.0937741557 0.0
57854.2715278 101.601703391 0.0 102.054172698 0.0
57854.2715741 124.437850456 0.0 125.669482915 0.0
57854.2717014 161.14023653 0.0 166.132566341 0.0
57854.2718171 132.042190587 0.0 133.100183084 0.0
57854.2719329 87.1589709152 0.0 88.4212832976 0.0
57854.2720602 71.4399229493 0.0 71.6031538831 0.0
57854.2721759 70.9014451334 0.0 70.9671292994 0.0
57854.2722222 72.0339689105 0.0 72.1006475214 0.0
57854.2722917 73.2789033761 0.0 73.3466749076 0.0
57854.272419 73.2141007115 0.0 73.6918575896 0.0
57854.2725347 72.9423263476 0.0 72.9203390557 0.0
57854.2726505 80.4830836077 0.0 80.8764247355 0.0
57854.2727778 75.9896949132 0.0 75.9954094864 0.0
57854.2728935 72.1926335023 0.0 72.2290569646 0.0
57854.2729167 73.577399091 0.0 73.4976054032 0.0
57854.2730093 75.0010859988 0.0 74.7918545298 0.0
57854.2731366 74.4637309568 0.0 74.6068763453 0.0
57854.2732523 77.7469956912 0.0 77.6996139952 0.0
57854.2733681 79.7891643019 0.0 80.0659273786 0.0
57854.2734954 76.9452349402 0.0 77.4041461616 0.0
57854.2736111 91.9140539744 0.0 91.8492339271 0.0
57854.2737269 82.0606040984 0.0 81.9071678426 0.0
57854.2738542 75.4007466011 0.0 75.0375037298 0.0
57854.2739699 78.8506618488 0.0 78.6870146848 0.0
57854.2740856 72.4314909414 0.0 72.3045010079 0.0
57854.274213 71.2902107726 0.0 71.4219920823 0.0
57854.2743056 74.148964922 0.0 74.055899846 0.0
57854.2854398 93.79487897 0.0 93.827867273 0.0
57854.2855556 75.4410755226 0.0 75.6183506631 0.0
57854.2856829 69.7668134216 0.0 69.7572345352 0.0
57854.2857986 75.2951480641 0.0 75.8434148031 0.0
57854.2859144 70.4924274018 0.0 70.4999978298 0.0
57854.2860417 69.9633136294 0.0 69.9982857647 0.0
57854.2861111 72.4167367395 0.0 72.4615765216 0.0
57854.2861574 75.1738423389 0.0 75.230739369 0.0
57854.2862731 70.7024300148 0.0 70.8287441086 0.0
57854.2864005 80.1891125465 0.0 80.1408393517 0.0
57854.2865162 70.938563948 0.0 70.8823640548 0.0
57854.2866319 70.885917205 0.0 70.8728885118 0.0
57854.2867593 70.6810448989 0.0 70.6421511564 0.0
57854.2868056 71.5216335034 0.0 71.4129684371 0.0
57854.286875 72.5003723784 0.0 72.316862909 0.0
57854.2869907 71.022284714 0.0 71.1599570826 0.0
57854.2871181 72.0506834596 0.0 71.9727624939 0.0
57854.2872338 70.8240896165 0.0 70.849335692 0.0
57854.2873495 73.5861620551 0.0 73.4824738492 0.0
57854.2874769 70.9009027093 0.0 70.9596918398 0.0
57854.2875 76.8211301141 0.0 76.6823295486 0.0
57854.2875926 84.1974632338 0.0 83.7357018302 0.0
57854.2877083 75.4542436978 0.0 75.7668772618 0.0
57854.2878356 71.3092389456 0.0 71.5026165116 0.0
57854.2879514 76.5732430357 0.0 76.3735518488 0.0
57854.2880671 89.2781277021 0.0 89.6353207781 0.0
57854.2881944 84.8070422076 0.0 84.9155826983 0.0
57854.2883102 77.7463470846 0.0 77.6938229076 0.0
57854.2884259 71.5084092957 0.0 71.8675555866 0.0
57854.2885532 75.0508232999 0.0 75.0057548659 0.0
57854.288669 79.407963952 0.0 79.8960453089 0.0
57854.2887847 87.403555168 0.0 87.2682455822 0.0
57854.2888889 78.9144245813 0.0 79.1421037312 0.0
57854.288912 72.4173425154 0.0 72.84940892 0.0
57854.2890278 98.5032389823 0.0 98.3935468463 0.0
57854.2891435 71.5735081787 0.0 71.5721037765 0.0
57854.2892593 74.0043896401 0.0 74.0752868439 0.0
57854.2893866 74.0424939005 0.0 74.4100627402 0.0
57854.2895023 70.6818628433 0.0 70.7426903574 0.0
57854.2895833 70.0528006507 0.0 70.0588083613 0.0
57854.2917708 70.9911980671 0.0 70.9753616123 0.0
57854.2918981 71.3540885234 0.0 71.448051541 0.0
57854.2920139 69.8308543267 0.0 69.9239480579 0.0
57854.2921296 69.3244036974 0.0 69.3099860121 0.0
57854.2922569 72.114866172 0.0 72.2071802801 0.0
57854.2923611 71.8615016194 0.0 71.9257228048 0.0
57854.2923727 71.391121787 0.0 71.4279170773 0.0
57854.2924884 69.5553343102 0.0 69.5611775634 0.0
57854.2926157 72.5537484697 0.0 72.6286287149 0.0
57854.2927315 71.9734838117 0.0 72.1386554144 0.0
57854.2928472 80.3418913332 0.0 80.2446464133 0.0
57854.2929745 71.7234030216 0.0 71.7760434964 0.0
57854.2930556 71.1658564622 0.0 71.2340996785 0.0
57854.2930903 70.7732239339 0.0 70.8566359066 0.0
57854.293206 70.9072987639 0.0 70.9011240038 0.0
57854.2933333 73.3983361324 0.0 73.5317271115 0.0
57854.2934491 72.1947141832 0.0 72.4167245462 0.0
57854.2935648 82.2176277084 0.0 81.9216688673 0.0
57854.2936806 89.2008464085 0.0 89.2315873668 0.0
57854.29375 84.7118427671 0.0 84.9061664781 0.0
57854.2938079 80.7196488347 0.0 81.0344491497 0.0
57854.2939236 74.4319255024 0.0 74.5201670288 0.0
57854.2940394 81.018180435 0.0 81.0991650019 0.0
57854.2941667 69.5357394151 0.0 69.4398942756 0.0
57854.2942824 71.3172745623 0.0 71.0678191167 0.0
57854.2943981 88.4137004711 0.0 88.9598472458 0.0
57854.2944444 77.2819344414 0.0 77.4988595723 0.0
57854.2945255 69.5773622739 0.0 69.6284148103 0.0
57854.2946412 75.5375950769 0.0 75.7550624711 0.0
57854.2947569 71.6911472708 0.0 71.6123978093 0.0
57854.2948843 76.9018684558 0.0 77.2284885648 0.0
57854.295 70.5641215066 0.0 70.5745803317 0.0
57854.2951157 71.8960384444 0.0 71.9342484565 0.0
57854.2951389 81.3698446785 0.0 81.6370945588 0.0
57854.2952431 95.8348849011 0.0 96.6242762094 0.0
57854.2953588 92.7412048121 0.0 94.1666938891 0.0
57854.2954745 96.2165992955 0.0 97.4743448298 0.0
57854.2956019 89.6143784669 0.0 91.2624273017 0.0
57854.2957176 84.1356270316 0.0 84.1595745296 0.0
57854.2958333 87.3204599965 0.0 87.6043908374 0.0
57854.3167477 67.7406085225 0.0 67.7197435612 0.0
57854.3168634 68.2251756392 0.0 68.155371197 0.0
57854.3169907 67.5226381742 0.0 67.5321612863 0.0
57854.3171065 67.3210410422 0.0 67.3060308739 0.0
57854.3172222 67.9230469428 0.0 67.9036501375 0.0
57854.3173495 67.0841146025 0.0 67.1374625749 0.0
57854.3173611 67.1398176941 0.0 67.1489029918 0.0
57854.3174653 67.1823975309 0.0 67.14706453 0.0
57854.317581 67.4310611959 0.0 67.4293891786 0.0
57854.3177083 67.4986324232 0.0 67.5299659485 0.0
57854.3178241 67.1733770403 0.0 67.2043110224 0.0
57854.3179398 67.3106959034 0.0 67.4105027499 0.0
57854.3180556 67.3998700518 0.0 67.4955665877 0.0
57854.3180671 67.5052595951 0.0 67.5968285499 0.0
57854.3181829 66.9571058962 0.0 66.9950720874 0.0
57854.3182986 67.1280170495 0.0 67.2102608163 0.0
57854.3184259 67.7193074167 0.0 67.8363178836 0.0
57854.3185417 67.3777405602 0.0 67.3276438991 0.0
57854.3186574 67.3325711079 0.0 67.2510114868 0.0
57854.31875 67.2029096468 0.0 67.1868374758 0.0
57854.3187847 67.0882621179 0.0 67.1371595839 0.0
57854.3189005 67.0217846301 0.0 67.0004034839 0.0
57854.3190162 67.2629885152 0.0 67.2572211216 0.0
57854.3191435 67.4617510001 0.0 67.3833888878 0.0
57854.3192593 67.439784586 0.0 67.5523182578 0.0
57854.319375 67.1991004478 0.0 67.2256961362 0.0
57854.3194444 67.1621757241 0.0 67.2079806719 0.0
57854.3195023 67.1172244063 0.0 67.1821778599 0.0
57854.3196181 67.301450289 0.0 67.2894841041 0.0
57854.3197338 67.0747912185 0.0 67.1271317725 0.0
57854.3198611 67.3429405506 0.0 67.3689481586 0.0
57854.3199769 66.9507487636 0.0 66.9587034447 0.0
57854.3200926 66.9812415382 0.0 66.9306076545 0.0
57854.3201389 66.9312100668 0.0 66.8995015079 0.0
57854.3202199 66.8806564337 0.0 66.867807845 0.0
57854.3203356 66.9176710817 0.0 66.9073326549 0.0
57854.3204514 66.8488771409 0.0 66.8550482088 0.0
57854.3205671 66.8802057338 0.0 66.8859782316 0.0
57854.3206944 66.9769025784 0.0 66.9614855271 0.0
57854.3208102 67.2581262823 0.0 67.3020503402 0.0
57854.3208333 67.4270598425 0.0 67.4911137706 0.0
57854.322963 67.1400562034 0.0 67.078329608 0.0
57854.3230787 66.779276224 0.0 66.7603101026 0.0
57854.323206 66.7522360824 0.0 66.7425094524 0.0
57854.3233218 66.8487214313 0.0 66.9165605587 0.0
57854.3234375 67.1231070944 0.0 67.1538176875 0.0
57854.3235648 67.4549305981 0.0 67.5589207359 0.0
57854.3236111 67.0949578061 0.0 67.1509813257 0.0
57854.3236806 66.7423026948 0.0 66.7519265939 0.0
57854.3237963 66.7226584452 0.0 66.7299072905 0.0
57854.3239236 66.8254282141 0.0 66.8697483022 0.0
57854.3240394 66.7944136287 0.0 66.8521401901 0.0
57854.3241551 67.1120703227 0.0 67.1079875201 0.0
57854.3242824 68.0467951266 0.0 68.0170996074 0.0
57854.3243056 67.5254612424 0.0 67.5014784653 0.0
57854.3243981 66.9979428341 0.0 66.9794306187 0.0
57854.3245139 67.2681661115 0.0 67.2625330032 0.0
57854.3246412 68.299508578 0.0 68.2203702643 0.0
57854.3247569 66.7155379353 0.0 66.6783521092 0.0
57854.3248727 67.5927198521 0.0 67.5182935803 0.0
57854.3249884 66.8050839682 0.0 66.8090220404 0.0
57854.325 67.1879122015 0.0 67.182722258 0.0
57854.3251157 67.6138483079 0.0 67.5991905721 0.0
57854.3252315 66.9770030458 0.0 67.0700981437 0.0
57854.3253472 66.9755148021 0.0 67.1137984099 0.0
57854.3254745 66.6794323011 0.0 66.6934159869 0.0
57854.3255903 67.5499277868 0.0 67.5783318306 0.0
57854.3256944 67.4799080986 0.0 67.5044718074 0.0
57854.325706 67.4060979586 0.0 67.4268460778 0.0
57854.3258333 66.6239404344 0.0 66.5751526172 0.0
57854.3259491 68.1001322172 0.0 68.1448386453 0.0
57854.3260648 66.5044916829 0.0 66.5156594119 0.0
57854.3261921 66.8003267806 0.0 66.8346763814 0.0
57854.3263079 66.6372960811 0.0 66.6683300526 0.0
57854.3263889 66.6572569118 0.0 66.6821217044 0.0
57854.3264236 66.6730817647 0.0 66.6917680003 0.0
57854.3265509 66.937740528 0.0 66.9129826566 0.0
57854.3266667 66.6140896433 0.0 66.6649309307 0.0
57854.3267824 66.9909568972 0.0 66.9443889359 0.0
57854.3269097 66.4816962329 0.0 66.4664864575 0.0
57854.3270255 67.0660605597 0.0 67.0116282969 0.0
57854.3270833 66.8498781375 0.0 66.7982171469 0.0
57854.3291782 66.4437563658 0.0 66.477148021 0.0
57854.329294 66.4818167772 0.0 66.4830736804 0.0
57854.3294213 66.6523003054 0.0 66.635887073 0.0
57854.329537 66.4175762581 0.0 66.4052822673 0.0
57854.3296528 66.4428511128 0.0 66.4294859983 0.0
57854.3297685 66.4272195866 0.0 66.4264499654 0.0
57854.3298611 66.4645741204 0.0 66.479823646 0.0
57854.3298958 66.5020756669 0.0 66.5334072027 0.0
57854.3300116 66.7498781572 0.0 66.7443180278 0.0
57854.3301273 66.357043168 0.0 66.3589046775 0.0
57854.3302546 66.7152333579 0.0 66.7394326766 0.0
57854.3303704 66.4724550848 0.0 66.4590741058 0.0
57854.3304861 66.4716203729 0.0 66.5052619046 0.0
57854.3305556 66.5874516332 0.0 66.5726014513 0.0
57854.3306134 66.7039134759 0.0 66.640178031 0.0
57854.3307292 66.8152663468 0.0 66.8899898266 0.0
57854.3308449 66.7737958783 0.0 66.7185756443 0.0
57854.3309722 66.5226108252 0.0 66.6190528077 0.0
57854.331088 66.463320561 0.0 66.4673954507 0.0
57854.3312037 66.4787265898 0.0 66.469161609 0.0
57854.33125 66.5107910568 0.0 66.5089379482 0.0
57854.331331 66.5420887108 0.0 66.5479709984 0.0
57854.3314468 66.5531706382 0.0 66.5057795458 0.0
57854.3315625 66.6583843189 0.0 66.708992962 0.0
57854.3316898 66.4394336896 0.0 66.4527135789 0.0
57854.3318056 66.5532413636 0.0 66.5259303731 0.0
57854.3319213 67.2547788339 0.0 67.3096130802 0.0
57854.3319444 66.8618263511 0.0 66.9003083999 0.0
57854.3320486 66.4878957555 0.0 66.5106008317 0.0
57854.3321644 66.6820860502 0.0 66.6273826891 0.0
57854.3322801 67.9146834197 0.0 68.0261954838 0.0
57854.3324074 66.632578916 0.0 66.6081398479 0.0
57854.3325231 66.4950435822 0.0 66.499624623 0.0
57854.3326389 67.0133915721 0.0 67.0865606064 0.0
57854.3327662 66.7031590706 0.0 66.7042563784 0.0
57854.3328819 67.4944179322 0.0 67.4190439639 0.0
57854.3329977 66.7442580976 0.0 66.721604567 0.0
57854.333125 66.5453642412 0.0 66.5200672128 0.0
57854.3332407 66.5898288029 0.0 66.5675586604 0.0
57854.3333333 66.5654235846 0.0 66.5531676932 0.0
57854.3355093 66.3631409971 0.0 66.3546244583 0.0
57854.335625 66.3604288187 0.0 66.3649199502 0.0
57854.3357523 66.4659980742 0.0 66.4860300514 0.0
57854.3358681 66.3617230186 0.0 66.3808634924 0.0
57854.3359838 66.657419677 0.0 66.7501324193 0.0
57854.3361111 66.5700608532 0.0 66.5462436055 0.0
57854.3362269 66.358489585 0.0 66.3939533241 0.0
57854.3363426 66.3791020352 0.0 66.4106555155 0.0
57854.3364699 66.416538204 0.0 66.4130370786 0.0
57854.3365856 66.3623415123 0.0 66.3527647804 0.0
57854.3367014 66.2853246202 0.0 66.3114094406 0.0
57854.3368056 66.4158575417 0.0 66.4467555867 0.0
57854.3368287 66.5880292245 0.0 66.6238248752 0.0
57854.3369444 66.5147542429 0.0 66.530806263 0.0
57854.3370602 66.406912735 0.0 66.4343746113 0.0
57854.3371875 66.5954532457 0.0 66.6293437383 0.0
57854.3373032 66.4850476874 0.0 66.5077043733 0.0
57854.337419 67.1736326396 0.0 67.1829384591 0.0
57854.3375 66.8274944765 0.0 66.8450488892 0.0
57854.3375463 66.4574362882 0.0 66.4829670968 0.0
57854.337662 67.2422883236 0.0 67.3410916826 0.0
57854.3377778 66.841379706 0.0 66.8734797061 0.0
57854.3379051 66.4043973544 0.0 66.4297734303 0.0
57854.3380208 66.6414485062 0.0 66.6467664557 0.0
57854.3381366 66.8263827766 0.0 66.8009641697 0.0
57854.3381944 66.8414781928 0.0 66.810953331 0.0
57854.3382639 66.8539674589 0.0 66.8183305538 0.0
57854.3383796 66.4800452015 0.0 66.4838118417 0.0
57854.3384954 66.5368470548 0.0 66.5280406145 0.0
57854.3386111 66.6548120618 0.0 66.6273497072 0.0
57854.3387384 67.5158679867 0.0 67.5432615662 0.0
57854.3388542 66.5064330497 0.0 66.4897944349 0.0
57854.3388889 66.5115001109 0.0 66.5260852974 0.0
57854.3389699 66.5245642601 0.0 66.5704508622 0.0
57854.3390972 66.4499329571 0.0 66.4330059383 0.0
57854.339213 66.4654677934 0.0 66.4509151103 0.0
57854.3393287 68.1671803876 0.0 68.1709336594 0.0
57854.339456 66.7926614307 0.0 66.762032159 0.0
57854.3395718 66.4550083666 0.0 66.4522822332 0.0
57854.3395833 66.5016062814 0.0 66.4179791773 0.0
57854.3417245 66.7250513226 0.0 66.7548893715 0.0
57854.3418403 67.0437962902 0.0 67.0589742167 0.0
57854.3419676 66.8625466835 0.0 66.8018066747 0.0
57854.3420833 66.9906842479 0.0 66.9924227208 0.0
57854.3421991 66.6247752041 0.0 66.6401714058 0.0
57854.3423264 66.7327050703 0.0 66.7174061996 0.0
57854.3423611 66.7132493887 0.0 66.7027688331 0.0
57854.3424421 66.6997810941 0.0 66.694108413 0.0
57854.3425579 66.8272385409 0.0 66.7897271517 0.0
57854.3426852 67.6815806849 0.0 67.7439642699 0.0
57854.3428009 66.7652832092 0.0 66.7349321345 0.0
57854.3429167 67.7402157068 0.0 67.7698221777 0.0
57854.3430324 66.7858321727 0.0 66.7779675791 0.0
57854.3430556 66.9972254724 0.0 66.9695537689 0.0
57854.3431597 67.222622576 0.0 67.1747914548 0.0
57854.3432755 67.0355142592 0.0 66.9881686419 0.0
57854.3433912 67.1200366806 0.0 67.1239817651 0.0
57854.3435185 67.6014076924 0.0 67.6194689568 0.0
57854.3436343 67.8930368005 0.0 67.8002408403 0.0
57854.34375 66.8560565394 0.0 66.8578512966 0.0
57854.3438773 66.8605335531 0.0 66.8852007473 0.0
57854.3439931 67.3518553197 0.0 67.3102279895 0.0
57854.3441088 69.0723010982 0.0 68.9777939557 0.0
57854.3442361 67.098184968 0.0 67.0846970926 0.0
57854.3443519 67.6176728896 0.0 67.6311238854 0.0
57854.3444444 67.5210361739 0.0 67.4922246337 0.0
57854.3444676 67.4631230006 0.0 67.3923860239 0.0
57854.3445949 66.7910663862 0.0 66.7668689172 0.0
57854.3447106 67.317091173 0.0 67.3858531222 0.0
57854.3448264 67.715766015 0.0 67.7183208519 0.0
57854.3449537 69.2777291776 0.0 69.3752393221 0.0
57854.3450694 66.85679848 0.0 66.8837563613 0.0
57854.3451389 67.5933220148 0.0 67.6073002789 0.0
57854.3451852 68.3263359767 0.0 68.3264569182 0.0
57854.3453125 66.9498552575 0.0 66.894934457 0.0
57854.3454282 68.3807667038 0.0 68.4042359434 0.0
57854.345544 66.8081540008 0.0 66.8057886264 0.0
57854.3456713 67.8245667587 0.0 67.8301587423 0.0
57854.345787 67.9078884519 0.0 67.8306089903 0.0
57854.3458333 67.4198993102 0.0 67.3541808131 0.0
57854.3479398 66.8087598523 0.0 66.7676924568 0.0
57854.3480556 66.7984807013 0.0 66.7760683254 0.0
57854.3481713 66.846045904 0.0 66.8386021024 0.0
57854.3482986 67.4376964464 0.0 67.3606621033 0.0
57854.3484144 68.0708228245 0.0 68.0548517815 0.0
57854.3485301 67.5905422156 0.0 67.5832516013 0.0
57854.3486111 67.9084168789 0.0 67.9093112099 0.0
57854.3486574 68.2072046414 0.0 68.2165136532 0.0
57854.3487731 68.8467194062 0.0 69.0650255991 0.0
57854.3488889 67.0218454909 0.0 66.9829053267 0.0
57854.3490162 68.3413103108 0.0 68.5768491256 0.0
57854.3491319 68.1156004304 0.0 67.9513846952 0.0
57854.3492477 66.8217390974 0.0 66.8203278801 0.0
57854.3493056 67.6235996824 0.0 67.5578555388 0.0
57854.349375 68.4693854069 0.0 68.334619718 0.0
57854.3494907 67.0288668485 0.0 67.0651805559 0.0
57854.3496065 66.8390131286 0.0 66.8582432764 0.0
57854.3497338 68.1421013691 0.0 68.2097519861 0.0
57854.3498495 67.0295920471 0.0 66.9865530461 0.0
57854.3499653 66.9830402341 0.0 66.9626633207 0.0
57854.35 67.2005918054 0.0 67.2516356753 0.0
57854.3500926 67.4527646728 0.0 67.5769298948 0.0
57854.3502083 66.9043153018 0.0 66.9028174893 0.0
57854.3503241 67.1319453316 0.0 67.0382056219 0.0
57854.3504514 67.7172498777 0.0 67.6981568582 0.0
57854.3505671 67.3694098237 0.0 67.4525015919 0.0
57854.3506829 67.0884607291 0.0 67.0800574165 0.0
57854.3506944 68.0048698918 0.0 67.939379376 0.0
57854.3508102 68.9442605733 0.0 68.8171150296 0.0
57854.3509259 67.2827267581 0.0 67.3060864707 0.0
57854.3510417 69.1642922902 0.0 69.2915585407 0.0
57854.351169 67.4618795914 0.0 67.5626639054 0.0
57854.3512847 68.0961333043 0.0 67.9062345591 0.0
57854.3513889 67.8661979118 0.0 67.7863614306 0.0
57854.3514005 67.6306511502 0.0 67.659074336 0.0
57854.3515278 67.6219719026 0.0 67.6293011645 0.0
57854.3516435 67.3033862892 0.0 67.3178584032 0.0
57854.3517593 67.115500907 0.0 67.1378874481 0.0
57854.351875 67.4708849875 0.0 67.5091347523 0.0
57854.3520023 67.2598011891 0.0 67.2701172884 0.0
57854.3520833 67.6862718873 0.0 67.75519003 0.0
57854.3542708 67.609264062 0.0 67.6295870385 0.0
57854.3543866 68.6939910836 0.0 68.8284372988 0.0
57854.3545139 67.5407101162 0.0 67.6064673164 0.0
57854.3546296 67.4098490504 0.0 67.3689476985 0.0
57854.3547454 67.7018715029 0.0 67.70787147 0.0
57854.3548611 68.2584371781 0.0 68.3468535267 0.0
57854.3548727 68.8562573409 0.0 69.0316323941 0.0
57854.3549884 67.5701014577 0.0 67.5718211461 0.0
57854.3551042 68.1042333926 0.0 68.0603427629 0.0
57854.3552315 67.5379272113 0.0 67.4857834584 0.0
57854.3553472 71.8802221059 0.0 71.6966164125 0.0
57854.355463 68.4045430655 0.0 68.4668909912 0.0
57854.3555556 68.4780648748 0.0 68.51411259 0.0
57854.3555903 68.521558768 0.0 68.5312072344 0.0
57854.355706 68.6432082438 0.0 68.6026912956 0.0
57854.3558218 67.5955712529 0.0 67.6205005971 0.0
57854.3559491 67.9540036569 0.0 67.8452763721 0.0
57854.3560648 68.0669449513 0.0 68.0716023317 0.0
57854.3561806 68.0286596002 0.0 67.9426132114 0.0
57854.35625 67.9180018625 0.0 67.8741832511 0.0
57854.3563079 67.8155414562 0.0 67.8136212645 0.0
57854.3564236 67.9094668069 0.0 67.936018488 0.0
57854.3565394 67.8478836811 0.0 67.7941950834 0.0
57854.3566551 68.2632778659 0.0 68.2700221034 0.0
57854.3567824 67.7209337133 0.0 67.6863436669 0.0
57854.3568981 68.4332931693 0.0 68.4196474121 0.0
57854.3569444 68.012115531 0.0 68.0134072959 0.0
57854.3570139 67.5865803692 0.0 67.6022706645 0.0
57854.3571412 68.0766091694 0.0 68.1347749905 0.0
57854.3572569 68.9656764195 0.0 69.0002119417 0.0
57854.3573727 69.1808565212 0.0 69.0986215999 0.0
57854.3575 67.9910875998 0.0 68.0135430043 0.0
57854.3576157 67.8129227434 0.0 67.7491716333 0.0
57854.3576389 67.7339958957 0.0 67.7374007178 0.0
57854.3577315 67.6615976755 0.0 67.7319189747 0.0
57854.3578588 69.6096102201 0.0 69.5711459658 0.0
57854.3579745 67.8092661957 0.0 67.9407757389 0.0
57854.3580903 68.5404903469 0.0 68.4728112392 0.0
57854.3582176 68.7969701004 0.0 68.7277651899 0.0
57854.3583333 68.4978200967 0.0 68.4766334453 0.0
57854.3604861 68.2085809631 0.0 68.2018891454 0.0
57854.3606019 68.0404098092 0.0 68.0562977982 0.0
57854.3607292 68.9711608863 0.0 68.9862681046 0.0
57854.3608449 68.1534416959 0.0 68.1906839532 0.0
57854.3609606 69.6411822415 0.0 69.6130233074 0.0
57854.3610764 68.8091445231 0.0 68.836579854 0.0
57854.3611111 68.8001286917 0.0 68.8593561254 0.0
57854.3612037 68.8023462027 0.0 68.8934103815 0.0
57854.3613194 74.7164934804 0.0 75.1554065786 0.0
57854.3614352 69.1288094285 0.0 69.1449282522 0.0
57854.3615625 72.5884491775 0.0 73.1676307803 0.0
57854.3616782 69.5554475652 0.0 69.9723703686 0.0
57854.361794 69.1478402989 0.0 69.1878052983 0.0
57854.3618056 68.726920657 0.0 68.8901602916 0.0
57854.3619213 68.3431654886 0.0 68.625978718 0.0
57854.362037 69.095910523 0.0 69.0142351693 0.0
57854.3621528 68.6988811408 0.0 68.7292072994 0.0
57854.3622801 68.0947722957 0.0 68.0431531456 0.0
57854.3623958 68.1483254967 0.0 68.1738207965 0.0
57854.3625 68.1146014302 0.0 68.1359581352 0.0
57854.3625116 68.0119744971 0.0 68.02919646 0.0
57854.3626389 68.1784650971 0.0 68.1667661328 0.0
57854.3627546 68.0611918423 0.0 68.0635759199 0.0
57854.3628704 67.868496042 0.0 67.8605402351 0.0
57854.3629977 68.3748100326 0.0 68.4643198754 0.0
57854.3631134 68.8194364333 0.0 69.0551964953 0.0
57854.3631944 69.4618980809 0.0 69.6122377891 0.0
57854.3632292 70.1917848113 0.0 70.2519381939 0.0
57854.3633565 68.1743284969 0.0 68.0929027873 0.0
57854.3634722 67.8114396249 0.0 67.8289757478 0.0
57854.363588 67.7988778078 0.0 67.788057429 0.0
57854.3637153 68.1035795682 0.0 68.140750825 0.0
57854.363831 68.1475540574 0.0 68.1434703695 0.0
57854.3638889 68.4443298163 0.0 68.4830827504 0.0
57854.3639468 68.695129347 0.0 68.7777968025 0.0
57854.3640741 68.8273756582 0.0 68.7789554224 0.0
57854.3641898 67.9229131958 0.0 67.8964171956 0.0
57854.3643056 67.8949556153 0.0 67.8982840578 0.0
57854.3644329 67.8373920047 0.0 67.8239308725 0.0
57854.3645486 69.7120572641 0.0 69.7936178816 0.0
57854.3645833 68.8792591496 0.0 68.8920617706 0.0
