57854.3840394 8.22009732302 0.0 8.22009732302 0.0
57854.3841088 8.51210902186 0.0 8.51210902186 0.0
57854.3841551 7.91871201648 0.0 7.91871201648 0.0
57854.3841898 7.89816434369 0.0 7.89816434369 0.0
57854.3842477 7.93989924369 0.0 7.93989924369 0.0
57854.3843171 7.97565044369 0.0 7.97565044369 0.0
57854.3843634 7.86339621283 0.0 7.86339621283 0.0
57854.3844097 7.82943165243 0.0 7.82943165243 0.0
57854.384456 7.87953044286 0.0 7.87953044286 0.0
57854.3845255 7.82432105681 0.0 7.82432105681 0.0
57854.3845718 7.86555783146 0.0 7.86555783146 0.0
57854.3846181 8.01866572442 0.0 8.01866572442 0.0
57854.3846644 8.2023167459 0.0 8.2023167459 0.0
57854.3847338 8.4610283063 0.0 8.4610283063 0.0
57854.3847801 8.09802445044 0.0 8.09802445044 0.0
57854.3848264 8.01192860677 0.0 8.01192860677 0.0
57854.3848727 8.16535363594 0.0 8.16535363594 0.0
57854.3849421 8.22666396542 0.0 8.22666396542 0.0
57854.3849884 8.53176417864 0.0 8.53176417864 0.0
57854.3850463 8.7039646139 0.0 8.7039646139 0.0
57854.385081 8.29017490768 0.0 8.29017490768 0.0
57854.3851505 8.04841599323 0.0 8.04841599323 0.0
57854.3851968 9.22870521796 0.0 9.22870521796 0.0
57854.3852546 9.64821226964 0.0 9.64821226964 0.0
57854.3853009 9.53089712462 0.0 9.53089712462 0.0
57854.3853704 8.46262370663 0.0 8.46262370663 0.0
57854.3854051 8.0039990005 0.0 8.0039990005 0.0
57854.385463 8.15279093317 0.0 8.15279093317 0.0
57854.3855093 8.15174827874 0.0 8.15174827874 0.0
57854.3855787 8.29626421951 0.0 8.29626421951 0.0
57854.385625 7.88897965519 0.0 7.88897965519 0.0
57854.3856713 7.94682326468 0.0 7.94682326468 0.0
57854.3857176 8.02440028912 0.0 8.02440028912 0.0
57854.385787 8.06213371261 0.0 8.06213371261 0.0
57854.3858333 7.99718700544 0.0 7.99718700544 0.0
57854.3858796 8.01691960793 0.0 8.01691960793 0.0
57854.3859259 7.88187794881 0.0 7.88187794881 0.0
57854.3859954 7.73627817494 0.0 7.73627817494 0.0
57854.3860417 7.94871058726 0.0 7.94871058726 0.0
57854.386088 8.08504792812 0.0 8.08504792812 0.0
57854.4077199 7.85811682275 0.0 7.85811682275 0.0
57854.4077546 7.76273147803 0.0 7.76273147803 0.0
57854.4078009 7.73013583322 0.0 7.73013583322 0.0
57854.4078588 7.78530667347 0.0 7.78530667347 0.0
57854.4079282 7.77457394331 0.0 7.77457394331 0.0
57854.4079745 7.65872051977 0.0 7.65872051977 0.0
57854.4080093 7.71375394993 0.0 7.71375394993 0.0
57854.4080671 7.78806779632 0.0 7.78806779632 0.0
57854.4081366 7.78415056381 0.0 7.78415056381 0.0
57854.4081829 7.80679191474 0.0 7.80679191474 0.0
57854.4082292 7.86657485822 0.0 7.86657485822 0.0
57854.4082755 7.90094931005 0.0 7.90094931005 0.0
57854.4083449 7.7422219033 0.0 7.7422219033 0.0
57854.4083912 7.73782915293 0.0 7.73782915293 0.0
57854.4084375 7.74312598374 0.0 7.74312598374 0.0
57854.4084838 7.78492132266 0.0 7.78492132266 0.0
57854.4085532 7.86810015188 0.0 7.86810015188 0.0
57854.4085995 7.88137043921 0.0 7.88137043921 0.0
57854.4086458 7.96649232724 0.0 7.96649232724 0.0
57854.4086921 7.9541184301 0.0 7.9541184301 0.0
57854.4087616 7.82968709464 0.0 7.82968709464 0.0
57854.4088079 7.87902278205 0.0 7.87902278205 0.0
57854.4088657 7.83370921084 0.0 7.83370921084 0.0
57854.4089005 7.86263314673 0.0 7.86263314673 0.0
57854.4089699 7.76524307411 0.0 7.76524307411 0.0
57854.4090162 7.75228998426 0.0 7.75228998426 0.0
57854.4090741 7.70071425259 0.0 7.70071425259 0.0
57854.4091204 7.7075936582 0.0 7.7075936582 0.0
57854.4091898 7.75364430445 0.0 7.75364430445 0.0
57854.4092361 7.69486841993 0.0 7.69486841993 0.0
57854.4092824 7.6713753656 0.0 7.6713753656 0.0
57854.4093287 7.68622143839 0.0 7.68622143839 0.0
57854.4093981 7.67391686168 0.0 7.67391686168 0.0
57854.4094444 7.72670693116 0.0 7.72670693116 0.0
57854.4094907 7.82278722707 0.0 7.82278722707 0.0
57854.409537 7.87851508852 0.0 7.87851508852 0.0
57854.4096065 7.9162491118 0.0 7.9162491118 0.0
57854.4096528 8.00924465852 0.0 8.00924465852 0.0
57854.4096991 8.35404093837 0.0 8.35404093837 0.0
57854.4422685 69.9290998083 0.0 69.9290998083 0.0
57854.4423148 70.7035218359 0.0 70.7035218359 0.0
57854.4423727 75.0468920076 0.0 75.0468920076 0.0
57854.442419 74.6502846612 0.0 74.6502846612 0.0
57854.4424884 67.585050122 0.0 67.585050122 0.0
57854.4425231 7.82048591841 0.0 7.82048591841 0.0
57854.442581 7.83887747066 0.0 7.83887747066 0.0
57854.4426273 7.89385837218 0.0 7.89385837218 0.0
57854.4426968 7.97044540788 0.0 7.97044540788 0.0
57854.4427431 7.89664485715 0.0 7.89664485715 0.0
57854.4427894 8.0877067207 0.0 8.0877067207 0.0
57854.4428356 8.28112311224 0.0 8.28112311224 0.0
57854.4429051 8.15248428395 0.0 8.15248428395 0.0
57854.4429514 7.75963916687 0.0 7.75963916687 0.0
57854.4429977 7.79429278383 0.0 7.79429278383 0.0
57854.443044 7.81613715335 0.0 7.81613715335 0.0
57854.4431134 7.89259146288 0.0 7.89259146288 0.0
57854.4431597 7.63714606381 0.0 7.63714606381 0.0
57854.443206 7.64578315152 0.0 7.64578315152 0.0
57854.4432523 7.6944135579 0.0 7.6944135579 0.0
57854.4433218 7.67789033524 0.0 7.67789033524 0.0
57854.4433796 7.63098945092 0.0 7.63098945092 0.0
57854.4434144 7.68010416596 0.0 7.68010416596 0.0
57854.4434606 7.68583111966 0.0 7.68583111966 0.0
57854.4435301 7.64434431459 0.0 7.64434431459 0.0
57854.443588 7.59447167353 0.0 7.59447167353 0.0
57854.4436343 7.61452559258 0.0 7.61452559258 0.0
57854.4436806 7.63288936118 0.0 7.63288936118 0.0
57854.44375 7.63419936863 0.0 7.63419936863 0.0
57854.4723032 7.67769496659 0.0 7.67769496659 0.0
57854.472338 7.62305712952 0.0 7.62305712952 0.0
57854.4723843 7.59038865935 0.0 7.59038865935 0.0
57854.4724421 7.58597389924 0.0 7.58597389924 0.0
57854.4725116 7.61544483271 0.0 7.61544483271 0.0
57854.4725579 7.60946778691 0.0 7.60946778691 0.0
57854.4725926 7.61695477209 0.0 7.61695477209 0.0
57854.4726505 7.63105497294 0.0 7.63105497294 0.0
57854.4727199 7.64212012468 0.0 7.64212012468 0.0
57854.4727662 7.7012985918 0.0 7.7012985918 0.0
57854.4728125 7.68062497457 0.0 7.68062497457 0.0
57854.4728588 7.64800627615 0.0 7.64800627615 0.0
57854.4729282 7.60295994991 0.0 7.60295994991 0.0
57854.4729745 7.6160357142 0.0 7.6160357142 0.0
57854.4730208 7.63760433644 0.0 7.63760433644 0.0
57854.4730671 7.65434517121 0.0 7.65434517121 0.0
57854.4731366 7.66100515598 0.0 7.66100515598 0.0
57854.4731829 7.61347489652 0.0 7.61347489652 0.0
57854.4732292 7.65395322693 0.0 7.65395322693 0.0
57854.4732755 7.65558619571 0.0 7.65558619571 0.0
57854.4733449 7.64172755337 0.0 7.64172755337 0.0
57854.4733912 7.6290235286 0.0 7.6290235286 0.0
57854.4734491 7.62187640939 0.0 7.62187640939 0.0
57854.4734838 7.64676402147 0.0 7.64676402147 0.0
57854.4735532 7.66433297815 0.0 7.66433297815 0.0
57854.4735995 7.61367191308 0.0 7.61367191308 0.0
57854.4736574 7.60585300936 0.0 7.60585300936 0.0
57854.4737037 7.6189894343 0.0 7.6189894343 0.0
57854.4737731 7.61025623747 0.0 7.61025623747 0.0
57854.4738194 7.62135158617 0.0 7.62135158617 0.0
57854.4738657 7.62745042593 0.0 7.62745042593 0.0
57854.473912 7.64205469753 0.0 7.64205469753 0.0
57854.4739815 7.67658778364 0.0 7.67658778364 0.0
57854.4740278 7.61715169863 0.0 7.61715169863 0.0
57854.4740741 7.62167960492 0.0 7.62167960492 0.0
57854.4741204 7.69525828027 0.0 7.69525828027 0.0
57854.4741898 7.73052391497 0.0 7.73052391497 0.0
57854.4742361 7.63419936863 0.0 7.63419936863 0.0
57854.4742824 7.65767588763 0.0 7.65767588763 0.0
57854.5285532 4.38588645544 0.0 4.38588645544 0.0
57854.528588 4.43159113638 0.0 4.43159113638 0.0
57854.5286343 4.4429719783 0.0 4.4429719783 0.0
57854.5286921 4.35407854775 0.0 4.35407854775 0.0
57854.5287616 4.27621327812 0.0 4.27621327812 0.0
57854.5288079 4.19225476325 0.0 4.19225476325 0.0
57854.5288426 4.17324813545 0.0 4.17324813545 0.0
57854.5289005 4.10195075543 0.0 4.10195075543 0.0
57854.5289699 4.10913616226 0.0 4.10913616226 0.0
57854.5290162 4.52802385153 0.0 4.52802385153 0.0
57854.5290625 4.57799082568 0.0 4.57799082568 0.0
57854.5291088 4.51087574646 0.0 4.51087574646 0.0
57854.5291782 4.45005617942 0.0 4.45005617942 0.0
57854.5292245 4.27282108214 0.0 4.27282108214 0.0
57854.5292708 4.31462628741 0.0 4.31462628741 0.0
57854.5293171 4.24641024867 0.0 4.24641024867 0.0
57854.5293866 4.18126775034 0.0 4.18126775034 0.0
57854.5294329 4.22255846614 0.0 4.22255846614 0.0
57854.5294792 4.2622763871 0.0 4.2622763871 0.0
57854.5295255 4.26028168083 0.0 4.26028168083 0.0
57854.5295949 4.31369910865 0.0 4.31369910865 0.0
57854.5296412 4.45735347488 0.0 4.45735347488 0.0
57854.5296991 4.38657041434 0.0 4.38657041434 0.0
57854.5297338 4.27995327077 0.0 4.27995327077 0.0
57854.5298032 4.28672369065 0.0 4.28672369065 0.0
57854.5298495 4.28497374554 0.0 4.28497374554 0.0
57854.5299074 4.26051640063 0.0 4.26051640063 0.0
57854.5299537 4.27469297143 0.0 4.27469297143 0.0
57854.5300231 4.19499702026 0.0 4.19499702026 0.0
57854.5300694 4.12807461173 0.0 4.12807461173 0.0
57854.5301157 4.16689332717 0.0 4.16689332717 0.0
57854.530162 4.20154733402 0.0 4.20154733402 0.0
57854.5302315 4.30232495286 0.0 4.30232495286 0.0
57854.5302778 4.15908643815 0.0 4.15908643815 0.0
57854.5303241 4.17947365107 0.0 4.17947365107 0.0
57854.5303704 4.19880935504 0.0 4.19880935504 0.0
57854.5304398 4.38930518419 0.0 4.38930518419 0.0
57854.5304861 4.33162786952 0.0 4.33162786952 0.0
57854.5305324 4.28228910748 0.0 4.28228910748 0.0
57854.5507755 4.5484063143 0.0 4.5484063143 0.0
57854.5508102 4.52769256907 0.0 4.52769256907 0.0
57854.5508565 4.30116263352 0.0 4.30116263352 0.0
57854.5509144 4.37149859888 0.0 4.37149859888 0.0
57854.5509838 4.54378696684 0.0 4.54378696684 0.0
57854.5510301 4.09804831597 0.0 4.09804831597 0.0
57854.5510648 4.04857999797 0.0 4.04857999797 0.0
57854.5511227 4.07087214243 0.0 4.07087214243 0.0
57854.5511921 4.02827506509 0.0 4.02827506509 0.0
57854.5512384 4.33197414581 0.0 4.33197414581 0.0
57854.5512847 4.22764709975 0.0 4.22764709975 0.0
57854.551331 4.41780488478 0.0 4.41780488478 0.0
57854.5514005 4.34591762462 0.0 4.34591762462 0.0
57854.5514468 4.15571895104 0.0 4.15571895104 0.0
57854.5514931 4.15848530116 0.0 4.15848530116 0.0
57854.5515394 4.25875568682 0.0 4.25875568682 0.0
57854.5516088 4.62795851321 0.0 4.62795851321 0.0
57854.5516551 4.71868625785 0.0 4.71868625785 0.0
57854.5517014 4.37675679014 0.0 4.37675679014 0.0
57854.5517477 4.50832563154 0.0 4.50832563154 0.0
57854.5518171 4.92381965551 0.0 4.92381965551 0.0
57854.5518634 4.50921279161 0.0 4.50921279161 0.0
57854.5519213 4.28870609858 0.0 4.28870609858 0.0
57854.551956 4.3996590777 0.0 4.3996590777 0.0
57854.5520255 4.52736126237 0.0 4.52736126237 0.0
57854.5520718 4.25299894192 0.0 4.25299894192 0.0
57854.5521296 4.21236275741 0.0 4.21236275741 0.0
57854.5521759 4.2028561717 0.0 4.2028561717 0.0
57854.5522454 4.24370121474 0.0 4.24370121474 0.0
57854.5522917 4.07074931677 0.0 4.07074931677 0.0
57854.552338 4.09072120781 0.0 4.09072120781 0.0
57854.5523843 4.11861627249 0.0 4.11861627249 0.0
57854.5524537 4.11885906532 0.0 4.11885906532 0.0
57854.5525 4.19201622134 0.0 4.19201622134 0.0
57854.5525463 4.17468561691 0.0 4.17468561691 0.0
57854.5525926 4.09597363273 0.0 4.09597363273 0.0
57854.552662 4.14258373482 0.0 4.14258373482 0.0
57854.5527083 4.0427713267 0.0 4.0427713267 0.0
57854.5527546 4.06571027005 0.0 4.06571027005 0.0
57854.575081 4.37126983839 0.0 4.37126983839 0.0
57854.5751157 4.28182204208 0.0 4.28182204208 0.0
57854.575162 4.64887083064 0.0 4.64887083064 0.0
57854.5752199 4.33105068084 0.0 4.33105068084 0.0
57854.5752894 4.50965630619 0.0 4.50965630619 0.0
57854.5753356 4.23709806353 0.0 4.23709806353 0.0
57854.5753704 4.13908202383 0.0 4.13908202383 0.0
57854.5754282 4.49221548904 0.0 4.49221548904 0.0
57854.5754977 4.18795893008 0.0 4.18795893008 0.0
57854.575544 4.84035122693 0.0 4.84035122693 0.0
57854.5755903 4.48341387784 0.0 4.48341387784 0.0
57854.5756366 4.31033641378 0.0 4.31033641378 0.0
57854.575706 4.58988017273 0.0 4.58988017273 0.0
57854.5757523 4.8271109372 0.0 4.8271109372 0.0
57854.5757986 4.52791342673 0.0 4.52791342673 0.0
57854.5758449 4.12140752656 0.0 4.12140752656 0.0
57854.5759144 4.71699056603 0.0 4.71699056603 0.0
57854.5759606 4.68668326218 0.0 4.68668326218 0.0
57854.5760069 4.7637170361 0.0 4.7637170361 0.0
57854.5760532 4.84427497155 0.0 4.84427497155 0.0
57854.5761227 4.39101355042 0.0 4.39101355042 0.0
57854.576169 4.16473288459 0.0 4.16473288459 0.0
57854.5762269 4.06816912136 0.0 4.06816912136 0.0
57854.5762616 4.16449276623 0.0 4.16449276623 0.0
57854.576331 4.3965895874 0.0 4.3965895874 0.0
57854.5763773 4.89019427017 0.0 4.89019427017 0.0
57854.5764352 4.85437946601 0.0 4.85437946601 0.0
57854.5764815 4.68454907115 0.0 4.68454907115 0.0
57854.5765509 4.64392075729 0.0 4.64392075729 0.0
57854.5765972 4.69169478973 0.0 4.69169478973 0.0
57854.5766435 4.53332107841 0.0 4.53332107841 0.0
57854.5766898 4.52205705404 0.0 4.52205705404 0.0
57854.5767593 4.26157247973 0.0 4.26157247973 0.0
57854.5768056 4.32920315994 0.0 4.32920315994 0.0
57854.5768519 4.22906609076 0.0 4.22906609076 0.0
57854.5768981 4.16773319683 0.0 4.16773319683 0.0
57854.5769676 4.0949969475 0.0 4.0949969475 0.0
57854.5770139 4.61725026396 0.0 4.61725026396 0.0
57854.5770602 4.51741076282 0.0 4.51741076282 0.0
