57854.3840741 95.8738776511 0.0 93.8651213952 0.0
57854.3840856 95.8233312746 0.0 93.8990412396 0.0
57854.3840972 95.7258983051 0.0 93.8316017819 0.0
57854.3841088 95.7514432947 0.0 93.8152967359 0.0
57854.3841204 95.859554975 0.0 93.7798202073 0.0
57854.3841319 95.922602348 0.0 93.8618529787 0.0
57854.3841435 95.8950487273 0.0 94.0333190569 0.0
57854.3841551 95.7904716272 0.0 93.896706703 0.0
57854.3841667 95.8110993432 0.0 93.9684488659 0.0
57854.3841782 95.8891897816 0.0 94.0153197012 0.0
57854.3841898 95.9556372935 0.0 93.9792632026 0.0
57854.3842014 95.9402176357 0.0 94.1097537098 0.0
57854.384213 95.8185024686 0.0 94.0135530696 0.0
57854.3842245 95.8486969724 0.0 93.8962696733 0.0
57854.3842361 95.9570822941 0.0 93.8790530545 0.0
57854.3842477 95.9482834228 0.0 93.9305685698 0.0
57854.3842593 95.976502035 0.0 93.9228419618 0.0
57854.3842708 95.8175344867 0.0 93.8593860477 0.0
57854.3842824 95.8482176236 0.0 93.8995820451 0.0
57854.384294 95.9321123357 0.0 93.9357809046 0.0
57854.3843056 96.0117852384 0.0 93.9430086281 0.0
57854.3843171 95.9558619618 0.0 93.9595021008 0.0
57854.3843287 95.7885251228 0.0 93.8739059737 0.0
57854.3843403 95.8485000678 0.0 93.8451815691 0.0
57854.3843519 95.9878316365 0.0 93.8518239198 0.0
57854.3843634 95.9913115497 0.0 93.9191369967 0.0
57854.384375 95.9945636059 0.0 93.8819308596 0.0
57854.3843866 95.8044841039 0.0 93.8052550904 0.0
57854.3843981 95.8368271479 0.0 93.7766716695 0.0
57854.3844097 95.8741569644 0.0 93.8024179226 0.0
57854.3844213 95.9823113306 0.0 93.8120509148 0.0
57854.3844329 95.9111987658 0.0 93.8812345809 0.0
57854.3844444 95.7991516946 0.0 93.8700730045 0.0
57854.384456 95.8014146149 0.0 93.5764802557 0.0
57854.3844676 95.9206281211 0.0 93.6436174923 0.0
57854.3844792 95.9712768086 0.0 93.6978147758 0.0
57854.3844907 95.9454842959 0.0 93.8932435486 0.0
57854.3845023 95.8391622296 0.0 93.8791316386 0.0
57854.3845139 95.8730397173 0.0 93.8223934376 0.0
57854.3845255 95.9089114767 0.0 93.8885591924 0.0
57854.384537 95.9424541831 0.0 93.9623955994 0.0
57854.3845486 95.8908627958 0.0 93.9742193594 0.0
57854.3845602 95.7654773815 0.0 93.793293242 0.0
57854.3845718 95.7919908072 0.0 93.7711377224 0.0
57854.3845833 95.8623976565 0.0 93.8502606833 0.0
57854.3845949 95.8878930602 0.0 93.9647479282 0.0
57854.3846065 95.7819747947 0.0 93.8965086245 0.0
57854.3846181 95.7091041201 0.0 93.8275668072 0.0
57854.3846296 95.6757590741 0.0 93.7289685833 0.0
57854.3846412 95.8097088194 0.0 93.8318735104 0.0
57854.3846528 95.8540975273 0.0 93.8814766274 0.0
57854.3846644 95.799448467 0.0 93.9141412464 0.0
57854.3846759 95.7504810274 0.0 93.8088240772 0.0
57854.3846875 95.7468383872 0.0 93.7570724194 0.0
57854.3846991 95.8324057027 0.0 93.8838185463 0.0
57854.3847106 95.9007547025 0.0 93.8814279037 0.0
57854.3847222 95.8646625175 0.0 93.9622083604 0.0
57854.3847338 95.7396310024 0.0 93.8391430104 0.0
57854.3847454 95.7592305453 0.0 93.7892069651 0.0
57854.3847569 95.8271971285 0.0 93.7687930595 0.0
57854.3847685 95.8669516636 0.0 93.8967900219 0.0
57854.3847801 95.8711862869 0.0 93.8834035969 0.0
57854.3847917 95.7198642676 0.0 93.7818936688 0.0
57854.3848032 95.7670153933 0.0 93.7204849163 0.0
57854.3848148 95.8700077359 0.0 93.728606255 0.0
57854.3848264 95.9225910389 0.0 93.8184955861 0.0
57854.384838 95.8374290658 0.0 93.740932678 0.0
57854.3848495 95.7160024203 0.0 93.717817207 0.0
57854.3848611 95.7869785994 0.0 93.7104560154 0.0
57854.3848727 95.7940922298 0.0 93.7275569246 0.0
57854.3848843 95.9023197641 0.0 93.768782074 0.0
57854.3848958 95.8470491232 0.0 93.845919928 0.0
57854.3849074 95.7153418826 0.0 93.7313590528 0.0
57854.384919 95.6973871866 0.0 93.7041414001 0.0
57854.3849306 95.8244155003 0.0 93.7075565889 0.0
57854.3849421 95.8800841466 0.0 93.8111637168 0.0
57854.3849537 95.8720742486 0.0 93.8075946181 0.0
57854.3849653 95.7066104515 0.0 93.6837460337 0.0
57854.3849769 95.7409364023 0.0 93.6266908601 0.0
57854.3849884 95.7945857422 0.0 93.6856208768 0.0
57854.385 95.8438729615 0.0 93.7619070194 0.0
57854.3850116 95.8344743897 0.0 93.7604790459 0.0
57854.3850231 95.7019036397 0.0 93.7468660239 0.0
57854.3850347 95.6729783163 0.0 93.5950989955 0.0
57854.3850463 95.7372958446 0.0 93.618738782 0.0
57854.3850579 95.7954921363 0.0 93.7170832508 0.0
57854.3850694 95.7686259873 0.0 93.8731877681 0.0
57854.385081 95.6103464258 0.0 93.6962923894 0.0
57854.3850926 95.6719349553 0.0 93.681087474 0.0
57854.3851042 95.757078532 0.0 93.7708881864 0.0
57854.3851157 95.7897007602 0.0 93.338995572 0.0
57854.3851273 95.7462903949 0.0 93.409501023 0.0
57854.3851389 95.5971621111 0.0 93.3350978859 0.0
57854.3851505 95.6499489072 0.0 93.2415301007 0.0
57854.385162 95.7132571998 0.0 93.2543936883 0.0
57854.3851736 95.7495058782 0.0 93.3536222863 0.0
57854.3851852 95.7283152808 0.0 93.3790873608 0.0
57854.3851968 95.6414811065 0.0 93.3275028183 0.0
57854.3852083 95.6552238672 0.0 93.3087883537 0.0
57854.3852199 95.6769441886 0.0 93.5449706275 0.0
57854.3852315 95.7114834937 0.0 93.6810294758 0.0
57854.3852431 95.7225195056 0.0 93.7238679159 0.0
57854.3852546 95.5331078662 0.0 93.6150958632 0.0
57854.3852662 95.5404799586 0.0 93.5539914719 0.0
57854.3852778 95.6057133091 0.0 93.5578348545 0.0
57854.3852894 95.6293388061 0.0 93.5528757387 0.0
57854.3853009 95.5922869557 0.0 93.5789989075 0.0
57854.3853125 95.4757971348 0.0 93.6002816949 0.0
57854.3853241 95.4758453101 0.0 93.4711110727 0.0
57854.3853356 95.5722943024 0.0 93.4800323375 0.0
57854.3853472 95.5861898453 0.0 93.5918549026 0.0
57854.3853588 95.5958946362 0.0 93.7182594662 0.0
57854.3853704 95.4513746615 0.0 93.5755144559 0.0
57854.3853819 95.4797299537 0.0 93.5712788589 0.0
57854.3853935 95.508568453 0.0 93.4838547225 0.0
57854.3854051 95.5589463645 0.0 93.6077745408 0.0
57854.3854167 95.5432525185 0.0 93.5968588809 0.0
57854.3854282 95.4225456225 0.0 93.4915845102 0.0
57854.3854398 95.425726184 0.0 93.4538937116 0.0
57854.3854514 95.4565311116 0.0 93.4701935261 0.0
57854.385463 95.5116964859 0.0 93.470878168 0.0
57854.3854745 95.5257252607 0.0 93.5434138009 0.0
57854.3854861 95.3728410486 0.0 93.5047726473 0.0
57854.3854977 95.3852107317 0.0 93.4506588655 0.0
57854.3855093 95.411857563 0.0 93.322516829 0.0
57854.3855208 95.5086841253 0.0 93.4911607896 0.0
57854.3855324 95.4783440488 0.0 93.5438863217 0.0
57854.385544 95.3696739853 0.0 93.3740838838 0.0
57854.3855556 95.3382816923 0.0 93.3566859408 0.0
57854.3855671 95.364860309 0.0 93.3225839098 0.0
57854.3855787 95.4739953987 0.0 93.4129293276 0.0
57854.3855903 95.4283596384 0.0 93.4428254918 0.0
57854.3856019 95.2762368991 0.0 93.3095229919 0.0
57854.3856134 95.28348092 0.0 93.2628168417 0.0
57854.385625 95.3806510447 0.0 93.3033060904 0.0
57854.3856366 95.4521789284 0.0 93.290852005 0.0
57854.3856481 95.4232228042 0.0 93.3200426785 0.0
57854.3856597 95.2386652138 0.0 93.2210891163 0.0
57854.3856713 95.1951740236 0.0 93.1258306612 0.0
57854.3856829 95.2373510464 0.0 93.1959705038 0.0
57854.3856944 95.2816133906 0.0 93.1997394719 0.0
57854.385706 95.271687126 0.0 93.1848749525 0.0
57854.3857176 95.1281597996 0.0 93.1550458009 0.0
57854.3857292 95.1299675194 0.0 93.1257528648 0.0
57854.3857407 95.2114966271 0.0 93.1756384782 0.0
57854.3857523 95.2570804175 0.0 93.2284241064 0.0
57854.3857639 95.2243018781 0.0 93.2665486451 0.0
57854.3857755 95.1127695957 0.0 93.143775777 0.0
57854.385787 95.1557503097 0.0 93.0472134942 0.0
57854.3857986 95.1837077948 0.0 93.1063887446 0.0
57854.3858102 95.2557226941 0.0 93.2108605907 0.0
57854.3858218 95.2395488084 0.0 93.2913603582 0.0
57854.3858333 95.1090751442 0.0 93.1585107284 0.0
57854.3858449 95.0758030233 0.0 93.1250309182 0.0
57854.3858565 95.1366329683 0.0 93.1524666664 0.0
57854.3858681 95.2926975312 0.0 93.218872246 0.0
57854.3858796 95.2787993724 0.0 93.3133943891 0.0
57854.3858912 95.1171897568 0.0 93.2690069983 0.0
57854.3859028 95.1399882978 0.0 93.1615165972 0.0
57854.3859144 95.2002438531 0.0 93.2745148128 0.0
57854.3859259 95.2901025401 0.0 93.2930959578 0.0
57854.3859375 95.2488335924 0.0 93.3298196379 0.0
57854.3859491 95.1638812319 0.0 93.2502635096 0.0
57854.3859606 95.189944576 0.0 93.213106821 0.0
57854.3859722 95.2841504231 0.0 93.1302511844 0.0
57854.3859838 95.3580267736 0.0 93.2342670615 0.0
57854.3859954 95.3437620791 0.0 93.2747003364 0.0
57854.3860069 95.2302347791 0.0 93.1081807308 0.0
57854.3860185 95.2173308869 0.0 93.0606516009 0.0
57854.3860301 95.3283766707 0.0 93.0198317706 0.0
57854.3860417 95.3877994374 0.0 93.097633206 0.0
57854.3860532 95.357371031 0.0 93.2525249491 0.0
57854.3860648 95.2293737027 0.0 93.1007035165 0.0
57854.3860764 95.230665321 0.0 92.9848390562 0.0
57854.386088 95.318136465 0.0 93.046189219 0.0
57854.3860995 95.4045255587 0.0 93.0987406186 0.0
57854.4076852 86.8069932776 0.0 84.775387095 0.0
57854.4076968 86.8683620795 0.0 84.7432865488 0.0
57854.4077083 86.9201158393 0.0 84.7636516312 0.0
57854.4077199 86.8616751183 0.0 84.7317368351 0.0
57854.4077315 86.7481993636 0.0 84.6785073238 0.0
57854.4077431 86.7467194 0.0 84.6633848852 0.0
57854.4077546 86.8499220945 0.0 84.7669664263 0.0
57854.4077662 86.8943813996 0.0 84.7925237859 0.0
57854.4077778 86.8451103846 0.0 84.7693198885 0.0
57854.4077894 86.8117497576 0.0 84.760501379 0.0
57854.4078009 86.8481255358 0.0 84.705882751 0.0
57854.4078125 86.8820682641 0.0 84.7644486187 0.0
57854.4078241 86.9495923949 0.0 84.8437382457 0.0
57854.4078356 86.9006560588 0.0 84.8750990454 0.0
57854.4078472 86.7884018729 0.0 84.7362829786 0.0
57854.4078588 86.8181336432 0.0 84.8321991732 0.0
57854.4078704 86.896402289 0.0 84.8137769146 0.0
57854.4078819 86.9406730847 0.0 84.8174325851 0.0
57854.4078935 86.8997715077 0.0 84.7642117509 0.0
57854.4079051 86.8337831452 0.0 84.676908102 0.0
57854.4079167 86.8601000311 0.0 84.702156973 0.0
57854.4079282 86.9099387209 0.0 84.7416874301 0.0
57854.4079398 86.9306407866 0.0 84.8249396403 0.0
57854.4079514 86.8674993523 0.0 84.7802186137 0.0
57854.407963 86.7930328747 0.0 84.6943036099 0.0
57854.4079745 86.8489751771 0.0 84.7292646991 0.0
57854.4079861 86.8799661793 0.0 84.727866409 0.0
57854.4079977 86.9005501411 0.0 84.7820986227 0.0
57854.4080093 86.8714425077 0.0 84.7962551526 0.0
57854.4080208 86.7764540035 0.0 84.752264771 0.0
57854.4080324 86.8365990704 0.0 84.7084196089 0.0
57854.408044 86.8884979304 0.0 84.6864482304 0.0
57854.4080556 86.904625211 0.0 84.8018086171 0.0
57854.4080671 86.8702835772 0.0 84.7945992239 0.0
57854.4080787 86.7897797104 0.0 84.6647333471 0.0
57854.4080903 86.8204971705 0.0 84.623776079 0.0
57854.4081019 86.8752914241 0.0 84.6465859754 0.0
57854.4081134 86.9057574509 0.0 84.606298481 0.0
57854.408125 86.8730679008 0.0 84.6325851598 0.0
57854.4081366 86.7751878643 0.0 84.5638712705 0.0
57854.4081481 86.8132852743 0.0 84.5369095467 0.0
57854.4081597 86.8626150355 0.0 84.5419185025 0.0
57854.4081713 86.9342563331 0.0 84.5749854315 0.0
57854.4081829 86.8837296521 0.0 84.5370734965 0.0
57854.4081944 86.7804240392 0.0 84.5153350005 0.0
57854.408206 86.8418107287 0.0 84.5141821128 0.0
57854.4082176 86.8871326735 0.0 84.7184578311 0.0
57854.4082292 86.9272473358 0.0 84.7344305055 0.0
57854.4082407 86.8410126532 0.0 84.7354082717 0.0
57854.4082523 86.8113322853 0.0 84.681554145 0.0
57854.4082639 86.8190515927 0.0 84.6881840598 0.0
57854.4082755 86.9037019681 0.0 84.6900841887 0.0
57854.408287 86.9016093241 0.0 84.6940029114 0.0
57854.4082986 86.8317481334 0.0 84.7642187176 0.0
57854.4083102 86.7297132438 0.0 84.6535566864 0.0
57854.4083218 86.7669727447 0.0 84.5949728227 0.0
57854.4083333 86.8242735281 0.0 84.6601731598 0.0
57854.4083449 86.9038909099 0.0 84.6778531561 0.0
57854.4083565 86.819110216 0.0 84.6996718247 0.0
57854.4083681 86.7486279297 0.0 84.6052597078 0.0
57854.4083796 86.7668127092 0.0 84.7007313099 0.0
57854.4083912 86.8493942797 0.0 84.7571269425 0.0
57854.4084028 86.8806215544 0.0 84.7958578939 0.0
57854.4084144 86.8114881223 0.0 84.8225287728 0.0
57854.4084259 86.7450694734 0.0 84.7435623582 0.0
57854.4084375 86.7300217387 0.0 84.7272215882 0.0
57854.4084491 86.805477898 0.0 84.6965226884 0.0
57854.4084606 86.8662546382 0.0 84.7538418098 0.0
57854.4084722 86.8219942508 0.0 84.7817223387 0.0
57854.4084838 86.7101091577 0.0 84.6764167896 0.0
57854.4084954 86.7287849099 0.0 84.6486924299 0.0
57854.4085069 86.7909374556 0.0 84.6696375419 0.0
57854.4085185 86.8671202132 0.0 84.6924994357 0.0
57854.4085301 86.7627519156 0.0 84.6642198435 0.0
57854.4085417 86.6703504689 0.0 84.6770417172 0.0
57854.4085532 86.7056657863 0.0 84.6560334518 0.0
57854.4085648 86.7985904365 0.0 84.637310719 0.0
57854.4085764 86.8416877273 0.0 84.7584741922 0.0
57854.408588 86.7797980808 0.0 84.7408767392 0.0
57854.4085995 86.7017808974 0.0 84.6743012578 0.0
57854.4086111 86.7284678508 0.0 84.6290018771 0.0
57854.4086227 86.8049675361 0.0 84.5244044965 0.0
57854.4086343 86.8479124118 0.0 84.6015511049 0.0
57854.4086458 86.7587584824 0.0 84.6137399382 0.0
57854.4086574 86.6982159915 0.0 84.5474474732 0.0
57854.408669 86.6971895227 0.0 84.5900815213 0.0
57854.4086806 86.7588284908 0.0 84.6186910928 0.0
57854.4086921 86.7800110204 0.0 84.6087974321 0.0
57854.4087037 86.7247603523 0.0 84.6926275084 0.0
57854.4087153 86.60828726 0.0 84.6033003983 0.0
57854.4087269 86.6374518083 0.0 84.5099624069 0.0
57854.4087384 86.714434261 0.0 84.5295793872 0.0
57854.40875 86.768630275 0.0 84.5740346353 0.0
57854.4087616 86.6818397704 0.0 84.5952509045 0.0
57854.4087731 86.6367984545 0.0 84.5960476141 0.0
57854.4087847 86.6625758026 0.0 84.5270064872 0.0
57854.4087963 86.7386729421 0.0 84.5540635618 0.0
57854.4088079 86.7551481359 0.0 84.6744306933 0.0
57854.4088194 86.6801740746 0.0 84.6379534276 0.0
57854.408831 86.639433301 0.0 84.5578561417 0.0
57854.4088426 86.6595820186 0.0 84.5386296467 0.0
57854.4088542 86.6871525332 0.0 84.5114596966 0.0
57854.4088657 86.7412940572 0.0 84.5204676346 0.0
57854.4088773 86.6706373242 0.0 84.4639058764 0.0
57854.4088889 86.5501059303 0.0 84.3628346319 0.0
57854.4089005 86.5585478641 0.0 84.2825670815 0.0
57854.408912 86.5841185853 0.0 84.3347481885 0.0
57854.4089236 86.6258919542 0.0 84.386533159 0.0
57854.4089352 86.539101707 0.0 84.3381576289 0.0
57854.4089468 86.4525804716 0.0 84.2952618444 0.0
57854.4089583 86.4494921808 0.0 84.2975918585 0.0
57854.4089699 86.5152106005 0.0 84.3144594542 0.0
57854.4089815 86.5469724985 0.0 84.3408825131 0.0
57854.4089931 86.5038395447 0.0 84.3386912333 0.0
57854.4090046 86.4139769815 0.0 84.274859779 0.0
57854.4090162 86.3970694423 0.0 84.2190429259 0.0
57854.4090278 86.4985234546 0.0 84.232695233 0.0
57854.4090394 86.5586390716 0.0 84.3835238323 0.0
57854.4090509 86.5471292384 0.0 84.3943648688 0.0
57854.4090625 86.4222649461 0.0 84.2882001794 0.0
57854.4090741 86.4499518589 0.0 84.2590403013 0.0
57854.4090856 86.5050956354 0.0 84.3302177363 0.0
57854.4090972 86.5192643565 0.0 84.3600757335 0.0
57854.4091088 86.4991899044 0.0 84.409729546 0.0
57854.4091204 86.3888097177 0.0 84.3398554732 0.0
57854.4091319 86.4045420515 0.0 84.3290397773 0.0
57854.4091435 86.4711753889 0.0 84.3252676524 0.0
57854.4091551 86.5043436876 0.0 84.3417418547 0.0
57854.4091667 86.4566523612 0.0 84.3260506101 0.0
57854.4091782 86.3659748222 0.0 84.2515650702 0.0
57854.4091898 86.3828458461 0.0 84.2238218013 0.0
57854.4092014 86.4614005549 0.0 84.2538052132 0.0
57854.409213 86.54945045 0.0 84.2309235138 0.0
57854.4092245 86.4478498856 0.0 84.3990098884 0.0
57854.4092361 86.3896188709 0.0 84.3445223034 0.0
57854.4092477 86.4132002961 0.0 84.3190458333 0.0
57854.4092593 86.5035262372 0.0 84.3919003015 0.0
57854.4092708 86.5242485113 0.0 84.5129972949 0.0
57854.4092824 86.4973158848 0.0 84.459749879 0.0
57854.409294 86.3856272238 0.0 84.400492634 0.0
57854.4093056 86.4127607468 0.0 84.3023462933 0.0
57854.4093171 86.4705262581 0.0 84.3644026711 0.0
57854.4093287 86.4821430919 0.0 84.3829150467 0.0
57854.4093403 86.4425005662 0.0 84.3612208729 0.0
57854.4093519 86.333275256 0.0 84.3137708271 0.0
57854.4093634 86.3408939016 0.0 84.2301234845 0.0
57854.409375 86.3887286606 0.0 84.3255697484 0.0
57854.4093866 86.4455017758 0.0 84.244970993 0.0
57854.4093981 86.3735297974 0.0 84.4196334573 0.0
57854.4094097 86.2728012177 0.0 84.3622620488 0.0
57854.4094213 86.3101751116 0.0 84.2594972279 0.0
57854.4094329 86.3761331186 0.0 84.2748750128 0.0
57854.4094444 86.4486525282 0.0 84.4392686912 0.0
57854.409456 86.4067779981 0.0 84.3592120375 0.0
57854.4094676 86.3114679049 0.0 84.2837014259 0.0
57854.4094792 86.3441726607 0.0 84.2608140222 0.0
57854.4094907 86.387485796 0.0 84.2771033383 0.0
57854.4095023 86.4671013268 0.0 84.2855948054 0.0
57854.4095139 86.3817054527 0.0 84.303849429 0.0
57854.4095255 86.3030438191 0.0 84.2736923219 0.0
57854.409537 86.3077202834 0.0 84.2827318997 0.0
57854.4095486 86.3932182098 0.0 84.2950263533 0.0
57854.4095602 86.408777887 0.0 84.3087607912 0.0
57854.4095718 86.3664254845 0.0 84.2381310548 0.0
57854.4095833 86.2355883264 0.0 84.2823011569 0.0
57854.4095949 86.2812291826 0.0 84.3186675511 0.0
57854.4096065 86.3191824842 0.0 84.3529432402 0.0
57854.4096181 86.4226746724 0.0 84.3434037365 0.0
57854.4096296 86.3429333392 0.0 84.2647049908 0.0
57854.4096412 86.2733124082 0.0 84.2050885119 0.0
57854.4096528 86.279807655 0.0 84.2308252398 0.0
57854.4096644 86.3229704334 0.0 84.207496182 0.0
57854.4096759 86.340405013 0.0 84.2615575843 0.0
57854.4096875 86.286152893 0.0 84.242090147 0.0
57854.4096991 86.1847468466 0.0 84.2209943004 0.0
57854.4097106 86.1956294793 0.0 84.1258138539 0.0
57854.441713 80.3281913309 0.0 77.8730835422 0.0
57854.4417245 80.2949344284 0.0 77.8122167473 0.0
57854.4417361 80.3409008109 0.0 77.8061491522 0.0
57854.4417477 80.3616180701 0.0 77.7674858024 0.0
57854.4417593 80.371503563 0.0 77.8012582323 0.0
57854.4417708 80.296770481 0.0 77.8030265161 0.0
57854.4417824 80.2313887718 0.0 77.7048521966 0.0
57854.441794 80.2691515837 0.0 77.7238664625 0.0
57854.4418056 80.3038840663 0.0 77.7481282699 0.0
57854.4418171 80.3190346211 0.0 77.8062703969 0.0
57854.4418287 80.2616945508 0.0 77.7807688522 0.0
57854.4418403 80.1995144395 0.0 77.7360255289 0.0
57854.4418519 80.2454781991 0.0 77.7152446588 0.0
57854.4418634 80.3163614999 0.0 77.7328615615 0.0
57854.441875 80.3169205511 0.0 77.7943840602 0.0
57854.4418866 80.2490526689 0.0 77.7664711537 0.0
57854.4418981 80.2278813723 0.0 77.7181567265 0.0
57854.4419097 80.2703141915 0.0 77.7013479482 0.0
57854.4419213 80.3162260534 0.0 77.7255081928 0.0
57854.4419329 80.3562107686 0.0 77.8171121466 0.0
57854.4419444 80.2706393529 0.0 77.8041473504 0.0
57854.441956 80.1997358951 0.0 77.666986641 0.0
57854.4419676 80.2650467504 0.0 77.6993742931 0.0
57854.4419792 80.3310826398 0.0 77.6310849657 0.0
57854.4419907 80.3259163373 0.0 77.7241744456 0.0
57854.4420023 80.2470929279 0.0 77.6397950968 0.0
57854.4420139 80.1855161707 0.0 77.6214219232 0.0
57854.4420255 80.2345049605 0.0 77.6068669277 0.0
57854.442037 80.3003431309 0.0 77.6653511516 0.0
57854.4420486 80.3269416041 0.0 77.7400041698 0.0
57854.4420602 80.2576099831 0.0 77.7626730934 0.0
57854.4420718 80.2375867701 0.0 77.6670806503 0.0
57854.4420833 80.2632551783 0.0 77.6347409018 0.0
57854.4420949 80.3199230243 0.0 77.6655958292 0.0
57854.4421065 80.3413922806 0.0 77.7385902947 0.0
57854.4421181 80.2782166305 0.0 77.7290262895 0.0
57854.4421296 80.2384875871 0.0 77.6740170155 0.0
57854.4421412 80.2678522956 0.0 77.7143375565 0.0
57854.4421528 80.3425545516 0.0 77.7117309778 0.0
57854.4421644 80.3303747448 0.0 77.7337237475 0.0
57854.4421759 80.2244457471 0.0 77.7172650566 0.0
57854.4421875 80.2041306484 0.0 77.6406731093 0.0
57854.4421991 80.2176637805 0.0 77.6633538352 0.0
57854.4422106 80.2578966131 0.0 77.681147127 0.0
57854.4422222 80.2816783272 0.0 77.709820223 0.0
57854.4422338 80.1707698996 0.0 77.6473061191 0.0
57854.4422454 80.1632207682 0.0 77.5544404467 0.0
57854.4422569 80.1966673942 0.0 77.5457683118 0.0
57854.4422685 80.2583597348 0.0 77.6346044451 0.0
57854.4422801 80.2596495884 0.0 77.6579068385 0.0
57854.4422917 80.1959181876 0.0 77.579199878 0.0
57854.4423032 80.1589368186 0.0 77.5498759914 0.0
57854.4423148 80.1816447449 0.0 77.6165039221 0.0
57854.4423264 80.2159156517 0.0 77.6715854908 0.0
57854.442338 80.2327365857 0.0 77.6337792729 0.0
57854.4423495 80.1271930179 0.0 77.6320105211 0.0
57854.4423611 80.105346064 0.0 77.567373708 0.0
57854.4423727 80.1320676516 0.0 77.5898567516 0.0
57854.4423843 80.1886731045 0.0 77.6086287409 0.0
57854.4423958 80.2074832265 0.0 77.6031812615 0.0
57854.4424074 80.1366603185 0.0 77.520861396 0.0
57854.442419 80.0876987908 0.0 77.477530834 0.0
57854.4424306 80.1404634361 0.0 77.5544726006 0.0
57854.4424421 80.1957405007 0.0 77.6253799484 0.0
57854.4424537 80.2075163815 0.0 77.6468606413 0.0
57854.4424653 80.1542183619 0.0 77.6212623188 0.0
57854.4424769 80.1222471207 0.0 77.5716560574 0.0
57854.4424884 80.1462665 0.0 77.5601125837 0.0
57854.4425 80.202336384 0.0 77.575246496 0.0
57854.4425116 80.1992744194 0.0 77.6074550528 0.0
57854.4425231 80.0931353604 0.0 77.5445620226 0.0
57854.4425347 80.0525224573 0.0 77.4778585196 0.0
57854.4425463 80.0829935583 0.0 77.4473709729 0.0
57854.4425579 80.1553568644 0.0 77.4978817667 0.0
57854.4425694 80.1414387578 0.0 77.523284915 0.0
57854.442581 80.0895595021 0.0 77.4574196915 0.0
57854.4425926 80.0473982309 0.0 77.3911695465 0.0
57854.4426042 80.0784421922 0.0 77.4817599982 0.0
57854.4426157 80.104018815 0.0 77.4389726509 0.0
57854.4426273 80.1492046263 0.0 77.4910093492 0.0
57854.4426389 80.0989338683 0.0 77.4454954755 0.0
57854.4426505 80.0613856755 0.0 77.4321805868 0.0
57854.442662 80.1134848584 0.0 77.5166329322 0.0
57854.4426736 80.1827027404 0.0 77.4374300051 0.0
57854.4426852 80.2102192298 0.0 77.5188634892 0.0
57854.4426968 80.1158389487 0.0 77.5220982181 0.0
57854.4427083 80.0725139961 0.0 77.5157844354 0.0
57854.4427199 80.0948796393 0.0 77.4828831831 0.0
57854.4427315 80.1522462308 0.0 77.4624907324 0.0
57854.4427431 80.1562422297 0.0 77.4208171185 0.0
57854.4427546 80.0424649157 0.0 77.1930871804 0.0
57854.4427662 79.9882861057 0.0 77.2183428724 0.0
57854.4427778 80.0261117052 0.0 77.302106761 0.0
57854.4427894 80.054852355 0.0 77.3081847189 0.0
57854.4428009 80.0762069873 0.0 77.3695981562 0.0
57854.4428125 79.9807253835 0.0 77.2876888276 0.0
57854.4428241 79.9630378211 0.0 77.2266536855 0.0
57854.4428356 80.0052499106 0.0 77.2223828606 0.0
57854.4428472 80.0736169774 0.0 77.2605007978 0.0
57854.4428588 80.0707648798 0.0 77.2800467213 0.0
57854.4428704 80.0271664428 0.0 77.2847767997 0.0
57854.4428819 79.9950497911 0.0 77.2627761906 0.0
57854.4428935 80.0588278903 0.0 77.239185443 0.0
57854.4429051 80.0955723279 0.0 77.2889929239 0.0
57854.4429167 80.107560841 0.0 77.3655463246 0.0
57854.4429282 80.044333903 0.0 77.3753316157 0.0
57854.4429398 79.9859236386 0.0 77.3666629021 0.0
57854.4429514 80.0533604189 0.0 77.3637893478 0.0
57854.442963 80.0701068189 0.0 77.4010038902 0.0
57854.4429745 80.1176194632 0.0 77.4359477546 0.0
57854.4429861 80.0454722581 0.0 77.3788422112 0.0
57854.4429977 80.0133156178 0.0 77.3411083521 0.0
57854.4430093 80.0524774486 0.0 77.3304159709 0.0
57854.4430208 80.1296707119 0.0 77.4258218478 0.0
57854.4430324 80.1262059353 0.0 77.4421196803 0.0
57854.443044 80.0574298786 0.0 77.4605211246 0.0
57854.4430556 80.040787892 0.0 77.3921580669 0.0
57854.4430671 80.0889608916 0.0 77.4076805684 0.0
57854.4430787 80.1337252762 0.0 77.4369059483 0.0
57854.4430903 80.1563668177 0.0 77.4899875934 0.0
57854.4431019 80.0204729853 0.0 77.4768266355 0.0
57854.4431134 80.0070016495 0.0 77.3951236944 0.0
57854.443125 80.0899713803 0.0 77.4382276562 0.0
57854.4431366 80.125012177 0.0 77.422436529 0.0
57854.4431481 80.1644826658 0.0 77.4616119196 0.0
57854.4431597 80.0909858542 0.0 77.4518543435 0.0
57854.4431713 80.0339371898 0.0 77.3905019805 0.0
57854.4431829 80.084184078 0.0 77.4703811665 0.0
57854.4431944 80.1747044628 0.0 77.5427873415 0.0
57854.443206 80.2037553483 0.0 77.5941993815 0.0
57854.4432176 80.1212733442 0.0 77.5234610567 0.0
57854.4432292 80.1094458313 0.0 77.5603556834 0.0
57854.4432407 80.1491052293 0.0 77.5392380861 0.0
57854.4432523 80.2124420488 0.0 77.6004171128 0.0
57854.4432639 80.2144062948 0.0 77.5333885557 0.0
57854.4432755 80.112149534 0.0 77.5382119149 0.0
57854.443287 80.0982292318 0.0 77.3786945965 0.0
57854.4432986 80.1061726247 0.0 77.4866820695 0.0
57854.4433102 80.1790250035 0.0 77.497832924 0.0
57854.4433218 80.1806676355 0.0 77.5042469731 0.0
57854.4433333 80.0868949232 0.0 77.4486196137 0.0
57854.4433449 80.0708138705 0.0 77.4718382949 0.0
57854.4433565 80.0996332125 0.0 77.5038999085 0.0
57854.4433681 80.1769873354 0.0 77.608824357 0.0
57854.4433796 80.1838270406 0.0 77.5827944831 0.0
57854.4433912 80.1007537647 0.0 77.5158294313 0.0
57854.4434028 80.0655574665 0.0 77.493110733 0.0
57854.4434144 80.0772226211 0.0 77.3939451344 0.0
57854.4434259 80.1427533395 0.0 77.4691900397 0.0
57854.4434375 80.1500528188 0.0 77.512466377 0.0
57854.4434491 80.0506731465 0.0 77.4880520734 0.0
57854.4434606 80.0140790946 0.0 77.4611326877 0.0
57854.4434722 80.0459937887 0.0 77.4583241579 0.0
57854.4434838 80.1306697598 0.0 77.5271382544 0.0
57854.4434954 80.1373785248 0.0 77.5481102059 0.0
57854.4435069 80.069259424 0.0 77.5489680156 0.0
57854.4435185 80.0571598109 0.0 77.5156301642 0.0
57854.4435301 80.1202426105 0.0 77.5258165027 0.0
57854.4435417 80.1854459002 0.0 77.5374467951 0.0
57854.4435532 80.2231789784 0.0 77.5865796549 0.0
57854.4435648 80.1644256679 0.0 77.4936621136 0.0
57854.4435764 80.1420205106 0.0 77.4590487654 0.0
57854.443588 80.1884225078 0.0 77.5153499054 0.0
57854.4435995 80.2605811615 0.0 77.5529395135 0.0
57854.4436111 80.2906823207 0.0 77.5863300499 0.0
57854.4436227 80.1767460532 0.0 77.5742790829 0.0
57854.4436343 80.1272804646 0.0 77.522251215 0.0
57854.4436458 80.1794333384 0.0 77.5716637759 0.0
57854.4436574 80.2234190661 0.0 77.5891156307 0.0
57854.443669 80.2553713838 0.0 77.6610642528 0.0
57854.4436806 80.1866869141 0.0 77.6079672524 0.0
57854.4436921 80.1510255999 0.0 77.5217742256 0.0
57854.4437037 80.2060336976 0.0 77.6166763885 0.0
57854.4437153 80.2327113802 0.0 77.6410039754 0.0
57854.4437269 80.2575210751 0.0 77.632390272 0.0
57854.4722685 77.9199214359 0.0 74.5631347983 0.0
57854.4722801 77.9464521885 0.0 74.5534562474 0.0
57854.4722917 77.8808339714 0.0 74.5132471644 0.0
57854.4723032 77.8267437601 0.0 74.4722455136 0.0
57854.4723148 77.8701717938 0.0 74.5211777947 0.0
57854.4723264 77.9007119963 0.0 74.5053234885 0.0
57854.472338 77.9349157531 0.0 74.5105840911 0.0
57854.4723495 77.8403329165 0.0 74.5019811251 0.0
57854.4723611 77.8403876527 0.0 74.4191774505 0.0
57854.4723727 77.8529048868 0.0 74.4201211551 0.0
57854.4723843 77.9100788122 0.0 74.4895233658 0.0
57854.4723958 77.900632444 0.0 74.4621771357 0.0
57854.4724074 77.8686152084 0.0 74.319188681 0.0
57854.472419 77.8074856269 0.0 74.3720683262 0.0
57854.4724306 77.8487235883 0.0 74.5027221874 0.0
57854.4724421 77.9054813571 0.0 74.530065223 0.0
57854.4724537 77.901664022 0.0 74.5527424297 0.0
57854.4724653 77.8480797277 0.0 74.5760524093 0.0
57854.4724769 77.7974888513 0.0 74.5238512209 0.0
57854.4724884 77.8422539161 0.0 74.5462818735 0.0
57854.4725 77.8471595626 0.0 74.5080567541 0.0
57854.4725116 77.9103227123 0.0 74.5285399524 0.0
57854.4725231 77.8167226465 0.0 74.5013945595 0.0
57854.4725347 77.78571407 0.0 74.428914882 0.0
57854.4725463 77.8167552188 0.0 74.4591439027 0.0
57854.4725579 77.8769107967 0.0 74.5334839801 0.0
57854.4725694 77.8955894931 0.0 74.522542137 0.0
57854.472581 77.8035539995 0.0 74.4953557865 0.0
57854.4725926 77.7546955846 0.0 74.4418591167 0.0
57854.4726042 77.7952210413 0.0 74.4333490815 0.0
57854.4726157 77.8608574625 0.0 74.4669406151 0.0
57854.4726273 77.8631308765 0.0 74.5447161262 0.0
57854.4726389 77.8207877637 0.0 74.516008299 0.0
57854.4726505 77.8054038487 0.0 74.5034858646 0.0
57854.472662 77.7984332466 0.0 74.4490505752 0.0
57854.4726736 77.8349689365 0.0 74.5336020871 0.0
57854.4726852 77.858366421 0.0 74.5870495643 0.0
57854.4726968 77.7802257888 0.0 74.5299848128 0.0
57854.4727083 77.726016466 0.0 74.4516955743 0.0
57854.4727199 77.7717752345 0.0 74.4142131187 0.0
57854.4727315 77.8324773253 0.0 74.4329650185 0.0
57854.4727431 77.8236295484 0.0 74.4901450212 0.0
57854.4727546 77.7598385322 0.0 74.3890817827 0.0
57854.4727662 77.7075663228 0.0 74.3693766627 0.0
57854.4727778 77.7183246409 0.0 74.3509083695 0.0
57854.4727894 77.7575430479 0.0 74.4008022075 0.0
57854.4728009 77.7966382529 0.0 74.4387223631 0.0
57854.4728125 77.7046450032 0.0 74.4351878362 0.0
57854.4728241 77.6724427339 0.0 74.421069889 0.0
57854.4728356 77.6933367009 0.0 74.4034082005 0.0
57854.4728472 77.7485465762 0.0 74.4705667475 0.0
57854.4728588 77.7815581047 0.0 74.4291332611 0.0
57854.4728704 77.6855514573 0.0 74.4461922524 0.0
57854.4728819 77.6703524389 0.0 74.3606211388 0.0
57854.4728935 77.7325010271 0.0 74.3727406271 0.0
57854.4729051 77.814647164 0.0 74.3856519982 0.0
57854.4729167 77.7882030545 0.0 74.4197559704 0.0
57854.4729282 77.7263184261 0.0 74.426834031 0.0
57854.4729398 77.6987323926 0.0 74.3659413295 0.0
57854.4729514 77.7021193435 0.0 74.3357135752 0.0
57854.472963 77.7580885943 0.0 74.3712329741 0.0
57854.4729745 77.7773176856 0.0 74.3675780826 0.0
57854.4729861 77.6598548866 0.0 74.3563509076 0.0
57854.4729977 77.6115622146 0.0 74.2676017742 0.0
57854.4730093 77.6494210039 0.0 74.2026055635 0.0
57854.4730208 77.6817982893 0.0 74.2275479138 0.0
57854.4730324 77.7065500309 0.0 74.2453092446 0.0
57854.473044 77.5921041327 0.0 74.1765470778 0.0
57854.4730556 77.5515770915 0.0 74.1340935868 0.0
57854.4730671 77.582778875 0.0 74.157717511 0.0
57854.4730787 77.642373012 0.0 74.2239587323 0.0
57854.4730903 77.6566581352 0.0 74.2627970637 0.0
57854.4731019 77.6089573305 0.0 74.3166865689 0.0
57854.4731134 77.5890826725 0.0 74.3189555155 0.0
57854.473125 77.6223296246 0.0 74.2966006409 0.0
57854.4731366 77.6985840619 0.0 74.316048516 0.0
57854.4731481 77.7011590653 0.0 74.3911981755 0.0
57854.4731597 77.6224453265 0.0 74.3270802989 0.0
57854.4731713 77.5603027624 0.0 74.2735293845 0.0
57854.4731829 77.6016227332 0.0 74.2892780253 0.0
57854.4731944 77.6643367762 0.0 74.3125574781 0.0
57854.473206 77.6754943675 0.0 74.3435639528 0.0
57854.4732176 77.6052477132 0.0 74.2945540608 0.0
57854.4732292 77.6107550043 0.0 74.2566671869 0.0
57854.4732407 77.6737968345 0.0 74.2478608099 0.0
57854.4732523 77.7273883105 0.0 74.2915275101 0.0
57854.4732639 77.7245483297 0.0 74.3758588617 0.0
57854.4732755 77.6454054 0.0 74.3626001843 0.0
57854.473287 77.6322285333 0.0 74.3290511131 0.0
57854.4732986 77.6374202491 0.0 74.3241542426 0.0
57854.4733102 77.7069469169 0.0 74.3627130589 0.0
57854.4733218 77.6948693716 0.0 74.3690881852 0.0
57854.4733333 77.6552015579 0.0 74.3222186326 0.0
57854.4733449 77.6253847248 0.0 74.3579573946 0.0
57854.4733565 77.6804453668 0.0 74.4024470988 0.0
57854.4733681 77.7298405031 0.0 74.4313221004 0.0
57854.4733796 77.7426388289 0.0 74.4366990309 0.0
57854.4733912 77.6961431479 0.0 74.4540443763 0.0
57854.4734028 77.6775366535 0.0 74.4418704137 0.0
57854.4734144 77.6957658272 0.0 74.4373153141 0.0
57854.4734259 77.7834400515 0.0 74.4735312907 0.0
57854.4734375 77.7976217173 0.0 74.514350101 0.0
57854.4734491 77.7031030539 0.0 74.4546030258 0.0
57854.4734606 77.6787464376 0.0 74.4195551821 0.0
57854.4734722 77.7078200723 0.0 74.3863030705 0.0
57854.4734838 77.7428666435 0.0 74.400896308 0.0
57854.4734954 77.7687736533 0.0 74.4950053789 0.0
57854.4735069 77.7151661113 0.0 74.4407105933 0.0
57854.4735185 77.666096559 0.0 74.3998812817 0.0
57854.4735301 77.701969706 0.0 74.4363601396 0.0
57854.4735417 77.7714770251 0.0 74.4734948768 0.0
57854.4735532 77.7844845819 0.0 74.5325667709 0.0
57854.4735648 77.7048375861 0.0 74.4713866647 0.0
57854.4735764 77.6597274305 0.0 74.398665523 0.0
57854.473588 77.7211071559 0.0 74.4122292166 0.0
57854.4735995 77.7503470989 0.0 74.419216353 0.0
57854.4736111 77.7641223812 0.0 74.4607006822 0.0
57854.4736227 77.6849426137 0.0 74.449625514 0.0
57854.4736343 77.6454054 0.0 74.4063844161 0.0
57854.4736458 77.6682322775 0.0 74.3291614399 0.0
57854.4736574 77.7392958809 0.0 74.308842204 0.0
57854.473669 77.7512558366 0.0 74.4134765227 0.0
57854.4736806 77.7191159178 0.0 74.4261211808 0.0
57854.4736921 77.6401312965 0.0 74.450425162 0.0
57854.4737037 77.6845666419 0.0 74.4439453233 0.0
57854.4737153 77.740657518 0.0 74.426145026 0.0
57854.4737269 77.7627825167 0.0 74.4391666988 0.0
57854.4737384 77.6898290929 0.0 74.3595262857 0.0
57854.47375 77.6724414332 0.0 74.3498136299 0.0
57854.4737616 77.6681009072 0.0 74.2833769874 0.0
57854.4737731 77.7473540593 0.0 74.371698312 0.0
57854.4737847 77.7726503352 0.0 74.3951463107 0.0
57854.4737963 77.7137645256 0.0 74.423673937 0.0
57854.4738079 77.630605941 0.0 74.3005648422 0.0
57854.4738194 77.665441026 0.0 74.326613929 0.0
57854.473831 77.7039189174 0.0 74.3736625401 0.0
57854.4738426 77.7578789687 0.0 74.3905596145 0.0
57854.4738542 77.662314305 0.0 74.365575102 0.0
57854.4738657 77.644757823 0.0 74.2598730137 0.0
57854.4738773 77.6860028891 0.0 74.2612711342 0.0
57854.4738889 77.7319621474 0.0 74.3261901864 0.0
57854.4739005 77.7738575195 0.0 74.3505597569 0.0
57854.473912 77.7073203817 0.0 74.3403565157 0.0
57854.4739236 77.6807055426 0.0 74.3387979766 0.0
57854.4739352 77.6996991501 0.0 74.2827554514 0.0
57854.4739468 77.7547177182 0.0 74.3684209275 0.0
57854.4739583 77.8155057537 0.0 74.3931113755 0.0
57854.4739699 77.7330112738 0.0 74.3771257526 0.0
57854.4739815 77.6993556442 0.0 74.33770714 0.0
57854.4739931 77.7245327114 0.0 74.300335483 0.0
57854.4740046 77.7501400955 0.0 74.3153114386 0.0
57854.4740162 77.7665860143 0.0 74.3976756136 0.0
57854.4740278 77.7201974278 0.0 74.3512971117 0.0
57854.4740394 77.6605637019 0.0 74.3465758839 0.0
57854.4740509 77.694714542 0.0 74.3454899726 0.0
57854.4740625 77.8011948468 0.0 74.4505117804 0.0
57854.4740741 77.8240934157 0.0 74.5319460893 0.0
57854.4740856 77.7634465869 0.0 74.5093367438 0.0
57854.4740972 77.7071616264 0.0 74.392816552 0.0
57854.4741088 77.7556043672 0.0 74.382090625 0.0
57854.4741204 77.799256507 0.0 74.4954637977 0.0
57854.4741319 77.8191408474 0.0 74.5629450131 0.0
57854.4741435 77.7871089867 0.0 74.5434984807 0.0
57854.4741551 77.7328667904 0.0 74.4655708074 0.0
57854.4741667 77.7541695887 0.0 74.4608777047 0.0
57854.4741782 77.7991327569 0.0 74.4677014886 0.0
57854.4741898 77.8243005931 0.0 74.4955014761 0.0
57854.4742014 77.7643502513 0.0 74.4865407333 0.0
57854.474213 77.6947327572 0.0 74.4222369955 0.0
57854.4742245 77.7297142474 0.0 74.3785168437 0.0
57854.4742361 77.7611614251 0.0 74.4146134178 0.0
57854.4742477 77.7931069897 0.0 74.4577641659 0.0
57854.4742593 77.6995820457 0.0 74.4156963672 0.0
57854.4742708 77.6655164641 0.0 74.3173923182 0.0
57854.4742824 77.7074309901 0.0 74.3364357674 0.0
57854.474294 77.7437583803 0.0 74.3733916096 0.0
57854.4743056 77.7587630455 0.0 74.4711531194 0.0
57854.5285185 70.5895866951 0.0 70.5895866951 0.0
57854.5285301 70.5434860531 0.0 70.5434860531 0.0
57854.5285417 70.5048234675 0.0 70.5048234675 0.0
57854.5285532 70.5176270648 0.0 70.5176270648 0.0
57854.5285648 70.5650826022 0.0 70.5650826022 0.0
57854.5285764 70.5972443664 0.0 70.5972443664 0.0
57854.528588 70.5406792874 0.0 70.5406792874 0.0
57854.5285995 70.5307838333 0.0 70.5307838333 0.0
57854.5286111 70.5544206439 0.0 70.5544206439 0.0
57854.5286227 70.6319332373 0.0 70.6319332373 0.0
57854.5286343 70.6186367952 0.0 70.6186367952 0.0
57854.5286458 70.5604390012 0.0 70.5604390012 0.0
57854.5286574 70.5679861771 0.0 70.5679861771 0.0
57854.528669 70.5489197426 0.0 70.5489197426 0.0
57854.5286806 70.5650035034 0.0 70.5650035034 0.0
57854.5286921 70.5528132939 0.0 70.5528132939 0.0
57854.5287037 70.5143977361 0.0 70.5143977361 0.0
57854.5287153 70.4815568187 0.0 70.4815568187 0.0
57854.5287269 70.5536905802 0.0 70.5536905802 0.0
57854.5287384 70.591388162 0.0 70.591388162 0.0
57854.52875 70.6631197157 0.0 70.6631197157 0.0
57854.5287616 70.6331850431 0.0 70.6331850431 0.0
57854.5287731 70.5672255931 0.0 70.5672255931 0.0
57854.5287847 70.5687771905 0.0 70.5687771905 0.0
57854.5287963 70.5889257595 0.0 70.5889257595 0.0
57854.5288079 70.6199529682 0.0 70.6199529682 0.0
57854.5288194 70.5731400436 0.0 70.5731400436 0.0
57854.528831 70.6069807006 0.0 70.6069807006 0.0
57854.5288426 70.6310333593 0.0 70.6310333593 0.0
57854.5288542 70.6007295214 0.0 70.6007295214 0.0
57854.5288657 70.6501590013 0.0 70.6501590013 0.0
57854.5288773 70.6502272048 0.0 70.6502272048 0.0
57854.5288889 70.6635509153 0.0 70.6635509153 0.0
57854.5289005 70.7055797159 0.0 70.7055797159 0.0
57854.528912 70.6692017475 0.0 70.6692017475 0.0
57854.5289236 70.7057807824 0.0 70.7057807824 0.0
57854.5289352 70.662085575 0.0 70.662085575 0.0
57854.5289468 70.7182306211 0.0 70.7182306211 0.0
57854.5289583 70.7367424601 0.0 70.7367424601 0.0
57854.5289699 70.7141284404 0.0 70.7141284404 0.0
57854.5289815 70.7180843729 0.0 70.7180843729 0.0
57854.5289931 70.6462836527 0.0 70.6462836527 0.0
57854.5290046 70.6597493571 0.0 70.6597493571 0.0
57854.5290162 70.6743448988 0.0 70.6743448988 0.0
57854.5290278 70.7351602657 0.0 70.7351602657 0.0
57854.5290394 70.6624010538 0.0 70.6624010538 0.0
57854.5290509 70.6504659177 0.0 70.6504659177 0.0
57854.5290625 70.6543048862 0.0 70.6543048862 0.0
57854.5290741 70.7508358044 0.0 70.7508358044 0.0
57854.5290856 70.8221529337 0.0 70.8221529337 0.0
57854.5290972 74.2452235748 0.0 70.7963059946 0.0
57854.5291088 70.7173970094 0.0 70.7173970094 0.0
57854.5291204 70.7088894433 0.0 70.7088894433 0.0
57854.5291319 70.7465847991 0.0 70.7465847991 0.0
57854.5291435 70.764030049 0.0 70.764030049 0.0
57854.5291551 70.6970853232 0.0 70.6970853232 0.0
57854.5291667 70.7401702263 0.0 70.7401702263 0.0
57854.5291782 70.6530613466 0.0 70.6530613466 0.0
57854.5291898 70.5446455241 0.0 70.5446455241 0.0
57854.5292014 70.6570977295 0.0 70.6570977295 0.0
57854.529213 70.6183044064 0.0 70.6183044064 0.0
57854.5292245 70.6189253534 0.0 70.6189253534 0.0
57854.5292361 70.7438102211 0.0 70.7438102211 0.0
57854.5292477 70.7452304152 0.0 70.7452304152 0.0
57854.5292593 70.8046501191 0.0 70.8046501191 0.0
57854.5292708 70.7985331415 0.0 70.7985331415 0.0
57854.5292824 70.6991592007 0.0 70.6991592007 0.0
57854.529294 70.7639349448 0.0 70.7639349448 0.0
57854.5293056 70.8100282413 0.0 70.8100282413 0.0
57854.5293171 70.833783705 0.0 70.833783705 0.0
57854.5293287 70.6371804519 0.0 70.6371804519 0.0
57854.5293403 70.6099840811 0.0 70.6099840811 0.0
57854.5293519 70.5459096425 0.0 70.5459096425 0.0
57854.5293634 70.5649852499 0.0 70.5649852499 0.0
57854.529375 70.6800426248 0.0 70.6800426248 0.0
57854.5293866 70.6346463143 0.0 70.6346463143 0.0
57854.5293981 70.620975723 0.0 70.620975723 0.0
57854.5294097 70.6679836067 0.0 70.6679836067 0.0
57854.5294213 70.7831977985 0.0 70.7831977985 0.0
57854.5294329 70.8048489424 0.0 70.8048489424 0.0
57854.5294444 70.8009872067 0.0 70.8009872067 0.0
57854.529456 70.800363927 0.0 70.800363927 0.0
57854.5294676 70.7399800626 0.0 70.7399800626 0.0
57854.5294792 70.7559477307 0.0 70.7559477307 0.0
57854.5294907 70.7267024039 0.0 70.7267024039 0.0
57854.5295023 70.732356746 0.0 70.732356746 0.0
57854.5295139 70.7245121774 0.0 70.7245121774 0.0
57854.5295255 70.716514656 0.0 70.716514656 0.0
57854.529537 70.724025873 0.0 70.724025873 0.0
57854.5295486 70.7548602209 0.0 70.7548602209 0.0
57854.5295602 70.7645689743 0.0 70.7645689743 0.0
57854.5295718 70.6406206964 0.0 70.6406206964 0.0
57854.5295833 70.6479399747 0.0 70.6479399747 0.0
57854.5295949 70.6553486918 0.0 70.6553486918 0.0
57854.5296065 70.7089369696 0.0 70.7089369696 0.0
57854.5296181 70.7118324615 0.0 70.7118324615 0.0
57854.5296296 70.6453653799 0.0 70.6453653799 0.0
57854.5296412 70.6188230796 0.0 70.6188230796 0.0
57854.5296528 70.595715464 0.0 70.595715464 0.0
57854.5296644 70.6612962733 0.0 70.6612962733 0.0
57854.5296759 70.64077414 0.0 70.64077414 0.0
57854.5296875 70.6471483468 0.0 70.6471483468 0.0
57854.5296991 70.6545777118 0.0 70.6545777118 0.0
57854.5297106 70.6662343819 0.0 70.6662343819 0.0
57854.5297222 70.5876136385 0.0 70.5876136385 0.0
57854.5297338 70.5899348139 0.0 70.5899348139 0.0
57854.5297454 70.5156371538 0.0 70.5156371538 0.0
57854.5297569 70.5332046881 0.0 70.5332046881 0.0
57854.5297685 70.6443947477 0.0 70.6443947477 0.0
57854.5297801 70.6823780904 0.0 70.6823780904 0.0
57854.5297917 70.7268303818 0.0 70.7268303818 0.0
57854.5298032 70.6765498821 0.0 70.6765498821 0.0
57854.5298148 70.6315106955 0.0 70.6315106955 0.0
57854.5298264 70.6513988517 0.0 70.6513988517 0.0
57854.529838 70.7865588381 0.0 70.7865588381 0.0
57854.5298495 70.7952302489 0.0 70.7952302489 0.0
57854.5298611 70.7021774869 0.0 70.7021774869 0.0
57854.5298727 70.6622110356 0.0 70.6622110356 0.0
57854.5298843 70.6946008687 0.0 70.6946008687 0.0
57854.5298958 70.749122946 0.0 70.749122946 0.0
57854.5299074 70.6635728408 0.0 70.6635728408 0.0
57854.529919 70.6995978641 0.0 70.6995978641 0.0
57854.5299306 70.8130290866 0.0 70.8130290866 0.0
57854.5299537 70.7545298251 0.0 70.7545298251 0.0
57854.5299653 70.8081497085 0.0 70.8081497085 0.0
57854.5299769 70.7491778059 0.0 70.7491778059 0.0
57854.5299884 70.8161202941 0.0 70.8161202941 0.0
57854.53 70.8222798122 0.0 70.8222798122 0.0
57854.5300116 70.8437343017 0.0 70.8437343017 0.0
57854.5300231 70.8148564741 0.0 70.8148564741 0.0
57854.5300347 70.8327234231 0.0 70.8327234231 0.0
57854.5300463 70.8264498072 0.0 70.8264498072 0.0
57854.5300579 70.8139537552 0.0 70.8139537552 0.0
57854.5300694 70.8581500628 0.0 70.8581500628 0.0
57854.530081 70.761665883 0.0 70.761665883 0.0
57854.5300926 70.7482330026 0.0 70.7482330026 0.0
57854.5301042 70.7624303597 0.0 70.7624303597 0.0
57854.5301157 70.7943325833 0.0 70.7943325833 0.0
57854.5301273 70.7724471218 0.0 70.7724471218 0.0
57854.5301389 70.7101616941 0.0 70.7101616941 0.0
57854.5301505 70.7739677077 0.0 70.7739677077 0.0
57854.530162 70.793752032 0.0 70.793752032 0.0
57854.5301736 70.8141025813 0.0 70.8141025813 0.0
57854.5301852 70.8428654921 0.0 70.8428654921 0.0
57854.5301968 70.8021227808 0.0 70.8021227808 0.0
57854.5302083 70.7579374648 0.0 70.7579374648 0.0
57854.5302199 70.8082936468 0.0 70.8082936468 0.0
57854.5302315 70.8647954519 0.0 70.8647954519 0.0
57854.5302431 70.8202009787 0.0 70.8202009787 0.0
57854.5302662 70.774970063 0.0 70.774970063 0.0
57854.5302778 70.8177684073 0.0 70.8177684073 0.0
57854.5302894 70.8649748651 0.0 70.8649748651 0.0
57854.5303009 70.8960169209 0.0 70.8960169209 0.0
57854.5303125 70.8652641239 0.0 70.8652641239 0.0
57854.5303241 70.8759025851 0.0 70.8759025851 0.0
57854.5303356 70.85734215 0.0 70.85734215 0.0
57854.5303472 70.8048428434 0.0 70.8048428434 0.0
57854.5303588 70.77896373 0.0 70.77896373 0.0
57854.5303704 70.7557368114 0.0 70.7557368114 0.0
57854.5303819 70.7128805134 0.0 70.7128805134 0.0
57854.5303935 70.764746991 0.0 70.764746991 0.0
57854.5304051 70.8044720324 0.0 70.8044720324 0.0
57854.5304282 70.8166228987 0.0 70.8166228987 0.0
57854.5304398 70.8226616682 0.0 70.8226616682 0.0
57854.5304514 70.8547463768 0.0 70.8547463768 0.0
57854.530463 70.8562987071 0.0 70.8562987071 0.0
57854.5304745 70.9109334335 0.0 70.9109334335 0.0
57854.5304861 70.8808401581 0.0 70.8808401581 0.0
57854.5304977 70.8417611872 0.0 70.8417611872 0.0
57854.5305093 70.8484689568 0.0 70.8484689568 0.0
57854.5305208 70.9102545299 0.0 70.9102545299 0.0
57854.5305324 70.9299238213 0.0 70.9299238213 0.0
57854.530544 70.8766374077 0.0 70.8766374077 0.0
57854.5507407 69.2888764883 0.0 69.2888764883 0.0
57854.5507523 69.2438581163 0.0 69.2438581163 0.0
57854.5507639 69.2515254649 0.0 69.2515254649 0.0
57854.5507755 69.2370552949 0.0 69.2370552949 0.0
57854.550787 69.2763734629 0.0 69.2763734629 0.0
57854.5507986 69.3042374876 0.0 69.3042374876 0.0
57854.5508102 69.2810035514 0.0 69.2810035514 0.0
57854.5508218 69.2577843248 0.0 69.2577843248 0.0
57854.5508333 69.2626596513 0.0 69.2626596513 0.0
57854.5508449 69.3005849356 0.0 69.3005849356 0.0
57854.5508565 69.2700678894 0.0 69.2700678894 0.0
57854.5508796 69.251855501 0.0 69.251855501 0.0
57854.5508912 69.3001863084 0.0 69.3001863084 0.0
57854.5509028 69.3041906592 0.0 69.3041906592 0.0
57854.5509144 69.1930041417 0.0 69.1930041417 0.0
57854.5509259 69.2006426164 0.0 69.2006426164 0.0
57854.5509375 69.2068936687 0.0 69.2068936687 0.0
57854.5509491 69.2658931897 0.0 69.2658931897 0.0
57854.5509606 69.3434629593 0.0 69.3434629593 0.0
57854.5509722 69.255313141 0.0 69.255313141 0.0
57854.5509838 69.2463878359 0.0 69.2463878359 0.0
57854.5509954 69.2377944761 0.0 69.2377944761 0.0
57854.5510069 69.2585500554 0.0 69.2585500554 0.0
57854.5510185 69.2704195895 0.0 69.2704195895 0.0
57854.5510301 69.2703835792 0.0 69.2703835792 0.0
57854.5510417 69.290748168 0.0 69.290748168 0.0
57854.5510532 69.201711423 0.0 69.201711423 0.0
57854.5510648 69.1350390117 0.0 69.1350390117 0.0
57854.5510764 69.1825465143 0.0 69.1825465143 0.0
57854.551088 69.2098219896 0.0 69.2098219896 0.0
57854.5510995 69.1735925639 0.0 69.1735925639 0.0
57854.5511111 69.1871113295 0.0 69.1871113295 0.0
57854.5511227 69.2769076474 0.0 69.2769076474 0.0
57854.5511343 69.2568349705 0.0 69.2568349705 0.0
57854.5511458 69.2472194884 0.0 69.2472194884 0.0
57854.5511574 69.2250251279 0.0 69.2250251279 0.0
57854.551169 69.2189853621 0.0 69.2189853621 0.0
57854.5511806 69.2262393615 0.0 69.2262393615 0.0
57854.5511921 69.2492116408 0.0 69.2492116408 0.0
57854.5512037 69.2338778348 0.0 69.2338778348 0.0
57854.5512153 69.1808866304 0.0 69.1808866304 0.0
57854.5512269 69.19874854 0.0 69.19874854 0.0
57854.5512384 69.1865751994 0.0 69.1865751994 0.0
57854.55125 69.2212637315 0.0 69.2212637315 0.0
57854.5512616 69.2334734594 0.0 69.2334734594 0.0
57854.5512731 69.1824649587 0.0 69.1824649587 0.0
57854.5512847 69.1972743266 0.0 69.1972743266 0.0
57854.5512963 69.2383188658 0.0 69.2383188658 0.0
57854.5513079 69.268470249 0.0 69.268470249 0.0
57854.5513194 69.2088622688 0.0 69.2088622688 0.0
57854.551331 69.1901950298 0.0 69.1901950298 0.0
57854.5513426 69.2255050604 0.0 69.2255050604 0.0
57854.5513542 69.216055588 0.0 69.216055588 0.0
57854.5513657 69.2092173645 0.0 69.2092173645 0.0
57854.5513773 69.1826496584 0.0 69.1826496584 0.0
57854.5513889 69.1655279399 0.0 69.1655279399 0.0
57854.5514005 69.1599712014 0.0 69.1599712014 0.0
57854.551412 69.2736389609 0.0 69.2736389609 0.0
57854.5514236 69.2559168294 0.0 69.2559168294 0.0
57854.5514352 69.2288310531 0.0 69.2288310531 0.0
57854.5514468 69.2331302815 0.0 69.2331302815 0.0
57854.5514583 69.2562084734 0.0 69.2562084734 0.0
57854.5514699 69.2121733424 0.0 69.2121733424 0.0
57854.5514815 69.2916041813 0.0 69.2916041813 0.0
57854.5514931 69.2763758637 0.0 69.2763758637 0.0
57854.5515046 69.2537325259 0.0 69.2537325259 0.0
57854.5515162 69.2085959478 0.0 69.2085959478 0.0
57854.5515278 69.2442865323 0.0 69.2442865323 0.0
57854.5515394 69.3085722053 0.0 69.3085722053 0.0
57854.5515509 69.2101183052 0.0 69.2101183052 0.0
57854.5515625 69.1681601178 0.0 69.1681601178 0.0
57854.5515741 69.1756876677 0.0 69.1756876677 0.0
57854.5515856 69.2117654509 0.0 69.2117654509 0.0
57854.5515972 69.2402796505 0.0 69.2402796505 0.0
57854.5516088 69.2160219957 0.0 69.2160219957 0.0
57854.5516204 69.1878813466 0.0 69.1878813466 0.0
57854.5516319 69.2289114446 0.0 69.2289114446 0.0
57854.5516435 69.2307556652 0.0 69.2307556652 0.0
57854.5516551 69.235698143 0.0 69.235698143 0.0
57854.5516667 69.2109604697 0.0 69.2109604697 0.0
57854.5516782 69.1831186047 0.0 69.1831186047 0.0
57854.5516898 69.1672475421 0.0 69.1672475421 0.0
57854.5517014 69.2436325086 0.0 69.2436325086 0.0
57854.551713 69.2456665956 0.0 69.2456665956 0.0
57854.5517245 69.1730313181 0.0 69.1730313181 0.0
57854.5517361 69.2318355751 0.0 69.2318355751 0.0
57854.5517477 69.2052669921 0.0 69.2052669921 0.0
57854.5517593 69.2476923212 0.0 69.2476923212 0.0
57854.5517708 69.2294105928 0.0 69.2294105928 0.0
57854.5517824 69.2331326814 0.0 69.2331326814 0.0
57854.551794 69.1807702956 0.0 69.1807702956 0.0
57854.5518056 69.1669297613 0.0 69.1669297613 0.0
57854.5518171 69.212706003 0.0 69.212706003 0.0
57854.5518287 69.1852258907 0.0 69.1852258907 0.0
57854.5518403 69.128908473 0.0 69.128908473 0.0
57854.5518519 69.1037354993 0.0 69.1037354993 0.0
57854.5518634 69.1443218058 0.0 69.1443218058 0.0
57854.551875 69.0963832214 0.0 69.0963832214 0.0
57854.5518866 69.1937010338 0.0 69.1937010338 0.0
57854.5518981 69.1282335839 0.0 69.1282335839 0.0
57854.5519097 69.0709711484 0.0 69.0709711484 0.0
57854.5519213 69.1095385856 0.0 69.1095385856 0.0
57854.5519329 69.1501151222 0.0 69.1501151222 0.0
57854.5519444 69.137572128 0.0 69.137572128 0.0
57854.551956 69.0405596567 0.0 69.0405596567 0.0
57854.5519676 68.9743413815 0.0 68.9743413815 0.0
57854.5519792 69.0850196501 0.0 69.0850196501 0.0
57854.5519907 69.0588340192 0.0 69.0588340192 0.0
57854.5520023 69.110502202 0.0 69.110502202 0.0
57854.5520139 69.050352868 0.0 69.050352868 0.0
57854.5520255 69.0459352706 0.0 69.0459352706 0.0
57854.552037 69.0099233624 0.0 69.0099233624 0.0
57854.5520486 69.0375066492 0.0 69.0375066492 0.0
57854.5520602 69.0491118974 0.0 69.0491118974 0.0
57854.5520718 69.0562620507 0.0 69.0562620507 0.0
57854.5520833 69.0050656215 0.0 69.0050656215 0.0
57854.5520949 69.0339746602 0.0 69.0339746602 0.0
57854.5521065 69.0864108224 0.0 69.0864108224 0.0
57854.5521181 68.9277308089 0.0 68.9277308089 0.0
57854.5521296 68.908789863 0.0 68.908789863 0.0
57854.5521412 68.8422324709 0.0 68.8422324709 0.0
57854.5521528 68.9165515117 0.0 68.9165515117 0.0
57854.5521644 68.9452678189 0.0 68.9452678189 0.0
57854.5521759 68.9707432599 0.0 68.9707432599 0.0
57854.5521875 68.9435984721 0.0 68.9435984721 0.0
57854.5521991 68.8862031809 0.0 68.8862031809 0.0
57854.5522106 68.9068256141 0.0 68.9068256141 0.0
57854.5522222 68.8710340411 0.0 68.8710340411 0.0
57854.5522338 68.8934548478 0.0 68.8934548478 0.0
57854.5522454 68.823194308 0.0 68.823194308 0.0
57854.5522569 68.8648074716 0.0 68.8648074716 0.0
57854.5522685 69.0318811526 0.0 69.0318811526 0.0
57854.5522801 69.038080354 0.0 69.038080354 0.0
57854.5522917 69.0821295209 0.0 69.0821295209 0.0
57854.5523032 69.1010881413 0.0 69.1010881413 0.0
57854.5523148 69.0526180358 0.0 69.0526180358 0.0
57854.5523264 69.0814177847 0.0 69.0814177847 0.0
57854.552338 69.0985211418 0.0 69.0985211418 0.0
57854.5523495 69.1399902137 0.0 69.1399902137 0.0
57854.5523611 69.067444038 0.0 69.067444038 0.0
57854.5523727 69.0667899061 0.0 69.0667899061 0.0
57854.5523843 69.0374659271 0.0 69.0374659271 0.0
57854.5523958 69.0859890353 0.0 69.0859890353 0.0
57854.5524074 69.0982275347 0.0 69.0982275347 0.0
57854.552419 68.9869010468 0.0 68.9869010468 0.0
57854.5524306 68.9713776504 0.0 68.9713776504 0.0
57854.5524421 68.9596946973 0.0 68.9596946973 0.0
57854.5524537 68.9561509258 0.0 68.9561509258 0.0
57854.5524653 68.9777480983 0.0 68.9777480983 0.0
57854.5524769 68.9135331587 0.0 68.9135331587 0.0
57854.5524884 68.8638400959 0.0 68.8638400959 0.0
57854.5525 68.9321746176 0.0 68.9321746176 0.0
57854.5525116 69.0144963311 0.0 69.0144963311 0.0
57854.5525231 69.0516789017 0.0 69.0516789017 0.0
57854.5525347 69.0000297061 0.0 69.0000297061 0.0
57854.5525463 68.9133202143 0.0 68.9133202143 0.0
57854.5525579 68.9207268614 0.0 68.9207268614 0.0
57854.5525694 69.0017801566 0.0 69.0017801566 0.0
57854.552581 68.985634479 0.0 68.985634479 0.0
57854.5525926 68.93176062 0.0 68.93176062 0.0
57854.5526042 68.8656851724 0.0 68.8656851724 0.0
57854.5526157 68.8915363315 0.0 68.8915363315 0.0
57854.5526273 68.9234690423 0.0 68.9234690423 0.0
57854.5526389 68.952923216 0.0 68.952923216 0.0
57854.5526505 68.9161674835 0.0 68.9161674835 0.0
57854.552662 68.8799422414 0.0 68.8799422414 0.0
57854.5526736 68.9114791003 0.0 68.9114791003 0.0
57854.5526852 68.9468713739 0.0 68.9468713739 0.0
57854.5526968 68.9598993564 0.0 68.9598993564 0.0
57854.5527083 68.9354447758 0.0 68.9354447758 0.0
57854.5527199 68.8730358998 0.0 68.8730358998 0.0
57854.5527315 68.9017811769 0.0 68.9017811769 0.0
57854.5527431 68.8455512868 0.0 68.8455512868 0.0
57854.5527546 68.877442752 0.0 68.877442752 0.0
57854.5527662 68.8955097556 0.0 68.8955097556 0.0
57854.5750463 69.204151392 0.0 69.204151392 0.0
57854.5750579 69.229439462 0.0 69.229439462 0.0
57854.5750694 69.1605245213 0.0 69.1605245213 0.0
57854.575081 69.1533724278 0.0 69.1533724278 0.0
57854.5750926 69.1285020131 0.0 69.1285020131 0.0
57854.5751042 69.2780853166 0.0 69.2780853166 0.0
57854.5751157 69.2803383399 0.0 69.2803383399 0.0
57854.5751273 69.1650497614 0.0 69.1650497614 0.0
57854.5751389 69.1009887482 0.0 69.1009887482 0.0
57854.5751505 69.111011836 0.0 69.111011836 0.0
57854.575162 69.128352347 0.0 69.128352347 0.0
57854.5751736 69.1689026461 0.0 69.1689026461 0.0
57854.5751852 69.1634161613 0.0 69.1634161613 0.0
57854.5751968 69.0942412547 0.0 69.0942412547 0.0
57854.5752083 69.1181345233 0.0 69.1181345233 0.0
57854.5752199 69.1311175805 0.0 69.1311175805 0.0
57854.5752315 69.1146117383 0.0 69.1146117383 0.0
57854.5752431 69.0698660056 0.0 69.0698660056 0.0
57854.5752546 69.1098859111 0.0 69.1098859111 0.0
57854.5752662 69.1276378157 0.0 69.1276378157 0.0
57854.5752778 69.1730599583 0.0 69.1730599583 0.0
57854.5752894 69.2285998117 0.0 69.2285998117 0.0
57854.5753009 69.1537321942 0.0 69.1537321942 0.0
57854.5753125 69.1330741685 0.0 69.1330741685 0.0
57854.5753241 69.1198820804 0.0 69.1198820804 0.0
57854.5753356 69.1399532921 0.0 69.1399532921 0.0
57854.5753472 69.1822590289 0.0 69.1822590289 0.0
57854.5753588 69.0847204402 0.0 69.0847204402 0.0
57854.5753704 69.0709094761 0.0 69.0709094761 0.0
57854.5753819 69.0935607373 0.0 69.0935607373 0.0
57854.5753935 69.1581436561 0.0 69.1581436561 0.0
57854.5754051 69.2035390158 0.0 69.2035390158 0.0
57854.5754167 69.1322159691 0.0 69.1322159691 0.0
57854.5754282 69.1337525252 0.0 69.1337525252 0.0
57854.5754398 69.1601490365 0.0 69.1601490365 0.0
57854.5754514 69.1586217565 0.0 69.1586217565 0.0
57854.575463 69.2429798936 0.0 69.2429798936 0.0
57854.5754745 69.2036139019 0.0 69.2036139019 0.0
57854.5754861 69.1608818972 0.0 69.1608818972 0.0
57854.5754977 69.1711497237 0.0 69.1711497237 0.0
57854.5755093 69.1632543722 0.0 69.1632543722 0.0
57854.5755208 69.2212981556 0.0 69.2212981556 0.0
57854.5755324 69.1963369162 0.0 69.1963369162 0.0
57854.575544 69.1671615258 0.0 69.1671615258 0.0
57854.5755556 69.1424520489 0.0 69.1424520489 0.0
57854.5755671 69.1475004417 0.0 69.1475004417 0.0
57854.5755787 69.201798534 0.0 69.201798534 0.0
57854.5756019 69.1669900716 0.0 69.1669900716 0.0
57854.5756134 69.1685223018 0.0 69.1685223018 0.0
57854.575625 69.1650920205 0.0 69.1650920205 0.0
57854.5756366 69.1576172651 0.0 69.1576172651 0.0
57854.5756481 69.1160611469 0.0 69.1160611469 0.0
57854.5756597 69.1674404412 0.0 69.1674404412 0.0
57854.5756713 69.1299021242 0.0 69.1299021242 0.0
57854.5756829 69.1083002235 0.0 69.1083002235 0.0
57854.5756944 69.0760545984 0.0 69.0760545984 0.0
57854.575706 69.0516413054 0.0 69.0516413054 0.0
57854.5757176 69.0799006345 0.0 69.0799006345 0.0
57854.5757292 69.077759239 0.0 69.077759239 0.0
57854.5757407 69.0944210375 0.0 69.0944210375 0.0
57854.5757523 69.0926654533 0.0 69.0926654533 0.0
57854.5757639 69.0557771422 0.0 69.0557771422 0.0
57854.5757755 69.1063078901 0.0 69.1063078901 0.0
57854.575787 69.1562880188 0.0 69.1562880188 0.0
57854.5757986 69.1636962742 0.0 69.1636962742 0.0
57854.5758102 69.1568470004 0.0 69.1568470004 0.0
57854.5758218 69.1081481725 0.0 69.1081481725 0.0
57854.5758333 69.1651439387 0.0 69.1651439387 0.0
57854.5758449 69.158482914 0.0 69.158482914 0.0
57854.5758565 69.1953091201 0.0 69.1953091201 0.0
57854.5758681 69.1717631202 0.0 69.1717631202 0.0
57854.5758796 69.1247024941 0.0 69.1247024941 0.0
57854.5758912 69.1451452195 0.0 69.1451452195 0.0
57854.5759028 69.1385687406 0.0 69.1385687406 0.0
57854.5759144 69.1305406294 0.0 69.1305406294 0.0
57854.5759259 69.1180850418 0.0 69.1180850418 0.0
57854.5759375 69.0618913348 0.0 69.0618913348 0.0
57854.5759491 69.1099003923 0.0 69.1099003923 0.0
57854.5759606 69.1154492792 0.0 69.1154492792 0.0
57854.5759722 69.1320940595 0.0 69.1320940595 0.0
57854.5759838 69.1264477454 0.0 69.1264477454 0.0
57854.5759954 69.0387366953 0.0 69.0387366953 0.0
57854.5760069 69.1175540221 0.0 69.1175540221 0.0
57854.5760185 69.1490661924 0.0 69.1490661924 0.0
57854.5760301 69.1136149043 0.0 69.1136149043 0.0
57854.5760417 69.0698696246 0.0 69.0698696246 0.0
57854.5760532 69.0569628025 0.0 69.0569628025 0.0
57854.5760648 69.0884207999 0.0 69.0884207999 0.0
57854.5760764 69.1163109636 0.0 69.1163109636 0.0
57854.576088 69.1477720621 0.0 69.1477720621 0.0
57854.5760995 69.1209332836 0.0 69.1209332836 0.0
57854.5761111 69.1270958855 0.0 69.1270958855 0.0
57854.5761227 69.1301145565 0.0 69.1301145565 0.0
57854.5761343 69.1175672975 0.0 69.1175672975 0.0
57854.5761458 69.1371105751 0.0 69.1371105751 0.0
57854.5761574 69.1410397009 0.0 69.1410397009 0.0
57854.576169 69.11922795 0.0 69.11922795 0.0
57854.5761806 69.1730816931 0.0 69.1730816931 0.0
57854.5761921 69.1286408164 0.0 69.1286408164 0.0
57854.5762037 69.1263584304 0.0 69.1263584304 0.0
57854.5762153 69.186319046 0.0 69.186319046 0.0
57854.5762269 69.0921128425 0.0 69.0921128425 0.0
57854.5762384 69.1823411455 0.0 69.1823411455 0.0
57854.57625 69.2040801291 0.0 69.2040801291 0.0
57854.5762616 69.2372745054 0.0 69.2372745054 0.0
57854.5762731 69.2151783931 0.0 69.2151783931 0.0
57854.5762847 69.1676469115 0.0 69.1676469115 0.0
57854.5762963 69.1659746341 0.0 69.1659746341 0.0
57854.5763079 69.1557435276 0.0 69.1557435276 0.0
57854.5763194 69.1043916168 0.0 69.1043916168 0.0
57854.576331 69.1419462572 0.0 69.1419462572 0.0
57854.5763426 69.1245890417 0.0 69.1245890417 0.0
57854.5763542 69.0727587962 0.0 69.0727587962 0.0
57854.5763657 69.1342775907 0.0 69.1342775907 0.0
57854.5763773 69.1425800062 0.0 69.1425800062 0.0
57854.5763889 69.1054945558 0.0 69.1054945558 0.0
57854.5764005 69.0741859191 0.0 69.0741859191 0.0
57854.576412 69.1410553936 0.0 69.1410553936 0.0
57854.5764236 69.1782522996 0.0 69.1782522996 0.0
57854.5764352 69.1972644776 0.0 69.1972644776 0.0
57854.5764468 69.1381064227 0.0 69.1381064227 0.0
57854.5764583 69.1422226921 0.0 69.1422226921 0.0
57854.5764699 69.1445066264 0.0 69.1445066264 0.0
57854.5764815 69.20202802 0.0 69.20202802 0.0
57854.5764931 69.2192650409 0.0 69.2192650409 0.0
57854.5765046 69.1454144196 0.0 69.1454144196 0.0
57854.5765162 69.1230357214 0.0 69.1230357214 0.0
57854.5765278 69.1529426415 0.0 69.1529426415 0.0
57854.5765394 69.2122829241 0.0 69.2122829241 0.0
57854.5765509 69.261470753 0.0 69.261470753 0.0
57854.5765625 69.2341102137 0.0 69.2341102137 0.0
57854.5765741 69.2744786454 0.0 69.2744786454 0.0
57854.5765856 69.2805885445 0.0 69.2805885445 0.0
57854.5765972 69.2898296071 0.0 69.2898296071 0.0
57854.5766088 69.2222005666 0.0 69.2222005666 0.0
57854.5766204 69.097565476 0.0 69.097565476 0.0
57854.5766319 68.9980720826 0.0 68.9980720826 0.0
57854.5766435 69.0090668521 0.0 69.0090668521 0.0
57854.5766551 69.0475345751 0.0 69.0475345751 0.0
57854.5766667 69.1884312342 0.0 69.1884312342 0.0
57854.5766782 69.1981159572 0.0 69.1981159572 0.0
57854.5766898 69.1505788478 0.0 69.1505788478 0.0
57854.5767014 69.1143112389 0.0 69.1143112389 0.0
57854.576713 69.1463439498 0.0 69.1463439498 0.0
57854.5767245 69.1690825555 0.0 69.1690825555 0.0
57854.5767361 69.1352516845 0.0 69.1352516845 0.0
57854.5767477 69.1689787151 0.0 69.1689787151 0.0
57854.5767593 69.1777765256 0.0 69.1777765256 0.0
57854.5767708 69.2212280892 0.0 69.2212280892 0.0
57854.5767824 69.2656280769 0.0 69.2656280769 0.0
57854.576794 69.2615360121 0.0 69.2615360121 0.0
57854.5768056 69.2029036944 0.0 69.2029036944 0.0
57854.5768171 69.2551722355 0.0 69.2551722355 0.0
57854.5768287 69.2714147638 0.0 69.2714147638 0.0
57854.5768403 69.3173617665 0.0 69.3173617665 0.0
57854.5768519 69.2369615758 0.0 69.2369615758 0.0
57854.5768634 69.234278152 0.0 69.234278152 0.0
57854.576875 69.1997247287 0.0 69.1997247287 0.0
57854.5768866 69.231699906 0.0 69.231699906 0.0
57854.5768981 69.3077471216 0.0 69.3077471216 0.0
57854.5769097 69.2316805756 0.0 69.2316805756 0.0
57854.5769213 69.2489417611 0.0 69.2489417611 0.0
57854.5769329 69.2256689408 0.0 69.2256689408 0.0
57854.5769444 69.2784624288 0.0 69.2784624288 0.0
57854.576956 69.3118337224 0.0 69.3118337224 0.0
57854.5769676 69.2427406526 0.0 69.2427406526 0.0
57854.5769792 69.199500079 0.0 69.199500079 0.0
57854.5769907 69.2034278947 0.0 69.2034278947 0.0
57854.5770023 69.221719763 0.0 69.221719763 0.0
57854.5770139 69.2559988039 0.0 69.2559988039 0.0
57854.5770255 69.1973514369 0.0 69.1973514369 0.0
57854.577037 69.1605196919 0.0 69.1605196919 0.0
57854.5770486 69.1963671101 0.0 69.1963671101 0.0
57854.5770602 69.1874759741 0.0 69.1874759741 0.0
57854.5770718 69.2052722791 0.0 69.2052722791 0.0
57854.6049074 70.2751139936 0.0 70.2751139936 0.0
57854.604919 70.2867866623 0.0 70.2867866623 0.0
57854.6049306 70.2496352138 0.0 70.2496352138 0.0
57854.6049421 70.1535893605 0.0 70.1535893605 0.0
57854.6049537 70.1808527676 0.0 70.1808527676 0.0
57854.6049653 70.1213303249 0.0 70.1213303249 0.0
57854.6049769 70.0984822365 0.0 70.0984822365 0.0
57854.6049884 70.0944969667 0.0 70.0944969667 0.0
57854.605 69.9923813198 0.0 69.9923813198 0.0
57854.6050116 69.9814288368 0.0 69.9814288368 0.0
57854.6050231 69.9684622209 0.0 69.9684622209 0.0
57854.6050347 69.9728907684 0.0 69.9728907684 0.0
57854.6050463 69.9064518102 0.0 69.9064518102 0.0
57854.6050579 69.8796214493 0.0 69.8796214493 0.0
57854.6050694 69.8081186553 0.0 69.8081186553 0.0
57854.605081 69.7927901834 0.0 69.7927901834 0.0
57854.6050926 69.8737632464 0.0 69.8737632464 0.0
57854.6051042 69.9028336505 0.0 69.9028336505 0.0
57854.6051157 69.9298132046 0.0 69.9298132046 0.0
57854.6051273 69.8773522586 0.0 69.8773522586 0.0
57854.6051389 69.9527550748 0.0 69.9527550748 0.0
57854.6051505 69.9594196092 0.0 69.9594196092 0.0
57854.605162 69.9150455977 0.0 69.9150455977 0.0
57854.6051736 69.8598034853 0.0 69.8598034853 0.0
57854.6051852 69.8442851903 0.0 69.8442851903 0.0
57854.6051968 69.8621236628 0.0 69.8621236628 0.0
57854.6052083 69.8773057744 0.0 69.8773057744 0.0
57854.6052199 69.8159292205 0.0 69.8159292205 0.0
57854.6052315 69.8407853637 0.0 69.8407853637 0.0
57854.6052431 69.8277091356 0.0 69.8277091356 0.0
57854.6052546 69.8459727799 0.0 69.8459727799 0.0
57854.6052662 69.876120433 0.0 69.876120433 0.0
57854.6052778 69.8439745791 0.0 69.8439745791 0.0
57854.6052894 69.7525105223 0.0 69.7525105223 0.0
57854.6053009 69.7380612478 0.0 69.7380612478 0.0
57854.6053125 69.7116675032 0.0 69.7116675032 0.0
57854.6053241 69.7819173815 0.0 69.7819173815 0.0
57854.6053356 69.7826396738 0.0 69.7826396738 0.0
57854.6053472 69.8522623492 0.0 69.8522623492 0.0
57854.6053588 69.7491078538 0.0 69.7491078538 0.0
57854.6053704 69.8176652529 0.0 69.8176652529 0.0
57854.6053819 69.853978197 0.0 69.853978197 0.0
57854.6053935 69.8720238311 0.0 69.8720238311 0.0
57854.6054051 69.7747448377 0.0 69.7747448377 0.0
57854.6054167 69.8127799849 0.0 69.8127799849 0.0
57854.6054282 69.8837844114 0.0 69.8837844114 0.0
57854.6054398 69.9325290478 0.0 69.9325290478 0.0
57854.6054514 69.8235899873 0.0 69.8235899873 0.0
57854.605463 69.8309541955 0.0 69.8309541955 0.0
57854.6054745 69.8571873854 0.0 69.8571873854 0.0
57854.6054861 69.9164186139 0.0 69.9164186139 0.0
57854.6054977 69.9771627758 0.0 69.9771627758 0.0
57854.6055093 69.9720973625 0.0 69.9720973625 0.0
57854.6055208 69.9585467315 0.0 69.9585467315 0.0
57854.6055324 69.957558785 0.0 69.957558785 0.0
57854.605544 69.9766521827 0.0 69.9766521827 0.0
57854.6055556 69.9924327541 0.0 69.9924327541 0.0
57854.6055671 70.021650361 0.0 70.021650361 0.0
57854.6055787 70.0041739223 0.0 70.0041739223 0.0
57854.6055903 70.0277692815 0.0 70.0277692815 0.0
57854.6056019 70.0946661322 0.0 70.0946661322 0.0
57854.6056134 70.1314784786 0.0 70.1314784786 0.0
57854.605625 70.1283478458 0.0 70.1283478458 0.0
57854.6056366 70.0521076689 0.0 70.0521076689 0.0
57854.6056481 70.0794166064 0.0 70.0794166064 0.0
57854.6056597 70.1038701342 0.0 70.1038701342 0.0
57854.6056713 70.0899467635 0.0 70.0899467635 0.0
57854.6056829 70.0905523016 0.0 70.0905523016 0.0
57854.6056944 70.0736696597 0.0 70.0736696597 0.0
57854.605706 70.0513761474 0.0 70.0513761474 0.0
57854.6057176 70.1002695898 0.0 70.1002695898 0.0
57854.6057292 70.1375340025 0.0 70.1375340025 0.0
57854.6057407 70.1595689058 0.0 70.1595689058 0.0
57854.6057523 70.088772471 0.0 70.088772471 0.0
57854.6057639 70.0831745396 0.0 70.0831745396 0.0
57854.6057755 70.179932625 0.0 70.179932625 0.0
57854.605787 70.2038724994 0.0 70.2038724994 0.0
57854.6057986 70.2270728957 0.0 70.2270728957 0.0
57854.6058102 70.2187624196 0.0 70.2187624196 0.0
57854.6058218 70.2328406696 0.0 70.2328406696 0.0
57854.6058333 70.2461768923 0.0 70.2461768923 0.0
57854.6058449 70.2872889667 0.0 70.2872889667 0.0
57854.6058565 70.2581655005 0.0 70.2581655005 0.0
57854.6058681 70.2813535793 0.0 70.2813535793 0.0
57854.6058796 70.2446349873 0.0 70.2446349873 0.0
57854.6058912 70.2668659428 0.0 70.2668659428 0.0
57854.6059028 70.2796158885 0.0 70.2796158885 0.0
57854.6059144 70.2747554223 0.0 70.2747554223 0.0
57854.6059259 70.2120725501 0.0 70.2120725501 0.0
57854.6059375 70.2448657806 0.0 70.2448657806 0.0
57854.6059491 70.2809593726 0.0 70.2809593726 0.0
57854.6059606 70.3242660566 0.0 70.3242660566 0.0
57854.6059722 70.3315849292 0.0 70.3315849292 0.0
57854.6059838 70.2999051062 0.0 70.2999051062 0.0
57854.6059954 70.2733653564 0.0 70.2733653564 0.0
57854.6060069 70.3399315624 0.0 70.3399315624 0.0
57854.6060185 70.3472392635 0.0 70.3472392635 0.0
57854.6060301 70.3296989519 0.0 70.3296989519 0.0
57854.6060417 70.3062616627 0.0 70.3062616627 0.0
57854.6060532 70.2796478175 0.0 70.2796478175 0.0
57854.6060648 70.306749322 0.0 70.306749322 0.0
57854.6060764 70.3802625037 0.0 70.3802625037 0.0
57854.606088 70.4094636651 0.0 70.4094636651 0.0
57854.6060995 70.3643007835 0.0 70.3643007835 0.0
57854.6061111 70.3532571103 0.0 70.3532571103 0.0
57854.6061227 70.3764666686 0.0 70.3764666686 0.0
57854.6061343 70.401804809 0.0 70.401804809 0.0
57854.6061458 70.4103329919 0.0 70.4103329919 0.0
57854.6061574 70.3171737471 0.0 70.3171737471 0.0
57854.606169 70.2850022116 0.0 70.2850022116 0.0
57854.6061806 70.2719028605 0.0 70.2719028605 0.0
57854.6061921 70.3327595358 0.0 70.3327595358 0.0
57854.6062037 70.3164845673 0.0 70.3164845673 0.0
57854.6062153 70.3179820958 0.0 70.3179820958 0.0
57854.6062269 70.3478094507 0.0 70.3478094507 0.0
57854.6062384 70.3898387614 0.0 70.3898387614 0.0
57854.60625 70.4202834358 0.0 70.4202834358 0.0
57854.6062616 70.41678739 0.0 70.41678739 0.0
57854.6062731 70.3427589802 0.0 70.3427589802 0.0
57854.6062847 70.3314067735 0.0 70.3314067735 0.0
57854.6062963 70.3616903088 0.0 70.3616903088 0.0
57854.6063079 70.4107572064 0.0 70.4107572064 0.0
57854.6063194 70.3555687357 0.0 70.3555687357 0.0
57854.606331 70.2755302816 0.0 70.2755302816 0.0
57854.6063426 70.2106956029 0.0 70.2106956029 0.0
57854.6063542 70.2086731682 0.0 70.2086731682 0.0
57854.6063657 70.3341418045 0.0 70.3341418045 0.0
57854.6063773 70.346028855 0.0 70.346028855 0.0
57854.6063889 70.2726838381 0.0 70.2726838381 0.0
57854.6064005 70.2864599814 0.0 70.2864599814 0.0
57854.606412 70.3471704481 0.0 70.3471704481 0.0
57854.6064236 70.3843805537 0.0 70.3843805537 0.0
57854.6064352 70.3821260545 0.0 70.3821260545 0.0
57854.6064468 70.3424861882 0.0 70.3424861882 0.0
57854.6064583 70.3359725713 0.0 70.3359725713 0.0
57854.6064699 70.3828550121 0.0 70.3828550121 0.0
57854.6064931 70.233801792 0.0 70.233801792 0.0
57854.6065046 70.2052775799 0.0 70.2052775799 0.0
57854.6065162 70.2615112652 0.0 70.2615112652 0.0
57854.6065278 70.2746792875 0.0 70.2746792875 0.0
57854.6065394 70.2615923015 0.0 70.2615923015 0.0
57854.6065509 70.1925699673 0.0 70.1925699673 0.0
57854.6065625 70.2690086288 0.0 70.2690086288 0.0
57854.6065741 70.316705694 0.0 70.316705694 0.0
57854.6065856 70.3812668009 0.0 70.3812668009 0.0
57854.6065972 70.4117999208 0.0 70.4117999208 0.0
57854.6066088 70.4013154683 0.0 70.4013154683 0.0
57854.6066204 70.4491884895 0.0 70.4491884895 0.0
57854.6066319 70.4796409735 0.0 70.4796409735 0.0
57854.6066435 70.4635124413 0.0 70.4635124413 0.0
57854.6066551 70.4559491843 0.0 70.4559491843 0.0
57854.6066667 70.4096935994 0.0 70.4096935994 0.0
57854.6066782 70.4163779066 0.0 70.4163779066 0.0
57854.6066898 70.3802317726 0.0 70.3802317726 0.0
57854.6067014 70.3678196217 0.0 70.3678196217 0.0
57854.606713 70.3086496186 0.0 70.3086496186 0.0
57854.6067245 70.239377216 0.0 70.239377216 0.0
57854.6067361 70.174345696 0.0 70.174345696 0.0
57854.6067477 70.1668834344 0.0 70.1668834344 0.0
57854.6067593 70.2187869659 0.0 70.2187869659 0.0
57854.6067708 70.1845591849 0.0 70.1845591849 0.0
57854.6067824 70.0883667425 0.0 70.0883667425 0.0
57854.606794 70.1524278356 0.0 70.1524278356 0.0
57854.6068056 70.2210280655 0.0 70.2210280655 0.0
57854.6068171 70.2562268485 0.0 70.2562268485 0.0
57854.6068287 70.1062019122 0.0 70.1062019122 0.0
57854.6068403 70.0208578065 0.0 70.0208578065 0.0
57854.6068519 70.032170963 0.0 70.032170963 0.0
57854.6068634 70.0677294003 0.0 70.0677294003 0.0
57854.606875 70.0889060798 0.0 70.0889060798 0.0
57854.6068866 70.0578007251 0.0 70.0578007251 0.0
57854.6068981 70.0434927078 0.0 70.0434927078 0.0
57854.6069097 70.0424230862 0.0 70.0424230862 0.0
57854.6069213 70.0791714752 0.0 70.0791714752 0.0
57854.6285185 71.2792247657 0.0 71.2792247657 0.0
57854.6285301 71.3064978043 0.0 71.3064978043 0.0
57854.6285417 71.2234868182 0.0 71.2234868182 0.0
57854.6285532 71.1800538926 0.0 71.1800538926 0.0
57854.6285648 71.1783067416 0.0 71.1783067416 0.0
57854.6285764 71.2384892828 0.0 71.2384892828 0.0
57854.628588 71.2097961089 0.0 71.2097961089 0.0
57854.6285995 71.1870365963 0.0 71.1870365963 0.0
57854.6286111 71.1082260999 0.0 71.1082260999 0.0
57854.6286227 71.1484125789 0.0 71.1484125789 0.0
57854.6286343 71.1940321958 0.0 71.1940321958 0.0
57854.6286458 71.1422413075 0.0 71.1422413075 0.0
57854.6286574 71.0464521674 0.0 71.0464521674 0.0
57854.628669 71.1096831096 0.0 71.1096831096 0.0
57854.6286806 71.1142055539 0.0 71.1142055539 0.0
57854.6286921 71.1479870901 0.0 71.1479870901 0.0
57854.6287037 71.1625303991 0.0 71.1625303991 0.0
57854.6287153 71.0854288152 0.0 71.0854288152 0.0
57854.6287269 71.0376477583 0.0 71.0376477583 0.0
57854.6287384 71.0948424378 0.0 71.0948424378 0.0
57854.62875 71.131480012 0.0 71.131480012 0.0
57854.6287616 71.0704144637 0.0 71.0704144637 0.0
57854.6287731 71.0444570122 0.0 71.0444570122 0.0
57854.6287847 71.0596930672 0.0 71.0596930672 0.0
57854.6287963 71.0302268766 0.0 71.0302268766 0.0
57854.6288079 71.0280474294 0.0 71.0280474294 0.0
57854.6288194 71.0549983223 0.0 71.0549983223 0.0
57854.628831 71.0143857593 0.0 71.0143857593 0.0
57854.6288426 71.0458226359 0.0 71.0458226359 0.0
57854.6288542 71.1178539146 0.0 71.1178539146 0.0
57854.6288657 71.1981674857 0.0 71.1981674857 0.0
57854.6288773 71.1770088065 0.0 71.1770088065 0.0
57854.6288889 71.1230575837 0.0 71.1230575837 0.0
57854.6289005 71.0567829936 0.0 71.0567829936 0.0
57854.628912 71.1164166282 0.0 71.1164166282 0.0
57854.6289236 71.0972948602 0.0 71.0972948602 0.0
57854.6289352 71.078696129 0.0 71.078696129 0.0
57854.6289468 71.0666240408 0.0 71.0666240408 0.0
57854.6289583 71.10833522 0.0 71.10833522 0.0
57854.6289699 71.1655638801 0.0 71.1655638801 0.0
57854.6289815 71.2299262806 0.0 71.2299262806 0.0
57854.6289931 71.034198077 0.0 71.034198077 0.0
57854.6290046 70.9794885711 0.0 70.9794885711 0.0
57854.6290162 71.0277228085 0.0 71.0277228085 0.0
57854.6290278 71.1877662902 0.0 71.1877662902 0.0
57854.6290394 71.2308673433 0.0 71.2308673433 0.0
57854.6290509 71.2245134795 0.0 71.2245134795 0.0
57854.6290625 71.1966372101 0.0 71.1966372101 0.0
57854.6290741 71.2355355417 0.0 71.2355355417 0.0
57854.6290856 71.2825412597 0.0 71.2825412597 0.0
57854.6290972 71.3078247499 0.0 71.3078247499 0.0
57854.6291088 71.3629855818 0.0 71.3629855818 0.0
57854.6291204 71.3223191719 0.0 71.3223191719 0.0
57854.6291319 71.3432226678 0.0 71.3432226678 0.0
57854.6291435 71.375218941 0.0 71.375218941 0.0
57854.6291551 71.4251413418 0.0 71.4251413418 0.0
57854.6291782 71.3427640366 0.0 71.3427640366 0.0
57854.6291898 71.3989452319 0.0 71.3989452319 0.0
57854.6292014 71.4146829693 0.0 71.4146829693 0.0
57854.629213 71.4568378452 0.0 71.4568378452 0.0
57854.6292245 71.4724602592 0.0 71.4724602592 0.0
57854.6292361 71.432128712 0.0 71.432128712 0.0
57854.6292477 71.4930230053 0.0 71.4930230053 0.0
57854.6292593 71.4802275776 0.0 71.4802275776 0.0
57854.6292708 71.520025751 0.0 71.520025751 0.0
57854.6292824 71.4993117881 0.0 71.4993117881 0.0
57854.629294 71.4946810544 0.0 71.4946810544 0.0
57854.6293056 71.4846995672 0.0 71.4846995672 0.0
57854.6293171 71.5553881285 0.0 71.5553881285 0.0
57854.6293287 71.5777931239 0.0 71.5777931239 0.0
57854.6293403 71.5957010654 0.0 71.5957010654 0.0
57854.6293519 71.5669599666 0.0 71.5669599666 0.0
57854.6293634 71.5923641851 0.0 71.5923641851 0.0
57854.629375 71.63657385 0.0 71.63657385 0.0
57854.6293866 71.6786282344 0.0 71.6786282344 0.0
57854.6293981 71.6506835055 0.0 71.6506835055 0.0
57854.6294097 71.6004174967 0.0 71.6004174967 0.0
57854.6294213 71.6214391769 0.0 71.6214391769 0.0
57854.6294329 71.6231691645 0.0 71.6231691645 0.0
57854.6294444 71.6742846951 0.0 71.6742846951 0.0
57854.629456 71.6474856566 0.0 71.6474856566 0.0
57854.6294676 71.5792221024 0.0 71.5792221024 0.0
57854.6294792 71.5699870526 0.0 71.5699870526 0.0
57854.6294907 71.5999838498 0.0 71.5999838498 0.0
57854.6295023 71.6533652898 0.0 71.6533652898 0.0
57854.6295139 71.6151538917 0.0 71.6151538917 0.0
57854.6295255 71.4793401734 0.0 71.4793401734 0.0
57854.629537 71.4530738487 0.0 71.4530738487 0.0
57854.6295486 71.5051664885 0.0 71.5051664885 0.0
57854.6295602 71.5145897554 0.0 71.5145897554 0.0
57854.6295718 71.49130897 0.0 71.49130897 0.0
57854.6295833 71.5376020081 0.0 71.5376020081 0.0
57854.6295949 71.6736100481 0.0 71.6736100481 0.0
57854.6296065 71.7032539469 0.0 71.7032539469 0.0
57854.6296181 71.7980234414 0.0 71.7980234414 0.0
57854.6296296 71.7363606165 0.0 71.7363606165 0.0
57854.6296412 71.7211895131 0.0 71.7211895131 0.0
57854.6296528 71.7586854135 0.0 71.7586854135 0.0
57854.6296644 71.7543446068 0.0 71.7543446068 0.0
57854.6296759 71.7575196922 0.0 71.7575196922 0.0
57854.6296875 71.7477913226 0.0 71.7477913226 0.0
57854.6296991 71.7643931522 0.0 71.7643931522 0.0
57854.6297106 71.7429805319 0.0 71.7429805319 0.0
57854.6297222 71.7493787476 0.0 71.7493787476 0.0
57854.6297338 71.7875245313 0.0 71.7875245313 0.0
57854.6297454 71.8008627956 0.0 71.8008627956 0.0
57854.6297569 71.7583609073 0.0 71.7583609073 0.0
57854.6297685 71.7671504086 0.0 71.7671504086 0.0
57854.6297801 71.8403262676 0.0 71.8403262676 0.0
57854.6297917 71.8087744604 0.0 71.8087744604 0.0
57854.6298032 71.8091503302 0.0 71.8091503302 0.0
57854.6298148 71.7715442035 0.0 71.7715442035 0.0
57854.6298264 71.7919354611 0.0 71.7919354611 0.0
57854.629838 71.8581517495 0.0 71.8581517495 0.0
57854.6298495 71.8938848503 0.0 71.8938848503 0.0
57854.6298727 71.8121073886 0.0 71.8121073886 0.0
57854.6298843 71.816016136 0.0 71.816016136 0.0
57854.6298958 71.9145301188 0.0 71.9145301188 0.0
57854.6299074 71.914568871 0.0 71.914568871 0.0
57854.629919 71.9532099033 0.0 71.9532099033 0.0
57854.6299306 71.9112449862 0.0 71.9112449862 0.0
57854.6299421 71.9769296537 0.0 71.9769296537 0.0
57854.6299537 71.9998168374 0.0 71.9998168374 0.0
57854.6299653 72.0801335684 0.0 72.0801335684 0.0
57854.6299769 72.1164145006 0.0 72.1164145006 0.0
57854.6299884 72.0789865834 0.0 72.0789865834 0.0
57854.63 72.1048145177 0.0 72.1048145177 0.0
57854.6300116 72.1278204192 0.0 72.1278204192 0.0
57854.6300231 72.1572263641 0.0 72.1572263641 0.0
57854.6300347 72.1569456573 0.0 72.1569456573 0.0
57854.6300463 72.0612826388 0.0 72.0612826388 0.0
57854.6300579 72.0609383574 0.0 72.0609383574 0.0
57854.6300694 72.0677077756 0.0 72.0677077756 0.0
57854.630081 72.1045915749 0.0 72.1045915749 0.0
57854.6300926 72.0315486837 0.0 72.0315486837 0.0
57854.6301042 71.9861226696 0.0 71.9861226696 0.0
57854.6301157 71.9583298348 0.0 71.9583298348 0.0
57854.6301273 72.0249456952 0.0 72.0249456952 0.0
57854.6301389 72.0862431167 0.0 72.0862431167 0.0
57854.6301505 72.031303379 0.0 72.031303379 0.0
57854.630162 72.0046701791 0.0 72.0046701791 0.0
57854.6301736 72.0086015736 0.0 72.0086015736 0.0
57854.6301852 72.0242786627 0.0 72.0242786627 0.0
57854.6301968 72.0569522932 0.0 72.0569522932 0.0
57854.6302083 71.9945984169 0.0 71.9945984169 0.0
57854.6302199 71.9709969922 0.0 71.9709969922 0.0
57854.6302315 71.958890117 0.0 71.958890117 0.0
57854.6302431 72.0089193953 0.0 72.0089193953 0.0
57854.6302546 71.9779240942 0.0 71.9779240942 0.0
57854.6302662 71.9599781741 0.0 71.9599781741 0.0
57854.6302778 71.8347990098 0.0 71.8347990098 0.0
57854.6302894 71.842276183 0.0 71.842276183 0.0
57854.6303009 71.8958658189 0.0 71.8958658189 0.0
57854.6303125 71.8732114085 0.0 71.8732114085 0.0
57854.6303241 71.904356313 0.0 71.904356313 0.0
57854.6303356 71.8046087702 0.0 71.8046087702 0.0
57854.6303472 71.7284447516 0.0 71.7284447516 0.0
57854.6303588 71.7855369929 0.0 71.7855369929 0.0
57854.6303704 71.8362017174 0.0 71.8362017174 0.0
57854.6303819 71.8308508007 0.0 71.8308508007 0.0
57854.6303935 71.7902287464 0.0 71.7902287464 0.0
57854.6304051 71.7181740353 0.0 71.7181740353 0.0
57854.6304167 71.7757347173 0.0 71.7757347173 0.0
57854.6304282 71.8529857892 0.0 71.8529857892 0.0
57854.6304398 71.805927387 0.0 71.805927387 0.0
57854.6304514 71.7602355693 0.0 71.7602355693 0.0
57854.630463 71.7538628614 0.0 71.7538628614 0.0
57854.6304745 71.7387015577 0.0 71.7387015577 0.0
57854.6304861 71.7637403589 0.0 71.7637403589 0.0
57854.6304977 71.7161741641 0.0 71.7161741641 0.0
57854.6305093 71.6945337203 0.0 71.6945337203 0.0
57854.6305208 71.634720221 0.0 71.634720221 0.0
57854.6305324 71.6695148774 0.0 71.6695148774 0.0
57854.630544 71.7061828977 0.0 71.7061828977 0.0
57854.6333796 71.4895122508 0.0 71.4895122508 0.0
57854.6333912 71.5389000126 0.0 71.5389000126 0.0
57854.6334028 71.5132866487 0.0 71.5132866487 0.0
57854.6334144 71.5088784958 0.0 71.5088784958 0.0
57854.6334259 71.5803059035 0.0 71.5803059035 0.0
57854.6334375 71.594082284 0.0 71.594082284 0.0
57854.6334491 71.5737514219 0.0 71.5737514219 0.0
57854.6334606 71.4986759218 0.0 71.4986759218 0.0
57854.6334722 71.5417481426 0.0 71.5417481426 0.0
57854.6334838 71.5130382969 0.0 71.5130382969 0.0
57854.6334954 71.5557378297 0.0 71.5557378297 0.0
57854.6335069 71.5660195525 0.0 71.5660195525 0.0
57854.6335185 71.5117828879 0.0 71.5117828879 0.0
57854.6335301 71.5259745252 0.0 71.5259745252 0.0
57854.6335417 71.4849959049 0.0 71.4849959049 0.0
57854.6335532 71.5805159026 0.0 71.5805159026 0.0
57854.6335648 71.5256280304 0.0 71.5256280304 0.0
57854.6335764 71.5425952689 0.0 71.5425952689 0.0
57854.633588 71.5646094177 0.0 71.5646094177 0.0
57854.6335995 71.621694225 0.0 71.621694225 0.0
57854.6336111 71.6883076782 0.0 71.6883076782 0.0
57854.6336227 71.6783031093 0.0 71.6783031093 0.0
57854.6336343 71.690696087 0.0 71.690696087 0.0
57854.6336458 71.7052529396 0.0 71.7052529396 0.0
57854.6336574 71.745098959 0.0 71.745098959 0.0
57854.633669 71.7845077669 0.0 71.7845077669 0.0
57854.6336806 71.7730878573 0.0 71.7730878573 0.0
57854.6336921 71.7510274541 0.0 71.7510274541 0.0
57854.6337037 71.7726234688 0.0 71.7726234688 0.0
57854.6337153 71.7563874275 0.0 71.7563874275 0.0
57854.6337269 71.7642001145 0.0 71.7642001145 0.0
57854.6337384 71.7628108154 0.0 71.7628108154 0.0
57854.63375 71.7443484316 0.0 71.7443484316 0.0
57854.6337616 71.7326606028 0.0 71.7326606028 0.0
57854.6337731 71.8088024904 0.0 71.8088024904 0.0
57854.6337847 71.8451056306 0.0 71.8451056306 0.0
57854.6337963 71.8751256119 0.0 71.8751256119 0.0
57854.6338079 71.7933587293 0.0 71.7933587293 0.0
57854.6338194 71.7995080488 0.0 71.7995080488 0.0
57854.633831 71.8663421009 0.0 71.8663421009 0.0
57854.6338426 71.8842190133 0.0 71.8842190133 0.0
57854.6338542 71.8864775372 0.0 71.8864775372 0.0
57854.6338657 71.8900162444 0.0 71.8900162444 0.0
57854.6338773 71.8962164548 0.0 71.8962164548 0.0
57854.6338889 71.9297447234 0.0 71.9297447234 0.0
57854.6339005 71.9954641043 0.0 71.9954641043 0.0
57854.633912 72.0169788366 0.0 72.0169788366 0.0
57854.6339236 71.9361881136 0.0 71.9361881136 0.0
57854.6339352 71.9386498566 0.0 71.9386498566 0.0
57854.6339468 71.975624547 0.0 71.975624547 0.0
57854.6339583 72.0110792889 0.0 72.0110792889 0.0
57854.6339699 72.0159878576 0.0 72.0159878576 0.0
57854.6339815 71.9596881687 0.0 71.9596881687 0.0
57854.6339931 72.0324726045 0.0 72.0324726045 0.0
57854.6340046 72.0440386635 0.0 72.0440386635 0.0
57854.6340162 72.0407403568 0.0 72.0407403568 0.0
57854.6340278 72.0547595481 0.0 72.0547595481 0.0
57854.6340394 72.0060723766 0.0 72.0060723766 0.0
57854.6340509 72.0443195615 0.0 72.0443195615 0.0
57854.6340625 72.1156036917 0.0 72.1156036917 0.0
57854.6340741 72.1511751707 0.0 72.1511751707 0.0
57854.6340856 72.2110698905 0.0 72.2110698905 0.0
57854.6340972 72.1856718339 0.0 72.1856718339 0.0
57854.6341088 72.1804509924 0.0 72.1804509924 0.0
57854.6341204 72.2423375924 0.0 72.2423375924 0.0
57854.6341319 72.2788748739 0.0 72.2788748739 0.0
57854.6341435 72.2517114669 0.0 72.2517114669 0.0
57854.6341551 72.1814873874 0.0 72.1814873874 0.0
57854.6341667 72.1968958334 0.0 72.1968958334 0.0
57854.6341782 72.2757388542 0.0 72.2757388542 0.0
57854.6341898 72.3181036337 0.0 72.3181036337 0.0
57854.6342014 72.3180548086 0.0 72.3180548086 0.0
57854.634213 72.2280789633 0.0 72.2280789633 0.0
57854.6342245 72.2022388434 0.0 72.2022388434 0.0
57854.6342361 72.2468411436 0.0 72.2468411436 0.0
57854.6342477 72.3163384333 0.0 72.3163384333 0.0
57854.6342593 72.2994154093 0.0 72.2994154093 0.0
57854.6342708 72.2810010673 0.0 72.2810010673 0.0
57854.6342824 72.2632633459 0.0 72.2632633459 0.0
57854.634294 72.3216366339 0.0 72.3216366339 0.0
57854.6343056 72.3751818514 0.0 72.3751818514 0.0
57854.6343171 72.3508044133 0.0 72.3508044133 0.0
57854.6343287 72.3356760004 0.0 72.3356760004 0.0
57854.6343403 72.3321775518 0.0 72.3321775518 0.0
57854.6343519 72.3624819789 0.0 72.3624819789 0.0
57854.6343634 72.3734093566 0.0 72.3734093566 0.0
57854.634375 72.3873772373 0.0 72.3873772373 0.0
57854.6343866 72.3071536461 0.0 72.3071536461 0.0
57854.6343981 72.3197724659 0.0 72.3197724659 0.0
57854.6344097 72.3310681915 0.0 72.3310681915 0.0
57854.6344213 72.3819314053 0.0 72.3819314053 0.0
57854.6344329 72.3256292532 0.0 72.3256292532 0.0
57854.6344444 72.2803102683 0.0 72.2803102683 0.0
57854.634456 72.3068644838 0.0 72.3068644838 0.0
57854.6344676 72.3257031226 0.0 72.3257031226 0.0
57854.6344792 72.3833307308 0.0 72.3833307308 0.0
57854.6344907 72.3711045351 0.0 72.3711045351 0.0
57854.6345023 72.4215274124 0.0 72.4215274124 0.0
57854.6345139 72.4371416852 0.0 72.4371416852 0.0
57854.6345255 72.5085219048 0.0 72.5085219048 0.0
57854.634537 72.5626216928 0.0 72.5626216928 0.0
57854.6345486 72.5869743462 0.0 72.5869743462 0.0
57854.6345602 72.5479849183 0.0 72.5479849183 0.0
57854.6345718 72.5594765394 0.0 72.5594765394 0.0
57854.6345833 72.5839464073 0.0 72.5839464073 0.0
57854.6345949 72.6280880801 0.0 72.6280880801 0.0
57854.6346065 72.5740623245 0.0 72.5740623245 0.0
57854.6346181 72.5337556121 0.0 72.5337556121 0.0
57854.6346296 72.53089369 0.0 72.53089369 0.0
57854.6346412 72.5682458219 0.0 72.5682458219 0.0
57854.6346528 72.6419091562 0.0 72.6419091562 0.0
57854.6346644 72.6101590317 0.0 72.6101590317 0.0
57854.6346759 72.5332825924 0.0 72.5332825924 0.0
57854.6346875 72.5271573834 0.0 72.5271573834 0.0
57854.6346991 72.5568523093 0.0 72.5568523093 0.0
57854.6347106 72.5500429443 0.0 72.5500429443 0.0
57854.6347222 72.543693321 0.0 72.543693321 0.0
57854.6347338 72.5022351956 0.0 72.5022351956 0.0
57854.6347454 72.4799828535 0.0 72.4799828535 0.0
57854.6347569 72.5161186776 0.0 72.5161186776 0.0
57854.6347685 72.5213123212 0.0 72.5213123212 0.0
57854.6347801 72.4809070592 0.0 72.4809070592 0.0
57854.6347917 72.4605539918 0.0 72.4605539918 0.0
57854.6348032 72.4453859968 0.0 72.4453859968 0.0
57854.6348148 72.4704854868 0.0 72.4704854868 0.0
57854.6348264 72.4784717898 0.0 72.4784717898 0.0
57854.634838 72.4487593835 0.0 72.4487593835 0.0
57854.6348495 72.3549297258 0.0 72.3549297258 0.0
57854.6348611 72.3315164417 0.0 72.3315164417 0.0
57854.6348727 72.3768854809 0.0 72.3768854809 0.0
57854.6348843 72.382403691 0.0 72.382403691 0.0
57854.6348958 72.414592158 0.0 72.414592158 0.0
57854.6349074 72.3951625359 0.0 72.3951625359 0.0
57854.634919 72.4102400175 0.0 72.4102400175 0.0
57854.6349306 72.4387686813 0.0 72.4387686813 0.0
57854.6349421 72.4616046437 0.0 72.4616046437 0.0
57854.6349537 72.3976646377 0.0 72.3976646377 0.0
57854.6349653 72.3534356262 0.0 72.3534356262 0.0
57854.6349769 72.3150226912 0.0 72.3150226912 0.0
57854.6349884 72.3036199172 0.0 72.3036199172 0.0
57854.635 72.3421899095 0.0 72.3421899095 0.0
57854.6350116 72.3548044861 0.0 72.3548044861 0.0
57854.6350231 72.3082289364 0.0 72.3082289364 0.0
57854.6350347 72.2739631557 0.0 72.2739631557 0.0
57854.6350463 72.2646034172 0.0 72.2646034172 0.0
57854.6350579 72.283004662 0.0 72.283004662 0.0
57854.6350694 72.2357740373 0.0 72.2357740373 0.0
57854.635081 72.187902278 0.0 72.187902278 0.0
57854.6350926 72.1895563901 0.0 72.1895563901 0.0
57854.6351042 72.2676464853 0.0 72.2676464853 0.0
57854.6351157 72.3230551282 0.0 72.3230551282 0.0
57854.6351273 72.3300677748 0.0 72.3300677748 0.0
57854.6351389 72.2942423225 0.0 72.2942423225 0.0
57854.6351505 72.2849607407 0.0 72.2849607407 0.0
57854.635162 72.292871807 0.0 72.292871807 0.0
57854.6351736 72.3505414211 0.0 72.3505414211 0.0
57854.6351852 72.3402765132 0.0 72.3402765132 0.0
57854.6351968 72.267901747 0.0 72.267901747 0.0
57854.6352083 72.276004148 0.0 72.276004148 0.0
57854.6352199 72.2999336092 0.0 72.2999336092 0.0
57854.6352315 72.3106749843 0.0 72.3106749843 0.0
57854.6352431 72.3050394018 0.0 72.3050394018 0.0
57854.6352546 72.2965565973 0.0 72.2965565973 0.0
57854.6352662 72.3339242562 0.0 72.3339242562 0.0
57854.6352778 72.3558314567 0.0 72.3558314567 0.0
57854.6352894 72.3910944082 0.0 72.3910944082 0.0
57854.6353009 72.4315827777 0.0 72.4315827777 0.0
57854.6353125 72.385926489 0.0 72.385926489 0.0
57854.6353241 72.4379739818 0.0 72.4379739818 0.0
57854.6353356 72.4530706187 0.0 72.4530706187 0.0
57854.6353472 72.4467536397 0.0 72.4467536397 0.0
57854.6353588 72.4500079798 0.0 72.4500079798 0.0
57854.6353704 72.4088904297 0.0 72.4088904297 0.0
57854.6353819 72.3722556864 0.0 72.3722556864 0.0
57854.6353935 72.4095871505 0.0 72.4095871505 0.0
57854.6354051 72.4538516509 0.0 72.4538516509 0.0
57854.6375463 73.849566972 0.0 73.849566972 0.0
57854.6375579 73.8669774994 0.0 73.8669774994 0.0
57854.6375694 73.8138347912 0.0 73.8138347912 0.0
57854.637581 73.7494600941 0.0 73.7494600941 0.0
57854.6375926 73.7788394393 0.0 73.7788394393 0.0
57854.6376042 73.7371639947 0.0 73.7371639947 0.0
57854.6376157 73.7734405525 0.0 73.7734405525 0.0
57854.6376273 73.7095455212 0.0 73.7095455212 0.0
57854.6376389 73.6755689849 0.0 73.6755689849 0.0
57854.6376505 73.6466671954 0.0 73.6466671954 0.0
57854.637662 73.6452428388 0.0 73.6452428388 0.0
57854.6376736 73.6617410416 0.0 73.6617410416 0.0
57854.6376852 73.5664528128 0.0 73.5664528128 0.0
57854.6376968 73.4841933524 0.0 73.4841933524 0.0
57854.6377083 73.4343942096 0.0 73.4343942096 0.0
57854.6377199 73.4217993556 0.0 73.4217993556 0.0
57854.6377315 73.4369440339 0.0 73.4369440339 0.0
57854.6377431 73.3843805069 0.0 73.3843805069 0.0
57854.6377546 73.2386903346 0.0 73.2386903346 0.0
57854.6377662 73.2591527837 0.0 73.2591527837 0.0
57854.6377778 73.3442871571 0.0 73.3442871571 0.0
57854.6377894 73.3712568035 0.0 73.3712568035 0.0
57854.6378009 73.3528091933 0.0 73.3528091933 0.0
57854.6378125 73.2334445809 0.0 73.2334445809 0.0
57854.6378241 73.2524848777 0.0 73.2524848777 0.0
57854.6378356 73.2449982598 0.0 73.2449982598 0.0
57854.6378472 73.2171668759 0.0 73.2171668759 0.0
57854.6378588 73.1946513497 0.0 73.1946513497 0.0
57854.6378704 73.1345343338 0.0 73.1345343338 0.0
57854.6378819 73.0465619231 0.0 73.0465619231 0.0
57854.6378935 73.0251861641 0.0 73.0251861641 0.0
57854.6379051 73.0450253741 0.0 73.0450253741 0.0
57854.6379167 73.0800251658 0.0 73.0800251658 0.0
57854.6379282 72.9431682856 0.0 72.9431682856 0.0
57854.6379398 73.0006463496 0.0 73.0006463496 0.0
57854.6379514 72.9860596061 0.0 72.9860596061 0.0
57854.637963 72.9595004841 0.0 72.9595004841 0.0
57854.6379745 73.0071593399 0.0 73.0071593399 0.0
57854.6379861 72.9331175259 0.0 72.9331175259 0.0
57854.6379977 72.9574485673 0.0 72.9574485673 0.0
57854.6380093 72.9789807439 0.0 72.9789807439 0.0
57854.6380208 73.0387015603 0.0 73.0387015603 0.0
57854.6380324 73.0426348152 0.0 73.0426348152 0.0
57854.638044 72.9320842825 0.0 72.9320842825 0.0
57854.6380671 73.0435632785 0.0 73.0435632785 0.0
57854.6380787 73.0477894138 0.0 73.0477894138 0.0
57854.6381019 73.0738984308 0.0 73.0738984308 0.0
57854.6381134 73.0235049135 0.0 73.0235049135 0.0
57854.638125 73.0363855817 0.0 73.0363855817 0.0
57854.6381366 73.0843021231 0.0 73.0843021231 0.0
57854.6381481 73.1486157309 0.0 73.1486157309 0.0
57854.6381597 73.1063474365 0.0 73.1063474365 0.0
57854.6381713 73.1064799812 0.0 73.1064799812 0.0
57854.6381829 73.0353878106 0.0 73.0353878106 0.0
57854.6381944 73.1381318327 0.0 73.1381318327 0.0
57854.638206 73.1279672572 0.0 73.1279672572 0.0
57854.6382176 72.995451405 0.0 72.995451405 0.0
57854.6382292 73.0228225838 0.0 73.0228225838 0.0
57854.6382407 72.9845895804 0.0 72.9845895804 0.0
57854.6382523 73.0537668737 0.0 73.0537668737 0.0
57854.6382639 73.0300963914 0.0 73.0300963914 0.0
57854.6382755 73.0082539186 0.0 73.0082539186 0.0
57854.638287 72.98149201 0.0 72.98149201 0.0
57854.6382986 72.9049404069 0.0 72.9049404069 0.0
57854.6383102 73.0098541948 0.0 73.0098541948 0.0
57854.6383218 72.9946671441 0.0 72.9946671441 0.0
57854.6383333 72.9239044096 0.0 72.9239044096 0.0
57854.6383449 72.9460755901 0.0 72.9460755901 0.0
57854.6383565 73.0018001193 0.0 73.0018001193 0.0
57854.6383681 73.078488082 0.0 73.078488082 0.0
57854.6383796 73.1120041003 0.0 73.1120041003 0.0
57854.6383912 73.0662288895 0.0 73.0662288895 0.0
57854.6384028 73.0899928285 0.0 73.0899928285 0.0
57854.6384144 73.1021035794 0.0 73.1021035794 0.0
57854.6384259 73.1240292468 0.0 73.1240292468 0.0
57854.6384375 73.1588153315 0.0 73.1588153315 0.0
57854.6384491 73.163549244 0.0 73.163549244 0.0
57854.6384606 73.151896762 0.0 73.151896762 0.0
57854.6384722 73.1981664461 0.0 73.1981664461 0.0
57854.6384838 73.2628472615 0.0 73.2628472615 0.0
57854.6384954 73.2597293253 0.0 73.2597293253 0.0
57854.6385069 73.1994893788 0.0 73.1994893788 0.0
57854.6385185 73.1537280253 0.0 73.1537280253 0.0
57854.6385301 73.1604357987 0.0 73.1604357987 0.0
57854.6385417 73.2005520342 0.0 73.2005520342 0.0
57854.6385532 73.1884768679 0.0 73.1884768679 0.0
57854.6385648 73.1269003548 0.0 73.1269003548 0.0
57854.6385764 73.0521810065 0.0 73.0521810065 0.0
57854.638588 73.0568730791 0.0 73.0568730791 0.0
57854.6385995 73.1151450117 0.0 73.1151450117 0.0
57854.6386111 73.1471356412 0.0 73.1471356412 0.0
57854.6386227 73.1643626718 0.0 73.1643626718 0.0
57854.6386343 73.2023349464 0.0 73.2023349464 0.0
57854.6386458 73.225254195 0.0 73.225254195 0.0
57854.6386574 73.2856836128 0.0 73.2856836128 0.0
57854.638669 73.3109656188 0.0 73.3109656188 0.0
57854.6386806 73.3522434808 0.0 73.3522434808 0.0
57854.6386921 73.3255676675 0.0 73.3255676675 0.0
57854.6387037 73.3816902983 0.0 73.3816902983 0.0
57854.6387153 73.3842526412 0.0 73.3842526412 0.0
57854.6387269 73.4543677577 0.0 73.4543677577 0.0
57854.6387384 73.4034230207 0.0 73.4034230207 0.0
57854.63875 73.4484425237 0.0 73.4484425237 0.0
57854.6387616 73.4698293226 0.0 73.4698293226 0.0
57854.6387731 73.4777733076 0.0 73.4777733076 0.0
57854.6387847 73.4478053011 0.0 73.4478053011 0.0
57854.6387963 73.4365956933 0.0 73.4365956933 0.0
57854.6388079 73.4271453792 0.0 73.4271453792 0.0
57854.6388194 73.4435361461 0.0 73.4435361461 0.0
57854.638831 73.5506889415 0.0 73.5506889415 0.0
57854.6388426 73.613955542 0.0 73.613955542 0.0
57854.6388542 73.5842097963 0.0 73.5842097963 0.0
57854.6388657 73.6462546122 0.0 73.6462546122 0.0
57854.6388773 73.6409165816 0.0 73.6409165816 0.0
57854.6388889 73.7061728528 0.0 73.7061728528 0.0
57854.6389005 73.7148226225 0.0 73.7148226225 0.0
57854.638912 73.6717124495 0.0 73.6717124495 0.0
57854.6389236 73.7081087879 0.0 73.7081087879 0.0
57854.6389352 73.7023265056 0.0 73.7023265056 0.0
57854.6389468 73.7193644167 0.0 73.7193644167 0.0
57854.6389583 73.7357852943 0.0 73.7357852943 0.0
57854.6389699 73.7163763362 0.0 73.7163763362 0.0
57854.6389815 73.729413036 0.0 73.729413036 0.0
57854.6389931 73.6851621135 0.0 73.6851621135 0.0
57854.6390046 73.7549414967 0.0 73.7549414967 0.0
57854.6390162 73.7088531934 0.0 73.7088531934 0.0
57854.6390278 73.6461162385 0.0 73.6461162385 0.0
57854.6390394 73.6662929934 0.0 73.6662929934 0.0
57854.6390509 73.6848382629 0.0 73.6848382629 0.0
57854.6390625 73.7119197993 0.0 73.7119197993 0.0
57854.6390741 73.7252442989 0.0 73.7252442989 0.0
57854.6390856 73.6608687678 0.0 73.6608687678 0.0
57854.6390972 73.6463764827 0.0 73.6463764827 0.0
57854.6391088 73.6879612445 0.0 73.6879612445 0.0
57854.6391204 73.6821217716 0.0 73.6821217716 0.0
57854.6391319 73.7111321778 0.0 73.7111321778 0.0
57854.6391435 73.6261151128 0.0 73.6261151128 0.0
57854.6391551 73.5832342052 0.0 73.5832342052 0.0
57854.6391667 73.5739469262 0.0 73.5739469262 0.0
57854.6391782 73.6440914359 0.0 73.6440914359 0.0
57854.6391898 73.650314509 0.0 73.650314509 0.0
57854.6392014 73.6120811698 0.0 73.6120811698 0.0
57854.639213 73.6200700341 0.0 73.6200700341 0.0
57854.6392245 73.5839319612 0.0 73.5839319612 0.0
57854.6392361 73.6357299028 0.0 73.6357299028 0.0
57854.6392477 73.670847703 0.0 73.670847703 0.0
57854.6392593 73.5837175593 0.0 73.5837175593 0.0
57854.6392708 73.5720352877 0.0 73.5720352877 0.0
57854.6392824 73.5665238443 0.0 73.5665238443 0.0
57854.639294 73.6078198708 0.0 73.6078198708 0.0
57854.6393056 73.6339947262 0.0 73.6339947262 0.0
57854.6393171 73.5424370652 0.0 73.5424370652 0.0
57854.6393287 73.5775343648 0.0 73.5775343648 0.0
57854.6393403 73.6064468544 0.0 73.6064468544 0.0
57854.6393519 73.6339985341 0.0 73.6339985341 0.0
57854.6393634 73.6905623259 0.0 73.6905623259 0.0
57854.639375 73.6453900975 0.0 73.6453900975 0.0
57854.6393866 73.5990212353 0.0 73.5990212353 0.0
57854.6393981 73.6060674384 0.0 73.6060674384 0.0
57854.6394097 73.6115164543 0.0 73.6115164543 0.0
57854.6394213 73.6371693491 0.0 73.6371693491 0.0
57854.6394329 73.642065407 0.0 73.642065407 0.0
57854.6394444 73.603127333 0.0 73.603127333 0.0
57854.639456 73.6167043497 0.0 73.6167043497 0.0
57854.6394676 73.6516640379 0.0 73.6516640379 0.0
57854.6394792 73.5982764214 0.0 73.5982764214 0.0
57854.6394907 73.4653070337 0.0 73.4653070337 0.0
57854.6395023 73.4612981008 0.0 73.4612981008 0.0
57854.6395139 73.5135376772 0.0 73.5135376772 0.0
57854.6395255 73.5993447935 0.0 73.5993447935 0.0
57854.639537 73.5816319231 0.0 73.5816319231 0.0
57854.6395486 73.5107690303 0.0 73.5107690303 0.0
57854.6395602 73.5194479429 0.0 73.5194479429 0.0
57854.6395718 73.4905403199 0.0 73.4905403199 0.0
57854.6395833 73.5354602416 0.0 73.5354602416 0.0
57854.6395949 73.5666189758 0.0 73.5666189758 0.0
57854.6396065 73.576434524 0.0 73.576434524 0.0
57854.6396181 73.6526746101 0.0 73.6526746101 0.0
57854.6396296 73.6713708673 0.0 73.6713708673 0.0
57854.6396412 73.6855583556 0.0 73.6855583556 0.0
57854.6396528 73.6370969955 0.0 73.6370969955 0.0
57854.6396644 73.5197446068 0.0 73.5197446068 0.0
57854.6396759 73.553778348 0.0 73.553778348 0.0
57854.6396875 73.5921239993 0.0 73.5921239993 0.0
57854.6396991 73.6257419643 0.0 73.6257419643 0.0
57854.6397106 73.6553356659 0.0 73.6553356659 0.0
57854.6397222 73.6394897724 0.0 73.6394897724 0.0
57854.6397338 73.6088718533 0.0 73.6088718533 0.0
57854.6397454 73.6498612849 0.0 73.6498612849 0.0
57854.6397569 73.7230081728 0.0 73.7230081728 0.0
57854.6397685 73.7400942763 0.0 73.7400942763 0.0
57854.6397801 73.6694610774 0.0 73.6694610774 0.0
57854.6397917 73.6485714488 0.0 73.6485714488 0.0
57854.6398032 73.7489733538 0.0 73.7489733538 0.0
57854.6398148 73.7876344237 0.0 73.7876344237 0.0
57854.6398264 73.7944314541 0.0 73.7944314541 0.0
57854.639838 73.7513753082 0.0 73.7513753082 0.0
57854.6398495 73.7320991162 0.0 73.7320991162 0.0
57854.6398611 73.7811506181 0.0 73.7811506181 0.0
57854.6398727 73.7909782067 0.0 73.7909782067 0.0
57854.6398843 73.7513854753 0.0 73.7513854753 0.0
57854.6398958 73.7130555103 0.0 73.7130555103 0.0
57854.6399074 73.7118804181 0.0 73.7118804181 0.0
57854.639919 73.6740121295 0.0 73.6740121295 0.0
57854.6399306 73.7121433834 0.0 73.7121433834 0.0
57854.6399421 73.6878939323 0.0 73.6878939323 0.0
57854.6399537 73.6592969177 0.0 73.6592969177 0.0
57854.6399653 73.6727384733 0.0 73.6727384733 0.0
57854.6399769 73.7009851478 0.0 73.7009851478 0.0
57854.6399884 73.6842870844 0.0 73.6842870844 0.0
57854.64 73.712889091 0.0 73.712889091 0.0
57854.6400116 73.6279136074 0.0 73.6279136074 0.0
57854.6400231 73.6551490341 0.0 73.6551490341 0.0
57854.6400347 73.7144846962 0.0 73.7144846962 0.0
57854.6400463 73.5921189243 0.0 73.5921189243 0.0
57854.6400579 73.6496949763 0.0 73.6496949763 0.0
57854.6400694 73.6577263631 0.0 73.6577263631 0.0
57854.640081 73.6456731903 0.0 73.6456731903 0.0
57854.6400926 73.6624774653 0.0 73.6624774653 0.0
57854.6401042 73.704474496 0.0 73.704474496 0.0
57854.6401157 73.7958249947 0.0 73.7958249947 0.0
57854.6401273 73.7355451356 0.0 73.7355451356 0.0
57854.6401389 73.7008809902 0.0 73.7008809902 0.0
57854.6401505 73.7236040444 0.0 73.7236040444 0.0
57854.640162 73.7647460294 0.0 73.7647460294 0.0
57854.6401736 73.821819048 0.0 73.821819048 0.0
57854.6401852 73.6847684129 0.0 73.6847684129 0.0
57854.6401968 73.7349250462 0.0 73.7349250462 0.0
57854.6402083 73.7424375501 0.0 73.7424375501 0.0
57854.6402199 73.8351920887 0.0 73.8351920887 0.0
57854.6402315 73.8770965197 0.0 73.8770965197 0.0
57854.6402431 73.8116143769 0.0 73.8116143769 0.0
57854.6402546 73.811964095 0.0 73.811964095 0.0
57854.6402662 73.8833107355 0.0 73.8833107355 0.0
