57854.1976157 101.34901814 0.0 106.241570113 0.0
57854.1977315 99.2015479668 0.0 98.9516654382 0.0
57854.1978472 155.010144897 0.0 153.669347246 0.0
57854.1979167 115.82108824 0.0 119.730317706 0.0
57854.1979745 96.4958975346 0.0 101.494268764 0.0
57854.1980903 93.0274270256 0.0 94.4558563828 0.0
57854.198206 97.1228466582 0.0 98.8821882191 0.0
57854.1983333 132.819063481 0.0 113.405670643 0.0
57854.1984491 97.3055735146 0.0 93.3784344857 0.0
57854.1985648 118.450837996 0.0 120.30268704 0.0
57854.1986111 106.298582516 0.0 107.684200373 0.0
57854.1986921 97.2382632558 0.0 98.3362937679 0.0
57854.1988079 102.475558857 0.0 103.085666312 0.0
57854.1989236 105.710683793 0.0 99.1816569382 0.0
57854.1990509 95.6734204991 0.0 100.363131503 0.0
57854.1991667 100.56016693 0.0 103.545985567 0.0
57854.1992824 95.6165456812 0.0 108.042687837 0.0
57854.1993056 97.8460249729 0.0 101.658253369 0.0
57854.1994097 99.9603647152 0.0 96.0061033893 0.0
57854.1995255 96.1638734401 0.0 91.9941526837 0.0
57854.1996412 95.320550523 0.0 93.2480542746 0.0
57854.1997569 98.3204678284 0.0 103.069126313 0.0
57854.1998843 111.646602362 0.0 112.903925042 0.0
57854.2 108.615503497 0.0 103.653824734 0.0
57854.2001157 113.193430657 0.0 111.182471033 0.0
57854.2002431 121.395715431 0.0 150.780689224 0.0
57854.2003588 97.7378057151 0.0 94.0168979227 0.0
57854.2004745 95.6305893112 0.0 93.0441014896 0.0
57854.2006019 127.601734177 0.0 136.892539194 0.0
57854.2006944 144.218549591 0.0 136.809334901 0.0
57854.2007176 169.935622843 0.0 136.806324839 0.0
57854.2008333 101.31262146 0.0 107.44062504 0.0
57854.2009606 120.319343474 0.0 150.706075332 0.0
57854.2010764 107.988323355 0.0 105.459700488 0.0
57854.2011921 95.8907849379 0.0 98.7474679777 0.0
57854.2013194 110.560292963 0.0 105.207349287 0.0
57854.2013889 99.7194688113 0.0 96.0740887441 0.0
57854.2014352 91.5623626279 0.0 88.9857001714 0.0
57854.2015509 93.9653745057 0.0 94.4654285069 0.0
57854.2016782 92.2351752804 0.0 90.3153491495 0.0
57854.203831 125.131109593 0.0 170.816488946 0.0
57854.2039468 111.656745855 0.0 101.986601301 0.0
57854.2040625 98.9925869346 0.0 87.3314832921 0.0
57854.2041667 99.5751517699 0.0 96.3191587276 0.0
57854.2041782 100.200760102 0.0 108.979510542 0.0
57854.2043056 153.997452576 0.0 135.651985065 0.0
57854.2044213 84.4621430997 0.0 85.8949413877 0.0
57854.204537 107.734439893 0.0 97.9853560998 0.0
57854.2046644 132.716780118 0.0 142.272576609 0.0
57854.2047801 88.1047653706 0.0 88.2687057682 0.0
57854.2048611 90.3180103523 0.0 87.2858749398 0.0
57854.2048958 92.854319318 0.0 86.4450270172 0.0
57854.2050231 88.0505483288 0.0 84.1533870441 0.0
57854.2051389 88.0896289753 0.0 90.5046585762 0.0
57854.2052546 90.245041825 0.0 87.5475019518 0.0
57854.2053819 128.409292475 0.0 131.73152787 0.0
57854.2054977 87.3608442152 0.0 84.9267479361 0.0
57854.2055556 88.0571728027 0.0 88.9443166762 0.0
57854.2056134 88.7625123123 0.0 93.5963467022 0.0
57854.2057407 115.086577593 0.0 116.546791539 0.0
57854.2058565 96.2333747927 0.0 101.806081169 0.0
57854.2059722 97.863317009 0.0 100.034015315 0.0
57854.2060995 91.2150185715 0.0 87.5754702357 0.0
57854.2062153 91.5106722355 0.0 93.8597340983 0.0
57854.20625 94.6141000274 0.0 99.1983062557 0.0
57854.206331 98.090962387 0.0 105.613563073 0.0
57854.2064583 153.144475176 0.0 205.696317959 0.0
57854.2065741 253.652963911 0.0 225.157999007 0.0
57854.2066898 96.8513013026 0.0 124.502252518 0.0
57854.2068171 129.484367249 0.0 101.487971691 0.0
57854.2069329 110.029810352 0.0 92.2240777563 0.0
57854.2069444 109.276450217 0.0 114.317633574 0.0
57854.2070486 108.547958148 0.0 168.19283521 0.0
57854.2071759 91.2240234094 0.0 102.377875486 0.0
57854.2072917 101.004311057 0.0 119.804562538 0.0
57854.2074074 94.1848179485 0.0 87.8820557623 0.0
57854.2075347 89.4452639775 0.0 88.6775899255 0.0
57854.2076389 96.9264331026 0.0 92.8954782753 0.0
57854.2076505 106.938463497 0.0 98.017618253 0.0
57854.2077662 105.032193565 0.0 101.126890603 0.0
57854.2078935 113.549570321 0.0 97.4898544414 0.0
57854.2080093 86.6670911708 0.0 95.2799443745 0.0
57854.208125 213.076989483 0.0 209.432078894 0.0
57854.2082523 200.225287372 0.0 174.108859358 0.0
57854.2083333 165.784815393 0.0 153.201475466 0.0
57854.2327431 88.2428319299 0.0 83.5573686158 0.0
57854.2328588 145.147227938 0.0 132.623288837 0.0
57854.2329861 89.9563622208 0.0 89.5923918477 0.0
57854.2331019 81.8460444799 0.0 83.295708815 0.0
57854.2332176 75.9499808295 0.0 75.8741410166 0.0
57854.2333333 84.4618461022 0.0 85.397638732 0.0
57854.2333449 96.7934270186 0.0 99.8633395346 0.0
57854.2334606 104.767243822 0.0 98.8435950075 0.0
57854.2335764 85.4810156526 0.0 84.8236676583 0.0
57854.2337037 83.4698467652 0.0 84.3745101675 0.0
57854.2338194 88.1921983171 0.0 83.6191703857 0.0
57854.2339352 89.8784195344 0.0 94.2645206374 0.0
57854.2340278 85.7368744182 0.0 88.948373875 0.0
57854.2340625 82.0869024205 0.0 84.4063788111 0.0
57854.2341782 79.6303283366 0.0 76.18126225 0.0
57854.234294 83.8955173475 0.0 91.4950269031 0.0
57854.2344213 101.766532947 0.0 109.501532122 0.0
57854.234537 84.6895999282 0.0 85.6238439046 0.0
57854.2346528 76.9146988553 0.0 76.636838322 0.0
57854.2347222 75.8084332578 0.0 75.8654089358 0.0
57854.2347801 74.750959733 0.0 75.1199936502 0.0
57854.2348958 77.6408706224 0.0 76.9119573408 0.0
57854.2350116 85.0399142168 0.0 85.4621735857 0.0
57854.2351389 97.8297116371 0.0 106.44048834 0.0
57854.2352546 78.4019778577 0.0 79.4134208305 0.0
57854.2353704 76.4774764359 0.0 76.9636158844 0.0
57854.2354167 78.0723019835 0.0 77.6830099571 0.0
57854.2354861 79.7539288938 0.0 78.4036915585 0.0
57854.2356134 80.1800319968 0.0 79.5323081269 0.0
57854.2357292 75.32094625 0.0 74.6165369338 0.0
57854.2358449 76.261437116 0.0 75.3846936851 0.0
57854.2359722 76.8005776931 0.0 76.5637127561 0.0
57854.236088 77.7856330501 0.0 76.6556401578 0.0
57854.2361111 77.0787688213 0.0 76.8675599977 0.0
57854.2362037 76.3315076099 0.0 77.0244620494 0.0
57854.236331 80.0734231503 0.0 77.8135365345 0.0
57854.2364468 80.17871543 0.0 80.7341238077 0.0
57854.2365625 84.418569995 0.0 82.3458332886 0.0
57854.2366898 78.457145621 0.0 77.8567612992 0.0
57854.2368056 74.372266733 0.0 74.9232773709 0.0
57854.2542477 72.9328296791 0.0 72.1747510214 0.0
57854.254375 72.8097175795 0.0 73.1062707639 0.0
57854.2544907 82.0938796927 0.0 82.7942716316 0.0
57854.2546065 71.594885795 0.0 71.5836640512 0.0
57854.2547338 80.8086784448 0.0 78.3375781346 0.0
57854.2548495 77.0191072137 0.0 77.8848105731 0.0
57854.2548611 76.57309043 0.0 76.6077584256 0.0
57854.2549653 76.1679059447 0.0 75.4242859628 0.0
57854.2550926 82.7886069819 0.0 77.5780184266 0.0
57854.2552083 73.9399840884 0.0 76.8224683019 0.0
57854.2553241 71.11422556 0.0 70.8938003072 0.0
57854.2554514 70.6369632346 0.0 70.0120257456 0.0
57854.2555556 73.8715902766 0.0 73.4472119484 0.0
57854.2555671 77.5388758495 0.0 77.3862233023 0.0
57854.2556829 74.2849226021 0.0 76.0892484652 0.0
57854.2558102 69.391487648 0.0 69.4390545443 0.0
57854.2559259 74.7273736993 0.0 70.475377154 0.0
57854.2560417 81.519290717 0.0 78.7882462808 0.0
57854.256169 87.387058012 0.0 92.6721883253 0.0
57854.25625 80.9557796269 0.0 82.9189997407 0.0
57854.2562847 75.7444005455 0.0 75.6926036347 0.0
57854.2564005 74.7752481173 0.0 73.4818579719 0.0
57854.2565278 87.2671817581 0.0 88.1129609592 0.0
57854.2566435 137.177559732 0.0 122.394465185 0.0
57854.2567593 71.9461828035 0.0 72.5007258929 0.0
57854.2568866 77.6410593501 0.0 79.3488306719 0.0
57854.2569444 82.2694451118 0.0 84.05858049 0.0
57854.2570023 87.9314880461 0.0 89.8157610668 0.0
57854.2571181 72.8311875435 0.0 71.2094997104 0.0
57854.2572454 74.377882445 0.0 76.5781676067 0.0
57854.2573611 80.9091674905 0.0 81.3529778926 0.0
57854.2574769 70.6613115785 0.0 72.4613087033 0.0
57854.2576042 72.6559445951 0.0 71.5476333501 0.0
57854.2576389 73.7151560129 0.0 73.3237285331 0.0
57854.2577199 74.7159812356 0.0 75.1306639396 0.0
57854.2578356 69.7631459368 0.0 69.7373062284 0.0
57854.2579514 74.9425643343 0.0 74.0044430423 0.0
57854.2580787 71.9668626175 0.0 74.89391512 0.0
57854.2581944 72.6413747805 0.0 72.2779580024 0.0
57854.2583102 71.9336938715 0.0 74.1986827983 0.0
57854.2583333 72.4112822908 0.0 72.3731174608 0.0
57854.2777894 73.8325488521 0.0 71.8809561776 0.0
57854.2779167 71.014336637 0.0 70.6005718532 0.0
57854.2780324 77.3014268174 0.0 80.3947514145 0.0
57854.2781481 73.7918822703 0.0 73.9197647182 0.0
57854.2782755 80.8016781509 0.0 83.4637204479 0.0
57854.2783912 69.4490200939 0.0 70.7994893979 0.0
57854.2784722 71.2040189245 0.0 71.9058300627 0.0
57854.2785069 73.2690410132 0.0 73.2306467744 0.0
57854.2786343 68.7084401075 0.0 68.7834115103 0.0
57854.27875 73.1554536996 0.0 73.8113640234 0.0
57854.2788657 90.7481315841 0.0 90.7310211835 0.0
57854.2789931 67.0867507784 0.0 67.9768706547 0.0
57854.2791088 74.9316966377 0.0 77.5416099201 0.0
57854.2791667 73.2087258802 0.0 75.0294476589 0.0
57854.2792245 71.5404786467 0.0 72.6882013053 0.0
57854.2793519 69.9879695805 0.0 69.9966055606 0.0
57854.2794676 67.34428488 0.0 67.4583374091 0.0
57854.2795833 76.1056475171 0.0 76.918952593 0.0
57854.2797106 69.283040248 0.0 69.1150317804 0.0
57854.2798264 85.5738898789 0.0 84.8535989042 0.0
57854.2798611 111.427183829 0.0 112.658251336 0.0
57854.2799421 202.354043295 0.0 231.89185053 0.0
57854.2800694 200.211164486 0.0 153.54939925 0.0
57854.2801852 79.1710361243 0.0 81.1143375859 0.0
57854.2803009 78.5357227127 0.0 77.3553677582 0.0
57854.2804167 86.4685117254 0.0 77.9534934496 0.0
57854.280544 69.5178257068 0.0 75.3533351352 0.0
57854.2805556 79.8954166207 0.0 84.2402135562 0.0
57854.2806597 96.7209614096 0.0 97.0427435927 0.0
57854.2807755 72.4506681405 0.0 70.5887879199 0.0
57854.2809028 72.187484968 0.0 75.09781363 0.0
57854.2810185 71.0432398895 0.0 69.1386862834 0.0
57854.2811343 69.5222222386 0.0 69.5109850455 0.0
57854.28125 68.0310932809 0.0 67.9842570894 0.0
57854.2812616 66.7416195189 0.0 66.6632360151 0.0
57854.2813773 91.3628276872 0.0 98.4858060179 0.0
57854.2814931 99.1734279583 0.0 91.4830439316 0.0
57854.2816204 86.9228792666 0.0 81.6193950112 0.0
57854.2817361 142.067859265 0.0 136.392158726 0.0
57854.2818519 75.231017546 0.0 78.0869053619 0.0
57854.2819444 74.6040376387 0.0 74.654793751 0.0
57854.2994213 67.5617856558 0.0 66.5486346366 0.0
57854.299537 66.7933285067 0.0 66.5399658551 0.0
57854.2996644 68.6940985311 0.0 69.0322803477 0.0
57854.2997801 70.3122660992 0.0 71.9443317086 0.0
57854.2998958 66.7632375338 0.0 66.548970563 0.0
57854.3 69.0836570109 0.0 68.4009433049 0.0
57854.3000231 71.6798828124 0.0 70.4320965967 0.0
57854.3001389 67.5799782036 0.0 69.1777479541 0.0
57854.3002546 67.3405101926 0.0 67.8891755142 0.0
57854.3003819 69.3804614499 0.0 69.4502889267 0.0
57854.3004977 67.381655419 0.0 67.2935304766 0.0
57854.3006134 67.8132965575 0.0 67.0122290481 0.0
57854.3006944 67.3038560857 0.0 67.0182271177 0.0
57854.3007407 66.8183188879 0.0 67.0364450579 0.0
57854.3008565 67.1717704173 0.0 67.2136191036 0.0
57854.3009722 67.594636089 0.0 67.9491772651 0.0
57854.3010995 66.731483177 0.0 66.5960525257 0.0
57854.3012153 67.5648666764 0.0 68.5437841967 0.0
57854.301331 70.5374858355 0.0 70.0660494605 0.0
57854.3013889 69.7340025956 0.0 70.1558499699 0.0
57854.3014583 68.9468343653 0.0 70.2339258194 0.0
57854.3015741 67.1195910297 0.0 66.8721959263 0.0
57854.3016898 67.7528507223 0.0 67.2991908272 0.0
57854.3018171 68.1654829954 0.0 68.1059724841 0.0
57854.3019329 68.6313939462 0.0 68.555561999 0.0
57854.3020486 67.2620309833 0.0 66.7776519204 0.0
57854.3020833 67.3279626604 0.0 66.8836898429 0.0
57854.3021759 67.3945471978 0.0 66.9906550199 0.0
57854.3022917 69.2759936053 0.0 68.7522010848 0.0
57854.3024074 67.4770676082 0.0 67.3389111658 0.0
57854.3025347 67.7813514766 0.0 67.6848249462 0.0
57854.3026505 68.5708366071 0.0 67.7213882832 0.0
57854.3027662 66.9665255034 0.0 66.9627887412 0.0
57854.3027778 67.6110552277 0.0 67.9457066267 0.0
57854.3028819 68.276157471 0.0 68.9745045941 0.0
57854.3030093 66.9359572128 0.0 66.8167339669 0.0
57854.303125 70.4478656242 0.0 70.6070809622 0.0
57854.3032407 68.3845030764 0.0 67.7341751777 0.0
57854.3033681 68.8555498489 0.0 68.3275316838 0.0
57854.3034722 68.136757268 0.0 67.6672507348 0.0
57854.3090972 66.4282489157 0.0 66.0352455663 0.0
57854.3092245 65.8487402309 0.0 65.9881570056 0.0
57854.3093403 66.7963179374 0.0 67.0945902886 0.0
57854.309456 66.9389300333 0.0 66.5643531404 0.0
57854.3095833 65.9534342851 0.0 66.0118455279 0.0
57854.3096991 65.8050681255 0.0 65.5743018949 0.0
57854.3097222 65.6562731961 0.0 65.5593806408 0.0
57854.3098148 65.5264001682 0.0 65.5624594871 0.0
57854.3099421 66.9186561356 0.0 66.2435806097 0.0
57854.3100579 65.8312826702 0.0 65.9925115752 0.0
57854.3101736 65.6844680423 0.0 65.9912281671 0.0
57854.3103009 67.7792282635 0.0 67.8211665632 0.0
57854.3104167 66.3234157293 0.0 66.3258188641 0.0
57854.3105324 68.5049135099 0.0 68.5065856907 0.0
57854.3106597 66.6455115518 0.0 65.7744174433 0.0
57854.3107755 66.0337958094 0.0 66.0851265717 0.0
57854.3108912 66.1164227254 0.0 66.145292992 0.0
57854.3110185 67.1448311265 0.0 67.3218578546 0.0
57854.3111111 67.6270855427 0.0 67.5882870474 0.0
57854.3111343 68.1377003721 0.0 67.8754787534 0.0
57854.31125 66.1245432498 0.0 66.4124334669 0.0
57854.3113773 66.2782151389 0.0 65.91698533 0.0
57854.3114931 66.0710332521 0.0 66.0239246334 0.0
57854.3116088 66.1879987309 0.0 66.322810043 0.0
57854.3117245 68.2507425381 0.0 67.6965474969 0.0
57854.3118056 67.4342645619 0.0 67.1970740286 0.0
57854.3118519 66.6393753197 0.0 66.7013882914 0.0
57854.3119676 66.0178786693 0.0 65.8456449965 0.0
57854.3120833 65.496554543 0.0 65.6875689762 0.0
57854.3122106 66.3571352833 0.0 66.225834302 0.0
57854.3123264 67.4437578876 0.0 68.5419600902 0.0
57854.3124421 66.2718544557 0.0 66.8476750306 0.0
57854.3125 66.3702742348 0.0 66.9565332361 0.0
57854.3125694 66.4691294362 0.0 67.0659224271 0.0
57854.3126852 65.7617701936 0.0 65.8198281219 0.0
57854.3128009 65.4741004291 0.0 65.5681615039 0.0
57854.3129282 65.7552972087 0.0 65.6610875481 0.0
57854.313044 65.5759155254 0.0 65.8976577125 0.0
57854.3131597 65.7309678462 0.0 65.8721176295 0.0
57854.3131944 65.6796918461 0.0 65.9387194371 0.0
