57854.4465394 125.846649635 0.0 125.846649635 0.0
57854.4534838 119.831663542 0.0 119.831663542 0.0
57854.4625116 115.6916322 0.0 115.6916322 0.0
57854.4770949 108.729081188 0.0 108.729081188 0.0
57854.4854282 106.13589427 0.0 106.13589427 0.0
57854.494456 104.032273037 0.0 104.032273037 0.0
57854.5104282 101.109516246 0.0 101.109516246 0.0
57854.5187616 99.9043538032 0.0 99.9043538032 0.0
57854.5333449 97.6045745405 0.0 97.6045745405 0.0
57854.5409838 96.9196216951 0.0 96.9196216951 0.0
57854.5583449 96.3555841896 0.0 96.3555841896 0.0
57854.5659838 95.5666763329 0.0 95.5666763329 0.0
57854.5798727 94.6113040301 0.0 94.6113040301 0.0
57854.5875116 94.5152356648 0.0 94.5152356648 0.0
57854.5965394 93.7754419446 0.0 93.7754419446 0.0
57854.6125116 93.0623103636 0.0 93.0623103636 0.0
57854.6201505 92.8668695241 0.0 92.8668695241 0.0
