57854.3756944 212.712842223 0.0 185.185060125 0.0
57854.3763889 213.334686143 0.0 185.640344921 0.0
57854.3770833 197.760185349 0.0 171.638399724 0.0
57854.3777778 199.9480452 0.0 173.272550115 0.0
57854.3784722 200.097378891 0.0 173.429876544 0.0
57854.3791667 200.479943616 0.0 173.661859827 0.0
57854.3798611 200.343860244 0.0 173.519713315 0.0
57854.3805556 200.240115602 0.0 173.414899224 0.0
57854.38125 200.194710414 0.0 173.3699595 0.0
57854.3819444 200.103869132 0.0 173.115080709 0.0
57854.3895833 200.227143742 0.0 173.631943916 0.0
57854.3902778 198.683981929 0.0 172.129519341 0.0
57854.3909722 193.222837509 0.0 167.913088218 0.0
57854.3916667 193.202672671 0.0 167.804772156 0.0
57854.3923611 193.222837509 0.0 167.936289713 0.0
57854.3930556 193.263160873 0.0 167.944022833 0.0
57854.39375 193.290038442 0.0 168.114061465 0.0
57854.3944444 193.437798318 0.0 168.029063658 0.0
57854.3951389 193.518347061 0.0 168.160405797 0.0
57854.3958333 193.578736623 0.0 168.268492934 0.0
57854.3986111 193.531768593 0.0 168.330225851 0.0
57854.3993056 193.652520514 0.0 168.191294924 0.0
57854.4 193.84020732 0.0 168.19901632 0.0
57854.4006944 193.867004888 0.0 168.260774727 0.0
57854.4013889 193.672638514 0.0 168.191294924 0.0
57854.4020833 193.35721602 0.0 167.882147903 0.0
57854.4027778 193.384080517 0.0 168.005874975 0.0
57854.4034722 193.377364743 0.0 167.858938924 0.0
57854.4041667 192.940337996 0.0 167.595679205 0.0
57854.4048611 193.665932746 0.0 168.075431427 0.0
57854.4131944 193.21611613 0.0 167.005715743 0.0
57854.4138889 193.276600125 0.0 167.0368184 0.0
57854.4145833 193.263160873 0.0 167.005715743 0.0
57854.4152778 193.182505728 0.0 166.85011549 0.0
57854.4159722 193.148889478 0.0 166.772260922 0.0
57854.4166667 193.316912275 0.0 166.943493045 0.0
57854.4173611 193.565318349 0.0 166.997939174 0.0
57854.4180556 193.457938648 0.0 166.904592079 0.0
57854.41875 193.269880616 0.0 166.997939174 0.0
57854.4194444 193.377364743 0.0 167.300957527 0.0
57854.4222222 197.871793728 0.0 171.691357027 0.0
57854.4229167 197.989898732 0.0 171.540007071 0.0
57854.4236111 197.976779433 0.0 171.698921023 0.0
57854.4243056 197.727347365 0.0 171.433982599 0.0
57854.425 197.740483213 0.0 171.487003029 0.0
57854.4256944 197.930855039 0.0 171.44155795 0.0
57854.4263889 197.510479748 0.0 171.267240103 0.0
57854.4270833 198.016134722 0.0 171.645966053 0.0
57854.4298611 197.891482791 0.0 171.653532049 0.0
57854.4305556 198.068596277 0.0 171.729173674 0.0
57854.43125 198.101377694 0.0 171.887912738 0.0
57854.4319444 198.016134722 0.0 171.744298002 0.0
57854.4326389 198.101377694 0.0 171.850131023 0.0
57854.4333333 198.081709495 0.0 171.819899668 0.0
57854.4340278 198.114488742 0.0 171.963451266 0.0
57854.4347222 198.081709495 0.0 171.706484686 0.0
57854.4354167 198.15381668 0.0 171.986106355 0.0
57854.4361111 198.134153687 0.0 172.069149495 0.0
57854.4472222 200.103869132 0.0 173.78147197 0.0
57854.4479167 200.110359163 0.0 173.639423377 0.0
57854.4486111 266.521605567 0.0 238.289358096 0.0
57854.4493056 266.16077555 0.0 238.15306657 0.0
57854.45 264.486761017 0.0 237.278947025 0.0
57854.4506944 263.813196405 0.0 235.835073342 0.0
57854.4513889 262.139053017 0.0 234.74219072 0.0
57854.4541667 269.173820151 0.0 239.463686481 0.0
57854.4548611 268.531359266 0.0 239.653429422 0.0
57854.4555556 266.954930775 0.0 237.983956679 0.0
57854.45625 266.346127699 0.0 237.081825975 0.0
57854.4569444 265.638168123 0.0 236.961282387 0.0
57854.4576389 264.928316695 0.0 235.713892168 0.0
57854.4583333 263.852575917 0.0 234.764319508 0.0
57854.4590278 262.752661336 0.0 233.610843015 0.0
57854.4597222 262.470777594 0.0 233.783116273 0.0
57854.4604167 263.502877088 0.0 234.725592759 0.0
57854.4631944 259.424938472 0.0 230.454097184 0.0
57854.4638889 258.321253732 0.0 229.199623762 0.0
57854.4645833 257.812979634 0.0 228.785613933 0.0
57854.4652778 257.268367638 0.0 228.319666542 0.0
57854.4659722 256.666947771 0.0 227.339211055 0.0
57854.4666667 255.068109061 0.0 225.987012614 0.0
57854.4673611 255.276778745 0.0 226.658390478 0.0
57854.4680556 254.471696178 0.0 226.004252345 0.0
57854.46875 253.991512283 0.0 225.267517733 0.0
57854.4694444 253.182342791 0.0 224.499443206 0.0
57854.4777778 245.896187577 0.0 217.106114458 0.0
57854.4784722 245.848649461 0.0 216.962501997 0.0
57854.4791667 245.499755336 0.0 216.872695916 0.0
57854.4798611 244.954276147 0.0 216.543088301 0.0
57854.4805556 244.996686964 0.0 216.50710075 0.0
57854.48125 244.577557879 0.0 215.99663297 0.0
57854.4819444 244.258751455 0.0 215.569315697 0.0
57854.4826389 243.683848832 0.0 214.893510324 0.0
57854.4833333 242.845683458 0.0 214.239821926 0.0
57854.4861111 240.356877521 0.0 211.942163147 0.0
57854.4868056 240.977446808 0.0 212.889825783 0.0
57854.4875 240.869636563 0.0 212.352316902 0.0
57854.4881944 240.205539692 0.0 211.739855091 0.0
57854.4888889 239.810531272 0.0 211.70918549 0.0
57854.4895833 238.980518687 0.0 211.00870912 0.0
57854.4902778 238.354750347 0.0 210.324424726 0.0
57854.4909722 238.322056464 0.0 210.244137618 0.0
57854.4916667 237.940295905 0.0 209.687460686 0.0
57854.4923611 237.771034685 0.0 209.284495365 0.0
57854.4951389 236.61574966 0.0 209.042343315 0.0
57854.4958333 236.264214854 0.0 208.594554847 0.0
57854.4965278 236.082750185 0.0 208.133323904 0.0
57854.4972222 235.813045033 0.0 207.933555821 0.0
57854.4979167 235.101525458 0.0 207.427033016 0.0
57854.4986111 235.112573203 0.0 207.138826651 0.0
57854.4993056 234.260372402 0.0 206.51719214 0.0
57854.5 234.082902397 0.0 206.309564402 0.0
57854.5111111 229.590261796 0.0 201.887200086 0.0
57854.5118056 229.244949243 0.0 201.578188884 0.0
57854.5125 228.97853356 0.0 201.365468609 0.0
57854.5131944 229.046584044 0.0 201.545972971 0.0
57854.5138889 229.006890386 0.0 201.307414977 0.0
57854.5145833 229.244949243 0.0 201.178346928 0.0
57854.5152778 228.416343491 0.0 200.6288814 0.0
57854.5159722 227.767254183 0.0 200.077906904 0.0
57854.5166667 227.664597228 0.0 199.928558669 0.0
57854.5194444 226.967587365 0.0 199.512392611 0.0
57854.5201389 226.732865301 0.0 199.421240516 0.0
57854.5208333 226.411876151 0.0 199.16709685 0.0
57854.5215278 225.837546486 0.0 198.468159637 0.0
57854.5222222 225.382791263 0.0 198.147262566 0.0
57854.5229167 224.927116623 0.0 197.819279982 0.0
57854.5236111 224.759611845 0.0 197.431559735 0.0
57854.5243056 224.551501049 0.0 197.484176581 0.0
57854.525 224.377927937 0.0 197.056258036 0.0
57854.5256944 223.94340658 0.0 196.746260216 0.0
57854.5340278 221.968758771 0.0 194.54909573 0.0
57854.5347222 222.079896703 0.0 194.468973922 0.0
57854.5354167 221.570545185 0.0 193.753089628 0.0
57854.5361111 221.018892064 0.0 193.632400423 0.0
57854.5368056 221.124634304 0.0 193.518347061 0.0
57854.5375 220.842542485 0.0 193.464651625 0.0
57854.5381944 220.771963211 0.0 193.384080517 0.0
57854.5388889 220.624850539 0.0 193.034550437 0.0
57854.5416667 219.094950655 0.0 192.387595788 0.0
57854.5423611 218.905186141 0.0 192.421345037 0.0
57854.5430556 218.940779516 0.0 192.509065396 0.0
57854.54375 219.302317574 0.0 192.657424245 0.0
57854.5444444 218.940779516 0.0 192.556282884 0.0
57854.5451389 219.130513207 0.0 192.610231552 0.0
57854.5458333 218.810242169 0.0 192.691126235 0.0
57854.5465278 219.10680548 0.0 192.859547845 0.0
57854.5472222 218.661809681 0.0 193.068186596 0.0
57854.5479167 218.76275473 0.0 193.33034779 0.0
57854.5590278 218.138523843 0.0 190.746993645 0.0
57854.5597222 218.138523843 0.0 190.937536533 0.0
57854.5604167 217.757162496 0.0 190.651650788 0.0
57854.5611111 217.864487847 0.0 190.699328175 0.0
57854.5618056 217.536382985 0.0 190.31757465 0.0
57854.5625 217.231697479 0.0 189.989746818 0.0
57854.5631944 217.112096249 0.0 190.023921939 0.0
57854.5638889 216.680985208 0.0 189.72981473 0.0
57854.5666667 215.984607436 0.0 189.085289627 0.0
57854.5673611 216.002645486 0.0 189.044075119 0.0
57854.5680556 216.11685151 0.0 188.975364298 0.0
57854.56875 215.762014157 0.0 188.86537499 0.0
57854.5694444 215.587388495 0.0 188.679622641 0.0
57854.5701389 215.358354329 0.0 188.507466523 0.0
57854.5708333 215.424678734 0.0 188.57634783 0.0
57854.5715278 215.110965022 0.0 188.466125655 0.0
57854.5722222 215.298041685 0.0 188.279979417 0.0
57854.5805556 214.385258264 0.0 187.44349798 0.0
57854.58125 213.912228632 0.0 187.186968133 0.0
57854.5819444 214.373142338 0.0 187.277140283 0.0
57854.5826389 214.20951026 0.0 187.131455983 0.0
57854.5833333 213.93044142 0.0 187.11063468 0.0
57854.5840278 213.802919325 0.0 187.01343795 0.0
57854.5847222 213.869726096 0.0 186.978712588 0.0
57854.5854167 213.875798404 0.0 186.818892785 0.0
57854.5881944 213.078852547 0.0 186.47098587 0.0
57854.5888889 213.188533109 0.0 186.331641219 0.0
57854.5895833 212.670099987 0.0 186.045658409 0.0
57854.5902778 212.572371175 0.0 186.101494443 0.0
57854.5909722 212.223846537 0.0 185.68930901 0.0
57854.5916667 212.26056029 0.0 185.570373811 0.0
57854.5923611 212.23608516 0.0 185.521378332 0.0
57854.5930556 211.94829068 0.0 185.528378478 0.0
57854.59375 211.887007379 0.0 185.283215996 0.0
57854.5944444 211.985052156 0.0 185.381319896 0.0
57854.5972222 211.543492811 0.0 184.883255547 0.0
57854.5979167 211.439101177 0.0 184.693498293 0.0
57854.5986111 211.365381923 0.0 184.609099127 0.0
57854.5993056 211.389957864 0.0 184.665369524 0.0
57854.6 211.666240583 0.0 184.770830328 0.0
57854.6006944 211.432958887 0.0 184.749742983 0.0
57854.6013889 211.365381923 0.0 184.538737003 0.0
57854.6020833 211.22401477 0.0 184.496506848 0.0
57854.6131944 209.860807302 0.0 182.991022418 0.0
57854.6138889 209.749386637 0.0 182.976827715 0.0
57854.6145833 210.009276233 0.0 183.097447619 0.0
57854.6152778 209.866995605 0.0 182.948435003 0.0
57854.6159722 209.89174699 0.0 182.927137578 0.0
57854.6166667 209.718425947 0.0 182.692702034 0.0
57854.6173611 210.015460161 0.0 182.891636357 0.0
57854.6180556 209.84843015 0.0 182.934236995 0.0
57854.6208333 209.7741519 0.0 183.281771576 0.0
57854.6215278 209.84843015 0.0 183.147091549 0.0
57854.6222222 209.73700291 0.0 183.161273058 0.0
57854.6229167 209.959798255 0.0 183.295942665 0.0
57854.6236111 209.817484075 0.0 183.317197243 0.0
57854.6243056 210.083471351 0.0 183.487145238 0.0
57854.625 210.355296224 0.0 183.762975511 0.0
57854.6256944 210.472566618 0.0 183.671078113 0.0
