57852.96914166667 10.623467631434147 0.0 10.623467631434147 0.0
57852.970141666665 10.623467631434147 0.0 10.623467631434147 0.0
57852.97025888889 11.632823416744591 0.0 11.632823416744591 0.0
57852.970305555544 12.589293966726059 0.0 12.589293966726059 0.0
57852.97035222221 11.545841312477112 0.0 11.545841312477112 0.0
57852.97046944443 10.7478429943993 0.0 10.7478429943993 0.0
57852.9705161111 10.703481495711209 0.0 10.703481495711209 0.0
57852.97056277778 11.055723959020705 0.0 11.055723959020705 0.0
57852.97068 11.072925422820964 0.0 11.072925422820964 0.0
57852.97072666667 12.1529234502278 0.0 12.1529234502278 0.0
57852.97077333332 11.973761637093645 0.0 11.973761637093645 0.0
57852.97089055555 12.08891787894479 0.0 12.08891787894479 0.0
57852.97093722222 12.780655745708927 0.0 12.780655745708927 0.0
57852.970983888874 13.116229788737607 0.0 13.116229788737607 0.0
57852.9711011111 10.709657986768224 0.0 10.709657986768224 0.0
57852.97114777777 10.619975092614009 0.0 10.619975092614009 0.0
57852.97119444444 11.466360335993226 0.0 11.466360335993226 0.0
57852.97131166665 13.567156737337559 0.0 13.567156737337559 0.0
57852.97135833332 13.714837738506002 0.0 13.714837738506002 0.0
57852.971405 14.406651689522649 0.0 14.406651689522649 0.0
57852.97152222221 10.790378031585185 0.0 10.790378031585185 0.0
57852.97156888889 10.795757828738758 0.0 10.795757828738758 0.0
57852.97161555556 10.79814798935447 0.0 10.79814798935447 0.0
57852.97173277777 10.548811276861422 0.0 10.548811276861422 0.0
57852.97177944443 10.082082478177522 0.0 10.082082478177522 0.0
57852.9718261111 10.095990900256622 0.0 10.095990900256622 0.0
57852.97194333333 10.114186778656421 0.0 10.114186778656421 0.0
57852.97199 9.941116961972277 0.0 9.941116961972277 0.0
57852.972036666666 10.118969729527645 0.0 10.118969729527645 0.0
57852.97215388888 11.323113671857511 0.0 11.323113671857511 0.0
57852.97220055555 11.705526679253252 0.0 11.705526679253252 0.0
57852.97224722221 11.37016469367486 0.0 11.37016469367486 0.0
57852.972364444446 11.626304990921899 0.0 11.626304990921899 0.0
57852.97241111111 10.969312031828292 0.0 10.969312031828292 0.0
57852.972457777774 11.448341195519648 0.0 11.448341195519648 0.0
57852.972575 11.333934202920407 0.0 11.333934202920407 0.0
57852.97262166667 11.63226879930802 0.0 11.63226879930802 0.0
57852.97266833332 11.876650988796355 0.0 11.876650988796355 0.0
57852.972785555554 10.409672921018252 0.0 10.409672921018252 0.0
57852.97283222222 10.370709373192645 0.0 10.370709373192645 0.0
57852.972878888875 10.717034977533544 0.0 10.717034977533544 0.0
57852.99166944445 9.544969963960245 0.0 9.544969963960245 0.0
57852.991786666666 9.37119815384936 0.0 9.37119815384936 0.0
57852.99183333332 9.372747041117359 0.0 9.372747041117359 0.0
57852.99187999999 9.585439226310411 0.0 9.585439226310411 0.0
57852.99199722221 9.414128023965517 0.0 9.414128023965517 0.0
57852.99204388888 9.426455564851988 0.0 9.426455564851988 0.0
57852.992090555555 9.27500978175295 0.0 9.27500978175295 0.0
57852.99220777778 9.35517796937662 0.0 9.35517796937662 0.0
57852.99225444444 9.53516412227444 0.0 9.53516412227444 0.0
57852.9923011111 9.66369995261616 0.0 9.66369995261616 0.0
57852.992418333335 9.304525433808385 0.0 9.304525433808385 0.0
57852.992465 9.305392123959376 0.0 9.305392123959376 0.0
57852.992511666656 9.286306255501579 0.0 9.286306255501579 0.0
57852.992628888875 9.344482588068196 0.0 9.344482588068196 0.0
57852.99267555554 9.239466539551072 0.0 9.239466539551072 0.0
57852.992722222225 9.190282385355777 0.0 9.190282385355777 0.0
57852.992839444436 9.214994792850296 0.0 9.214994792850296 0.0
57852.9928861111 9.50534654303702 0.0 9.50534654303702 0.0
57852.99293277778 9.481390941921358 0.0 9.481390941921358 0.0
57852.99304999999 9.278487084683858 0.0 9.278487084683858 0.0
57852.993096666665 9.275357570709398 0.0 9.275357570709398 0.0
57852.99314333333 9.160398639022565 0.0 9.160398639022565 0.0
57852.993260555544 9.258126334513179 0.0 9.258126334513179 0.0
57852.99330722221 9.138362950734384 0.0 9.138362950734384 0.0
57852.99335388888 9.280225247544442 0.0 9.280225247544442 0.0
57852.99347111111 9.696025125060602 0.0 9.696025125060602 0.0
57852.99351777778 9.705668446840743 0.0 9.705668446840743 0.0
57852.99356444444 9.533810800886327 0.0 9.533810800886327 0.0
57852.99368166665 9.34137518369649 0.0 9.34137518369649 0.0
57852.993728333335 9.355522778103472 0.0 9.355522778103472 0.0
57852.99377499999 9.218844655063537 0.0 9.218844655063537 0.0
57852.99389222222 9.367583087607272 0.0 9.367583087607272 0.0
57852.99393888889 9.864893766901803 0.0 9.864893766901803 0.0
57852.99398555556 10.048591620141954 0.0 10.048591620141954 0.0
57852.994102777775 9.176934620681248 0.0 9.176934620681248 0.0
57852.99414944444 9.228811827203732 0.0 9.228811827203732 0.0
57852.994196111096 9.479859805687207 0.0 9.479859805687207 0.0
57852.994313333336 9.291688967618738 0.0 9.291688967618738 0.0
57852.99436 9.628921488529132 0.0 9.628921488529132 0.0
57852.99440666666 9.97739380283119 0.0 9.97739380283119 0.0
57853.02430833333 9.077444574328172 0.0 9.077444574328172 0.0
57853.02442555556 8.755827552495095 0.0 8.755827552495095 0.0
57853.02447222221 8.59482214719627 0.0 8.59482214719627 0.0
57853.02451888888 8.59088038599372 0.0 8.59088038599372 0.0
57853.0246361111 8.506164747386299 0.0 8.506164747386299 0.0
57853.02468277777 8.493640885031045 0.0 8.493640885031045 0.0
57853.02472944444 8.483950692621848 0.0 8.483950692621848 0.0
57853.02484666667 8.487562057353061 0.0 8.487562057353061 0.0
57853.024893333335 8.487562057353061 0.0 8.487562057353061 0.0
57853.02493999999 8.498007356566482 0.0 8.498007356566482 0.0
57853.02505722222 8.51601906087353 0.0 8.51601906087353 0.0
57853.02510388889 8.61974477580398 0.0 8.61974477580398 0.0
57853.02515055554 8.659881545788993 0.0 8.659881545788993 0.0
57853.02526777777 8.70687529595749 0.0 8.70687529595749 0.0
57853.025314444436 8.65037757893056 0.0 8.65037757893056 0.0
57853.02536111111 8.649445255379472 0.0 8.649445255379472 0.0
57853.02547833332 8.805423548641356 0.0 8.805423548641356 0.0
57853.02552499999 8.955625372158641 0.0 8.955625372158641 0.0
57853.025571666665 8.795893469994043 0.0 8.795893469994043 0.0
57853.025688888876 8.889283145378467 0.0 8.889283145378467 0.0
57853.02573555556 9.040767880604374 0.0 9.040767880604374 0.0
57853.02578222222 9.040411066874366 0.0 9.040411066874366 0.0
57853.02589944443 8.949680116828109 0.0 8.949680116828109 0.0
57853.0259461111 8.899256946147155 0.0 8.899256946147155 0.0
57853.025992777766 8.705949022771541 0.0 8.705949022771541 0.0
57853.02611 8.56794476052191 0.0 8.56794476052191 0.0
57853.02615666667 8.536827241712151 0.0 8.536827241712151 0.0
57853.026203333335 8.579044235810889 0.0 8.579044235810889 0.0
57853.026320555546 8.530401041890345 0.0 8.530401041890345 0.0
57853.02636722222 8.501233307111121 0.0 8.501233307111121 0.0
57853.026413888874 8.530590116863866 0.0 8.530590116863866 0.0
57853.026531111114 8.49876651391627 0.0 8.49876651391627 0.0
57853.026577777775 8.459390659059354 0.0 8.459390659059354 0.0
57853.02662444444 8.480147594576787 0.0 8.480147594576787 0.0
57853.02674166667 8.500474370064829 0.0 8.500474370064829 0.0
57853.026788333336 8.482429658018145 0.0 8.482429658018145 0.0
57853.02683499999 8.512040807566505 0.0 8.512040807566505 0.0
57853.02695222222 8.462250139256982 0.0 8.462250139256982 0.0
57853.02699888889 8.46758525200662 0.0 8.46758525200662 0.0
57853.027045555544 8.457865207661312 0.0 8.457865207661312 0.0
57853.05791333332 8.603262696922492 0.0 8.603262696922492 0.0
57853.05795999999 8.475010705103145 0.0 8.475010705103145 0.0
57853.05800666665 8.388932801518147 0.0 8.388932801518147 0.0
57853.05812388889 8.176875339797022 0.0 8.176875339797022 0.0
57853.05817055555 8.141886917701887 0.0 8.141886917701887 0.0
57853.05821722221 8.161672820311193 0.0 8.161672820311193 0.0
57853.058334444446 8.184367475116321 0.0 8.184367475116321 0.0
57853.058381111114 8.212107505227836 0.0 8.212107505227836 0.0
57853.058427777774 8.234271419284866 0.0 8.234271419284866 0.0
57853.058545 8.167006795638168 0.0 8.167006795638168 0.0
57853.05859166667 8.22898104459222 0.0 8.22898104459222 0.0
57853.058638333336 8.197167095228496 0.0 8.197167095228496 0.0
57853.05875555555 8.18909581837828 0.0 8.18909581837828 0.0
57853.05880222222 8.276472678623424 0.0 8.276472678623424 0.0
57853.058848888875 8.250317686942962 0.0 8.250317686942962 0.0
57853.0589661111 8.342468111629099 0.0 8.342468111629099 0.0
57853.059012777776 8.39431451215835 0.0 8.39431451215835 0.0
57853.059059444444 8.495729477498605 0.0 8.495729477498605 0.0
57853.05917666667 8.540416247316013 0.0 8.540416247316013 0.0
57853.05922333333 8.620493212444776 0.0 8.620493212444776 0.0
57853.05927 8.44775213468247 0.0 8.44775213468247 0.0
57853.05938722221 9.071223554416104 0.0 9.071223554416104 0.0
57853.05943388889 8.945353812941647 0.0 8.945353812941647 0.0
57853.05948055555 8.605512111994116 0.0 8.605512111994116 0.0
57853.05959777776 8.4205968679722 0.0 8.4205968679722 0.0
57853.059644444445 8.694084010072226 0.0 8.694084010072226 0.0
57853.05969111111 8.56361394920204 0.0 8.56361394920204 0.0
57853.059808333324 8.312446943803515 0.0 8.312446943803515 0.0
57853.059855 8.384701891328731 0.0 8.384701891328731 0.0
57853.05990166667 8.463584232730016 0.0 8.463584232730016 0.0
57853.060018888886 8.259305602304474 0.0 8.259305602304474 0.0
57853.06006555555 8.270819283051905 0.0 8.270819283051905 0.0
57853.060112222214 8.31011820109251 0.0 8.31011820109251 0.0
57853.06022944445 8.175889021404497 0.0 8.175889021404497 0.0
57853.06027611111 8.163056037475656 0.0 8.163056037475656 0.0
57853.06032277777 8.2123039083969 0.0 8.2123039083969 0.0
57853.06044 8.218193820872038 0.0 8.218193820872038 0.0
57853.06048666667 8.195986429246153 0.0 8.195986429246153 0.0
57853.06053333334 8.131380869121166 0.0 8.131380869121166 0.0
57853.06065055554 8.137923964477237 0.0 8.137923964477237 0.0
57853.06069722222 8.154357631787851 0.0 8.154357631787851 0.0
57853.06074388889 8.154555425867702 0.0 8.154555425867702 0.0
57853.0608611111 8.160882305241266 0.0 8.160882305241266 0.0
57853.06090777778 8.186929000034928 0.0 8.186929000034928 0.0
57853.06095444443 8.150994398073117 0.0 8.150994398073117 0.0
57853.061071666656 8.131579222092181 0.0 8.131579222092181 0.0
57853.09846499999 8.39431451215835 0.0 8.39431451215835 0.0
57853.09851166666 8.400076804564385 0.0 8.400076804564385 0.0
57853.09855833333 8.305264556583294 0.0 8.305264556583294 0.0
57853.09867555554 8.22486395612561 0.0 8.22486395612561 0.0
57853.09872222221 8.320204712121745 0.0 8.320204712121745 0.0
57853.098768888885 8.352515556946438 0.0 8.352515556946438 0.0
57853.09888611111 8.163846342060475 0.0 8.163846342060475 0.0
57853.09893277778 8.20306787614519 0.0 8.20306787614519 0.0
57853.09897944443 8.249144628188683 0.0 8.249144628188683 0.0
57853.099096666665 8.316520674478737 0.0 8.316520674478737 0.0
57853.09914333332 8.266137686856208 0.0 8.266137686856208 0.0
57853.099189999986 8.144263764028306 0.0 8.144263764028306 0.0
57853.09930722222 8.195986429246153 0.0 8.195986429246153 0.0
57853.09935388889 8.170560844650081 0.0 8.170560844650081 0.0
57853.099400555555 8.196183218720693 0.0 8.196183218720693 0.0
57853.099517777766 8.16483411521828 0.0 8.16483411521828 0.0
57853.09956444444 8.17391602757249 0.0 8.17391602757249 0.0
57853.0996111111 8.170955643560443 0.0 8.170955643560443 0.0
57853.09972833332 8.051046816328276 0.0 8.051046816328276 0.0
57853.099775 8.078446033896657 0.0 8.078446033896657 0.0
57853.099821666656 8.125031017310523 0.0 8.125031017310523 0.0
57853.099938888874 8.0934063166538 0.0 8.0934063166538 0.0
57853.09998555554 8.14149070918477 0.0 8.14149070918477 0.0
57853.10003222221 8.226236547895732 0.0 8.226236547895732 0.0
57853.10014944444 8.144461803244958 0.0 8.144461803244958 0.0
57853.100196111096 8.10396159593486 0.0 8.10396159593486 0.0
57853.10024277778 8.086827201909806 0.0 8.086827201909806 0.0
57853.10035999999 8.07984349896345 0.0 8.07984349896345 0.0
57853.100406666665 8.073453112596265 0.0 8.073453112596265 0.0
57853.10045333333 8.104359639187436 0.0 8.104359639187436 0.0
57853.10057055554 8.067857372353899 0.0 8.067857372353899 0.0
57853.10061722222 8.070056161614547 0.0 8.070056161614547 0.0
57853.10066388888 8.072054541201332 0.0 8.072054541201332 0.0
57853.1007811111 8.08523145877318 0.0 8.08523145877318 0.0
57853.100827777766 8.055853411870673 0.0 8.055853411870673 0.0
57853.10087444443 8.05765514598465 0.0 8.05765514598465 0.0
57853.10099166665 8.054251532075186 0.0 8.054251532075186 0.0
57853.10103833332 8.060256939793163 0.0 8.060256939793163 0.0
57853.10108499999 8.075450651561587 0.0 8.075450651561587 0.0
57853.10120222221 8.028176187853989 0.0 8.028176187853989 0.0
57853.10124888888 8.037613190895144 0.0 8.037613190895144 0.0
57853.101295555556 8.049644351991484 0.0 8.049644351991484 0.0
57853.10229555555 8.049644351991484 0.0 8.049644351991484 0.0
