57853.317125 73.32284761927895 0.0 78.49179732940252 0.0
57853.318125 73.32284761927895 0.0 78.49179732940252 0.0
57853.318240740744 72.9622835785723 0.0 78.10159853677771 0.0
57853.31835648148 73.1341366599757 0.0 78.30852495737612 0.0
57853.3184837963 72.93185009308348 0.0 78.0475963755451 0.0
57853.31859953704 73.15997355111605 0.0 78.16694508550273 0.0
57853.318715277775 73.01196401960435 0.0 78.00375092904187 0.0
57853.31875 72.92117247411755 0.0 77.9284495996167 0.0
57853.31884259259 72.82456034882738 0.0 77.84081543766098 0.0
57853.31895833334 72.88107632986768 0.0 77.84375822119587 0.0
57853.319074074076 72.8457033667738 0.0 77.763192848545 0.0
57853.31920138889 73.05249802025938 0.0 77.94414162719352 0.0
57853.31931712963 72.89479193330618 0.0 77.73177646882901 0.0
57853.31943287037 72.76383690405557 0.0 77.81906771479596 0.0
57853.319444444445 72.832295844632 0.0 77.81297910374593 0.0
57853.319560185184 72.88754793515831 0.0 77.79778614459411 0.0
57853.31967592592 72.67235142748582 0.0 77.6090936810887 0.0
57853.31979166667 72.68365842471057 0.0 77.57144403709395 0.0
57853.319918981484 72.7293680090787 0.0 77.65330052869614 0.0
57853.32003472222 72.62450139587878 0.0 77.50642637226929 0.0
57853.32013888889 72.57669248457111 0.0 77.44631993193737 0.0
57853.32015046296 72.53834650031665 0.0 77.4164418712201 0.0
57853.32027777778 72.53802666188267 0.0 77.51801749915951 0.0
57853.320393518516 72.62190524215129 0.0 77.4981493585492 0.0
57853.32050925926 72.57405295282881 0.0 77.49716374810113 0.0
57853.32063657408 72.58405620382482 0.0 77.56210134466446 0.0
57853.320752314816 72.56874920377228 0.0 77.4349267643484 0.0
57853.32083333333 72.57489920075673 0.0 77.4193957416357 0.0
57853.320868055554 72.59436439559204 0.0 77.42063994181396 0.0
57853.32099537037 72.49021231862962 0.0 77.33768761735769 0.0
57853.32111111111 72.5743401830151 0.0 77.46630859283279 0.0
57853.321226851855 72.60674170488578 0.0 77.66291278982523 0.0
57853.32135416667 72.36854650329796 0.0 77.34722644025447 0.0
57853.32146990741 72.46348323811104 0.0 77.53391252864775 0.0
57853.32152777778 72.42297399306383 0.0 77.48108399474029 0.0
57853.32362268519 72.13399965342279 0.0 76.899520694215 0.0
57853.32373842593 71.98187452407724 0.0 76.82159536875032 0.0
57853.323854166665 72.02339267210341 0.0 76.78934382451773 0.0
57853.32398148148 72.07711689572496 0.0 76.8707058768163 0.0
57853.32409722222 72.09562454129932 0.0 76.88506995509596 0.0
57853.324212962965 71.99453423698219 0.0 76.80401360606098 0.0
57853.32430555556 72.1058958269017 0.0 76.98696855312592 0.0
57853.32434027778 72.21251685822895 0.0 77.16106281668235 0.0
57853.32445601852 72.03967293096214 0.0 76.74402903158004 0.0
57853.32457175926 71.95048547438718 0.0 76.757248035609 0.0
57853.32469907407 72.15369154797278 0.0 77.06591331451278 0.0
57853.32481481481 71.8108646933039 0.0 76.74358696334176 0.0
57853.32493055556 72.35796788191332 0.0 77.2709398351023 0.0
57853.325 72.24790181036401 0.0 77.1666590115187 0.0
57853.325057870374 72.14552440033962 0.0 77.0694679883026 0.0
57853.32517361111 71.72820648113264 0.0 76.54015984435884 0.0
57853.32528935185 72.0207103825004 0.0 76.94883683331412 0.0
57853.32541666667 71.90533428752 0.0 76.89785465147907 0.0
57853.325532407405 71.8786891505403 0.0 76.61347662781007 0.0
57853.32564814815 72.16440288674188 0.0 77.11529418344976 0.0
57853.325694444444 72.01254587917303 0.0 76.87169959094179 0.0
57853.32577546296 71.87156750760346 0.0 76.6428761138307 0.0
57853.325891203705 71.76022874824187 0.0 76.59348957972864 0.0
57853.326006944444 71.70835030873322 0.0 76.45763066561767 0.0
57853.32613425926 71.65710037393364 0.0 76.48147996737511 0.0
57853.32625 71.65289605452107 0.0 76.45882658006202 0.0
57853.326365740744 71.69550547279795 0.0 76.44658722271387 0.0
57853.32638888889 71.70623498692426 0.0 76.46863500154818 0.0
57853.32648148148 71.67757697495082 0.0 76.44119325337616 0.0
57853.3266087963 71.64608390554226 0.0 76.42930159304088 0.0
57853.32672453704 71.55160690718273 0.0 76.46866341188395 0.0
57853.326840277776 71.46764229355827 0.0 76.22541697491724 0.0
57853.32696759259 71.53201012134357 0.0 76.34927028465957 0.0
57853.32708333333 71.63112266326698 0.0 76.34846925773954 0.0
57853.34310185185 68.99858584058082 0.0 73.41827257570148 0.0
57853.34321759259 69.20821233784326 0.0 73.65505083835052 0.0
57853.34333333333 69.04451333741154 0.0 73.63176148918346 0.0
57853.343460648146 68.78470121327852 0.0 73.24796202625708 0.0
57853.34357638889 68.8370145561238 0.0 73.392330266861 0.0
57853.34369212963 68.7292023887954 0.0 73.20444126554071 0.0
57853.34375 68.8854424969456 0.0 73.40105098702607 0.0
57853.343819444446 69.06275161040139 0.0 73.6172938785446 0.0
57853.343935185185 68.83839857230846 0.0 73.34733916782531 0.0
57853.34405092592 68.78558171593812 0.0 73.31648897758267 0.0
57853.34416666667 68.67253691250964 0.0 73.21286044814805 0.0
57853.344293981485 68.65675536318331 0.0 73.13165519800573 0.0
57853.344409722224 68.71278004127035 0.0 73.16581722361884 0.0
57853.34444444445 68.77461859581629 0.0 73.21104499322489 0.0
57853.34452546296 68.83244460281793 0.0 73.25288368385233 0.0
57853.34465277778 68.70693080759757 0.0 73.11558318853785 0.0
57853.34476851852 68.60756435700075 0.0 73.21936297182597 0.0
57853.34488425926 68.59210543495512 0.0 73.11283829123309 0.0
57853.34501157407 68.66565672881896 0.0 73.13835387127605 0.0
57853.34512731482 68.70330297009016 0.0 73.21747267558476 0.0
57853.345138888886 68.86287837434622 0.0 73.37711833398747 0.0
57853.345243055555 69.03458299287394 0.0 73.54776174704435 0.0
57853.34537037037 68.64889047173304 0.0 73.2036791493433 0.0
57853.34548611111 68.87378640673097 0.0 73.32749323412058 0.0
57853.345601851855 68.53161147966681 0.0 73.039055353968 0.0
57853.345729166664 68.53892659649696 0.0 73.04585125111487 0.0
57853.34583333333 68.5907874061816 0.0 73.12229845949867 0.0
57853.34584490741 68.6401070439142 0.0 73.1977073411456 0.0
57853.34596064815 68.69551943176498 0.0 73.14917727493591 0.0
57853.346087962964 68.58702464752352 0.0 73.19630978403214 0.0
57853.3462037037 68.88336942978327 0.0 73.3733792802267 0.0
57853.34631944444 68.49526730366121 0.0 73.05342126143032 0.0
57853.34644675926 68.48126928584195 0.0 72.99457896994817 0.0
57853.34652777778 68.59469510829537 0.0 73.09423432802343 0.0
57853.348715277774 68.38073415809455 0.0 73.10665118852046 0.0
57853.34883101852 68.47263154721016 0.0 73.19575877740458 0.0
57853.34894675926 68.38765875507072 0.0 72.96685688036726 0.0
57853.349074074074 68.41466928956099 0.0 73.05620136579783 0.0
57853.34918981481 68.35371567076658 0.0 73.17550006662066 0.0
57853.34930555556 68.23659018444576 0.0 72.8500623609891 0.0
57853.34943287037 68.39289497455127 0.0 73.1439789593101 0.0
57853.34954861111 68.35522118316932 0.0 72.99284339577407 0.0
57853.34966435185 68.27873503514839 0.0 72.92421433927142 0.0
57853.34979166667 68.39198695022685 0.0 73.16862710205788 0.0
57853.349907407406 68.3133161835963 0.0 73.09529918537854 0.0
57853.35 68.31480234180583 0.0 73.05054950512009 0.0
57853.350023148145 68.28983947850514 0.0 72.96069428808912 0.0
57853.35015046296 68.2731548560633 0.0 72.86974623943739 0.0
57853.350266203706 68.37878862629843 0.0 73.09778842071763 0.0
57853.350381944445 68.31316775702909 0.0 72.96314987032838 0.0
57853.35050925926 68.52471722670586 0.0 73.07448819526552 0.0
57853.350625 68.11779937725528 0.0 72.72750241827366 0.0
57853.350694444445 68.16519365482651 0.0 72.77697429132377 0.0
57853.35074074074 68.22727738229044 0.0 72.85196015207826 0.0
57853.35086805555 68.07822586554383 0.0 72.73570854126602 0.0
57853.3509837963 68.10492199540353 0.0 72.71563890250845 0.0
57853.35109953704 68.13810417086756 0.0 72.81771545441399 0.0
57853.35122685185 68.12021702842704 0.0 72.79244731426469 0.0
57853.35134259259 68.18982126388073 0.0 72.75395415370906 0.0
57853.35138888889 68.31772294214731 0.0 72.87141328394831 0.0
57853.35145833333 68.43612421813498 0.0 72.97211327623724 0.0
57853.351585648146 68.29362380193336 0.0 73.01842973523875 0.0
57853.35170138889 68.17132415466199 0.0 72.65222231976115 0.0
57853.35181712963 68.26126810278285 0.0 72.91980497779736 0.0
57853.35194444445 68.16959375704097 0.0 72.93478072223155 0.0
57853.352060185185 68.3452725870634 0.0 73.09948252210819 0.0
57853.35208333333 68.22390593479679 0.0 72.91581167346352 0.0
57853.354212962964 67.82191951721803 0.0 72.51550424564391 0.0
57853.3543287037 67.77277800120045 0.0 72.49180664737223 0.0
57853.35444444444 67.89684092062016 0.0 72.5552036383332 0.0
57853.35457175926 67.95949215525378 0.0 72.61378697602818 0.0
57853.3546875 67.74354727942729 0.0 72.3063262515805 0.0
57853.35480324074 67.79362801178294 0.0 72.42855561171989 0.0
57853.35486111111 67.79014925488806 0.0 72.4335557873559 0.0
57853.35493055556 67.7741914743363 0.0 72.4251476698529 0.0
57853.355046296296 67.64414418114845 0.0 72.2296114761806 0.0
57853.355162037034 67.6262201072927 0.0 72.26141621916913 0.0
57853.35528935185 67.69845739010601 0.0 72.20412152363603 0.0
57853.355405092596 67.64825432337481 0.0 72.1981858705605 0.0
57853.355520833335 67.62263931554284 0.0 72.17320928848876 0.0
57853.35555555556 67.64903337816439 0.0 72.16985850755147 0.0
57853.35564814815 67.69129566642967 0.0 72.20911213274957 0.0
57853.35576388889 67.61020430378835 0.0 72.13057165307926 0.0
57853.35587962963 67.55600578038936 0.0 72.15140937639403 0.0
57853.35600694444 67.61540172179708 0.0 72.19105996589882 0.0
57853.35612268518 67.57093718456183 0.0 72.19626901717291 0.0
57853.35623842593 67.60738628286113 0.0 72.23981901970686 0.0
57853.35625 67.60054858505218 0.0 72.25437464264708 0.0
57853.35636574074 67.59110273549322 0.0 72.25287756899375 0.0
57853.35648148148 67.51058210384502 0.0 72.15981095457498 0.0
57853.35659722222 67.50274589229686 0.0 72.14473504698732 0.0
57853.356724537036 67.50436439223763 0.0 72.1723409693769 0.0
57853.356840277775 67.52103571480521 0.0 72.22820010217616 0.0
57853.356944444444 67.56866007255138 0.0 72.2238149089343 0.0
57853.35695601852 67.63166948996601 0.0 72.22549967982222 0.0
57853.357083333336 67.73517022935722 0.0 72.46983692544092 0.0
57853.357199074075 67.54861887559213 0.0 72.22507560397567 0.0
57853.35731481481 67.5583284725133 0.0 72.28274804543612 0.0
57853.35744212963 67.57992255840487 0.0 72.32847060459663 0.0
57853.35755787037 67.73129678368782 0.0 72.42581947758686 0.0
57853.35763888889 67.70941316390211 0.0 72.35741053962614 0.0
57853.37021990741 66.47548465411892 0.0 71.00861079474798 0.0
57853.37034722222 66.49265164662934 0.0 71.02426184058515 0.0
57853.370462962965 66.43841957783162 0.0 70.98322492673886 0.0
57853.3705787037 66.51555109897234 0.0 71.00649826600379 0.0
57853.37070601852 66.4526403613882 0.0 71.01228361347071 0.0
57853.37082175926 66.44016372646894 0.0 70.93305501668456 0.0
57853.370833333334 66.43406625369246 0.0 70.94759329251416 0.0
57853.3709375 66.42074729329684 0.0 70.96969662468624 0.0
57853.37105324074 66.39330415787424 0.0 70.90112145798541 0.0
57853.37118055556 66.4403105802494 0.0 70.91705342158541 0.0
57853.371296296296 66.37444053248208 0.0 70.89429852957147 0.0
57853.371412037035 66.3690417137388 0.0 70.89461653750587 0.0
57853.37152777778 66.37221206950993 0.0 70.891617064361 0.0
57853.37153935185 66.37822037385456 0.0 70.88502086477791 0.0
57853.37165509259 66.36291514844717 0.0 70.88966651776548 0.0
57853.371770833335 66.34718356494118 0.0 70.86602222504096 0.0
57853.37189814815 66.36909306296117 0.0 70.90207513183236 0.0
57853.37201388889 66.31727032983189 0.0 70.84981364830821 0.0
57853.37212962963 66.33412580263646 0.0 70.87692759283517 0.0
57853.37222222222 66.34029834120435 0.0 70.87306932114625 0.0
57853.37225694444 66.34652217712696 0.0 70.86920745993989 0.0
57853.37237268518 66.27424997689525 0.0 70.812259164639 0.0
57853.37248842593 66.28531040132496 0.0 70.87052991194577 0.0
57853.372615740744 66.28546720812942 0.0 70.8863131711616 0.0
57853.37273148148 66.25495121121138 0.0 70.77774449641639 0.0
57853.37284722222 66.36105324661446 0.0 70.90590799785303 0.0
57853.37291666667 66.31445536231146 0.0 70.84302306508383 0.0
57853.37297453704 66.26929335672745 0.0 70.77641626276369 0.0
57853.373090277775 66.2457958892487 0.0 70.76849192260634 0.0
57853.37320601852 66.25783060137118 0.0 70.74910996613315 0.0
57853.37333333334 66.30362817372817 0.0 70.82494798444966 0.0
57853.373449074075 66.24455546684572 0.0 70.7525153757801 0.0
57853.373564814814 66.28550853693437 0.0 70.79492155515112 0.0
57853.373611111114 66.33988093145781 0.0 70.7606923227861 0.0
57853.37571759259 66.20625542197655 0.0 70.68967604254527 0.0
57853.37583333333 66.17645513322695 0.0 70.66385617131293 0.0
57853.37596064815 66.13178046899992 0.0 70.58623843214767 0.0
57853.376076388886 66.13472014758965 0.0 70.58002253470879 0.0
57853.37619212963 66.12528669124997 0.0 70.5821755757075 0.0
57853.37631944445 66.14874221782301 0.0 70.50978147746595 0.0
57853.376388888886 66.08419164974327 0.0 70.45038476828924 0.0
57853.376435185186 66.05444693584225 0.0 70.4569240032518 0.0
57853.376550925925 66.18965542288312 0.0 70.63640395716645 0.0
57853.37667824074 66.10253747020609 0.0 70.53209557357557 0.0
57853.37679398148 66.12800055195983 0.0 70.58998848278699 0.0
57853.376909722225 66.16409953290379 0.0 70.62934948022671 0.0
57853.37703703704 66.09699711787215 0.0 70.59895121034023 0.0
57853.37708333333 66.11239792958655 0.0 70.62756903646054 0.0
57853.37715277778 66.11803390906296 0.0 70.6347160962653 0.0
57853.37726851852 66.13865886151608 0.0 70.64921663401513 0.0
57853.37739583333 66.10673397619942 0.0 70.62006653211253 0.0
57853.37751157407 66.15813042249607 0.0 70.6737891088344 0.0
57853.37762731482 66.12301955446378 0.0 70.6766501611388 0.0
57853.377754629626 66.13786866841114 0.0 70.72087173529466 0.0
57853.37777777778 66.16210212047378 0.0 70.72568526355896 0.0
57853.37787037037 66.17710174221897 0.0 70.72161225537778 0.0
57853.37798611111 66.15222926704737 0.0 70.7230184664088 0.0
57853.378113425926 66.14488768604872 0.0 70.65855814407763 0.0
57853.378229166665 66.06516380059918 0.0 70.60771040757517 0.0
57853.37834490741 66.07207102853671 0.0 70.59293530517058 0.0
57853.37847222222 76.68942015037015 0.0 85.1513844279704 0.0
57853.378587962965 87.15047314272023 0.0 70.55552762895336 0.0
57853.378703703704 65.85282588469533 0.0 84.8755692469865 0.0
57853.37883101852 68.06487023421113 0.0 72.77969301941305 0.0
57853.37894675926 68.64092377000765 0.0 77.15945601804098 0.0
57853.3790625 66.27118095371472 0.0 69.78433513332344 0.0
57853.379166666666 75.11870946708284 0.0 75.47848226481506 0.0
57853.38133101852 74.50324720440042 0.0 67.9063216571182 0.0
57853.38145833334 76.43948359977323 0.0 68.58160083433457 0.0
57853.381574074076 67.33986519143026 0.0 87.63542743662519 0.0
57853.381689814814 63.63542909417677 0.0 74.42311378194277 0.0
57853.38181712963 72.5124410566904 0.0 85.81524663484922 0.0
57853.38193287037 52.67501026103365 0.0 82.87807993673599 0.0
57853.381944444445 57.47784704562272 0.0 77.38146596569491 0.0
57853.382048611114 64.16067212864903 0.0 72.35690944892548 0.0
57853.38217592592 60.902157547988395 0.0 58.41596050738188 0.0
57853.38229166667 55.59862295057316 0.0 79.69213442994233 0.0
57853.38240740741 40.52593903908952 0.0 62.30900979794174 0.0
57853.38253472222 43.07368010746238 0.0 59.804845447505336 0.0
57853.38263888889 24.49699757113104 0.0 55.740689975995096 0.0
57853.38265046296 51.5369124220689 0.0 63.24725370322414 0.0
57853.3827662037 57.07793163736752 0.0 85.21190648612435 0.0
57853.382893518516 66.63284827320531 0.0 90.30439189208906 0.0
57853.38300925926 72.65404465685307 0.0 74.36031132264038 0.0
57853.383125 64.27802696878615 0.0 69.94309085249236 0.0
57853.383252314816 73.505382952543 0.0 72.79519191540057 0.0
57853.38333333333 70.41939262021506 0.0 72.22549101944549 0.0
57853.383368055554 67.01482482257191 0.0 71.0253119669319 0.0
57853.38348379629 66.44926122990383 0.0 70.80758119015223 0.0
57853.38361111111 66.55429120650298 0.0 70.35862496524503 0.0
57853.383726851855 66.52517654993484 0.0 70.47334904770739 0.0
57853.38384259259 66.31993590919701 0.0 70.36799547379476 0.0
57853.38396990741 66.06145267854772 0.0 70.29990599566973 0.0
57853.38402777778 65.93311336498527 0.0 70.30119654031502 0.0
57853.38408564815 65.80677319243058 0.0 70.29573065983453 0.0
57853.384201388886 65.7822591661308 0.0 70.42561461570641 0.0
57853.3843287037 65.82164815621073 0.0 70.3219305977872 0.0
57853.38444444445 65.8576756802121 0.0 70.27806160531179 0.0
57853.384560185186 65.94939766214699 0.0 70.32901790868404 0.0
57853.384675925925 65.78048929583909 0.0 70.20695143644966 0.0
57853.384722222225 65.90654444742191 0.0 70.33238514368755 0.0
57853.386828703704 65.6326198319098 0.0 69.93823993352993 0.0
57853.38695601852 65.63370841267465 0.0 69.97367491421328 0.0
57853.38707175926 65.83541724634242 0.0 70.11364071990558 0.0
57853.3871875 65.66425905315616 0.0 69.95180089175689 0.0
57853.38731481481 65.65113869537984 0.0 69.90707781762873 0.0
57853.38743055556 65.6863056580289 0.0 69.85040159512327 0.0
57853.3875 65.58137325491134 0.0 69.79659117750666 0.0
57853.3875462963 65.49492513928082 0.0 69.77560722774113 0.0
57853.38767361111 65.68088178458021 0.0 69.89711091311285 0.0
57853.38778935185 65.5026946697615 0.0 69.70190609301872 0.0
57853.38790509259 65.48382217769516 0.0 69.73250354031468 0.0
57853.388032407405 65.4443387314747 0.0 69.68923012919572 0.0
57853.38814814815 65.48402891545389 0.0 69.77728816742594 0.0
57853.388194444444 65.4917411816177 0.0 69.76093370934767 0.0
57853.38826388889 65.49807935351998 0.0 69.75196585043321 0.0
57853.388391203705 65.47872964558796 0.0 69.75388986285998 0.0
57853.388506944444 65.45154302993933 0.0 69.71735851995541 0.0
57853.38862268518 65.41130694306605 0.0 69.74039939661945 0.0
57853.38875 65.41569262799256 0.0 69.73109968299654 0.0
57853.388865740744 65.47379482663274 0.0 69.84149711310604 0.0
57853.38888888889 65.55990037362778 0.0 69.93675534366747 0.0
57853.38898148148 65.64726509154818 0.0 70.01366498762938 0.0
57853.38909722222 66.2610637176917 0.0 70.62661957081055 0.0
57853.38922453704 65.5401861761164 0.0 69.91029181744273 0.0
57853.389340277776 65.75832134414625 0.0 70.02203502469776 0.0
57853.38945601852 65.47394305370649 0.0 69.82584244389751 0.0
57853.38958333333 65.5225910888756 0.0 69.82530451777492 0.0
57853.389699074076 65.49017553801485 0.0 69.92738529360297 0.0
57853.389814814815 65.65732061240392 0.0 69.96885842287267 0.0
57853.38994212963 65.38947109435891 0.0 69.7102698675023 0.0
57853.39005787037 65.37769368829096 0.0 69.67993461535394 0.0
57853.390173611115 65.43212535138989 0.0 69.81137281274448 0.0
57853.39027777778 65.43552771239794 0.0 69.78530740779179 0.0
57853.3924537037 65.46923576764891 0.0 69.90617419083954 0.0
57853.39256944445 65.37538945199485 0.0 69.85246033605402 0.0
57853.39268518519 65.32762425651188 0.0 69.76887045093966 0.0
57853.3928125 65.3196332123811 0.0 69.73764636837123 0.0
57853.39292824074 65.31675373133604 0.0 69.75716616233775 0.0
57853.39304398148 65.27440113857806 0.0 69.71085821448479 0.0
57853.393055555556 65.28483424961728 0.0 69.72139804966622 0.0
57853.393171296295 65.30837460081212 0.0 69.75713496123532 0.0
57853.39328703703 65.33862848269774 0.0 69.79724829819583 0.0
57853.39340277778 65.25983587169064 0.0 69.76351379481972 0.0
57853.39351851852 65.28065620840526 0.0 69.75065989651998 0.0
57853.393645833334 65.2709173292363 0.0 69.8284306783419 0.0
57853.39375 65.32238396598827 0.0 69.84748285371492 0.0
57853.39376157407 65.3670700276523 0.0 69.84261581584698 0.0
57853.39387731482 65.30419253003592 0.0 69.78908870303438 0.0
57853.39400462963 65.31152267402744 0.0 69.80282840257979 0.0
57853.39412037037 65.33163882071229 0.0 69.87274090802507 0.0
57853.39423611111 65.38317473937772 0.0 69.8423708861605 0.0
57853.39436342593 65.39618158577761 0.0 69.80772372023027 0.0
57853.39444444444 65.36832661924275 0.0 69.77553157088809 0.0
57853.394479166665 65.33466754334945 0.0 69.75132542109863 0.0
57853.394594907404 65.26606216863401 0.0 69.74876494247049 0.0
57853.39472222222 65.32279360988781 0.0 69.77334792741424 0.0
57853.394837962966 65.38781667864434 0.0 69.86376356166335 0.0
57853.394953703704 65.35050786336706 0.0 69.75348457245703 0.0
57853.39508101852 65.23619621038614 0.0 69.69267165204674 0.0
57853.39513888889 65.20961251993451 0.0 69.69811270041679 0.0
57853.39519675926 65.18306208671083 0.0 69.70359998594047 0.0
57853.3953125 65.1499929777433 0.0 69.6953985640372 0.0
57853.39543981481 65.16541390185441 0.0 69.67583736848808 0.0
57853.39555555556 65.1480979691656 0.0 69.71663546815782 0.0
57853.3956712963 65.15778819143571 0.0 69.68546965472788 0.0
57853.39579861111 65.19166836337294 0.0 69.71051233494127 0.0
57853.395833333336 65.15401178745634 0.0 69.74104293742674 0.0
57853.397939814815 65.00827565779606 0.0 69.38201315182488 0.0
57853.39806712963 64.94512901673227 0.0 69.35389568005534 0.0
57853.39818287037 64.93850086812907 0.0 69.38317374551268 0.0
57853.39829861111 64.9998099997223 0.0 69.38562758958084 0.0
57853.39842592592 64.98157103364 0.0 69.44255709577521 0.0
57853.39854166667 65.14632797019337 0.0 69.53340511581466 0.0
57853.39861111111 65.05797212486722 0.0 69.42481577217184 0.0
57853.39865740741 64.98519316736699 0.0 69.34232924412044 0.0
57853.39878472222 64.96452874453874 0.0 69.44408828690891 0.0
57853.39890046296 64.90935939446638 0.0 69.34625014375327 0.0
57853.3990162037 64.97307627009822 0.0 69.33357283452224 0.0
57853.399143518516 64.99383643854239 0.0 69.34744070980558 0.0
57853.39925925926 64.98742621461479 0.0 69.44162523299696 0.0
57853.399305555555 65.04895863117257 0.0 69.46750782200266 0.0
57853.399375 65.09732096638079 0.0 69.46314758920732 0.0
57853.399502314816 65.19652276003683 0.0 69.66559842562181 0.0
57853.399618055555 65.06741193562257 0.0 69.43303663242736 0.0
57853.399733796294 65.05694942894264 0.0 69.40904320763974 0.0
57853.39986111111 65.26795752894371 0.0 69.47890818082851 0.0
57853.399976851855 65.00320336721876 0.0 69.31794496376821 0.0
57853.4 65.03165722938328 0.0 69.30477348639126 0.0
57853.400092592594 65.07295464323101 0.0 69.32070252096412 0.0
57853.40021990741 65.01639437095847 0.0 69.34366025816635 0.0
57853.40033564815 65.11935241539184 0.0 69.3678201690092 0.0
57853.40045138889 65.00673681242584 0.0 69.39550061063036 0.0
57853.4005787037 64.98208309988223 0.0 69.39396660373292 0.0
57853.40069444444 65.07564755728521 0.0 69.43312049015225 0.0
57853.40081018519 65.020386341516 0.0 69.37880014096525 0.0
57853.4009375 64.9723637248946 0.0 69.31503829617351 0.0
57853.40105324074 64.93386475484114 0.0 69.2789533191719 0.0
57853.40116898148 64.93400673761015 0.0 69.29597184541105 0.0
57853.401296296295 64.94478651901167 0.0 69.2660926572302 0.0
57853.40138888889 64.98492166649122 0.0 69.28585090767089 0.0
57853.40356481481 64.84190755213791 0.0 69.25637444307924 0.0
57853.40368055556 64.91075875384604 0.0 69.34288923170134 0.0
57853.4037962963 65.07697943205416 0.0 69.56572725128373 0.0
57853.40392361111 64.89666484496719 0.0 69.40271015601624 0.0
57853.40403935185 64.7789287114259 0.0 69.17171755132296 0.0
57853.40415509259 64.79353347364226 0.0 69.20254116721438 0.0
57853.40416666667 64.79581302831225 0.0 69.20387762257256 0.0
57853.404282407406 64.79427045657664 0.0 69.19037465572794 0.0
57853.404398148145 64.96572811875505 0.0 69.35455281378432 0.0
57853.40451388889 64.7057855604891 0.0 69.21994263938682 0.0
57853.404641203706 64.76590100508137 0.0 69.28949348927296 0.0
57853.404756944445 64.68395491155438 0.0 69.10621042279774 0.0
57853.404861111114 64.70155760103461 0.0 69.180482276434 0.0
57853.40487268518 64.72447992066063 0.0 69.26005397052474 0.0
57853.405 64.74306237736982 0.0 69.24373581776189 0.0
57853.40511574074 64.68168647306592 0.0 69.12015914333531 0.0
57853.40523148148 64.70865405028913 0.0 69.14809046531943 0.0
57853.4053587963 64.69205933497557 0.0 69.13952340015081 0.0
57853.40547453704 64.79531101862233 0.0 69.27480977238407 0.0
57853.40555555555 64.76809434436063 0.0 69.1829774149682 0.0
57853.405590277776 64.74581098418646 0.0 69.10640048504914 0.0
57853.40571759259 64.71624931962606 0.0 69.12290834448447 0.0
57853.40583333333 64.7051075109222 0.0 69.17577681529858 0.0
57853.40594907408 64.75081435009139 0.0 69.14478930476251 0.0
57853.40607638889 64.72637017475954 0.0 69.19138296782339 0.0
57853.40619212963 65.02557099326387 0.0 69.55848651314949 0.0
57853.40625 64.9760406996302 0.0 69.45190691406536 0.0
57853.40630787037 64.90936591124581 0.0 69.31475317708345 0.0
57853.406435185185 64.730852527987 0.0 69.14791531203237 0.0
57853.40655092592 64.74400237087602 0.0 69.20357242946349 0.0
57853.40666666667 64.77787944198235 0.0 69.2966160573516 0.0
57853.40678240741 64.79686720050591 0.0 69.22339600886394 0.0
57853.406909722224 64.68356417205224 0.0 69.12034759750561 0.0
57853.40694444445 64.68532161162994 0.0 69.06587106523743 0.0
57853.4090625 64.68077076689795 0.0 69.07660238459908 0.0
57853.40917824074 64.53982855570659 0.0 68.97740308245882 0.0
57853.40929398148 64.57884330800607 0.0 68.93878199533265 0.0
57853.409421296295 64.54461586375737 0.0 68.93471534720369 0.0
57853.409537037034 64.63636416136043 0.0 68.94881835100584 0.0
57853.40965277778 64.53090358115249 0.0 68.8693951984479 0.0
57853.40972222222 64.57481708065458 0.0 68.91923106071339 0.0
57853.409780092596 64.64928727372019 0.0 69.02967865346035 0.0
57853.409895833334 64.54911876238126 0.0 68.89519397606773 0.0
57853.41001157407 64.6236923736179 0.0 69.02591376432477 0.0
57853.41013888889 64.62721037612563 0.0 69.14818969430797 0.0
57853.41025462963 64.62946973324166 0.0 69.07777945909959 0.0
57853.41037037037 64.62882638575452 0.0 69.08061771582533 0.0
57853.410416666666 64.74625228536398 0.0 69.27908774659204 0.0
57853.41049768519 64.84676294156864 0.0 69.45361755877083 0.0
57853.41061342593 64.80846265727956 0.0 69.2469147471568 0.0
57853.410729166666 64.67384320573504 0.0 69.1012098736339 0.0
57853.41085648148 64.73225853467497 0.0 69.27641699741694 0.0
57853.41097222222 64.66394769885302 0.0 69.17716732419737 0.0
57853.411087962966 64.74331944687421 0.0 69.19571652927658 0.0
57853.41111111111 64.69768001250122 0.0 69.17428368982219 0.0
57853.411215277774 64.64872888154879 0.0 69.13156242990607 0.0
57853.41133101852 64.69483991787908 0.0 69.1524227269009 0.0
57853.41144675926 64.7800960480918 0.0 69.24644543945921 0.0
57853.4115625 64.71866674306571 0.0 69.18230519431974 0.0
57853.41168981481 64.81336351401616 0.0 69.32963542382147 0.0
57853.41180555556 64.68866729188352 0.0 69.11068908642136 0.0
57853.4119212963 64.66068493296372 0.0 69.08545694283276 0.0
57853.41204861111 64.64737460253123 0.0 69.09308691902541 0.0
57853.41216435185 64.82928098475256 0.0 69.34229032848569 0.0
57853.41228009259 64.9557484292191 0.0 69.34570931211246 0.0
57853.412407407406 64.80434665205722 0.0 69.21447559578849 0.0
57853.4125 64.77905011653073 0.0 69.25327259415255 0.0
57853.414675925924 64.46765757339102 0.0 68.90473001180689 0.0
57853.41479166667 64.57363341953123 0.0 68.98401139394548 0.0
57853.41491898148 64.5890084844163 0.0 69.06488528912504 0.0
57853.415034722224 64.55871384251702 0.0 68.98265219604129 0.0
57853.41515046296 64.50330393088403 0.0 68.91388440655483 0.0
57853.41527777778 64.50012132546729 0.0 68.87425144420808 0.0
57853.41539351852 64.46313268062606 0.0 68.8628077411893 0.0
57853.41550925926 64.48601377818294 0.0 68.90593653670197 0.0
57853.41563657407 64.46325689103833 0.0 68.82326550665843 0.0
57853.41575231482 64.42869144255532 0.0 68.8248325461094 0.0
57853.415868055556 64.49155988964758 0.0 68.83908396398081 0.0
57853.415972222225 64.49926931369068 0.0 68.85092977585705 0.0
57853.415983796294 64.50752741347323 0.0 68.87528534242163 0.0
57853.41611111111 64.48584495840929 0.0 68.93200058028201 0.0
57853.41622685185 64.47491707633287 0.0 68.85008942623095 0.0
57853.416342592594 64.47778127386209 0.0 68.88886865089309 0.0
57853.41646990741 64.57795705192291 0.0 68.9159982224737 0.0
57853.41658564815 64.66575320832504 0.0 69.17469013302481 0.0
57853.416666666664 64.67689486207574 0.0 69.12936245908826 0.0
57853.41670138889 64.67852385452223 0.0 69.06218540561832 0.0
57853.4168287037 64.48543781350949 0.0 68.82613578430798 0.0
57853.41694444444 64.61780449690318 0.0 69.05945313278987 0.0
57853.41706018519 64.46970312480119 0.0 68.79325368086613 0.0
57853.4171875 64.45354534856868 0.0 68.8485386119415 0.0
57853.41730324074 64.41815241063655 0.0 68.77934253829416 0.0
57853.41736111111 64.43802335577962 0.0 68.82047599370408 0.0
57853.41741898148 64.48607909463871 0.0 68.90339109216613 0.0
57853.417546296296 64.32662358619486 0.0 68.69354638537743 0.0
57853.417662037034 64.4996075259377 0.0 68.81979312668703 0.0
57853.41777777778 64.49536956247324 0.0 68.91718816811957 0.0
57853.417905092596 64.51113556588506 0.0 68.9025110790601 0.0
57853.418020833335 64.46864576676013 0.0 68.8341913877108 0.0
57853.41805555556 64.47357393537294 0.0 68.89793302414812 0.0
57853.419055555554 64.47357393537294 0.0 68.89793302414812 0.0
