57853.183725 8.633206708084554 0.0 8.633206708084554 0.0
57853.184725 8.633206708084554 0.0 8.633206708084554 0.0
57853.184842222225 8.412164770677776 0.0 8.412164770677776 0.0
57853.18488888888 8.430551200745246 0.0 8.430551200745246 0.0
57853.184935555546 8.493261085764864 0.0 8.493261085764864 0.0
57853.185052777764 8.438200389090769 0.0 8.438200389090769 0.0
57853.18509944443 8.459581321143043 0.0 8.459581321143043 0.0
57853.185146111115 8.471203593503148 0.0 8.471203593503148 0.0
57853.18526333333 8.423469517347197 0.0 8.423469517347197 0.0
57853.18531 8.41599858947615 0.0 8.41599858947615 0.0
57853.185356666654 8.414273587185052 0.0 8.414273587185052 0.0
57853.18547388889 8.456911660807961 0.0 8.456911660807961 0.0
57853.185520555555 8.4989562926583 0.0 8.4989562926583 0.0
57853.18556722221 8.543626184887584 0.0 8.543626184887584 0.0
57853.185684444434 8.494210552089335 0.0 8.494210552089335 0.0
57853.1857311111 8.523023846257322 0.0 8.523023846257322 0.0
57853.18577777778 8.569827039320627 0.0 8.569827039320627 0.0
57853.18589499999 8.47463007090632 0.0 8.47463007090632 0.0
57853.185941666656 8.464155922705523 0.0 8.464155922705523 0.0
57853.18598833333 8.480908350619814 0.0 8.480908350619814 0.0
57853.18610555554 8.494400432618974 0.0 8.494400432618974 0.0
57853.186152222224 8.54173813240494 0.0 8.54173813240494 0.0
57853.18619888889 8.528510061609106 0.0 8.528510061609106 0.0
57853.186316111096 8.382200804238744 0.0 8.382200804238744 0.0
57853.186362777764 8.359657347507847 0.0 8.359657347507847 0.0
57853.18640944443 8.402380615040002 0.0 8.402380615040002 0.0
57853.186526666665 8.416956771323147 0.0 8.416956771323147 0.0
57853.18657333333 8.48870216912627 0.0 8.48870216912627 0.0
57853.18662 8.54551382022245 0.0 8.54551382022245 0.0
57853.18673722221 8.358692597259685 0.0 8.358692597259685 0.0
57853.18678388889 8.34923214549427 0.0 8.34923214549427 0.0
57853.18683055555 8.35097058295737 0.0 8.35097058295737 0.0
57853.18694777778 8.419064387524918 0.0 8.419064387524918 0.0
57853.18699444445 8.54551382022245 0.0 8.54551382022245 0.0
57853.18704111111 8.604012567288851 0.0 8.604012567288851 0.0
57853.187158333334 8.459390659059354 0.0 8.459390659059354 0.0
57853.187205 8.488132132381905 0.0 8.488132132381905 0.0
57853.187251666655 8.492501436276669 0.0 8.492501436276669 0.0
57853.18736888889 8.448515807811377 0.0 8.448515807811377 0.0
57853.187415555556 8.508629395710475 0.0 8.508629395710475 0.0
57853.18746222221 8.562295441399254 0.0 8.562295441399254 0.0
57853.187579444435 8.395659400797149 0.0 8.395659400797149 0.0
57853.18762611111 8.40660262781199 0.0 8.40660262781199 0.0
57853.18767277776 8.442595534244118 0.0 8.442595534244118 0.0
57853.18779 8.414273587185052 0.0 8.414273587185052 0.0
57853.187836666664 8.426149773176359 0.0 8.426149773176359 0.0
57853.18788333333 8.446415540563404 0.0 8.446415540563404 0.0
57853.18800055554 8.424426849461957 0.0 8.424426849461957 0.0
57853.188047222226 8.449470302160767 0.0 8.449470302160767 0.0
57853.18809388888 8.486231733358338 0.0 8.486231733358338 0.0
57853.21111388889 8.515829662382266 0.0 8.515829662382266 0.0
57853.21123111111 8.328729911306036 0.0 8.328729911306036 0.0
57853.211277777766 8.284848198815677 0.0 8.284848198815677 0.0
57853.21132444443 8.26399106891439 0.0 8.26399106891439 0.0
57853.21144166665 8.300213755506347 0.0 8.300213755506347 0.0
57853.21148833332 8.289130076151226 0.0 8.289130076151226 0.0
57853.211535 8.28095366177031 0.0 8.28095366177031 0.0
57853.21165222222 8.27432874189999 0.0 8.27432874189999 0.0
57853.21169888889 8.281148432122125 0.0 8.281148432122125 0.0
57853.21174555554 8.279784943443726 0.0 8.279784943443726 0.0
57853.211862777775 8.265942562806309 0.0 8.265942562806309 0.0
57853.21190944444 8.26574743415024 0.0 8.26574743415024 0.0
57853.2119561111 8.267893596081715 0.0 8.267893596081715 0.0
57853.21207333332 8.251490578931394 0.0 8.251490578931394 0.0
57853.21211999999 8.259891430982185 0.0 8.259891430982185 0.0
57853.212166666664 8.262234330314788 0.0 8.262234330314788 0.0
57853.212283888875 8.252858742239253 0.0 8.252858742239253 0.0
57853.21233055554 8.255399015385374 0.0 8.255399015385374 0.0
57853.212377222226 8.26984416906662 0.0 8.26984416906662 0.0
57853.21249444443 8.323112011044133 0.0 8.323112011044133 0.0
57853.21254111111 8.359271460769694 0.0 8.359271460769694 0.0
57853.21258777778 8.358499633847707 0.0 8.358499633847707 0.0
57853.21270499999 8.298270321132026 0.0 8.298270321132026 0.0
57853.21275166665 8.327180524275366 0.0 8.327180524275366 0.0
57853.21279833332 8.378736528048345 0.0 8.378736528048345 0.0
57853.21291555555 8.323887119260661 0.0 8.323887119260661 0.0
57853.21296222222 8.37295954922172 0.0 8.37295954922172 0.0
57853.21300888889 8.390086315831129 0.0 8.390086315831129 0.0
57853.2131261111 8.279590141016994 0.0 8.279590141016994 0.0
57853.213172777774 8.326405722643145 0.0 8.326405722643145 0.0
57853.213219444435 8.353674099924053 0.0 8.353674099924053 0.0
57853.21333666667 8.2221180851683 0.0 8.2221180851683 0.0
57853.213383333336 8.23113679288747 0.0 8.23113679288747 0.0
57853.21343 8.25637583540647 0.0 8.25637583540647 0.0
57853.21354722222 8.266137686856208 0.0 8.266137686856208 0.0
57853.21359388889 8.326405722643145 0.0 8.326405722643145 0.0
57853.21364055554 8.426149773176359 0.0 8.426149773176359 0.0
57853.213757777776 8.30215673494622 0.0 8.30215673494622 0.0
57853.213804444444 8.315550919618868 0.0 8.315550919618868 0.0
57853.2138511111 8.337439848407092 0.0 8.337439848407092 0.0
57853.21396833332 8.224275632383641 0.0 8.224275632383641 0.0
57853.214015 8.234271419284866 0.0 8.234271419284866 0.0
57853.21406166666 8.237796448236667 0.0 8.237796448236667 0.0
57853.21417888889 8.246993587108362 0.0 8.246993587108362 0.0
57853.21422555556 8.24425508675489 0.0 8.24425508675489 0.0
57853.21427222222 8.23622995495923 0.0 8.23622995495923 0.0
57853.21438944443 8.310506370193831 0.0 8.310506370193831 0.0
57853.21443611111 8.324855903044305 0.0 8.324855903044305 0.0
57853.21448277777 8.307400509534041 0.0 8.307400509534041 0.0
57853.23889166667 8.52661866195807 0.0 8.52661866195807 0.0
57853.239008888886 8.107543281692434 0.0 8.107543281692434 0.0
57853.23905555555 8.07145507927624 0.0 8.07145507927624 0.0
57853.23910222221 8.076449235775863 0.0 8.076449235775863 0.0
57853.23921944443 8.149411219579392 0.0 8.149411219579392 0.0
57853.2392661111 8.130190649671139 0.0 8.130190649671139 0.0
57853.239312777776 8.153764220759754 0.0 8.153764220759754 0.0
57853.23943 8.150796517578375 0.0 8.150796517578375 0.0
57853.23947666667 8.140103827506174 0.0 8.140103827506174 0.0
57853.23952333332 8.135148748565715 0.0 8.135148748565715 0.0
57853.239640555556 8.084632973894402 0.0 8.084632973894402 0.0
57853.23968722222 8.082637704243865 0.0 8.082637704243865 0.0
57853.23973388888 8.09300773467741 0.0 8.09300773467741 0.0
57853.2398511111 8.143075427585996 0.0 8.143075427585996 0.0
57853.23989777776 8.13435565582695 0.0 8.13435565582695 0.0
57853.239944444445 8.112714036144627 0.0 8.112714036144627 0.0
57853.24006166666 8.07465169527454 0.0 8.07465169527454 0.0
57853.240108333324 8.078845334296473 0.0 8.078845334296473 0.0
57853.240155 8.099581829110168 0.0 8.099581829110168 0.0
57853.24027222221 8.098187770192188 0.0 8.098187770192188 0.0
57853.240318888886 8.09440268572732 0.0 8.09440268572732 0.0
57853.24036555555 8.104558653482739 0.0 8.104558653482739 0.0
57853.240482777765 8.06345799509799 0.0 8.06345799509799 0.0
57853.24052944443 8.063257966371786 0.0 8.063257966371786 0.0
57853.2405761111 8.060657141225342 0.0 8.060657141225342 0.0
57853.24069333333 8.047239558763554 0.0 8.047239558763554 0.0
57853.24074 8.08802380265155 0.0 8.08802380265155 0.0
57853.24078666667 8.125626526712443 0.0 8.125626526712443 0.0
57853.24090388888 8.143471559000993 0.0 8.143471559000993 0.0
57853.240950555555 8.131182511311504 0.0 8.131182511311504 0.0
57853.24099722221 8.123244227166479 0.0 8.123244227166479 0.0
57853.24111444444 8.181410872885417 0.0 8.181410872885417 0.0
57853.24116111111 8.18535277187245 0.0 8.18535277187245 0.0
57853.24120777778 8.174507975723143 0.0 8.174507975723143 0.0
57853.241325 8.042628361906445 0.0 8.042628361906445 0.0
57853.24137166666 8.047840824437563 0.0 8.047840824437563 0.0
57853.241418333324 8.05825563450104 0.0 8.05825563450104 0.0
57853.24153555556 8.034602585671392 0.0 8.034602585671392 0.0
57853.241582222225 8.026568784456588 0.0 8.026568784456588 0.0
57853.24162888888 8.034803327781525 0.0 8.034803327781525 0.0
57853.241746111096 8.06585795288567 0.0 8.06585795288567 0.0
57853.24179277778 8.051647797691135 0.0 8.051647797691135 0.0
57853.24183944443 8.061857626322656 0.0 8.061857626322656 0.0
57853.241956666665 8.033598799879126 0.0 8.033598799879126 0.0
57853.24200333333 8.050846479237947 0.0 8.050846479237947 0.0
57853.24205 8.064058051506358 0.0 8.064058051506358 0.0
57853.24216722221 8.043430499081122 0.0 8.043430499081122 0.0
57853.24221388889 8.040622668874954 0.0 8.040622668874954 0.0
57853.24226055555 8.04804123634661 0.0 8.04804123634661 0.0
57853.271530555554 8.013697950304195 0.0 8.013697950304195 0.0
57853.27164777778 8.001814310396394 0.0 8.001814310396394 0.0
57853.27169444443 8.07405242617641 0.0 8.07405242617641 0.0
57853.2717411111 8.037813857816268 0.0 8.037813857816268 0.0
57853.27185833332 8.121854229733028 0.0 8.121854229733028 0.0
57853.27190499999 8.192837154805488 0.0 8.192837154805488 0.0
57853.27195166667 8.125428028427875 0.0 8.125428028427875 0.0
57853.27206888889 7.858424696443774 0.0 7.858424696443774 0.0
57853.272115555556 7.867860306744879 0.0 7.867860306744879 0.0
57853.27216222221 7.833962454718269 0.0 7.833962454718269 0.0
57853.27227944444 7.840548038778099 0.0 7.840548038778099 0.0
57853.27232611111 7.810043162079733 0.0 7.810043162079733 0.0
57853.27237277776 7.811282163144413 0.0 7.811282163144413 0.0
57853.27248999999 7.819330884664682 0.0 7.819330884664682 0.0
57853.27253666666 7.840959454128704 0.0 7.840959454128704 0.0
57853.27258333333 7.858014195506024 0.0 7.858014195506024 0.0
57853.27270055554 7.80756457009028 0.0 7.80756457009028 0.0
57853.27274722221 7.817061571517985 0.0 7.817061571517985 0.0
57853.272793888886 7.8104561842732085 0.0 7.8104561842732085 0.0
57853.2729111111 7.799710499176731 0.0 7.799710499176731 0.0
57853.27295777778 7.8386964024844445 0.0 7.8386964024844445 0.0
57853.27300444445 7.856987849329801 0.0 7.856987849329801 0.0
57853.27312166666 7.819537153203032 0.0 7.819537153203032 0.0
57853.27316833332 7.822011951393448 0.0 7.822011951393448 0.0
57853.27321499999 7.8697050811651215 0.0 7.8697050811651215 0.0
57853.27333222222 7.824073685252336 0.0 7.824073685252336 0.0
57853.27337888889 7.814378806343615 0.0 7.814378806343615 0.0
57853.273425555555 7.811901589985174 0.0 7.811901589985174 0.0
57853.273542777766 7.759697366895597 0.0 7.759697366895597 0.0
57853.27358944444 7.768214807169185 0.0 7.768214807169185 0.0
57853.2736361111 7.761567849595272 0.0 7.761567849595272 0.0
57853.273753333335 7.7492975748273984 0.0 7.7492975748273984 0.0
57853.2738 7.771536154039842 0.0 7.771536154039842 0.0
57853.27384666666 7.790813448770828 0.0 7.790813448770828 0.0
57853.27396388889 7.7868789557156814 0.0 7.7868789557156814 0.0
57853.27401055556 7.7769303173739655 0.0 7.7769303173739655 0.0
57853.27405722221 7.75886589650833 0.0 7.75886589650833 0.0
57853.27417444444 7.774441168590252 0.0 7.774441168590252 0.0
57853.27422111111 7.759073772458386 0.0 7.759073772458386 0.0
57853.274267777764 7.771121063311596 0.0 7.771121063311596 0.0
57853.27438499999 7.775685842585248 0.0 7.775685842585248 0.0
57853.274431666665 7.798883294751967 0.0 7.798883294751967 0.0
57853.27447833332 7.8110756766149985 0.0 7.8110756766149985 0.0
57853.27459555556 7.82757738651848 0.0 7.82757738651848 0.0
57853.27464222222 7.841782220075789 0.0 7.841782220075789 0.0
57853.27468888889 7.823249056910537 0.0 7.823249056910537 0.0
57853.2748061111 7.825516575755198 0.0 7.825516575755198 0.0
57853.27485277778 7.848361242549198 0.0 7.848361242549198 0.0
57853.274899444434 7.8512378313149425 0.0 7.8512378313149425 0.0
57853.27708611111 8.068057287048523 0.0 8.068057287048523 0.0
57853.27720333333 7.825722681252573 0.0 7.825722681252573 0.0
57853.27724999999 7.808597412364598 0.0 7.808597412364598 0.0
57853.27729666665 7.852881123223747 0.0 7.852881123223747 0.0
57853.27741388888 7.843838757369563 0.0 7.843838757369563 0.0
57853.277460555546 7.843221852801186 0.0 7.843221852801186 0.0
57853.27750722222 7.818093159150849 0.0 7.818093159150849 0.0
57853.27762444445 7.919147885082489 0.0 7.919147885082489 0.0
57853.277671111115 8.034803327781525 0.0 8.034803327781525 0.0
57853.27771777777 8.143471559000993 0.0 8.143471559000993 0.0
57853.277835 7.870114972312625 0.0 7.870114972312625 0.0
57853.27788166667 7.880355321938218 0.0 7.880355321938218 0.0
57853.27792833332 7.9075300984608665 0.0 7.9075300984608665 0.0
57853.27804555555 7.953899429149973 0.0 7.953899429149973 0.0
57853.27809222221 7.986076593349122 0.0 7.986076593349122 0.0
57853.27813888889 7.9388794203976225 0.0 7.9388794203976225 0.0
57853.2782561111 7.998790231109348 0.0 7.998790231109348 0.0
57853.27830277777 8.099780960797842 0.0 8.099780960797842 0.0
57853.278349444445 8.148421576817707 0.0 8.148421576817707 0.0
57853.278466666656 7.882401795424801 0.0 7.882401795424801 0.0
57853.27851333333 7.902225084767111 0.0 7.902225084767111 0.0
57853.27856 7.903449634750149 0.0 7.903449634750149 0.0
57853.27867722221 7.877079858473837 0.0 7.877079858473837 0.0
57853.27872388888 7.892013112491765 0.0 7.892013112491765 0.0
57853.278770555546 7.952479832346069 0.0 7.952479832346069 0.0
57853.27888777778 7.829637654863194 0.0 7.829637654863194 0.0
57853.278934444446 7.83416833801694 0.0 7.83416833801694 0.0
57853.278981111114 7.860066485805977 0.0 7.860066485805977 0.0
57853.279098333325 7.923627386982678 0.0 7.923627386982678 0.0
57853.279145 7.909977366306674 0.0 7.909977366306674 0.0
57853.279191666654 7.897529217542375 0.0 7.897529217542375 0.0
57853.27930888889 7.857603673122675 0.0 7.857603673122675 0.0
57853.279355555555 7.900592056213869 0.0 7.900592056213869 0.0
57853.27940222222 7.925662687262061 0.0 7.925662687262061 0.0
57853.27951944445 7.809217052159707 0.0 7.809217052159707 0.0
57853.27956611111 7.813965991487872 0.0 7.813965991487872 0.0
57853.27961277777 7.812727416044884 0.0 7.812727416044884 0.0
57853.27973 7.803018439949604 0.0 7.803018439949604 0.0
57853.27977666667 7.796814899729579 0.0 7.796814899729579 0.0
57853.27982333332 7.803845206050668 0.0 7.803845206050668 0.0
57853.27994055554 7.814378806343615 0.0 7.814378806343615 0.0
57853.279987222224 7.821393325257789 0.0 7.821393325257789 0.0
57853.28003388888 7.821805748117907 0.0 7.821805748117907 0.0
57853.28015111111 7.804878540519261 0.0 7.804878540519261 0.0
57853.28019777778 7.813140296341964 0.0 7.813140296341964 0.0
57853.280244444446 7.830873555687212 0.0 7.830873555687212 0.0
57853.28036166666 7.814997987740439 0.0 7.814997987740439 0.0
57853.28040833333 7.834991817110823 0.0 7.834991817110823 0.0
57853.280454999986 7.825104348474603 0.0 7.825104348474603 0.0
57853.296530555555 8.028176187853989 0.0 8.028176187853989 0.0
57853.29664777778 7.903653707968479 0.0 7.903653707968479 0.0
57853.296694444434 7.845072420973728 0.0 7.845072420973728 0.0
57853.2967411111 7.85904040764725 0.0 7.85904040764725 0.0
57853.29685833332 7.871549423244488 0.0 7.871549423244488 0.0
57853.29690499999 7.877284614841957 0.0 7.877284614841957 0.0
57853.29695166666 7.8329329570523845 0.0 7.8329329570523845 0.0
57853.29706888889 7.909977366306674 0.0 7.909977366306674 0.0
57853.29711555556 7.921998770268083 0.0 7.921998770268083 0.0
57853.29716222221 7.949639878230233 0.0 7.949639878230233 0.0
57853.29727944444 7.811488644215626 0.0 7.811488644215626 0.0
57853.29732611111 7.7924694831074754 0.0 7.7924694831074754 0.0
57853.297372777764 7.785428904421802 0.0 7.785428904421802 0.0
57853.29748999999 7.834785955451618 0.0 7.834785955451618 0.0
57853.29753666666 7.846100325803937 0.0 7.846100325803937 0.0
57853.29758333333 7.893034904268446 0.0 7.893034904268446 0.0
57853.297700555544 7.814172401641817 0.0 7.814172401641817 0.0
57853.29774722221 7.840959454128704 0.0 7.840959454128704 0.0
57853.29779388889 7.866630216791809 0.0 7.866630216791809 0.0
57853.2979111111 7.787293206491648 0.0 7.787293206491648 0.0
57853.29795777778 7.801157895859372 0.0 7.801157895859372 0.0
57853.29800444444 7.808390854839137 0.0 7.808390854839137 0.0
57853.29812166665 7.787707435232413 0.0 7.787707435232413 0.0
57853.29816833332 7.782320741850226 0.0 7.782320741850226 0.0
57853.29821499999 7.766761271286849 0.0 7.766761271286849 0.0
57853.29833222222 7.7924694831074754 0.0 7.7924694831074754 0.0
57853.29837888889 7.817474222906427 0.0 7.817474222906427 0.0
57853.29842555556 7.858424696443774 0.0 7.858424696443774 0.0
57853.29854277777 7.820362172951393 0.0 7.820362172951393 0.0
57853.29858944444 7.828813612588127 0.0 7.828813612588127 0.0
57853.298636111096 7.879945963462997 0.0 7.879945963462997 0.0
57853.298753333336 7.905490129874832 0.0 7.905490129874832 0.0
57853.2988 7.867655305108377 0.0 7.867655305108377 0.0
57853.298846666665 7.842399237889616 0.0 7.842399237889616 0.0
57853.29896388889 7.885470509823134 0.0 7.885470509823134 0.0
57853.29901055556 7.866630216791809 0.0 7.866630216791809 0.0
57853.29905722221 7.824073685252336 0.0 7.824073685252336 0.0
57853.299174444444 7.846922552720085 0.0 7.846922552720085 0.0
57853.29922111111 7.881173975100819 0.0 7.881173975100819 0.0
57853.299267777766 7.869295168667453 0.0 7.869295168667453 0.0
57853.29938499999 7.797228622629222 0.0 7.797228622629222 0.0
57853.299431666666 7.7899852995844565 0.0 7.7899852995844565 0.0
57853.29947833332 7.79433210116337 0.0 7.79433210116337 0.0
57853.29959555555 7.83684432869877 0.0 7.83684432869877 0.0
57853.29964222222 7.850826954593239 0.0 7.850826954593239 0.0
57853.29968888889 7.889560272304317 0.0 7.889560272304317 0.0
57853.2998061111 7.803845206050668 0.0 7.803845206050668 0.0
57853.299852777775 7.802398307881924 0.0 7.802398307881924 0.0
57853.299899444435 7.8705248421133005 0.0 7.8705248421133005 0.0
57853.302086111114 8.113310449601501 0.0 8.113310449601501 0.0
57853.30220333333 7.844250000128509 0.0 7.844250000128509 0.0
57853.302249999986 7.789364129913757 0.0 7.789364129913757 0.0
57853.302296666654 7.800537615880985 0.0 7.800537615880985 0.0
57853.30241388888 7.795366696665646 0.0 7.795366696665646 0.0
57853.30246055555 7.825722681252573 0.0 7.825722681252573 0.0
57853.30250722222 7.802398307881924 0.0 7.802398307881924 0.0
57853.30262444444 7.7675918965254445 0.0 7.7675918965254445 0.0
57853.30267111111 7.793711277938834 0.0 7.793711277938834 0.0
57853.30271777777 7.817267899935042 0.0 7.817267899935042 0.0
57853.302835 7.790813448770828 0.0 7.790813448770828 0.0
57853.30288166667 7.799503706295429 0.0 7.799503706295429 0.0
57853.30292833332 7.796814899729579 0.0 7.796814899729579 0.0
57853.30304555554 7.835197673361225 0.0 7.835197673361225 0.0
57853.30309222221 7.823455222144704 0.0 7.823455222144704 0.0
57853.30313888889 7.830255629658999 0.0 7.830255629658999 0.0
57853.3032561111 7.842399237889616 0.0 7.842399237889616 0.0
57853.303302777764 7.877898852015088 0.0 7.877898852015088 0.0
57853.303349444446 7.886493149274168 0.0 7.886493149274168 0.0
57853.30346666666 7.847950215224683 0.0 7.847950215224683 0.0
57853.30351333333 7.858014195506024 0.0 7.858014195506024 0.0
57853.30356 7.838490638118474 0.0 7.838490638118474 0.0
57853.30367722221 7.790192345134589 0.0 7.790192345134589 0.0
57853.30372388888 7.807357985239143 0.0 7.807357985239143 0.0
57853.30377055555 7.823455222144704 0.0 7.823455222144704 0.0
57853.30388777778 7.798676479936174 0.0 7.798676479936174 0.0
57853.30393444445 7.820774650188577 0.0 7.820774650188577 0.0
57853.30398111111 7.825104348474603 0.0 7.825104348474603 0.0
57853.30409833332 7.801364644892627 0.0 7.801364644892627 0.0
57853.304145 7.803018439949604 0.0 7.803018439949604 0.0
57853.304191666655 7.821393325257789 0.0 7.821393325257789 0.0
57853.30430888889 7.818505756093329 0.0 7.818505756093329 0.0
57853.304355555556 7.839519405941224 0.0 7.839519405941224 0.0
57853.304402222224 7.862938792309966 0.0 7.862938792309966 0.0
57853.30451944444 7.798676479936174 0.0 7.798676479936174 0.0
57853.30456611111 7.799917286575503 0.0 7.799917286575503 0.0
57853.30461277776 7.7924694831074754 0.0 7.7924694831074754 0.0
57853.30473 7.797435475847171 0.0 7.797435475847171 0.0
57853.304776666664 7.7887429107033865 0.0 7.7887429107033865 0.0
57853.304823333325 7.820980880649426 0.0 7.820980880649426 0.0
57853.30494055554 7.814172401641817 0.0 7.814172401641817 0.0
57853.304987222225 7.856987849329801 0.0 7.856987849329801 0.0
57853.30503388888 7.852264929058942 0.0 7.852264929058942 0.0
57853.30515111111 7.812314513927107 0.0 7.812314513927107 0.0
57853.30519777778 7.819537153203032 0.0 7.819537153203032 0.0
57853.30524444445 7.833344772354951 0.0 7.833344772354951 0.0
57853.30536166666 7.871344517687498 0.0 7.871344517687498 0.0
57853.30540833333 7.899979583477089 0.0 7.899979583477089 0.0
57853.30545499999 7.935018344593304 0.0 7.935018344593304 0.0
57853.31872611111 8.101572925732864 0.0 8.101572925732864 0.0
57853.31877277778 8.08343587120421 0.0 8.08343587120421 0.0
57853.318819444445 8.019733725770331 0.0 8.019733725770331 0.0
57853.31893666667 7.894260879823372 0.0 7.894260879823372 0.0
57853.31898333333 7.906918163147364 0.0 7.906918163147364 0.0
57853.31903 7.9130353867689776 0.0 7.9130353867689776 0.0
57853.319147222224 7.864784721127299 0.0 7.864784721127299 0.0
57853.31919388888 7.893443583943779 0.0 7.893443583943779 0.0
57853.31924055555 7.8956909440447935 0.0 7.8956909440447935 0.0
57853.31935777778 7.8742127102619985 0.0 7.8742127102619985 0.0
57853.319404444446 7.878922474224423 0.0 7.878922474224423 0.0
57853.319451111114 7.8858795815174325 0.0 7.8858795815174325 0.0
57853.31956833333 7.870114972312625 0.0 7.870114972312625 0.0
57853.319615 7.899571241937857 0.0 7.899571241937857 0.0
57853.31966166667 7.896303749427691 0.0 7.896303749427691 0.0
57853.31977888888 7.882606413551786 0.0 7.882606413551786 0.0
57853.31982555555 7.882197171986026 0.0 7.882197171986026 0.0
57853.31987222222 7.899571241937857 0.0 7.899571241937857 0.0
57853.31998944445 7.911812320419916 0.0 7.911812320419916 0.0
57853.3200361111 7.970914870387699 0.0 7.970914870387699 0.0
57853.32008277778 7.980823791257189 0.0 7.980823791257189 0.0
57853.32019999999 7.845483599066777 0.0 7.845483599066777 0.0
57853.32024666667 7.863554150062664 0.0 7.863554150062664 0.0
57853.32029333332 7.900183746331882 0.0 7.900183746331882 0.0
57853.320410555556 7.919555217227144 0.0 7.919555217227144 0.0
57853.32045722221 7.928307796505446 0.0 7.928307796505446 0.0
57853.32050388888 7.933392066286612 0.0 7.933392066286612 0.0
57853.32062111111 7.951668520383914 0.0 7.951668520383914 0.0
57853.32066777778 8.019934840053857 0.0 8.019934840053857 0.0
57853.320714444446 7.995563285852005 0.0 7.995563285852005 0.0
57853.320831666664 7.854113366522892 0.0 7.854113366522892 0.0
57853.320878333325 7.853291892473314 0.0 7.853291892473314 0.0
57853.320924999985 7.85185410608385 0.0 7.85185410608385 0.0
57853.321042222226 7.844455613423263 0.0 7.844455613423263 0.0
57853.32108888888 7.863554150062664 0.0 7.863554150062664 0.0
57853.32113555555 7.884856862488722 0.0 7.884856862488722 0.0
57853.32125277778 7.9032455562623545 0.0 7.9032455562623545 0.0
57853.32129944443 7.931562104614376 0.0 7.931562104614376 0.0
57853.3213461111 7.942129396757441 0.0 7.942129396757441 0.0
57853.321463333334 7.850621508168389 0.0 7.850621508168389 0.0
57853.32151 7.874007874011811 0.0 7.874007874011811 0.0
57853.32361388889 8.076648937803112 0.0 8.076648937803112 0.0
57853.32373111111 7.939895180912086 0.0 7.939895180912086 0.0
57853.32377777777 7.9384730798000245 0.0 7.9384730798000245 0.0
57853.32382444444 7.926069684601649 0.0 7.926069684601649 0.0
57853.323941666655 7.867450298130162 0.0 7.867450298130162 0.0
57853.32398833332 7.87830831685863 0.0 7.87830831685863 0.0
57853.324035 7.8832202360661325 0.0 7.8832202360661325 0.0
57853.32415222222 7.867245285809816 0.0 7.867245285809816 0.0
57853.32419888889 7.886084109407226 0.0 7.886084109407226 0.0
57853.324245555545 7.893239246751084 0.0 7.893239246751084 0.0
57853.32436277778 7.886902167927 0.0 7.886902167927 0.0
57853.324409444445 7.895486665014346 0.0 7.895486665014346 0.0
57853.3244561111 7.927290551245801 0.0 7.927290551245801 0.0
57853.324573333324 7.87646555743243 0.0 7.87646555743243 0.0
57853.324619999985 7.87175432346769 0.0 7.87175432346769 0.0
57853.32466666667 7.868475279608271 0.0 7.868475279608271 0.0
57853.32478388888 7.904673995032429 0.0 7.904673995032429 0.0
57853.324830555546 7.925459180754541 0.0 7.925459180754541 0.0
57853.32487722222 7.93115538912532 0.0 7.93115538912532 0.0
57853.32499444443 7.874007874011811 0.0 7.874007874011811 0.0
57853.32504111111 7.885470509823134 0.0 7.885470509823134 0.0
57853.325087777775 7.920980714777114 0.0 7.920980714777114 0.0
57853.32520499999 7.953088262004 0.0 7.953088262004 0.0
57853.325251666654 7.949234087674433 0.0 7.949234087674433 0.0
57853.32529833332 7.967676635490545 0.0 7.967676635490545 0.0
57853.325415555555 7.875032001983108 0.0 7.875032001983108 0.0
57853.32546222222 7.884856862488722 0.0 7.884856862488722 0.0
57853.32550888889 7.908549885429223 0.0 7.908549885429223 0.0
57853.3256261111 7.917110910003113 0.0 7.917110910003113 0.0
57853.32567277778 7.9091616944956575 0.0 7.9091616944956575 0.0
57853.32571944443 7.9211843363428045 0.0 7.9211843363428045 0.0
57853.32583666666 7.870319909881107 0.0 7.870319909881107 0.0
57853.32588333333 7.86704026814692 0.0 7.86704026814692 0.0
57853.32593 7.871959218357516 0.0 7.871959218357516 0.0
57853.326047222225 7.8686802598820895 0.0 7.8686802598820895 0.0
57853.32609388889 7.873598185524632 0.0 7.873598185524632 0.0
57853.326140555546 7.873803032432827 0.0 7.873803032432827 0.0
57853.32625777778 7.9215915637721315 0.0 7.9215915637721315 0.0
57853.32630444445 7.929528318559605 0.0 7.929528318559605 0.0
57853.3263511111 7.974960814950754 0.0 7.974960814950754 0.0
57853.32646833332 7.9032455562623545 0.0 7.9032455562623545 0.0
57853.326515 7.9091616944956575 0.0 7.9091616944956575 0.0
57853.326561666654 7.915684715558663 0.0 7.915684715558663 0.0
57853.32667888889 7.8965080073205405 0.0 7.8965080073205405 0.0
57853.326725555555 7.953899429149973 0.0 7.953899429149973 0.0
57853.32677222222 7.999193507735236 0.0 7.999193507735236 0.0
57853.32688944443 7.9703078015602955 0.0 7.9703078015602955 0.0
57853.32693611111 7.999798384556225 0.0 7.999798384556225 0.0
57853.32698277777 8.001612740667527 0.0 8.001612740667527 0.0
57853.34305833333 8.771471351912366 0.0 8.771471351912366 0.0
57853.34317555556 8.351549981696463 0.0 8.351549981696463 0.0
57853.34322222221 8.471203593503148 0.0 8.471203593503148 0.0
57853.34326888888 8.42251207641873 0.0 8.42251207641873 0.0
57853.3433861111 8.271989268103102 0.0 8.271989268103102 0.0
57853.343432777765 8.388740533711571 0.0 8.388740533711571 0.0
57853.34347944445 8.49515991229617 0.0 8.49515991229617 0.0
57853.343596666666 8.192640284957571 0.0 8.192640284957571 0.0
57853.34364333333 8.172929352046816 0.0 8.172929352046816 0.0
57853.34368999999 8.187520007362899 0.0 8.187520007362899 0.0
57853.34380722222 8.159301045333914 0.0 8.159301045333914 0.0
57853.34385388889 8.146837898346542 0.0 8.146837898346542 0.0
57853.34390055554 8.085829899354199 0.0 8.085829899354199 0.0
57853.34401777777 8.141886917701887 0.0 8.141886917701887 0.0
57853.344064444434 8.128404993720201 0.0 8.128404993720201 0.0
57853.34411111111 8.13435565582695 0.0 8.13435565582695 0.0
57853.34422833332 8.203657720797473 0.0 8.203657720797473 0.0
57853.34427499999 8.37392265579049 0.0 8.37392265579049 0.0
57853.344321666664 8.574719030476329 0.0 8.574719030476329 0.0
57853.344438888875 8.293993162563202 0.0 8.293993162563202 0.0
57853.34448555556 8.316520674478737 0.0 8.316520674478737 0.0
57853.344532222225 8.329698131849794 0.0 8.329698131849794 0.0
57853.344649444436 8.304099259770986 0.0 8.304099259770986 0.0
57853.3446961111 8.516776612719614 0.0 8.516776612719614 0.0
57853.344742777765 8.912658630900644 0.0 8.912658630900644 0.0
57853.34486 8.266137686856208 0.0 8.266137686856208 0.0
57853.344906666665 8.289713797153052 0.0 8.289713797153052 0.0
57853.34495333333 8.41638187530531 0.0 8.41638187530531 0.0
57853.345070555544 8.371225678169159 0.0 8.371225678169159 0.0
57853.34511722222 8.516208455152617 0.0 8.516208455152617 0.0
57853.34516388888 8.549476497838729 0.0 8.549476497838729 0.0
57853.34528111111 8.248753571532548 0.0 8.248753571532548 0.0
57853.34532777778 8.297298433244556 0.0 8.297298433244556 0.0
57853.34537444444 8.444696751559908 0.0 8.444696751559908 0.0
57853.34549166667 8.249731178415999 0.0 8.249731178415999 0.0
57853.345538333335 8.33705293331542 0.0 8.33705293331542 0.0
57853.34558499999 8.345947442302608 0.0 8.345947442302608 0.0
57853.34570222222 8.573778479722627 0.0 8.573778479722627 0.0
57853.34574888889 8.602887737228402 0.0 8.602887737228402 0.0
57853.34579555554 8.696495400910905 0.0 8.696495400910905 0.0
57853.34591277777 8.230940839100606 0.0 8.230940839100606 0.0
57853.34595944444 8.334344024731681 0.0 8.334344024731681 0.0
57853.346006111096 8.379314006874695 0.0 8.379314006874695 0.0
57853.34612333334 8.309147699004452 0.0 8.309147699004452 0.0
57853.34617 8.367564103863087 0.0 8.367564103863087 0.0
57853.346216666665 8.367371345040594 0.0 8.367371345040594 0.0
57853.346333888876 8.476533070968685 0.0 8.476533070968685 0.0
57853.34638055556 8.507681538544466 0.0 8.507681538544466 0.0
57853.34642722221 8.549853799919621 0.0 8.549853799919621 0.0
57853.34861388889 9.196773627815915 0.0 9.196773627815915 0.0
57853.34873111111 8.225256148575399 0.0 8.225256148575399 0.0
57853.34877777776 8.474439747396762 0.0 8.474439747396762 0.0
57853.34882444443 9.114504569552155 0.0 9.114504569552155 0.0
57853.348941666656 9.229336117039532 0.0 9.229336117039532 0.0
57853.348988333324 9.710154312583995 0.0 9.710154312583995 0.0
57853.349035 10.13935163671244 0.0 10.13935163671244 0.0
57853.349152222225 8.393738065348325 0.0 8.393738065348325 0.0
57853.349198888885 8.439538284267268 0.0 8.439538284267268 0.0
57853.349245555546 8.364865076134551 0.0 8.364865076134551 0.0
57853.34936277778 8.22466785288759 0.0 8.22466785288759 0.0
57853.34940944445 8.210928987557358 0.0 8.210928987557358 0.0
57853.3494561111 8.203264495741728 0.0 8.203264495741728 0.0
57853.34957333332 8.191458966508957 0.0 8.191458966508957 0.0
57853.349619999986 8.268478816292866 0.0 8.268478816292866 0.0
57853.34966666667 8.326986830626032 0.0 8.326986830626032 0.0
57853.34978388888 8.137923964477237 0.0 8.137923964477237 0.0
57853.34983055554 8.227216830386418 0.0 8.227216830386418 0.0
57853.34987722222 8.352322450826515 0.0 8.352322450826515 0.0
57853.349994444434 8.468918505048993 0.0 8.468918505048993 0.0
57853.35004111111 8.510145747586305 0.0 8.510145747586305 0.0
57853.35008777778 8.55004244471638 0.0 8.55004244471638 0.0
57853.35020499999 8.887468524512114 0.0 8.887468524512114 0.0
57853.350251666656 9.415155935528768 0.0 9.415155935528768 0.0
57853.350298333324 9.861623238758709 0.0 9.861623238758709 0.0
57853.35041555556 8.30157388886337 0.0 8.30157388886337 0.0
57853.350462222224 8.386048321564386 0.0 8.386048321564386 0.0
57853.35050888889 8.423852463248668 0.0 8.423852463248668 0.0
57853.350626111096 8.557961771205767 0.0 8.557961771205767 0.0
57853.35067277778 8.637876083031433 0.0 8.637876083031433 0.0
57853.35071944443 8.584306761797668 0.0 8.584306761797668 0.0
57853.350836666665 8.218586331621916 0.0 8.218586331621916 0.0
57853.35088333333 8.335311593146276 0.0 8.335311593146276 0.0
57853.35093 8.455195005477115 0.0 8.455195005477115 0.0
57853.35104722222 8.461487705690317 0.0 8.461487705690317 0.0
57853.35109388889 8.448133979876 0.0 8.448133979876 0.0
57853.35114055555 8.510714309887046 0.0 8.510714309887046 0.0
57853.35125777778 8.152181580174048 0.0 8.152181580174048 0.0
57853.35130444445 8.168586563880737 0.0 8.168586563880737 0.0
57853.3513511111 8.197167095228496 0.0 8.197167095228496 0.0
57853.35146833332 8.233096074244607 0.0 8.233096074244607 0.0
57853.351515 8.260672471259188 0.0 8.260672471259188 0.0
57853.351561666655 8.262429541937642 0.0 8.262429541937642 0.0
57853.35167888889 8.247580290313111 0.0 8.247580290313111 0.0
57853.351725555556 8.272574198577354 0.0 8.272574198577354 0.0
57853.351772222224 8.271014292053597 0.0 8.271014292053597 0.0
57853.351889444435 8.170560844650081 0.0 8.170560844650081 0.0
57853.35193611111 8.21367859908289 0.0 8.21367859908289 0.0
57853.35198277776 8.242494141788598 0.0 8.242494141788598 0.0
57853.35416944444 8.306235512378441 0.0 8.306235512378441 0.0
57853.35428666667 8.430359882112713 0.0 8.430359882112713 0.0
57853.35433333332 8.563048899288903 0.0 8.563048899288903 0.0
57853.35437999999 8.82518390560457 0.0 8.82518390560457 0.0
57853.35449722221 8.43514154612866 0.0 8.43514154612866 0.0
57853.354543888876 8.453859588110266 0.0 8.453859588110266 0.0
57853.35459055556 8.459771978929684 0.0 8.459771978929684 0.0
57853.35470777778 8.27432874189999 0.0 8.27432874189999 0.0
57853.354754444445 8.482429658018145 0.0 8.482429658018145 0.0
57853.3548011111 8.736833411741129 0.0 8.736833411741129 0.0
57853.35491833333 8.80505719788716 0.0 8.80505719788716 0.0
57853.354965 8.733325125170566 0.0 8.733325125170566 0.0
57853.35501166665 8.54513632651403 0.0 8.54513632651403 0.0
57853.35512888888 8.353481020585988 0.0 8.353481020585988 0.0
57853.355175555545 8.415615286190388 0.0 8.415615286190388 0.0
57853.35522222222 8.373537426455922 0.0 8.373537426455922 0.0
57853.35533944443 8.20778544648213 0.0 8.20778544648213 0.0
57853.3553861111 8.255985121266912 0.0 8.255985121266912 0.0
57853.355432777775 8.31438706448434 0.0 8.31438706448434 0.0
57853.355549999986 8.275693129532629 0.0 8.275693129532629 0.0
57853.35559666667 8.368527831376086 0.0 8.368527831376086 0.0
57853.355643333336 8.472536277157031 0.0 8.472536277157031 0.0
57853.35576055555 8.418106445575054 0.0 8.418106445575054 0.0
57853.35580722221 8.63358035101425 0.0 8.63358035101425 0.0
57853.355853888876 8.628908651511441 0.0 8.628908651511441 0.0
57853.35597111111 8.399500753213003 0.0 8.399500753213003 0.0
57853.356017777776 8.641049816745872 0.0 8.641049816745872 0.0
57853.356064444444 9.000358415802296 0.0 9.000358415802296 0.0
57853.356181666655 8.875119263169589 0.0 8.875119263169589 0.0
57853.35622833333 9.456180774430534 0.0 9.456180774430534 0.0
57853.35627499999 9.806021849666104 0.0 9.806021849666104 0.0
57853.356392222224 8.539660792538127 0.0 8.539660792538127 0.0
57853.35643888889 8.66788659734979 0.0 8.66788659734979 0.0
57853.35648555555 8.65224192464477 0.0 8.65224192464477 0.0
57853.35660277778 8.518859532938402 0.0 8.518859532938402 0.0
57853.356649444446 8.739233006871203 0.0 8.739233006871203 0.0
57853.3566961111 8.879116491938788 0.0 8.879116491938788 0.0
57853.35681333333 8.266527921138822 0.0 8.266527921138822 0.0
57853.35686 8.297492819929055 0.0 8.297492819929055 0.0
57853.35690666665 8.32214302425337 0.0 8.32214302425337 0.0
57853.35702388888 8.260672471259188 0.0 8.260672471259188 0.0
57853.357070555554 8.370262261278356 0.0 8.370262261278356 0.0
57853.35711722221 8.471203593503148 0.0 8.471203593503148 0.0
57853.35723444445 8.25461747614142 0.0 8.25461747614142 0.0
57853.35728111111 8.251881505880752 0.0 8.251881505880752 0.0
57853.357327777776 8.266723031372187 0.0 8.266723031372187 0.0
57853.35744499999 8.183579152298552 0.0 8.183579152298552 0.0
57853.35749166667 8.179242018671413 0.0 8.179242018671413 0.0
57853.35753833332 8.262624748948454 0.0 8.262624748948454 0.0
57853.370141666666 8.655224042496325 0.0 8.655224042496325 0.0
57853.37025888889 8.405259490151044 0.0 8.405259490151044 0.0
57853.370305555545 8.381046204613774 0.0 8.381046204613774 0.0
57853.37035222221 8.466632799864533 0.0 8.466632799864533 0.0
57853.37046944443 8.806522509462939 0.0 8.806522509462939 0.0
57853.3705161111 9.10264052438242 0.0 9.10264052438242 0.0
57853.370562777774 9.34068450900544 0.0 9.34068450900544 0.0
57853.37068 8.615252790554742 0.0 8.615252790554742 0.0
57853.37072666667 8.721867216481543 0.0 8.721867216481543 0.0
57853.37077333332 8.882204027554016 0.0 8.882204027554016 0.0
57853.370890555554 8.395467287038997 0.0 8.395467287038997 0.0
57853.37093722222 8.464918115946391 0.0 8.464918115946391 0.0
57853.370983888875 8.614503898620908 0.0 8.614503898620908 0.0
57853.3711011111 9.119988681373849 0.0 9.119988681373849 0.0
57853.37114777777 9.101222888409893 0.0 9.101222888409893 0.0
57853.371194444444 8.860932740533473 0.0 8.860932740533473 0.0
57853.371311666655 9.307645140663462 0.0 9.307645140663462 0.0
57853.37135833332 10.025934113024565 0.0 10.025934113024565 0.0
57853.371405 10.74754285496712 0.0 10.74754285496712 0.0
57853.37152222221 9.52687201145164 0.0 9.52687201145164 0.0
57853.37156888889 10.871240544102681 0.0 10.871240544102681 0.0
57853.37161555555 12.109180734654021 0.0 12.109180734654021 0.0
57853.37173277776 9.037912976331535 0.0 9.037912976331535 0.0
57853.37177944443 9.31145669626679 0.0 9.31145669626679 0.0
57853.3718261111 9.498726569999418 0.0 9.498726569999418 0.0
57853.37194333333 8.505406250372227 0.0 8.505406250372227 0.0
57853.37199 8.54173813240494 0.0 8.54173813240494 0.0
57853.37203666667 8.46987070015944 0.0 8.46987070015944 0.0
57853.37215388888 8.342081429753918 0.0 8.342081429753918 0.0
57853.372200555554 8.3694914479181 0.0 8.3694914479181 0.0
57853.37224722221 8.427106800809996 0.0 8.427106800809996 0.0
57853.37236444445 8.37546339594259 0.0 8.37546339594259 0.0
57853.37241111111 8.368335094752391 0.0 8.368335094752391 0.0
57853.372457777776 8.491551778850745 0.0 8.491551778850745 0.0
57853.372575 8.311670768728868 0.0 8.311670768728868 0.0
57853.37262166667 8.28854631404084 0.0 8.28854631404084 0.0
57853.37266833332 8.281343197893102 0.0 8.281343197893102 0.0
57853.372785555555 8.339567560537787 0.0 8.339567560537787 0.0
57853.37283222222 8.42806371977076 0.0 8.42806371977076 0.0
57853.37287888888 8.40756188048554 0.0 8.40756188048554 0.0
57853.3729961111 8.613942186943211 0.0 8.613942186943211 0.0
57853.37304277778 8.882204027554016 0.0 8.882204027554016 0.0
57853.37308944443 8.957786304878619 0.0 8.957786304878619 0.0
57853.37320666666 8.426724002799357 0.0 8.426724002799357 0.0
57853.37325333333 8.603450170641409 0.0 8.603450170641409 0.0
57853.3733 8.701501538944761 0.0 8.701501538944761 0.0
57853.37341722221 8.622551078235153 0.0 8.622551078235153 0.0
57853.373463888885 8.698164433725603 0.0 8.698164433725603 0.0
57853.373510555546 8.8645724748174 0.0 8.8645724748174 0.0
57853.375697222225 10.096470159289302 0.0 10.096470159289302 0.0
57853.375814444444 9.272922774087657 0.0 9.272922774087657 0.0
57853.3758611111 9.467431439652263 0.0 9.467431439652263 0.0
57853.375907777765 9.703175403094896 0.0 9.703175403094896 0.0
57853.37602499999 8.499905122810148 0.0 8.499905122810148 0.0
57853.37607166666 8.584118869994377 0.0 8.584118869994377 0.0
57853.37611833333 8.674768752146989 0.0 8.674768752146989 0.0
57853.37623555556 8.594071474925551 0.0 8.594071474925551 0.0
57853.37628222222 8.624608453010602 0.0 8.624608453010602 0.0
57853.37632888888 8.645901508994063 0.0 8.645901508994063 0.0
57853.37644611111 8.450233820013693 0.0 8.450233820013693 0.0
57853.37649277778 8.487752086616984 0.0 8.487752086616984 0.0
57853.376539444434 8.481288703051922 0.0 8.481288703051922 0.0
57853.37665666665 8.563802290888047 0.0 8.563802290888047 0.0
57853.37670333332 8.66695615728256 0.0 8.66695615728256 0.0
57853.37675 8.621428666877927 0.0 8.621428666877927 0.0
57853.376867222214 8.667514433308598 0.0 8.667514433308598 0.0
57853.376913888875 8.820065101069083 0.0 8.820065101069083 0.0
57853.37696055556 8.81128308916581 0.0 8.81128308916581 0.0
57853.37707777777 8.496299004519177 0.0 8.496299004519177 0.0
57853.37712444444 8.78745440037726 0.0 8.78745440037726 0.0
57853.37717111111 9.191510809858297 0.0 9.191510809858297 0.0
57853.37728833332 8.472155531789928 0.0 8.472155531789928 0.0
57853.37733499999 8.527564414222251 0.0 8.527564414222251 0.0
57853.37738166666 8.56248381208736 0.0 8.56248381208736 0.0
57853.37749888889 8.42595835460563 0.0 8.42595835460563 0.0
57853.37754555556 8.466251789005492 0.0 8.466251789005492 0.0
57853.37759222222 8.50237158566039 0.0 8.50237158566039 0.0
57853.37770944443 8.607198787511646 0.0 8.607198787511646 0.0
57853.37775611111 8.991573115799826 0.0 8.991573115799826 0.0
57853.377802777766 9.537701082309294 0.0 9.537701082309294 0.0
57853.37792 9.861786790925741 0.0 9.861786790925741 0.0
57853.37796666667 10.830214604849564 0.0 10.830214604849564 0.0
57853.378013333335 11.66328676079415 0.0 11.66328676079415 0.0
57853.37813055555 9.057522270324228 0.0 9.057522270324228 0.0
57853.37817722222 9.191861758133939 0.0 9.191861758133939 0.0
57853.378223888874 9.273270641316188 0.0 9.273270641316188 0.0
57853.378341111114 9.862768046972771 0.0 9.862768046972771 0.0
57853.378387777775 10.711163907720978 0.0 10.711163907720978 0.0
57853.378434444436 10.877321776625811 0.0 10.877321776625811 0.0
57853.378551666654 8.738494740090001 0.0 8.738494740090001 0.0
57853.37859833334 8.966065055566192 0.0 8.966065055566192 0.0
57853.37864499999 9.337748571636356 0.0 9.337748571636356 0.0
57853.37876222222 8.618434855287745 0.0 8.618434855287745 0.0
57853.37880888889 8.65615574363496 0.0 8.65615574363496 0.0
57853.37885555556 8.7488248058737 0.0 8.7488248058737 0.0
57853.37897277777 9.310070856596028 0.0 9.310070856596028 0.0
57853.379019444445 9.094486099794471 0.0 9.094486099794471 0.0
57853.3790661111 9.206589505489024 0.0 9.206589505489024 0.0
57853.38125277778 9.068911802985106 0.0 9.068911802985106 0.0
57853.38137 8.524159214994793 0.0 8.524159214994793 0.0
57853.381416666656 8.638249523989781 0.0 8.638249523989781 0.0
57853.381463333324 8.734987120768983 0.0 8.734987120768983 0.0
57853.38158055554 8.558150237280891 0.0 8.558150237280891 0.0
57853.38162722221 8.580172191670146 0.0 8.580172191670146 0.0
57853.381673888885 8.713356451170887 0.0 8.713356451170887 0.0
57853.38179111111 8.491741718832175 0.0 8.491741718832175 0.0
57853.38183777778 8.459390659059354 0.0 8.459390659059354 0.0
57853.38188444443 8.550419721823886 0.0 8.550419721823886 0.0
57853.382001666665 8.616750379161171 0.0 8.616750379161171 0.0
57853.38204833333 8.57415471240507 0.0 8.57415471240507 0.0
57853.382094999986 8.477103887683613 0.0 8.477103887683613 0.0
57853.38221222221 8.64851283132241 0.0 8.64851283132241 0.0
57853.38225888888 8.579044235810889 0.0 8.579044235810889 0.0
57853.382305555555 8.486801897747638 0.0 8.486801897747638 0.0
57853.382422777766 8.502940667792524 0.0 8.502940667792524 0.0
57853.382469444434 8.623486309436123 0.0 8.623486309436123 0.0
57853.38251611111 8.692414193774306 0.0 8.692414193774306 0.0
57853.38263333332 8.484521010298314 0.0 8.484521010298314 0.0
57853.38268 8.603075219118248 0.0 8.603075219118248 0.0
57853.38272666666 8.662302457832313 0.0 8.662302457832313 0.0
57853.382843888874 8.785985908655714 0.0 8.785985908655714 0.0
57853.38289055554 8.794242984897526 0.0 8.794242984897526 0.0
57853.38293722221 8.775331994454866 0.0 8.775331994454866 0.0
57853.38305444444 8.607948314990535 0.0 8.607948314990535 0.0
57853.38310111111 8.670119246119715 0.0 8.670119246119715 0.0
57853.38314777778 8.751958306204868 0.0 8.751958306204868 0.0
57853.38326499999 8.81457736896945 0.0 8.81457736896945 0.0
57853.383311666665 9.180449071874989 0.0 9.180449071874989 0.0
57853.383358333325 9.481220827883758 0.0 9.481220827883758 0.0
57853.38347555556 8.803774850193706 0.0 8.803774850193706 0.0
57853.38352222222 8.837602944602773 0.0 8.837602944602773 0.0
57853.38356888889 8.934528888061918 0.0 8.934528888061918 0.0
57853.38368611111 8.836690374466764 0.0 8.836690374466764 0.0
57853.38373277778 8.87021111142741 0.0 8.87021111142741 0.0
57853.38377944443 8.71280111248997 0.0 8.71280111248997 0.0
57853.383896666666 8.694455036809194 0.0 8.694455036809194 0.0
57853.383943333334 8.66286103376492 0.0 8.66286103376492 0.0
57853.38398999999 8.68628878769442 0.0 8.68628878769442 0.0
57853.38410722221 8.601012693563398 0.0 8.601012693563398 0.0
57853.38415388889 8.706690049203727 0.0 8.706690049203727 0.0
57853.38420055554 8.806156204427344 0.0 8.806156204427344 0.0
57853.384317777774 8.745505758259036 0.0 8.745505758259036 0.0
57853.38436444444 8.807621333162949 0.0 8.807621333162949 0.0
57853.38441111111 8.850915753605351 0.0 8.850915753605351 0.0
57853.38452833332 8.706690049203727 0.0 8.706690049203727 0.0
57853.384575 8.747165439489896 0.0 8.747165439489896 0.0
57853.38462166666 8.710579403712885 0.0 8.710579403712885 0.0
57853.38680833334 9.92569165543186 0.0 9.92569165543186 0.0
57853.386925555555 8.814211398681401 0.0 8.814211398681401 0.0
57853.38697222221 8.868392588106044 0.0 8.868392588106044 0.0
57853.387018888876 8.920979260582437 0.0 8.920979260582437 0.0
57853.3871361111 8.547023628329677 0.0 8.547023628329677 0.0
57853.38718277777 8.644222385221315 0.0 8.644222385221315 0.0
57853.387229444445 8.751774013712692 0.0 8.751774013712692 0.0
57853.38734666667 8.79075760983311 0.0 8.79075760983311 0.0
57853.38739333333 8.987984811276771 0.0 8.987984811276771 0.0
57853.38743999999 9.333256528101797 0.0 9.333256528101797 0.0
57853.387557222224 8.703540251140671 0.0 8.703540251140671 0.0
57853.38760388889 8.75472222805056 0.0 8.75472222805056 0.0
57853.387650555545 8.674210943012108 0.0 8.674210943012108 0.0
57853.387767777764 8.626665337122432 0.0 8.626665337122432 0.0
57853.38781444443 8.561353525789507 0.0 8.561353525789507 0.0
57853.387861111114 8.539094157594121 0.0 8.539094157594121 0.0
57853.387978333325 8.674768752146989 0.0 8.674768752146989 0.0
57853.388024999986 8.690001670440465 0.0 8.690001670440465 0.0
57853.38807166667 8.695382534388859 0.0 8.695382534388859 0.0
57853.38818888888 8.5745309285792 0.0 8.5745309285792 0.0
57853.388235555554 8.633767166415305 0.0 8.633767166415305 0.0
57853.38828222222 8.862388813625307 0.0 8.862388813625307 0.0
57853.38839944443 8.78525157074573 0.0 8.78525157074573 0.0
57853.3884461111 8.814028407839036 0.0 8.814028407839036 0.0
57853.38849277777 8.792225304577427 0.0 8.792225304577427 0.0
57853.38861 8.756195962970192 0.0 8.756195962970192 0.0
57853.38865666667 8.967683917194543 0.0 8.967683917194543 0.0
57853.38870333333 8.929653390665248 0.0 8.929653390665248 0.0
57853.38882055554 8.979367029922793 0.0 8.979367029922793 0.0
57853.388867222224 8.969482309655659 0.0 8.969482309655659 0.0
57853.38891388888 8.994263404723501 0.0 8.994263404723501 0.0
57853.38903111111 8.94391124660217 0.0 8.94391124660217 0.0
57853.38907777778 9.2994970380817 0.0 9.2994970380817 0.0
57853.389124444446 9.648834126463155 0.0 9.648834126463155 0.0
57853.389241666664 9.256384021921859 0.0 9.256384021921859 0.0
57853.38928833333 9.347416410345005 0.0 9.347416410345005 0.0
57853.389334999985 9.322882013211261 0.0 9.322882013211261 0.0
57853.389452222225 8.647580306726868 0.0 8.647580306726868 0.0
57853.389498888886 8.75601175967026 0.0 8.75601175967026 0.0
57853.38954555555 8.958326456611514 0.0 8.958326456611514 0.0
57853.389662777765 8.790390647857208 0.0 8.790390647857208 0.0
57853.38970944445 8.740155752653678 0.0 8.740155752653678 0.0
57853.3897561111 8.757301101403627 0.0 8.757301101403627 0.0
57853.38987333333 8.834317250943764 0.0 8.834317250943764 0.0
57853.38992 8.978828143956743 0.0 8.978828143956743 0.0
57853.38996666667 9.050574745606294 0.0 9.050574745606294 0.0
57853.39008388888 8.849640050999705 0.0 8.849640050999705 0.0
57853.390130555556 9.13695085724674 0.0 9.13695085724674 0.0
57853.39017722221 9.465386858818649 0.0 9.465386858818649 0.0
57853.39236388889 9.570451838189083 0.0 9.570451838189083 0.0
57853.392481111114 9.973351589886114 0.0 9.973351589886114 0.0
57853.39252777777 10.580718921851473 0.0 10.580718921851473 0.0
57853.392574444435 10.737333122365403 0.0 10.737333122365403 0.0
57853.39269166665 9.054672648649069 0.0 9.054672648649069 0.0
57853.39273833332 9.098564225620542 0.0 9.098564225620542 0.0
57853.392785 9.261087513649997 0.0 9.261087513649997 0.0
57853.39290222222 9.020406971721613 0.0 9.020406971721613 0.0
57853.39294888889 9.184840244804514 0.0 9.184840244804514 0.0
57853.39299555554 9.441842357123644 0.0 9.441842357123644 0.0
57853.393112777776 8.989958556006231 0.0 8.989958556006231 0.0
57853.393159444444 9.101577318103677 0.0 9.101577318103677 0.0
57853.3932061111 9.18571822748982 0.0 9.18571822748982 0.0
57853.39332333332 8.795159959300197 0.0 8.795159959300197 0.0
57853.39336999999 8.849093265013272 0.0 8.849093265013272 0.0
57853.393416666666 8.818967827834904 0.0 8.818967827834904 0.0
57853.39353388888 8.817138735659714 0.0 8.817138735659714 0.0
57853.393580555545 8.947877744416957 0.0 8.947877744416957 0.0
57853.39362722222 9.053781957940862 0.0 9.053781957940862 0.0
57853.39374444443 8.67792899330844 0.0 8.67792899330844 0.0
57853.39379111111 8.734248495102115 0.0 8.734248495102115 0.0
57853.39383777778 8.782864548506902 0.0 8.782864548506902 0.0
57853.393954999985 9.547335382358042 0.0 9.547335382358042 0.0
57853.39400166665 10.259063655947077 0.0 10.259063655947077 0.0
57853.39404833332 11.016702861359377 0.0 11.016702861359377 0.0
57853.39416555555 9.09413139373143 0.0 9.09413139373143 0.0
57853.39421222222 9.208166081291386 0.0 9.208166081291386 0.0
57853.39425888889 9.268225288586809 0.0 9.268225288586809 0.0
57853.3943761111 9.7472907733049 0.0 9.7472907733049 0.0
57853.394422777776 9.998225649035545 0.0 9.998225649035545 0.0
57853.394469444436 10.22899105799375 0.0 10.22899105799375 0.0
57853.39458666667 8.92495595001328 0.0 8.92495595001328 0.0
57853.39463333334 8.961026726887942 0.0 8.961026726887942 0.0
57853.39468 9.119634967227793 0.0 9.119634967227793 0.0
57853.39479722222 9.250457704456329 0.0 9.250457704456329 0.0
57853.39484388889 9.498726569999418 0.0 9.498726569999418 0.0
57853.394890555544 9.558141268893708 0.0 9.558141268893708 0.0
57853.39500777778 8.934167831348908 0.0 8.934167831348908 0.0
57853.395054444445 9.038091434268274 0.0 9.038091434268274 0.0
57853.3951011111 8.980983493812301 0.0 8.980983493812301 0.0
57853.395218333324 8.818602039750058 0.0 8.818602039750058 0.0
57853.395265 8.880206332970483 0.0 8.880206332970483 0.0
57853.39531166665 9.02165852715814 0.0 9.02165852715814 0.0
57853.395428888885 8.802125842933552 0.0 8.802125842933552 0.0
57853.39547555555 8.879298141400083 0.0 8.879298141400083 0.0
57853.39552222222 8.929834012111925 0.0 8.929834012111925 0.0
57853.39563944443 8.972898262312262 0.0 8.972898262312262 0.0
57853.395686111115 9.083483771073453 0.0 9.083483771073453 0.0
57853.39573277777 9.180976123520045 0.0 9.180976123520045 0.0
57853.39791944445 10.159533898376345 0.0 10.159533898376345 0.0
57853.398036666666 9.467261074781055 0.0 9.467261074781055 0.0
57853.39808333332 9.450209077734906 0.0 9.450209077734906 0.0
57853.39812999999 9.528395593206927 0.0 9.528395593206927 0.0
57853.39824722221 8.958686539673606 0.0 8.958686539673606 0.0
57853.39829388888 9.01110426085505 0.0 9.01110426085505 0.0
57853.398340555555 9.00627021723235 0.0 9.00627021723235 0.0
57853.39845777778 8.917362549471097 0.0 8.917362549471097 0.0
57853.39850444444 8.990317372129466 0.0 8.990317372129466 0.0
57853.3985511111 9.00913514878272 0.0 9.00913514878272 0.0
57853.398668333335 8.93037585453299 0.0 8.93037585453299 0.0
57853.398715 8.96228657459475 0.0 8.96228657459475 0.0
57853.398761666656 8.979905883550192 0.0 8.979905883550192 0.0
57853.398878888875 9.35517796937662 0.0 9.35517796937662 0.0
57853.39892555554 9.425942239202097 0.0 9.425942239202097 0.0
57853.398972222225 9.44372124576652 0.0 9.44372124576652 0.0
57853.399089444436 8.913744370895847 0.0 8.913744370895847 0.0
57853.3991361111 8.952382995064642 0.0 8.952382995064642 0.0
57853.39918277778 9.001791936304468 0.0 9.001791936304468 0.0
57853.39929999999 9.031307553673072 0.0 9.031307553673072 0.0
57853.399346666665 8.998566194032643 0.0 8.998566194032643 0.0
57853.39939333333 8.92332933672253 0.0 8.92332933672253 0.0
57853.399510555544 8.926401579656291 0.0 8.926401579656291 0.0
57853.39955722221 9.023624906411666 0.0 9.023624906411666 0.0
57853.39960388888 9.201858157371644 0.0 9.201858157371644 0.0
57853.39972111111 9.198877911936307 0.0 9.198877911936307 0.0
57853.39976777778 9.17289133718867 0.0 9.17289133718867 0.0
57853.39981444444 9.188702741111834 0.0 9.188702741111834 0.0
57853.39993166665 9.827545225603917 0.0 9.827545225603917 0.0
57853.399978333335 10.107327268676377 0.0 10.107327268676377 0.0
57853.40002499999 10.352029565695426 0.0 10.352029565695426 0.0
57853.40014222222 9.060192976653067 0.0 9.060192976653067 0.0
57853.40018888889 9.14171579857608 0.0 9.14171579857608 0.0
57853.40023555556 9.271183242158328 0.0 9.271183242158328 0.0
57853.400352777775 8.925678794102097 0.0 8.925678794102097 0.0
57853.40039944444 9.03434307731944 0.0 9.03434307731944 0.0
57853.400446111096 9.1443619153394 0.0 9.1443619153394 0.0
57853.400563333336 9.120872906725824 0.0 9.120872906725824 0.0
57853.40061 9.255164207950555 0.0 9.255164207950555 0.0
57853.40065666666 9.380487641220833 0.0 9.380487641220833 0.0
57853.400773888876 9.022016082536563 0.0 9.022016082536563 0.0
57853.40082055556 9.102817713355611 0.0 9.102817713355611 0.0
57853.40086722221 9.237720707564595 0.0 9.237720707564595 0.0
57853.400984444444 8.970740969863474 0.0 8.970740969863474 0.0
57853.40103111111 8.918628565192689 0.0 8.918628565192689 0.0
57853.40107777778 8.925678794102097 0.0 8.925678794102097 0.0
57853.40119499999 8.93687540113903 0.0 8.93687540113903 0.0
57853.40124166667 8.95634574099605 0.0 8.95634574099605 0.0
57853.40128833332 8.997849205370173 0.0 8.997849205370173 0.0
57853.403475 9.33360214666653 0.0 9.33360214666653 0.0
57853.403592222225 9.171484559887679 0.0 9.171484559887679 0.0
57853.40363888888 9.172715501824928 0.0 9.172715501824928 0.0
57853.403685555546 9.162159204593783 0.0 9.162159204593783 0.0
57853.403802777764 9.292383284000623 0.0 9.292383284000623 0.0
57853.40384944443 9.288911183111933 0.0 9.288911183111933 0.0
57853.403896111115 9.449014285508406 0.0 9.449014285508406 0.0
57853.40401333333 9.318728973278457 0.0 9.318728973278457 0.0
57853.40406 9.494310690296107 0.0 9.494310690296107 0.0
57853.404106666654 9.630428925563107 0.0 9.630428925563107 0.0
57853.40422388889 9.16321538156952 0.0 9.16321538156952 0.0
57853.404270555555 9.243655191011973 0.0 9.243655191011973 0.0
57853.40431722221 9.381175385467603 0.0 9.381175385467603 0.0
57853.404434444434 9.197825830053533 0.0 9.197825830053533 0.0
57853.4044811111 9.437570764528543 0.0 9.437570764528543 0.0
57853.40452777778 9.48581283608792 0.0 9.48581283608792 0.0
57853.40464499999 9.281267989012653 0.0 9.281267989012653 0.0
57853.404691666656 9.432613293694759 0.0 9.432613293694759 0.0
57853.40473833333 9.44577051622372 0.0 9.44577051622372 0.0
57853.40485555554 9.500424438735832 0.0 9.500424438735832 0.0
57853.404902222224 9.667037441906686 0.0 9.667037441906686 0.0
57853.40494888889 9.732718348519745 0.0 9.732718348519745 0.0
57853.405066111096 9.241910150277725 0.0 9.241910150277725 0.0
57853.405112777764 9.399382272084384 0.0 9.399382272084384 0.0
57853.40515944443 9.634112778676513 0.0 9.634112778676513 0.0
57853.405276666665 9.366894345375064 0.0 9.366894345375064 0.0
57853.40532333333 9.386847352855295 0.0 9.386847352855295 0.0
57853.40537 9.684706933464573 0.0 9.684706933464573 0.0
57853.40548722221 9.150533212032844 0.0 9.150533212032844 0.0
57853.40553388889 9.080109420969231 0.0 9.080109420969231 0.0
57853.40558055555 9.206764693910246 0.0 9.206764693910246 0.0
57853.40569777778 9.179570585219784 0.0 9.179570585219784 0.0
57853.40574444445 9.189580354769971 0.0 9.189580354769971 0.0
57853.40579111111 9.228637057306127 0.0 9.228637057306127 0.0
57853.405908333334 9.285090372516922 0.0 9.285090372516922 0.0
57853.405955 9.420465025163173 0.0 9.420465025163173 0.0
57853.406001666655 9.305045457586003 0.0 9.305045457586003 0.0
57853.40611888889 9.195370504209029 0.0 9.195370504209029 0.0
57853.406165555556 9.416183734880724 0.0 9.416183734880724 0.0
57853.40621222221 10.250570401123396 0.0 10.250570401123396 0.0
57853.406329444435 9.354143466934852 0.0 9.354143466934852 0.0
57853.40637611111 9.414984624728337 0.0 9.414984624728337 0.0
57853.40642277776 9.423375191511798 0.0 9.423375191511798 0.0
57853.40654 9.462319159221366 0.0 9.462319159221366 0.0
57853.406586666664 9.605106168915002 0.0 9.605106168915002 0.0
57853.40663333333 9.669206192190586 0.0 9.669206192190586 0.0
57853.40675055554 9.29064739575548 0.0 9.29064739575548 0.0
57853.406797222226 9.386331861086717 0.0 9.386331861086717 0.0
57853.40684388888 9.472370688038602 0.0 9.472370688038602 0.0
57853.40903055556 9.681208935438429 0.0 9.681208935438429 0.0
57853.40914777778 9.45276883826519 0.0 9.45276883826519 0.0
57853.40919444443 9.496179197700448 0.0 9.496179197700448 0.0
57853.4092411111 9.641308972835454 0.0 9.641308972835454 0.0
57853.40935833332 9.432784284337194 0.0 9.432784284337194 0.0
57853.40940499999 9.388909036902307 0.0 9.388909036902307 0.0
57853.40945166667 9.317690424064843 0.0 9.317690424064843 0.0
57853.40956888889 9.114504569552155 0.0 9.114504569552155 0.0
57853.40961555555 9.163743424408342 0.0 9.163743424408342 0.0
57853.40966222221 9.25185247361567 0.0 9.25185247361567 0.0
57853.409779444446 9.09093841637499 0.0 9.09093841637499 0.0
57853.409826111114 9.145949217920151 0.0 9.145949217920151 0.0
57853.40987277777 9.285090372516922 0.0 9.285090372516922 0.0
57853.409989999986 9.328589424192774 0.0 9.328589424192774 0.0
57853.41003666665 9.26892136258618 0.0 9.26892136258618 0.0
57853.410083333336 9.215519868765567 0.0 9.215519868765567 0.0
57853.41020055555 9.265266390683141 0.0 9.265266390683141 0.0
57853.41024722221 9.35500556024731 0.0 9.35500556024731 0.0
57853.41029388889 9.45822734533956 0.0 9.45822734533956 0.0
57853.4104111111 9.201682875536164 0.0 9.201682875536164 0.0
57853.410457777776 9.160926844220585 0.0 9.160926844220585 0.0
57853.410504444444 9.155291084324391 0.0 9.155291084324391 0.0
57853.410621666655 9.231083534764835 0.0 9.231083534764835 0.0
57853.41066833332 9.256558267938573 0.0 9.256558267938573 0.0
57853.41071499999 9.236323804379904 0.0 9.236323804379904 0.0
57853.410832222224 9.124762480337811 0.0 9.124762480337811 0.0
57853.41087888889 9.147359922315678 0.0 9.147359922315678 0.0
57853.41092555555 9.17412209037095 0.0 9.17412209037095 0.0
57853.41104277776 9.375499986667377 0.0 9.375499986667377 0.0
57853.411089444446 9.378424105876073 0.0 9.378424105876073 0.0
57853.4111361111 9.311976332970701 0.0 9.311976332970701 0.0
57853.41125333333 9.320113525544219 0.0 9.320113525544219 0.0
57853.4113 9.356039967366947 0.0 9.356039967366947 0.0
57853.41134666667 9.44064650601922 0.0 9.44064650601922 0.0
57853.411463888886 9.09413139373143 0.0 9.09413139373143 0.0
57853.411510555554 9.132183429692397 0.0 9.132183429692397 0.0
57853.41155722221 9.12211067822609 0.0 9.12211067822609 0.0
57853.41167444445 9.167790742418491 0.0 9.167790742418491 0.0
57853.41172111111 9.223217547877958 0.0 9.223217547877958 0.0
57853.41176777777 9.250806416461147 0.0 9.250806416461147 0.0
57853.41188499999 9.234053385999232 0.0 9.234053385999232 0.0
57853.41193166667 9.353798607362506 0.0 9.353798607362506 0.0
57853.41197833332 9.487002993909702 0.0 9.487002993909702 0.0
57853.412095555555 9.207465414262424 0.0 9.207465414262424 0.0
57853.41214222222 9.250806416461147 0.0 9.250806416461147 0.0
57853.41218888889 9.36276082801332 0.0 9.36276082801332 0.0
57853.4123061111 9.243655191011973 0.0 9.243655191011973 0.0
57853.41235277778 9.34258374154291 0.0 9.34258374154291 0.0
57853.41239944443 9.367410906796723 0.0 9.367410906796723 0.0
57853.41458611111 9.537024625619743 0.0 9.537024625619743 0.0
57853.414703333336 9.20098171480245 0.0 9.20098171480245 0.0
57853.41474999999 9.193089971593146 0.0 9.193089971593146 0.0
57853.41479666666 9.272922774087657 0.0 9.272922774087657 0.0
57853.414913888875 9.217969827566996 0.0 9.217969827566996 0.0
57853.41496055554 9.186596126264437 0.0 9.186596126264437 0.0
57853.415007222226 9.20764058601824 0.0 9.20764058601824 0.0
57853.415124444444 9.22601511155871 0.0 9.22601511155871 0.0
57853.41517111111 9.31353506912767 0.0 9.31353506912767 0.0
57853.415217777765 9.373091203529249 0.0 9.373091203529249 0.0
57853.415335 9.226364747375474 0.0 9.226364747375474 0.0
57853.415381666666 9.217969827566996 0.0 9.217969827566996 0.0
57853.41542833332 9.249585866928175 0.0 9.249585866928175 0.0
57853.415545555545 9.241910150277725 0.0 9.241910150277725 0.0
57853.41559222221 9.293424661312098 0.0 9.293424661312098 0.0
57853.41563888889 9.297415527116714 0.0 9.297415527116714 0.0
57853.4157561111 9.29030017918446 0.0 9.29030017918446 0.0
57853.41580277777 9.327897802793235 0.0 9.327897802793235 0.0
57853.41584944444 9.293598212852517 0.0 9.293598212852517 0.0
57853.41596666665 9.266484874831658 0.0 9.266484874831658 0.0
57853.416013333335 9.301578083245321 0.0 9.301578083245321 0.0
57853.41606 9.391142017193477 0.0 9.391142017193477 0.0
57853.416177222214 9.285958876608516 0.0 9.285958876608516 0.0
57853.416223888875 9.27205304891724 0.0 9.27205304891724 0.0
57853.41627055554 9.344137371946458 0.0 9.344137371946458 0.0
57853.416387777776 9.355695177701362 0.0 9.355695177701362 0.0
57853.41643444444 9.44577051622372 0.0 9.44577051622372 0.0
57853.41648111111 9.480880590651564 0.0 9.480880590651564 0.0
57853.41659833332 9.350866787491915 0.0 9.350866787491915 0.0
57853.416645 9.430390133208494 0.0 9.430390133208494 0.0
57853.41669166666 9.559659867076524 0.0 9.559659867076524 0.0
57853.41680888889 9.404700266184678 0.0 9.404700266184678 0.0
57853.41685555556 9.347071302578358 0.0 9.347071302578358 0.0
57853.41690222222 9.322016949137135 0.0 9.322016949137135 0.0
57853.417019444445 9.277791728360727 0.0 9.277791728360727 0.0
57853.41706611111 9.57062036618047 0.0 9.57062036618047 0.0
57853.417112777766 9.558984964335236 0.0 9.558984964335236 0.0
57853.41723 9.352591498720312 0.0 9.352591498720312 0.0
57853.41727666667 9.447819342185827 0.0 9.447819342185827 0.0
57853.41732333332 9.495329921734191 0.0 9.495329921734191 0.0
57853.417440555546 9.298456340843925 0.0 9.298456340843925 0.0
57853.41748722222 9.33291089673804 0.0 9.33291089673804 0.0
57853.417533888874 9.439279633531365 0.0 9.439279633531365 0.0
57853.417651111115 9.270835296604844 0.0 9.270835296604844 0.0
57853.417697777775 9.268573332120926 0.0 9.268573332120926 0.0
57853.41774444444 9.330491118699435 0.0 9.330491118699435 0.0
57853.417861666654 9.24086296766145 0.0 9.24086296766145 0.0
57853.41790833334 9.263351306053055 0.0 9.263351306053055 0.0
57853.41795499999 9.277270176915398 0.0 9.277270176915398 0.0
57853.41895499999 9.277270176915398 0.0 9.277270176915398 0.0
