57853.17843287037 129.43878855063954 0.0 140.48144020185745 0.0
57853.17943287037 129.43878855063954 0.0 140.48144020185745 0.0
57853.20701388889 129.61302503458143 0.0 137.4650695273918 0.0
57853.23783564815 128.07222403414227 0.0 134.9808434165094 0.0
57853.27575231482 127.94250365508975 0.0 133.18176498289094 0.0
57853.29466435185 125.29534481081194 0.0 138.86108220673117 0.0
57853.30090277778 127.5973684470327 0.0 134.31471097945277 0.0
57853.321597222224 126.94019910099841 0.0 135.29480960870643 0.0
57853.341990740744 125.33978796218821 0.0 133.075614833108 0.0
57853.34662037037 126.46935579091101 0.0 135.14982308053666 0.0
57853.352222222224 125.90866435619361 0.0 135.6143738793612 0.0
57853.367256944446 126.3327645686616 0.0 135.59321054166054 0.0
57853.37365740741 125.71011594068115 0.0 134.79990661690078 0.0
57853.37939814815 124.83778947950803 0.0 134.08947027841933 0.0
57853.38497685185 123.061636097309 0.0 133.6912874774975 0.0
57853.39042824074 127.61320358377375 0.0 131.23720033857617 0.0
57853.40144675926 125.68224030412361 0.0 135.64567030259815 0.0
57853.40719907408 125.92008421519864 0.0 135.06737020742256 0.0
57853.41260416667 126.15346299181684 0.0 132.35638096832542 0.0
57853.413604166664 126.15346299181684 0.0 132.35638096832542 0.0
