57853.08858611112 9.339993783240315 0.0 9.339993783240315 0.0
57853.08958611111 9.339993783240315 0.0 9.339993783240315 0.0
57853.08970333333 9.000716817332187 0.0 9.000716817332187 0.0
57853.08974999999 9.0060911287503 0.0 9.0060911287503 0.0
57853.08979666665 9.04165985332482 0.0 9.04165985332482 0.0
57853.08991388888 9.078155276586012 0.0 9.078155276586012 0.0
57853.089960555546 9.047009842858259 0.0 9.047009842858259 0.0
57853.09000722222 9.094486099794471 0.0 9.094486099794471 0.0
57853.09012444445 8.99587719189257 0.0 8.99587719189257 0.0
57853.090171111115 9.059658898371325 0.0 9.059658898371325 0.0
57853.09021777777 9.101931733995952 0.0 9.101931733995952 0.0
57853.090335 9.063752694288707 0.0 9.063752694288707 0.0
57853.09038166667 9.10724631729432 0.0 9.10724631729432 0.0
57853.09042833332 9.047009842858259 0.0 9.047009842858259 0.0
57853.09054555555 9.028985582287818 0.0 9.028985582287818 0.0
57853.09059222221 9.138362950734384 0.0 9.138362950734384 0.0
57853.09063888889 9.227238778956085 0.0 9.227238778956085 0.0
57853.0907561111 9.018439890830129 0.0 9.018439890830129 0.0
57853.09080277777 9.065354111191153 0.0 9.065354111191153 0.0
57853.090849444445 9.112734797187448 0.0 9.112734797187448 0.0
57853.090966666656 8.954544710243058 0.0 8.954544710243058 0.0
57853.09101333333 9.024697296326485 0.0 9.024697296326485 0.0
57853.09106 9.19238815542512 0.0 9.19238815542512 0.0
57853.09117722221 9.158285513587524 0.0 9.158285513587524 0.0
57853.09122388888 9.059658898371325 0.0 9.059658898371325 0.0
57853.091270555546 9.032557598719952 0.0 9.032557598719952 0.0
57853.09138777778 8.940303812402828 0.0 8.940303812402828 0.0
57853.091434444446 8.979187404860916 0.0 8.979187404860916 0.0
57853.091481111114 9.079576514211407 0.0 9.079576514211407 0.0
57853.091598333325 9.087389347953037 0.0 9.087389347953037 0.0
57853.091645 8.981701828825955 0.0 8.981701828825955 0.0
57853.091691666654 8.937416816666811 0.0 8.937416816666811 0.0
57853.09180888889 8.955625372158641 0.0 8.955625372158641 0.0
57853.091855555555 9.065532028940273 0.0 9.065532028940273 0.0
57853.09190222222 9.111849782103132 0.0 9.111849782103132 0.0
57853.09201944445 9.01826104401866 0.0 9.01826104401866 0.0
57853.09206611111 8.937236348468529 0.0 8.937236348468529 0.0
57853.09211277777 8.944993193167141 0.0 8.944993193167141 0.0
57853.09223 9.066065761238267 0.0 9.066065761238267 0.0
57853.09227666667 9.0282710094101 0.0 9.0282710094101 0.0
57853.09232333332 8.958146409652734 0.0 8.958146409652734 0.0
57853.11944722222 9.010925268447652 0.0 9.010925268447652 0.0
57853.119564444445 8.640676496813235 0.0 8.640676496813235 0.0
57853.1196111111 8.61824770753238 0.0 8.61824770753238 0.0
57853.11965777777 8.670863334624869 0.0 8.670863334624869 0.0
57853.11977499999 8.684246025548681 0.0 8.684246025548681 0.0
57853.11982166665 8.644035795779057 0.0 8.644035795779057 0.0
57853.119868333335 8.61974477580398 0.0 8.61974477580398 0.0
57853.11998555555 8.673095217116051 0.0 8.673095217116051 0.0
57853.12003222222 8.704652074720476 0.0 8.704652074720476 0.0
57853.120078888875 8.73240165760127 0.0 8.73240165760127 0.0
57853.120196111115 8.646274603326512 0.0 8.646274603326512 0.0
57853.120242777775 8.65764625690363 0.0 8.65764625690363 0.0
57853.120289444436 8.690929643284205 0.0 8.690929643284205 0.0
57853.120406666654 8.80414125430791 0.0 8.80414125430791 0.0
57853.12045333332 8.749562201029114 0.0 8.749562201029114 0.0
57853.1205 8.75343250646061 0.0 8.75343250646061 0.0
57853.12061722221 8.759695089700104 0.0 8.759695089700104 0.0
57853.120663888876 8.832308725319493 0.0 8.832308725319493 0.0
57853.12071055556 8.864754422303077 0.0 8.864754422303077 0.0
57853.12082777777 8.649631728129126 0.0 8.649631728129126 0.0
57853.120874444445 8.659881545788993 0.0 8.659881545788993 0.0
57853.12092111111 8.635635098149242 0.0 8.635635098149242 0.0
57853.121038333324 8.665839497333677 0.0 8.665839497333677 0.0
57853.12108499999 8.673839050326432 0.0 8.673839050326432 0.0
57853.12113166665 8.693156373949309 0.0 8.693156373949309 0.0
57853.12124888889 8.708357128125128 0.0 8.708357128125128 0.0
57853.12129555555 8.726119486365207 0.0 8.726119486365207 0.0
57853.12134222222 8.753248245006517 0.0 8.753248245006517 0.0
57853.12145944443 8.807621333162949 0.0 8.807621333162949 0.0
57853.121506111114 8.625917436012427 0.0 8.625917436012427 0.0
57853.12155277777 8.663419573683212 0.0 8.663419573683212 0.0
57853.12167 8.745874603528518 0.0 8.745874603528518 0.0
57853.12171666667 8.795526722293593 0.0 8.795526722293593 0.0
57853.121763333336 8.912658630900644 0.0 8.912658630900644 0.0
57853.121880555555 8.81146613702118 0.0 8.81146613702118 0.0
57853.12192722222 8.891097395891343 0.0 8.891097395891343 0.0
57853.121973888876 8.890008890013336 0.0 8.890008890013336 0.0
57853.12209111111 8.6094471741896 0.0 8.6094471741896 0.0
57853.12213777778 8.62273813259024 0.0 8.62273813259024 0.0
57853.12218444443 8.656901032348179 0.0 8.656901032348179 0.0
57853.145836111114 9.482751744359929 0.0 9.482751744359929 0.0
57853.14595333333 8.941205807402186 0.0 8.941205807402186 0.0
57853.145999999986 8.833769516518288 0.0 8.833769516518288 0.0
57853.146046666654 8.871665661695285 0.0 8.871665661695285 0.0
57853.14616388888 9.494990190078 0.0 9.494990190078 0.0
57853.14621055555 9.842305001468686 0.0 9.842305001468686 0.0
57853.14625722222 10.048912635767628 0.0 10.048912635767628 0.0
57853.14637444444 8.843623545773239 0.0 8.843623545773239 0.0
57853.14642111111 8.783782710750387 0.0 8.783782710750387 0.0
57853.14646777777 8.684060296071557 0.0 8.684060296071557 0.0
57853.146585 8.665467245373742 0.0 8.665467245373742 0.0
57853.14663166667 8.702057598729906 0.0 8.702057598729906 0.0
57853.14667833332 8.754353755556108 0.0 8.754353755556108 0.0
57853.14679555554 8.635261544127305 0.0 8.635261544127305 0.0
57853.14684222221 8.671235354933296 0.0 8.671235354933296 0.0
57853.14688888889 8.69593898545233 0.0 8.69593898545233 0.0
57853.1470061111 8.635261544127305 0.0 8.635261544127305 0.0
57853.147052777764 8.641796408229618 0.0 8.641796408229618 0.0
57853.147099444446 8.615065573674391 0.0 8.615065573674391 0.0
57853.14721666666 8.6292824805445 0.0 8.6292824805445 0.0
57853.14726333333 8.604949813352928 0.0 8.604949813352928 0.0
57853.14731 8.58956606361988 0.0 8.58956606361988 0.0
57853.14742722221 8.576787879071082 0.0 8.576787879071082 0.0
57853.14747388888 8.602137768807728 0.0 8.602137768807728 0.0
57853.14752055555 8.62610441736911 0.0 8.62610441736911 0.0
57853.14763777778 8.626665337122432 0.0 8.626665337122432 0.0
57853.14768444445 8.720942535625229 0.0 8.720942535625229 0.0
57853.14773111111 8.884564360224296 0.0 8.884564360224296 0.0
57853.14784833332 8.721867216481543 0.0 8.721867216481543 0.0
57853.147895 8.715577452044165 0.0 8.715577452044165 0.0
57853.147941666655 8.759142688937159 0.0 8.759142688937159 0.0
57853.14805888889 8.729076365432277 0.0 8.729076365432277 0.0
57853.148105555556 8.665467245373742 0.0 8.665467245373742 0.0
57853.148152222224 8.740340290120104 0.0 8.740340290120104 0.0
57853.14826944444 8.743292359879236 0.0 8.743292359879236 0.0
57853.14831611111 8.739048446022913 0.0 8.739048446022913 0.0
57853.14836277776 8.722237061375866 0.0 8.722237061375866 0.0
57853.14848 8.582991432798 0.0 8.582991432798 0.0
57853.148526666664 8.625730450602523 0.0 8.625730450602523 0.0
57853.148573333325 8.684803190148461 0.0 8.684803190148461 0.0
57853.177780555554 8.51999545660942 0.0 8.51999545660942 0.0
57853.17789777778 8.34420795831533 0.0 8.34420795831533 0.0
57853.17794444443 8.313999076567262 0.0 8.313999076567262 0.0
57853.1779911111 8.301379597741958 0.0 8.301379597741958 0.0
57853.17810833332 8.129793871132083 0.0 8.129793871132083 0.0
57853.17815499999 8.16799418659551 0.0 8.16799418659551 0.0
57853.17820166667 8.220548604250126 0.0 8.220548604250126 0.0
57853.17831888889 8.129595474600514 0.0 8.129595474600514 0.0
57853.178365555556 8.168981458206167 0.0 8.168981458206167 0.0
57853.17841222221 8.244450724089232 0.0 8.244450724089232 0.0
57853.17852944444 8.183184962411167 0.0 8.183184962411167 0.0
57853.17857611111 8.129397073227114 0.0 8.129397073227114 0.0
57853.17862277776 8.116888010052985 0.0 8.116888010052985 0.0
57853.17873999999 8.2250600546881 0.0 8.2250600546881 0.0
57853.17878666666 8.259305602304474 0.0 8.259305602304474 0.0
57853.17883333333 8.405643265668452 0.0 8.405643265668452 0.0
57853.17895055554 8.291464713593985 0.0 8.291464713593985 0.0
57853.17899722221 8.285237551834141 0.0 8.285237551834141 0.0
57853.179043888886 8.247580290313111 0.0 8.247580290313111 0.0
57853.1791611111 8.253249604383601 0.0 8.253249604383601 0.0
57853.17920777778 8.305847143680985 0.0 8.305847143680985 0.0
57853.17925444445 8.27822639567586 0.0 8.27822639567586 0.0
57853.17937166666 8.16601928529084 0.0 8.16601928529084 0.0
57853.17941833332 8.192246531068657 0.0 8.192246531068657 0.0
57853.17946499999 8.246406842161718 0.0 8.246406842161718 0.0
57853.17958222222 8.289324654385691 0.0 8.289324654385691 0.0
57853.17962888889 8.400844811588124 0.0 8.400844811588124 0.0
57853.179675555555 8.541171635274976 0.0 8.541171635274976 0.0
57853.179792777766 8.216623590368885 0.0 8.216623590368885 0.0
57853.17983944444 8.20719589848622 0.0 8.20719589848622 0.0
57853.1798861111 8.158905682472612 0.0 8.158905682472612 0.0
57853.180003333335 8.457293092450616 0.0 8.457293092450616 0.0
57853.18005 8.679415767464775 0.0 8.679415767464775 0.0
57853.18009666666 8.91139176704775 0.0 8.91139176704775 0.0
57853.18021388889 8.46758525200662 0.0 8.46758525200662 0.0
57853.18026055556 8.575471396804922 0.0 8.575471396804922 0.0
57853.18030722221 8.530401041890345 0.0 8.530401041890345 0.0
57853.18042444444 8.496299004519177 0.0 8.496299004519177 0.0
57853.18047111111 8.441258123625733 0.0 8.441258123625733 0.0
57853.180517777764 8.496678667991203 0.0 8.496678667991203 0.0
57853.203475 8.330666239863412 0.0 8.330666239863412 0.0
57853.20359222222 8.161672820311193 0.0 8.161672820311193 0.0
57853.203638888874 8.128603419308083 0.0 8.128603419308083 0.0
57853.20368555554 8.138716709495382 0.0 8.138716709495382 0.0
57853.20380277777 8.230156977298048 0.0 8.230156977298048 0.0
57853.203849444435 8.238775355284226 0.0 8.238775355284226 0.0
57853.20389611111 8.262039114079565 0.0 8.262039114079565 0.0
57853.204013333336 8.220352398065858 0.0 8.220352398065858 0.0
57853.20406 8.262819951347547 0.0 8.262819951347547 0.0
57853.20410666666 8.25852443275744 0.0 8.25852443275744 0.0
57853.20422388889 8.396235715697147 0.0 8.396235715697147 0.0
57853.20427055556 8.407370038706631 0.0 8.407370038706631 0.0
57853.20431722221 8.357534749959116 0.0 8.357534749959116 0.0
57853.20443444443 8.246015655669616 0.0 8.246015655669616 0.0
57853.2044811111 8.248558036252113 0.0 8.248558036252113 0.0
57853.20452777778 8.245624450618957 0.0 8.245624450618957 0.0
57853.20464499999 8.22113719470692 0.0 8.22113719470692 0.0
57853.20469166666 8.221725743026726 0.0 8.221725743026726 0.0
57853.204738333334 8.20523043257244 0.0 8.20523043257244 0.0
57853.204855555545 8.259891430982185 0.0 8.259891430982185 0.0
57853.20490222222 8.3044877102102 0.0 8.3044877102102 0.0
57853.20494888889 8.313417060740214 0.0 8.313417060740214 0.0
57853.2050661111 8.252076962410639 0.0 8.252076962410639 0.0
57853.20511277777 8.286794780971439 0.0 8.286794780971439 0.0
57853.205159444435 8.295548748109319 0.0 8.295548748109319 0.0
57853.20527666667 8.227804943819972 0.0 8.227804943819972 0.0
57853.205323333335 8.218193820872038 0.0 8.218193820872038 0.0
57853.20537 8.23113679288747 0.0 8.23113679288747 0.0
57853.20548722221 8.23525074534526 0.0 8.23525074534526 0.0
57853.20553388889 8.225844402189496 0.0 8.225844402189496 0.0
57853.20558055554 8.225844402189496 0.0 8.225844402189496 0.0
57853.205697777776 8.261062963706461 0.0 8.261062963706461 0.0
57853.20574444444 8.27120929645759 0.0 8.27120929645759 0.0
57853.20579111111 8.297104042005918 0.0 8.297104042005918 0.0
57853.20590833333 8.253640448018151 0.0 8.253640448018151 0.0
57853.205955 8.268088674087902 0.0 8.268088674087902 0.0
57853.20600166666 8.310894521165306 0.0 8.310894521165306 0.0
57853.20611888889 8.387394535657316 0.0 8.387394535657316 0.0
57853.20616555556 8.430742515036188 0.0 8.430742515036188 0.0
57853.20621222221 8.504458033973295 0.0 8.504458033973295 0.0
57853.20632944443 8.414273587185052 0.0 8.414273587185052 0.0
57853.20637611111 8.521131228854232 0.0 8.521131228854232 0.0
57853.20642277777 8.658018845127367 0.0 8.658018845127367 0.0
57853.20654 8.408904650390253 0.0 8.408904650390253 0.0
57853.20658666667 8.45042468869789 0.0 8.45042468869789 0.0
57853.206633333335 8.470632379180778 0.0 8.470632379180778 0.0
57853.206750555546 8.30157388886337 0.0 8.30157388886337 0.0
57853.20679722222 8.332795681580565 0.0 8.332795681580565 0.0
57853.206843888875 8.350777441110962 0.0 8.350777441110962 0.0
57853.231252777776 8.425384072800096 0.0 8.425384072800096 0.0
57853.23137 8.2221180851683 0.0 8.2221180851683 0.0
57853.231416666655 8.218586331621916 0.0 8.218586331621916 0.0
57853.23146333332 8.241515676449405 0.0 8.241515676449405 0.0
57853.23158055554 8.287962510813207 0.0 8.287962510813207 0.0
57853.23162722221 8.38547130650735 0.0 8.38547130650735 0.0
57853.23167388889 8.556830887583889 0.0 8.556830887583889 0.0
57853.23179111111 8.246798010097908 0.0 8.246798010097908 0.0
57853.23183777778 8.2850428776121 0.0 8.2850428776121 0.0
57853.23188444443 8.311476713634608 0.0 8.311476713634608 0.0
57853.23200166666 8.16977118959415 0.0 8.16977118959415 0.0
57853.23204833333 8.199724621654543 0.0 8.199724621654543 0.0
57853.232094999985 8.27432874189999 0.0 8.27432874189999 0.0
57853.23221222221 8.147233846824253 0.0 8.147233846824253 0.0
57853.23225888888 8.155742089611348 0.0 8.155742089611348 0.0
57853.23230555555 8.18003075946579 0.0 8.18003075946579 0.0
57853.232422777764 8.116291859487747 0.0 8.116291859487747 0.0
57853.23246944443 8.103364494395661 0.0 8.103364494395661 0.0
57853.23251611111 8.100179209487063 0.0 8.100179209487063 0.0
57853.23263333332 8.09121387280573 0.0 8.09121387280573 0.0
57853.23268 8.096793471253237 0.0 8.096793471253237 0.0
57853.23272666667 8.113310449601501 0.0 8.113310449601501 0.0
57853.23284388888 8.109134634233731 0.0 8.109134634233731 0.0
57853.23289055554 8.125626526712443 0.0 8.125626526712443 0.0
57853.23293722221 8.114900671186666 0.0 8.114900671186666 0.0
57853.23305444444 8.118477530877009 0.0 8.118477530877009 0.0
57853.23310111111 8.163846342060475 0.0 8.163846342060475 0.0
57853.23314777778 8.158707993857377 0.0 8.158707993857377 0.0
57853.23326499999 8.098586097226697 0.0 8.098586097226697 0.0
57853.23331166666 8.118278857793886 0.0 8.118278857793886 0.0
57853.233358333324 8.124832504477029 0.0 8.124832504477029 0.0
57853.23347555556 8.115894401449781 0.0 8.115894401449781 0.0
57853.233522222225 8.102966402258437 0.0 8.102966402258437 0.0
57853.23356888889 8.097988599327534 0.0 8.097988599327534 0.0
57853.23368611111 8.091014530269504 0.0 8.091014530269504 0.0
57853.23373277778 8.084832473776576 0.0 8.084832473776576 0.0
57853.23377944443 8.088422630226567 0.0 8.088422630226567 0.0
57853.233896666665 8.079244614961668 0.0 8.079244614961668 0.0
57853.23394333333 8.098785253397274 0.0 8.098785253397274 0.0
57853.233989999986 8.132769238326572 0.0 8.132769238326572 0.0
57853.23410722221 8.107742217841396 0.0 8.107742217841396 0.0
57853.23415388889 8.133364181150737 0.0 8.133364181150737 0.0
57853.23420055555 8.151192273764064 0.0 8.151192273764064 0.0
57853.23431777778 8.104558653482739 0.0 8.104558653482739 0.0
57853.23436444444 8.0838349251314 0.0 8.0838349251314 0.0
57853.23441111111 8.089618994975659 0.0 8.089618994975659 0.0
57853.23452833332 8.135743517383347 0.0 8.135743517383347 0.0
57853.234575 8.154357631787851 0.0 8.154357631787851 0.0
57853.234621666656 8.181410872885417 0.0 8.181410872885417 0.0
57853.25764166666 10.395718721759234 0.0 10.395718721759234 0.0
57853.25775888889 8.801759354920781 0.0 8.801759354920781 0.0
57853.25780555554 9.222692910214946 0.0 9.222692910214946 0.0
57853.25785222221 9.745470411857351 0.0 9.745470411857351 0.0
57853.257969444436 9.457886280941732 0.0 9.457886280941732 0.0
57853.2580161111 10.17159231991632 0.0 10.17159231991632 0.0
57853.25806277778 11.13929400670177 0.0 11.13929400670177 0.0
57853.25818 8.96408604988135 0.0 8.96408604988135 0.0
57853.258226666665 9.350176813922445 0.0 9.350176813922445 0.0
57853.25827333332 9.843779761859771 0.0 9.843779761859771 0.0
57853.25839055556 8.683503083805038 0.0 8.683503083805038 0.0
57853.25843722222 8.570579835091522 0.0 8.570579835091522 0.0
57853.25848388888 8.464155922705523 0.0 8.464155922705523 0.0
57853.2586011111 8.2675034262603 0.0 8.2675034262603 0.0
57853.258647777766 8.321755397944944 0.0 8.321755397944944 0.0
57853.25869444444 8.277447011745716 0.0 8.277447011745716 0.0
57853.25881166665 8.312252906829578 0.0 8.312252906829578 0.0
57853.25885833332 8.295548748109319 0.0 8.295548748109319 0.0
57853.258905 8.297492819929055 0.0 8.297492819929055 0.0
57853.25902222221 8.379506490972965 0.0 8.379506490972965 0.0
57853.25906888889 8.351163720336881 0.0 8.351163720336881 0.0
57853.25911555556 8.469299395939696 0.0 8.469299395939696 0.0
57853.25923277777 8.362165177250022 0.0 8.362165177250022 0.0
57853.259279444435 8.382778044415554 0.0 8.382778044415554 0.0
57853.259326111096 8.32098009115629 0.0 8.32098009115629 0.0
57853.259443333336 8.300408073917113 0.0 8.300408073917113 0.0
57853.25949 8.515829662382266 0.0 8.515829662382266 0.0
57853.259536666665 8.738494740090001 0.0 8.738494740090001 0.0
57853.259653888876 8.505975129473741 0.0 8.505975129473741 0.0
57853.25970055556 8.615627212110823 0.0 8.615627212110823 0.0
57853.25974722221 8.762824702925052 0.0 8.762824702925052 0.0
57853.259864444444 8.524537637636652 0.0 8.524537637636652 0.0
57853.25991111111 8.859112312627147 0.0 8.859112312627147 0.0
57853.25995777778 9.04219499472228 0.0 9.04219499472228 0.0
57853.260075 8.75343250646061 0.0 8.75343250646061 0.0
57853.260121666666 9.296201097153055 0.0 9.296201097153055 0.0
57853.26016833332 9.575506387687556 0.0 9.575506387687556 0.0
57853.26028555555 8.406410764142082 0.0 8.406410764142082 0.0
57853.26033222222 8.401612748406912 0.0 8.401612748406912 0.0
57853.26037888888 8.588627138782558 0.0 8.588627138782558 0.0
57853.2604961111 8.383932405538893 0.0 8.383932405538893 0.0
57853.260542777774 8.517912814162717 0.0 8.517912814162717 0.0
57853.260589444435 8.70817191289401 0.0 8.70817191289401 0.0
57853.26070666667 8.337439848407092 0.0 8.337439848407092 0.0
57853.260753333336 8.325824574101334 0.0 8.325824574101334 0.0
57853.2608 8.373730043338492 0.0 8.373730043338492 0.0
57853.26091722221 8.36158651406885 0.0 8.36158651406885 0.0
57853.26096388889 8.296132017489409 0.0 8.296132017489409 0.0
57853.26101055554 8.287573285814245 0.0 8.287573285814245 0.0
57853.26201055554 8.287573285814245 0.0 8.287573285814245 0.0
