57853.050527777785 159.34504213498454 0.0 313.47201420860523 0.0
57853.05152777778 159.34504213498454 0.0 313.47201420860523 0.0
57853.05164351852 180.80576318524805 0.0 313.47201420860523 0.0
57853.051770833335 181.07482252483365 0.0 312.7560976732508 0.0
57853.051886574074 181.3190754620153 0.0 312.10383941422447 0.0
57853.05200231481 181.56299981108486 0.0 311.45021515869917 0.0
57853.052083333336 181.73355205409925 0.0 310.99186080040744 0.0
57853.06539351852 165.2722946533992 0.0 176.4083316399767 0.0
57853.06550925926 212.1353084625471 0.0 239.7356548534239 0.0
57853.065625 250.37541175802386 0.0 289.5280106380037 0.0
57853.06575231482 135.89506381763834 0.0 163.53719775940885 0.0
57853.06586805556 181.85221516110272 0.0 217.99601152085327 0.0
57853.06597222222 263.46692370959966 0.0 257.3369822396307 0.0
57853.065983796296 218.34144807617267 0.0 261.3428916710765 0.0
57853.06611111111 228.96298571646903 0.0 235.50773666909544 0.0
57853.06622685185 238.2083018767398 0.0 301.5182145376959 0.0
57853.066342592596 195.25518905140524 0.0 217.6994841472988 0.0
57853.066458333335 139.66382001076727 0.0 198.3007316148884 0.0
57853.06658564815 213.98913192963795 0.0 204.66460071052836 0.0
57853.066666666666 250.03679659602105 0.0 257.5493362872442 0.0
57853.06670138889 182.84923847257335 0.0 236.04150487361326 0.0
57853.06681712963 148.01728465621844 0.0 142.57873857276198 0.0
57853.06694444444 177.42426578684214 0.0 133.57028724233544 0.0
57853.06706018518 172.88079725637547 0.0 195.34578204814147 0.0
57853.06717592593 239.48913851362863 0.0 173.294469712683 0.0
57853.06730324074 157.0006631068799 0.0 196.33705580709923 0.0
57853.06736111111 133.1065631890479 0.0 137.87255247147635 0.0
57853.06741898148 118.2226158186326 0.0 112.67950759122087 0.0
57853.06753472222 162.64913758148242 0.0 181.93218342283478 0.0
57853.067662037036 233.9314798506178 0.0 183.99752486759164 0.0
57853.067777777775 283.5898547691719 0.0 185.85519256937644 0.0
57853.06789351852 264.481813311237 0.0 182.17670921937304 0.0
57853.068020833336 149.15208944228706 0.0 172.42530144384264 0.0
57853.06805555556 160.85691515132322 0.0 170.42037270027313 0.0
57853.068136574075 175.68161169854972 0.0 165.6478617097124 0.0
57853.06825231481 295.2274180779963 0.0 158.58103165259078 0.0
57853.06837962963 161.13910052684295 0.0 150.42455272328385 0.0
57853.06849537037 124.47181834857238 0.0 142.60531397181524 0.0
57853.06861111111 193.1904050101868 0.0 173.20996388487586 0.0
57853.06873842593 197.1263722006774 0.0 210.52521279647243 0.0
57853.06875 260.5536392069779 0.0 206.25970484561446 0.0
57853.06885416667 231.0193547406797 0.0 202.49020501248944 0.0
57853.06896990741 192.9729151953714 0.0 180.9402723884321 0.0
57853.06909722222 135.02495171263718 0.0 136.9429788233044 0.0
57853.06921296296 187.4010844765846 0.0 194.52992781317738 0.0
57853.06932870371 96.98864458791039 0.0 104.25629626070551 0.0
57853.069444444445 106.2243649027849 0.0 114.13831336584573 0.0
57853.06945601852 118.59558689934462 0.0 127.41181181899896 0.0
57853.06957175926 186.84015165108383 0.0 246.63271552857702 0.0
57853.0696875 196.40850462492708 0.0 229.40736345723516 0.0
57853.069814814815 206.42205538895305 0.0 224.10865098652482 0.0
57853.06993055555 215.12118298996035 0.0 188.16967526942273 0.0
57853.0700462963 190.36289132680247 0.0 190.5623655814547 0.0
57853.07013888889 167.94867076877983 0.0 192.45510116388186 0.0
57853.07361111111 116.40351776041823 0.0 133.52871415542052 0.0
57853.07430555556 116.24038984793539 0.0 133.32711436538332 0.0
57853.075 121.47321927898346 0.0 139.18262395141141 0.0
57853.075694444444 126.48917810627121 0.0 144.9780623922116 0.0
57853.07638888889 128.81394757556342 0.0 147.6703841161118 0.0
57853.07708333333 126.55272792002549 0.0 145.09886539873426 0.0
57853.07777777778 128.87341142764865 0.0 147.64487637232793 0.0
57853.10625 146.9052254448425 0.0 169.3822894342853 0.0
57853.106944444444 147.59319107601135 0.0 169.82457141120656 0.0
57853.10763888889 146.64193497086706 0.0 168.83597401620307 0.0
57853.10833333333 147.78546147710202 0.0 170.145315286669 0.0
57853.10902777778 142.53555027080085 0.0 163.89321765100593 0.0
57853.126388888886 155.85490822556727 0.0 180.8034669634407 0.0
57853.12708333333 156.46154584753404 0.0 181.71319521982988 0.0
57853.12777777778 158.44004831165637 0.0 184.32403634360875 0.0
57853.12847222222 161.59592848521896 0.0 187.84539399197416 0.0
57853.129166666666 161.79394185506453 0.0 188.13273459448783 0.0
57853.131944444445 165.66691596393048 0.0 193.46331758501404 0.0
57853.13263888889 163.15570181578087 0.0 190.15851208925673 0.0
57853.13333333333 165.51704715224955 0.0 193.35825027394097 0.0
57853.13402777778 167.5305050341579 0.0 195.7193951554112 0.0
57853.134722222225 164.8332098819895 0.0 192.5711783523173 0.0
57853.1528587963 85.97518922921891 0.0 91.84793669429924 0.0
57853.152974537035 72.57113991801424 0.0 78.53029290025601 0.0
57853.15310185185 89.41510591057866 0.0 96.59526021498156 0.0
57853.15321759259 78.18763384321078 0.0 84.16810828336348 0.0
57853.153333333335 61.99081127876937 0.0 66.34718240437947 0.0
57853.15346064815 98.27675217975002 0.0 104.53980979512063 0.0
57853.15347222222 79.33819447781755 0.0 85.25476110458582 0.0
57853.15357638889 68.56670802948031 0.0 74.04483277042362 0.0
57853.15369212963 71.92453209441129 0.0 81.02602003677583 0.0
57853.153819444444 71.41345326337328 0.0 76.11479698455484 0.0
57853.15393518518 62.7403694920583 0.0 68.02631570943703 0.0
57853.15405092593 76.08112366415207 0.0 81.52137453453541 0.0
57853.15416666667 75.12658997319124 0.0 81.3535846966807 0.0
57853.154178240744 74.08733289166238 0.0 81.02766327619229 0.0
57853.15429398148 68.65748422422715 0.0 74.3137187469447 0.0
57853.15440972222 67.1962059792069 0.0 72.27818407375769 0.0
57853.15453703704 78.18594966488544 0.0 83.68513470742579 0.0
57853.154652777775 69.20157767710212 0.0 74.36984504488362 0.0
57853.15476851852 72.52032968071781 0.0 74.97032965113598 0.0
57853.154861111114 77.03793436353288 0.0 79.99657344536702 0.0
57853.15489583334 82.59346805892098 0.0 86.29306971014532 0.0
57853.155011574076 157.72817741608506 0.0 168.74861547580176 0.0
57853.155127314814 84.60882213457413 0.0 88.62762881855748 0.0
57853.15525462963 97.90963097673283 0.0 112.981416710891 0.0
57853.15537037037 153.08015253128016 0.0 163.05990038019772 0.0
57853.155486111114 187.11925423910816 0.0 190.515267831741 0.0
57853.15555555555 189.27075120842102 0.0 198.2428466124314 0.0
57853.15655555555 189.27075120842102 0.0 198.2428466124314 0.0
