57853.45813194445 73.9324322811038 0.0 79.22377949201868 0.0
57853.459131944444 73.9324322811038 0.0 79.22377949201868 0.0
57853.45924768518 83.5598991682015 0.0 87.36191821955377 0.0
57853.45936342593 72.91136996381292 0.0 77.99415388348027 0.0
57853.45949074074 74.34728555905723 0.0 79.43240756139775 0.0
57853.45960648148 73.15928604763718 0.0 78.64222867518443 0.0
57853.45972222222 73.56123059737378 0.0 78.1998404665892 0.0
57853.45984953704 75.81176549850294 0.0 80.15247600043307 0.0
57853.459965277776 74.35933379206675 0.0 79.19243025062434 0.0
57853.46008101852 75.13418110953229 0.0 80.14629632740368 0.0
57853.46020833333 74.61402765566271 0.0 80.37776433193449 0.0
57853.460324074076 73.45935992778593 0.0 78.58313847130312 0.0
57853.46041666667 73.7066931153474 0.0 78.85967207007647 0.0
57853.460439814815 73.94958542818209 0.0 79.11292909506005 0.0
57853.46055555555 73.23022867641477 0.0 78.04742715170052 0.0
57853.46068287037 73.1899643872027 0.0 78.80017132595589 0.0
57853.46079861111 73.16038386312636 0.0 78.51052956769557 0.0
57853.460914351854 71.934925321432 0.0 77.08978273416004 0.0
57853.46104166667 73.09713169475256 0.0 78.50030694207507 0.0
57853.46111111111 73.82028620914444 0.0 79.10894401393561 0.0
57853.46115740741 74.59691453404758 0.0 79.78948633122036 0.0
57853.46127314815 72.52398611493993 0.0 78.63152215873734 0.0
57853.46140046296 72.50843971566344 0.0 77.70927894402315 0.0
57853.4615162037 72.18216831046294 0.0 76.87175485833532 0.0
57853.46163194445 75.58845366853326 0.0 81.47729777674269 0.0
57853.46175925926 72.42448443723987 0.0 77.55391075245657 0.0
57853.461805555555 73.12346723179913 0.0 78.235835868226 0.0
57853.461875 73.82422563088623 0.0 78.8940278664995 0.0
57853.46199074074 73.32107973836719 0.0 78.94868224359416 0.0
57853.462118055555 71.87808670241579 0.0 76.80466856252946 0.0
57853.462233796294 72.74160317864875 0.0 77.45636184329858 0.0
57853.46234953704 71.76746960845144 0.0 77.13752835682513 0.0
57853.462476851855 74.59182244723613 0.0 80.90472342823996 0.0
57853.4625 73.80255813994526 0.0 79.4867183308004 0.0
57853.462592592594 73.04546899021184 0.0 78.1377575375695 0.0
57853.46270833333 72.03904696065877 0.0 76.79713708205534 0.0
57853.46283564815 74.00289998371686 0.0 79.05569187604394 0.0
57853.46295138889 73.97828830136584 0.0 78.39525168656581 0.0
57853.46306712963 71.91946378415234 0.0 76.64472602860552 0.0
57853.46319444444 71.92316635132244 0.0 77.38456097310367 0.0
57853.46331018519 72.0871194874646 0.0 77.3217782258013 0.0
57853.463425925926 71.88196227149061 0.0 77.40654281131538 0.0
57853.46355324074 71.73720005687426 0.0 77.03928487466638 0.0
57853.46366898148 72.74546780384328 0.0 78.34716212473812 0.0
57853.463784722226 72.30096640432961 0.0 77.19872634312046 0.0
57853.46388888889 73.62194665315499 0.0 78.22330731949398 0.0
57853.463912037034 75.02585289751794 0.0 79.26810829078741 0.0
57853.46402777778 71.6896416715832 0.0 76.18257884188483 0.0
57853.46414351852 76.29538478178087 0.0 80.140229965979 0.0
57853.464270833334 73.09221631610305 0.0 78.15135176054218 0.0
57853.46438657407 72.62305737160892 0.0 77.17269884486353 0.0
57853.46450231481 71.985290511326 0.0 76.96452315190422 0.0
57853.464583333334 72.02826877691841 0.0 77.16269782090308 0.0
57853.46462962963 72.0577855127397 0.0 77.35673357891994 0.0
57853.46474537037 71.59102781773704 0.0 76.6295513167081 0.0
57853.46486111111 71.6637970456492 0.0 76.27429807608851 0.0
57853.46497685185 71.30004396913091 0.0 76.90151642197961 0.0
57853.465104166666 71.67551850527487 0.0 77.09177692854148 0.0
57853.465219907404 71.08026304819082 0.0 75.88508946426828 0.0
57853.46527777778 71.08691168562606 0.0 76.13051569508774 0.0
57853.46533564815 71.11819074610939 0.0 76.41146143086128 0.0
57853.465462962966 72.50716756983408 0.0 77.15581882139544 0.0
57853.465578703705 71.38058776025875 0.0 76.08168610118994 0.0
57853.46569444444 71.59211915427564 0.0 76.32470833223013 0.0
57853.46582175926 71.87263346364874 0.0 76.32737899338612 0.0
57853.4659375 70.75519612721034 0.0 75.68728683867589 0.0
57853.46597222222 71.23598394070233 0.0 76.13057648540433 0.0
57853.4744212963 68.8549360394736 0.0 73.36769883266068 0.0
57853.47453703704 69.11571642542671 0.0 74.03735509862572 0.0
57853.47466435185 69.0153817927569 0.0 73.62957948406333 0.0
57853.47478009259 69.27445436811466 0.0 73.65689099466526 0.0
57853.47489583334 69.35519425392737 0.0 73.96738911844868 0.0
57853.475 69.1975273691192 0.0 73.71979131820709 0.0
57853.475023148145 69.03044085039585 0.0 73.46091786113212 0.0
57853.47513888889 68.76388595040277 0.0 73.78257729301681 0.0
57853.47525462963 68.8234674729485 0.0 73.5502759274226 0.0
57853.475381944445 68.96837140312942 0.0 73.51885824059022 0.0
57853.475497685184 68.93155466838101 0.0 73.7290214637357 0.0
57853.47561342592 69.00849846939144 0.0 74.13655149789474 0.0
57853.475694444445 68.84411397497973 0.0 73.71342098288478 0.0
57853.47574074074 68.68858539815768 0.0 73.31447936799388 0.0
57853.475856481484 68.97865612636998 0.0 73.46449613248565 0.0
57853.47597222222 69.1094061470651 0.0 74.12513322753625 0.0
57853.47609953704 71.16636263713356 0.0 75.56188332089137 0.0
57853.47621527778 69.2987249377649 0.0 73.52123759839738 0.0
57853.476331018515 69.08722206023339 0.0 73.89310396105986 0.0
57853.47638888889 69.64792296974835 0.0 74.32087432881828 0.0
57853.47645833333 70.23671890827475 0.0 74.75706728463872 0.0
57853.47657407408 69.81792722503297 0.0 75.42216863098011 0.0
57853.476689814815 69.28126302976874 0.0 73.86030580765286 0.0
57853.47681712963 69.53967775306411 0.0 74.07440528954653 0.0
57853.47693287037 68.76670434156344 0.0 73.74344012181693 0.0
57853.47704861111 68.88452634663318 0.0 73.75442909412288 0.0
57853.47708333333 69.03518545640331 0.0 73.85769833267213 0.0
57853.477175925924 69.14771086594263 0.0 73.8977515016526 0.0
57853.47729166667 68.62345473670062 0.0 73.32544902692379 0.0
57853.47740740741 68.8128685421557 0.0 73.55579328645705 0.0
57853.477534722224 68.7385055700224 0.0 73.142676222572 0.0
57853.47765046296 68.8659763090599 0.0 73.69575086801139 0.0
57853.4777662037 68.63481652193732 0.0 73.15234701634664 0.0
57853.47777777778 68.8095163912667 0.0 73.22596156418842 0.0
57853.47789351852 69.00569153338006 0.0 73.35064866107184 0.0
57853.47800925926 68.54584795594843 0.0 73.75131248323653 0.0
57853.478125 69.29994261180885 0.0 73.81314223090628 0.0
57853.47825231482 68.5506697268524 0.0 73.11175510819037 0.0
57853.478368055556 68.46034876481421 0.0 73.15495906635448 0.0
57853.478472222225 68.41972760834408 0.0 73.2660728441207 0.0
57853.478483796294 68.38219559212763 0.0 73.38016196493437 0.0
57853.47859953704 68.17621178974379 0.0 72.82968836951041 0.0
57853.47872685185 68.27664643932067 0.0 73.13886730733529 0.0
57853.478842592594 68.03988165039678 0.0 72.94124668526032 0.0
57853.47895833333 68.59340740916724 0.0 72.7251721551761 0.0
57853.47908564815 69.0766199810037 0.0 73.67693778245673 0.0
57853.479166666664 68.95598990660638 0.0 73.77831230788625 0.0
57853.47920138889 68.83920458575912 0.0 73.87630295974482 0.0
57853.479317129626 68.27229003775983 0.0 73.7912573886636 0.0
57853.47944444444 68.68083685424924 0.0 72.92101304150951 0.0
57853.47956018519 68.43426327505834 0.0 73.74177122906663 0.0
57853.479675925926 68.2637965688988 0.0 72.86121162182248 0.0
57853.47980324074 68.16864429486624 0.0 72.67585976787616 0.0
57853.47986111111 68.16350825038278 0.0 72.89471782646531 0.0
57853.47991898148 68.1635554457072 0.0 73.14276648445832 0.0
57853.48003472222 68.17140445964128 0.0 73.40844409194354 0.0
57853.480162037034 68.47781762001473 0.0 73.60545852041137 0.0
57853.48027777778 67.83365722854695 0.0 72.78211210180699 0.0
57853.48039351852 67.80451409751419 0.0 72.60824691452066 0.0
57853.480520833335 67.916549021575 0.0 72.65109829176707 0.0
57853.48055555556 67.93182395608115 0.0 72.70972474848189 0.0
57853.48063657407 67.924558776631 0.0 72.71846520657597 0.0
57853.48075231481 67.74324375906427 0.0 72.59014282945033 0.0
57853.48087962963 67.82315918622487 0.0 72.5233036754394 0.0
57853.48099537037 67.70286133539705 0.0 72.39497004626772 0.0
57853.48111111111 68.56122086135865 0.0 72.91875602339908 0.0
57853.48123842593 67.83079557251264 0.0 72.8567269234626 0.0
57853.48125 68.30456533790402 0.0 73.63183518017189 0.0
57853.49306712963 66.96906094608165 0.0 71.46119403564427 0.0
57853.49318287037 66.64431244299847 0.0 70.71325684763784 0.0
57853.49329861111 65.94165926028856 0.0 70.54002476608582 0.0
57853.493425925924 66.23697281730196 0.0 71.17001919347781 0.0
57853.49354166666 66.72046180145938 0.0 70.87050918400404 0.0
57853.49365740741 66.2205003378863 0.0 71.12432424283551 0.0
57853.49375 66.18429439073896 0.0 71.28346469553792 0.0
57853.493784722225 66.161670754297 0.0 71.46339278959543 0.0
57853.49390046296 66.95223459302908 0.0 71.29350403087227 0.0
57853.4940162037 66.55817893392216 0.0 71.2384936884547 0.0
57853.49414351852 66.3761808557859 0.0 70.80770114895695 0.0
57853.494259259256 66.18646148571473 0.0 70.3212656171659 0.0
57853.494375 66.28091067569908 0.0 70.62985384382442 0.0
57853.49444444444 66.38704790092719 0.0 70.83268329662515 0.0
57853.49450231482 66.49258068386277 0.0 71.03356246169835 0.0
57853.494618055556 66.2581343911825 0.0 70.37161629520811 0.0
57853.494733796295 65.9319512831222 0.0 70.34276107745558 0.0
57853.49486111111 66.40892558233419 0.0 70.86333262696583 0.0
57853.49497685185 65.95030471498976 0.0 70.41082050366974 0.0
57853.495092592595 65.94593118608609 0.0 70.51498059277901 0.0
57853.49513888889 65.93517561969483 0.0 70.43229263626168 0.0
57853.49521990741 65.9114231525917 0.0 70.32519319561091 0.0
57853.49533564815 66.22228457249115 0.0 70.68256664128715 0.0
57853.49545138889 65.9852210877557 0.0 70.70570884306302 0.0
57853.4955787037 65.84367997006242 0.0 70.39127060225579 0.0
57853.49569444444 66.31783263949448 0.0 70.8986758973678 0.0
57853.49581018519 65.76531747813584 0.0 70.16523413343677 0.0
57853.495833333334 65.78909035698852 0.0 70.12673684836619 0.0
57853.4959375 65.82320002856136 0.0 70.12664418036843 0.0
57853.49605324074 65.93596450344835 0.0 70.4734956348839 0.0
57853.49616898148 65.92973625004123 0.0 70.49716286489833 0.0
57853.496296296296 65.84047398067544 0.0 70.41016010491667 0.0
57853.496412037035 65.6924269684109 0.0 70.27280784200956 0.0
57853.49652777778 66.56151898056413 0.0 71.23538066157856 0.0
57853.49664351852 65.6394592908869 0.0 70.32988070514551 0.0
57853.496770833335 65.6469604094508 0.0 70.38760873903871 0.0
57853.496886574074 65.81694263637593 0.0 70.38819581435513 0.0
57853.49700231481 65.837626529212 0.0 70.40813941583743 0.0
57853.49712962963 65.76323595292433 0.0 70.18484079913553 0.0
57853.49722222222 65.7633115878451 0.0 70.54299734204665 0.0
57853.497245370374 65.77636282890685 0.0 70.91749740367324 0.0
57853.49736111111 65.78451055529713 0.0 70.10117570340742 0.0
57853.49748842593 65.68716089921988 0.0 69.98836849791542 0.0
57853.49760416667 65.86579601735637 0.0 70.28540909036526 0.0
57853.497719907406 66.19105503767106 0.0 70.15091212521759 0.0
57853.49784722222 65.50447187788022 0.0 69.91929179418224 0.0
57853.49791666667 65.63298826047767 0.0 70.09302836944627 0.0
57853.49796296296 65.7725658766632 0.0 70.29472814514614 0.0
57853.498078703706 65.73032428795707 0.0 69.99101526624686 0.0
57853.49820601852 65.52820226436859 0.0 69.94174855549439 0.0
57853.49832175926 65.6775780080234 0.0 70.13060247851861 0.0
57853.4984375 65.82181696823629 0.0 69.98320500662999 0.0
57853.498564814814 65.71689756067308 0.0 70.29713438682974 0.0
57853.498611111114 65.66347388769498 0.0 70.31338737395603 0.0
57853.49868055555 65.6083353469664 0.0 70.32954583956874 0.0
57853.4987962963 65.56108353283982 0.0 70.15575535193103 0.0
57853.498923611114 65.880340496995 0.0 70.37153682420187 0.0
57853.49903935185 65.93670211649959 0.0 70.51873945271569 0.0
57853.49915509259 65.97559864828814 0.0 70.82486776549604 0.0
57853.49928240741 65.74008543499164 0.0 70.14467326176664 0.0
57853.49930555555 65.88281955866795 0.0 70.5223077685352 0.0
57853.499398148146 66.0273371415204 0.0 70.89639088134177 0.0
57853.49951388889 65.90711756707313 0.0 70.25821789655642 0.0
57853.49964120371 65.9057074842536 0.0 70.23314942390097 0.0
57853.499756944446 65.48079251963891 0.0 69.90142489963992 0.0
57853.499872685185 65.54066335489748 0.0 69.88560997086596 0.0
57853.5 65.62996754532185 0.0 70.04984942881748 0.0
57853.5021412037 65.30164131168527 0.0 69.85592314184962 0.0
57853.50226851852 65.55476857559638 0.0 69.94187418135148 0.0
57853.502384259256 65.35232946881082 0.0 69.91317794951107 0.0
57853.5025 65.16820070402434 0.0 69.67523271579364 0.0
57853.50262731482 65.78791498444072 0.0 70.00214041013318 0.0
57853.50274305556 65.67947170920303 0.0 70.33889373596944 0.0
57853.50277777778 65.60205060057193 0.0 70.10288367820543 0.0
57853.502858796295 65.51755341128055 0.0 69.86623034055866 0.0
57853.50298611111 65.73393824349793 0.0 70.08785648741157 0.0
57853.50310185185 65.21255767871706 0.0 69.59455122349738 0.0
57853.503217592595 65.24344005338774 0.0 69.84180622664337 0.0
57853.50334490741 65.25965109468484 0.0 69.53636096316804 0.0
57853.50346064815 65.08660067940252 0.0 69.54725486315043 0.0
57853.50347222222 65.1886920255346 0.0 69.65895932326293 0.0
57853.50357638889 65.29246289580445 0.0 69.75715186273018 0.0
57853.503703703704 65.14134699252081 0.0 69.36498424277194 0.0
57853.50381944444 64.96049096951161 0.0 69.37015611918429 0.0
57853.50393518519 64.99952973676041 0.0 69.46552216747529 0.0
57853.5040625 64.99615463240883 0.0 69.28568443769608 0.0
57853.504166666666 65.02361559464377 0.0 69.41158246287142 0.0
57853.50417824074 65.0591075177027 0.0 69.57062977291496 0.0
57853.50429398148 65.04309427602595 0.0 69.35260828548556 0.0
57853.5044212963 65.35834360661231 0.0 69.82165949760862 0.0
57853.504537037035 65.21902584369073 0.0 69.57930170675759 0.0
57853.50465277778 65.08427807850371 0.0 69.44603319124859 0.0
57853.50478009259 64.93174561029451 0.0 69.45229139488488 0.0
57853.50486111111 64.97939448779128 0.0 69.5423574305617 0.0
57853.504895833335 65.02587209718914 0.0 69.62065226640728 0.0
57853.505011574074 64.9094625382155 0.0 69.35013227817232 0.0
57853.50513888889 65.03460949371495 0.0 69.63721922937475 0.0
57853.50525462963 65.17864911917093 0.0 69.79303634317682 0.0
57853.50537037037 64.9381988047097 0.0 69.36079803462472 0.0
57853.50548611111 64.88989817375274 0.0 69.32085274287961 0.0
57853.50555555556 64.96269553366763 0.0 69.38956911524959 0.0
57853.50561342593 65.03226634525356 0.0 69.44909522088822 0.0
57853.50572916667 65.03214392129479 0.0 69.33388882790291 0.0
57853.505844907406 64.87673577639369 0.0 69.35505410566702 0.0
57853.50597222222 65.19908391227595 0.0 69.86226530109083 0.0
57853.50608796296 64.95028650437195 0.0 69.23437481482735 0.0
57853.506203703706 65.3768940834604 0.0 69.60756593934312 0.0
57853.50625 65.20788680826882 0.0 69.50398716620508 0.0
57853.50633101852 65.03632641839482 0.0 69.41621532466316 0.0
57853.50644675926 65.13818567476378 0.0 69.31474213325762 0.0
57853.5065625 65.13745424101252 0.0 69.63495023334188 0.0
57853.506689814814 65.12939276547878 0.0 69.27216731126579 0.0
57853.50680555555 65.07778564149214 0.0 69.69913985839423 0.0
57853.5069212963 65.06390023661355 0.0 69.36436211052474 0.0
57853.506944444445 65.3165058159115 0.0 69.58443295019369 0.0
57853.507048611114 65.56388748388856 0.0 69.79451926190194 0.0
57853.50716435185 65.43534499794434 0.0 69.69151680082734 0.0
57853.50728009259 64.75902952484695 0.0 69.25048401996914 0.0
57853.50740740741 65.1448274001858 0.0 69.54526629469471 0.0
57853.507523148146 64.75423183082323 0.0 69.31483060644382 0.0
57853.50763888889 64.66377437947773 0.0 69.26975074301913 0.0
57853.5077662037 64.79792765204763 0.0 69.30151999054566 0.0
57853.507881944446 64.93255276823791 0.0 69.71075449311964 0.0
57853.507997685185 64.757449146797 0.0 69.51042710270164 0.0
57853.508125 64.65352851159788 0.0 69.0637367943554 0.0
57853.50824074074 64.7561780681967 0.0 69.20455136766657 0.0
57853.50833333333 64.70452386811915 0.0 69.1046612610177 0.0
57853.508356481485 64.64825958214189 0.0 69.00337425082921 0.0
57853.50848379629 64.66007228576225 0.0 69.09178440306778 0.0
57853.50859953704 64.67707005577789 0.0 69.1335677221999 0.0
57853.50871527778 64.56175985054931 0.0 69.06495047417322 0.0
57853.50884259259 64.56223315530528 0.0 68.9990988709273 0.0
57853.50895833333 64.54185398638623 0.0 69.08643007856173 0.0
57853.50902777778 64.5880471139978 0.0 69.07553706631603 0.0
57853.51122685185 64.578494973172 0.0 68.81915356207165 0.0
57853.511342592596 64.33695613720002 0.0 68.72481118198871 0.0
57853.511469907404 64.61670780842985 0.0 69.35450650822915 0.0
57853.51158564815 64.25024473883349 0.0 68.65027275255358 0.0
57853.51170138889 64.69237172959421 0.0 68.98975130408864 0.0
57853.51180555556 64.43965099222683 0.0 68.81744834705803 0.0
57853.511828703704 64.22621042845358 0.0 68.70495640053926 0.0
57853.51194444444 64.336865069725 0.0 68.73711658194574 0.0
57853.51206018519 64.28227915218937 0.0 68.78624269430625 0.0
57853.5121875 64.39640626618849 0.0 68.73600408810509 0.0
57853.51230324074 64.23334686126825 0.0 68.71543381220845 0.0
57853.51241898148 64.30271963921899 0.0 68.80805273367355 0.0
57853.5125 64.33463888917073 0.0 68.91071480546402 0.0
57853.5125462963 64.35126541102358 0.0 68.98411907823423 0.0
57853.512662037036 64.28743906860811 0.0 68.72935425274997 0.0
57853.512777777774 64.44110507277168 0.0 69.23845206964118 0.0
57853.51290509259 64.3063163227377 0.0 68.67501962140237 0.0
57853.513020833336 64.22635202158067 0.0 68.76302684582754 0.0
57853.513136574074 64.53820220613524 0.0 69.20102839553759 0.0
57853.513194444444 64.38551392199956 0.0 68.97721917415923 0.0
57853.51326388889 64.23388994136974 0.0 68.75552349448006 0.0
57853.51337962963 64.46880129178764 0.0 69.18447746424049 0.0
57853.51349537037 64.25313728527192 0.0 68.82961692469311 0.0
57853.51362268518 64.26201679841678 0.0 68.85840377179825 0.0
57853.51373842593 64.33001350847053 0.0 68.69776462156538 0.0
57853.51385416667 64.17445312583506 0.0 68.62569932612709 0.0
57853.51388888889 64.19213965899563 0.0 68.63505755807304 0.0
57853.51398148148 64.21057408246713 0.0 68.65208422910408 0.0
57853.51409722222 64.22798611975935 0.0 68.54346276633535 0.0
57853.51421296296 64.45869957577487 0.0 69.41315698770659 0.0
57853.514328703706 64.31659886841032 0.0 68.77507342780522 0.0
57853.51445601852 64.13811993658685 0.0 68.51715739141548 0.0
57853.51457175926 64.4322860063183 0.0 68.94541926045558 0.0
57853.51458333333 64.29380449934503 0.0 68.78808132954428 0.0
57853.5146875 64.14290521951746 0.0 68.60819692281673 0.0
57853.514814814815 64.06138370344493 0.0 68.46329335490661 0.0
57853.51493055555 64.27845583864006 0.0 68.73632625475412 0.0
57853.5150462963 64.09356971647 0.0 68.50700806486881 0.0
57853.515173611115 64.01065083249817 0.0 68.45844668118026 0.0
57853.51527777778 63.98681993973447 0.0 68.39227001642803 0.0
57853.51528935185 63.974922625979 0.0 68.35390985159518 0.0
57853.51540509259 63.99787256620332 0.0 68.50843921007105 0.0
57853.51553240741 64.06358968243974 0.0 68.54097841437631 0.0
57853.515648148146 64.16820355129167 0.0 68.73463466841153 0.0
57853.51576388889 64.0054491898932 0.0 68.3687645493174 0.0
57853.5158912037 64.56872739182646 0.0 69.06022826489932 0.0
57853.51597222222 64.26370699702905 0.0 68.74362662094575 0.0
57853.51600694445 63.9530402092035 0.0 68.41343624610592 0.0
57853.516122685185 63.953880187209904 0.0 68.68691642518246 0.0
57853.51625 64.00005114841706 0.0 68.3506763170636 0.0
57853.51636574074 64.00369640887939 0.0 68.34597796505658 0.0
57853.51648148148 64.04080041660941 0.0 68.64088880543433 0.0
57853.51660879629 63.87600803118492 0.0 68.28888102758751 0.0
57853.51666666667 63.893687849426875 0.0 68.25583006600975 0.0
57853.51672453704 63.92444718572074 0.0 68.24154573278656 0.0
57853.51684027778 63.746363857085996 0.0 68.25050371242692 0.0
57853.51696759259 64.04359963337475 0.0 68.39045966361098 0.0
57853.51708333333 63.79486653328777 0.0 68.47945935826304 0.0
57853.51719907407 63.867245173093224 0.0 68.28995909355928 0.0
57853.51732638889 63.75751370622917 0.0 68.25732353381576 0.0
57853.51736111111 63.76945978287726 0.0 68.2387256109022 0.0
57853.51744212963 63.77655887549908 0.0 68.19895900965058 0.0
57853.51755787037 64.13522869687142 0.0 68.47711246102598 0.0
57853.51768518519 63.82663579572403 0.0 68.25416339682144 0.0
57853.517800925925 64.05205744548726 0.0 68.58908769622177 0.0
57853.517916666664 63.79739746259247 0.0 68.33272162002623 0.0
57853.51804398148 63.859940338212034 0.0 68.09947080557968 0.0
57853.518055555556 63.99909187636962 0.0 68.26982412457205 0.0
57853.52855324074 63.11144057934346 0.0 67.39490774531856 0.0
57853.52866898148 63.128449798803075 0.0 67.53548006048376 0.0
57853.5287962963 63.26613236163564 0.0 67.56434456871465 0.0
57853.528912037036 63.12523727480159 0.0 67.5515904179909 0.0
57853.529027777775 63.18730666043616 0.0 67.66422613168646 0.0
57853.52915509259 63.11161862921914 0.0 67.79421272498118 0.0
57853.52916666667 63.15040214440443 0.0 67.60023331320684 0.0
57853.529270833336 63.18730783947042 0.0 67.41140249245672 0.0
57853.529386574075 63.05499557529126 0.0 67.38948057375127 0.0
57853.52951388889 63.101534624761705 0.0 67.49780502357095 0.0
57853.52962962963 63.643067297231994 0.0 67.99861723594091 0.0
57853.52974537037 63.27780862198058 0.0 67.51761550143785 0.0
57853.529861111114 63.168755742059695 0.0 67.47055105747988 0.0
57853.52987268518 63.062155418285535 0.0 67.40962569247807 0.0
57853.52998842593 63.58367358056626 0.0 67.70016539123077 0.0
57853.53010416667 63.180260429979235 0.0 67.51852602064118 0.0
57853.53023148148 63.05097516295842 0.0 67.38297954231469 0.0
57853.53034722222 62.96824025649756 0.0 67.43513209744606 0.0
57853.53046296296 63.00861718844495 0.0 67.32822665123447 0.0
57853.53055555555 63.00728873709771 0.0 67.4068508387686 0.0
57853.530590277776 62.99653220614608 0.0 67.47940318348999 0.0
57853.530706018515 63.10667455982766 0.0 67.46757201797023 0.0
57853.53082175926 62.9271463837349 0.0 67.26349604354505 0.0
57853.53094907408 62.93935186352017 0.0 67.28888853295172 0.0
57853.531064814815 63.14527234876733 0.0 67.60926922397549 0.0
57853.531180555554 62.84105070732029 0.0 67.26507717976692 0.0
57853.53125 62.89802210721733 0.0 67.30728648519415 0.0
57853.53130787037 62.971695824394 0.0 67.36812563074618 0.0
57853.53142361111 63.135554658211404 0.0 67.48180624435004 0.0
57853.531539351854 62.99372631461009 0.0 67.22107136159019 0.0
57853.53166666667 63.02246988971473 0.0 67.43954745548045 0.0
57853.53178240741 63.15884918995912 0.0 67.4724574252339 0.0
57853.53189814815 62.93765650228804 0.0 67.40971956624654 0.0
57853.53194444445 62.96269011883148 0.0 67.32546774438333 0.0
57853.53202546296 62.97755219917649 0.0 67.23085002437497 0.0
57853.5321412037 62.8467008601088 0.0 67.17568191689608 0.0
57853.53225694445 62.83876164438634 0.0 67.1073218061934 0.0
57853.532372685186 63.14452155175459 0.0 67.27183437368123 0.0
57853.5325 62.870025894698024 0.0 67.32708570107576 0.0
57853.53261574074 62.90336904331914 0.0 67.06126338654828 0.0
57853.532638888886 62.843525855890675 0.0 67.0769303561217 0.0
57853.53273148148 62.79162402741308 0.0 67.11971825775194 0.0
57853.532858796294 62.8435357534886 0.0 67.08046097038988 0.0
57853.53297453704 62.79469650376535 0.0 67.13935672167257 0.0
57853.53309027778 63.101765466585796 0.0 67.44878399200388 0.0
57853.533217592594 62.74273243173268 0.0 67.15271183652973 0.0
57853.53333333333 62.83674077321324 0.0 67.18321302230193 0.0
57853.53344907407 62.78084533518165 0.0 67.15094771483125 0.0
57853.53357638889 62.93141055943367 0.0 67.46909955676006 0.0
57853.53369212963 62.91463096132727 0.0 67.45567628450551 0.0
57853.53380787037 63.092204510541556 0.0 67.26348329517288 0.0
57853.53393518519 64.11936642700081 0.0 68.85617991872624 0.0
57853.53402777778 63.46105592408623 0.0 67.98836069504839 0.0
57853.534050925926 62.81205130387002 0.0 67.13117707891021 0.0
57853.534166666665 62.90781966496693 0.0 67.56364705224252 0.0
57853.53429398148 62.757901805270706 0.0 67.3103271794158 0.0
57853.53440972222 62.77278718521267 0.0 67.34980392696032 0.0
57853.534525462965 62.75152406117321 0.0 67.19203136533379 0.0
57853.53465277778 62.967160790367544 0.0 67.9174145046762 0.0
57853.53472222222 62.93912047367679 0.0 67.57273350990027 0.0
57853.53476851852 62.90800921186427 0.0 67.23038249928376 0.0
57853.53488425926 63.580594924866816 0.0 68.08039461548384 0.0
57853.53501157407 62.96447271279257 0.0 67.80781622350037 0.0
57853.53512731481 62.780939312820095 0.0 67.10778257400553 0.0
57853.53524305556 62.96890080825613 0.0 67.68826526067868 0.0
57853.53537037037 62.69389582726535 0.0 67.233486887116 0.0
57853.535416666666 62.74506043506533 0.0 67.2436177640674 0.0
57853.537511574075 62.646293625401334 0.0 67.03411433740285 0.0
57853.53763888889 62.619391421507764 0.0 67.13407997433197 0.0
57853.53775462963 62.41666218246535 0.0 66.73057734652083 0.0
57853.53787037037 62.473874195538734 0.0 66.66975724419582 0.0
57853.537997685184 62.460869382358105 0.0 66.7819837755663 0.0
57853.53811342592 62.49369962644234 0.0 66.65574546128788 0.0
57853.538194444445 62.42060763081372 0.0 66.63736199010282 0.0
57853.53822916667 62.36562295046847 0.0 66.65295963421279 0.0
57853.538356481484 62.42919209792804 0.0 66.63435515558021 0.0
57853.53847222222 62.42606651872277 0.0 66.75914311163677 0.0
57853.53858796296 62.415472560896305 0.0 66.72262141882617 0.0
57853.53871527778 62.44259959354671 0.0 66.66630024982638 0.0
57853.538831018515 62.67132304331862 0.0 66.87429438132413 0.0
57853.53888888889 62.56736800441585 0.0 66.91013046617081 0.0
57853.53894675926 62.441587832149175 0.0 66.90121276180275 0.0
57853.53907407408 62.53816811356086 0.0 66.7494842227264 0.0
57853.539189814815 62.492079554132296 0.0 66.8298349616397 0.0
57853.539305555554 62.495894041128814 0.0 66.80950465315546 0.0
57853.53943287037 62.61280687686825 0.0 66.6626968701387 0.0
57853.53954861111 62.360208298240956 0.0 66.68617763824824 0.0
57853.53958333333 62.384296958449404 0.0 66.65130406076088 0.0
57853.539664351854 62.42829117475505 0.0 66.6685756185026 0.0
57853.53979166667 62.451886024362786 0.0 66.70894761574343 0.0
57853.53990740741 62.46794790130375 0.0 66.88463390794631 0.0
57853.54002314815 62.56002347346107 0.0 66.65385509481054 0.0
57853.54015046296 62.87425483455053 0.0 67.10136126040962 0.0
57853.5402662037 62.88261338398715 0.0 67.28840396383318 0.0
57853.54027777778 62.62078158247468 0.0 67.04418085113726 0.0
57853.54038194445 62.34807547150112 0.0 66.75620406374227 0.0
57853.54050925926 62.338952333192125 0.0 66.7205722097765 0.0
57853.540625 62.35933808179814 0.0 66.61512799657447 0.0
57853.54074074074 62.38499398092461 0.0 66.6026326506693 0.0
57853.540868055556 62.458232195604126 0.0 66.63369727847915 0.0
57853.540972222225 62.67804211205069 0.0 66.8101020130938 0.0
57853.540983796294 62.907206288310086 0.0 67.01038612036197 0.0
57853.54109953704 62.31274380092727 0.0 66.71936417562745 0.0
57853.54121527778 62.49009484710357 0.0 66.86124618192515 0.0
57853.541342592594 62.26620494297047 0.0 66.57791107416934 0.0
57853.54145833333 62.29334930793174 0.0 66.50547202298469 0.0
57853.54157407407 62.41653771237235 0.0 66.73270129404324 0.0
57853.541666666664 62.432791632282466 0.0 66.79184827507022 0.0
57853.54170138889 62.444216761842725 0.0 66.84719209510598 0.0
57853.541817129626 62.37349964528205 0.0 66.77788980643219 0.0
57853.54193287037 62.49602081732884 0.0 66.71652373288045 0.0
57853.54206018519 62.601334370762416 0.0 66.86156180497133 0.0
57853.542175925926 62.40141652238353 0.0 66.54221318832128 0.0
57853.542291666665 62.55752326459225 0.0 66.72457358425005 0.0
57853.54236111111 62.475559949471446 0.0 66.6909157681914 0.0
57853.54241898148 62.41207833424553 0.0 66.67649733601789 0.0
57853.54253472222 62.84120416573826 0.0 67.13790313228438 0.0
57853.542650462965 62.561092213931175 0.0 67.11564478569807 0.0
57853.54277777778 62.339543894706196 0.0 66.52652475516814 0.0
57853.54289351852 62.67598201863294 0.0 67.16483661857595 0.0
57853.54300925926 62.48588927910045 0.0 66.9386612354923 0.0
57853.54305555556 62.45894281045749 0.0 66.79735938643084 0.0
57853.54313657407 62.41248578609892 0.0 66.64021480307518 0.0
57853.54325231481 62.34756251049434 0.0 66.72831566134425 0.0
57853.54336805556 62.312660310726585 0.0 66.59053468774673 0.0
57853.54349537037 62.38167685306319 0.0 66.55896917771489 0.0
57853.54361111111 62.23997673521416 0.0 66.65458424594665 0.0
57853.54372685185 62.29102753206115 0.0 66.63788988255855 0.0
57853.54375 62.284724154482696 0.0 66.65383940929435 0.0
57853.543854166666 62.287228979944196 0.0 66.67674619385683 0.0
57853.543969907405 62.404257322717974 0.0 67.09759404032309 0.0
57853.54408564815 62.29844033360707 0.0 67.21614574639042 0.0
57853.54421296297 62.195532653077265 0.0 66.6802381369473 0.0
57853.544328703705 62.35625669489791 0.0 66.82807320280901 0.0
57853.544444444444 62.23144849672069 0.0 66.7189546156113 0.0
57853.5528125 61.89316295036149 0.0 66.06327320834171 0.0
57853.552928240744 61.93398802757659 0.0 66.03950084608454 0.0
57853.55305555555 61.86987584438812 0.0 65.99738341782952 0.0
57853.5531712963 61.90785008381409 0.0 66.17239945777997 0.0
57853.55328703704 61.89283914153559 0.0 66.15356099258754 0.0
57853.55341435185 61.81105739267045 0.0 65.98902986103069 0.0
57853.55347222222 61.88842631704251 0.0 65.98954922561602 0.0
57853.55353009259 61.95462942347408 0.0 65.96674119584807 0.0
57853.55364583333 61.865798928002214 0.0 66.07131677967377 0.0
57853.553773148145 61.86896117602105 0.0 65.96254605456039 0.0
57853.55388888889 61.73282254198329 0.0 65.96057538408833 0.0
57853.55400462963 61.81237472383665 0.0 66.05309328108714 0.0
57853.554131944446 61.83990926578078 0.0 66.05120420552528 0.0
57853.55416666667 61.79786232548825 0.0 66.02461263801553 0.0
57853.554247685184 61.76081174984668 0.0 66.0198748559856 0.0
57853.55436342592 61.93695057879424 0.0 65.9875205247174 0.0
57853.55449074074 61.77819818512029 0.0 66.00387750731014 0.0
57853.554606481484 62.309288312417756 0.0 66.44918904697032 0.0
57853.55472222222 61.89821858502876 0.0 66.20278219229158 0.0
57853.55483796296 62.2482857996909 0.0 66.31496199199695 0.0
57853.55486111111 62.07892499069229 0.0 66.33025783908879 0.0
57853.55496527778 61.89315662494522 0.0 66.31669005612387 0.0
57853.555081018516 62.050983779469604 0.0 66.43093098850865 0.0
57853.55519675926 61.948893404160174 0.0 66.25382313497086 0.0
57853.55532407408 61.85513743416953 0.0 65.98919865402216 0.0
57853.555439814816 61.68487211626526 0.0 66.15890320281919 0.0
57853.555555555555 61.66497929943705 0.0 65.77216485717952 0.0
57853.55568287037 61.57968682122377 0.0 65.78559829476357 0.0
57853.55579861111 61.64700712118959 0.0 65.89199431645699 0.0
57853.555914351855 61.63364227432937 0.0 65.81933140802936 0.0
57853.55604166666 61.720471385108524 0.0 65.97742448747147 0.0
57853.55615740741 61.6529162246199 0.0 65.93888455987104 0.0
57853.55625 61.67952976474448 0.0 65.99194090947773 0.0
57853.55627314815 61.69521564918952 0.0 66.02701631907956 0.0
57853.55640046296 61.66525804697488 0.0 65.8995053471572 0.0
57853.5565162037 61.808417800490574 0.0 65.91585548257719 0.0
57853.55663194445 61.663139045948675 0.0 66.09911127239155 0.0
57853.556759259256 61.635081682431476 0.0 65.8140218266594 0.0
57853.556875 61.66305072731968 0.0 65.86691654389175 0.0
57853.55694444444 61.70214890099047 0.0 66.00526172207789 0.0
57853.55699074074 61.72887328471175 0.0 66.13299559977607 0.0
57853.557118055556 61.5969114160767 0.0 66.0522353747396 0.0
57853.557233796295 61.80255091013639 0.0 65.95935053500754 0.0
57853.55734953703 61.656517108899365 0.0 65.96827868756316 0.0
57853.55747685185 61.53614073859361 0.0 65.77141979613943 0.0
57853.557592592595 61.610738122505886 0.0 65.8147021796802 0.0
57853.55763888889 61.57360183552689 0.0 65.80780461313081 0.0
57853.557708333334 61.54814487049955 0.0 65.8064587103728 0.0
57853.55783564815 61.727199863593356 0.0 65.98677020433718 0.0
57853.55795138889 61.63978832702137 0.0 65.7392745548656 0.0
57853.55806712963 61.84275202479269 0.0 66.12588929458718 0.0
57853.55819444444 61.51296754343754 0.0 65.80452365909201 0.0
57853.55831018519 61.60581168201585 0.0 65.78280013042924 0.0
57853.558333333334 61.61177254388969 0.0 65.77204991483845 0.0
57853.55842592593 61.63321584178453 0.0 65.79569565708687 0.0
57853.55855324074 61.636959634621824 0.0 65.87981970224266 0.0
57853.55866898148 61.55025942268643 0.0 65.84624595221811 0.0
57853.55878472222 61.56834795574752 0.0 65.75068922072224 0.0
57853.558912037035 61.67996403209068 0.0 65.988276375429 0.0
57853.55902777778 61.55494235234081 0.0 65.82751480194281 0.0
57853.55914351852 61.642699608307225 0.0 65.9438780403458 0.0
57853.55925925926 61.74364182650712 0.0 66.03798802204683 0.0
57853.559386574074 61.62882802714976 0.0 65.95569070974847 0.0
57853.55950231481 61.566699123795814 0.0 65.91620506370191 0.0
57853.55961805556 62.017027379583425 0.0 66.26299577441394 0.0
57853.55972222222 61.86047801302541 0.0 65.97430139834752 0.0
57853.561898148146 61.71916354747527 0.0 66.34465209042851 0.0
57853.56201388889 61.5762899905475 0.0 65.84305510074695 0.0
57853.56212962963 61.95648854639843 0.0 66.36951694113797 0.0
57853.562256944446 61.74837810015742 0.0 66.57096318966701 0.0
57853.562372685185 62.487592624456255 0.0 66.69632024332377 0.0
57853.56248842592 61.57284766843255 0.0 66.034500906723 0.0
57853.5625 61.69678739610354 0.0 65.9930611049374 0.0
57853.56261574074 61.83675580106058 0.0 66.0034924000238 0.0
57853.562731481485 61.503545361222876 0.0 65.74646836142608 0.0
57853.56284722222 61.654404165477104 0.0 65.8260517880269 0.0
57853.56297453704 61.651680974649835 0.0 65.84678321679807 0.0
57853.56309027778 61.658582168259436 0.0 65.73292700009638 0.0
57853.56319444445 61.646063572624 0.0 65.84247291832226 0.0
57853.563206018516 61.602939540252464 0.0 65.89172063317211 0.0
57853.56333333333 61.97372082584682 0.0 66.08190701697401 0.0
57853.56344907408 61.41402498615442 0.0 65.7243915300857 0.0
57853.563564814816 61.73294902238188 0.0 65.98140610050683 0.0
57853.563680555555 61.42739738911295 0.0 65.77969038388673 0.0
57853.56380787037 61.48656441857847 0.0 65.77217112882926 0.0
57853.563888888886 61.562767798402305 0.0 65.80905525077837 0.0
57853.56392361111 61.65080405801696 0.0 65.87012958845611 0.0
57853.564039351855 62.3583094222414 0.0 66.47157637667397 0.0
57853.56416666666 61.37055445407024 0.0 65.61733316738803 0.0
57853.56428240741 62.00016107237142 0.0 66.8479280307176 0.0
57853.56439814815 61.51188906219675 0.0 65.81115527021235 0.0
57853.56452546296 61.428771231402635 0.0 65.62441137259823 0.0
57853.56458333333 61.39313471390755 0.0 65.67632801093556 0.0
57853.5646412037 61.37101060761506 0.0 65.74235257427284 0.0
57853.56475694444 61.50367536172127 0.0 65.70911989975212 0.0
57853.564884259256 61.33793774655291 0.0 65.97789038003565 0.0
57853.565 61.594446787027806 0.0 65.96288199434588 0.0
57853.56511574074 61.401163384743775 0.0 65.69191299543651 0.0
57853.56524305556 61.69587983812209 0.0 65.90766243009989 0.0
57853.56527777778 61.59961658159895 0.0 65.89368983445988 0.0
57853.565358796295 61.50352441933714 0.0 65.87766576769398 0.0
57853.565474537034 61.5518197537652 0.0 65.59400086135926 0.0
57853.56560185185 61.74678143028995 0.0 66.00883824155672 0.0
57853.565717592595 61.882522039748835 0.0 65.8314860382173 0.0
57853.565833333334 61.49122869970969 0.0 65.85415674048222 0.0
57853.56596064815 61.36427240666999 0.0 65.62412679038098 0.0
57853.56597222222 61.4276871532699 0.0 65.80986163182537 0.0
57853.56607638889 61.47417400014415 0.0 65.9754176493033 0.0
57853.56619212963 61.47683388073917 0.0 65.74390372498426 0.0
57853.56631944444 61.46428824122183 0.0 65.92860406530689 0.0
57853.56643518519 61.51496248881243 0.0 65.6595877081177 0.0
57853.56655092593 61.28701752410538 0.0 65.58339873779035 0.0
57853.566666666666 61.341228778041284 0.0 65.70437543269094 0.0
57853.56667824074 61.398236554480945 0.0 65.8243338287597 0.0
57853.56679398148 61.40435587155035 0.0 65.67126563421783 0.0
57853.56690972222 61.52732412513972 0.0 65.78098361228723 0.0
57853.567037037035 61.35997295468765 0.0 65.6876959787752 0.0
57853.56715277778 61.42786455673028 0.0 65.86618787359717 0.0
57853.56726851852 61.98572608270391 0.0 66.20609561815287 0.0
57853.56736111111 61.667092188621965 0.0 65.96256271552826 0.0
57853.567395833335 61.36939808243193 0.0 65.73723232689372 0.0
57853.567511574074 61.3216667989382 0.0 65.42736061465418 0.0
57853.56762731481 61.36638385142145 0.0 65.7131120477489 0.0
57853.56775462963 61.228133255881644 0.0 65.45226255065596 0.0
57853.56787037037 61.30239514896624 0.0 65.48558129848128 0.0
57853.56798611111 61.350671544816855 0.0 65.38890272821529 0.0
57853.56805555556 61.33606461943903 0.0 65.40469117731541 0.0
57853.56810185185 61.31561060610911 0.0 65.43446526105336 0.0
57853.56822916667 61.3551815008317 0.0 65.58115794952084 0.0
57853.568344907406 61.37294467434327 0.0 65.62249890852983 0.0
57853.568460648145 61.30358059689499 0.0 65.57199027786179 0.0
57853.56858796296 61.3709291684589 0.0 65.47792558565062 0.0
57853.568703703706 61.32470714157549 0.0 65.547937191036 0.0
57853.56875 61.51872339377663 0.0 65.80773851911339 0.0
57853.57922453704 61.0733599697937 0.0 65.49335597600721 0.0
57853.57934027778 61.16422773974997 0.0 65.29852242585586 0.0
57853.57945601852 61.287869452282315 0.0 65.45370471562325 0.0
57853.57958333333 61.21636547525506 0.0 65.43757852335308 0.0
57853.57969907407 61.224320543391904 0.0 65.46700814914334 0.0
57853.57981481482 61.24956514947677 0.0 65.34787715756343 0.0
57853.57986111111 61.239708996695924 0.0 65.49362236889941 0.0
57853.57994212963 61.225383257273286 0.0 65.63640291027534 0.0
57853.58005787037 61.266143635779784 0.0 65.51342941718133 0.0
57853.58017361111 61.20660954504832 0.0 65.4613616036208 0.0
57853.580300925925 61.23539234788979 0.0 65.76694697186421 0.0
57853.580416666664 61.432703668323114 0.0 65.76059006730398 0.0
57853.58053240741 61.28862287570182 0.0 65.63271973642415 0.0
57853.580555555556 61.18214035974878 0.0 65.44715057968529 0.0
57853.580659722225 61.08259378906563 0.0 65.27349957678078 0.0
57853.580775462964 61.19786264241587 0.0 65.53808338668442 0.0
57853.5808912037 61.1928862041986 0.0 65.39838802294747 0.0
57853.58101851852 61.36404959746382 0.0 65.45788925713997 0.0
57853.58113425926 61.17543618969954 0.0 65.39977981614311 0.0
57853.58125 61.32955308006084 0.0 65.62991404839717 0.0
57853.58137731482 61.147950153705075 0.0 65.3241163507016 0.0
57853.58149305556 61.1342101282089 0.0 65.36375506349066 0.0
57853.581608796296 61.0569713873854 0.0 65.2359951253907 0.0
57853.581724537034 61.108420099033815 0.0 65.47907658176007 0.0
57853.58185185185 61.087113231842935 0.0 65.31223324921604 0.0
57853.58194444444 61.101462273827785 0.0 65.3342023828255 0.0
57853.581967592596 61.124744964703126 0.0 65.3743561803862 0.0
57853.582083333335 61.24827488182831 0.0 65.68752160798883 0.0
57853.58221064815 61.36614380095917 0.0 65.71298004960664 0.0
57853.58232638889 61.33785020686656 0.0 65.46345251359723 0.0
57853.58244212963 61.308530279236024 0.0 65.56503880880419 0.0
57853.58256944444 60.97978707735867 0.0 65.32378670897761 0.0
57853.58263888889 61.077469765863746 0.0 65.327029145676 0.0
57853.58268518518 61.16925869258185 0.0 65.30544377002579 0.0
57853.58280092593 60.98034290654653 0.0 65.19323123607235 0.0
57853.58292824074 61.2542715081977 0.0 65.37359757577978 0.0
57853.58304398148 61.30504561616442 0.0 65.41471222133443 0.0
57853.58315972222 61.09534364417635 0.0 65.31359529225136 0.0
57853.583287037036 61.478596958616414 0.0 65.5465008677046 0.0
57853.583333333336 61.25811118537691 0.0 65.42292741080912 0.0
57853.583402777775 61.05329435828995 0.0 65.34549791684198 0.0
57853.58351851852 60.936688464339774 0.0 65.07373639188086 0.0
57853.583645833336 61.07713617222078 0.0 65.37435398533587 0.0
57853.583761574075 60.98786597348689 0.0 65.19061483066409 0.0
57853.58387731481 60.93122678889701 0.0 65.26081693481932 0.0
57853.58400462963 60.99339215029772 0.0 65.21845454317359 0.0
57853.584027777775 60.99229400506264 0.0 65.27504441208752 0.0
57853.58412037037 60.97329344885349 0.0 65.28536921087297 0.0
57853.58423611111 60.938504740434844 0.0 65.20653786239536 0.0
57853.58436342593 60.96807539196231 0.0 65.25787465892526 0.0
57853.58447916667 60.85658328398005 0.0 65.16526399087171 0.0
57853.58459490741 60.86243411169159 0.0 65.02074075247067 0.0
57853.58472222222 60.86682902041144 0.0 65.14192827971858 0.0
57853.58483796296 60.927021509343454 0.0 65.05532420947574 0.0
57853.58495370371 60.91194528990188 0.0 65.05290042726764 0.0
57853.58508101852 60.88806644162713 0.0 65.0881955426635 0.0
57853.58519675926 60.92383115005162 0.0 65.38828586987123 0.0
57853.5853125 60.92528583437258 0.0 65.30131897595945 0.0
57853.58541666667 60.93264409165255 0.0 65.28213713566676 0.0
57853.585439814815 60.91595794206966 0.0 65.23700680595333 0.0
57853.58555555555 61.28142047962008 0.0 65.6241278342044 0.0
57853.5856712963 60.91065403523426 0.0 65.12854317424888 0.0
57853.58579861111 60.933136797640735 0.0 65.14314582517488 0.0
57853.585914351854 61.00041939200091 0.0 65.25526096032411 0.0
57853.58603009259 61.011059087676884 0.0 65.20610696092812 0.0
57853.58611111111 60.96323501914904 0.0 65.18196966186278 0.0
57853.58829861111 60.76473780902868 0.0 65.03400127625548 0.0
57853.588425925926 61.11288724156305 0.0 65.15214601223815 0.0
57853.588541666664 60.82957444368652 0.0 65.09292047527134 0.0
57853.58865740741 60.919080836795295 0.0 65.18791562091857 0.0
57853.588784722226 61.00269561257109 0.0 65.16273590787912 0.0
57853.58888888889 60.90184295240991 0.0 65.06355407599557 0.0
57853.588900462964 60.7995154668193 0.0 64.96625049208242 0.0
57853.5890162037 60.78730833817204 0.0 64.9784723658536 0.0
57853.58914351852 60.87226140862519 0.0 65.1959010598059 0.0
57853.58925925926 60.90410600279755 0.0 65.14879481617446 0.0
57853.589375 60.80112910135798 0.0 65.37606724941475 0.0
57853.58950231481 60.782635053113644 0.0 65.03997795202578 0.0
57853.589583333334 60.76826848775601 0.0 64.97587553084605 0.0
57853.58961805556 60.76538918660852 0.0 64.92183080443742 0.0
57853.589733796296 60.839114934390686 0.0 64.9141316124617 0.0
57853.58986111111 60.76049585874032 0.0 64.90072689115277 0.0
57853.58997685185 60.83831213141929 0.0 64.93437783639726 0.0
57853.590092592596 60.77264976122071 0.0 64.93594832602355 0.0
57853.590219907404 61.05363724627715 0.0 64.95421810013573 0.0
57853.59027777778 60.944165545193904 0.0 64.99652358395794 0.0
57853.59033564815 60.8192589234693 0.0 65.02411289667857 0.0
57853.59045138889 60.97152174581179 0.0 64.98005625574666 0.0
57853.59056712963 61.031511680442584 0.0 65.14474157597066 0.0
57853.59069444444 60.83896639490188 0.0 65.0796002523064 0.0
57853.59081018518 60.80225497463067 0.0 64.9063125281355 0.0
57853.59092592593 60.83516045018703 0.0 64.96310432853406 0.0
57853.59097222222 60.83171393278345 0.0 64.90731750735043 0.0
57853.59105324074 60.84686814454792 0.0 64.87246875986762 0.0
57853.59116898148 60.808386329518726 0.0 64.89864759761947 0.0
57853.59128472222 61.015610330471986 0.0 65.02752726345975 0.0
57853.591412037036 60.77731289716583 0.0 64.99930564244514 0.0
57853.591527777775 60.89215955277001 0.0 65.05813295814751 0.0
57853.59164351852 60.78934047182943 0.0 65.01912075689735 0.0
57853.59166666667 60.833641038491194 0.0 65.00751708841064 0.0
57853.591770833336 60.86429911697004 0.0 64.97912163149022 0.0
57853.591886574075 60.90263335029118 0.0 64.96133451523298 0.0
57853.592002314814 60.77931857136932 0.0 65.00309923380577 0.0
57853.59212962963 60.999646605533705 0.0 65.01049739849711 0.0
57853.59224537037 60.887273834521444 0.0 65.04979662535465 0.0
57853.592361111114 60.879175840347905 0.0 65.1933761359235 0.0
57853.59248842593 60.84356838647779 0.0 65.00836270819316 0.0
57853.59260416667 60.7815717302539 0.0 64.89796439026419 0.0
57853.59271990741 60.7652093471256 0.0 64.9720571707561 0.0
57853.59284722222 60.98659151813618 0.0 65.19493436609933 0.0
57853.59296296296 60.79858543584711 0.0 65.04433694796188 0.0
57853.59305555555 60.824467132889865 0.0 65.0238994524321 0.0
57853.59307870371 60.85723168202773 0.0 65.0042426615371 0.0
57853.593206018515 60.779950921335896 0.0 65.0440976030877 0.0
57853.59332175926 60.73275853277208 0.0 64.85911344599154 0.0
57853.5934375 60.834723431606065 0.0 64.9717012013692 0.0
57853.593564814815 60.795622186141 0.0 64.99739063224 0.0
57853.593680555554 60.74433587586583 0.0 64.96509663657864 0.0
57853.59375 60.86882072128554 0.0 65.1227473852263 0.0
57853.5937962963 60.998446242506866 0.0 65.29876772956746 0.0
57853.59392361111 60.8612033236281 0.0 65.09372516610183 0.0
57853.594039351854 60.70394391635522 0.0 65.0759990472678 0.0
57853.59415509259 60.89811244201252 0.0 65.16912860396401 0.0
57853.59428240741 60.81007486428544 0.0 65.0016325948818 0.0
57853.59439814815 60.99480544275881 0.0 65.01380827947244 0.0
57853.59444444445 60.96811004943486 0.0 65.20304260538768 0.0
57853.594513888886 60.932060534664345 0.0 65.37597993147024 0.0
57853.5946412037 60.77297389465156 0.0 65.1177582614758 0.0
57853.59475694445 60.71159388452917 0.0 64.9666158653812 0.0
57853.594872685186 60.998017115312855 0.0 65.09741571675484 0.0
57853.594988425924 60.88227517923423 0.0 65.2967748667574 0.0
57853.59511574074 60.90528350644138 0.0 64.97992554627929 0.0
57853.595138888886 60.87723146628795 0.0 64.93257025561209 0.0
57853.603483796294 60.565598692657204 0.0 64.86452467258201 0.0
57853.60359953704 60.42890435875865 0.0 64.59792673917639 0.0
57853.60371527778 60.454629913679895 0.0 64.69406387760782 0.0
57853.60383101852 60.46766320935513 0.0 64.78409354926563 0.0
57853.60395833333 60.85823850556307 0.0 65.02725026479284 0.0
57853.60407407407 60.68049324123857 0.0 64.92544848516643 0.0
57853.604166666664 60.66462521931542 0.0 64.93280101766749 0.0
57853.60418981482 60.63996987136455 0.0 64.93821003846656 0.0
57853.604317129626 60.91772287274041 0.0 65.20819857962647 0.0
57853.60443287037 60.52382103767078 0.0 64.83441888379967 0.0
57853.60454861111 60.40509522383025 0.0 64.60337584058591 0.0
57853.604675925926 60.458999015861984 0.0 64.73826936210142 0.0
57853.604791666665 60.38861990474695 0.0 64.71619802646012 0.0
57853.60486111111 60.451265172864666 0.0 64.69177634753895 0.0
57853.60490740741 60.52435468470523 0.0 64.66898997201054 0.0
57853.60503472222 60.568997019927615 0.0 65.05212784375313 0.0
57853.605150462965 60.575041584797944 0.0 64.67053232346244 0.0
57853.605266203704 60.55888213961681 0.0 64.66682869137777 0.0
57853.60539351852 60.40679648019749 0.0 64.65315361217888 0.0
57853.60550925926 60.45163989504338 0.0 64.61503994427304 0.0
57853.60555555556 60.46449463114696 0.0 64.75637865106418 0.0
57853.605625 60.47506558905083 0.0 64.91305532787683 0.0
57853.60575231481 60.440212077721895 0.0 64.60437593538072 0.0
57853.60586805556 60.554631383569664 0.0 64.77282474155346 0.0
57853.6059837963 60.405577449437565 0.0 64.71999467707025 0.0
57853.60611111111 60.552013509048564 0.0 64.77534414420352 0.0
57853.60622685185 60.504547564625256 0.0 64.74890843867563 0.0
57853.60625 60.50968812512588 0.0 64.74040859463277 0.0
57853.60634259259 60.51656587249478 0.0 64.70202600382773 0.0
57853.606469907405 60.49736876096348 0.0 64.78792624401557 0.0
57853.60658564815 60.53608456945328 0.0 64.82825910820064 0.0
57853.60670138889 60.422700072075564 0.0 64.70108125062517 0.0
57853.606828703705 60.409880268048866 0.0 64.62371054806432 0.0
57853.606944444444 60.67602887467175 0.0 64.84790750671914 0.0
57853.60706018518 60.51241830401426 0.0 64.76833456250053 0.0
57853.6071875 60.539186226773815 0.0 64.81882188839906 0.0
57853.607303240744 60.58976236130985 0.0 64.62405660433272 0.0
57853.60741898148 60.44486834297846 0.0 64.77561780485 0.0
57853.6075462963 60.49657331618048 0.0 65.10495913523025 0.0
57853.60763888889 60.49154191289887 0.0 64.86588914830351 0.0
57853.60766203704 60.48102551213893 0.0 64.61081747664241 0.0
57853.607777777775 60.531165055696725 0.0 64.70243520146673 0.0
57853.60790509259 60.46533794662856 0.0 64.57172038903718 0.0
57853.60802083334 60.46484474469442 0.0 64.7388302412084 0.0
57853.608136574076 60.76290813481528 0.0 65.07327950856634 0.0
57853.60826388889 60.49891404810503 0.0 64.84335140166647 0.0
57853.60833333333 60.54239460080845 0.0 64.93561746838171 0.0
57853.60837962963 60.58933326914895 0.0 65.03868425022142 0.0
57853.60849537037 60.398237325272994 0.0 64.84042845324204 0.0
57853.608611111114 60.5174277791117 0.0 64.77687816651864 0.0
57853.60873842592 60.409034059484846 0.0 64.53836194078681 0.0
57853.60885416667 60.443186977524604 0.0 64.70665928635167 0.0
57853.60896990741 60.48505160781464 0.0 64.61720886884545 0.0
57853.60902777778 60.50385808359662 0.0 64.62803599058229 0.0
57853.60909722222 60.51674674831753 0.0 64.62810093914256 0.0
57853.60921296296 60.47308838648809 0.0 64.60767140208661 0.0
57853.6093287037 60.37863329854361 0.0 64.69088784365229 0.0
57853.609456018516 60.502722533783555 0.0 64.53514661019993 0.0
57853.60957175926 60.34577744962774 0.0 64.52816212321562 0.0
57853.6096875 60.61892467703464 0.0 64.72967810826809 0.0
57853.60972222222 60.537006326708955 0.0 64.72326002296238 0.0
57853.609814814816 60.46744314091675 0.0 64.73171225913926 0.0
57853.609930555554 60.47743780121641 0.0 64.64105926576389 0.0
57853.61004629629 60.42295205466215 0.0 64.7081297442601 0.0
57853.61017361111 60.484666527972195 0.0 64.63261497108097 0.0
57853.610289351855 60.39662960795081 0.0 64.54322306020981 0.0
57853.61040509259 60.48891615825167 0.0 64.5264462139362 0.0
57853.61041666667 60.46256880087051 0.0 64.5900083449445 0.0
57853.61255787037 60.694679602087035 0.0 64.75053008277229 0.0
57853.61268518519 60.709311040399726 0.0 64.700820358014 0.0
57853.61280092593 60.57020545614816 0.0 64.6767367451389 0.0
57853.612916666665 60.572909002292434 0.0 64.67198066396297 0.0
57853.613032407404 60.6292678745175 0.0 64.77541043482472 0.0
57853.61315972222 60.59932768603955 0.0 64.90512051448637 0.0
57853.61319444444 60.68142826269006 0.0 64.83490219781318 0.0
57853.613275462965 60.75292465387983 0.0 64.75103598399025 0.0
57853.613391203704 60.57948331737404 0.0 64.70177308235068 0.0
57853.61351851852 60.49193558648955 0.0 64.64758724036034 0.0
57853.61363425926 60.49681513931126 0.0 64.68785495748023 0.0
57853.61375 60.454681762457405 0.0 64.62603169776092 0.0
57853.61387731481 60.639367905676586 0.0 64.83704498201627 0.0
57853.61388888889 60.54334219383664 0.0 64.89008548306899 0.0
57853.61399305556 60.425637299080265 0.0 64.9178911780104 0.0
57853.6141087963 60.479955018171104 0.0 64.75190428087811 0.0
57853.61423611111 60.406996780174396 0.0 64.56102939854661 0.0
57853.61435185185 60.53439056437258 0.0 64.7186308415127 0.0
57853.61446759259 60.47366964225009 0.0 64.61283514906307 0.0
57853.614583333336 60.38405958529122 0.0 64.5494514926347 0.0
57853.614594907405 60.33938156792792 0.0 64.53729984280407 0.0
57853.61471064815 61.496282912059 0.0 65.4755004333682 0.0
57853.61482638889 60.44283591956949 0.0 64.62983628325233 0.0
57853.614953703705 61.20894703391 0.0 65.18149758942333 0.0
57853.615069444444 60.40459787135413 0.0 64.56850432680008 0.0
57853.61518518518 60.616973843965525 0.0 64.89137664589957 0.0
57853.615277777775 60.54105341832103 0.0 64.76536258680252 0.0
57853.6153125 60.442999983455486 0.0 64.6186530036026 0.0
57853.615428240744 60.47526419123773 0.0 64.7246420384076 0.0
57853.61554398148 60.73075528099416 0.0 64.92718305147697 0.0
57853.6156712963 60.40315118435461 0.0 64.60123764294303 0.0
57853.61578703704 60.4733579272724 0.0 64.6778610190535 0.0
57853.615902777776 60.43069053883134 0.0 64.91592585028731 0.0
57853.61597222222 60.427627894862795 0.0 64.86682755461376 0.0
57853.61697222222 60.427627894862795 0.0 64.86682755461376 0.0
