57853.430261574074 118.91767800211262 0.0 117.73188669411874 0.0
57853.43126157407 118.91767800211262 0.0 117.73188669411874 0.0
57853.43890046296 117.91413535072044 0.0 116.97150056860292 0.0
57853.45278935185 115.88098059515971 0.0 114.9192096525829 0.0
57853.45903935185 115.10928956546553 0.0 114.14008738339113 0.0
57853.47431712963 115.10928956546553 0.0 114.14008738339113 0.0
57853.49306712963 115.36709344844708 0.0 114.14008738339113 0.0
57853.50209490741 115.62432251572007 0.0 114.40038438593731 0.0
57853.51112268519 116.9019781252734 0.0 115.69308512811145 0.0
57853.5284837963 117.15583722580122 0.0 115.94989584394843 0.0
57853.537511574075 116.9019781252734 0.0 115.94989584394843 0.0
57853.55278935185 119.66481212471665 0.0 118.48739318527922 0.0
57853.56181712963 120.40731032737722 0.0 119.23811279590554 0.0
57853.57917824074 125.95446649179819 0.0 124.84374528848515 0.0
57853.58820601852 129.6734781397414 0.0 128.59928123379578 0.0
57853.603483796294 137.0255277186827 0.0 136.01798530340182 0.0
57853.61251157407 142.55123855994117 0.0 141.5895148653658 0.0
57853.61351157407 142.55123855994117 0.0 141.5895148653658 0.0
