57848.1660648 85.73807506 0.0 93.6024198352 0.0
57848.1661806 87.3363212129 0.0 96.593185976 0.0
57848.1662963 85.7245606696 0.0 94.6607093255 0.0
57848.166412 92.7412743497 0.0 100.119358952 0.0
57848.1665394 87.0760518283 0.0 95.580991515 0.0
57848.1666551 85.1052647373 0.0 93.4841613697 0.0
57848.1666667 84.3022767012 0.0 92.6034533481 0.0
57848.1667708 83.4867843015 0.0 91.6797215201 0.0
57848.1668981 84.2533942284 0.0 93.0876574203 0.0
57848.1670139 82.9518289431 0.0 91.3780013296 0.0
57848.1671296 83.9322884294 0.0 92.5643681067 0.0
57848.1672569 84.2309335992 0.0 92.2279083955 0.0
57848.1673611 83.6887046739 0.0 91.8630519741 0.0
57848.1673727 83.1194379011 0.0 91.4872884176 0.0
57848.1674884 85.9149031309 0.0 94.0637215721 0.0
57848.1676157 82.6293783046 0.0 91.0470361571 0.0
57848.1677315 84.6645782308 0.0 93.4855109683 0.0
57848.1678472 84.3825425488 0.0 93.0823242673 0.0
57848.1679745 83.0261223411 0.0 91.1985396045 0.0
57848.1680556 83.2167882041 0.0 91.334168349 0.0
57848.1680903 83.4679497532 0.0 91.5211184318 0.0
57848.168206 82.2994172397 0.0 90.8206463696 0.0
57848.1683333 83.1010049398 0.0 91.5380901155 0.0
57848.1684491 82.2921220956 0.0 90.7089173841 0.0
57848.1685648 82.2371076218 0.0 90.9767072112 0.0
57848.1686921 82.3798515172 0.0 91.0626216403 0.0
57848.16875 82.2786076754 0.0 90.8073467457 0.0
