57848.5396065 277.797321315 0.0 270.345039427 0.0
57848.5397222 186.729489364 0.0 197.930704202 0.0
57848.539838 123.471313766 0.0 132.458157472 0.0
57848.5399653 353.750078649 0.0 264.379339319 0.0
57848.540081 195.912251738 0.0 148.537307876 0.0
57848.5401968 136.039949706 0.0 119.667967932 0.0
57848.5402778 148.611904264 0.0 129.318768893 0.0
57848.5403241 165.771736155 0.0 141.939899546 0.0
57848.5404398 574.933615672 0.0 687.597819085 0.0
57848.5405556 134.860565315 0.0 134.766490401 0.0
57848.5406829 137.085518116 0.0 124.323491919 0.0
57848.5407986 189.349227672 0.0 201.754245859 0.0
57848.5409144 110.833389617 0.0 116.24964138 0.0
57848.5409722 114.707483448 0.0 124.262606608 0.0
57848.5410417 119.093473297 0.0 134.341617007 0.0
57848.5411574 126.616254442 0.0 140.074692936 0.0
57848.5412731 123.831003618 0.0 154.014302482 0.0
57848.5414005 126.187544512 0.0 127.140285425 0.0
57848.5415162 176.205804274 0.0 213.762416844 0.0
57848.5416319 380.173232178 0.0 304.080363093 0.0
57848.5416667 213.234025003 0.0 250.835416855 0.0
57848.5798727 87.2052740722 0.0 96.9099905686 0.0
57848.5799884 90.4175771186 0.0 99.4573995588 0.0
57848.5801157 90.3286002106 0.0 103.861587221 0.0
57848.5802315 88.4565363837 0.0 97.3852652664 0.0
57848.5803472 91.2834708148 0.0 102.903393316 0.0
57848.5804745 89.5012027852 0.0 100.01794233 0.0
57848.5805556 88.6943517311 0.0 98.5171041596 0.0
57848.5805903 87.9169675319 0.0 97.1035891407 0.0
57848.580706 87.5651672299 0.0 96.5607957507 0.0
57848.5808333 90.7873206015 0.0 99.9743310655 0.0
57848.5809491 95.3187985761 0.0 107.23160225 0.0
57848.5810648 87.7369160844 0.0 97.1770531864 0.0
57848.5811921 93.6791684261 0.0 103.160982047 0.0
57848.58125 90.2484973171 0.0 99.6819098081 0.0
57848.5813079 87.1453467834 0.0 96.4940501067 0.0
57848.5814236 89.0256499274 0.0 98.0262380284 0.0
57848.5815509 92.3265710021 0.0 101.621003011 0.0
57848.5816667 92.1837878642 0.0 103.904735701 0.0
57848.5817824 89.6893208972 0.0 98.6346590505 0.0
57848.5819097 92.1846966747 0.0 103.069203024 0.0
57848.5819444 91.3998293106 0.0 101.37694735 0.0
57848.6237269 80.2676493925 0.0 89.0371313217 0.0
57848.6238426 84.3199634191 0.0 92.3615547779 0.0
57848.6239699 83.2261900426 0.0 92.6634066987 0.0
57848.6240856 81.3518620377 0.0 89.9434249793 0.0
57848.6242014 82.6980581695 0.0 93.659084135 0.0
57848.6243056 95.3734174705 0.0 107.544784611 0.0
57848.6243287 116.71939272 0.0 130.506861459 0.0
57848.6244444 94.7740381856 0.0 115.975039496 0.0
57848.6245602 111.929069035 0.0 140.150112344 0.0
57848.6246875 96.5727856075 0.0 112.627386918 0.0
57848.6248032 82.4759332897 0.0 91.378393885 0.0
57848.624919 82.3832675487 0.0 91.0105680402 0.0
57848.625 81.6595145712 0.0 90.2603531679 0.0
57848.6250463 80.8438297831 0.0 89.4047367257 0.0
57848.625162 79.8734952847 0.0 88.6197272282 0.0
57848.6252778 83.098418571 0.0 92.4719555649 0.0
57848.6254051 81.3142431619 0.0 89.5191890379 0.0
57848.6255208 85.0671123055 0.0 94.0406702496 0.0
57848.6256366 79.7507344731 0.0 88.553273429 0.0
57848.6256944 82.8956437034 0.0 92.6807682316 0.0
57848.6430903 79.5665812763 0.0 88.3853852003 0.0
57848.643206 88.885766279 0.0 101.664946053 0.0
57848.6433218 79.1991089912 0.0 87.4698872641 0.0
57848.6434491 82.7522237466 0.0 92.3796999292 0.0
57848.6435648 78.9582172228 0.0 87.9786667892 0.0
57848.6436806 79.2355679225 0.0 87.4296710162 0.0
57848.64375 79.1525223414 0.0 88.0553380721 0.0
57848.6438079 79.1366440342 0.0 88.7871814397 0.0
57848.6439236 78.7636205999 0.0 87.3598888564 0.0
57848.6440394 78.8072254111 0.0 87.2804146415 0.0
57848.6441667 78.5091988687 0.0 87.1120798454 0.0
57848.6442824 78.7801957284 0.0 87.1702606397 0.0
57848.6443981 79.7423354938 0.0 88.3459698571 0.0
57848.6444444 83.4340166479 0.0 92.1397968415 0.0
57848.6445255 87.5586642772 0.0 96.2934293916 0.0
57848.6446412 80.6338465038 0.0 90.0694937423 0.0
57848.6447569 88.9027732076 0.0 99.4089547174 0.0
57848.6448843 78.9201941901 0.0 87.2873400385 0.0
57848.645 94.6001010993 0.0 102.780740278 0.0
57848.6451157 83.1831438033 0.0 91.8644166911 0.0
57848.6451389 83.8175174292 0.0 92.5387309401 0.0
57848.657662 83.1465633385 0.0 90.9071690297 0.0
57848.6577894 83.1736991542 0.0 92.7102748567 0.0
57848.6579051 80.4759320729 0.0 88.9509826421 0.0
57848.6580208 79.8709471147 0.0 88.6569895045 0.0
57848.6581481 79.3858465282 0.0 88.540287988 0.0
57848.6582639 77.7342117346 0.0 86.0697561284 0.0
57848.6583333 77.5599660198 0.0 85.9835270386 0.0
57848.6583796 77.4734329754 0.0 86.0040642935 0.0
57848.6585069 77.5449701141 0.0 86.1717246375 0.0
57848.6586227 77.9855631063 0.0 86.6039469655 0.0
57848.6587384 78.6253794522 0.0 87.2125341278 0.0
57848.6588542 78.6855178098 0.0 86.9048666762 0.0
57848.6589815 77.7822585427 0.0 86.4228184567 0.0
57848.6590278 78.3591912414 0.0 86.8614428789 0.0
57848.6590972 78.8144114994 0.0 87.1366741045 0.0
57848.659213 77.8027375482 0.0 86.4683954113 0.0
57848.6593403 80.9210160898 0.0 89.9775103679 0.0
57848.659456 90.7938691267 0.0 100.540117311 0.0
57848.6595718 86.1942634982 0.0 97.7864015137 0.0
57848.6596991 101.42554446 0.0 112.909763745 0.0
57848.6597222 92.3171020234 0.0 103.313043049 0.0
57848.6798958 78.017600181 0.0 92.1057379863 0.0
57848.6800116 84.8161521351 0.0 94.8640550736 0.0
57848.6801273 79.9877481806 0.0 91.8821794583 0.0
57848.6802546 80.3740791051 0.0 87.9229589413 0.0
57848.6803704 79.028548443 0.0 85.9776024672 0.0
57848.6804861 77.1353961745 0.0 84.9294751132 0.0
57848.6805556 76.720799859 0.0 85.003336711 0.0
57848.6806134 76.5121911855 0.0 85.2981999283 0.0
57848.6807292 111.948587334 0.0 138.030242454 0.0
57848.6808449 95.081848925 0.0 111.22803625 0.0
57848.6809722 79.3531046967 0.0 88.5898615305 0.0
57848.681088 80.6451102671 0.0 91.1420768965 0.0
57848.6812037 81.4250810623 0.0 91.5707369087 0.0
57848.68125 81.1123993974 0.0 91.3288699098 0.0
57848.6813194 80.6960574626 0.0 90.9544038406 0.0
57848.6814468 76.3681809198 0.0 84.9445922587 0.0
57848.6815625 77.2837578214 0.0 85.1903865821 0.0
57848.6816782 79.8490593245 0.0 87.2929030391 0.0
57848.6818056 78.5928751287 0.0 87.5659124489 0.0
57848.6819213 77.15001407 0.0 85.6076215182 0.0
57848.6819444 77.3627069782 0.0 85.8220759071 0.0
57848.682037 77.6256414273 0.0 86.1076586141 0.0
57848.6821644 76.9528596805 0.0 85.66630721 0.0
57848.6822801 76.3568141622 0.0 84.663985974 0.0
57848.6823958 75.8762683123 0.0 84.428865828 0.0
57848.6825231 76.4446064546 0.0 84.8289759516 0.0
57848.6826389 76.6958033402 0.0 85.5202119852 0.0
57848.6862269 81.197553239 0.0 91.3221748482 0.0
57848.6863426 76.9626052963 0.0 85.6022403445 0.0
57848.6864583 78.0407452553 0.0 86.7754050293 0.0
57848.6865856 76.9219959699 0.0 85.455676599 0.0
57848.6867014 78.9209019589 0.0 87.3852686098 0.0
57848.6868056 78.468085761 0.0 86.5153951502 0.0
57848.6868171 78.0597901483 0.0 85.7036507624 0.0
57848.6869444 80.0661394598 0.0 88.4648637991 0.0
57848.6870602 82.1638920999 0.0 89.8765344793 0.0
57848.6871759 81.6493022995 0.0 93.3475251038 0.0
57848.6873032 80.1672787676 0.0 88.743905464 0.0
57848.687419 80.143486036 0.0 88.3422231665 0.0
57848.6875 79.0916455323 0.0 87.5215583328 0.0
57848.6875347 78.0688925821 0.0 86.7188708298 0.0
57848.687662 76.504507743 0.0 84.7109557731 0.0
57848.6877778 80.0866933953 0.0 89.6804081168 0.0
57848.6878935 85.8622725008 0.0 95.1880216046 0.0
57848.6880208 76.5420686877 0.0 84.9399933953 0.0
57848.6881366 85.564796032 0.0 94.7473544538 0.0
57848.6881944 87.511766426 0.0 96.5134222634 0.0
57848.6882523 89.6313523662 0.0 98.4201458341 0.0
57848.6883796 83.0986418962 0.0 92.4844375611 0.0
57848.6884954 80.8619607974 0.0 89.8603009732 0.0
57848.6886111 77.5312017513 0.0 86.0685295099 0.0
57848.6887384 77.0355813959 0.0 85.2592656431 0.0
57848.6888542 77.3339216127 0.0 85.450161884 0.0
57848.6888889 77.0650494972 0.0 85.263994822 0.0
57848.6910069 92.9031904619 0.0 102.776556164 0.0
57848.6911227 78.6476284957 0.0 87.6247489925 0.0
57848.6912384 77.8254561631 0.0 87.4201212594 0.0
57848.6913657 78.0795156043 0.0 86.1614612573 0.0
57848.6914815 78.1273037804 0.0 86.3401751099 0.0
57848.6915972 80.4338071584 0.0 89.646128048 0.0
57848.6916667 79.2426425985 0.0 87.7794345505 0.0
57848.6917245 78.0654272646 0.0 85.9627232293 0.0
57848.6918403 80.0185349903 0.0 88.9207710099 0.0
57848.691956 76.9382450736 0.0 85.8106097927 0.0
57848.6920833 77.4571026311 0.0 85.8102831192 0.0
57848.6921991 78.6028231618 0.0 86.701991615 0.0
57848.6923148 77.7627223482 0.0 85.536088489 0.0
57848.6923611 78.6704595894 0.0 86.4236523586 0.0
57848.6924421 79.6508175413 0.0 87.400038873 0.0
57848.6925579 82.5727051028 0.0 91.6868031725 0.0
57848.6926736 97.6431809447 0.0 104.664357305 0.0
57848.6928009 107.127628691 0.0 111.307223427 0.0
57848.6929167 79.6088706364 0.0 88.2447279615 0.0
57848.6930324 79.4636842526 0.0 88.6385257775 0.0
57848.6930556 80.2869527321 0.0 89.1771267815 0.0
57848.6931597 81.1333423569 0.0 89.7086544041 0.0
57848.6932755 79.8469484639 0.0 89.2645681164 0.0
57848.6933912 78.0591122483 0.0 87.3452993755 0.0
57848.6935185 83.3332559906 0.0 92.2633750575 0.0
57848.6936343 83.6310675706 0.0 93.7178694167 0.0
57848.69375 78.8490309199 0.0 87.1046465064 0.0
57848.6959028 80.5691513298 0.0 91.1673868607 0.0
57848.6960185 80.8537430673 0.0 88.5181125533 0.0
57848.6961458 77.2595307066 0.0 85.5745745184 0.0
57848.6962616 77.8519660831 0.0 86.0426798688 0.0
57848.6963773 80.3924852272 0.0 89.4317269597 0.0
57848.6965046 78.3822663936 0.0 87.1220884277 0.0
57848.6965278 78.3318562847 0.0 86.6806849015 0.0
57848.6966204 78.2982306824 0.0 86.2743501801 0.0
57848.6967361 89.2386001179 0.0 98.4677508274 0.0
57848.6968634 76.7879596031 0.0 85.1090203856 0.0
57848.6969792 85.7853205508 0.0 93.7569778523 0.0
57848.6970949 86.7028625075 0.0 96.8299170556 0.0
57848.6972222 77.6144331359 0.0 85.8400362593 0.0
57848.697338 85.3879915913 0.0 96.5178030469 0.0
57848.6974537 81.1496286683 0.0 88.3285688835 0.0
57848.697581 86.2790950115 0.0 98.0179309973 0.0
57848.6976968 94.12614011 0.0 100.524527266 0.0
57848.6978125 82.6800568517 0.0 90.5914407657 0.0
57848.6979167 80.2475284666 0.0 88.6168129138 0.0
57848.6979398 78.0529243719 0.0 86.800866021 0.0
57848.6980556 77.8702600933 0.0 85.6927664917 0.0
57848.6981713 77.1586802116 0.0 85.8113266883 0.0
57848.6982986 103.614986932 0.0 118.117119034 0.0
57848.6984144 90.9560832985 0.0 103.573780326 0.0
57848.6985301 121.934278208 0.0 137.336328843 0.0
57848.6986111 102.501149706 0.0 113.658152382 0.0
57848.7007986 82.7848350907 0.0 92.9927710362 0.0
57848.7009259 77.6333231866 0.0 86.1349538457 0.0
57848.7010417 89.2351151453 0.0 97.980774405 0.0
57848.7011574 80.3003312322 0.0 88.7987438256 0.0
57848.7012847 78.8040648444 0.0 89.330183919 0.0
57848.7013889 78.6600578693 0.0 88.2125256695 0.0
57848.7014005 78.5009382683 0.0 87.1145550755 0.0
57848.7015162 78.8639144349 0.0 88.1119382604 0.0
57848.7016435 80.6761419008 0.0 88.2210062683 0.0
57848.7017593 79.4320085545 0.0 88.6172801828 0.0
57848.701875 80.3098703212 0.0 90.9411589161 0.0
57848.7020023 77.2810770111 0.0 86.4746023697 0.0
57848.7020833 78.4886764954 0.0 88.056372427 0.0
57848.7021181 79.8425297633 0.0 89.8371815731 0.0
57848.7022338 78.6085982129 0.0 86.8911047979 0.0
57848.7023611 83.0297099056 0.0 90.9663329974 0.0
57848.7024769 78.4410038245 0.0 87.2290457703 0.0
57848.7025926 78.5502391912 0.0 86.4269848948 0.0
57848.7027199 94.24750263 0.0 101.08860506 0.0
57848.7027778 86.505556388 0.0 94.4481628461 0.0
57848.7028356 80.3899142492 0.0 88.9517805274 0.0
57848.7029514 77.7925443214 0.0 86.1423006426 0.0
57848.7030787 80.4854379873 0.0 90.9548160517 0.0
57848.7031944 83.2383983568 0.0 91.7568510412 0.0
57848.7033102 105.876309942 0.0 116.980747467 0.0
57848.7034375 82.1527224564 0.0 90.3664106679 0.0
57848.7034722 83.0571397653 0.0 91.3887744201 0.0
57848.7055787 77.2884901069 0.0 85.6619075961 0.0
57848.705706 79.382696641 0.0 87.8521959145 0.0
57848.7058218 79.3038963797 0.0 87.5046952626 0.0
57848.7059375 77.5520568199 0.0 86.0045833662 0.0
57848.7060648 78.4186571869 0.0 87.0889495229 0.0
57848.7061806 78.9146887151 0.0 87.0060320667 0.0
57848.70625 78.6878213385 0.0 86.7539615003 0.0
57848.7062963 78.4419775057 0.0 86.4710242104 0.0
57848.7064236 77.1618474766 0.0 85.9614785005 0.0
57848.7065394 77.9626376734 0.0 86.3884661862 0.0
57848.7066551 78.5933305885 0.0 87.3035322481 0.0
57848.7067824 80.5233288122 0.0 89.2665877862 0.0
57848.7068981 77.2679679816 0.0 86.1245170204 0.0
57848.7069444 80.7542701905 0.0 90.5564182209 0.0
57848.7070139 84.7947687419 0.0 95.800776406 0.0
57848.7071412 77.0213957222 0.0 85.0026827635 0.0
57848.7072569 77.4912451249 0.0 85.6631322682 0.0
57848.7073727 79.8347535789 0.0 88.883100486 0.0
57848.7075 77.2514574361 0.0 85.6111511837 0.0
57848.7076157 77.3935422241 0.0 85.4942717964 0.0
57848.7076389 78.7555200795 0.0 87.4560573488 0.0
57848.7077315 80.2344361232 0.0 89.6302284221 0.0
57848.7078588 78.786117965 0.0 87.8844448239 0.0
57848.7079745 79.803186697 0.0 88.1788020898 0.0
57848.7080903 77.2259468767 0.0 85.8636447165 0.0
57848.708206 92.3413805886 0.0 101.548427073 0.0
57848.7083333 78.2969078828 0.0 86.6889243848 0.0
57848.7104861 84.5479350132 0.0 95.6110329669 0.0
57848.7106019 77.966839977 0.0 87.0475667897 0.0
57848.7107176 80.6728364507 0.0 89.0289880825 0.0
57848.7108449 77.8807124582 0.0 85.7532222019 0.0
57848.7109606 76.7495766568 0.0 86.2979443092 0.0
57848.7110764 84.9126926849 0.0 94.5597885361 0.0
57848.7111111 87.0685980305 0.0 99.8944738862 0.0
57848.7112037 89.5628884862 0.0 106.437753946 0.0
57848.7113194 85.3567691985 0.0 92.2355973743 0.0
57848.7114352 82.2773945625 0.0 93.2359995334 0.0
57848.7115625 77.6821880099 0.0 87.5835791287 0.0
57848.7116782 78.0796783421 0.0 85.5295702725 0.0
57848.711794 83.4352713965 0.0 92.9356934767 0.0
57848.7118056 80.1015246172 0.0 89.5516096729 0.0
57848.7119213 77.1339164441 0.0 86.4826591231 0.0
57848.712037 81.01918732 0.0 90.3353412237 0.0
57848.7121528 79.7365810717 0.0 87.8774018164 0.0
57848.7122801 77.4048509333 0.0 85.9007726682 0.0
57848.7123958 77.2246029967 0.0 85.364209362 0.0
57848.7125 77.8763814709 0.0 86.322797713 0.0
57848.7125116 78.4997197192 0.0 87.3135011897 0.0
57848.7126273 79.2249726097 0.0 87.4723855282 0.0
57848.7127546 78.0916808053 0.0 86.4186451352 0.0
57848.7128704 78.9911122912 0.0 87.2286348684 0.0
57848.7129861 82.0499215661 0.0 90.8436973048 0.0
57848.7131134 84.3631114469 0.0 93.5898202317 0.0
57848.7131944 81.0989167252 0.0 89.4487960623 0.0
