57848.6236574 61.6998058206 0.0 61.8710279128 0.0
57848.623669 61.7301486043 0.0 61.865095567 0.0
57848.6236806 61.6849238228 0.0 61.8653416945 0.0
57848.6236921 61.6561496035 0.0 61.8819032936 0.0
57848.6237037 61.7237611777 0.0 61.9905552235 0.0
57848.6237153 61.7874949051 0.0 61.9186614946 0.0
57848.6237269 61.7877106219 0.0 62.0359865564 0.0
57848.6237384 61.7471608148 0.0 61.9746500217 0.0
57848.62375 61.7144785053 0.0 62.0168100694 0.0
57848.6237616 61.7661580566 0.0 62.0193147154 0.0
57848.6237731 61.8158785747 0.0 62.0394247979 0.0
57848.6237847 61.8048600629 0.0 62.0649707149 0.0
57848.6237963 61.7527597583 0.0 62.0374049981 0.0
57848.6238079 61.7245378539 0.0 61.9982167262 0.0
57848.6238194 61.7686964054 0.0 61.965757215 0.0
57848.623831 61.8115680347 0.0 61.9887967651 0.0
57848.6238426 61.8401842266 0.0 62.0262583209 0.0
57848.6238542 61.7728803216 0.0 61.9951934617 0.0
57848.6238657 61.7646390129 0.0 61.9644336908 0.0
57848.6238773 61.7617517178 0.0 61.9248895388 0.0
57848.6238889 61.7877314978 0.0 62.002077758 0.0
57848.6239005 61.8001358021 0.0 62.0346272765 0.0
57848.623912 61.7468060336 0.0 62.0242343425 0.0
57848.6239236 61.7023336409 0.0 61.94331712 0.0
57848.6239352 61.7657939483 0.0 61.9981181761 0.0
57848.6239468 61.8154551704 0.0 61.9872551222 0.0
57848.6239583 61.8077575685 0.0 61.9828427073 0.0
57848.6239699 61.7495979323 0.0 61.9683484707 0.0
57848.6239815 61.720571056 0.0 61.9247133416 0.0
57848.6239931 61.7736909125 0.0 61.8925826247 0.0
57848.6240046 61.8339121997 0.0 61.945880571 0.0
57848.6240162 61.8479335922 0.0 61.9537179033 0.0
57848.6240278 61.7739483544 0.0 61.9232654695 0.0
57848.6240394 61.7457416955 0.0 61.8939032412 0.0
57848.6240509 61.7682638738 0.0 61.9098764128 0.0
57848.6240625 61.8214954773 0.0 61.9407679476 0.0
57848.6240741 61.8270395293 0.0 61.9499009767 0.0
57848.6240856 61.7770748057 0.0 61.9473713796 0.0
57848.6240972 61.7554080045 0.0 61.8711482472 0.0
57848.6241088 61.7654402773 0.0 61.8564212336 0.0
57848.6241204 61.8020113357 0.0 61.9409113304 0.0
57848.6241319 61.8406993673 0.0 61.9786143727 0.0
57848.6241435 61.7845804427 0.0 61.97391103 0.0
57848.6241551 61.7468141495 0.0 61.9085053011 0.0
57848.6241667 61.786498669 0.0 61.9224797073 0.0
57848.6241782 61.8171661956 0.0 61.8944076391 0.0
57848.6241898 61.8093617789 0.0 61.9548125398 0.0
57848.6242014 61.7475758868 0.0 61.94630198 0.0
57848.624213 61.6936875565 0.0 61.8906547892 0.0
57848.6242245 61.7004954322 0.0 61.8402106115 0.0
57848.6242361 61.7387008133 0.0 61.8707227018 0.0
57848.6242477 61.7287087985 0.0 61.899863138 0.0
57848.6242593 61.644823297 0.0 61.9073979172 0.0
57848.6242708 61.6011964891 0.0 61.8146895389 0.0
57848.6242824 61.6115878937 0.0 61.7986589464 0.0
57848.624294 61.6526250921 0.0 61.7862587321 0.0
57848.6243056 61.6489535347 0.0 61.7747013998 0.0
57848.6243171 61.5961261633 0.0 61.7456955146 0.0
57848.6243287 61.5672852145 0.0 61.7328193927 0.0
57848.6243403 61.5876443906 0.0 61.7071659323 0.0
57848.6243519 61.6396065187 0.0 61.7699888937 0.0
57848.6243634 61.6271961948 0.0 61.7377994258 0.0
57848.624375 61.5733618445 0.0 61.7425129794 0.0
57848.6243866 61.5679799374 0.0 61.6736207336 0.0
57848.6243981 61.5669054342 0.0 61.6806478574 0.0
57848.6244097 61.5763296273 0.0 61.7147094633 0.0
57848.6244213 61.5884214396 0.0 61.6439214746 0.0
57848.6244329 61.5056890618 0.0 61.6506030151 0.0
57848.6244444 61.4567920897 0.0 61.5564805458 0.0
57848.624456 61.4779585199 0.0 61.5425411519 0.0
57848.6244676 61.5026244558 0.0 61.5712007079 0.0
57848.6244792 61.4937400362 0.0 61.5879157811 0.0
57848.6244907 61.4149467755 0.0 61.5446625793 0.0
57848.6245023 61.3540635484 0.0 61.5206827921 0.0
57848.6245139 61.3514670785 0.0 61.5047211836 0.0
57848.6245255 61.3883182214 0.0 61.4807430435 0.0
57848.624537 61.3782503147 0.0 61.4728014483 0.0
57848.6245486 61.3137405945 0.0 61.4426514129 0.0
57848.6245602 61.2635976517 0.0 61.3754972197 0.0
57848.6245718 61.2891550298 0.0 61.3667596658 0.0
57848.6245833 61.3318714489 0.0 61.4255203834 0.0
57848.6245949 61.3604266112 0.0 61.4485421706 0.0
57848.6246065 61.2975246047 0.0 61.4316764443 0.0
57848.6246181 61.2577704966 0.0 61.4494996337 0.0
57848.6246296 61.3088150388 0.0 61.4001543886 0.0
57848.6246412 61.3514659225 0.0 61.4191094803 0.0
57848.6246528 61.361545727 0.0 61.4026507667 0.0
57848.6246644 61.3115285796 0.0 61.3918458141 0.0
57848.6246759 61.286150751 0.0 61.4095645566 0.0
57848.6246875 61.3331116978 0.0 61.4152260162 0.0
57848.6246991 61.3890467195 0.0 61.3803768493 0.0
57848.6247106 61.4168562842 0.0 61.5063859904 0.0
57848.6247222 61.3758349139 0.0 61.4871743217 0.0
57848.6247338 61.3583329181 0.0 61.4794363185 0.0
57848.6247454 61.3907338432 0.0 61.4756558314 0.0
57848.6247569 61.4236109091 0.0 61.5173310249 0.0
57848.6247685 61.4024159274 0.0 61.5342303671 0.0
57848.6247801 61.3510220074 0.0 61.4995054311 0.0
57848.6247917 61.3152384053 0.0 61.4601183329 0.0
57848.6248032 61.340986905 0.0 61.5051630209 0.0
57848.6248148 61.4208939829 0.0 61.5475359446 0.0
57848.6248264 61.4547050134 0.0 61.5670869333 0.0
57848.624838 61.4342940789 0.0 61.6285305174 0.0
57848.6248495 61.4446761568 0.0 61.641451202 0.0
57848.6248611 61.4993400343 0.0 61.6859383793 0.0
57848.6248727 61.5605651135 0.0 61.728442756 0.0
57848.6248843 61.5725466709 0.0 61.7185021498 0.0
57848.6248958 61.5272022777 0.0 61.7257928023 0.0
57848.6249074 61.535028533 0.0 61.6899400014 0.0
57848.624919 61.5682520381 0.0 61.6432968037 0.0
57848.6249306 61.637165604 0.0 61.6868680384 0.0
57848.6249421 61.6414427368 0.0 61.7775818933 0.0
57848.6249537 61.5713273935 0.0 61.7185797311 0.0
57848.6249653 61.5429860563 0.0 61.7258583675 0.0
57848.6249769 61.5691204484 0.0 61.7193981617 0.0
57848.6249884 61.6189255972 0.0 61.7339843343 0.0
57848.625 61.6463409853 0.0 61.7778081815 0.0
57848.6250116 61.5952622118 0.0 61.7842734058 0.0
57848.6250231 61.5644716236 0.0 61.7411272014 0.0
57848.6250347 61.5958482158 0.0 61.7691231487 0.0
57848.6250463 61.6495084907 0.0 61.7991728226 0.0
57848.6250579 61.6604690517 0.0 61.8222829042 0.0
57848.6250694 61.5792986331 0.0 61.7769544106 0.0
57848.625081 61.5592440577 0.0 61.7057051326 0.0
57848.6250926 61.5781198235 0.0 61.6618841953 0.0
57848.6251042 61.6456481758 0.0 61.7320872112 0.0
57848.6251157 61.6777331671 0.0 61.7684355851 0.0
57848.6251273 61.6302867949 0.0 61.7456955146 0.0
57848.6251389 61.6197514758 0.0 61.7388179677 0.0
57848.6251505 61.6465205602 0.0 61.7306381595 0.0
57848.625162 61.6729531293 0.0 61.7599610258 0.0
57848.6251736 61.7036294425 0.0 61.8271984837 0.0
57848.6251852 61.6547140665 0.0 61.8216256848 0.0
57848.6251968 61.6417369973 0.0 61.764285137 0.0
57848.6252083 61.6421030863 0.0 61.740467104 0.0
57848.6252199 61.7013843989 0.0 61.7497087648 0.0
57848.6252315 61.6870978987 0.0 61.7432222673 0.0
57848.6252431 61.6298338578 0.0 61.8247685571 0.0
57848.6252546 61.5719422414 0.0 61.7155693917 0.0
57848.6252662 61.5969924367 0.0 61.7198920636 0.0
57848.6252778 61.6463618392 0.0 61.7482846592 0.0
57848.6252894 61.6636565875 0.0 61.7817283832 0.0
57848.6253009 61.584916069 0.0 61.7983451549 0.0
57848.6253125 61.5714038151 0.0 61.7021335065 0.0
57848.6253241 61.5843277964 0.0 61.6958099192 0.0
57848.6253356 61.6001946851 0.0 61.7212229852 0.0
57848.6253472 61.6104794545 0.0 61.7495207777 0.0
57848.6253588 61.5254544256 0.0 61.7010518765 0.0
57848.6253704 61.4611364116 0.0 61.5963772629 0.0
57848.6253819 61.4869992828 0.0 61.6201980352 0.0
57848.6253935 61.5090650692 0.0 61.6405720928 0.0
57848.6254051 61.5100418934 0.0 61.665364089 0.0
57848.6254167 61.4557878827 0.0 61.6039975286 0.0
57848.6254282 61.4117176733 0.0 61.5537739664 0.0
57848.6254398 61.4088760804 0.0 61.5134971069 0.0
57848.6254514 61.4525867333 0.0 61.5006967125 0.0
57848.625463 61.4603034017 0.0 61.51358548 0.0
57848.6254745 61.41691527 0.0 61.5242364983 0.0
57848.6254861 61.3982596643 0.0 61.5121387871 0.0
57848.6254977 61.4536360357 0.0 61.5582835072 0.0
57848.6255093 61.5170673647 0.0 61.5241895805 0.0
57848.6255208 61.5559536315 0.0 61.611574554 0.0
57848.6255324 61.5059818695 0.0 61.6401822289 0.0
57848.625544 61.4809843834 0.0 61.6051526152 0.0
57848.6255556 61.5437107537 0.0 61.4717794694 0.0
57848.6255671 61.6170398793 0.0 61.4817879963 0.0
57848.6255787 61.639122271 0.0 61.4964596383 0.0
57848.6255903 61.6016389066 0.0 61.5924908755 0.0
57848.6256019 61.5650748618 0.0 61.6198693763 0.0
57848.6256134 61.6015126669 0.0 61.594624008 0.0
57848.625625 61.6496266653 0.0 61.7079875708 0.0
57848.6256366 61.6473037415 0.0 61.7315943571 0.0
57848.6256481 61.604650164 0.0 61.7393917206 0.0
57848.6256597 61.5782877279 0.0 61.7034620659 0.0
57848.6256713 61.5831836829 0.0 61.6974235636 0.0
57848.6256829 61.6252559181 0.0 61.7102252503 0.0
57848.6256944 61.6367856269 0.0 61.7100362262 0.0
