57847.938206 146.051212337 0.0 145.116827128 0.0
57847.9458449 141.295256028 0.0 140.323413304 0.0
57847.9534838 140.663059318 0.0 139.686059154 0.0
57847.9611227 134.398596603 0.0 132.023108319 0.0
57847.9715394 129.67347814 0.0 128.135858893 0.0
57847.9791782 128.522847776 0.0 126.735424944 0.0
57847.9965394 127.361822647 0.0 125.556465134 0.0
57848.0139005 123.091490979 0.0 120.231780916 0.0
57848.0215394 122.607829026 0.0 119.735977645 0.0
57848.0416782 121.145257851 0.0 118.236094083 0.0
57848.0486227 120.407310327 0.0 116.461818403 0.0
57848.075706 116.901978125 0.0 113.092908482 0.0
57848.0826505 116.137071472 0.0 112.035942223 0.0
57848.0930671 114.332390095 0.0 110.161851616 0.0
57848.131956 114.850906996 0.0 110.431526075 0.0
57848.1562616 114.332390095 0.0 109.891515376 0.0
