57854.04115277778 203.26981930293695 0.0 212.3294134512241 0.0
57854.04215277778 203.26981930293695 0.0 212.3294134512241 0.0
57854.05479166667 199.36897593896376 0.0 215.17187106391194 0.0
57854.07826388889 192.30745694474248 0.0 210.55163091413914 0.0
57854.100960648146 200.69625404679292 0.0 212.2510131874849 0.0
57854.13244212963 232.93883993158124 0.0 258.2657419844334 0.0
57854.154502314814 196.76986683998595 0.0 212.18095946093214 0.0
57854.18708333333 199.99120837339117 0.0 217.8064856371187 0.0
57854.199537037035 194.5674187476821 0.0 210.48363544572683 0.0
57854.21658564815 195.71820210164972 0.0 209.19239187177232 0.0
57854.22341435185 186.87418703444143 0.0 206.5748375906392 0.0
57854.24456018519 193.4655155734846 0.0 206.72174684339552 0.0
57854.25962962963 192.25770195523842 0.0 202.44284415643762 0.0
57854.268541666665 200.3106830788044 0.0 211.66568572156186 0.0
57854.279756944445 183.64592993865259 0.0 204.21276651058682 0.0
57854.29 201.81483358995507 0.0 197.33602830688488 0.0
57854.31115740741 190.86568171194617 0.0 206.54136894774058 0.0
57854.32113425926 186.49636272234443 0.0 199.17762188038552 0.0
57854.32738425926 199.00786122374174 0.0 204.9934338991032 0.0
57854.33363425926 188.59098604752757 0.0 203.70340410978412 0.0
57854.33980324074 191.24239116979615 0.0 208.90137562873997 0.0
57854.34612268519 181.60954669095563 0.0 210.11646975036118 0.0
57854.35229166667 192.0890052419814 0.0 206.87641135864854 0.0
57854.35841435185 192.1075167455825 0.0 206.37096866463858 0.0
57854.35941435185 192.1075167455825 0.0 206.37096866463858 0.0
