57854.13928935186 128.29148332605251 0.0 129.52115168148052 0.0
57854.14028935185 128.29148332605251 0.0 129.52115168148052 0.0
57854.165289351855 120.16032071277436 0.0 121.46243510232911 0.0
57854.18890046296 114.85090699593826 0.0 116.4618184030568 0.0
57854.21876157408 110.09637651263606 0.0 112.03594222298392 0.0
57854.225011574075 109.55535910332758 0.0 111.77013890136196 0.0
57854.24028935185 108.46522890932809 0.0 110.70054358936798 0.0
57854.24653935185 108.73878603713337 0.0 110.96890893733976 0.0
57854.26390046296 108.19098010405678 0.0 110.70054358936798 0.0
57854.270150462966 107.64038630051154 0.0 110.43152607484654 0.0
57854.28542824074 110.09637651263606 0.0 107.15064700726242 0.0
57854.29167824074 106.80917396691055 0.0 109.62051245972796 0.0
57854.31667824074 106.5306619570968 0.0 109.07648670730681 0.0
57854.32292824074 106.80917396691055 0.0 109.62051245972796 0.0
57854.32917824074 107.36403055235408 0.0 109.89151537628108 0.0
57854.33542824074 107.64038630051154 0.0 110.16185161596309 0.0
57854.341678240744 107.36403055235408 0.0 109.89151537628108 0.0
57854.34792824074 107.64038630051154 0.0 109.89151537628108 0.0
57854.35417824074 107.64038630051154 0.0 109.89151537628108 0.0
57854.36042824074 107.36403055235408 0.0 109.89151537628108 0.0
57854.361428240736 107.36403055235408 0.0 109.89151537628108 0.0
