57853.926789351855 141.9246366757501 0.0 143.05247120600177 0.0
57853.92778935185 141.9246366757501 0.0 143.05247120600177 0.0
57853.93403935185 139.60303622880787 0.0 140.957885627316 0.0
57853.94028935185 135.49934059340575 0.0 136.67244610850634 0.0
57853.946539351855 132.61840414155526 0.0 134.2571604343696 0.0
57853.95278935185 131.9446398972815 0.0 133.59086768418686 0.0
57853.969456018516 127.12834523274564 0.0 129.0610395641264 0.0
57853.97570601852 125.00742699266868 0.0 126.9699032665402 0.0
57853.98195601852 122.84989802616289 0.0 125.08176980446913 0.0
57853.98820601852 123.33261068343474 0.0 125.55646513398781 0.0
57853.99445601852 122.84989802616289 0.0 125.31934223087931 0.0
57854.000706018516 119.66481212471665 0.0 122.19487853536926 0.0
57854.00170601851 119.66481212471665 0.0 122.19487853536926 0.0
