57854.37401157408 133.51146745863818 0.0 134.4785244106363 0.0
57854.37501157408 133.51146745863818 0.0 134.4785244106363 0.0
57854.38890046296 127.36182264749783 0.0 128.36777918966604 0.0
57854.39792824074 122.84989802616289 0.0 123.88707413853946 0.0
57854.412511574075 116.39259889120459 0.0 117.47897150041264 0.0
57854.42153935185 114.07224780094442 0.0 114.9192096525829 0.0
57854.42917824074 114.07224780094442 0.0 115.1777458840741 0.0
57854.446539351855 113.81151089359784 0.0 114.9192096525829 0.0
57854.45348379629 113.81151089359784 0.0 114.9192096525829 0.0
57854.46251157407 115.10928956546553 0.0 116.4618184030568 0.0
57854.47709490741 115.10928956546553 0.0 116.4618184030568 0.0
57854.48542824074 115.36709344844708 0.0 116.71693769761366 0.0
57854.49445601852 116.39259889120459 0.0 117.47897150041264 0.0
57854.51042824074 116.39259889120459 0.0 117.73188669411874 0.0
57854.51876157407 117.66191231248747 0.0 118.73816043549351 0.0
57854.53334490741 119.41628680530643 0.0 120.72554800745934 0.0
57854.540983796294 120.16032071277436 0.0 121.21730380282125 0.0
57854.558344907404 122.84989802616289 0.0 123.40595746998554 0.0
57854.565983796296 123.81344139851997 0.0 124.84374528848515 0.0
57854.579872685186 126.89443823564385 0.0 127.90351806953068 0.0
57854.58751157407 128.98433165864915 0.0 129.75059588556476 0.0
57854.59653935185 132.3941970426814 0.0 133.3680303852909 0.0
57854.61251157407 140.24001156492903 0.0 140.957885627316 0.0
57854.620150462964 145.64381625088382 0.0 146.7474044535739 0.0
57854.62115046296 145.64381625088382 0.0 146.7474044535739 0.0
