57854.36787731482 138.82006894777467 0.0 126.0332055051688 0.0
57854.36887731482 138.82006894777467 0.0 126.0332055051688 0.0
57854.369618055556 135.56729434017674 0.0 127.84042710143324 0.0
57854.3865625 137.8794903643906 0.0 126.57125835978634 0.0
57854.41006944444 143.1242517779466 0.0 126.82358117392364 0.0
57854.419699074075 135.66547160420882 0.0 130.03111345378906 0.0
57854.42767361111 138.90193700783672 0.0 127.76180828653719 0.0
57854.45172453704 133.5926973627098 0.0 123.70896863316841 0.0
57854.46065972222 139.93010308340868 0.0 128.42539444734578 0.0
57854.4753125 138.88037935612698 0.0 126.34210079669283 0.0
57854.4834375 138.77895518189496 0.0 127.82543131940578 0.0
57854.4924537037 139.71242351009917 0.0 127.5452210648899 0.0
57854.50813657408 139.48586697578438 0.0 128.66344929419398 0.0
57854.516805555555 137.64845453761322 0.0 125.99392650337076 0.0
57854.531122685185 139.33897900292163 0.0 129.35128950454398 0.0
57854.53912037037 139.78565590802592 0.0 129.73228716773218 0.0
57854.55701388889 138.61260532898137 0.0 130.80779833287136 0.0
57854.564155092594 141.09639585592308 0.0 129.75736096264754 0.0
57854.57740740741 138.33662406996385 0.0 127.90884597190092 0.0
57854.58565972222 139.39323702058078 0.0 128.01003457356808 0.0
57854.59457175926 137.98981885266204 0.0 130.9271770533973 0.0
57854.60962962963 142.07706624472362 0.0 131.67471996270325 0.0
57854.6183912037 140.68107514459734 0.0 130.08747361272688 0.0
57854.61914351852 140.68477482679833 0.0 130.36075587185027 0.0
57854.620143518514 140.68477482679833 0.0 130.36075587185027 0.0
