57850.6722801 67.8797786605 0.0 67.8857402479 0.0
57850.6723958 68.042899997 0.0 67.9073700492 0.0
57850.6725116 67.7869610692 0.0 68.0643919902 0.0
57850.6726389 67.8734820677 0.0 67.8509477826 0.0
57850.6727546 68.5286658341 0.0 68.1228186587 0.0
57850.6728704 67.7798413394 0.0 67.9954016533 0.0
57850.6729167 67.8946912431 0.0 67.8891129784 0.0
57850.6729977 68.0057946796 0.0 67.7789860207 0.0
57850.6731134 68.1643353375 0.0 68.336542362 0.0
57850.6732292 67.9461816366 0.0 68.0698179739 0.0
57850.6733449 67.9834009594 0.0 68.1369217972 0.0
57850.6734722 67.7767264479 0.0 67.7833968166 0.0
57850.673588 67.7806595498 0.0 67.9310706967 0.0
57850.6736111 67.7905520482 0.0 67.8214611019 0.0
57850.6737037 67.8079300156 0.0 67.7198118574 0.0
57850.673831 67.7682539173 0.0 67.8570030358 0.0
57850.6739468 67.734173502 0.0 68.0587947733 0.0
57850.6740625 67.7330079946 0.0 67.9866369296 0.0
57850.6741898 67.8411554147 0.0 67.8330114546 0.0
57850.6743056 67.7221867042 0.0 67.8139268882 0.0
57850.6744213 67.8849015909 0.0 67.824220342 0.0
57850.6745486 67.9764698627 0.0 67.7715920722 0.0
57850.6746644 67.7403934961 0.0 67.9096024948 0.0
57850.6747801 68.0648965106 0.0 68.0286904548 0.0
57850.6749074 67.9552102933 0.0 68.1071113321 0.0
57850.675 68.1501024724 0.0 68.1540838322 0.0
57850.6750231 68.341258907 0.0 68.195644509 0.0
57850.6751389 67.6889868295 0.0 67.7343637971 0.0
57850.6752662 67.6733455948 0.0 67.6915067198 0.0
57850.6753819 67.8956535207 0.0 67.7616407638 0.0
57850.6754977 67.7906484259 0.0 67.7229522762 0.0
57850.675625 68.0053889115 0.0 67.7205940095 0.0
57850.6756944 68.0173902469 0.0 67.7571290862 0.0
57850.6917477 66.7488818258 0.0 66.6529782755 0.0
57850.691875 66.720635009 0.0 67.0433060193 0.0
57850.6919907 66.658718477 0.0 66.8566862027 0.0
57850.6921065 66.8081609162 0.0 66.8847996558 0.0
57850.6922338 66.7106967435 0.0 66.7630025763 0.0
57850.6923495 66.7011356725 0.0 67.0064836042 0.0
57850.6923611 66.7703865422 0.0 66.8192464714 0.0
57850.6924653 66.8637350363 0.0 66.6572108627 0.0
57850.6925926 66.6905431527 0.0 66.640479305 0.0
57850.6927083 66.876465883 0.0 66.8050956739 0.0
57850.6928241 66.7368113188 0.0 66.7643020408 0.0
57850.6929514 66.7585746702 0.0 66.8272845999 0.0
57850.6930556 66.7531293049 0.0 66.9161708707 0.0
57850.6930671 66.7175037078 0.0 66.9750428443 0.0
57850.6931829 66.8030236891 0.0 66.7867988977 0.0
57850.6933102 66.8461252654 0.0 66.7545704503 0.0
57850.6934259 66.9114143626 0.0 66.9731561598 0.0
57850.6935417 66.6460975677 0.0 66.7423332301 0.0
57850.693669 67.1062901523 0.0 66.7533389652 0.0
57850.69375 67.113279595 0.0 66.8017020891 0.0
57850.6937847 67.142971732 0.0 66.8728256843 0.0
57850.6939005 66.7288215391 0.0 66.7476270889 0.0
57850.6940278 66.7280241877 0.0 66.618486053 0.0
57850.6941435 66.872116865 0.0 67.0121869812 0.0
57850.6942593 67.0708053031 0.0 66.9028128033 0.0
57850.6943866 66.724853518 0.0 66.6634899851 0.0
57850.6944444 66.7618427472 0.0 66.8856120851 0.0
57850.6945023 66.8042819286 0.0 67.11533853 0.0
57850.6946181 66.8117309235 0.0 67.033694699 0.0
57850.6947454 66.7385073852 0.0 66.7356209681 0.0
57850.6948611 66.9032861824 0.0 66.7619877475 0.0
57850.6949769 66.758386739 0.0 66.9828192225 0.0
57850.6951042 67.0012824728 0.0 66.9383605043 0.0
57850.6951389 67.1202339537 0.0 67.1137522569 0.0
57850.7112269 84.4290413602 0.0 239.478941465 0.0
57850.7113542 198.607745131 0.0 160.638358959 0.0
57850.7114699 73.2792163509 0.0 75.24392725 0.0
57850.7115856 68.1595357085 0.0 70.2426739383 0.0
57850.711713 69.7894202655 0.0 74.9962094775 0.0
57850.7118056 69.8259391559 0.0 73.3024839347 0.0
57850.7118287 69.8779178639 0.0 71.7326751139 0.0
57850.7119444 67.9760146228 0.0 67.3935594326 0.0
57850.7120718 66.970497512 0.0 66.4136640911 0.0
57850.7121875 66.8455681702 0.0 66.032654066 0.0
57850.7123032 66.2368650526 0.0 66.2192911998 0.0
57850.7124306 65.7584725416 0.0 65.9788922005 0.0
57850.7125 65.839214447 0.0 65.9883391593 0.0
57850.7125463 65.9239099569 0.0 66.0014352874 0.0
57850.712662 66.0547332369 0.0 66.1991149337 0.0
57850.7127894 65.9080103705 0.0 66.2544009406 0.0
57850.7129051 66.0419513188 0.0 65.6910135102 0.0
57850.7130208 66.1921897205 0.0 66.1006600421 0.0
57850.7131481 66.2305932104 0.0 65.7843926627 0.0
57850.7131944 66.0649481193 0.0 65.8378308573 0.0
57850.7132639 65.8967985565 0.0 65.8876564312 0.0
57850.7133796 65.9734242252 0.0 65.849587455 0.0
57850.7135069 65.9421100891 0.0 65.8997944837 0.0
57850.7136227 66.1018574399 0.0 66.2822339092 0.0
57850.7137384 65.8885426383 0.0 65.7763904224 0.0
57850.7138542 65.8966234264 0.0 65.8493671268 0.0
57850.7138889 65.8459563299 0.0 65.7824773249 0.0
57850.7139815 65.8008280571 0.0 65.721203017 0.0
57850.7140972 65.9360933859 0.0 65.7444090323 0.0
57850.714213 65.7822319247 0.0 65.8533910061 0.0
57850.7143403 65.7943664382 0.0 65.7357979034 0.0
57850.714456 65.8279351871 0.0 65.8444966417 0.0
57850.7145718 65.8738715425 0.0 65.8168663642 0.0
57850.7145833 66.448190645 0.0 66.8984528745 0.0
57850.7327431 65.1109839966 0.0 65.1601674722 0.0
57850.7328588 65.1015077245 0.0 64.993592438 0.0
57850.7329745 65.171357965 0.0 65.1952525035 0.0
57850.7331019 65.067826051 0.0 65.041744234 0.0
57850.7332176 65.3725585395 0.0 64.9355387134 0.0
57850.7333333 64.8652880515 0.0 64.9680771379 0.0
57850.7334606 64.9286311961 0.0 64.9651088123 0.0
57850.7335764 64.8677778716 0.0 65.0673034404 0.0
57850.7336921 64.8472751394 0.0 65.1551561889 0.0
57850.7338194 64.9467881654 0.0 64.9797692286 0.0
57850.7339352 65.277029122 0.0 65.1236562549 0.0
57850.7340278 65.2113114804 0.0 65.0744542428 0.0
57850.7340509 65.1123369493 0.0 64.9919509324 0.0
57850.7341782 65.3161730584 0.0 65.0613297436 0.0
57850.734294 65.4103991885 0.0 65.1155665337 0.0
57850.7344097 65.0640116731 0.0 64.9647917799 0.0
57850.734537 65.0471899624 0.0 65.0581523869 0.0
57850.7346528 64.9308357331 0.0 64.871540216 0.0
57850.7347222 64.9020052849 0.0 64.9046454039 0.0
57850.7347685 64.8896424401 0.0 64.954300689 0.0
57850.7348958 64.923628426 0.0 65.1249783186 0.0
57850.7350116 65.19836103 0.0 65.0684698145 0.0
57850.7351273 64.8655549271 0.0 64.9639943815 0.0
57850.7352546 65.0858272668 0.0 65.0661935724 0.0
57850.7353704 64.9704599491 0.0 65.2526784738 0.0
57850.7354167 65.0097662432 0.0 65.217880539 0.0
57850.7354861 65.0353850069 0.0 65.1693608454 0.0
57850.7356134 64.8304166191 0.0 65.0107120481 0.0
57850.7357292 64.86113135 0.0 64.9522103627 0.0
57850.7358449 64.8768215852 0.0 64.8971584278 0.0
57850.7359722 65.0971982884 0.0 64.9015733399 0.0
57850.736088 64.8449027835 0.0 64.9171580478 0.0
57850.7361111 65.0370882113 0.0 64.9974656352 0.0
57850.7520949 64.964809374 0.0 65.0124336185 0.0
57850.7522222 65.3943990109 0.0 65.1607043087 0.0
57850.752338 64.4746639541 0.0 64.7977654322 0.0
57850.7524537 65.0056070966 0.0 65.2400751149 0.0
57850.752581 65.0805934592 0.0 65.1952718071 0.0
57850.7526968 65.5020679445 0.0 65.6853713547 0.0
57850.7527778 65.0031285401 0.0 65.078290397 0.0
57850.7528125 64.5208432911 0.0 64.493166638 0.0
57850.7529398 64.7275521474 0.0 64.9539141469 0.0
57850.7530556 64.9129259701 0.0 65.2625751254 0.0
57850.7531713 65.7362378981 0.0 65.4135982805 0.0
57850.7532986 65.2094998984 0.0 64.6749798222 0.0
57850.7534144 65.7265100549 0.0 66.0528216354 0.0
57850.7534722 65.2793225378 0.0 65.4466530848 0.0
57850.7535301 64.8313823777 0.0 64.8471740325 0.0
57850.7536574 65.2151669246 0.0 64.9083437703 0.0
57850.7537731 65.1742430029 0.0 65.4478795684 0.0
57850.7538889 65.0232260965 0.0 65.1048748943 0.0
57850.7540046 65.6668454016 0.0 65.6028641295 0.0
57850.7541319 65.1675750968 0.0 64.9869525289 0.0
57850.7541667 65.3952001908 0.0 65.6890302943 0.0
57850.7542477 65.6215019487 0.0 66.4106941463 0.0
57850.7543634 65.1063449596 0.0 64.8790828465 0.0
57850.7544907 64.4256717544 0.0 64.459882299 0.0
57850.7546065 65.1832822509 0.0 64.9146298611 0.0
57850.7547222 64.4954679416 0.0 64.4717371877 0.0
57850.7548495 64.8657245778 0.0 64.8886945315 0.0
57850.7548611 74.6680110623 0.0 69.02263988 0.0
57850.7549653 90.7590011294 0.0 73.9526759962 0.0
57850.755081 65.7707715174 0.0 88.596986907 0.0
57850.7552083 69.622526922 0.0 64.1460428086 0.0
57850.7553241 80.6100694951 0.0 89.9769468753 0.0
57850.7554398 80.6044425885 0.0 64.0447866418 0.0
57850.7555556 74.3423862275 0.0 66.1970155521 0.0
