57850.8285532 12.8252095499 0.0 12.8252095499 0.0
57850.828588 14.527319092 0.0 14.527319092 0.0
57850.8286343 13.1653712443 0.0 13.1653712443 0.0
57850.8286921 18.0527560223 0.0 18.0527560223 0.0
57850.8287616 31.1895495319 0.0 31.1895495319 0.0
57850.8288079 20.7809768779 0.0 20.7809768779 0.0
57850.8288426 14.7915854458 0.0 14.7915854458 0.0
57850.8289005 13.7646649069 0.0 13.7646649069 0.0
57850.8289699 35.4414728814 0.0 35.4414728814 0.0
57850.8290162 94.2595088042 0.0 94.2595088042 0.0
57850.8290625 111.639352381 0.0 111.639352381 0.0
57850.8291088 151.240877411 0.0 151.240877411 0.0
57850.8291782 34.6760436036 0.0 34.6760436036 0.0
57850.8292245 14.6462964602 0.0 14.6462964602 0.0
57850.8292708 23.8669855658 0.0 23.8669855658 0.0
57850.8293171 32.1562435617 0.0 32.1562435617 0.0
57850.8293866 24.3976023412 0.0 24.3976023412 0.0
57850.8294329 10.6512910016 0.0 10.6512910016 0.0
57850.8294792 13.2062106601 0.0 13.2062106601 0.0
57850.8295255 10.7901807214 0.0 10.7901807214 0.0
57850.8295949 10.236942903 0.0 10.236942903 0.0
57850.8296412 9.27626002223 0.0 9.27626002223 0.0
57850.8296991 8.90297703018 0.0 8.90297703018 0.0
57850.8297338 8.55002923972 0.0 8.55002923972 0.0
57850.8298032 9.94203198546 0.0 9.94203198546 0.0
57850.8298495 10.2624558464 0.0 10.2624558464 0.0
57850.8299074 11.7070918678 0.0 11.7070918678 0.0
57850.8299537 12.3434192994 0.0 12.3434192994 0.0
57850.8300231 9.77911038899 0.0 9.77911038899 0.0
57850.8300694 8.66060044108 0.0 8.66060044108 0.0
57850.8301157 8.90033707227 0.0 8.90033707227 0.0
57850.830162 9.48029535405 0.0 9.48029535405 0.0
57850.8302315 32.8881589634 0.0 32.8881589634 0.0
57850.8302778 20.2858817901 0.0 20.2858817901 0.0
57850.8303241 27.9486851211 0.0 27.9486851211 0.0
57850.8303704 18.5826532013 0.0 18.5826532013 0.0
57850.8304398 11.2779430749 0.0 11.2779430749 0.0
57850.8304861 13.2861582107 0.0 13.2861582107 0.0
57850.8305324 4.85479144763 0.0 4.85479144763 0.0
