57850.8239468 0.04472135955 0.0 0.04472135955 0.0
57850.8239815 0.18973665961 0.0 0.18973665961 0.0
57850.8240394 0.0632455532034 0.0 0.0632455532034 0.0
57850.8241088 0.0316227766017 0.0 0.0316227766017 0.0
57850.8241551 0.0316227766017 0.0 0.0316227766017 0.0
57850.8249884 0.0316227766017 0.0 0.0316227766017 0.0
57850.8250463 0.0316227766017 0.0 0.0316227766017 0.0
57850.8250926 0.0316227766017 0.0 0.0316227766017 0.0
57850.825162 0.04472135955 0.0 0.04472135955 0.0
57850.8252083 0.04472135955 0.0 0.04472135955 0.0
57850.8252546 0.04472135955 0.0 0.04472135955 0.0
57850.8253009 0.04472135955 0.0 0.04472135955 0.0
57850.8253704 0.04472135955 0.0 0.04472135955 0.0
57850.8254167 0.04472135955 0.0 0.04472135955 0.0
57850.825463 0.04472135955 0.0 0.04472135955 0.0
57850.8255093 0.0316227766017 0.0 0.0316227766017 0.0
57850.8255787 0.04472135955 0.0 0.04472135955 0.0
57850.825625 0.04472135955 0.0 0.04472135955 0.0
57850.8256713 0.0547722557505 0.0 0.0547722557505 0.0
57850.8604977 0.187082869339 0.0 0.187082869339 0.0
57850.8605324 0.593295878968 0.0 0.593295878968 0.0
57850.8605787 8.94365697017 0.0 8.94365697017 0.0
57850.8606366 9.20472704647 0.0 9.20472704647 0.0
57850.860706 12.3956443963 0.0 12.3956443963 0.0
57850.8607523 9.39893611001 0.0 9.39893611001 0.0
57850.860787 9.95881519057 0.0 9.95881519057 0.0
57850.8608449 8.83068513763 0.0 8.83068513763 0.0
57850.8609144 10.0661313323 0.0 10.0661313323 0.0
57850.8609606 8.34152264278 0.0 8.34152264278 0.0
57850.8610069 0.510881590978 0.0 0.510881590978 0.0
57850.8610532 0.176068168617 0.0 0.176068168617 0.0
57850.8611227 0.356370593624 0.0 0.356370593624 0.0
57850.861169 0.0632455532034 0.0 0.0632455532034 0.0
57850.8612153 0.0632455532034 0.0 0.0632455532034 0.0
57850.8612616 0.0547722557505 0.0 0.0547722557505 0.0
57850.861331 0.04472135955 0.0 0.04472135955 0.0
57850.8614699 0.0316227766017 0.0 0.0316227766017 0.0
57850.8615394 0.0632455532034 0.0 0.0632455532034 0.0
57850.8615856 0.0547722557505 0.0 0.0547722557505 0.0
57850.8616435 0.0707106781187 0.0 0.0707106781187 0.0
57850.8616782 0.0836660026534 0.0 0.0836660026534 0.0
57850.8617477 0.158113883008 0.0 0.158113883008 0.0
57850.861794 0.473286382648 0.0 0.473286382648 0.0
57850.8618519 8.57537171206 0.0 8.57537171206 0.0
57850.8618981 10.3032033854 0.0 10.3032033854 0.0
57850.8619676 12.8048037861 0.0 12.8048037861 0.0
57850.8620139 8.0878303642 0.0 8.0878303642 0.0
57850.8620602 0.311448230048 0.0 0.311448230048 0.0
57850.8621065 0.118321595662 0.0 0.118321595662 0.0
57850.8621759 0.0707106781187 0.0 0.0707106781187 0.0
57850.8622222 0.04472135955 0.0 0.04472135955 0.0
57850.8622685 0.04472135955 0.0 0.04472135955 0.0
57850.8623148 0.0632455532034 0.0 0.0632455532034 0.0
57850.8623843 0.118321595662 0.0 0.118321595662 0.0
57850.8624306 0.322490309932 0.0 0.322490309932 0.0
57850.8624769 1.58619040471 0.0 1.58619040471 0.0
