57850.6028472 72.6723131667 0.0 72.6139086401 0.0
57850.602963 72.5291058955 0.0 72.6059655469 0.0
57850.6030903 73.0034945328 0.0 72.7983074529 0.0
57850.603206 72.7804122 0.0 72.5829360663 0.0
57850.6033218 72.7307484425 0.0 72.7813257368 0.0
57850.6034491 72.5792320158 0.0 72.5042561096 0.0
57850.6034722 72.6298094036 0.0 72.6127744409 0.0
57850.6035648 72.6623109872 0.0 72.7036156047 0.0
57850.6036806 72.4939917579 0.0 72.5282877159 0.0
57850.6038079 72.4408133513 0.0 72.41664143 0.0
57850.6039236 72.4794471488 0.0 72.4416446114 0.0
57850.6040394 72.5191709412 0.0 72.6404041426 0.0
57850.6041667 72.4917214998 0.0 72.5686332309 0.0
57850.6042824 72.2536523714 0.0 72.3534077912 0.0
57850.6043981 72.2794712211 0.0 72.3639103628 0.0
57850.6045255 72.4264236726 0.0 72.3557369875 0.0
57850.6046412 72.2861479676 0.0 72.3868429343 0.0
57850.6047569 72.4498650447 0.0 72.3859658083 0.0
57850.6048611 72.3806215088 0.0 72.3011645549 0.0
57850.625787 70.7125484479 0.0 70.6950164368 0.0
57850.6259144 70.7433420471 0.0 70.6895992986 0.0
57850.6260301 70.7727439556 0.0 70.7207414695 0.0
57850.6261458 70.7151123382 0.0 70.7316113135 0.0
57850.6262731 70.7644980622 0.0 70.8806263093 0.0
57850.6263889 70.8350311004 0.0 70.959078954 0.0
57850.6265046 70.7860634094 0.0 70.7972101075 0.0
57850.6266319 70.7488743727 0.0 70.766104902 0.0
57850.6267477 70.8079248813 0.0 70.8603222544 0.0
57850.6268634 70.6970693735 0.0 70.7290244101 0.0
57850.6269907 70.7996110512 0.0 70.6608025924 0.0
57850.6270833 70.7834295581 0.0 70.6533961604 0.0
57850.6271065 70.7744289486 0.0 70.6531589032 0.0
57850.6272222 70.696266429 0.0 70.6882246559 0.0
57850.6273495 70.8536013199 0.0 70.6837726285 0.0
57850.6274653 70.5809019353 0.0 70.5825597297 0.0
57850.627581 70.6725339577 0.0 70.71586339 0.0
57850.6277083 70.5745821738 0.0 70.5412480822 0.0
57850.6277778 70.5557505452 0.0 70.5356619378 0.0
57850.6521991 69.3854987515 0.0 69.4243791618 0.0
57850.6523148 69.4273049311 0.0 69.3965356052 0.0
57850.6524421 69.4873524391 0.0 69.509526865 0.0
57850.6525579 69.4046935517 0.0 69.3794810445 0.0
57850.6526736 69.4529339697 0.0 69.3776210316 0.0
57850.6527778 69.4751017703 0.0 69.4192359797 0.0
57850.6528009 69.4914009285 0.0 69.4550281549 0.0
57850.6529167 69.4536146072 0.0 69.4776947732 0.0
57850.6530324 69.5691372449 0.0 69.454609883 0.0
57850.6531597 69.5607251615 0.0 69.5995823694 0.0
57850.6532755 69.4761623508 0.0 69.5233228349 0.0
57850.6533912 69.5232843945 0.0 69.4909607071 0.0
57850.6534722 69.5598723762 0.0 69.5233003316 0.0
57850.6535185 69.5837388403 0.0 69.5429142329 0.0
57850.6536343 69.4433646074 0.0 69.471426997 0.0
57850.65375 69.4463303134 0.0 69.4607368878 0.0
57850.6538773 69.6517721742 0.0 69.441369939 0.0
57850.6539931 69.3840489162 0.0 69.379545797 0.0
57850.6541088 69.4469935418 0.0 69.4984351047 0.0
57850.6541667 69.5466506383 0.0 69.6075905559 0.0
57850.6542361 69.6606705538 0.0 69.7312135417 0.0
57850.6543519 69.5555708696 0.0 69.4622442554 0.0
57850.6544676 69.5462115575 0.0 69.6015144088 0.0
57850.6545949 69.6821315762 0.0 69.7491278082 0.0
57850.6547106 69.5324948999 0.0 69.5122525315 0.0
57850.6548264 69.4659290012 0.0 69.4651631179 0.0
57850.6548611 69.5301308355 0.0 69.5325584744 0.0
57850.6549537 69.5736221998 0.0 69.5792589785 0.0
57850.6550694 69.4205739965 0.0 69.41095111 0.0
57850.6551852 69.4524842392 0.0 69.4061399517 0.0
57850.6553125 69.4867124204 0.0 69.386636552 0.0
57850.6554282 69.4582971142 0.0 69.3553203583 0.0
57850.655544 69.4145202749 0.0 69.3366070701 0.0
57850.6555556 69.4428018012 0.0 69.3535688123 0.0
57850.6576968 69.1835991475 0.0 69.2144541191 0.0
57850.6578125 69.1994391885 0.0 69.2355230427 0.0
57850.6579398 69.1728749945 0.0 69.2156500656 0.0
57850.6580556 69.1731068263 0.0 69.1571424945 0.0
57850.6581713 69.2019927025 0.0 69.1593439312 0.0
57850.6582986 69.1666310225 0.0 69.1642338713 0.0
57850.6583333 69.1929504285 0.0 69.1549589039 0.0
57850.6584144 69.2341949906 0.0 69.1605613844 0.0
57850.6585301 69.2966570189 0.0 69.3118001137 0.0
57850.6586574 69.2805788732 0.0 69.265108785 0.0
57850.6587731 69.7000323529 0.0 69.3897023484 0.0
57850.6588889 69.2220936624 0.0 69.2229467662 0.0
57850.6590162 69.3434215409 0.0 69.2115724211 0.0
57850.6590278 69.3271357911 0.0 69.2409210511 0.0
57850.6591319 69.2900931519 0.0 69.2495192041 0.0
57850.6592477 69.3545904104 0.0 69.244467548 0.0
57850.659375 69.3001903244 0.0 69.2075688491 0.0
57850.6594907 69.2909319464 0.0 69.3291849729 0.0
57850.6596065 69.3177097213 0.0 69.3611177462 0.0
57850.6597222 69.3902548633 0.0 69.4059551984 0.0
57850.6597338 69.4893595236 0.0 69.4771904225 0.0
57850.6598495 69.5224141339 0.0 69.4074044753 0.0
57850.6599653 69.4175226078 0.0 69.4712203146 0.0
57850.660081 69.2783712785 0.0 69.327678614 0.0
57850.6602083 69.3164552974 0.0 69.2983681843 0.0
57850.6603241 69.2743549158 0.0 69.3755789958 0.0
57850.6604167 69.3166958315 0.0 69.4101495604 0.0
57850.6604398 69.3467755343 0.0 69.4324247596 0.0
57850.6605671 69.3405482384 0.0 69.3714770853 0.0
57850.6606829 69.5079512358 0.0 69.4552114603 0.0
57850.6607986 69.4815217666 0.0 69.4304388003 0.0
57850.6609259 69.5200668656 0.0 69.5283786809 0.0
57850.6610417 69.3635788148 0.0 69.3001317315 0.0
57850.6611111 69.4171504385 0.0 69.4524727422 0.0
57850.6633102 69.3599415297 0.0 69.3291402226 0.0
57850.6634375 69.7880260145 0.0 69.6820842613 0.0
57850.6635532 69.3581201663 0.0 69.4427884521 0.0
57850.663669 69.3709537775 0.0 69.3719526033 0.0
57850.6637963 69.3955963733 0.0 69.3948888752 0.0
57850.6638889 69.3539316694 0.0 69.3529992935 0.0
57850.663912 69.3107811527 0.0 69.3096246707 0.0
57850.6640278 69.3368998802 0.0 69.3698471744 0.0
57850.6641551 69.3359713136 0.0 69.38595017 0.0
57850.6642708 69.3131746568 0.0 69.3062183574 0.0
57850.6643866 69.3444143317 0.0 69.3226611506 0.0
57850.6645023 69.3446964663 0.0 69.3468809464 0.0
57850.6645833 69.3031072464 0.0 69.3195126065 0.0
57850.6646296 69.2617158104 0.0 69.2923055036 0.0
57850.6647454 69.3477303594 0.0 69.3672060847 0.0
57850.6648611 69.3524068796 0.0 69.5266901485 0.0
57850.6649884 69.2443776635 0.0 69.2643501738 0.0
57850.6651042 69.4680459204 0.0 69.2775369655 0.0
57850.6652199 69.4080795297 0.0 69.3412379252 0.0
57850.6652778 69.4147558304 0.0 69.4533716892 0.0
57850.6653472 69.4124789213 0.0 69.5571198081 0.0
57850.665463 69.2877098914 0.0 69.3116860854 0.0
57850.6655787 69.2388286368 0.0 69.3198111221 0.0
57850.665706 69.3970820136 0.0 69.5974496156 0.0
57850.6658218 69.3062867495 0.0 69.2886808 0.0
57850.6659375 69.6176094246 0.0 69.4597643964 0.0
57850.6659722 69.4666032925 0.0 69.3908796889 0.0
57850.6660648 69.3290504551 0.0 69.33475027 0.0
57850.6661806 69.3501366761 0.0 69.2481091005 0.0
57850.6662963 69.2709866611 0.0 69.2549903256 0.0
57850.6664236 69.1459464249 0.0 69.0996173723 0.0
57850.6665394 69.2256690975 0.0 69.132065223 0.0
57850.6666551 69.2630670199 0.0 69.5080025752 0.0
57850.6666667 69.3081684941 0.0 69.5400745542 0.0
