57850.8333565 88.3981584028 0.0 94.3817292382 0.0
57850.8334722 110.125789591 0.0 113.94589036 0.0
57850.8335995 92.9381883566 0.0 88.2542073275 0.0
57850.8337153 93.4905632564 0.0 94.1624744896 0.0
57850.833831 115.404260142 0.0 89.1803897502 0.0
57850.8339583 95.7437414874 0.0 88.3374603212 0.0
57850.8340278 107.228380581 0.0 89.8802413659 0.0
57850.8340741 124.210753029 0.0 91.5321597582 0.0
57850.8341898 127.810407014 0.0 111.572365055 0.0
57850.8343171 93.5812519365 0.0 89.5674881807 0.0
57850.8344329 95.7386830701 0.0 92.2274728809 0.0
57850.8345486 88.1391498484 0.0 106.623225036 0.0
57850.8346644 96.4181449002 0.0 123.317707909 0.0
57850.8347222 94.1362475511 0.0 126.004884326 0.0
57850.8347917 91.9704661563 0.0 128.82038197 0.0
57850.8349074 114.223883365 0.0 103.183373336 0.0
57850.8350231 93.3277093687 0.0 90.081605392 0.0
57850.8351505 99.0189756966 0.0 94.0720428236 0.0
57850.8352662 93.6050666203 0.0 90.2252464945 0.0
57850.8353819 91.4027381811 0.0 87.6988162064 0.0
57850.8354167 90.0254807985 0.0 90.5856005058 0.0
57850.8355093 88.6357586361 0.0 93.7078705766 0.0
57850.835625 106.881777025 0.0 94.8203946838 0.0
57850.8357407 93.4785072624 0.0 91.4700263693 0.0
57850.8358681 90.7903886763 0.0 93.9848784167 0.0
57850.8359838 98.5528038871 0.0 111.491563457 0.0
57850.8360995 89.2151493414 0.0 90.7935726525 0.0
57850.8361111 88.5464896707 0.0 90.1956484649 0.0
57850.8362269 87.92717854 0.0 89.6450240895 0.0
57850.8363426 90.9298400307 0.0 91.1733940961 0.0
57850.8364583 89.4279454924 0.0 90.4227039908 0.0
57850.8365856 84.8428064599 0.0 94.6237684834 0.0
57850.8367014 90.3852610385 0.0 110.508892425 0.0
57850.8368056 93.1027913652 0.0 96.1492140738 0.0
57850.8368171 96.1792777629 0.0 86.282031652 0.0
57850.8369444 87.2153806046 0.0 92.7724611132 0.0
57850.8370602 112.842069504 0.0 100.7950466 0.0
57850.8371759 94.37329688 0.0 86.6178596999 0.0
57850.8373032 96.2750880966 0.0 111.622565792 0.0
57850.837419 102.303608758 0.0 88.7549919835 0.0
57850.8375 98.9836278634 0.0 91.9135331874 0.0
57850.8396875 85.4725638378 0.0 87.6659473228 0.0
57850.8398032 94.2148117124 0.0 85.097057787 0.0
57850.8399306 90.315752657 0.0 89.4604482663 0.0
57850.8400463 111.965925348 0.0 88.1786238382 0.0
57850.840162 115.156067322 0.0 85.8863474424 0.0
57850.8402778 98.6147611567 0.0 88.0696716242 0.0
57850.8402894 87.6622815412 0.0 90.4814124392 0.0
57850.8404051 88.093872863 0.0 91.2146936518 0.0
57850.8405208 98.252363193 0.0 91.0300953806 0.0
57850.8406481 92.5886539539 0.0 92.816163797 0.0
57850.8407639 91.9501056878 0.0 92.5132225739 0.0
57850.8408796 94.8509073652 0.0 94.8552481521 0.0
57850.8409722 89.5212633903 0.0 94.0138641265 0.0
57850.8410069 84.9823943591 0.0 93.1715463218 0.0
57850.8411227 93.0865040648 0.0 100.25022596 0.0
57850.8412384 88.5994362341 0.0 89.59188408 0.0
57850.8413657 90.3931078512 0.0 103.805219247 0.0
57850.8414815 103.894675927 0.0 92.2306215798 0.0
57850.8415972 99.7693516116 0.0 91.9449230355 0.0
57850.8416667 97.5958337072 0.0 90.3251015887 0.0
57850.8417245 95.515355064 0.0 88.7480193864 0.0
57850.8418403 87.4037486095 0.0 93.365050249 0.0
57850.841956 92.3081934121 0.0 89.6487194443 0.0
57850.8420833 87.310321446 0.0 89.548234321 0.0
57850.8421991 88.1501303856 0.0 85.7176902512 0.0
57850.8423148 84.9384770054 0.0 86.1643940674 0.0
57850.8423611 86.0636123167 0.0 88.4290758461 0.0
57850.8424421 87.2686099122 0.0 90.9216770963 0.0
57850.8425579 90.4227487859 0.0 93.5625221496 0.0
57850.8426736 86.7367487747 0.0 90.340145312 0.0
57850.8428009 86.1769041507 0.0 90.8487726224 0.0
57850.8429167 83.5393932944 0.0 87.4786338428 0.0
57850.8430324 85.3681698703 0.0 87.556629315 0.0
57850.8430556 86.0938610994 0.0 87.0433073131 0.0
57850.8431597 86.7844745159 0.0 86.4829220367 0.0
57850.8432755 84.8281769579 0.0 84.5868897407 0.0
57850.8433912 89.8902498439 0.0 88.0532741129 0.0
57850.8435185 83.0711263557 0.0 83.6356282095 0.0
57850.8436343 86.4488394948 0.0 86.30825884 0.0
57850.84375 90.1274759604 0.0 86.0613531093 0.0
57850.8459028 85.929227903 0.0 112.752131408 0.0
57850.8460185 100.260315878 0.0 86.7284822074 0.0
57850.8461458 87.0857757386 0.0 106.900069621 0.0
57850.8462616 97.0161635502 0.0 96.6668895641 0.0
57850.8463773 88.9370661311 0.0 98.6613834334 0.0
57850.8465046 93.2112902443 0.0 125.099112347 0.0
57850.8465278 93.6275229406 0.0 101.015250215 0.0
57850.8466204 94.0084091717 0.0 86.9567773264 0.0
57850.8467361 88.016126795 0.0 94.3061583567 0.0
57850.8468634 86.2197964217 0.0 89.4881429911 0.0
57850.8469792 87.4498266551 0.0 89.0847888306 0.0
57850.8470949 83.6720237594 0.0 88.2696940801 0.0
57850.8472222 87.6315130932 0.0 82.5394012699 0.0
57850.847338 84.3232227859 0.0 96.791761106 0.0
57850.8474537 84.2499054658 0.0 84.3331227632 0.0
57850.847581 83.224804812 0.0 85.0208887509 0.0
57850.8476968 97.2830283657 0.0 99.4854087191 0.0
57850.8478125 84.8991227045 0.0 85.940189411 0.0
57850.8479167 84.743029259 0.0 85.6307428848 0.0
57850.8479398 84.5765993405 0.0 85.3131604854 0.0
57850.8480556 82.8862862421 0.0 88.7551764462 0.0
57850.8481713 83.275051384 0.0 87.2373508596 0.0
57850.848287 83.9335823613 0.0 95.3296102583 0.0
57850.8484144 90.5352818187 0.0 89.543957144 0.0
57850.8485301 83.547518868 0.0 87.0113163675 0.0
57850.8486111 86.2437761349 0.0 91.5682823416 0.0
57850.8486458 89.2331400098 0.0 96.944664046 0.0
57850.8487731 84.1870048107 0.0 98.2039926327 0.0
57850.8488889 82.3215257633 0.0 92.4832400871 0.0
57850.8490046 87.9879153123 0.0 91.1744636014 0.0
57850.8491319 83.0018514191 0.0 88.5890334748 0.0
57850.8492477 82.5773448834 0.0 82.9669086022 0.0
57850.8493056 84.2284804268 0.0 85.5768262557 0.0
57850.8493634 85.985200465 0.0 88.4537133308 0.0
57850.8494907 81.7825818191 0.0 85.3367249899 0.0
57850.8496065 82.5871393136 0.0 83.8610309739 0.0
57850.8497222 86.0853270424 0.0 84.7908199984 0.0
57850.8498495 82.7187070619 0.0 89.1393808706 0.0
57850.8499653 84.6286342085 0.0 86.9132237982 0.0
57850.85 90.4323805448 0.0 122.111326129 0.0
57850.8521181 83.4021449784 0.0 90.7990006938 0.0
57850.8522338 82.3574258036 0.0 91.7012380723 0.0
57850.8523611 85.0046479141 0.0 84.7241315506 0.0
57850.8524769 82.5031777327 0.0 82.7530716046 0.0
57850.8525926 87.368656817 0.0 84.1947617135 0.0
57850.8527083 82.0844926219 0.0 82.1378059726 0.0
57850.8527778 83.6189669931 0.0 82.4273748642 0.0
57850.8528356 85.2371859636 0.0 82.713647707 0.0
57850.8529514 83.0106619658 0.0 102.05333873 0.0
57850.8530671 83.6336086331 0.0 80.9687111852 0.0
57850.8531944 80.3852834541 0.0 87.1544005487 0.0
57850.8533102 83.3241200554 0.0 93.435131075 0.0
57850.8534259 85.0997279784 0.0 86.6586633984 0.0
57850.8534722 84.655709081 0.0 85.7430609087 0.0
57850.8535532 84.2149882503 0.0 84.8517916959 0.0
57850.853669 86.4941403333 0.0 89.4255390479 0.0
57850.8537847 81.5069124615 0.0 80.6439892862 0.0
57850.853912 82.6707779146 0.0 83.789865121 0.0
57850.8540278 82.3929332103 0.0 83.6928895905 0.0
57850.8541435 83.5381182455 0.0 85.078070259 0.0
57850.8541667 83.8172692886 0.0 84.2207179202 0.0
57850.8542708 84.0640738604 0.0 83.3524780675 0.0
57850.8543866 80.1503026569 0.0 81.3016093199 0.0
57850.8545023 82.3865845208 0.0 91.9215910382 0.0
57850.8546296 84.3060687139 0.0 83.5221343956 0.0
57850.8547454 83.2945175267 0.0 82.0368313991 0.0
57850.8548611 83.6775605345 0.0 89.6926107826 0.0
57850.8549884 84.3350268216 0.0 88.9837540004 0.0
57850.8551042 84.2397273678 0.0 85.9902498543 0.0
57850.8552199 81.2978409799 0.0 80.6624638726 0.0
57850.8553472 89.2410876503 0.0 80.9959143723 0.0
57850.855463 82.0239019128 0.0 81.0464079093 0.0
57850.8555556 82.2926825787 0.0 81.3346874894 0.0
57850.8555787 82.7194542052 0.0 81.7796672468 0.0
57850.855706 94.8070375869 0.0 85.8271235974 0.0
57850.8558218 85.675504288 0.0 82.0605466348 0.0
57850.8559375 86.4880252116 0.0 83.3615580948 0.0
57850.8560648 87.1218812297 0.0 89.1507046635 0.0
57850.8561806 207.286192538 0.0 149.799887346 0.0
57850.85625 189.677541016 0.0 140.807178382 0.0
