57850.4639931 91.4328711679 0.0 90.946925627 0.0
57850.4641088 90.4370654433 0.0 90.181413584 0.0
57850.4642361 92.0687505292 0.0 90.9799648714 0.0
57850.4643519 91.7718218899 0.0 90.8578363874 0.0
57850.4644676 90.2173558413 0.0 90.2752789362 0.0
57850.4645833 90.4460419808 0.0 91.1943503623 0.0
57850.4645949 90.7210929332 0.0 92.1903709505 0.0
57850.4647106 89.9164346435 0.0 90.6022140899 0.0
57850.4648264 91.6487559054 0.0 90.4309954164 0.0
57850.4649537 89.4410626446 0.0 90.0648054403 0.0
57850.4650694 89.6344137037 0.0 89.756721091 0.0
57850.4651852 89.3163275443 0.0 89.6529245703 0.0
57850.4652778 89.5358571747 0.0 89.9731102552 0.0
57850.4653125 89.7297932183 0.0 90.2695870767 0.0
57850.4654282 89.4633023424 0.0 89.2513278893 0.0
57850.465544 88.9332877892 0.0 89.7752284375 0.0
57850.4656713 91.9645271015 0.0 91.9400560202 0.0
57850.465787 90.7755454569 0.0 91.6887027392 0.0
57850.4659028 89.7620950123 0.0 90.3466905758 0.0
57850.4659722 89.6236801632 0.0 89.8003705505 0.0
57850.4660301 89.5195569024 0.0 89.2960539274 0.0
57850.4661458 89.7863829876 0.0 88.5015987313 0.0
57850.4662616 88.4086983277 0.0 88.6283525403 0.0
57850.4663889 88.7598181668 0.0 88.6389129672 0.0
57850.4665046 89.03050106 0.0 89.1335716215 0.0
57850.4666204 89.1829884619 0.0 88.4694184281 0.0
57850.4666667 89.5262231639 0.0 89.0304704975 0.0
57850.4667477 89.8586846999 0.0 89.5880579151 0.0
57850.4668634 88.9140214252 0.0 89.4257881374 0.0
57850.4669792 89.8846880175 0.0 89.1941148899 0.0
57850.4671065 89.238561648 0.0 88.8795191537 0.0
57850.4672222 89.0884713249 0.0 90.2702499997 0.0
57850.467338 89.1078442619 0.0 88.8344975277 0.0
57850.4673611 89.7834047583 0.0 91.214521766 0.0
57850.4674537 90.5085242229 0.0 93.8372727811 0.0
57850.467581 89.0944685881 0.0 89.0302939341 0.0
57850.4676968 93.6018646395 0.0 98.1931005519 0.0
57850.4678125 92.9047100528 0.0 92.7575504366 0.0
57850.4679398 89.1708110875 0.0 89.6985754736 0.0
57850.4680556 89.4474784105 0.0 90.1755495021 0.0
57850.4702083 87.3124444853 0.0 87.3017228925 0.0
57850.4703241 88.5692012835 0.0 87.992234038 0.0
57850.4704514 86.3954203937 0.0 87.085355026 0.0
57850.4705671 86.903165207 0.0 86.8612866356 0.0
57850.4706829 86.3203419363 0.0 87.1874164544 0.0
57850.4708102 90.2712954155 0.0 93.9640575327 0.0
57850.4708333 89.2493022886 0.0 90.6599112453 0.0
57850.4709259 88.2184702713 0.0 87.6375974055 0.0
57850.4710417 93.7545046171 0.0 97.9325647882 0.0
57850.471169 94.4316042435 0.0 95.2330874854 0.0
57850.4712847 86.2373416972 0.0 86.3778395539 0.0
57850.4714005 86.6682262943 0.0 88.5351646184 0.0
57850.4715278 88.4599883054 0.0 88.7467346442 0.0
57850.4716435 87.688177641 0.0 86.2272336214 0.0
57850.4717593 85.8420779571 0.0 85.7996254829 0.0
57850.471875 85.6004558282 0.0 86.0306348576 0.0
57850.4720023 88.3402757637 0.0 89.1719565615 0.0
57850.4721181 85.4902092991 0.0 85.9429002652 0.0
57850.4722222 85.8653596452 0.0 85.7828426726 0.0
57850.4722338 86.3330987918 0.0 85.7087500492 0.0
57850.4723611 86.0256524358 0.0 85.9763797098 0.0
57850.4724769 86.0801173675 0.0 85.6736022296 0.0
57850.4725926 87.1438350373 0.0 86.3377863916 0.0
57850.4727199 86.4916234094 0.0 85.9435248928 0.0
57850.4728356 86.0828483265 0.0 86.5632977248 0.0
57850.4729167 86.1932783168 0.0 86.4871655623 0.0
57850.4729514 86.2299639279 0.0 86.3370441641 0.0
57850.4730787 91.847089796 0.0 90.1012108132 0.0
57850.4731944 85.5410335336 0.0 85.4476163038 0.0
57850.4733102 90.1327872586 0.0 90.0038716612 0.0
57850.4734375 85.5877866579 0.0 85.1218666971 0.0
57850.4735532 86.0538138899 0.0 85.5885929724 0.0
57850.4736111 85.4509684849 0.0 85.2978631151 0.0
57850.473669 84.9085035023 0.0 85.0589750526 0.0
57850.4737963 85.0070673474 0.0 85.5046756148 0.0
57850.473912 85.1907560361 0.0 85.317354026 0.0
57850.4740278 85.0039449026 0.0 85.1240572224 0.0
57850.4741551 85.0783998792 0.0 85.2991285653 0.0
57850.4742708 86.557430588 0.0 85.4272668883 0.0
57850.4743056 85.9845973881 0.0 85.6802406451 0.0
57850.4743866 85.3964070673 0.0 85.909368552 0.0
57850.4745139 87.6771100345 0.0 86.2571969925 0.0
57850.4746296 87.3897664089 0.0 89.736321342 0.0
57850.4747454 84.959170741 0.0 85.2056989056 0.0
57850.4748727 90.7304876378 0.0 93.1001727012 0.0
57850.4749884 84.8057528237 0.0 85.6287891892 0.0
57850.475 86.4018349458 0.0 87.6371348687 0.0
57850.4751042 88.1016521525 0.0 89.8049817716 0.0
57850.4752315 87.005982846 0.0 87.1782628928 0.0
57850.4753472 85.1793415682 0.0 85.8934616254 0.0
57850.475463 86.5739595144 0.0 86.6318044485 0.0
57850.4755903 85.0950691462 0.0 84.6626148722 0.0
57850.4756944 84.7140643931 0.0 84.7695096423 0.0
57850.475706 84.3330837335 0.0 84.8725678473 0.0
57850.4758218 86.4989781963 0.0 86.1792590941 0.0
57850.4759491 84.4515210106 0.0 84.3487957887 0.0
57850.4760648 85.1118480648 0.0 85.2004650985 0.0
57850.4761806 85.851411625 0.0 86.2461926638 0.0
57850.4762963 84.4106246452 0.0 84.6106882255 0.0
57850.4763889 84.5714508212 0.0 84.6169331931 0.0
57850.4764236 84.7386237733 0.0 84.6282909316 0.0
57850.4765394 83.9532473821 0.0 83.9976875158 0.0
57850.4766551 83.9636727162 0.0 84.2756311635 0.0
57850.4767824 85.3828424216 0.0 84.9359062941 0.0
57850.4768981 84.2076265133 0.0 84.1078773659 0.0
57850.4770139 84.9812021214 0.0 84.0374177554 0.0
57850.4770833 85.6440070992 0.0 84.3312110787 0.0
57850.4833565 83.7078362998 0.0 83.7292652123 0.0
57850.4834722 82.5678339307 0.0 82.4864675871 0.0
57850.483588 82.0026183484 0.0 81.7255294691 0.0
57850.4837153 81.7046038727 0.0 82.4363325725 0.0
57850.483831 81.2450931688 0.0 81.3465697126 0.0
57850.4839468 81.5625142575 0.0 81.4721598953 0.0
57850.4840278 81.4280108071 0.0 81.284948293 0.0
57850.4840741 81.2626435332 0.0 81.0675457258 0.0
57850.4841898 81.5627497943 0.0 82.0215620249 0.0
57850.4843056 82.5699247002 0.0 83.2394166967 0.0
57850.4844329 81.5507044605 0.0 81.3852134113 0.0
57850.4845486 82.6859345354 0.0 82.7712063582 0.0
57850.4846644 82.07323766 0.0 82.3611355859 0.0
57850.4847222 81.8160395277 0.0 82.0689654193 0.0
57850.4847917 81.5721233143 0.0 81.7907232637 0.0
57850.4849074 80.9305443637 0.0 81.038979078 0.0
57850.4850231 84.4819218768 0.0 85.4287246657 0.0
57850.4851505 81.0271308637 0.0 81.1096842615 0.0
57850.4852662 81.0933994355 0.0 81.5389336636 0.0
57850.4853819 86.0313670704 0.0 87.2071434173 0.0
57850.4854167 83.3869635615 0.0 84.1270648127 0.0
57850.4854977 80.9935324578 0.0 81.3727085392 0.0
57850.485625 82.8570873311 0.0 83.6430619657 0.0
57850.4857407 82.9781721418 0.0 82.9353523897 0.0
57850.4858565 82.2705373569 0.0 82.2597200092 0.0
57850.4859838 82.5053218829 0.0 83.3103777809 0.0
57850.4860995 89.8975877596 0.0 87.4396443611 0.0
57850.4861111 85.7396010429 0.0 84.7779369824 0.0
57850.4862153 82.0821219024 0.0 82.3178438918 0.0
57850.4863426 82.0888959482 0.0 81.9600559175 0.0
57850.4864583 87.1635491476 0.0 87.5482830443 0.0
57850.4865741 84.3194084775 0.0 85.0159228968 0.0
57850.4867014 82.7870183302 0.0 82.030015348 0.0
57850.4868056 82.0496444904 0.0 81.6928723757 0.0
57850.4868171 81.3425768709 0.0 81.3714034044 0.0
57850.4869329 81.0388838336 0.0 81.1814341706 0.0
57850.4870602 81.7756075856 0.0 81.9111647091 0.0
57850.4871759 84.0082515828 0.0 83.2114818339 0.0
57850.4872917 80.5546867662 0.0 80.8325494959 0.0
57850.487419 81.4484595741 0.0 80.8422658144 0.0
57850.4875 81.0837736418 0.0 80.7659027622 0.0
57850.4875347 80.7087900355 0.0 80.6748898047 0.0
57850.4876505 80.6923049739 0.0 81.2808853483 0.0
57850.4877778 81.8393622165 0.0 81.5782305398 0.0
57850.4878935 82.1041523737 0.0 82.9645822204 0.0
57850.4880093 81.4902711248 0.0 81.9522441181 0.0
57850.4881366 86.8559155901 0.0 86.2679373 0.0
57850.4881944 83.8847576917 0.0 83.2610619017 0.0
57850.4904051 80.196702214 0.0 80.0827800654 0.0
57850.4905208 79.7273313739 0.0 80.1167907682 0.0
57850.4906366 83.028419231 0.0 82.78164642 0.0
57850.4907639 80.5632912498 0.0 80.4070045394 0.0
57850.4908796 79.4444872474 0.0 79.209533656 0.0
57850.4909722 80.2190627906 0.0 80.1594312792 0.0
57850.4909954 81.0256966277 0.0 81.1537431484 0.0
57850.4911227 79.2536804445 0.0 78.9461524205 0.0
57850.4912384 79.0654195398 0.0 79.3879310979 0.0
57850.4913542 79.2718819633 0.0 79.5478553199 0.0
57850.4914815 79.1236112485 0.0 79.0672581224 0.0
57850.4915972 79.1881670138 0.0 79.1849368314 0.0
57850.4916667 80.4915723228 0.0 80.6506024466 0.0
57850.491713 81.8728912278 0.0 82.2125478987 0.0
57850.4918403 80.1007302089 0.0 80.5999990323 0.0
57850.491956 94.4947687441 0.0 93.8313062096 0.0
57850.4920718 81.2136923246 0.0 79.9664463072 0.0
57850.4921991 85.9105044567 0.0 87.0555728601 0.0
57850.4923148 79.4185499427 0.0 79.6636624441 0.0
57850.4923611 79.3464020167 0.0 79.4655894838 0.0
57850.4924306 79.2762174552 0.0 79.2705655966 0.0
57850.4925579 78.9794359565 0.0 78.6884261629 0.0
57850.4926736 78.8191321825 0.0 78.9452247384 0.0
57850.4927894 79.8556975863 0.0 79.2672000578 0.0
57850.4929167 80.4615114698 0.0 80.0621472295 0.0
57850.4930324 83.7009115721 0.0 82.2550479545 0.0
57850.4930556 81.1476133167 0.0 80.4989933664 0.0
57850.4931481 78.8017712428 0.0 78.8389118266 0.0
57850.4932755 84.1127614753 0.0 83.1572299202 0.0
57850.4933912 79.324153623 0.0 79.2320120785 0.0
57850.4935069 78.5701583873 0.0 78.8166988969 0.0
57850.4936343 80.0886346619 0.0 80.6096174349 0.0
57850.49375 80.5474328517 0.0 80.1076805369 0.0
57850.4938657 80.5945164326 0.0 79.157779605 0.0
57850.4939931 78.2712382743 0.0 78.9610343334 0.0
57850.4941088 78.684317224 0.0 78.2471953235 0.0
57850.4942245 78.48972062 0.0 78.8453545873 0.0
57850.4943403 79.3220549973 0.0 79.2246594754 0.0
57850.4944444 79.9272721166 0.0 80.0381836251 0.0
57850.4944676 80.5506426231 0.0 80.8816875195 0.0
57850.4945833 80.7363879487 0.0 80.0159584146 0.0
57850.4946991 79.0707104938 0.0 79.7737979477 0.0
57850.4948264 81.1853257677 0.0 80.952968982 0.0
57850.4949421 80.4075044072 0.0 81.1214106386 0.0
57850.4950579 78.26489862 0.0 77.9767499964 0.0
57850.4951389 79.0007950087 0.0 78.962007339 0.0
57850.4951852 79.7697572079 0.0 79.9978388333 0.0
57850.4953009 78.5484004038 0.0 78.964961065 0.0
57850.4954167 78.1595768476 0.0 78.0734770713 0.0
57850.495544 79.2439978295 0.0 79.3188887466 0.0
57850.4956597 80.3034527278 0.0 80.6970987954 0.0
57850.4957755 80.2267442503 0.0 80.3497852331 0.0
57850.4958333 79.4784864224 0.0 79.8295635025 0.0
57850.4959028 78.7388143485 0.0 79.3073944346 0.0
57850.4960185 78.7429244948 0.0 78.3356524515 0.0
57850.4961343 80.200736337 0.0 80.4819643088 0.0
57850.4962616 78.8285851008 0.0 78.1422638397 0.0
57850.4963773 81.9817765787 0.0 81.37177236 0.0
57850.4964931 80.1842527246 0.0 79.6427104448 0.0
57850.4965278 80.1130387453 0.0 79.3877258019 0.0
57850.5028356 77.4088595511 0.0 76.7263489357 0.0
57850.5029514 80.9786356949 0.0 81.6874213144 0.0
57850.5030671 77.1582587154 0.0 76.7157502994 0.0
57850.5031829 77.8223557341 0.0 77.9734788758 0.0
57850.5033102 79.9633012075 0.0 80.6603964533 0.0
57850.5034259 77.9100514375 0.0 77.4451679513 0.0
57850.5034722 77.7833291972 0.0 77.3436201247 0.0
57850.5035417 77.6629919782 0.0 77.2482331125 0.0
57850.503669 80.7008406462 0.0 79.3761938241 0.0
57850.5037847 76.5482750491 0.0 77.0296786959 0.0
57850.5039005 77.8378108634 0.0 77.7980221921 0.0
57850.5040278 77.7144894212 0.0 77.8263157679 0.0
57850.5041435 94.2756752084 0.0 91.646984664 0.0
57850.5041667 89.3310207487 0.0 86.5138709514 0.0
57850.5042593 85.0487545705 0.0 82.1159626687 0.0
57850.5043866 80.5920510907 0.0 80.7930157068 0.0
57850.5045023 103.737766122 0.0 99.5388970805 0.0
57850.5046181 80.3789337513 0.0 81.5095636168 0.0
57850.5047454 87.7904732759 0.0 90.7409082939 0.0
57850.5048611 78.2717229081 0.0 77.9165092134 0.0
57850.5049769 77.5985347091 0.0 77.2289701796 0.0
57850.5051042 78.2799432166 0.0 77.3343646059 0.0
57850.5052199 77.3767592239 0.0 78.2359577816 0.0
57850.5053356 76.9107780743 0.0 76.3889664742 0.0
57850.505463 78.5892225117 0.0 78.2487455363 0.0
57850.5055556 77.7439287597 0.0 77.5395774105 0.0
57850.5055787 76.9233035562 0.0 76.847607627 0.0
57850.5056944 75.5980990436 0.0 75.5807099464 0.0
57850.5058218 75.7641480583 0.0 75.6159197788 0.0
57850.5059375 76.3681077152 0.0 75.9652147828 0.0
57850.5060532 75.83693279 0.0 75.4380347636 0.0
57850.5061806 76.8664717416 0.0 76.4668139457 0.0
57850.50625 77.8524412206 0.0 77.3254869496 0.0
57850.5062963 78.9225905999 0.0 78.2582867625 0.0
57850.506412 77.5839850227 0.0 78.4882212118 0.0
57850.5065394 78.8856815969 0.0 79.8988983904 0.0
57850.5066551 119.380808445 0.0 122.496828747 0.0
57850.5067708 83.9207496273 0.0 87.0906591145 0.0
57850.5068981 93.2481219382 0.0 97.207323829 0.0
57850.5069444 84.7392678928 0.0 86.4860074 0.0
57850.5070139 78.1978405968 0.0 78.6702951183 0.0
57850.5071296 76.5147097361 0.0 76.1386940327 0.0
57850.5072569 76.325554469 0.0 76.0218309829 0.0
57850.5073727 75.3882413974 0.0 75.5621652218 0.0
57850.5074884 76.2558864482 0.0 76.8096832242 0.0
57850.5076157 76.2498753048 0.0 76.1595748675 0.0
57850.5076389 77.7503520314 0.0 77.8345646162 0.0
57850.5077315 79.3461560065 0.0 79.6283815985 0.0
57850.5078472 76.4773936468 0.0 76.7319326226 0.0
57850.507963 76.8665021645 0.0 77.4084481048 0.0
57850.5080903 78.8114203526 0.0 78.6047871888 0.0
57850.508206 81.2947908048 0.0 81.2628291102 0.0
57850.5083218 78.559759521 0.0 78.8751617431 0.0
57850.5083333 86.2462511011 0.0 86.9723996794 0.0
57850.5139468 78.2562298606 0.0 80.2745125429 0.0
57850.5140625 80.2731003076 0.0 80.4963070085 0.0
57850.5141782 77.6984796569 0.0 77.5509784013 0.0
57850.5143056 81.6277743112 0.0 81.289149565 0.0
57850.5144213 76.3535118577 0.0 75.8805331426 0.0
57850.514537 75.9207053774 0.0 75.6853248523 0.0
57850.5145833 75.6136119492 0.0 75.102677156 0.0
57850.5146644 75.3451657109 0.0 74.5673421613 0.0
57850.5147801 75.4482600263 0.0 75.7082589286 0.0
57850.5148958 75.2128853921 0.0 75.0543575484 0.0
57850.5150231 77.6554250455 0.0 76.9029421609 0.0
57850.5151389 74.050096401 0.0 74.2517512049 0.0
57850.5152546 77.0334239535 0.0 76.1791296747 0.0
57850.5152778 76.5584605449 0.0 76.1759622584 0.0
57850.5153819 76.0894146252 0.0 76.1700836287 0.0
57850.5154977 74.9351764994 0.0 74.4310932138 0.0
57850.5156134 76.8525914918 0.0 76.7088883051 0.0
57850.5157407 74.8187496287 0.0 75.1115686229 0.0
57850.5158565 74.3734844484 0.0 74.5790563362 0.0
57850.5159722 80.280816021 0.0 78.247145916 0.0
57850.5160995 77.3093253043 0.0 76.2012418665 0.0
57850.5162153 79.616112044 0.0 78.9881432115 0.0
57850.516331 83.9907295777 0.0 81.7229003218 0.0
57850.5164583 75.0724323637 0.0 75.8182744396 0.0
57850.5165741 74.2416518741 0.0 74.2142837667 0.0
57850.5166667 74.110636153 0.0 74.1142359132 0.0
57850.5166898 73.9824795746 0.0 74.0168018763 0.0
57850.5168056 75.0260227188 0.0 75.1171474099 0.0
57850.5169329 76.1323275817 0.0 76.4364078107 0.0
57850.5170486 84.3147371816 0.0 83.1667923753 0.0
57850.5171644 76.5987996381 0.0 76.8200434197 0.0
57850.5172917 76.856965065 0.0 76.0298329539 0.0
57850.5173611 77.355756864 0.0 77.0307481205 0.0
57850.5174074 77.8973897316 0.0 78.1060283845 0.0
57850.5175231 75.1789643916 0.0 76.3333574854 0.0
57850.5176505 75.8555034852 0.0 75.1543948748 0.0
57850.5177662 74.74997099 0.0 74.6093493873 0.0
57850.5178819 74.1063961949 0.0 74.4860505128 0.0
57850.5180093 74.5292814201 0.0 75.2118422258 0.0
57850.5180556 75.1291455828 0.0 75.3756398845 0.0
57850.518125 75.7136353176 0.0 75.5106836812 0.0
57850.5182407 76.6475083287 0.0 77.0875274218 0.0
57850.5183681 76.593871119 0.0 76.5857557774 0.0
57850.5184838 73.969390399 0.0 74.7157237869 0.0
57850.5185995 73.9524360992 0.0 74.0927440847 0.0
57850.5187269 74.4602070169 0.0 74.5811273111 0.0
57850.51875 74.2980117567 0.0 74.2829497597 0.0
57850.5188426 74.1419276658 0.0 73.9932102493 0.0
57850.5189583 75.3274349822 0.0 75.175993768 0.0
57850.5190856 75.8015221153 0.0 75.4633819412 0.0
57850.5192014 75.1886712876 0.0 75.1257747048 0.0
57850.5193171 78.4192822398 0.0 79.1059013791 0.0
57850.5194444 73.7843770998 0.0 73.7974609387 0.0
57850.5257755 73.1056508144 0.0 73.5415920619 0.0
57850.5258912 72.9886386227 0.0 72.8739515739 0.0
57850.5260069 73.1269348804 0.0 73.4055988464 0.0
57850.5261343 74.6111637893 0.0 74.2155469966 0.0
57850.52625 74.9769318657 0.0 74.8610956773 0.0
57850.5263657 78.3617214078 0.0 77.4241059877 0.0
57850.5263889 76.1653190107 0.0 75.5269518252 0.0
57850.5264931 74.1623063355 0.0 73.7811899877 0.0
57850.5266088 73.1742309628 0.0 73.822063416 0.0
57850.5267245 73.4720350542 0.0 73.39341527 0.0
57850.5268519 74.9917080083 0.0 75.2928214374 0.0
57850.5269676 74.8244483174 0.0 75.4975797758 0.0
57850.5270833 77.588330089 0.0 78.392738739 0.0
57850.5272106 77.0999964008 0.0 78.8090432374 0.0
57850.5273264 72.7443756864 0.0 72.7653545583 0.0
57850.5274421 77.8829685875 0.0 77.7422349113 0.0
57850.5275694 73.2880918635 0.0 73.844120355 0.0
57850.5276852 77.0931961849 0.0 76.3087164353 0.0
57850.5277778 80.5400506953 0.0 80.3379505091 0.0
57850.5278009 84.5556782008 0.0 85.1438184662 0.0
57850.5279282 74.9361164459 0.0 74.8707603073 0.0
57850.528044 78.3165706093 0.0 78.6962455648 0.0
57850.5281597 73.6015755266 0.0 73.5154584016 0.0
57850.528287 72.71787829 0.0 72.7900630924 0.0
57850.5284028 75.055962468 0.0 74.4529774623 0.0
57850.5284722 76.6378049333 0.0 76.2668567728 0.0
57850.5285185 78.2939993231 0.0 78.1897873958 0.0
57850.5286458 75.2099646324 0.0 75.4419069351 0.0
57850.5287616 72.7533727603 0.0 72.776533663 0.0
57850.5288773 73.7164442238 0.0 74.0083051623 0.0
57850.5290046 72.7910031666 0.0 72.909520846 0.0
57850.5291204 74.3238518041 0.0 73.8425992365 0.0
57850.5291667 73.6771360532 0.0 73.2109199847 0.0
57850.5292361 73.0380339686 0.0 72.5862594297 0.0
57850.5293634 72.9293370873 0.0 72.9290634178 0.0
57850.5294792 72.9809335169 0.0 72.8124535708 0.0
57850.5295949 73.1402240973 0.0 72.7790193531 0.0
57850.5297222 72.5905334462 0.0 72.5443108658 0.0
57850.529838 72.7857295491 0.0 72.5445290563 0.0
57850.5298611 72.692146192 0.0 72.5077394076 0.0
57850.5299537 72.6140332098 0.0 72.486140696 0.0
57850.5300694 72.6406814671 0.0 72.423966344 0.0
57850.5301968 72.930091101 0.0 73.2335736531 0.0
57850.5303125 72.5341959699 0.0 72.5449147632 0.0
57850.5304282 75.0134675708 0.0 75.4973585564 0.0
57850.5305556 73.7997123639 0.0 73.8271333996 0.0
57850.5306713 73.802016463 0.0 73.570392659 0.0
57850.530787 72.5181944273 0.0 72.5610598531 0.0
57850.5309144 73.508537647 0.0 73.3079508989 0.0
57850.5310301 74.925792228 0.0 75.0534870609 0.0
57850.5311458 73.5479460556 0.0 73.6979765258 0.0
57850.53125 76.0164296583 0.0 75.2922378536 0.0
57850.5312731 78.7668026265 0.0 77.0089694776 0.0
57850.5313889 73.8049817289 0.0 74.1204302807 0.0
57850.5315046 75.802378373 0.0 74.7632820708 0.0
57850.5316319 75.4552068184 0.0 75.7845835708 0.0
57850.5317477 73.1043759771 0.0 73.0495180682 0.0
57850.5318634 73.2223790244 0.0 73.0696853353 0.0
57850.5319444 74.10064412 0.0 74.277356139 0.0
57850.5319907 74.9739657681 0.0 75.5093796028 0.0
57850.5321065 72.6415172887 0.0 72.7812285208 0.0
57850.5322222 72.6600532686 0.0 72.8129240589 0.0
57850.5323495 74.7716038145 0.0 75.3927456192 0.0
57850.5324653 72.0704746273 0.0 72.0549799598 0.0
57850.532581 74.6330208018 0.0 75.3255500942 0.0
57850.5326389 73.8538709954 0.0 74.3332508908 0.0
57850.5347338 77.3628313468 0.0 77.961457875 0.0
57850.5348495 72.702249023 0.0 72.7511091118 0.0
57850.5349769 76.485379714 0.0 76.147946256 0.0
57850.5350926 72.1758715223 0.0 72.5719414237 0.0
57850.5352083 74.3850514821 0.0 74.4095336701 0.0
57850.5353356 72.2601422016 0.0 72.1931644825 0.0
57850.5354167 74.2726912398 0.0 73.9452970918 0.0
57850.5354514 76.4613238507 0.0 75.8293010847 0.0
57850.5355671 72.4200478666 0.0 72.3300992326 0.0
57850.5356944 73.842618365 0.0 73.469183322 0.0
57850.5358102 72.7095886937 0.0 73.0653150818 0.0
57850.5359259 72.2687701016 0.0 72.2529076024 0.0
57850.5360532 72.1247059058 0.0 72.4044521974 0.0
57850.5361111 72.7538402011 0.0 73.0178737297 0.0
57850.536169 73.4223579777 0.0 73.6698411903 0.0
57850.5362847 73.2193777084 0.0 73.6113922162 0.0
57850.536412 84.8450400613 0.0 85.664302647 0.0
57850.5365278 72.9661354397 0.0 73.7217705227 0.0
57850.5366435 73.1115952842 0.0 73.9652833362 0.0
57850.5367708 82.5822828517 0.0 81.8764196091 0.0
57850.5368056 77.4897199569 0.0 77.1862230324 0.0
57850.5368866 73.2411823362 0.0 73.224361636 0.0
57850.5370023 76.5343372742 0.0 76.0818314514 0.0
57850.5371296 80.4936404693 0.0 81.0473946096 0.0
57850.5372454 73.300888569 0.0 73.0070478584 0.0
57850.5373611 72.1301615484 0.0 72.008805781 0.0
57850.5374884 74.0029069497 0.0 74.5623125513 0.0
57850.5375 73.0808001188 0.0 73.2848283685 0.0
57850.5376042 72.1632154148 0.0 72.0419223439 0.0
57850.5377199 72.3534212391 0.0 72.6058322726 0.0
57850.5378472 72.4023309293 0.0 72.7416313606 0.0
57850.537963 72.247010907 0.0 72.1866794914 0.0
57850.5380787 72.2753637556 0.0 72.6488790347 0.0
57850.5381944 72.37259377 0.0 72.2135944473 0.0
57850.538206 72.4893273317 0.0 71.8043619636 0.0
57850.5383218 72.3083192862 0.0 72.6120734314 0.0
57850.5384375 72.4950718463 0.0 72.5024949502 0.0
57850.5385648 72.209951551 0.0 72.4421063816 0.0
57850.5386806 72.0127744015 0.0 71.9886281367 0.0
57850.5387963 71.6002501462 0.0 71.5536984858 0.0
57850.5388889 71.6743576602 0.0 71.7524261611 0.0
57850.5389236 71.7488132027 0.0 71.9529520381 0.0
57850.5390394 71.6174767986 0.0 71.8857535399 0.0
57850.5391551 71.7642168006 0.0 71.6808968903 0.0
57850.5392708 71.5076005261 0.0 71.5497036821 0.0
57850.5393981 72.2537698394 0.0 71.741726854 0.0
57850.5395139 74.9086072558 0.0 74.4818212586 0.0
57850.5395833 73.4259628674 0.0 73.653281787 0.0
57850.5396296 72.0123975229 0.0 72.8360700477 0.0
57850.5397569 75.4459007833 0.0 74.9010055139 0.0
57850.5398727 73.2430689485 0.0 73.1292081182 0.0
57850.5399884 72.0936357247 0.0 72.6245666562 0.0
57850.5401157 71.9616859308 0.0 71.9946350293 0.0
57850.5402315 71.6165927911 0.0 71.8522114969 0.0
57850.5402778 71.8693316374 0.0 72.2055530275 0.0
57850.5403472 72.1354698051 0.0 72.5750302515 0.0
57850.5404745 72.7204099342 0.0 72.4525877109 0.0
57850.5405903 72.3607227507 0.0 72.8387472778 0.0
57850.540706 73.3836321396 0.0 72.82910272 0.0
57850.5408333 75.9274688436 0.0 76.4396279164 0.0
57850.5409491 72.3245664349 0.0 72.1466325202 0.0
57850.5409722 72.2678796769 0.0 72.1133215502 0.0
57850.5410648 72.2100592023 0.0 72.0788017104 0.0
57850.5411921 74.2188295044 0.0 74.4994393603 0.0
57850.5413079 71.9084976272 0.0 71.7756079389 0.0
57850.5414236 76.1218621882 0.0 76.2089396856 0.0
57850.5415509 75.4495793096 0.0 76.0128327653 0.0
57850.5416667 75.4996881583 0.0 76.5376299738 0.0
57850.5479977 72.5885824218 0.0 72.3701695936 0.0
57850.5481134 70.6835112102 0.0 71.0851367938 0.0
57850.5482407 74.2821846811 0.0 73.080206 0.0
57850.5483565 75.0190551527 0.0 75.5609448723 0.0
57850.5484722 72.8275224349 0.0 73.0386296284 0.0
57850.5485995 77.5449051776 0.0 76.8855194689 0.0
57850.5486111 77.1214027232 0.0 77.3105297291 0.0
57850.5487153 76.7192593486 0.0 77.7576147268 0.0
57850.548831 78.5899135386 0.0 79.260643279 0.0
57850.5489583 71.4846707204 0.0 71.507453178 0.0
57850.5490741 74.3704096466 0.0 73.8631877121 0.0
57850.5491898 71.7310610266 0.0 71.4783287438 0.0
57850.5493056 71.4057704111 0.0 71.3158805176 0.0
57850.5493171 71.0746591902 0.0 71.1442455438 0.0
57850.5494329 70.7326054447 0.0 70.7968835614 0.0
57850.5495486 71.4392894771 0.0 71.2838154633 0.0
57850.5496759 70.8711856963 0.0 70.8854567947 0.0
57850.5497917 71.6440756309 0.0 71.5435628201 0.0
57850.5499074 71.9580954723 0.0 72.1520691457 0.0
57850.55 71.8556737774 0.0 71.8333501029 0.0
57850.5500347 71.7323199123 0.0 71.4974929351 0.0
57850.5501505 71.517748021 0.0 71.4021331754 0.0
57850.5502662 73.5650255216 0.0 73.8415583869 0.0
57850.5503935 74.5986120782 0.0 74.6763622775 0.0
57850.5505093 70.9318551851 0.0 71.0432812165 0.0
57850.550625 70.8825972224 0.0 71.1721335285 0.0
57850.5506944 72.1538693834 0.0 72.1638454699 0.0
57850.5507523 73.5365587106 0.0 73.2380796922 0.0
57850.5508681 70.6598873761 0.0 70.7612965398 0.0
57850.5509838 71.769553691 0.0 72.272946287 0.0
57850.5511111 73.0524871787 0.0 72.9954110133 0.0
57850.5512269 71.5915343529 0.0 72.6035575575 0.0
57850.5513426 71.0343483957 0.0 71.4512153361 0.0
57850.5513889 71.3640502144 0.0 71.5724442296 0.0
57850.5514699 71.6721171098 0.0 71.668186387 0.0
57850.5515856 77.1922788496 0.0 76.7876261972 0.0
57850.5517014 72.3389710668 0.0 72.1465014398 0.0
57850.5518287 73.9459266289 0.0 74.4869272289 0.0
57850.5519444 73.339739221 0.0 74.1178405986 0.0
57850.5520602 71.4643866972 0.0 71.7454248297 0.0
57850.5520833 72.2242706921 0.0 72.0631520335 0.0
57850.5521875 73.0257272268 0.0 72.4014730513 0.0
57850.5523032 71.4329418336 0.0 71.8444817992 0.0
57850.552419 71.4136343005 0.0 71.4923572699 0.0
57850.5525347 70.6393127727 0.0 70.6740874862 0.0
57850.552662 71.2139828685 0.0 71.4435206649 0.0
57850.5527778 71.241851499 0.0 71.4016175237 0.0
57850.5528935 73.0605381447 0.0 72.6998078264 0.0
57850.5530208 71.0798347916 0.0 70.9629515733 0.0
57850.5531366 70.7792606065 0.0 70.9798793321 0.0
57850.5532523 72.1225111876 0.0 72.055341301 0.0
57850.5533796 71.4292755248 0.0 71.4244002215 0.0
57850.5534722 71.5416491493 0.0 71.4374712668 0.0
57850.5534954 71.6747045547 0.0 71.4704749879 0.0
57850.5536111 71.3988473506 0.0 71.7367981652 0.0
57850.5537384 71.4872879259 0.0 71.6189522473 0.0
57850.5538542 72.6284265698 0.0 73.4248121414 0.0
57850.5539699 71.5845410406 0.0 71.459006934 0.0
57850.5540972 70.4906672121 0.0 70.277724458 0.0
57850.5541667 70.9588991389 0.0 71.0271189195 0.0
57850.5598264 70.03519376 0.0 70.1084887014 0.0
57850.5599537 70.0812519081 0.0 70.1174699914 0.0
57850.5600694 70.6099227092 0.0 70.6016739674 0.0
57850.5601852 70.3342237392 0.0 70.2221442851 0.0
57850.5603125 70.3635382069 0.0 70.3601689239 0.0
57850.5604167 70.1652102612 0.0 70.1725403131 0.0
57850.5604282 69.9417807966 0.0 69.9596229478 0.0
57850.560544 70.9382943832 0.0 71.3223024516 0.0
57850.5606713 71.0910120198 0.0 70.9593654495 0.0
57850.560787 70.3925613258 0.0 70.2556487551 0.0
57850.5609028 70.5438692517 0.0 70.8836659746 0.0
57850.5610301 70.1930734047 0.0 69.9662922699 0.0
57850.5611111 70.0678320986 0.0 69.9581631191 0.0
57850.5611458 69.9541925263 0.0 69.9610861837 0.0
57850.5612616 71.0145671605 0.0 70.9726722126 0.0
57850.5613773 70.0829145085 0.0 70.0971609197 0.0
57850.5615046 70.8817309326 0.0 71.0781826934 0.0
57850.5616204 70.0174229032 0.0 69.8633765001 0.0
57850.5617361 70.0829107772 0.0 70.1064655863 0.0
57850.5618056 70.8606066584 0.0 70.6051273775 0.0
57850.5618634 71.6620722698 0.0 71.1117903937 0.0
57850.5619792 70.2732133106 0.0 69.9745956687 0.0
57850.5620949 69.8377246408 0.0 69.9911566557 0.0
57850.5622222 70.0728379973 0.0 70.1164212649 0.0
57850.562338 72.8445695093 0.0 72.7600716533 0.0
57850.5624537 71.1689066377 0.0 70.8432114744 0.0
57850.5625 70.6667605526 0.0 70.6401153736 0.0
57850.562581 70.1887899953 0.0 70.4526543716 0.0
57850.5626968 70.2073756239 0.0 70.0456280292 0.0
57850.5628125 69.9930880087 0.0 70.1183696117 0.0
57850.5629398 69.8877597652 0.0 69.9689371078 0.0
57850.5630556 69.9961962467 0.0 69.997883118 0.0
57850.5631713 70.2211437816 0.0 70.2258344557 0.0
57850.5631944 70.3870612258 0.0 70.5981145782 0.0
57850.5632986 70.5449863988 0.0 70.9670955866 0.0
57850.5634144 70.8471831903 0.0 70.6054472615 0.0
57850.5635301 70.2007106659 0.0 70.2487092835 0.0
57850.5636574 69.8092451399 0.0 69.8582923496 0.0
57850.5637731 69.9416392216 0.0 69.9294850832 0.0
57850.5638889 70.1628433788 0.0 70.2213034057 0.0
57850.5640162 70.1845249752 0.0 69.9517484413 0.0
57850.5641319 69.9511907904 0.0 69.8801474312 0.0
57850.5642477 70.3601069073 0.0 70.338614921 0.0
57850.564375 70.3931077663 0.0 70.3587100365 0.0
57850.5644907 70.4401982323 0.0 70.6029828973 0.0
57850.5645833 70.3066361306 0.0 70.2625388881 0.0
57850.5646065 70.1459701337 0.0 69.8992630147 0.0
57850.5647338 71.4921662772 0.0 72.8301547575 0.0
57850.5648495 70.6072345798 0.0 70.234567999 0.0
57850.5649653 69.818175191 0.0 69.7180759201 0.0
57850.5650926 70.7013702413 0.0 70.9168675352 0.0
57850.5652083 70.4376285447 0.0 70.3092638989 0.0
57850.5652778 70.1466777617 0.0 69.9584043986 0.0
57850.5715394 69.9815748322 0.0 70.2044502578 0.0
57850.5716551 69.7568475062 0.0 70.3819385212 0.0
57850.5717824 69.3946807976 0.0 69.3576690641 0.0
57850.5718981 69.7022687938 0.0 69.7897608106 0.0
57850.5720139 70.9608368468 0.0 70.5828549083 0.0
57850.5721412 69.698819782 0.0 69.787109132 0.0
57850.5722222 70.0457506134 0.0 70.310288607 0.0
57850.5722569 70.3719077473 0.0 70.8190785029 0.0
57850.5723727 69.6526009206 0.0 69.9332604988 0.0
57850.5725 69.7383544543 0.0 69.8169917642 0.0
57850.5726157 69.8418489804 0.0 70.075671884 0.0
57850.5727315 69.4577208955 0.0 69.9771858108 0.0
57850.5728588 69.5010041079 0.0 69.3393614551 0.0
57850.5729167 69.6172026298 0.0 69.4474089221 0.0
57850.5729745 69.7373744344 0.0 69.5593382875 0.0
57850.5730903 69.8970645378 0.0 70.3370338087 0.0
57850.5732176 70.8863889262 0.0 71.4190498537 0.0
57850.5733333 69.7788641137 0.0 69.8011952262 0.0
57850.5734491 70.5533202195 0.0 70.1595880475 0.0
57850.5735764 69.4912622853 0.0 69.8945178895 0.0
57850.5736111 69.8530812921 0.0 70.00389922 0.0
57850.5736921 70.2109555767 0.0 70.1040518016 0.0
57850.5738079 69.4034923257 0.0 69.8978490012 0.0
57850.5739352 69.9499844746 0.0 69.7921227504 0.0
57850.5740509 72.5652715491 0.0 72.4218926085 0.0
57850.5741667 70.8630263748 0.0 70.3568780078 0.0
57850.574294 73.6450346527 0.0 74.0459039718 0.0
57850.5743056 71.518083797 0.0 71.8543967061 0.0
57850.5744097 69.5708708584 0.0 69.8520966042 0.0
57850.5745255 69.1171527408 0.0 69.1472827955 0.0
57850.5746528 69.308173378 0.0 69.255438133 0.0
57850.5747685 69.1927614133 0.0 69.2606944378 0.0
57850.5748843 70.028959531 0.0 69.6342612584 0.0
57850.575 69.45309397 0.0 69.6352793274 0.0
57850.5751273 69.521126156 0.0 69.1920663588 0.0
57850.5752431 70.0721883132 0.0 70.1920157568 0.0
57850.5753588 72.950148958 0.0 72.2691887183 0.0
57850.5754861 70.2865616459 0.0 70.1265480186 0.0
57850.5756019 70.4426825582 0.0 70.7370877617 0.0
57850.5756944 70.3003790459 0.0 70.2853254243 0.0
57850.5757176 70.1608324423 0.0 69.8439652082 0.0
57850.5758449 70.0003163493 0.0 71.3284785202 0.0
57850.5759606 69.7689502358 0.0 69.4763527324 0.0
57850.5760764 70.0012400176 0.0 69.6187855324 0.0
57850.5762037 69.6529985715 0.0 69.9542757592 0.0
57850.5763194 69.4783136813 0.0 69.3336357189 0.0
57850.5763889 70.7725021318 0.0 70.8913072668 0.0
57850.5764352 72.125678749 0.0 72.5426866197 0.0
57850.5765625 69.1012701475 0.0 69.1785087943 0.0
57850.5766782 69.970275539 0.0 69.9810170118 0.0
57850.576794 70.2164334754 0.0 70.29653803 0.0
57850.5769213 69.935261764 0.0 70.2136868851 0.0
57850.577037 70.5132542647 0.0 70.6232830375 0.0
57850.5770833 70.6596041031 0.0 70.8294066402 0.0
57850.5771528 70.824645548 0.0 71.055236211 0.0
57850.5772801 69.300189336 0.0 69.1672171625 0.0
57850.5773958 69.5212768582 0.0 69.1691417397 0.0
57850.5775116 69.6353948937 0.0 69.518230235 0.0
57850.5776389 68.9788971788 0.0 68.9566735059 0.0
57850.5777546 69.6485549312 0.0 69.1256430928 0.0
57850.5777778 69.4938656501 0.0 69.223358117 0.0
57850.5778704 69.349199743 0.0 69.3304659223 0.0
57850.5779977 69.6768959484 0.0 69.5776084024 0.0
57850.5781134 69.7593253981 0.0 69.6298660059 0.0
57850.5782292 69.3240949382 0.0 69.2673416193 0.0
57850.5783565 69.2970542808 0.0 69.2363820329 0.0
57850.5784722 69.2933921236 0.0 69.2958955494 0.0
57850.580625 69.4222919674 0.0 69.1244780089 0.0
57850.5807407 69.0988070664 0.0 69.1557732225 0.0
57850.5808565 69.1742060525 0.0 69.1765329935 0.0
57850.5809838 69.660015913 0.0 69.77640349 0.0
57850.5810995 69.1987308771 0.0 69.1381260594 0.0
57850.5812153 69.5392522968 0.0 69.439697688 0.0
57850.58125 69.6760795754 0.0 69.502054984 0.0
57850.5813426 69.7968113312 0.0 69.547749827 0.0
57850.5814583 69.4353228408 0.0 69.0437968611 0.0
57850.5815741 69.3556317108 0.0 69.2507015849 0.0
57850.5817014 69.6108258247 0.0 69.4212437947 0.0
57850.5818171 69.4338150471 0.0 69.2478528476 0.0
57850.5819329 69.787328857 0.0 69.7415023211 0.0
57850.5819444 69.5075817016 0.0 69.4630522436 0.0
57850.5820602 69.2590321041 0.0 69.2157545433 0.0
57850.5821759 69.101705717 0.0 69.1234356351 0.0
57850.5822917 69.1985786921 0.0 69.5784761618 0.0
57850.582419 69.2875863918 0.0 69.0421615754 0.0
57850.5825347 69.1723747026 0.0 69.1978488322 0.0
57850.5826389 69.1938510274 0.0 69.2277089105 0.0
57850.5826505 69.179323927 0.0 69.22155527 0.0
57850.5827778 69.194991206 0.0 69.1476973297 0.0
57850.5828935 69.5721101807 0.0 69.0696432306 0.0
57850.5830093 70.0341492059 0.0 69.8289537585 0.0
57850.5831366 69.3386978606 0.0 69.0367952182 0.0
57850.5832523 69.4339353919 0.0 69.5482805107 0.0
57850.5833333 69.1840784357 0.0 69.2488524959 0.0
57850.5833681 68.9450645587 0.0 68.9613643572 0.0
57850.5834954 68.906177546 0.0 68.8718355135 0.0
57850.5836111 69.3082072124 0.0 69.185663421 0.0
57850.5837269 68.9024344853 0.0 69.3085555036 0.0
57850.5838426 69.2200670326 0.0 68.9222247464 0.0
57850.5839699 69.7124387179 0.0 69.8359783421 0.0
57850.5840278 69.4717692376 0.0 69.4874358284 0.0
57850.5840856 69.2577265437 0.0 69.168097227 0.0
57850.5842014 68.8551700964 0.0 68.9471645972 0.0
57850.5843287 68.8367777427 0.0 68.9225855 0.0
57850.5844444 69.1403735743 0.0 69.2292595367 0.0
57850.5845602 69.304226076 0.0 69.0192225688 0.0
57850.5846875 69.1072697261 0.0 69.37555545 0.0
57850.5847222 69.5948175082 0.0 69.5241862088 0.0
57850.5848032 70.0693151601 0.0 69.6506059773 0.0
57850.584919 69.309924917 0.0 69.2944258364 0.0
57850.5850463 69.1096946817 0.0 68.934786719 0.0
57850.585162 69.8239328311 0.0 69.3441721344 0.0
57850.5852778 69.3598686562 0.0 69.3019381619 0.0
57850.5854051 68.8968763661 0.0 68.8354507721 0.0
57850.5854167 68.9528573375 0.0 68.8673712291 0.0
57850.5855208 69.0319912649 0.0 68.9222976692 0.0
57850.5856366 69.3543620402 0.0 69.2412941315 0.0
57850.5857639 69.0096164748 0.0 69.0686024978 0.0
57850.5858796 68.9315660057 0.0 68.9574922833 0.0
57850.5859954 69.0355710268 0.0 68.8267059796 0.0
57850.5861111 68.9809829228 0.0 68.8414710331 0.0
57850.5882639 68.8466223863 0.0 69.1867820758 0.0
57850.5883912 68.8458620906 0.0 68.7966849129 0.0
57850.5885069 68.8392188291 0.0 68.8962098159 0.0
57850.5886227 68.8545357329 0.0 68.8625024524 0.0
57850.58875 68.9306248847 0.0 68.7781360754 0.0
57850.5888657 69.1843059588 0.0 69.211095794 0.0
57850.5888889 69.1832516004 0.0 69.1415587039 0.0
57850.5889815 69.1774326352 0.0 69.0674850708 0.0
57850.5891088 68.8566607671 0.0 68.9365247891 0.0
57850.5892245 68.8575582852 0.0 68.8476501778 0.0
57850.5893403 69.1397880167 0.0 69.1223689843 0.0
57850.5894676 68.9329606574 0.0 68.9389289952 0.0
57850.5895833 68.865814088 0.0 68.7919947886 0.0
57850.5896991 68.8836051975 0.0 68.8402188187 0.0
57850.5898264 68.909362049 0.0 69.2234697122 0.0
57850.5899421 69.2168723145 0.0 69.4058087411 0.0
57850.5900579 68.7961307706 0.0 68.7421889235 0.0
57850.5901852 68.8901774856 0.0 68.9582660165 0.0
57850.5902778 68.8295668735 0.0 68.8936150452 0.0
57850.5903009 68.7665864574 0.0 68.8266105732 0.0
57850.5904167 68.9995390564 0.0 68.8310379553 0.0
57850.590544 68.9842052864 0.0 69.1483317875 0.0
57850.5906597 68.7313575306 0.0 68.7278064905 0.0
57850.5907755 68.6717904893 0.0 68.7868963902 0.0
57850.5909028 68.6618162518 0.0 68.5893772315 0.0
57850.5909722 68.6913816865 0.0 68.62000145 0.0
57850.5910185 68.7409081334 0.0 68.6705702102 0.0
57850.5911343 68.8265109315 0.0 68.8899765133 0.0
57850.5912616 68.8636843627 0.0 68.8982988324 0.0
57850.5913773 69.0836225961 0.0 69.0337392222 0.0
57850.5914931 69.1120805504 0.0 69.1470323007 0.0
57850.5916204 68.8085821391 0.0 69.0270513712 0.0
57850.5916667 68.9402673914 0.0 69.0907189643 0.0
57850.5917361 69.0849783745 0.0 69.1668552054 0.0
57850.5918519 68.8249484562 0.0 68.9324746038 0.0
57850.5919792 69.0446282777 0.0 68.9332755279 0.0
57850.5920949 68.7629049561 0.0 69.3094039795 0.0
57850.5922106 68.8023601267 0.0 68.9013917421 0.0
57850.592338 69.3057399787 0.0 69.3712020222 0.0
57850.5923611 69.0279409587 0.0 69.1495587621 0.0
57850.5924537 68.7456968544 0.0 68.9221998851 0.0
57850.5925694 68.814599047 0.0 68.7386681352 0.0
57850.5926968 68.8082715013 0.0 68.812345157 0.0
57850.5928125 68.7036612125 0.0 68.7123667035 0.0
57850.5929282 68.8876883267 0.0 68.8684890643 0.0
57850.593044 68.737018549 0.0 68.7826892321 0.0
57850.5930556 68.7168054118 0.0 68.7727383634 0.0
57850.5931713 68.7042837675 0.0 68.7704690038 0.0
57850.593287 68.8501968625 0.0 68.786641661 0.0
57850.5934028 68.9352428515 0.0 68.8191806911 0.0
57850.5935301 68.8416867821 0.0 68.7687913155 0.0
57850.5936458 68.8781083074 0.0 68.8147952478 0.0
57850.59375 68.8744978276 0.0 68.8577182892 0.0
57850.5937616 68.8547522325 0.0 68.8845420976 0.0
57850.5938889 69.0151888355 0.0 69.0728460178 0.0
57850.5940046 68.8703947208 0.0 68.8585908366 0.0
57850.5941204 69.0804267575 0.0 69.0632961565 0.0
57850.5942477 68.9938234917 0.0 68.8136029503 0.0
57850.5943634 68.8221822235 0.0 68.9163892844 0.0
57850.5944444 68.8347102122 0.0 68.8664298479 0.0
57850.5944792 68.845867523 0.0 68.8151922907 0.0
57850.5946065 68.9933124078 0.0 68.9465419292 0.0
57850.5947222 69.1962117966 0.0 69.2234386462 0.0
57850.594838 69.5460847209 0.0 69.3852498086 0.0
57850.5949653 69.8549196621 0.0 69.9789792581 0.0
57850.595081 68.9940708177 0.0 68.9661391771 0.0
57850.5951389 69.1215597914 0.0 68.9362389023 0.0
57850.5972338 68.8870352752 0.0 68.9972169004 0.0
57850.5973495 69.0184213381 0.0 69.017059181 0.0
57850.5974653 68.8573133008 0.0 68.9341416934 0.0
57850.5975926 68.7555267742 0.0 68.8114991771 0.0
57850.5977083 68.9814730272 0.0 69.014102298 0.0
57850.5978241 68.71879705 0.0 68.7201509894 0.0
57850.5979167 68.7297819799 0.0 68.754732928 0.0
57850.5979514 68.7677418998 0.0 68.8163859411 0.0
57850.5980671 68.9339464778 0.0 69.0860582173 0.0
57850.5981829 68.7310075585 0.0 68.7469337498 0.0
57850.5983102 68.8094409147 0.0 68.8439766211 0.0
57850.5984259 68.8576483261 0.0 68.7471477736 0.0
57850.5985417 68.7357474172 0.0 68.6970258235 0.0
57850.5986111 68.7624984712 0.0 68.7487590288 0.0
57850.598669 68.7639077933 0.0 68.7752248415 0.0
57850.5987847 68.9558292532 0.0 68.8937589771 0.0
57850.5989005 68.7101670643 0.0 68.7709609574 0.0
57850.5990278 68.6557542818 0.0 68.6514822637 0.0
57850.5991435 68.6628789012 0.0 68.591987484 0.0
57850.5992593 68.6262125503 0.0 68.7690912547 0.0
57850.5993056 68.6288468284 0.0 68.6547583857 0.0
57850.5993866 68.6720551535 0.0 68.581374731 0.0
57850.5995023 68.6343551073 0.0 68.7091965824 0.0
57850.5996181 68.6616511526 0.0 68.6881658512 0.0
57850.5997454 68.707145691 0.0 68.7530121158 0.0
57850.5998611 68.7017416883 0.0 68.7195221389 0.0
57850.5999769 68.8119610678 0.0 68.7562359935 0.0
57850.6 68.7975258567 0.0 68.7994662407 0.0
57850.6001042 68.7437268338 0.0 68.803304986 0.0
57850.6002199 68.7876112029 0.0 68.7616748851 0.0
57850.6003356 68.7169601772 0.0 68.6730412607 0.0
57850.600463 69.0442255804 0.0 69.1546725609 0.0
57850.6005787 68.7570920997 0.0 68.7749743584 0.0
57850.6006944 68.6165372851 0.0 68.6983450383 0.0
57850.6104977 68.8799708769 0.0 68.682352515 0.0
57850.6106134 68.6218459895 0.0 68.8059357178 0.0
57850.6107292 68.6916620413 0.0 68.5785340613 0.0
57850.6108565 68.632613829 0.0 68.6723726254 0.0
57850.6109722 68.9434355831 0.0 68.9457702909 0.0
57850.611088 68.6478805864 0.0 68.6100016543 0.0
57850.6111111 68.6296177608 0.0 68.592887452 0.0
57850.6112153 68.6275814086 0.0 68.5919906111 0.0
57850.611331 68.6227493256 0.0 68.640798269 0.0
57850.6114468 68.5694989409 0.0 68.5959352003 0.0
57850.6115741 68.5978904486 0.0 68.6524835239 0.0
57850.6116898 68.5163320676 0.0 68.5814095145 0.0
57850.6118056 68.9169917872 0.0 68.6006030586 0.0
57850.6119329 68.8697462896 0.0 68.6565279271 0.0
57850.6120486 68.8329092077 0.0 68.6906871053 0.0
57850.6121644 68.5934394239 0.0 68.6488898526 0.0
57850.6122917 68.7315731087 0.0 68.6737774554 0.0
57850.6124074 68.587865246 0.0 68.5697287438 0.0
57850.6125 68.5933989171 0.0 68.5730600163 0.0
57850.6125231 68.6008349366 0.0 68.5782913902 0.0
57850.6126505 68.5592680679 0.0 68.533571299 0.0
57850.6127662 68.5460907419 0.0 68.4615682044 0.0
57850.6128819 68.5769038598 0.0 68.5682608136 0.0
57850.6130093 68.9374862248 0.0 69.0654460856 0.0
57850.613125 68.6632203731 0.0 68.9383084141 0.0
57850.6131944 68.5999877405 0.0 68.7729122766 0.0
57850.6132407 68.5375543553 0.0 68.6093016799 0.0
57850.6133681 68.7213627557 0.0 68.7143390713 0.0
57850.6134838 68.489482835 0.0 68.4294155755 0.0
57850.6135995 68.5056532923 0.0 68.7225452163 0.0
57850.6137269 68.5362889935 0.0 68.5114215296 0.0
57850.6138426 68.5450443796 0.0 68.4743331621 0.0
57850.6138889 68.5862189292 0.0 68.4886067751 0.0
57850.6139583 68.6244592037 0.0 68.4998805327 0.0
57850.6140856 68.4794048236 0.0 68.4373929515 0.0
57850.6142014 68.4526925621 0.0 68.6454747015 0.0
57850.6143171 68.5189649513 0.0 68.5114144942 0.0
57850.6144444 68.4383638904 0.0 68.5141318707 0.0
57850.6145602 68.4647948219 0.0 68.5325992138 0.0
57850.6145833 68.4916150197 0.0 68.455860129 0.0
57850.6146759 68.5349448967 0.0 68.3957823115 0.0
57850.6148032 68.4571544471 0.0 68.4873435972 0.0
57850.614919 68.4744905275 0.0 68.6139735695 0.0
57850.6150347 68.5243515694 0.0 68.4845705616 0.0
57850.6151505 68.9605657967 0.0 68.9685069434 0.0
57850.6152778 68.6355726792 0.0 68.50012454 0.0
57850.6153935 68.4598448435 0.0 68.4352642649 0.0
57850.6155093 68.5073165655 0.0 68.6098073893 0.0
57850.6156366 68.5375967627 0.0 68.5278475585 0.0
57850.6157523 68.5011470488 0.0 68.4795045324 0.0
57850.6158681 68.5671043285 0.0 68.5881803885 0.0
57850.6159722 68.5819758318 0.0 68.6082090934 0.0
57850.6181481 68.8190405411 0.0 68.6580772888 0.0
57850.6182639 68.7030129252 0.0 68.6926643609 0.0
57850.6183796 68.721125973 0.0 68.7313479135 0.0
57850.6185069 68.613452952 0.0 68.5828790807 0.0
57850.6186227 68.58726669 0.0 68.7120528874 0.0
57850.6187384 68.6995762869 0.0 68.6621819053 0.0
57850.61875 68.6859248464 0.0 68.6524885419 0.0
57850.6188657 68.6571009583 0.0 68.6276236803 0.0
57850.6189815 68.7218054987 0.0 68.6765748491 0.0
57850.6190972 68.75658559 0.0 68.7472978524 0.0
57850.6192245 68.7833618399 0.0 68.7698920168 0.0
57850.6193403 68.6484021883 0.0 68.5732254236 0.0
57850.6194444 68.7615897358 0.0 68.7689217525 0.0
57850.619456 68.8714665518 0.0 68.9624675313 0.0
57850.6195718 68.6488843027 0.0 68.5184996917 0.0
57850.6196991 68.4943799519 0.0 68.5265947425 0.0
57850.6198148 68.4837434651 0.0 68.5069759003 0.0
57850.6199306 68.684851423 0.0 68.936353131 0.0
57850.6200579 68.6133971976 0.0 68.5319778862 0.0
57850.6201389 68.6349360166 0.0 68.5114057585 0.0
57850.6201736 68.6806583108 0.0 68.514925644 0.0
57850.6202894 68.5821859888 0.0 68.5863595841 0.0
57850.6204167 68.6959500699 0.0 68.7719157287 0.0
57850.6205324 68.5507227314 0.0 68.6078854506 0.0
57850.6206481 68.6046063614 0.0 68.7400004001 0.0
57850.6207755 68.5392988803 0.0 68.604896334 0.0
57850.6208333 68.6062867163 0.0 68.5563962734 0.0
57850.6208912 68.6493340681 0.0 68.4839903408 0.0
57850.6210069 68.500519655 0.0 68.5650280464 0.0
57850.6211343 68.7896871486 0.0 68.6048687194 0.0
57850.62125 68.5515378164 0.0 68.5051506604 0.0
57850.6213657 68.6649709386 0.0 68.6699347022 0.0
57850.6214931 68.8236474913 0.0 68.6611119339 0.0
57850.6215278 68.9041136871 0.0 68.6635204093 0.0
57850.6216088 69.0047186213 0.0 68.6856301565 0.0
57850.6217245 68.4976801724 0.0 68.5003453422 0.0
57850.6218519 68.5395371592 0.0 68.4874404982 0.0
57850.6219676 68.6678722402 0.0 68.7405101596 0.0
57850.6220833 68.5223357235 0.0 68.4407564175 0.0
57850.6222106 68.6670166892 0.0 68.5769088105 0.0
57850.6222222 68.6075801643 0.0 68.5804013112 0.0
57850.6223264 68.5444784939 0.0 68.5800520268 0.0
57850.6224421 68.5671378942 0.0 68.5674610439 0.0
57850.6225694 68.5550245861 0.0 68.7399539642 0.0
57850.6226852 68.5115693442 0.0 68.8241433873 0.0
57850.6228009 68.7043013864 0.0 68.6975189654 0.0
57850.6229167 68.6515900107 0.0 68.6157064818 0.0
57850.6229282 68.5987390117 0.0 68.5339282691 0.0
57850.623044 68.5097462628 0.0 68.5686042005 0.0
57850.6231597 68.510677759 0.0 68.5640541319 0.0
57850.623287 68.6758325468 0.0 68.6967487513 0.0
57850.6234028 68.5847616749 0.0 68.4971992639 0.0
57850.6235185 68.5557100321 0.0 68.5328160081 0.0
57850.6236111 68.5592715539 0.0 68.5329473173 0.0
57850.6299769 68.6407359518 0.0 68.5920948506 0.0
57850.6300926 68.9440891157 0.0 68.7524742827 0.0
57850.6302083 68.624043782 0.0 68.7928175103 0.0
57850.6303356 68.6036923933 0.0 68.4997131819 0.0
57850.6304514 68.6677425215 0.0 68.4990718988 0.0
57850.6305556 68.635685638 0.0 68.4926786452 0.0
57850.6305671 68.6068269708 0.0 68.4894331704 0.0
57850.6306944 68.6160680526 0.0 68.487384101 0.0
57850.6308102 68.5458859305 0.0 68.4637189247 0.0
57850.6309259 68.4814285993 0.0 68.4748047533 0.0
57850.6310532 68.6539399234 0.0 68.5424720374 0.0
57850.631169 68.7153440725 0.0 68.6818685681 0.0
57850.63125 68.6195378591 0.0 68.6658817026 0.0
57850.6312847 68.5381462399 0.0 68.6639261767 0.0
57850.631412 68.5243915916 0.0 68.5312202503 0.0
57850.6315278 68.4999807007 0.0 68.593261914 0.0
57850.6316435 68.5938650391 0.0 68.5960071579 0.0
57850.6317708 68.8381985674 0.0 68.5746637177 0.0
57850.6318866 68.6680580984 0.0 68.7111133224 0.0
57850.6319444 68.7811038513 0.0 68.7186708253 0.0
57850.6320023 68.872439074 0.0 68.7041273069 0.0
57850.6321296 68.6229866808 0.0 68.8275104228 0.0
57850.6322454 68.6353737223 0.0 68.6247111761 0.0
57850.6323611 68.6096714684 0.0 68.6779372433 0.0
57850.6324884 68.6386923244 0.0 68.600573467 0.0
57850.6326042 68.6801599445 0.0 68.6502965471 0.0
57850.6326389 68.6790550314 0.0 68.6452283921 0.0
57850.6327199 68.697166681 0.0 68.659366353 0.0
57850.6328472 68.8289156169 0.0 68.7524498691 0.0
57850.632963 68.8784717165 0.0 68.9394662222 0.0
57850.6330787 68.6158382372 0.0 68.6947879318 0.0
57850.6331944 68.6718288674 0.0 68.6404543327 0.0
57850.6333218 68.8606224558 0.0 68.7109309135 0.0
57850.6333333 68.7821709966 0.0 68.8089770088 0.0
57850.6334375 68.684317191 0.0 68.887561555 0.0
57850.6335532 68.7634196648 0.0 68.6610809848 0.0
57850.6336806 68.638148642 0.0 68.699018763 0.0
57850.6337963 68.6654754808 0.0 68.6554484145 0.0
57850.633912 68.6918571812 0.0 68.6972451267 0.0
57850.6340278 68.6578291675 0.0 68.6590000291 0.0
57850.6340394 68.6259645615 0.0 68.6229303513 0.0
57850.6341551 68.6692775628 0.0 68.687884725 0.0
57850.6342708 68.6932142719 0.0 68.8086343347 0.0
57850.6343981 68.7125652992 0.0 68.7497015557 0.0
57850.6345139 68.8430994073 0.0 68.8716640717 0.0
57850.6346296 68.8128230492 0.0 68.6795861301 0.0
57850.6347222 68.8934167827 0.0 68.7697304197 0.0
57850.6347569 68.9768021584 0.0 68.862735801 0.0
57850.6348727 68.6410256625 0.0 68.7368492513 0.0
57850.6349884 68.9668614336 0.0 68.7356575149 0.0
57850.6351157 68.6254618709 0.0 68.8013109759 0.0
57850.6352315 68.7553408035 0.0 68.6385740018 0.0
57850.6353472 68.7066372558 0.0 68.7497460795 0.0
57850.6354167 68.6703495477 0.0 68.7492773344 0.0
57850.6376157 68.9518305921 0.0 68.9608395758 0.0
57850.6377431 68.7300299651 0.0 68.704379824 0.0
57850.6378588 68.8433313764 0.0 68.7209051527 0.0
57850.6379745 68.702828377 0.0 68.6772374517 0.0
57850.6381019 68.9103936573 0.0 68.8210947748 0.0
57850.6381944 68.947648089 0.0 68.904101772 0.0
57850.6382176 69.0106568582 0.0 69.0131409805 0.0
57850.6383333 68.7581968495 0.0 68.7470112878 0.0
57850.6384606 68.8916412782 0.0 68.7931945617 0.0
57850.6385764 68.8550806767 0.0 68.8251326552 0.0
57850.6386921 68.7413456517 0.0 68.9641155384 0.0
57850.6388194 68.9292328189 0.0 69.1723073997 0.0
57850.6388889 68.8643537834 0.0 68.9857584071 0.0
57850.6389352 68.7895112499 0.0 68.7906464136 0.0
57850.6390509 68.8326972957 0.0 68.7699703359 0.0
57850.6391782 68.7218254341 0.0 68.9133860582 0.0
57850.639294 68.7120313264 0.0 68.7069897754 0.0
57850.6394097 68.8259742902 0.0 68.7616773792 0.0
57850.639537 68.769362488 0.0 68.7876349717 0.0
57850.6395833 68.7502690977 0.0 68.7519672664 0.0
57850.6396528 68.7336068892 0.0 68.7187712856 0.0
57850.6397685 68.7521922123 0.0 68.7202065262 0.0
57850.6398958 68.7881817393 0.0 68.8310375775 0.0
57850.6400116 68.8697394652 0.0 68.8631177917 0.0
57850.6401273 68.8035755757 0.0 68.8343357925 0.0
57850.6402546 68.8616280159 0.0 68.8299553174 0.0
57850.6402778 68.9582591138 0.0 68.8902240525 0.0
57850.6403704 69.0423644366 0.0 68.9377456841 0.0
57850.6404861 68.9484568428 0.0 68.8598398633 0.0
57850.6406134 68.8441727817 0.0 68.8733625286 0.0
57850.6407292 68.9086906928 0.0 68.9626078393 0.0
57850.6408449 69.2772114912 0.0 68.9738516106 0.0
57850.6409722 68.7100675738 0.0 68.7767932881 0.0
57850.641088 68.849705613 0.0 68.952899765 0.0
57850.6412037 68.9713537927 0.0 68.9063670498 0.0
57850.641331 68.7665282823 0.0 68.7936104955 0.0
57850.6414468 68.8607168348 0.0 69.0758357749 0.0
57850.6415625 68.8445160198 0.0 68.8860234808 0.0
57850.6416667 68.7926969307 0.0 68.8222623211 0.0
57850.6416898 68.7285351655 0.0 68.7462198161 0.0
57850.6418056 68.9468680362 0.0 68.8086397918 0.0
57850.6419213 68.7168881644 0.0 68.7734562386 0.0
57850.642037 68.8629306957 0.0 68.8593337755 0.0
57850.6421644 68.8035680325 0.0 68.7333259998 0.0
57850.6422801 68.7694832684 0.0 68.9208405346 0.0
57850.6423611 68.7447859477 0.0 68.820533789 0.0
57850.6423958 68.7276325651 0.0 68.7281559188 0.0
57850.6425231 68.7155354123 0.0 68.8324813733 0.0
57850.6426389 68.8626703156 0.0 68.740429072 0.0
57850.6427546 68.745338802 0.0 68.7551500616 0.0
57850.6428819 68.8763169021 0.0 68.7460127062 0.0
57850.6429977 68.8082113196 0.0 68.8113025018 0.0
57850.6430556 68.7673092101 0.0 68.7648002833 0.0
57850.6431134 68.7254485689 0.0 68.7173615108 0.0
57850.6432407 68.8628268444 0.0 68.7705602638 0.0
57850.6433565 68.8451448252 0.0 68.8813269834 0.0
57850.6434722 68.9170956222 0.0 68.7683819862 0.0
57850.6435995 68.7375637552 0.0 68.752417412 0.0
57850.6437153 68.7279728422 0.0 68.6958479386 0.0
57850.64375 68.8173296489 0.0 68.7410378959 0.0
57850.643831 68.8955770424 0.0 68.7748801453 0.0
57850.6439583 68.7958125324 0.0 68.7548863936 0.0
57850.6440741 68.7469933815 0.0 68.7851492548 0.0
57850.6441898 68.7246588278 0.0 68.7653978539 0.0
57850.6443171 68.6966326904 0.0 68.7314582124 0.0
57850.6444329 68.7797947147 0.0 68.7461828831 0.0
57850.6444444 68.8859167755 0.0 68.8421506491 0.0
57850.6465856 68.7806548675 0.0 68.735142991 0.0
57850.6467014 68.7123271109 0.0 68.689754236 0.0
57850.6468171 68.7925282716 0.0 68.6836911428 0.0
57850.6469444 68.6708643167 0.0 68.6302546768 0.0
57850.6470602 68.7289590566 0.0 68.6750643902 0.0
57850.6471759 69.0032846972 0.0 69.2164190565 0.0
57850.6472222 68.9700302958 0.0 68.9488493668 0.0
57850.6473032 68.954609128 0.0 68.7018190953 0.0
57850.647419 68.7124591613 0.0 68.8334802549 0.0
57850.6475347 69.5239338717 0.0 70.078448877 0.0
57850.647662 69.5916967892 0.0 69.5915202018 0.0
57850.6477778 69.1657532237 0.0 68.8911710889 0.0
57850.6478935 69.3570276612 0.0 69.3711865474 0.0
57850.6479167 69.1820498395 0.0 69.1877149428 0.0
57850.6480208 69.0317058749 0.0 69.0290058743 0.0
57850.6481366 68.688903922 0.0 68.6339374654 0.0
57850.6482523 68.7435946398 0.0 68.6737355253 0.0
57850.6483796 68.6720856681 0.0 68.7223494505 0.0
57850.6484954 68.6605358339 0.0 68.7742273603 0.0
57850.6486111 68.8818095581 0.0 68.7771865156 0.0
57850.6487384 68.7442682702 0.0 68.9112455699 0.0
57850.6488542 69.0504559579 0.0 68.8399814352 0.0
57850.6489699 69.0526585296 0.0 69.1999198482 0.0
57850.6490972 68.7428865702 0.0 68.8495192576 0.0
57850.649213 68.8070895693 0.0 68.6883796504 0.0
57850.6493056 68.7769389985 0.0 68.7030049197 0.0
57850.6493287 68.7690652474 0.0 68.7398910168 0.0
57850.649456 68.7378569931 0.0 68.7904374532 0.0
57850.6495718 68.7391720928 0.0 68.8991360759 0.0
57850.6496875 68.8241496787 0.0 68.7891020875 0.0
57850.6498148 68.7176151798 0.0 68.8774789245 0.0
57850.6499306 68.851162285 0.0 68.8237440496 0.0
57850.65 68.7942121257 0.0 68.7982355588 0.0
