57853.9277894 76.798422523 0.0 79.9937412464 0.0
57853.9340394 76.5707506854 0.0 79.7565967652 0.0
57853.9402894 74.833046198 0.0 78.2185084023 0.0
57853.9465394 76.2392066244 0.0 79.6010106752 0.0
57853.9527894 75.9448233668 0.0 79.1141840368 0.0
57853.969456 76.4523522014 0.0 79.6143136292 0.0
57853.975706 76.5077404195 0.0 79.6719926258 0.0
57853.981956 78.4901411557 0.0 81.6445357426 0.0
57853.988206 79.0105603407 0.0 81.9839675537 0.0
57853.994456 79.5782060101 0.0 82.741478678 0.0
57854.000706 80.3793360725 0.0 83.5488922066 0.0
