57848.1079861 332526.8 332526.8
57848.1080324 351786.0 351786.0
57848.1080787 299794.2 299794.2
57848.108125 252874.5 252874.5
57848.1081944 171443.4 171443.4
57848.1082407 5991.0 5991.0
57848.108287 6089.2 6089.2
57848.1083333 6253.9 6253.9
57848.1084144 6123.3 6123.3
57848.1084491 5604.2 5604.2
57848.1084954 5504.2 5504.2
57848.1085532 5533.9 5533.9
57848.1086227 5536.7 5536.7
57848.108669 5506.1 5506.1
57848.1087037 5560.7 5560.7
57848.1087616 5617.2 5617.2
57848.108831 5560.8 5560.8
57848.1088773 5511.7 5511.7
57848.1089236 5585.3 5585.3
57848.1089699 5694.6 5694.6
57848.1090394 5691.3 5691.3
57848.1090856 5559.4 5559.4
57848.1091319 5590.4 5590.4
57848.1091782 5609.3 5609.3
57848.1092477 5535.3 5535.3
57848.109294 5451.5 5451.5
57848.1093403 5443.1 5443.1
57848.1093866 5455.8 5455.8
57848.109456 5489.1 5489.1
57848.1095023 5467.8 5467.8
57848.1095602 5497.3 5497.3
57848.1095949 5519.8 5519.8
57848.1096644 5477.0 5477.0
57848.1097106 5557.9 5557.9
57848.1097685 5590.1 5590.1
57848.1098148 5527.1 5527.1
57848.1098843 5496.4 5496.4
57848.1099306 5441.1 5441.1
57848.1099769 5449.3 5449.3
57848.1100231 5432.6 5432.6
57848.1100926 5530.4 5530.4
57848.1101389 5608.0 5608.0
57848.1101852 5703.0 5703.0
57848.1102315 5550.7 5550.7
57848.1103009 5481.8 5481.8
57848.1103472 5553.3 5553.3
57848.1103935 5576.0 5576.0
57848.1104398 5607.1 5607.1
57848.1105093 5602.8 5602.8
57848.1105556 5454.8 5454.8
57848.1106019 5458.7 5458.7
57848.1106481 5438.0 5438.0
57848.1107176 5436.8 5436.8
57848.1107755 5449.1 5449.1
57848.1108218 5447.8 5447.8
57848.1108565 5443.0 5443.0
57848.1109259 5426.9 5426.9
57848.1109838 5479.7 5479.7
57848.1110301 5466.8 5466.8
57848.1110764 5442.1 5442.1
57848.1111458 5449.1 5449.1
57848.1111921 5409.1 5409.1
57848.1112384 5429.6 5429.6
57848.1112847 5443.0 5443.0
57848.1113542 5454.7 5454.7
57848.1114005 5412.1 5412.1
57848.1114468 5423.6 5423.6
57848.1114931 5405.6 5405.6
57848.1115625 5418.0 5418.0
57848.1116088 5422.4 5422.4
57848.1116551 5449.8 5449.8
57848.111713 5434.3 5434.3
57848.1117824 5471.3 5471.3
57848.1118171 5545.7 5545.7
57848.1118634 5486.8 5486.8
57848.1119213 5436.9 5436.9
57848.1119907 5420.0 5420.0
57848.112037 5534.9 5534.9
57848.1120718 5541.6 5541.6
57848.1121296 5587.2 5587.2
57848.1121991 5894.9 5894.9
57848.1122454 5780.9 5780.9
57848.1122917 5877.8 5877.8
57848.112338 5742.7 5742.7
57848.1124074 5557.4 5557.4
57848.1124537 5447.0 5447.0
57848.1125 5446.0 5446.0
57848.1125463 5451.0 5451.0
57848.1126157 5551.3 5551.3
57848.112662 5466.4 5466.4
57848.1127083 5483.8 5483.8
57848.1127546 5594.0 5594.0
57848.1128241 5565.9 5565.9
57848.1128704 5419.3 5419.3
57848.1129282 5440.6 5440.6
57848.112963 5520.6 5520.6
57848.113044 5510.3 5510.3
57848.1130787 5407.7 5407.7
57848.1131366 242.5 242.5
57848.1131829 36.9 36.9
57848.1184028 11100.6 11100.6
57848.1184491 40750.4 40750.4
57848.1184954 148910.1 148910.1
57848.1185417 151038.5 151038.5
57848.1186111 106324.1 106324.1
57848.1186574 5766.1 5766.1
57848.1187037 5683.2 5683.2
57848.11875 5621.0 5621.0
57848.118831 5474.7 5474.7
57848.1188657 5351.3 5351.3
57848.118912 5284.8 5284.8
57848.1189699 5240.1 5240.1
57848.1190394 5273.6 5273.6
57848.1190856 5245.4 5245.4
57848.1191204 5273.7 5273.7
57848.1191782 5259.0 5259.0
57848.1192477 5304.7 5304.7
57848.119294 5551.2 5551.2
57848.1193403 5600.1 5600.1
57848.1193866 5622.0 5622.0
57848.119456 5517.2 5517.2
57848.1195023 5459.8 5459.8
57848.1195486 5493.9 5493.9
57848.1195949 5538.9 5538.9
57848.1196644 5412.0 5412.0
57848.1197106 5356.9 5356.9
57848.1197569 5418.1 5418.1
57848.1198032 5440.7 5440.7
57848.1198727 5403.4 5403.4
57848.119919 5266.1 5266.1
57848.1199769 5305.9 5305.9
57848.1200116 5330.2 5330.2
57848.120081 5269.2 5269.2
57848.1201273 5271.9 5271.9
57848.1201852 5302.4 5302.4
57848.1202315 5349.0 5349.0
57848.1203009 5468.3 5468.3
57848.1203472 5261.5 5261.5
57848.1203935 5287.5 5287.5
57848.1204398 5293.0 5293.0
57848.1205093 5221.9 5221.9
57848.1205556 5215.0 5215.0
57848.1206019 5275.6 5275.6
57848.1206481 5267.8 5267.8
57848.1207176 5248.3 5248.3
57848.1207639 5193.6 5193.6
57848.1208102 5200.3 5200.3
57848.1208565 5213.2 5213.2
57848.1209259 5267.2 5267.2
57848.1209722 5223.0 5223.0
57848.1210185 5231.3 5231.3
57848.1210648 5212.3 5212.3
57848.1211343 5234.6 5234.6
57848.1211921 5284.9 5284.9
57848.1212384 5312.8 5312.8
57848.1212731 5345.9 5345.9
57848.1213426 5457.0 5457.0
57848.1214005 5370.1 5370.1
57848.1214468 197.0 197.0
57848.1214931 29.1 29.1
57848.136794 5182.7 5182.7
57848.171875 102925.4 102925.4
57848.1719213 99353.3 99353.3
57848.1719676 102295.1 102295.1
57848.1720139 91514.4 91514.4
57848.1720833 64794.2 64794.2
57848.1721296 5231.0 5231.0
57848.1721759 5148.2 5148.2
57848.1722222 5087.2 5087.2
57848.1723032 4960.8 4960.8
57848.172338 4885.2 4885.2
57848.1723843 4843.8 4843.8
57848.1724421 4881.2 4881.2
57848.1725116 4874.1 4874.1
57848.1725579 4857.5 4857.5
57848.1725926 4885.5 4885.5
57848.1726505 4937.9 4937.9
57848.1727199 4866.5 4866.5
57848.1727662 4811.2 4811.2
57848.1728125 4828.4 4828.4
57848.1728588 4849.7 4849.7
57848.1729282 4842.6 4842.6
57848.1729745 4899.5 4899.5
57848.1730208 4910.5 4910.5
57848.1730671 4902.3 4902.3
57848.1731366 4895.2 4895.2
57848.1731829 5032.2 5032.2
57848.1732292 5057.0 5057.0
57848.1732755 5088.3 5088.3
57848.1733449 4963.3 4963.3
57848.1733912 5032.8 5032.8
57848.1734491 5067.6 5067.6
57848.1734838 5080.3 5080.3
57848.1735532 4961.9 4961.9
57848.1735995 4893.7 4893.7
57848.1736574 4911.6 4911.6
57848.1737037 4916.4 4916.4
57848.1737731 4889.5 4889.5
57848.1738194 4904.0 4904.0
57848.1738657 4953.2 4953.2
57848.173912 4981.5 4981.5
57848.1739815 4889.4 4889.4
57848.1740278 4959.4 4959.4
57848.1740741 4936.9 4936.9
57848.1741204 4963.4 4963.4
57848.1741898 4859.9 4859.9
57848.1742361 4886.9 4886.9
57848.1742824 4852.9 4852.9
57848.1743287 4871.5 4871.5
57848.1743981 4910.6 4910.6
57848.1744444 4885.5 4885.5
57848.1744907 4879.3 4879.3
57848.174537 4862.6 4862.6
57848.1746065 4868.6 4868.6
57848.1746644 4906.9 4906.9
57848.1747106 4894.0 4894.0
57848.1747454 4878.5 4878.5
57848.1748148 4856.9 4856.9
57848.1748727 4946.1 4946.1
57848.174919 4945.9 4945.9
57848.1749653 4964.9 4964.9
57848.1767361 102711.2 102711.2
57848.1767824 121717.7 121717.7
57848.1768287 123114.4 123114.4
57848.176875 119302.7 119302.7
57848.1769444 68211.4 68211.4
57848.1769907 5387.4 5387.4
57848.177037 5289.5 5289.5
57848.1770833 5183.0 5183.0
57848.1771644 5077.2 5077.2
57848.1771991 5013.1 5013.1
57848.1772454 4918.1 4918.1
57848.1773032 4912.3 4912.3
57848.1773727 4885.5 4885.5
57848.177419 4990.3 4990.3
57848.1774537 4967.8 4967.8
57848.1775116 4994.2 4994.2
57848.177581 4856.4 4856.4
57848.1776273 4998.6 4998.6
57848.1776736 5128.6 5128.6
57848.1777199 5208.1 5208.1
57848.1777894 5208.5 5208.5
57848.1778356 5041.7 5041.7
57848.1778819 5038.4 5038.4
57848.1779282 5007.0 5007.0
57848.1779977 5038.5 5038.5
57848.178044 5030.3 5030.3
57848.1780903 4979.3 4979.3
57848.1781366 4927.9 4927.9
57848.178206 4945.4 4945.4
57848.1782523 4991.9 4991.9
57848.1783102 4990.9 4990.9
57848.1783449 5094.1 5094.1
57848.1784144 5137.0 5137.0
57848.1784606 4994.0 4994.0
57848.1785185 5088.0 5088.0
57848.1785648 5060.7 5060.7
57848.1786343 4895.3 4895.3
57848.1786806 4885.4 4885.4
57848.1787269 4887.1 4887.1
57848.1787731 4909.2 4909.2
57848.1788426 4950.9 4950.9
57848.1788889 5009.4 5009.4
57848.1789352 5065.7 5065.7
57848.1789815 5048.9 5048.9
57848.1790509 4963.6 4963.6
57848.1790972 4907.8 4907.8
57848.1791435 4966.6 4966.6
57848.1791898 4985.8 4985.8
57848.1792593 4951.6 4951.6
57848.1793056 4973.2 4973.2
57848.1793519 4955.3 4955.3
57848.1793981 4945.8 4945.8
57848.1794676 4855.0 4855.0
57848.1795255 4871.2 4871.2
57848.1795718 4868.7 4868.7
57848.1796065 4855.0 4855.0
57848.1796759 4903.3 4903.3
57848.1797338 4888.7 4888.7
57848.1797801 4917.7 4917.7
57848.1798264 4888.2 4888.2
57848.1798958 4871.4 4871.4
57848.1799421 4931.1 4931.1
57848.1799884 4941.4 4941.4
57848.1800347 4921.1 4921.1
57848.1801042 4919.2 4919.2
57848.1801505 4930.1 4930.1
57848.1801968 4985.0 4985.0
57848.1802431 4973.3 4973.3
57848.1803125 4918.5 4918.5
57848.1803588 4895.2 4895.2
57848.1804051 4897.8 4897.8
57848.180463 4886.7 4886.7
57848.1805324 4859.7 4859.7
57848.1805671 4893.8 4893.8
57848.1806134 5025.4 5025.4
57848.1806713 5081.1 5081.1
57848.1807407 5055.3 5055.3
57848.180787 4859.6 4859.6
57848.1808218 4884.3 4884.3
57848.1808796 5001.5 5001.5
57848.1809491 5028.7 5028.7
57848.1809954 4895.1 4895.1
57848.1810417 4871.3 4871.3
57848.181088 4884.7 4884.7
57848.1811574 4869.4 4869.4
57848.1812037 4856.2 4856.2
57848.18125 4895.5 4895.5
57848.1812963 4875.8 4875.8
57848.1813657 4860.2 4860.2
57848.181412 4830.2 4830.2
57848.1814583 4833.8 4833.8
57848.1815046 4852.0 4852.0
57848.1815741 4856.3 4856.3
57848.1816204 4911.3 4911.3
57848.1816782 4896.6 4896.6
57848.181713 4884.7 4884.7
57848.181794 4855.2 4855.2
57848.1818287 4949.1 4949.1
57848.1818866 5049.3 5049.3
57848.1819329 5119.9 5119.9
57848.1857639 117590.2 117590.2
57848.1858102 106504.0 106504.0
57848.1858565 107944.5 107944.5
57848.1859028 101894.9 101894.9
57848.1859722 71494.6 71494.6
57848.1860185 5098.9 5098.9
57848.1860648 5098.7 5098.7
57848.1861111 5108.8 5108.8
57848.1861921 4962.6 4962.6
57848.1862269 4806.5 4806.5
57848.1862731 4780.5 4780.5
57848.186331 4792.2 4792.2
57848.1864005 4783.5 4783.5
57848.1864468 4774.2 4774.2
57848.1864815 4781.8 4781.8
57848.1865394 4761.1 4761.1
57848.1866088 4776.4 4776.4
57848.1866551 4788.9 4788.9
57848.1867014 4821.0 4821.0
57848.1867477 4803.7 4803.7
57848.1868171 4766.7 4766.7
57848.1868634 4866.6 4866.6
57848.1869097 4871.1 4871.1
57848.186956 4854.6 4854.6
57848.1870255 4792.4 4792.4
57848.1870718 4830.9 4830.9
57848.1871181 4812.7 4812.7
57848.1871644 4807.8 4807.8
57848.1872338 4954.0 4954.0
57848.1872801 5018.8 5018.8
57848.187338 4975.7 4975.7
57848.1873727 4968.2 4968.2
57848.1874421 4814.5 4814.5
57848.1874884 4847.7 4847.7
57848.1875463 4852.4 4852.4
57848.1875926 4859.7 4859.7
57848.187662 4884.4 4884.4
57848.1877083 4868.4 4868.4
57848.1877546 5065.4 5065.4
57848.1878009 5134.0 5134.0
57848.1878704 4989.5 4989.5
57848.1879167 4870.0 4870.0
57848.187963 4850.3 4850.3
57848.1880093 4863.3 4863.3
57848.1880787 4872.7 4872.7
57848.188125 4869.9 4869.9
57848.1881713 4897.1 4897.1
57848.1882176 4929.4 4929.4
57848.188287 5178.1 5178.1
57848.1883333 5056.2 5056.2
57848.1883796 5057.9 5057.9
57848.1884259 5040.9 5040.9
57848.1884954 4906.0 4906.0
57848.1885532 4827.8 4827.8
57848.1885995 4867.8 4867.8
57848.1886343 4864.0 4864.0
57848.1887037 4855.4 4855.4
57848.1887616 5029.1 5029.1
57848.1888079 5196.3 5196.3
57848.1888542 5152.5 5152.5
57848.190625 124132.5 124132.5
57848.1906713 124433.7 124433.7
57848.1907176 118403.2 118403.2
57848.1907639 145942.2 145942.2
57848.1908333 99080.1 99080.1
57848.1908796 5353.0 5353.0
57848.1909259 5250.5 5250.5
57848.1909722 5152.2 5152.2
57848.1910532 5058.3 5058.3
57848.191088 4988.7 4988.7
57848.1911343 4961.3 4961.3
57848.1911921 5120.7 5120.7
57848.1912616 4969.2 4969.2
57848.1913079 4911.5 4911.5
57848.1913426 4878.7 4878.7
57848.1914005 4963.8 4963.8
57848.1914699 5033.2 5033.2
57848.1915162 5063.2 5063.2
57848.1915625 5052.6 5052.6
57848.1916088 5218.5 5218.5
57848.1916782 5163.9 5163.9
57848.1917245 5177.5 5177.5
57848.1917708 5115.5 5115.5
57848.1918171 5005.6 5005.6
57848.1918866 5200.1 5200.1
57848.1919329 5064.6 5064.6
57848.1919792 4951.9 4951.9
57848.1920255 4941.1 4941.1
57848.1920949 4970.5 4970.5
57848.1921412 5054.2 5054.2
57848.1921991 5059.4 5059.4
57848.1922338 5020.8 5020.8
57848.1923032 4893.9 4893.9
57848.1923495 4939.0 4939.0
57848.1924074 5080.9 5080.9
57848.1924537 5084.1 5084.1
57848.1925231 4904.3 4904.3
57848.1925694 4886.4 4886.4
57848.1926157 4923.6 4923.6
57848.192662 5036.7 5036.7
57848.1927315 5077.9 5077.9
57848.1927778 5278.5 5278.5
57848.1928241 5284.3 5284.3
57848.1928704 5195.9 5195.9
57848.1929398 4934.8 4934.8
57848.1929861 5254.3 5254.3
57848.1930324 5266.5 5266.5
57848.1930787 5188.5 5188.5
57848.1931481 5221.6 5221.6
57848.1931944 4852.9 4852.9
57848.1932407 4857.8 4857.8
57848.193287 4886.7 4886.7
57848.1933565 4871.5 4871.5
57848.1934144 4843.6 4843.6
57848.1934606 4854.2 4854.2
57848.1934954 4863.5 4863.5
57848.1935648 4888.1 4888.1
57848.1936227 4867.1 4867.1
57848.193669 4868.8 4868.8
57848.1937153 4862.9 4862.9
57848.1937847 4911.0 4911.0
57848.193831 4869.8 4869.8
57848.1938773 4886.2 4886.2
57848.1939236 5118.7 5118.7
57848.1939931 5092.3 5092.3
57848.1940394 4953.3 4953.3
57848.1940856 4962.8 4962.8
57848.1941319 4971.5 4971.5
57848.1942014 4921.9 4921.9
57848.1942477 4927.3 4927.3
57848.194294 4978.2 4978.2
57848.1943519 4987.6 4987.6
57848.1944213 4902.4 4902.4
57848.194456 4845.4 4845.4
57848.1945023 4889.6 4889.6
57848.1945602 4908.4 4908.4
57848.1946296 4899.0 4899.0
57848.1946759 4946.5 4946.5
57848.1947106 4866.5 4866.5
57848.1947685 4860.3 4860.3
57848.194838 4934.2 4934.2
57848.1948843 5003.4 5003.4
57848.1949306 4990.4 4990.4
57848.1949769 4969.6 4969.6
57848.1950463 5020.3 5020.3
57848.1950926 4917.6 4917.6
57848.1951389 4890.9 4890.9
57848.1951852 4874.6 4874.6
57848.1952546 4918.5 4918.5
57848.1953009 4919.1 4919.1
57848.1953472 4962.8 4962.8
57848.1953935 4941.4 4941.4
57848.195463 4949.1 4949.1
57848.1955093 4894.1 4894.1
57848.1955671 4903.0 4903.0
57848.1956019 4898.6 4898.6
57848.1956829 4953.2 4953.2
57848.1957176 4905.9 4905.9
57848.1957755 4878.6 4878.6
57848.1958218 4942.2 4942.2
57848.201088 213350.5 213350.5
57848.2011343 182980.3 182980.3
57848.2011806 140464.8 140464.8
57848.2012269 212657.3 212657.3
57848.2012963 166452.4 166452.4
57848.2013426 5263.0 5263.0
57848.2013889 5231.9 5231.9
57848.2014352 5144.0 5144.0
57848.2015046 5020.6 5020.6
57848.2015509 5082.0 5082.0
57848.2016088 5299.0 5299.0
57848.2016551 5333.5 5333.5
57848.2017245 5089.7 5089.7
57848.2017593 5072.5 5072.5
57848.2018171 4962.7 4962.7
57848.2018634 5073.0 5073.0
57848.2019329 5254.6 5254.6
57848.2019792 5058.1 5058.1
57848.2020255 4954.4 4954.4
57848.2020718 4903.5 4903.5
57848.2021412 4960.6 4960.6
57848.2021875 4959.1 4959.1
57848.2022338 5022.4 5022.4
57848.2022801 4996.8 4996.8
57848.2023495 4949.9 4949.9
57848.2023958 4923.0 4923.0
57848.2024421 4986.5 4986.5
57848.2024884 5004.2 5004.2
57848.2025579 5002.1 5002.1
57848.2026157 4894.1 4894.1
57848.2026505 4902.0 4902.0
57848.2026968 4896.8 4896.8
57848.2027662 4975.4 4975.4
57848.2028241 5022.7 5022.7
57848.2028704 4927.1 4927.1
57848.2029051 4892.0 4892.0
57848.2029861 4929.6 4929.6
57848.2030324 4957.2 4957.2
57848.2030787 5032.5 5032.5
57848.203125 5045.9 5045.9
57848.2031944 5008.5 5008.5
57848.2032407 4942.0 4942.0
57848.203287 5056.3 5056.3
57848.2033333 5180.0 5180.0
57848.2034028 4971.6 4971.6
57848.2034491 4893.6 4893.6
57848.2034954 4921.5 4921.5
57848.2035417 4910.5 4910.5
57848.2036227 5027.3 5027.3
57848.2036574 5074.7 5074.7
57848.2037037 5183.5 5183.5
57848.2037616 5277.5 5277.5
57848.203831 5075.3 5075.3
57848.2038773 5026.5 5026.5
57848.203912 5085.4 5085.4
57848.2039699 5042.5 5042.5
57848.2040394 5435.9 5435.9
57848.2040856 5313.4 5313.4
57848.2041319 5226.4 5226.4
57848.2041782 5137.8 5137.8
57848.2042477 4939.6 4939.6
57848.204294 5070.1 5070.1
57848.2043403 5105.1 5105.1
57848.2043866 5075.9 5075.9
57848.204456 5083.4 5083.4
57848.2045023 5050.5 5050.5
57848.2045486 5014.5 5014.5
57848.2045949 5051.7 5051.7
57848.2046644 4904.5 4904.5
57848.2047106 4984.5 4984.5
57848.2047685 5031.7 5031.7
57848.2048032 5203.3 5203.3
57848.2048727 5284.2 5284.2
57848.204919 5174.0 5174.0
57848.2049769 5215.0 5215.0
57848.2050231 5330.1 5330.1
57848.2050926 5027.0 5027.0
57848.2051389 4988.4 4988.4
57848.2051852 4955.0 4955.0
57848.2052315 5082.6 5082.6
57848.2053009 4985.9 4985.9
57848.2053472 4943.5 4943.5
57848.2053935 4936.9 4936.9
57848.2054398 4935.7 4935.7
57848.2055093 4881.0 4881.0
57848.2055556 4860.5 4860.5
57848.2056019 4897.3 4897.3
57848.2056481 4860.0 4860.0
57848.2057176 5004.8 5004.8
57848.2057639 4915.0 4915.0
57848.2058102 4940.8 4940.8
57848.2058565 4931.2 4931.2
57848.2059259 4888.0 4888.0
57848.2059838 4893.9 4893.9
57848.2060301 4842.3 4842.3
57848.2060648 4908.3 4908.3
57848.2061343 4964.4 4964.4
57848.2061921 4921.3 4921.3
57848.2062384 4927.3 4927.3
57848.2062847 4984.4 4984.4
57848.2079861 195884.8 195884.8
57848.2080324 188058.1 188058.1
57848.2080787 223227.4 223227.4
57848.208125 250746.2 250746.2
57848.2081944 183723.5 183723.5
57848.2082407 5143.2 5143.2
57848.208287 5104.9 5104.9
57848.2083333 5068.9 5068.9
57848.2084144 4970.5 4970.5
57848.2084491 4985.7 4985.7
57848.2084954 4901.0 4901.0
57848.2085532 4859.2 4859.2
57848.2086227 4856.2 4856.2
57848.208669 4812.1 4812.1
57848.2087037 4899.2 4899.2
57848.2087616 5002.0 5002.0
57848.208831 4988.0 4988.0
57848.2088773 4898.2 4898.2
57848.2089236 4868.1 4868.1
57848.2089699 4870.5 4870.5
57848.2090394 4903.4 4903.4
57848.2090856 4809.1 4809.1
57848.2091319 4796.1 4796.1
57848.2091782 4814.1 4814.1
57848.2092477 4825.4 4825.4
57848.209294 4812.0 4812.0
57848.2093403 4819.1 4819.1
57848.2093866 4808.6 4808.6
57848.209456 4892.1 4892.1
57848.2095023 4841.7 4841.7
57848.2095602 4797.6 4797.6
57848.2095949 4835.9 4835.9
57848.2096644 4858.0 4858.0
57848.2097106 4945.3 4945.3
57848.2097685 4986.9 4986.9
57848.2098148 4975.0 4975.0
57848.2098843 4964.2 4964.2
57848.2099306 4848.9 4848.9
57848.2099769 4897.7 4897.7
57848.2100231 4943.3 4943.3
57848.2100926 4906.2 4906.2
57848.2101389 5019.3 5019.3
57848.2101852 5033.9 5033.9
57848.2102315 5014.5 5014.5
57848.2103009 4934.9 4934.9
57848.2103472 5062.6 5062.6
57848.2103935 4918.7 4918.7
57848.2104398 4849.2 4849.2
57848.2105093 4868.9 4868.9
57848.2105556 4867.9 4867.9
57848.2106019 4897.9 4897.9
57848.2106481 5011.3 5011.3
57848.2107176 4950.3 4950.3
57848.2107755 4823.5 4823.5
57848.2108218 4862.5 4862.5
57848.2108565 4836.0 4836.0
57848.2109259 4966.3 4966.3
57848.2109838 5109.6 5109.6
57848.2110301 5224.6 5224.6
57848.2110764 4952.6 4952.6
57848.2111458 4876.2 4876.2
57848.2111921 4928.8 4928.8
57848.2112384 4880.2 4880.2
57848.2112847 4910.6 4910.6
57848.2113542 4839.2 4839.2
57848.2114005 4855.7 4855.7
57848.2114468 4861.4 4861.4
57848.2114931 4839.3 4839.3
57848.2115625 4831.5 4831.5
57848.2116088 4864.6 4864.6
57848.2116551 4936.6 4936.6
57848.211713 4990.7 4990.7
57848.2117824 4949.2 4949.2
57848.2118171 4924.9 4924.9
57848.2118634 5004.2 5004.2
57848.2119213 4950.3 4950.3
57848.2119907 4943.0 4943.0
57848.212037 5196.6 5196.6
57848.2120718 5188.4 5188.4
57848.2121296 5139.9 5139.9
57848.2121991 4982.6 4982.6
57848.2122454 5087.1 5087.1
57848.2122917 5243.6 5243.6
57848.212338 5351.4 5351.4
57848.2124074 5149.9 5149.9
57848.2124537 4881.6 4881.6
57848.2125 4878.8 4878.8
57848.2125463 4914.7 4914.7
57848.2126157 4940.3 4940.3
57848.212662 4801.5 4801.5
57848.2127083 4852.1 4852.1
57848.2127546 5011.9 5011.9
57848.2128241 4978.2 4978.2
57848.2128704 4899.3 4899.3
57848.2129282 4982.9 4982.9
57848.212963 4976.8 4976.8
57848.213044 4862.2 4862.2
57848.2130787 4907.5 4907.5
57848.2131366 4896.3 4896.3
57848.2131829 4942.1 4942.1
57848.215625 124983.6 124983.6
57848.2156713 148304.4 148304.4
57848.2157176 157073.3 157073.3
57848.2157639 128794.3 128794.3
57848.2158333 84384.9 84384.9
57848.2158796 5063.9 5063.9
57848.2159259 5069.1 5069.1
57848.2159722 4984.0 4984.0
57848.2160532 4908.2 4908.2
57848.216088 4825.8 4825.8
57848.2161343 4775.9 4775.9
57848.2161921 4803.9 4803.9
57848.2162616 4811.3 4811.3
57848.2163079 4746.9 4746.9
57848.2163426 4800.5 4800.5
57848.2164005 4870.1 4870.1
57848.2164699 4903.2 4903.2
57848.2165162 4794.6 4794.6
57848.2165625 4834.6 4834.6
57848.2166088 4883.9 4883.9
57848.2166782 4883.4 4883.4
57848.2167245 4843.5 4843.5
57848.2167708 4913.9 4913.9
57848.2168171 4934.5 4934.5
57848.2168866 4854.2 4854.2
57848.2169329 4836.0 4836.0
57848.2169792 4801.4 4801.4
57848.2170255 4788.5 4788.5
57848.2170949 4779.5 4779.5
57848.2171412 4858.7 4858.7
57848.2171991 4847.0 4847.0
57848.2172338 4810.8 4810.8
57848.2173032 4792.1 4792.1
57848.2173495 4758.1 4758.1
57848.2174074 4789.1 4789.1
57848.2174537 4785.3 4785.3
57848.2175231 4822.1 4822.1
57848.2175694 4900.3 4900.3
57848.2176157 4857.3 4857.3
57848.217662 4845.6 4845.6
57848.2177315 4760.0 4760.0
57848.2177778 4811.9 4811.9
57848.2178241 4824.0 4824.0
57848.2178704 4785.4 4785.4
57848.2179398 4736.3 4736.3
57848.2179861 4740.6 4740.6
57848.2180324 4734.9 4734.9
57848.2180787 4769.4 4769.4
57848.2181481 4745.0 4745.0
57848.2181944 4711.4 4711.4
57848.2182407 4743.9 4743.9
57848.218287 4740.7 4740.7
57848.2183565 4791.1 4791.1
57848.2184144 4755.2 4755.2
57848.2184606 4796.3 4796.3
57848.2184954 4818.4 4818.4
57848.2185648 4754.4 4754.4
57848.2186227 4721.2 4721.2
57848.218669 4731.6 4731.6
57848.2187153 4728.8 4728.8
57848.2211806 152538.0 152538.0
57848.2212269 164877.6 164877.6
57848.2212731 155709.5 155709.5
57848.2213194 153125.5 153125.5
57848.2213889 114659.6 114659.6
57848.2214352 5336.9 5336.9
57848.2214815 5249.3 5249.3
57848.2215278 5189.2 5189.2
57848.2216088 5160.0 5160.0
57848.2216435 5023.1 5023.1
57848.2216898 5200.2 5200.2
57848.2217477 5177.2 5177.2
57848.2218171 5003.5 5003.5
57848.2218634 4898.2 4898.2
57848.2218981 4891.8 4891.8
57848.221956 4957.7 4957.7
57848.2220255 4840.8 4840.8
57848.2220718 4789.8 4789.8
57848.2221181 4805.8 4805.8
57848.2221644 4809.8 4809.8
57848.2222338 4804.1 4804.1
57848.2222801 4808.4 4808.4
57848.2223264 4826.1 4826.1
57848.2223727 4847.5 4847.5
57848.2224421 4823.4 4823.4
57848.2224884 4867.5 4867.5
57848.2225347 4893.5 4893.5
57848.222581 4872.2 4872.2
57848.2226505 4960.0 4960.0
57848.2226968 5057.1 5057.1
57848.2227546 4939.6 4939.6
57848.2227894 4820.0 4820.0
57848.2228588 4965.4 4965.4
57848.2229051 5537.5 5537.5
57848.222963 5286.7 5286.7
57848.2230093 4924.8 4924.8
57848.2230787 4929.9 4929.9
57848.223125 5083.8 5083.8
57848.2231713 5125.1 5125.1
57848.2232176 5259.7 5259.7
57848.223287 5131.9 5131.9
57848.2233333 4936.7 4936.7
57848.2233796 4968.8 4968.8
57848.2234259 4942.1 4942.1
57848.2234954 4991.7 4991.7
57848.2235417 4897.2 4897.2
57848.223588 4906.7 4906.7
57848.2236343 4988.5 4988.5
57848.2237037 5248.3 5248.3
57848.22375 5201.2 5201.2
57848.2237963 5251.6 5251.6
57848.2238426 5212.8 5212.8
57848.223912 4944.1 4944.1
57848.2239699 4890.2 4890.2
57848.2240162 4896.5 4896.5
57848.2240509 4921.1 4921.1
57848.2241204 5065.8 5065.8
57848.2241782 5065.9 5065.9
57848.2242245 5132.4 5132.4
57848.2242708 5655.5 5655.5
57848.2243403 4991.0 4991.0
57848.2243866 5038.6 5038.6
57848.2244329 5027.4 5027.4
57848.2244792 5033.4 5033.4
57848.2245486 5164.5 5164.5
57848.2245949 4955.1 4955.1
57848.2246412 5079.3 5079.3
57848.2246875 5081.6 5081.6
57848.2247569 4941.3 4941.3
57848.2248032 5035.2 5035.2
57848.2248495 5063.4 5063.4
57848.2249074 5093.1 5093.1
57848.2249769 4954.7 4954.7
57848.2250116 4916.4 4916.4
57848.2250579 4988.8 4988.8
57848.2251157 5190.1 5190.1
57848.2251852 5222.6 5222.6
57848.2252315 5049.8 5049.8
57848.2252662 5026.6 5026.6
57848.2253241 4980.8 4980.8
57848.2253935 4851.4 4851.4
57848.2254398 5179.1 5179.1
57848.2254861 5253.9 5253.9
57848.2255324 5280.0 5280.0
57848.2256019 4974.7 4974.7
57848.2256481 4973.3 4973.3
57848.2256944 4901.6 4901.6
57848.2257407 4956.3 4956.3
57848.2258102 4943.0 4943.0
57848.2258565 4948.4 4948.4
57848.2259028 4952.5 4952.5
57848.2259491 4938.2 4938.2
57848.2260185 4869.9 4869.9
57848.2260648 4913.7 4913.7
57848.2261227 4957.0 4957.0
57848.2261574 4953.3 4953.3
57848.2262384 4904.1 4904.1
57848.2262731 5032.5 5032.5
57848.226331 4996.4 4996.4
57848.2263773 4879.7 4879.7
57848.2288194 124247.5 124247.5
57848.2288657 133462.0 133462.0
57848.228912 137322.3 137322.3
57848.2289583 152075.1 152075.1
57848.2290278 88707.8 88707.8
57848.2290741 5203.9 5203.9
57848.2291204 5403.4 5403.4
57848.2291667 5477.9 5477.9
57848.2292477 5118.1 5118.1
57848.2292824 4945.3 4945.3
57848.2293287 4862.1 4862.1
57848.2293866 4921.5 4921.5
57848.229456 4927.2 4927.2
57848.2295023 4995.5 4995.5
57848.229537 4881.1 4881.1
57848.2295949 4845.6 4845.6
57848.2296644 4884.8 4884.8
57848.2297106 5002.1 5002.1
57848.2297569 5126.8 5126.8
57848.2298032 5144.0 5144.0
57848.2298727 4935.0 4935.0
57848.229919 4852.6 4852.6
57848.2299653 4899.0 4899.0
57848.2300116 4916.3 4916.3
57848.230081 4869.7 4869.7
57848.2301273 4974.9 4974.9
57848.2301736 5041.8 5041.8
57848.2302199 5216.4 5216.4
57848.2302894 4975.6 4975.6
57848.2303356 4904.8 4904.8
57848.2303935 5063.9 5063.9
57848.2304282 5115.5 5115.5
57848.2304977 4872.8 4872.8
57848.230544 5036.5 5036.5
57848.2306019 5188.5 5188.5
57848.2306481 5412.7 5412.7
57848.2307176 5246.6 5246.6
57848.2307639 4916.5 4916.5
57848.2308102 4931.8 4931.8
57848.2308565 4916.5 4916.5
57848.2309259 4825.5 4825.5
57848.2309722 4960.2 4960.2
57848.2310185 4866.5 4866.5
57848.2310648 4919.1 4919.1
57848.2311343 4864.9 4864.9
57848.2311806 4863.4 4863.4
57848.2312269 4922.6 4922.6
57848.2312731 5110.9 5110.9
57848.2313426 5183.8 5183.8
57848.2313889 4866.4 4866.4
57848.2314352 4819.6 4819.6
57848.2314815 4856.2 4856.2
57848.2315509 4916.9 4916.9
57848.2316088 4954.8 4954.8
57848.2316551 5097.1 5097.1
57848.2316898 5122.3 5122.3
57848.2317593 5139.5 5139.5
57848.2318171 5046.2 5046.2
57848.2318634 5358.7 5358.7
57848.2319097 5607.3 5607.3
57848.234375 167938.2 167938.2
57848.2344213 179880.3 179880.3
57848.2344676 178276.0 178276.0
57848.2345139 179423.5 179423.5
57848.2345833 140717.4 140717.4
57848.2346296 5260.6 5260.6
57848.2346759 5241.1 5241.1
57848.2347222 5177.5 5177.5
57848.2348032 5205.0 5205.0
57848.234838 5165.1 5165.1
57848.2348843 5023.4 5023.4
57848.2349421 5228.3 5228.3
57848.2350116 5339.1 5339.1
57848.2350579 5287.7 5287.7
57848.2350926 5379.1 5379.1
57848.2351505 5388.4 5388.4
57848.2352199 5326.1 5326.1
57848.2352662 5217.4 5217.4
57848.2353125 5310.1 5310.1
57848.2353588 5178.3 5178.3
57848.2354282 5283.7 5283.7
57848.2354745 5260.3 5260.3
57848.2355208 5158.5 5158.5
57848.2355671 5124.3 5124.3
57848.2356366 5023.8 5023.8
57848.2356829 5130.9 5130.9
57848.2357292 5451.2 5451.2
57848.2357755 5556.9 5556.9
57848.2358449 5095.6 5095.6
57848.2358912 5308.7 5308.7
57848.2359491 5531.0 5531.0
57848.2359838 5491.4 5491.4
57848.2360532 5153.9 5153.9
57848.2360995 5100.4 5100.4
57848.2361574 5121.3 5121.3
57848.2362037 5028.1 5028.1
57848.2362731 5011.5 5011.5
57848.2363194 5143.6 5143.6
57848.2363657 5347.8 5347.8
57848.236412 5446.3 5446.3
57848.2364815 5221.8 5221.8
57848.2365278 4968.0 4968.0
57848.2365741 5004.1 5004.1
57848.2366204 5046.6 5046.6
57848.2366898 5169.0 5169.0
57848.2367361 5261.3 5261.3
57848.2367824 5255.4 5255.4
57848.2368287 5227.2 5227.2
57848.2368981 5033.4 5033.4
57848.2369444 5036.0 5036.0
57848.2369907 5007.8 5007.8
57848.237037 5058.3 5058.3
57848.2371065 5138.2 5138.2
57848.2371644 5184.0 5184.0
57848.2372106 5091.7 5091.7
57848.2372454 5048.3 5048.3
57848.2373148 4962.3 4962.3
57848.2373727 5072.0 5072.0
57848.237419 5189.5 5189.5
57848.2374653 5136.5 5136.5
57848.2375347 5052.8 5052.8
57848.237581 5154.4 5154.4
57848.2376273 5528.5 5528.5
57848.2376736 5975.3 5975.3
57848.2377431 5380.8 5380.8
57848.2377894 5174.6 5174.6
57848.2378356 5225.9 5225.9
57848.2378819 5210.2 5210.2
57848.2379514 5093.9 5093.9
57848.2379977 4967.0 4967.0
57848.238044 5029.3 5029.3
57848.2381019 5102.9 5102.9
57848.2381713 5157.1 5157.1
57848.238206 5284.3 5284.3
57848.2382523 5194.7 5194.7
57848.2383102 5075.0 5075.0
57848.2383796 5079.0 5079.0
57848.2384259 5289.0 5289.0
57848.2384606 5427.7 5427.7
57848.2385185 5365.4 5365.4
57848.238588 5063.1 5063.1
57848.2386343 5072.8 5072.8
57848.2386806 5177.2 5177.2
57848.2387269 5188.9 5188.9
57848.2387963 5167.5 5167.5
57848.2388426 5075.6 5075.6
57848.2388889 5151.9 5151.9
57848.2389352 5303.3 5303.3
57848.2390046 5429.4 5429.4
57848.2390509 5134.2 5134.2
57848.2390972 5016.4 5016.4
57848.2391435 4965.1 4965.1
57848.239213 5095.5 5095.5
57848.2392593 5287.9 5287.9
57848.2393171 5470.9 5470.9
57848.2393519 5418.2 5418.2
57848.2394329 5126.9 5126.9
57848.2394676 4994.5 4994.5
57848.2395255 5039.8 5039.8
57848.2395718 5047.2 5047.2
57848.2420139 118463.4 118463.4
57848.2420602 124272.4 124272.4
57848.2421065 135124.8 135124.8
57848.2421528 128294.1 128294.1
57848.2422222 87466.9 87466.9
57848.2422685 5115.4 5115.4
57848.2423148 5060.7 5060.7
57848.2423611 5070.9 5070.9
57848.2424421 5133.5 5133.5
57848.2424769 5145.9 5145.9
57848.2425231 5110.5 5110.5
57848.242581 5076.5 5076.5
57848.2426505 4868.2 4868.2
57848.2426968 4918.1 4918.1
57848.2427315 5138.6 5138.6
57848.2427894 5380.9 5380.9
57848.2428588 5033.2 5033.2
57848.2429051 4880.4 4880.4
57848.2429514 4963.6 4963.6
57848.2429977 4999.3 4999.3
57848.2430671 4951.4 4951.4
57848.2431134 4864.9 4864.9
57848.2431597 4831.7 4831.7
57848.243206 4864.0 4864.0
57848.2432755 4845.2 4845.2
57848.2433218 5103.4 5103.4
57848.2433681 5056.4 5056.4
57848.2434144 4917.3 4917.3
57848.2434838 4944.0 4944.0
57848.2435301 4850.8 4850.8
57848.243588 4851.8 4851.8
57848.2436227 4802.2 4802.2
57848.2436921 4817.4 4817.4
57848.2437384 4923.7 4923.7
57848.2437963 4899.3 4899.3
57848.2438426 4831.1 4831.1
57848.243912 4766.4 4766.4
57848.2439583 4819.7 4819.7
57848.2440046 4846.8 4846.8
57848.2440509 4841.2 4841.2
57848.2441204 4855.7 4855.7
57848.2441667 4838.4 4838.4
57848.244213 4801.8 4801.8
57848.2442593 4842.8 4842.8
57848.2443287 4918.9 4918.9
57848.244375 5014.1 5014.1
57848.2444213 4988.7 4988.7
57848.2444676 4849.2 4849.2
57848.244537 4795.7 4795.7
57848.2445833 4932.6 4932.6
57848.2446296 4892.4 4892.4
57848.2446759 4979.7 4979.7
57848.2447454 5060.7 5060.7
57848.2448032 4920.0 4920.0
57848.2448495 4926.3 4926.3
57848.2448843 4898.8 4898.8
57848.2449537 4869.5 4869.5
57848.2450116 4930.7 4930.7
57848.2450579 4977.5 4977.5
57848.2451042 4928.1 4928.1
57848.2475694 156160.7 156160.7
57848.2476157 119093.0 119093.0
57848.247662 325739.4 325739.4
57848.2477083 235916.3 235916.3
57848.2477778 120521.1 120521.1
57848.2478241 5545.4 5545.4
57848.2478704 6125.4 6125.4
57848.2479167 6201.2 6201.2
57848.2479977 5480.6 5480.6
57848.2480324 5575.6 5575.6
57848.2480787 6691.4 6691.4
57848.2481366 7219.6 7219.6
57848.248206 6136.7 6136.7
57848.2482523 6614.7 6614.7
57848.248287 5804.0 5804.0
57848.2483449 5144.9 5144.9
57848.2484144 5206.5 5206.5
57848.2484606 5302.5 5302.5
57848.2485069 5230.4 5230.4
57848.2485532 5364.0 5364.0
57848.2486227 5378.9 5378.9
57848.248669 5115.4 5115.4
57848.2487153 5134.3 5134.3
57848.2487616 5262.1 5262.1
57848.248831 5101.9 5101.9
57848.2488773 5166.3 5166.3
57848.2489236 5470.8 5470.8
57848.2489699 5636.3 5636.3
57848.2490394 5458.2 5458.2
57848.2490856 4973.6 4973.6
57848.2491435 4923.6 4923.6
57848.2491782 4954.4 4954.4
57848.2492477 5014.4 5014.4
57848.249294 5327.6 5327.6
57848.2493519 5342.1 5342.1
57848.2493981 5233.2 5233.2
57848.2494676 5000.9 5000.9
57848.2495139 5174.1 5174.1
57848.2495602 5354.0 5354.0
57848.2496065 5542.1 5542.1
57848.2496759 5108.8 5108.8
57848.2497222 4942.7 4942.7
57848.2497685 4959.6 4959.6
57848.2498148 4993.9 4993.9
57848.2498843 4999.6 4999.6
57848.2499306 4920.8 4920.8
57848.2499769 4949.4 4949.4
57848.2500231 5052.6 5052.6
57848.2500926 4929.5 4929.5
57848.2501389 4933.6 4933.6
57848.2501852 4947.0 4947.0
57848.2502315 5047.4 5047.4
57848.2503009 5157.0 5157.0
57848.2503588 4973.1 4973.1
57848.2504051 4912.3 4912.3
57848.2504398 4935.8 4935.8
57848.2505093 5059.4 5059.4
57848.2505671 5146.8 5146.8
57848.2506134 5034.9 5034.9
57848.2506597 4943.7 4943.7
57848.2507292 4969.6 4969.6
57848.2507755 4929.6 4929.6
57848.2508218 4945.9 4945.9
57848.2508681 5023.0 5023.0
57848.2509375 4998.6 4998.6
57848.2509838 5596.7 5596.7
57848.2510301 5270.5 5270.5
57848.2510764 5213.4 5213.4
57848.2511458 5319.0 5319.0
57848.2511921 5144.0 5144.0
57848.2512384 5353.8 5353.8
57848.2512963 5296.6 5296.6
57848.2513657 5190.7 5190.7
57848.2514005 5232.6 5232.6
57848.2514468 5147.8 5147.8
57848.2515046 5089.7 5089.7
57848.2515741 5093.3 5093.3
57848.2516204 4931.3 4931.3
57848.2516551 4964.2 4964.2
57848.251713 4992.3 4992.3
57848.2517824 4951.8 4951.8
57848.2518287 4927.4 4927.4
57848.251875 4973.9 4973.9
57848.2519213 4983.8 4983.8
57848.2519907 4895.7 4895.7
57848.252037 4927.7 4927.7
57848.2520833 4961.5 4961.5
57848.2521296 4966.1 4966.1
57848.2521991 5005.6 5005.6
57848.2522454 4993.6 4993.6
57848.2522917 4983.4 4983.4
57848.252338 4989.7 4989.7
57848.2524074 5144.2 5144.2
57848.2524537 5032.7 5032.7
57848.2525116 5013.4 5013.4
57848.2525463 5032.4 5032.4
57848.2526273 5076.0 5076.0
57848.252662 5112.5 5112.5
57848.2527199 5167.5 5167.5
57848.2527662 5247.0 5247.0
57848.2604398 191936.6 191936.6
57848.2604977 163168.4 163168.4
57848.2605324 159228.5 159228.5
57848.2605787 166006.9 166006.9
57848.2606481 108959.2 108959.2
57848.260706 5449.9 5449.9
57848.2607523 5240.9 5240.9
57848.260787 5087.9 5087.9
57848.2608565 4968.3 4968.3
57848.2609144 4922.9 4922.9
57848.2609606 4954.4 4954.4
57848.2610069 4988.8 4988.8
57848.2610764 4934.7 4934.7
57848.2611227 4811.8 4811.8
57848.261169 4876.7 4876.7
57848.2612153 4916.3 4916.3
57848.2635417 176346.7 176346.7
57848.263588 189985.4 189985.4
57848.2636343 214568.4 214568.4
57848.2636806 163920.3 163920.3
57848.26375 109389.8 109389.8
57848.2637963 5316.9 5316.9
57848.2638426 5295.4 5295.4
57848.2638889 5213.3 5213.3
57848.2639699 5076.1 5076.1
57848.2640046 5203.8 5203.8
57848.2640509 5187.2 5187.2
57848.2641088 5300.5 5300.5
57848.2641782 5188.5 5188.5
57848.2642245 5109.1 5109.1
57848.2642593 5091.3 5091.3
57848.2643171 5045.9 5045.9
57848.2643866 5049.2 5049.2
57848.2644329 5009.0 5009.0
57848.2644792 4990.6 4990.6
57848.2645255 5080.1 5080.1
57848.2645949 5101.1 5101.1
57848.2646412 5049.0 5049.0
57848.2646875 5088.4 5088.4
57848.2647338 5169.5 5169.5
57848.2648032 5392.8 5392.8
57848.2648495 5127.1 5127.1
57848.2648958 5196.1 5196.1
57848.2649421 5211.5 5211.5
57848.2650116 5128.5 5128.5
57848.2650579 5346.6 5346.6
57848.2651157 5493.9 5493.9
57848.2651505 5350.4 5350.4
57848.2652199 5328.2 5328.2
57848.2652662 5194.3 5194.3
57848.2653241 5208.1 5208.1
57848.2653704 5154.4 5154.4
57848.2654398 5156.3 5156.3
57848.2654861 5291.2 5291.2
57848.2655324 5304.7 5304.7
57848.2655787 5259.6 5259.6
57848.2656481 5161.5 5161.5
57848.2656944 5148.5 5148.5
57848.2657407 5040.8 5040.8
57848.265787 5085.3 5085.3
57848.2658565 5029.7 5029.7
57848.2659028 5035.0 5035.0
57848.2659491 5060.4 5060.4
57848.2659954 5066.1 5066.1
57848.2660648 5052.2 5052.2
57848.2661111 5194.4 5194.4
57848.2661574 5141.7 5141.7
57848.2662037 5115.1 5115.1
57848.2662731 5095.5 5095.5
57848.266331 5026.6 5026.6
57848.2663773 5036.2 5036.2
57848.266412 5048.0 5048.0
57848.2664815 5067.8 5067.8
57848.2665394 5085.1 5085.1
57848.2665856 5099.3 5099.3
57848.2666319 5100.4 5100.4
57848.2667014 5108.6 5108.6
57848.2667477 5117.3 5117.3
57848.266794 5152.7 5152.7
57848.2668403 5156.8 5156.8
57848.2669097 5252.0 5252.0
57848.266956 5290.4 5290.4
57848.2670023 5154.2 5154.2
57848.2670486 5131.6 5131.6
57848.2671181 5103.3 5103.3
57848.2671644 5168.4 5168.4
57848.2672106 5201.3 5201.3
57848.2672685 5112.8 5112.8
57848.267338 5090.8 5090.8
57848.2673727 5037.7 5037.7
57848.267419 5021.6 5021.6
57848.2674769 5041.1 5041.1
57848.2675463 5133.0 5133.0
57848.2675926 5137.1 5137.1
57848.2676273 5210.9 5210.9
57848.2676852 5231.2 5231.2
57848.2677546 5165.9 5165.9
57848.2678009 5330.5 5330.5
57848.2678472 5715.0 5715.0
57848.2678935 5567.3 5567.3
57848.267963 5178.2 5178.2
57848.2680093 5473.6 5473.6
57848.2680556 5699.7 5699.7
57848.2681019 5995.4 5995.4
57848.2681713 5365.0 5365.0
57848.2682176 5322.7 5322.7
57848.2682639 5422.8 5422.8
57848.2683102 5599.7 5599.7
57848.2683796 5269.4 5269.4
57848.2684259 5136.4 5136.4
57848.2684838 5169.4 5169.4
57848.2685185 5146.7 5146.7
57848.2685995 5082.6 5082.6
57848.2686343 5128.1 5128.1
57848.2686921 5130.4 5130.4
57848.2687384 5139.7 5139.7
57848.2711806 135870.7 135870.7
57848.2712269 147208.5 147208.5
57848.2712731 169029.3 169029.3
57848.2713194 198900.2 198900.2
57848.2713889 146392.5 146392.5
57848.2714352 5207.4 5207.4
57848.2714815 5152.9 5152.9
57848.2715278 5047.8 5047.8
57848.2716088 4898.0 4898.0
57848.2716435 4888.2 4888.2
57848.2716898 4936.6 4936.6
57848.2717477 4923.4 4923.4
57848.2718171 4919.6 4919.6
57848.2718634 4767.3 4767.3
57848.2718981 4768.7 4768.7
57848.271956 4809.4 4809.4
57848.2720255 4800.2 4800.2
57848.2720718 4810.6 4810.6
57848.2721181 4929.5 4929.5
57848.2721644 4929.5 4929.5
57848.2722338 4777.0 4777.0
57848.2722801 4889.7 4889.7
57848.2723264 4827.1 4827.1
57848.2723727 4884.6 4884.6
57848.2724421 4877.8 4877.8
57848.2724884 4818.5 4818.5
57848.2725347 4838.7 4838.7
57848.272581 4914.7 4914.7
57848.2726505 4841.6 4841.6
57848.2726968 4839.0 4839.0
57848.2727546 4787.7 4787.7
57848.2727894 4863.3 4863.3
57848.2728588 4851.5 4851.5
57848.2729051 4873.2 4873.2
57848.272963 4946.9 4946.9
57848.2730093 4908.5 4908.5
57848.2730787 4872.4 4872.4
57848.273125 4788.3 4788.3
57848.2731713 4902.3 4902.3
57848.2732176 4873.3 4873.3
57848.273287 4800.4 4800.4
57848.2733333 4917.7 4917.7
57848.2733796 4920.5 4920.5
57848.2734259 4873.3 4873.3
57848.2734954 4841.0 4841.0
57848.2735417 4771.6 4771.6
57848.273588 4837.8 4837.8
57848.2736343 4818.2 4818.2
57848.2737037 4823.0 4823.0
57848.27375 5000.2 5000.2
57848.2737963 4810.9 4810.9
57848.2738426 4918.1 4918.1
57848.273912 4815.1 4815.1
57848.2739699 4793.7 4793.7
57848.2740162 4820.3 4820.3
57848.2740509 4812.0 4812.0
57848.2741204 4834.5 4834.5
57848.2741782 4828.2 4828.2
57848.2742245 4838.1 4838.1
57848.2742708 4900.2 4900.2
57848.2767361 250009.7 250009.7
57848.2767824 263705.7 263705.7
57848.2768287 242753.9 242753.9
57848.276875 192623.4 192623.4
57848.2769444 186195.8 186195.8
57848.2769907 5498.3 5498.3
57848.277037 5406.6 5406.6
57848.2770833 5302.7 5302.7
57848.2771644 5213.4 5213.4
57848.2771991 5255.1 5255.1
57848.2772454 5285.8 5285.8
57848.2773032 5294.2 5294.2
57848.2773727 5299.0 5299.0
57848.277419 5172.7 5172.7
57848.2774537 5279.4 5279.4
57848.2775116 5651.7 5651.7
57848.277581 5751.0 5751.0
57848.2776273 5491.7 5491.7
57848.2776736 5517.4 5517.4
57848.2777199 5505.5 5505.5
57848.2777894 5382.5 5382.5
57848.2778356 5819.1 5819.1
57848.2778819 5943.9 5943.9
57848.2779282 5761.0 5761.0
57848.2779977 5537.4 5537.4
57848.278044 5448.5 5448.5
57848.2780903 5374.0 5374.0
57848.2781366 5651.2 5651.2
57848.278206 5756.6 5756.6
57848.2782523 5515.9 5515.9
57848.2783102 5492.0 5492.0
57848.2783449 5519.4 5519.4
57848.2784144 5922.1 5922.1
57848.2784606 6455.0 6455.0
57848.2785185 6413.8 6413.8
57848.2785648 5827.4 5827.4
57848.2786343 5699.9 5699.9
57848.2786806 6364.7 6364.7
57848.2787269 6854.0 6854.0
57848.2787731 7093.9 7093.9
57848.2788426 6617.1 6617.1
57848.2788889 5501.2 5501.2
57848.2789352 5591.1 5591.1
57848.2789815 5491.9 5491.9
57848.2790509 5672.1 5672.1
57848.2790972 5450.5 5450.5
57848.2791435 5282.1 5282.1
57848.2791898 5324.5 5324.5
57848.2792593 5431.9 5431.9
57848.2793056 5250.2 5250.2
57848.2793519 5469.7 5469.7
57848.2793981 5502.1 5502.1
57848.2794676 5328.2 5328.2
57848.2795255 5404.9 5404.9
57848.2795718 5423.3 5423.3
57848.2796065 5363.1 5363.1
57848.2796759 5281.3 5281.3
57848.2797338 5326.6 5326.6
57848.2797801 5237.9 5237.9
57848.2798264 5213.0 5213.0
57848.2798958 5232.5 5232.5
57848.2799421 5379.0 5379.0
57848.2799884 5389.7 5389.7
57848.2800347 5373.4 5373.4
57848.2801042 5229.3 5229.3
57848.2801505 5334.5 5334.5
57848.2801968 5394.9 5394.9
57848.2802431 5384.1 5384.1
57848.2803125 5324.0 5324.0
57848.2803588 5185.1 5185.1
57848.2804051 5209.4 5209.4
57848.280463 5248.4 5248.4
57848.2805324 5313.6 5313.6
57848.2805671 5383.6 5383.6
57848.2806134 5345.6 5345.6
57848.2806713 5259.2 5259.2
57848.2807407 5254.5 5254.5
57848.280787 5207.1 5207.1
57848.2808218 5245.7 5245.7
57848.2808796 5249.8 5249.8
57848.2809491 5428.1 5428.1
57848.2809954 5544.0 5544.0
57848.2810417 5477.2 5477.2
57848.281088 5260.3 5260.3
57848.2811574 5118.2 5118.2
57848.2812037 5285.6 5285.6
57848.28125 5427.4 5427.4
57848.2812963 5405.2 5405.2
57848.2813657 5156.4 5156.4
57848.281412 5189.2 5189.2
57848.2814583 5265.3 5265.3
57848.2815046 5361.9 5361.9
57848.2815741 5210.7 5210.7
57848.2816204 5339.8 5339.8
57848.2816782 5555.8 5555.8
57848.281713 5630.7 5630.7
57848.281794 5655.8 5655.8
57848.2818287 5351.7 5351.7
57848.2818866 213.7 213.7
57848.2819329 31.1 31.1
57848.284375 605.1 605.1
57848.2844213 6077.8 6077.8
57848.2844676 172752.0 172752.0
57848.2845139 165092.6 165092.6
57848.2845833 138864.3 138864.3
57848.2846296 5031.4 5031.4
57848.2846759 5055.3 5055.3
57848.2847222 4998.3 4998.3
57848.2848032 5066.4 5066.4
57848.284838 4945.6 4945.6
57848.2848843 4955.0 4955.0
57848.2849421 5007.8 5007.8
57848.2850116 4973.5 4973.5
57848.2850579 5092.0 5092.0
57848.2850926 5143.2 5143.2
57848.2851505 5298.0 5298.0
57848.2852199 4994.2 4994.2
57848.2852662 4879.5 4879.5
57848.2853125 4962.3 4962.3
57848.2853588 4968.2 4968.2
57848.2854282 4877.6 4877.6
57848.2854745 4904.9 4904.9
57848.2855208 4884.8 4884.8
57848.2855671 4960.2 4960.2
57848.2856366 4952.2 4952.2
57848.2856829 4926.7 4926.7
57848.2857292 5003.9 5003.9
57848.2857755 5046.0 5046.0
57848.2858449 4847.8 4847.8
57848.2858912 5072.9 5072.9
57848.2859491 5109.4 5109.4
57848.2859838 4999.7 4999.7
57848.2860532 4872.1 4872.1
57848.2860995 4931.4 4931.4
57848.2861574 4943.7 4943.7
57848.2862037 4913.3 4913.3
57848.2862731 4978.5 4978.5
57848.2863194 4912.5 4912.5
57848.2863657 4854.3 4854.3
57848.286412 4847.6 4847.6
57848.2864815 5027.6 5027.6
57848.2865278 5057.5 5057.5
57848.2865741 4885.1 4885.1
57848.2866204 4939.1 4939.1
57848.2866898 4948.4 4948.4
57848.2867361 4999.1 4999.1
57848.2867824 5026.0 5026.0
57848.2868287 4912.5 4912.5
57848.2868981 5251.4 5251.4
57848.2869444 5150.9 5150.9
57848.2869907 5159.7 5159.7
57848.287037 5106.7 5106.7
57848.2871065 4942.0 4942.0
57848.2871644 4956.8 4956.8
57848.2872106 5073.8 5073.8
57848.2872454 5294.6 5294.6
57848.2873148 5174.1 5174.1
57848.2873727 5169.8 5169.8
57848.287419 5237.2 5237.2
57848.2874653 5246.4 5246.4
57848.2899306 303986.4 303986.4
57848.2899769 425166.7 425166.7
57848.2900231 467042.6 467042.6
57848.2900694 426093.2 426093.2
57848.2901389 304032.4 304032.4
57848.2901852 5514.1 5514.1
57848.2902315 5526.6 5526.6
57848.2902778 5509.8 5509.8
57848.2903588 5527.3 5527.3
57848.2903935 5309.3 5309.3
57848.2904398 5264.6 5264.6
57848.2904977 5242.6 5242.6
57848.2905671 5209.7 5209.7
57848.2906134 5331.6 5331.6
57848.2906481 5459.9 5459.9
57848.290706 5582.5 5582.5
57848.2907755 5490.4 5490.4
57848.2908218 5322.6 5322.6
57848.2908681 5341.5 5341.5
57848.2909144 5464.6 5464.6
57848.2909838 5411.8 5411.8
57848.2910301 5762.2 5762.2
57848.2910764 5773.0 5773.0
57848.2911227 5635.6 5635.6
57848.2911921 5333.2 5333.2
57848.2912384 5318.3 5318.3
57848.2912847 5445.4 5445.4
57848.291331 5541.3 5541.3
57848.2914005 5621.1 5621.1
57848.2914468 5376.0 5376.0
57848.2915046 5308.4 5308.4
57848.2915394 5319.2 5319.2
57848.2916088 5209.7 5209.7
57848.2916551 5253.2 5253.2
57848.291713 5265.0 5265.0
57848.2917593 5275.8 5275.8
57848.2918287 5275.6 5275.6
57848.291875 5257.2 5257.2
57848.2919213 5293.4 5293.4
57848.2919676 5243.2 5243.2
57848.292037 5344.8 5344.8
57848.2920833 5273.7 5273.7
57848.2921296 5285.3 5285.3
57848.2921759 5313.6 5313.6
57848.2922454 5295.2 5295.2
57848.2922917 5295.3 5295.3
57848.292338 5301.0 5301.0
57848.2923843 5257.5 5257.5
57848.2924537 5309.2 5309.2
57848.2925 5419.8 5419.8
57848.2925463 5498.2 5498.2
57848.2925926 5465.3 5465.3
57848.292662 5315.8 5315.8
57848.2927199 5362.8 5362.8
57848.2927662 5511.5 5511.5
57848.2928009 5371.9 5371.9
57848.2928704 5313.5 5313.5
57848.2929282 5372.4 5372.4
57848.2929745 5280.3 5280.3
57848.2930208 5296.7 5296.7
57848.2930903 5460.3 5460.3
57848.2931366 5446.2 5446.2
57848.2931829 5487.7 5487.7
57848.2932292 5399.6 5399.6
57848.2932986 5481.9 5481.9
57848.2933449 5555.9 5555.9
57848.2933912 5599.1 5599.1
57848.2934375 5457.6 5457.6
57848.2935069 5368.9 5368.9
57848.2935532 5458.0 5458.0
57848.2935995 5428.6 5428.6
57848.2936574 5392.7 5392.7
57848.2937269 5350.6 5350.6
57848.2937616 5342.5 5342.5
57848.2938079 5367.7 5367.7
57848.2938657 5329.2 5329.2
57848.2939352 5302.9 5302.9
57848.2939815 5271.1 5271.1
57848.2940162 5289.5 5289.5
57848.2940741 5275.5 5275.5
57848.2941435 5372.6 5372.6
57848.2941898 5498.7 5498.7
57848.2942361 5465.8 5465.8
57848.2942824 5487.4 5487.4
57848.2943519 5418.7 5418.7
57848.2943981 5460.0 5460.0
57848.2944444 5447.4 5447.4
57848.2944907 5375.0 5375.0
57848.2945602 5311.8 5311.8
57848.2946065 5366.0 5366.0
57848.2946528 5411.5 5411.5
57848.2946991 5391.8 5391.8
57848.2947685 5357.3 5357.3
57848.2948148 5324.6 5324.6
57848.2948727 5331.4 5331.4
57848.2949074 5355.1 5355.1
57848.2949884 5301.9 5301.9
57848.2950231 5305.6 5305.6
57848.295081 5363.8 5363.8
57848.2951273 5466.1 5466.1
57848.2975694 196938.9 196938.9
57848.2976157 233583.0 233583.0
57848.297662 223314.7 223314.7
57848.2977083 164782.9 164782.9
57848.2977778 153794.5 153794.5
57848.2978241 5293.3 5293.3
57848.2978704 5261.8 5261.8
57848.2979167 5150.7 5150.7
57848.2979977 4970.0 4970.0
57848.2980324 4946.7 4946.7
57848.2980787 4908.7 4908.7
57848.2981366 4891.0 4891.0
57848.298206 4844.7 4844.7
57848.2982523 4843.7 4843.7
57848.298287 4840.5 4840.5
57848.2983449 4854.1 4854.1
57848.2984144 4869.7 4869.7
57848.2984606 4923.6 4923.6
57848.2985069 4952.1 4952.1
57848.2985532 4932.6 4932.6
57848.2986227 4904.5 4904.5
57848.298669 4921.3 4921.3
57848.2987153 4978.7 4978.7
57848.2987616 4987.2 4987.2
57848.298831 4952.7 4952.7
57848.2988773 4875.3 4875.3
57848.2989236 4919.6 4919.6
57848.2989699 4942.4 4942.4
57848.2990394 4869.3 4869.3
57848.2990856 4850.1 4850.1
57848.2991435 4864.4 4864.4
57848.2991782 4897.1 4897.1
57848.2992477 4887.1 4887.1
57848.299294 4871.3 4871.3
57848.2993519 4922.0 4922.0
57848.2993981 4966.2 4966.2
57848.2994676 5009.6 5009.6
57848.2995139 4899.3 4899.3
57848.2995602 4892.9 4892.9
57848.2996065 4921.5 4921.5
57848.2996759 4869.1 4869.1
57848.2997222 4874.5 4874.5
57848.2997685 4873.8 4873.8
57848.2998148 4865.2 4865.2
57848.2998843 4862.9 4862.9
57848.2999306 4854.8 4854.8
57848.2999769 4848.9 4848.9
57848.3000231 4871.3 4871.3
57848.3000926 4845.7 4845.7
57848.3001389 4858.8 4858.8
57848.3001852 4857.8 4857.8
57848.3002315 4851.8 4851.8
57848.3003009 4876.2 4876.2
57848.3003588 4927.2 4927.2
57848.3004051 4913.5 4913.5
57848.3004398 4949.2 4949.2
57848.3005093 4885.8 4885.8
57848.3005671 4926.0 4926.0
57848.3006134 4927.4 4927.4
57848.3006597 4866.6 4866.6
57848.3107639 841.3 841.3
57848.3108102 7254.9 7254.9
57848.3108565 141215.5 141215.5
57848.3109028 174608.5 174608.5
57848.3109722 159726.9 159726.9
57848.3110185 5886.8 5886.8
57848.3110648 5922.8 5922.8
57848.3111111 5876.9 5876.9
57848.3111921 5788.9 5788.9
57848.3112269 5686.3 5686.3
57848.3112731 5782.4 5782.4
57848.311331 5770.8 5770.8
57848.3114005 5649.7 5649.7
57848.3114468 5779.6 5779.6
57848.3114815 5963.1 5963.1
57848.3115394 5960.8 5960.8
57848.3116088 5953.8 5953.8
57848.3116551 5737.3 5737.3
57848.3117014 5705.4 5705.4
57848.3117477 5682.0 5682.0
57848.3118171 5623.0 5623.0
57848.3118634 5689.6 5689.6
57848.3119097 5737.1 5737.1
57848.311956 5885.2 5885.2
57848.3120255 6003.9 6003.9
57848.3120718 5722.8 5722.8
57848.3121181 5771.7 5771.7
57848.3121644 5799.8 5799.8
57848.3122338 5665.1 5665.1
57848.3122801 5743.4 5743.4
57848.312338 5763.4 5763.4
57848.3123727 5744.0 5744.0
57848.3124421 5683.9 5683.9
57848.3124884 5612.4 5612.4
57848.3125463 5647.8 5647.8
57848.3125926 5665.2 5665.2
57848.312662 5646.9 5646.9
57848.3127083 5625.1 5625.1
57848.3127546 5669.7 5669.7
57848.3128009 5703.8 5703.8
57848.3128704 5762.2 5762.2
57848.3129167 5744.2 5744.2
57848.312963 5744.1 5744.1
57848.3130093 5726.1 5726.1
57848.3130787 5729.2 5729.2
57848.313125 5791.4 5791.4
57848.3131713 5767.3 5767.3
57848.3132176 5813.4 5813.4
57848.313287 5903.5 5903.5
57848.3133333 5778.2 5778.2
57848.3133796 5766.7 5766.7
57848.3134259 5784.4 5784.4
57848.3134954 5780.0 5780.0
57848.3135532 5806.7 5806.7
57848.3135995 5917.2 5917.2
57848.3136343 6029.0 6029.0
57848.3137037 5962.9 5962.9
57848.3137616 5690.8 5690.8
57848.3138079 130.6 130.6
57848.3138542 17.1 17.1
57848.3163194 157.8 157.8
57848.3163657 1446.9 1446.9
57848.316412 176794.7 176794.7
57848.3164583 218680.6 218680.6
57848.3165278 120263.2 120263.2
57848.3165741 5242.0 5242.0
57848.3166204 5201.3 5201.3
57848.3166667 5090.5 5090.5
57848.3167477 4965.5 4965.5
57848.3167824 4942.2 4942.2
57848.3168287 4901.1 4901.1
57848.3168866 4877.6 4877.6
57848.316956 4843.6 4843.6
57848.3170023 4878.8 4878.8
57848.317037 4873.4 4873.4
57848.3170949 4861.8 4861.8
57848.3171644 4928.6 4928.6
57848.3172106 4958.1 4958.1
57848.3172569 4950.1 4950.1
57848.3173032 4948.7 4948.7
57848.3173727 4913.1 4913.1
57848.317419 4927.0 4927.0
57848.3174653 4986.7 4986.7
57848.3175116 5096.2 5096.2
57848.317581 5042.0 5042.0
57848.3176273 5034.4 5034.4
57848.3176736 5168.6 5168.6
57848.3177199 5076.4 5076.4
57848.3177894 5006.1 5006.1
57848.3178356 5146.9 5146.9
57848.3178935 5034.3 5034.3
57848.3179282 4959.3 4959.3
57848.3179977 4978.9 4978.9
57848.318044 4911.8 4911.8
57848.3181019 4929.0 4929.0
57848.3181481 4915.3 4915.3
57848.3182176 4927.4 4927.4
57848.3182639 4939.3 4939.3
57848.3183102 4953.2 4953.2
57848.3183565 4916.6 4916.6
57848.3184259 4969.3 4969.3
57848.3184722 4902.2 4902.2
57848.3185185 4907.8 4907.8
57848.3185648 4898.8 4898.8
57848.3186343 4880.7 4880.7
57848.3186806 4881.3 4881.3
57848.3187269 4915.0 4915.0
57848.3187731 4935.7 4935.7
57848.3188426 4958.8 4958.8
57848.3188889 4920.0 4920.0
57848.3189352 4908.4 4908.4
57848.3189815 4921.2 4921.2
57848.3190509 4878.9 4878.9
57848.3191088 4893.7 4893.7
57848.3191551 4886.5 4886.5
57848.3191898 4889.3 4889.3
57848.3192593 4870.0 4870.0
57848.3193171 4875.2 4875.2
57848.3193634 4911.6 4911.6
57848.3194097 4891.4 4891.4
57848.3194792 4870.3 4870.3
57848.3195255 4870.4 4870.4
57848.3195718 4903.2 4903.2
57848.3196181 4890.9 4890.9
57848.3196875 4890.9 4890.9
57848.3197338 4883.8 4883.8
57848.3197801 4884.4 4884.4
57848.3198264 4869.6 4869.6
57848.3198958 4884.8 4884.8
57848.3199421 4921.0 4921.0
57848.3199884 4886.0 4886.0
57848.3200463 4878.4 4878.4
57848.3201157 4895.6 4895.6
57848.3201505 4932.2 4932.2
57848.3201968 4950.9 4950.9
57848.3202546 4930.3 4930.3
57848.3203241 4916.1 4916.1
57848.3203704 4918.4 4918.4
57848.3204051 4922.6 4922.6
57848.320463 4961.7 4961.7
57848.3205324 5002.7 5002.7
57848.3205787 4930.6 4930.6
57848.320625 4944.3 4944.3
57848.3206713 4911.2 4911.2
57848.3207407 4933.0 4933.0
57848.320787 4921.8 4921.8
57848.3208333 4927.8 4927.8
57848.3208796 5017.4 5017.4
57848.3209491 5093.2 5093.2
57848.3209954 4960.0 4960.0
57848.3210417 4959.8 4959.8
57848.321088 4971.9 4971.9
57848.3211574 5058.9 5058.9
57848.3212037 5255.0 5255.0
57848.3212616 5777.4 5777.4
57848.3212963 5674.0 5674.0
57848.3213773 5288.5 5288.5
57848.321412 4986.4 4986.4
57848.3214699 4950.4 4950.4
57848.3215162 4939.3 4939.3
57848.3239583 226397.8 226397.8
57848.3240046 365915.6 365915.6
57848.3240509 339156.8 339156.8
57848.3240972 259249.4 259249.4
57848.3241667 160381.0 160381.0
57848.324213 7031.5 7031.5
57848.3242593 7124.8 7124.8
57848.3243056 6859.0 6859.0
57848.3243866 6825.1 6825.1
57848.3244213 6853.4 6853.4
57848.3244676 6747.7 6747.7
57848.3245255 6642.9 6642.9
57848.3245949 6493.7 6493.7
57848.3246412 6492.9 6492.9
57848.3246759 6500.8 6500.8
57848.3247338 6893.7 6893.7
57848.3248032 7570.9 7570.9
57848.3248495 6988.2 6988.2
57848.3248958 6875.5 6875.5
57848.3249421 6939.2 6939.2
57848.3250116 6513.5 6513.5
57848.3250579 6870.5 6870.5
57848.3251042 6666.5 6666.5
57848.3251505 7161.7 7161.7
57848.3252199 6950.9 6950.9
57848.3252662 6441.8 6441.8
57848.3253125 6632.9 6632.9
57848.3253588 6722.6 6722.6
57848.3254282 6498.6 6498.6
57848.3254745 6914.4 6914.4
57848.3255324 7164.9 7164.9
57848.3255671 7231.5 7231.5
57848.3256366 6533.1 6533.1
57848.3256829 6734.0 6734.0
57848.3257407 6867.0 6867.0
57848.325787 7451.1 7451.1
57848.3258565 7519.6 7519.6
57848.3259028 6395.1 6395.1
57848.3259491 6482.9 6482.9
57848.3259954 6579.6 6579.6
57848.3260648 6447.4 6447.4
57848.3261111 6303.3 6303.3
57848.3261574 6344.0 6344.0
57848.3262037 6525.9 6525.9
57848.3262731 6426.4 6426.4
57848.3263194 6395.9 6395.9
57848.3263657 6521.7 6521.7
57848.326412 6533.6 6533.6
57848.3264815 6609.7 6609.7
57848.3265278 6387.8 6387.8
57848.3265741 6344.9 6344.9
57848.3266204 6422.9 6422.9
57848.3266898 6413.0 6413.0
57848.3267477 6523.6 6523.6
57848.326794 6837.2 6837.2
57848.3268287 7115.4 7115.4
57848.3268981 8067.8 8067.8
57848.326956 7327.4 7327.4
57848.3270023 7520.0 7520.0
57848.3270486 7241.6 7241.6
57848.3295139 178266.7 178266.7
57848.3295602 171033.1 171033.1
57848.3296065 174481.4 174481.4
57848.3296528 182461.1 182461.1
57848.3297222 151470.9 151470.9
57848.3297685 5433.1 5433.1
57848.3298148 5382.4 5382.4
57848.3298611 5286.5 5286.5
57848.3299421 5171.4 5171.4
57848.3299769 5166.5 5166.5
57848.3300231 5050.9 5050.9
57848.330081 5045.3 5045.3
57848.3301505 5046.0 5046.0
57848.3301968 5056.9 5056.9
57848.3302315 5072.1 5072.1
57848.3302894 5089.6 5089.6
57848.3303588 5077.6 5077.6
57848.3304051 5150.7 5150.7
57848.3304514 5047.5 5047.5
57848.3304977 5081.7 5081.7
57848.3305671 5121.1 5121.1
57848.3306134 5100.7 5100.7
57848.3306597 5156.2 5156.2
57848.330706 5187.7 5187.7
57848.3307755 5183.4 5183.4
57848.3308218 5190.1 5190.1
57848.3308681 5271.0 5271.0
57848.3309144 5291.2 5291.2
57848.3309838 5296.5 5296.5
57848.3310301 5187.1 5187.1
57848.331088 5260.6 5260.6
57848.3311227 5214.2 5214.2
57848.3311921 5170.0 5170.0
57848.3312384 5422.9 5422.9
57848.3312963 5369.5 5369.5
57848.3313426 5324.8 5324.8
57848.331412 5210.2 5210.2
57848.3314583 5174.1 5174.1
57848.3315046 5186.6 5186.6
57848.3315509 5197.3 5197.3
57848.3316204 5351.9 5351.9
57848.3316667 5332.1 5332.1
57848.331713 5516.6 5516.6
57848.3317593 5546.1 5546.1
57848.3318287 5304.2 5304.2
57848.331875 5209.5 5209.5
57848.3319213 5268.9 5268.9
57848.3319676 5390.3 5390.3
57848.332037 5514.0 5514.0
57848.3320833 5335.0 5335.0
57848.3321296 5356.6 5356.6
57848.3321759 5690.7 5690.7
57848.3322454 5843.2 5843.2
57848.3323032 5204.9 5204.9
57848.3323495 5249.3 5249.3
57848.3323843 5207.4 5207.4
57848.3324537 5234.4 5234.4
57848.3325116 5218.3 5218.3
57848.3325579 5226.5 5226.5
57848.3326042 5283.4 5283.4
57848.3326736 5214.4 5214.4
57848.3327199 5177.8 5177.8
57848.3327662 5206.1 5206.1
57848.3328125 5177.9 5177.9
57848.3328819 5151.5 5151.5
57848.3329282 5253.2 5253.2
57848.3329745 5328.8 5328.8
57848.3330208 5210.6 5210.6
57848.3330903 5175.1 5175.1
57848.3331366 5269.4 5269.4
57848.3331829 5240.2 5240.2
57848.3332407 5205.9 5205.9
57848.3333102 5196.4 5196.4
57848.3333449 5199.3 5199.3
57848.3333912 5226.5 5226.5
57848.3334491 5288.2 5288.2
57848.3335185 5155.7 5155.7
57848.3335648 5206.4 5206.4
57848.3335995 5171.5 5171.5
57848.3336574 5244.4 5244.4
57848.3337269 5307.9 5307.9
57848.3337731 5339.8 5339.8
57848.3338194 5475.7 5475.7
57848.3338657 5665.0 5665.0
57848.3339352 5298.7 5298.7
57848.3339815 5306.6 5306.6
57848.3340278 5532.8 5532.8
57848.3340741 5496.9 5496.9
57848.3341435 5271.1 5271.1
57848.3341898 5383.4 5383.4
57848.3342361 5421.5 5421.5
57848.3342824 5495.4 5495.4
57848.3343519 5482.1 5482.1
57848.3343981 5671.3 5671.3
57848.334456 5644.2 5644.2
57848.3344907 5528.5 5528.5
57848.3345718 5742.4 5742.4
57848.3346065 5318.5 5318.5
57848.3346644 5396.6 5396.6
57848.3347106 5378.5 5378.5
57848.3371528 181222.1 181222.1
57848.3371991 220640.4 220640.4
57848.3372454 238901.2 238901.2
57848.3372917 248027.4 248027.4
57848.3373611 193861.8 193861.8
57848.3374074 7738.0 7738.0
57848.3374537 7859.4 7859.4
57848.3375 7846.5 7846.5
57848.337581 7528.5 7528.5
57848.3376157 7374.0 7374.0
57848.337662 7591.8 7591.8
57848.3377199 7818.9 7818.9
57848.3377894 7496.8 7496.8
57848.3378356 7480.6 7480.6
57848.3378704 7833.6 7833.6
57848.3379282 8331.2 8331.2
57848.3379977 7598.0 7598.0
57848.338044 7434.2 7434.2
57848.3380903 7564.8 7564.8
57848.3381366 7222.9 7222.9
57848.338206 7401.2 7401.2
57848.3382523 7323.3 7323.3
57848.3382986 7345.4 7345.4
57848.3383449 7391.0 7391.0
57848.3384144 7228.8 7228.8
57848.3384606 7823.9 7823.9
57848.3385069 7758.5 7758.5
57848.3385532 7673.0 7673.0
57848.3386227 7996.5 7996.5
57848.338669 7357.0 7357.0
57848.3387269 7394.3 7394.3
57848.3387616 7595.5 7595.5
57848.338831 7424.4 7424.4
57848.3388773 7934.3 7934.3
57848.3389352 7676.2 7676.2
57848.3389815 7660.1 7660.1
57848.3390509 7704.5 7704.5
57848.3390972 7447.5 7447.5
57848.3391435 7532.9 7532.9
57848.3391898 7665.5 7665.5
57848.3392593 7458.5 7458.5
57848.3393056 7469.5 7469.5
57848.3393519 7499.7 7499.7
57848.3393981 7666.7 7666.7
57848.3394676 7788.5 7788.5
57848.3395139 7621.8 7621.8
57848.3395602 7555.5 7555.5
57848.3396065 7542.2 7542.2
57848.3396759 7551.8 7551.8
57848.3397222 7512.7 7512.7
57848.3397685 7620.4 7620.4
57848.3398148 7625.7 7625.7
57848.3398843 7428.2 7428.2
57848.3399421 7789.6 7789.6
57848.3399884 7862.8 7862.8
57848.3400231 7741.7 7741.7
57848.3400926 7546.1 7546.1
57848.3401505 8301.2 8301.2
57848.3401968 8158.7 8158.7
57848.3402431 8454.6 8454.6
57848.3427083 169434.1 169434.1
57848.3427546 212808.2 212808.2
57848.3428009 190707.0 190707.0
57848.3428472 199993.4 199993.4
57848.3429167 111031.5 111031.5
57848.342963 5736.8 5736.8
57848.3430093 5693.0 5693.0
57848.3430556 5717.3 5717.3
57848.3431366 5504.7 5504.7
57848.3431713 5432.0 5432.0
57848.3432176 5710.5 5710.5
57848.3432755 5614.8 5614.8
57848.3433449 5519.7 5519.7
57848.3433912 5421.1 5421.1
57848.3434259 5420.7 5420.7
57848.3434838 5459.2 5459.2
57848.3435532 5451.4 5451.4
57848.3435995 5556.2 5556.2
57848.3436458 5501.1 5501.1
57848.3436921 5512.7 5512.7
57848.3437616 5635.0 5635.0
57848.3438079 5449.7 5449.7
57848.3438542 5745.0 5745.0
57848.3439005 5770.4 5770.4
57848.3439699 5412.6 5412.6
57848.3440162 5471.3 5471.3
57848.3440625 5665.8 5665.8
57848.3441088 5779.1 5779.1
57848.3441782 5758.3 5758.3
57848.3442245 5583.3 5583.3
57848.3442824 5695.8 5695.8
57848.3443171 5782.0 5782.0
57848.3443866 5531.8 5531.8
57848.3444329 5476.0 5476.0
57848.3444907 5561.0 5561.0
57848.344537 5496.3 5496.3
57848.3446065 5452.5 5452.5
57848.3446528 5416.8 5416.8
57848.3446991 5427.8 5427.8
57848.3447454 5473.4 5473.4
57848.3448148 5557.6 5557.6
57848.3448611 5507.2 5507.2
57848.3449074 5795.2 5795.2
57848.3449537 5643.3 5643.3
57848.3450231 5775.0 5775.0
57848.3450694 5445.2 5445.2
57848.3451157 5555.9 5555.9
57848.345162 5427.6 5427.6
57848.3452315 5651.5 5651.5
57848.3452778 6008.4 6008.4
57848.3453241 5643.8 5643.8
57848.3453704 5732.1 5732.1
57848.3454398 5457.8 5457.8
57848.3454977 5626.7 5626.7
57848.345544 5678.9 5678.9
57848.3455787 5627.1 5627.1
57848.3456481 5503.2 5503.2
57848.345706 5654.5 5654.5
57848.3457523 5745.2 5745.2
57848.3457986 5699.0 5699.0
57848.3458681 5527.7 5527.7
57848.3459144 5961.5 5961.5
57848.3459606 5515.1 5515.1
57848.3460069 5587.8 5587.8
57848.3460764 6379.2 6379.2
57848.3461227 5800.1 5800.1
57848.346169 5917.6 5917.6
57848.3462153 5882.6 5882.6
57848.3462847 5471.4 5471.4
57848.346331 5510.7 5510.7
57848.3463773 5552.0 5552.0
57848.3464352 5782.1 5782.1
57848.3465046 5653.4 5653.4
57848.3465394 5586.7 5586.7
57848.3465856 5602.0 5602.0
57848.3466435 5503.1 5503.1
57848.346713 5484.0 5484.0
57848.3467593 5453.4 5453.4
57848.346794 5799.3 5799.3
57848.3468519 5485.6 5485.6
57848.3469213 5493.0 5493.0
57848.3469676 5530.8 5530.8
57848.3470139 5508.0 5508.0
57848.3470602 5605.6 5605.6
57848.3471296 5510.1 5510.1
57848.3471759 5782.8 5782.8
57848.3472222 5690.8 5690.8
57848.3472685 5543.6 5543.6
57848.347338 5773.7 5773.7
57848.3473843 5514.0 5514.0
57848.3474306 5660.1 5660.1
57848.3474769 5643.2 5643.2
57848.3475463 6084.3 6084.3
57848.3475926 5746.6 5746.6
57848.3476505 5563.3 5563.3
57848.3476852 5701.1 5701.1
57848.3477662 5506.2 5506.2
57848.3478009 5780.9 5780.9
57848.3478588 5533.3 5533.3
57848.3479051 5688.3 5688.3
57848.353125 232086.5 232086.5
57848.3531713 243615.2 243615.2
57848.3532176 234254.8 234254.8
57848.3532639 207190.9 207190.9
57848.3533333 216516.1 216516.1
57848.3533796 6448.4 6448.4
57848.3534259 6188.6 6188.6
57848.3534722 6154.4 6154.4
57848.3535532 6101.6 6101.6
57848.353588 6336.9 6336.9
57848.3536343 6290.6 6290.6
57848.3536921 6388.8 6388.8
57848.3537616 6203.5 6203.5
57848.3538079 6296.5 6296.5
57848.3538426 6068.5 6068.5
57848.3539005 5788.3 5788.3
57848.3539699 6242.5 6242.5
57848.3540162 6032.3 6032.3
57848.3540625 5825.8 5825.8
57848.3541088 5839.2 5839.2
57848.3541782 5946.9 5946.9
57848.3542245 5906.2 5906.2
57848.3542708 6195.4 6195.4
57848.3543171 6582.6 6582.6
57848.3543866 6505.8 6505.8
57848.3544329 5995.1 5995.1
57848.3544792 5907.1 5907.1
57848.3545255 5986.3 5986.3
57848.3545949 6426.8 6426.8
57848.3546412 6263.0 6263.0
57848.3546991 6638.7 6638.7
57848.3547338 6104.6 6104.6
57848.3548032 5951.1 5951.1
57848.3548495 6203.1 6203.1
57848.3549074 6125.5 6125.5
57848.3549537 6022.5 6022.5
57848.3550231 5890.0 5890.0
57848.3550694 5854.4 5854.4
57848.3551157 5884.6 5884.6
57848.355162 6003.8 6003.8
57848.3552315 6881.3 6881.3
57848.3552778 7306.4 7306.4
57848.3553241 7923.0 7923.0
57848.3553704 8018.2 8018.2
57848.3554398 6581.9 6581.9
57848.3554861 6683.9 6683.9
57848.3555324 7960.7 7960.7
57848.3555787 7881.5 7881.5
57848.3556481 8316.7 8316.7
57848.3556944 7060.0 7060.0
57848.3557407 8340.7 8340.7
57848.355787 7608.3 7608.3
57848.3558565 6679.5 6679.5
57848.3559144 6641.5 6641.5
57848.3559606 6665.7 6665.7
57848.3559954 6474.9 6474.9
57848.3560648 6338.3 6338.3
57848.3561227 6018.7 6018.7
57848.356169 6268.4 6268.4
57848.3562153 6122.5 6122.5
57848.3562847 6230.7 6230.7
57848.356331 6102.5 6102.5
57848.3563773 6581.9 6581.9
57848.3564236 6247.4 6247.4
57848.3564931 6292.6 6292.6
57848.3565394 6563.7 6563.7
57848.3565856 6316.4 6316.4
57848.3566319 6253.7 6253.7
57848.3567014 6301.3 6301.3
57848.3567477 6042.3 6042.3
57848.356794 6337.7 6337.7
57848.3568519 5979.4 5979.4
57848.3569213 5925.4 5925.4
57848.356956 5963.7 5963.7
57848.3570023 5946.4 5946.4
57848.3570602 5950.2 5950.2
57848.3571296 5896.6 5896.6
57848.3571759 5919.5 5919.5
57848.3572106 6094.8 6094.8
57848.3572685 6359.9 6359.9
57848.357338 6193.4 6193.4
57848.3573843 6064.5 6064.5
57848.3574306 6303.7 6303.7
57848.3574769 6141.8 6141.8
57848.3575463 5990.2 5990.2
57848.3575926 6061.5 6061.5
57848.3576389 6335.7 6335.7
57848.3576852 6297.7 6297.7
57848.3577546 5990.8 5990.8
57848.3578009 6113.8 6113.8
57848.3578472 6380.8 6380.8
57848.3578935 6453.4 6453.4
57848.357963 6254.1 6254.1
57848.3580093 6281.9 6281.9
57848.3580671 6054.9 6054.9
57848.3581019 6062.7 6062.7
57848.3581829 6110.3 6110.3
57848.3582176 6427.7 6427.7
57848.3582755 6074.9 6074.9
57848.3583218 6694.8 6694.8
57848.3600694 313313.8 313313.8
57848.3601157 255127.9 255127.9
57848.360162 189240.7 189240.7
57848.3602083 109759.8 109759.8
57848.3602778 172464.0 172464.0
57848.3603241 6653.1 6653.1
57848.3603704 6577.7 6577.7
57848.3604167 6485.0 6485.0
57848.3604977 6359.4 6359.4
57848.3605324 6368.2 6368.2
57848.3605787 6418.3 6418.3
57848.3606366 6384.2 6384.2
57848.360706 6229.8 6229.8
57848.3607523 6304.6 6304.6
57848.360787 6403.4 6403.4
57848.3608449 6486.0 6486.0
57848.3609144 6263.8 6263.8
57848.3609606 6284.5 6284.5
57848.3610069 6936.0 6936.0
57848.3610532 6203.8 6203.8
57848.3611227 6437.7 6437.7
57848.361169 6392.8 6392.8
57848.3612153 6713.3 6713.3
57848.3612616 6634.8 6634.8
57848.361331 6764.4 6764.4
57848.3613773 6667.8 6667.8
57848.3614236 6753.7 6753.7
57848.3614699 6492.3 6492.3
57848.3615394 6665.0 6665.0
57848.3615856 6231.7 6231.7
57848.3616435 6280.2 6280.2
57848.3616782 7013.9 7013.9
57848.3617477 6855.4 6855.4
57848.361794 6460.2 6460.2
57848.3618519 6659.5 6659.5
57848.3618981 6546.5 6546.5
57848.3619676 6622.2 6622.2
57848.3620139 6247.2 6247.2
57848.3620602 6651.7 6651.7
57848.3621065 6350.3 6350.3
57848.3621759 7075.4 7075.4
57848.3622222 6651.2 6651.2
57848.3622685 6307.7 6307.7
57848.3623148 6569.8 6569.8
57848.3623843 6917.5 6917.5
57848.3624306 6355.8 6355.8
57848.3624769 6446.5 6446.5
57848.3625231 6440.4 6440.4
57848.3625926 6277.1 6277.1
57848.3626389 6243.7 6243.7
57848.3626852 6241.8 6241.8
57848.3627315 6712.5 6712.5
57848.3628009 6308.9 6308.9
57848.3628588 7269.0 7269.0
57848.3629051 7119.6 7119.6
57848.3629398 7860.4 7860.4
57848.3630093 6598.2 6598.2
57848.3630671 6484.0 6484.0
57848.3631134 6433.2 6433.2
57848.3631597 6716.1 6716.1
57848.3632292 7294.7 7294.7
57848.3632755 7486.8 7486.8
57848.3633218 7027.1 7027.1
57848.3633681 7240.8 7240.8
57848.3634375 7063.7 7063.7
57848.3634838 6472.7 6472.7
57848.3635301 6584.3 6584.3
57848.3635764 7082.1 7082.1
57848.3636458 7719.0 7719.0
57848.3636921 6952.5 6952.5
57848.3637384 6989.4 6989.4
57848.3637963 6521.3 6521.3
57848.3638657 6982.3 6982.3
57848.3639005 7736.8 7736.8
57848.3639468 6702.3 6702.3
57848.3640046 6849.4 6849.4
57848.3640741 7389.4 7389.4
57848.3641204 7067.1 7067.1
57848.3641551 6456.9 6456.9
57848.364213 6923.3 6923.3
57848.3642824 7178.7 7178.7
57848.3643287 6652.6 6652.6
57848.364375 7789.3 7789.3
57848.3644213 6423.2 6423.2
57848.3644907 7187.8 7187.8
57848.364537 6479.9 6479.9
57848.3645833 6472.7 6472.7
57848.3646296 6676.8 6676.8
57848.3646991 6447.4 6447.4
57848.3647454 6620.8 6620.8
57848.3647917 7651.0 7651.0
57848.364838 7108.3 7108.3
57848.3649074 7081.4 7081.4
57848.3649537 6986.1 6986.1
57848.3650116 6522.3 6522.3
57848.3650463 7052.4 7052.4
57848.3651273 7221.4 7221.4
57848.365162 6771.7 6771.7
57848.3652199 6787.1 6787.1
57848.3652662 7334.4 7334.4
57848.3670139 251606.2 251606.2
57848.3670602 241016.0 241016.0
57848.3671065 232342.1 232342.1
57848.3671528 281748.7 281748.7
57848.3672222 250439.1 250439.1
57848.3672685 7310.8 7310.8
57848.3673148 7757.3 7757.3
57848.3673611 11090.3 11090.3
57848.3674421 7419.2 7419.2
57848.3674769 7697.8 7697.8
57848.3675231 7751.0 7751.0
57848.367581 6751.3 6751.3
57848.3676505 6725.1 6725.1
57848.3676968 6801.9 6801.9
57848.3677315 6811.2 6811.2
57848.3677894 6823.8 6823.8
57848.3678588 6676.2 6676.2
57848.3679051 6754.8 6754.8
57848.3679514 6763.0 6763.0
57848.3679977 6776.0 6776.0
57848.3680671 6697.0 6697.0
57848.3681134 6787.6 6787.6
57848.3681597 6814.2 6814.2
57848.368206 6891.0 6891.0
57848.3682755 7155.5 7155.5
57848.3683218 7109.5 7109.5
57848.3683681 7615.1 7615.1
57848.3684144 7408.5 7408.5
57848.3684838 6761.4 6761.4
57848.3685301 8258.1 8258.1
57848.368588 7398.6 7398.6
57848.3686227 7759.9 7759.9
57848.3686921 7443.4 7443.4
57848.3687384 6702.8 6702.8
57848.3687963 6717.5 6717.5
57848.3688426 7276.5 7276.5
57848.368912 6724.6 6724.6
57848.3689583 6723.4 6723.4
57848.3690046 7247.6 7247.6
57848.3690509 6949.6 6949.6
57848.3691204 7506.2 7506.2
57848.3691667 7159.9 7159.9
57848.369213 8677.1 8677.1
57848.3692593 6905.9 6905.9
57848.3693287 6897.1 6897.1
57848.369375 7578.3 7578.3
57848.3694213 7270.6 7270.6
57848.3694676 7876.1 7876.1
57848.369537 7258.2 7258.2
57848.3695833 7638.3 7638.3
57848.3696296 7199.1 7199.1
57848.3696759 7193.9 7193.9
57848.3697454 7295.3 7295.3
57848.3698032 6969.0 6969.0
57848.3698495 7048.2 7048.2
57848.3698843 7148.6 7148.6
57848.3699537 7111.5 7111.5
57848.3700116 6918.2 6918.2
57848.3700579 7295.1 7295.1
57848.3701042 7757.9 7757.9
57848.3701736 7512.0 7512.0
57848.3702199 7365.9 7365.9
57848.3702662 7509.1 7509.1
57848.3703125 7417.3 7417.3
57848.3703819 7684.0 7684.0
57848.3704282 7351.7 7351.7
57848.3704745 6904.5 6904.5
57848.3705208 7982.1 7982.1
57848.3705903 7275.2 7275.2
57848.3706366 7006.6 7006.6
57848.3706829 6981.5 6981.5
57848.3707407 7034.1 7034.1
57848.3708102 8410.9 8410.9
57848.3708449 7196.2 7196.2
57848.3708912 7264.5 7264.5
57848.3709491 7186.4 7186.4
57848.3710185 8207.3 8207.3
57848.3710648 7148.6 7148.6
57848.3710995 8131.9 8131.9
57848.3711574 7351.4 7351.4
57848.3712269 7617.0 7617.0
57848.3712731 7908.7 7908.7
57848.3713194 7564.2 7564.2
57848.3713657 7438.5 7438.5
57848.3714352 7013.1 7013.1
57848.3714815 7980.7 7980.7
57848.3715278 8073.4 8073.4
57848.3715741 8117.0 8117.0
57848.3716435 7142.3 7142.3
57848.3716898 7455.2 7455.2
57848.3717361 7034.7 7034.7
57848.3717824 7036.3 7036.3
57848.3718519 7359.0 7359.0
57848.3718981 7098.6 7098.6
57848.371956 7136.8 7136.8
57848.3719907 7656.7 7656.7
57848.3720718 8246.4 8246.4
57848.3721065 7073.3 7073.3
57848.3721644 7309.0 7309.0
57848.3722106 7408.9 7408.9
57848.3739583 230897.7 230897.7
57848.3740046 317843.7 317843.7
57848.3740509 526420.6 526420.6
57848.3740972 354218.5 354218.5
57848.3741667 231688.0 231688.0
57848.374213 8641.9 8641.9
57848.3742593 8069.3 8069.3
57848.3743056 7846.5 7846.5
57848.3743866 7764.5 7764.5
57848.3744213 7476.9 7476.9
57848.3744676 7359.4 7359.4
57848.3745255 7333.3 7333.3
57848.3745949 7685.3 7685.3
57848.3746412 7826.6 7826.6
57848.3746759 7481.5 7481.5
57848.3747338 7451.0 7451.0
57848.3748032 7655.3 7655.3
57848.3748495 8751.1 8751.1
57848.3748958 9719.4 9719.4
57848.3749421 8374.2 8374.2
57848.3750116 8019.3 8019.3
57848.3750579 8343.5 8343.5
57848.3751042 8858.7 8858.7
57848.3751505 7949.6 7949.6
57848.3752199 8368.8 8368.8
57848.3752662 7493.6 7493.6
57848.3753125 8475.9 8475.9
57848.3753588 8074.2 8074.2
57848.3754282 7525.1 7525.1
57848.3754745 7696.5 7696.5
57848.3755324 7857.4 7857.4
57848.3755671 9048.4 9048.4
57848.3756366 9033.1 9033.1
57848.3756829 7979.0 7979.0
57848.3757407 7920.4 7920.4
57848.375787 8720.4 8720.4
57848.3758565 9348.7 9348.7
57848.3759028 7857.8 7857.8
57848.3759491 8131.5 8131.5
57848.3759954 9624.7 9624.7
57848.3760648 9918.5 9918.5
57848.3761111 7513.7 7513.7
57848.3761574 7833.1 7833.1
57848.3762037 7635.6 7635.6
57848.3762731 7709.6 7709.6
57848.3763194 8004.4 8004.4
57848.3763657 7679.3 7679.3
57848.376412 7704.4 7704.4
57848.3764815 7803.2 7803.2
57848.3765278 7408.2 7408.2
57848.3765741 7442.9 7442.9
57848.3766204 7970.0 7970.0
57848.3766898 8315.9 8315.9
57848.3767477 8892.0 8892.0
57848.376794 7506.3 7506.3
57848.3768287 7545.6 7545.6
57848.3768981 7622.1 7622.1
57848.376956 8578.7 8578.7
57848.3770023 8553.2 8553.2
57848.3770486 8478.9 8478.9
57848.3771181 7957.0 7957.0
57848.3771644 7621.8 7621.8
57848.3772106 7637.7 7637.7
57848.3772569 7645.8 7645.8
57848.3773264 8532.3 8532.3
57848.3773727 8264.0 8264.0
57848.377419 8380.0 8380.0
57848.3774653 8198.0 8198.0
57848.3775347 9368.2 9368.2
57848.377581 8393.9 8393.9
57848.3776273 8790.4 8790.4
57848.3776852 8483.2 8483.2
57848.3777546 7853.7 7853.7
57848.3777894 9186.1 9186.1
57848.3778356 8390.2 8390.2
57848.3778935 8780.9 8780.9
57848.377963 7763.7 7763.7
57848.3780093 9736.9 9736.9
57848.378044 9741.6 9741.6
57848.3781019 9540.0 9540.0
57848.3781713 8083.2 8083.2
57848.3782176 7735.6 7735.6
57848.3782639 8417.0 8417.0
57848.3783102 8111.7 8111.7
57848.3783796 7914.9 7914.9
57848.3784259 8127.2 8127.2
57848.3784722 7904.0 7904.0
57848.3785185 7792.8 7792.8
57848.3802083 395833.1 395833.1
57848.3802546 463632.9 463632.9
57848.3803009 444871.3 444871.3
57848.3803472 365856.0 365856.0
57848.3804167 231921.3 231921.3
57848.380463 8976.4 8976.4
57848.3805093 8831.6 8831.6
57848.3805556 9009.5 9009.5
57848.3806366 8814.1 8814.1
57848.3806713 8204.1 8204.1
57848.3807176 8253.1 8253.1
57848.3807755 8006.5 8006.5
57848.3808449 8164.3 8164.3
57848.3808912 8492.5 8492.5
57848.3809259 9328.2 9328.2
57848.3809838 9131.8 9131.8
57848.3810532 9042.1 9042.1
57848.3810995 8661.5 8661.5
57848.3811458 9506.7 9506.7
57848.3811921 8942.7 8942.7
57848.3812616 8212.6 8212.6
57848.3813079 8394.8 8394.8
57848.3813542 8783.2 8783.2
57848.3814005 8464.4 8464.4
57848.3814699 8856.5 8856.5
57848.3815162 8541.2 8541.2
57848.3815625 8183.6 8183.6
57848.3816088 8777.4 8777.4
57848.3816782 8676.2 8676.2
57848.3817245 8554.1 8554.1
57848.3817824 9140.8 9140.8
57848.3818171 9795.7 9795.7
57848.3818866 8860.2 8860.2
57848.3819329 8059.1 8059.1
57848.3819907 8650.2 8650.2
57848.382037 9220.4 9220.4
57848.3821065 8447.7 8447.7
57848.3821528 8539.6 8539.6
57848.3821991 8244.7 8244.7
57848.3822454 8449.8 8449.8
57848.3823148 8544.7 8544.7
57848.3823611 8321.2 8321.2
57848.3824074 8603.8 8603.8
57848.3824537 8520.3 8520.3
57848.3825231 8219.4 8219.4
57848.3825694 8245.4 8245.4
57848.3826157 8270.3 8270.3
57848.382662 8514.4 8514.4
57848.3827315 9973.2 9973.2
57848.3827778 9285.3 9285.3
57848.3828241 8919.9 8919.9
57848.3828704 8472.0 8472.0
57848.3829398 8235.0 8235.0
57848.3829977 8520.4 8520.4
57848.383044 9428.2 9428.2
57848.3830787 8348.2 8348.2
57848.3831481 8582.9 8582.9
57848.383206 8463.8 8463.8
57848.3832523 8505.6 8505.6
57848.3832986 8572.4 8572.4
57848.3833681 9045.5 9045.5
57848.3834144 8524.5 8524.5
57848.3834606 8688.0 8688.0
57848.3835069 9537.8 9537.8
57848.3835764 9049.5 9049.5
57848.3836227 8688.6 8688.6
57848.383669 10665.8 10665.8
57848.3837153 9938.4 9938.4
57848.3837847 10184.5 10184.5
57848.383831 8473.7 8473.7
57848.3838773 8377.5 8377.5
57848.3839352 9782.4 9782.4
