57848.0416667 14671.337032 15144.376326
57848.0423611 14227.048711 14554.737984
57848.0430556 13770.274143 13967.498734
57848.04375 13347.125158 13428.16688
57848.0444444 13084.364863 13061.407807
57848.0451389 12830.669841 12712.774164
57848.0458333 12460.906439 12258.303822
57848.0465278 12041.071586 11764.223222
57848.0486111 11198.324522 10734.812509
57848.0493056 10929.911726 10416.318143
57848.0497917 10755.023176 10192.003139
57848.0499074 9662.316874 11792.580304
57848.05 9805.292742 11451.691669
57848.0500231 9950.075696 11126.959766
57848.0501505 11735.20122 9988.217311
57848.0502662 12765.113527 11475.583743
57848.0503819 10443.822576 18317.486947
57848.0505093 9896.96566 11457.621076
57848.050625 12085.925724 10590.761985
57848.0506944 13461.744621 10689.983116
57848.0507407 15167.496094 10773.109403
57848.0509838 34969.875916 15320.810415
57848.0510995 37106.851499 15535.677894
57848.0512269 39789.786335 16683.952475
57848.0513426 28394.419078 31452.198924
57848.0513889 30780.397475 22738.52207
57848.0514583 33693.824422 17828.89108
57848.0515856 29231.04778 28999.178641
57848.0517014 37417.735602 18034.196741
57848.0518171 47501.647365 15282.864668
57848.0519444 199060.940344 199311.817579
57848.0520602 583559.055854 78676.305423
57848.0520833 65479.568328 36689.984015
57848.0521759 34638.823514 23890.395689
57848.0523032 174244.663545 228454.764272
57848.052419 388015.439327 568047.847583
57848.0525347 451746.982722 300089.59369
57848.052662 110606.0481 42072.972325
57848.0527778 60593.090515 31727.363117
57848.0528935 116642.693812 297900.904514
57848.0530208 79509.890831 2374173.48125
57848.0531366 20972.698463 7456169.83724
57848.0532523 129477.477026 94757.2502
57848.0533796 470018.021779 82185.326988
57848.0756944 8545.325149 8612.968889
57848.0757176 8861.862117 8972.241276
57848.0758449 7718.456748 7721.690279
57848.0759606 7744.003502 7702.572756
57848.0760764 7695.920148 7710.649391
57848.0762037 9174.468727 9133.10724
57848.0763194 9439.120679 9389.837927
57848.0763889 8471.095155 8490.768339
57848.0764352 7676.632747 7742.254332
57848.0765509 7846.609236 7890.253963
57848.0766782 7975.614353 8052.663534
57848.076794 7819.767603 7822.823533
57848.0769097 7761.199874 7769.642494
57848.077037 7634.512891 7642.811543
57848.0770833 7650.829101 7657.476939
57848.0771528 7666.644676 7671.624781
57848.0772685 7736.901847 7808.357856
57848.0773958 7678.730265 7707.605394
57848.0775116 7736.295673 7581.63491
57848.0776273 7569.70545 7582.870589
57848.0777546 7546.452879 7548.490993
57848.0777778 7540.523029 7545.618489
57848.0778704 7538.308667 7546.464435
57848.0779861 7618.472621 7593.255458
57848.0781134 7542.147542 7549.145251
57848.0782292 7601.756428 7592.517506
57848.0783449 7725.679488 7703.99029
57848.0784722 7477.627705 7519.039339
57848.078588 7526.03968 7506.510658
57848.0787037 8023.769302 8052.896049
57848.078831 7768.395047 7838.700964
57848.0789468 10500.466324 10844.292004
57848.0790625 8708.17159 9096.555799
57848.0791667 9335.126169 9910.369881
57848.0791898 10038.266105 10860.748835
57848.0793056 7956.497384 7878.172954
57848.0794213 7644.757621 7653.030897
57848.0795486 7612.338096 7562.054981
57848.0796644 7530.701451 7521.371578
57848.0797801 7561.841661 7542.307512
57848.0798611 7728.836555 7693.679494
57848.0799074 7903.632894 7851.485035
57848.0800231 7716.513767 7795.704332
57848.0801389 7898.418981 7970.857987
57848.0802662 7694.450989 7672.20996
57848.0803819 7841.126881 7799.591301
57848.0804977 8135.201467 8002.747121
57848.0805556 7825.257328 7775.595757
57848.0826389 7426.875954 7391.781231
57848.0826505 7415.002111 7423.067206
57848.0827662 7653.335978 7676.965137
57848.0828935 7398.803293 7393.361448
57848.0830093 7344.772059 7386.967646
57848.083125 8419.218374 8217.211949
57848.0832523 9215.573896 9102.708246
57848.0833333 8408.452867 8327.860435
57848.0833681 7731.542731 7674.803829
57848.0834838 8274.33048 8416.957103
57848.0836111 8874.721679 8738.067313
57848.0837269 7539.816457 7535.340312
57848.0838426 7616.46841 7594.250882
57848.0839699 7512.161672 7504.450141
57848.0840278 7605.423276 7648.766086
57848.0840856 7699.509665 7797.226385
57848.0842014 7465.607737 7487.29575
57848.0843287 8189.244536 8211.302902
57848.0844444 7555.237501 7571.397533
57848.0845602 7295.197608 7266.432273
57848.0846875 7475.613802 7516.139842
57848.0847222 7620.954856 7639.001488
57848.0848032 7777.797355 7771.658594
57848.084919 7356.585389 7380.418844
57848.0850463 7794.034564 8022.748563
57848.085162 7376.199312 7395.067202
57848.0852778 7674.273853 7641.073669
57848.0854051 7429.054573 7489.904599
57848.0854167 7393.275626 7442.993604
57848.0855208 7350.155039 7388.947552
57848.0856366 7312.561586 7324.119201
57848.0857523 7463.031475 7496.822235
57848.0858796 7356.190467 7403.840816
57848.0859954 7595.181559 7562.746937
57848.0861111 7506.612224 7444.03504
57848.0862384 7413.182568 7336.938267
57848.0863542 7261.595153 7261.53344
57848.0864699 7250.334887 7269.599063
57848.0865972 7222.476477 7225.288914
57848.086713 7251.101668 7270.35424
57848.0868056 7222.496932 7252.21272
57848.0868287 7204.948793 7245.098041
57848.086956 7760.666939 7687.762471
57848.0870718 7163.44905 7159.964584
57848.0871875 7209.032607 7188.125963
57848.0873148 7248.496638 7275.414642
57848.0874306 7170.353737 7135.354795
57848.0875 7234.246843 7211.129782
57848.0930556 7214.008955 7230.777769
57848.0931713 7204.899166 7219.497851
57848.093287 7424.093172 7394.95179
57848.0934028 7056.292896 7020.297549
57848.0935301 6994.446203 7092.972035
57848.0936458 7463.866741 7559.852552
57848.09375 7239.572659 7272.647334
57848.0937616 7028.365777 7006.424707
57848.0938889 7013.078605 7047.548375
57848.0940046 6943.200177 7029.235063
57848.0941204 6944.699797 7000.760904
57848.0942477 6983.683892 7127.089232
57848.0943634 7089.999283 7173.423782
57848.0944444 7084.745965 7168.133694
57848.0944792 7076.892803 7160.213097
57848.0945949 7293.098203 7367.304519
57848.0947222 7718.950921 7683.301536
57848.094838 7055.643167 7087.426331
57848.0949537 6896.4853 6891.130659
57848.095081 6932.251151 6926.953439
57848.0951389 6927.683719 6972.153696
57848.0951968 6924.990917 7019.917862
57848.0953125 7056.80354 7139.937156
57848.0954398 7180.479816 7264.962691
57848.0955556 6906.389869 6907.509882
57848.0956713 7107.138186 7206.316578
57848.0957986 6951.242518 6924.648562
57848.0958333 7006.255733 6983.896166
57848.0959144 7063.489795 7045.510525
57848.0960301 6841.534198 6904.074289
57848.0961574 6884.062972 6898.093638
57848.0962731 6828.54889 6846.76322
57848.0963889 6870.694077 6849.870806
57848.0965162 6850.503222 6809.722688
57848.0965278 6882.158382 6913.038992
57848.0966319 6917.091181 7022.613554
57848.0967477 6876.075028 6921.458676
57848.096875 7318.689125 7070.235625
57848.0969907 7759.370838 7688.974757
57848.0971065 8606.768444 8212.424521
57848.0972222 8409.545271 8193.55262
57848.0972338 8207.352019 8160.997736
57848.0973495 6897.766961 6970.199705
57848.0974653 6981.267672 6939.621303
57848.0975926 7130.396557 7342.996435
57848.0977083 6736.367215 6739.339555
57848.0978241 7144.744989 7215.80126
57848.1319444 6285.476279 6269.435241
57848.1320023 6277.974025 6261.421988
57848.1321181 6286.301473 6286.125393
57848.1322454 6281.658873 6300.861235
57848.1323611 6393.681838 6333.371532
57848.1324769 6559.966543 6602.148447
57848.1326042 6282.290478 6285.620996
57848.1326389 6334.77106 6348.766928
57848.1327199 6381.631669 6406.652707
57848.1328356 6320.933419 6381.926647
57848.132963 6281.320473 6306.879729
57848.1330787 6416.802456 6510.86038
57848.1331944 6327.448466 6315.496992
57848.1333218 6353.887972 6316.812738
57848.1333333 6315.914245 6308.543589
57848.1334375 6282.718912 6304.665732
57848.1335532 6337.944108 6321.557358
57848.1336806 6459.24201 6438.361885
57848.1337963 6403.067226 6388.654041
57848.133912 6307.123059 6320.67068
57848.1340278 6299.110919 6306.769892
57848.1340394 6287.322418 6289.134812
57848.1341551 6419.317531 6396.937953
57848.1342708 6348.462358 6343.541396
57848.1343981 6295.734955 6294.32365
57848.1345139 6359.012147 6339.599671
57848.1346296 6383.303572 6374.837945
57848.1347222 6327.118892 6321.916149
57848.1347569 6268.670592 6266.625239
57848.1348727 6307.61606 6279.964208
57848.1349884 6302.870337 6287.067754
57848.1351042 6242.685662 6237.75484
57848.1352315 6251.055096 6250.02467
57848.1353472 6223.321537 6233.892467
57848.1354167 6216.278289 6219.701434
57848.135463 6217.13006 6213.436369
57848.1355903 6348.228868 6366.959766
57848.135706 6340.604583 6356.049156
57848.1358218 6308.128455 6326.234014
57848.1359491 6226.805888 6238.913693
57848.1360648 6264.676848 6270.271984
57848.1361111 6309.916037 6277.064858
57848.1361806 6348.233793 6276.406371
57848.1363079 6232.247452 6248.835369
57848.1364236 6245.670178 6236.650196
57848.1365394 6358.777212 6338.438589
57848.1366667 6280.757206 6287.5275
57848.15625 6108.314577 6108.215997
57848.1562616 6186.703066 6173.348477
57848.1563773 6098.724619 6083.987011
57848.1565046 6172.690886 6169.132313
57848.1566204 6081.955108 6079.115227
57848.1567361 6075.348487 6079.239343
57848.1568634 6151.943661 6146.102772
57848.1569444 6149.056188 6148.859997
57848.1569792 6139.181467 6144.615625
57848.1570949 6074.335009 6068.716946
57848.1572106 6080.567592 6063.347425
57848.157338 6110.070938 6098.318668
57848.1574537 6072.975404 6089.959065
57848.1575694 6086.927383 6069.553525
57848.1576389 6082.86486 6075.498566
57848.1576968 6080.058792 6082.715631
57848.1578125 6038.501044 6038.261057
57848.1579282 6067.303111 6081.731654
57848.1580556 6169.799293 6126.181041
57848.1581713 6020.787139 6026.755566
57848.158287 6048.691873 6042.54799
57848.1583333 6089.475952 6087.685121
57848.1584144 6131.39674 6134.087034
57848.1585301 6034.847413 6023.05834
57848.1586458 6108.606682 6136.66463
57848.1587731 6020.76846 6022.218571
57848.1588889 6025.686515 6018.507608
57848.1590046 6023.174036 6033.026773
57848.1590278 6020.868204 6024.197128
57848.1591319 6013.099181 6009.929293
57848.1592477 6036.555527 6045.533581
57848.1593634 6049.17201 6032.134932
57848.1594907 5993.243746 6000.03604
57848.1596065 6033.116089 6059.812337
57848.1597222 5987.714489 5985.284901
57848.1598495 6017.894738 6027.538566
57848.1599653 6093.323485 6074.877473
57848.160081 6046.962811 6056.029584
57848.1602083 5992.71145 5973.843026
57848.1603241 6008.914293 5995.200379
57848.1604167 6117.428196 6099.259882
57848.1604398 6229.653169 6206.715781
57848.1605671 6018.282015 6040.894538
57848.1606829 6076.754346 6053.438863
57848.1607986 6014.269267 6027.95564
57848.1609259 5989.276719 6001.643212
57848.1610417 6088.173661 6107.739844
