57854.04115277778 202.91823425275186 0.0 222.7374237868478 0.0
57854.04215277778 202.91823425275186 0.0 222.7374237868478 0.0
57854.05479166667 201.26921408460444 0.0 224.5445621004602 0.0
57854.07826388889 193.7659958921994 0.0 214.50028119313282 0.0
57854.100960648146 199.76370072292386 0.0 221.6537810914502 0.0
57854.13244212963 247.09087582669545 0.0 275.50351847658266 0.0
57854.154502314814 198.47767940052253 0.0 220.60330738806852 0.0
57854.18708333333 213.04525907270832 0.0 223.5290828983522 0.0
57854.199537037035 203.69180569289614 0.0 218.61366702527906 0.0
57854.21658564815 196.88273236517543 0.0 218.10165134367554 0.0
57854.22341435185 190.15998792606374 0.0 222.76291454331434 0.0
57854.24456018519 192.7171303295281 0.0 213.97683599661994 0.0
57854.25962962963 190.23260558873125 0.0 220.53140189072488 0.0
57854.268541666665 193.87490035931359 0.0 212.54565257751779 0.0
57854.279756944445 195.82104238972707 0.0 212.52020564413 0.0
57854.29 185.91203728771129 0.0 215.96614355714917 0.0
57854.31115740741 189.4737522068764 0.0 206.51398900853965 0.0
57854.32113425926 190.0259268472029 0.0 212.83581159833054 0.0
57854.32738425926 179.7673074660875 0.0 234.08581971988062 0.0
57854.33363425926 194.4859000071937 0.0 223.65730262294966 0.0
57854.33980324074 204.36073939411781 0.0 217.34412042985724 0.0
57854.34612268519 187.5750841069138 0.0 207.9066658253594 0.0
57854.35229166667 192.90007215536528 0.0 215.81254928398909 0.0
57854.35841435185 195.66612439469847 0.0 214.66921105832344 0.0
57854.35941435185 195.66612439469847 0.0 214.66921105832344 0.0
