57854.196615740744 101.34901814028589 0.0 101.65167187508527 0.0
57854.19761574074 101.34901814028589 0.0 101.65167187508527 0.0
57854.19773148148 99.20154796675303 0.0 98.66869793404594 0.0
57854.197847222225 109.88372477396277 0.0 112.3315858136081 0.0
57854.197916666664 115.8210882395775 0.0 119.78359279550769 0.0
57854.19797453703 96.49589753455844 0.0 115.4275401756444 0.0
57854.19809027778 93.02742702558209 0.0 99.87494442051019 0.0
57854.19820601852 97.12284665824 0.0 104.6507884012347 0.0
57854.198333333334 97.21860355893824 0.0 103.24471818499967 0.0
57854.19844907407 97.30557351457315 0.0 101.94964593366669 0.0
57854.19856481482 118.45083799619148 0.0 112.9941005172394 0.0
57854.19861111111 106.29858251641929 0.0 117.1206272609569 0.0
57854.19869212963 97.23826325577807 0.0 99.58779887616755 0.0
57854.19880787037 102.47555885673422 0.0 101.91461771012047 0.0
57854.19892361111 105.71068379307742 0.0 103.83545179272828 0.0
57854.19905092593 95.6734204991125 0.0 102.74708698547127 0.0
57854.199166666665 100.56016693005238 0.0 105.47469846840048 0.0
57854.199282407404 95.61654568117382 0.0 99.55471228425101 0.0
57854.19930555556 97.84602497291344 0.0 104.3493364904636 0.0
57854.19940972222 99.960364715221 0.0 109.622008939811 0.0
57854.199525462966 96.16387344008143 0.0 99.05247694530411 0.0
57854.199641203704 95.32055052295911 0.0 102.40486145198382 0.0
57854.19975694444 98.32046782842319 0.0 100.44523299788796 0.0
57854.19988425926 111.64660236209609 0.0 108.23205980854287 0.0
57854.2 108.61550349742895 0.0 114.85378287936362 0.0
57854.20011574074 113.193430657437 0.0 121.11401286804099 0.0
57854.20024305556 121.39571543098216 0.0 110.79317097998414 0.0
57854.2003587963 97.73780571508652 0.0 100.49496609781009 0.0
57854.200474537036 95.63058931116132 0.0 96.45682644582497 0.0
57854.20060185185 97.68463282205651 0.0 97.4989269775314 0.0
57854.200694444444 99.15175944253335 0.0 98.24987602567242 0.0
57854.20071759259 99.51516154983621 0.0 98.43671816649517 0.0
57854.200833333336 101.31262145952005 0.0 99.36565908300513 0.0
57854.20096064815 120.31934347394022 0.0 105.57542002710669 0.0
57854.20107638889 107.98832335488869 0.0 110.91938659224546 0.0
57854.20119212963 95.89078493786565 0.0 108.71771470188287 0.0
57854.201319444444 110.56029296270881 0.0 111.76652358376367 0.0
57854.20138888889 99.71946881126073 0.0 102.05663311612822 0.0
57854.20143518518 91.5623626278833 0.0 94.47733732488443 0.0
57854.20155092593 93.96537450571886 0.0 95.47895130341556 0.0
57854.20167824074 92.23517528036687 0.0 93.98346817924948 0.0
57854.203831018516 98.61698795374963 0.0 103.52497303018244 0.0
57854.20394675926 111.65674585532216 0.0 104.01316617236493 0.0
57854.2040625 98.99258693457809 0.0 104.49907862464626 0.0
57854.20416666667 99.57515176990694 0.0 104.93447603147403 0.0
57854.20417824074 100.2007601019074 0.0 92.19254911325535 0.0
57854.204305555555 92.29206049455175 0.0 115.37500151679306 0.0
57854.204421296294 84.46214309973433 0.0 96.75006081651836 0.0
57854.20453703704 107.73443989272882 0.0 120.00865905841961 0.0
57854.204664351855 97.94411474601218 0.0 105.8617812508367 0.0
57854.204780092594 88.10476537055189 0.0 91.11444792676954 0.0
57854.20486111111 90.31801035231013 0.0 96.0352035609859 0.0
57854.20489583333 92.85431931795095 0.0 102.06956211819467 0.0
57854.20502314815 88.05054832878669 0.0 92.58393413546435 0.0
57854.20513888889 88.08962897526587 0.0 91.38726455584498 0.0
57854.20525462963 90.24504182502217 0.0 93.80838090490636 0.0
57854.20538194444 88.74596271487509 0.0 93.0440625333503 0.0
57854.20549768519 87.36084421524325 0.0 92.34373815803646 0.0
57854.205555555556 88.05717280267406 0.0 92.9537823275632 0.0
57854.205613425926 88.76251231234951 0.0 93.55279261999613 0.0
57854.20574074074 115.08657759269758 0.0 117.70820873244142 0.0
57854.20585648148 96.23337479274018 0.0 111.48045390560625 0.0
57854.205972222226 97.86331700897942 0.0 107.6008136237826 0.0
57854.206099537034 91.21501857150498 0.0 103.16483379039585 0.0
57854.20621527778 91.51067223553765 0.0 98.61815645204487 0.0
57854.20625 94.6141000274272 0.0 103.6058101121747 0.0
57854.20633101852 98.09096238695999 0.0 109.52270950355455 0.0
57854.206458333334 97.65288398101717 0.0 104.93128586031908 0.0
57854.20657407407 97.25291850068048 0.0 100.57553960133647 0.0
57854.20668981481 96.85130130256383 0.0 96.02241186306455 0.0
57854.20681712963 103.96288176123245 0.0 100.76749266504551 0.0
57854.20693287037 110.02981035155881 0.0 97.38678666020355 0.0
57854.20694444444 109.27645021686969 0.0 110.49638154708958 0.0
57854.20704861111 108.54795814753956 0.0 112.62180289357829 0.0
57854.20717592593 91.2240234094068 0.0 115.16628367278332 0.0
57854.207291666666 101.00431105650887 0.0 107.05266102717859 0.0
57854.207407407404 94.184817948542 0.0 108.20607306893639 0.0
57854.20753472222 89.44526397747396 0.0 98.1049760052975 0.0
57854.20763888889 96.92643310263718 0.0 99.04250203321804 0.0
57854.207650462966 106.93846349653617 0.0 100.21582898923702 0.0
57854.207766203705 105.03219356463998 0.0 114.77055855052723 0.0
57854.20789351852 113.54957032063133 0.0 107.59799882897451 0.0
57854.20800925926 86.66709117075523 0.0 95.48877773330226 0.0
57854.208125 107.73443989272882 0.0 120.00865905841961 0.0
57854.20825231481 107.73443989272882 0.0 120.00865905841961 0.0
57854.208333333336 107.73443989272882 0.0 120.00865905841961 0.0
57854.23274305555 88.24283192985139 0.0 93.2952429816226 0.0
57854.2328587963 89.06291042931394 0.0 92.71935432184588 0.0
57854.232986111114 89.95636222080125 0.0 92.08171696379254 0.0
57854.23310185185 81.84604447986476 0.0 87.50353936270236 0.0
57854.23321759259 75.94998082949067 0.0 79.42058809905653 0.0
57854.23333333333 84.46184610224903 0.0 86.93090325080028 0.0
57854.23334490741 96.79342701857394 0.0 97.24427939472841 0.0
57854.233460648145 91.31257183706961 0.0 95.36299533099827 0.0
57854.23357638889 85.48101565259972 0.0 93.44384346761429 0.0
57854.23370370371 83.46984676516425 0.0 90.71011294227343 0.0
57854.233819444446 88.19219831708472 0.0 91.9582884138238 0.0
57854.233935185184 89.87841953439101 0.0 95.90761561002338 0.0
57854.23402777778 85.73687441818718 0.0 90.83617482589192 0.0
57854.2340625 82.08690242054453 0.0 86.42691720754594 0.0
57854.23417824074 79.63032833663314 0.0 81.4890905090982 0.0
57854.234293981484 83.89551734747215 0.0 94.4667013079212 0.0
57854.2344212963 84.31239811842622 0.0 89.30118435463216 0.0
57854.23453703704 84.68959992820842 0.0 84.33114140102694 0.0
57854.23465277778 76.91469885529033 0.0 80.16826000357 0.0
57854.23472222222 75.80843325778471 0.0 79.56944168460653 0.0
57854.23478009259 74.75095973296932 0.0 78.97738734599923 0.0
57854.23489583333 77.64087062237259 0.0 79.88208411152027 0.0
57854.23501157408 85.03991421679586 0.0 90.6818564322544 0.0
57854.235138888886 97.82971163710951 0.0 86.09350022614947 0.0
57854.23525462963 78.40197785770458 0.0 81.69895712308694 0.0
57854.23537037037 76.4774764358762 0.0 79.88905498251935 0.0
57854.23541666667 78.07230198348195 0.0 80.97835591687448 0.0
57854.23548611111 79.75392889381689 0.0 82.11751486741424 0.0
57854.235613425924 80.18003199675091 0.0 87.3433492659859 0.0
57854.23572916666 75.3209462500306 0.0 79.01194607146441 0.0
57854.23584490741 76.26143711601559 0.0 80.28047846145412 0.0
57854.235972222225 76.80057769313979 0.0 80.52582324943968 0.0
57854.23608796296 77.78563305006908 0.0 82.86240635535513 0.0
57854.23611111111 77.07876882125194 0.0 81.70264373323546 0.0
57854.2362037037 76.33150760989855 0.0 80.51554327581725 0.0
57854.23633101852 80.07342315025629 0.0 83.9499553067183 0.0
57854.236446759256 80.17871542996932 0.0 83.86242888803066 0.0
57854.2365625 84.41856999499576 0.0 91.08739810753187 0.0
57854.23668981482 78.45714562103315 0.0 83.17090700479345 0.0
57854.236805555556 74.37226673296976 0.0 79.54761711075952 0.0
57854.25424768519 72.93282967909582 0.0 75.33729795393513 0.0
57854.254375 72.80971757945501 0.0 77.93106583385088 0.0
57854.25449074074 82.09387969270304 0.0 84.96591820253578 0.0
57854.25460648148 71.59488579500633 0.0 78.58327992645764 0.0
57854.2547337963 80.80867844483042 0.0 83.94445863188349 0.0
57854.254849537036 77.01910721372977 0.0 82.22330251212244 0.0
57854.25486111111 76.57309042999375 0.0 81.00624439510821 0.0
57854.254965277774 76.16790594469563 0.0 79.86276972407106 0.0
57854.25509259259 82.78860698187886 0.0 79.9939415830974 0.0
57854.255208333336 73.93998408844838 0.0 78.92395999314783 0.0
57854.255324074074 71.11422556001014 0.0 75.8335294839954 0.0
57854.25545138889 70.63696323455589 0.0 74.05492689213865 0.0
57854.25555555556 73.87159027664153 0.0 78.72936195600724 0.0
57854.25556712963 77.53887584947309 0.0 84.34702291723164 0.0
57854.25568287037 74.28492260210008 0.0 77.51957266394082 0.0
57854.25581018518 69.39148764798172 0.0 74.07527662452567 0.0
57854.25592592593 74.72737369933456 0.0 77.57647642810286 0.0
57854.25604166667 81.51929071698305 0.0 87.96603443943577 0.0
57854.25616898148 87.38705801204203 0.0 96.70967157942374 0.0
57854.25625 80.95577962690496 0.0 88.75262561186571 0.0
57854.25628472222 75.74440054551887 0.0 82.46187334156313 0.0
57854.25640046296 74.77524811727474 0.0 76.33716432380757 0.0
57854.256527777776 87.26718175809278 0.0 96.22744917641744 0.0
57854.25664351852 79.97441538392138 0.0 86.21878468176178 0.0
57854.25675925926 71.94618280353725 0.0 74.88414844945491 0.0
57854.256886574076 77.64105935006296 0.0 84.62759666326346 0.0
57854.256944444445 82.2694451117789 0.0 89.27604371834585 0.0
57854.257002314815 87.93148804609189 0.0 94.90781300820285 0.0
57854.25711805555 72.83118754352424 0.0 74.54071626970055 0.0
57854.25724537037 74.37788244498495 0.0 80.68952340917623 0.0
57854.257361111115 80.90916749046427 0.0 86.18316614049405 0.0
57854.25747685185 70.66131157854346 0.0 74.96670040091134 0.0
57854.25760416667 72.65594459505705 0.0 76.67801876026793 0.0
57854.25763888889 73.71515601285803 0.0 76.89643413709116 0.0
57854.25771990741 74.71598123560983 0.0 76.98589209069412 0.0
57854.257835648146 69.76314593680534 0.0 73.38592250561412 0.0
57854.25795138889 74.94256433429537 0.0 78.64539812983338 0.0
57854.2580787037 71.96686261745748 0.0 76.30518671754889 0.0
57854.25819444445 72.6413747804927 0.0 75.91870002179964 0.0
57854.258310185185 71.93369387150919 0.0 75.9139920370415 0.0
57854.25833333333 72.41128229081433 0.0 75.05959882653251 0.0
57854.27778935185 73.83254885211535 0.0 78.97580104057192 0.0
57854.277916666666 71.01433663704816 0.0 74.77083058252062 0.0
57854.278032407405 77.30142681736217 0.0 84.68024638013283 0.0
57854.27814814815 73.7918822703419 0.0 81.73573524475081 0.0
57854.278275462966 80.80167815088991 0.0 85.86067587667826 0.0
57854.278391203705 69.44902009387893 0.0 77.91398936006293 0.0
57854.27847222222 71.20401892449611 0.0 78.10154609225096 0.0
57854.27850694444 73.26904101324105 0.0 78.45546796113067 0.0
57854.27863425926 68.70844010745697 0.0 74.50908003726794 0.0
57854.27875 73.15545369963883 0.0 79.55934967682931 0.0
57854.278865740744 90.74813158407174 0.0 88.53995385135458 0.0
57854.27899305556 67.0867507783765 0.0 72.6248191047661 0.0
57854.2791087963 74.9316966376713 0.0 83.25149652708953 0.0
57854.27916666667 73.20872588018453 0.0 78.87253454149929 0.0
57854.27922453704 71.54047864670741 0.0 75.11088807223624 0.0
57854.27935185185 69.9879695804929 0.0 73.96820846147351 0.0
57854.27946759259 67.34428488001042 0.0 71.44631089146591 0.0
57854.27958333334 76.10564751711925 0.0 83.58097768631329 0.0
57854.279710648145 69.28304024795679 0.0 73.11505762153237 0.0
57854.27982638889 85.57388987886434 0.0 95.55674653837896 0.0
57854.279861111114 84.97534680335232 0.0 95.01053839985332 0.0
57854.27994212963 83.56207521070787 0.0 93.72367436123064 0.0
57854.280069444445 81.29159351667305 0.0 91.66496601881222 0.0
57854.280185185184 79.17103612433021 0.0 89.75244465751337 0.0
57854.28030092592 78.53572271266114 0.0 84.06227206660547 0.0
57854.28041666667 86.4685117253674 0.0 89.78765641222628 0.0
57854.280543981484 69.51782570679264 0.0 73.30203583803113 0.0
57854.28055555555 79.89541662072988 0.0 82.64448617421492 0.0
57854.28065972222 96.72096140961379 0.0 96.63529307142396 0.0
57854.28077546296 72.45066814046645 0.0 75.25993966912277 0.0
57854.28090277778 72.1874849679638 0.0 76.95448855005145 0.0
57854.281018518515 71.0432398895208 0.0 73.04979500997932 0.0
57854.28113425926 69.52222223864827 0.0 73.23164034759839 0.0
57854.28125 68.0310932809403 0.0 71.72624290313831 0.0
57854.28126157408 66.74161951885795 0.0 70.41799722372116 0.0
57854.281377314815 91.36282768719454 0.0 93.82500336797223 0.0
57854.281493055554 99.17342795829938 0.0 98.55488575915453 0.0
57854.28162037037 86.92287926662347 0.0 85.19750037999941 0.0
57854.28173611111 81.28743119634179 0.0 83.35613651675563 0.0
57854.281851851854 75.2310175459564 0.0 81.47316686492553 0.0
57854.28194444445 74.60403763872301 0.0 79.01781632011858 0.0
57854.299421296295 67.56178565579806 0.0 71.0142645811389 0.0
57854.29953703703 66.79332850667048 0.0 70.50168139129732 0.0
57854.29966435185 68.69409853109654 0.0 71.7334878072996 0.0
57854.299780092595 70.31226609916651 0.0 76.35475731085785 0.0
57854.299895833334 66.76323753384044 0.0 70.08562082909732 0.0
57854.3 69.08365701090237 0.0 72.633227671638 0.0
57854.30002314815 71.67988281240422 0.0 75.51731610034881 0.0
57854.30013888889 67.57997820360701 0.0 72.3712280260602 0.0
57854.30025462963 67.3405101926025 0.0 70.6725769022186 0.0
57854.30038194444 69.38046144989235 0.0 74.76090785296819 0.0
57854.30049768519 67.38165541896399 0.0 72.12989283230635 0.0
57854.30061342593 67.8132965575336 0.0 72.76009079158712 0.0
57854.30069444444 67.3038560856657 0.0 72.17936236903176 0.0
57854.30074074074 66.81831888786188 0.0 71.59656060174959 0.0
57854.30085648148 67.17177041734124 0.0 71.64174143612088 0.0
57854.30097222222 67.59463608896789 0.0 72.80855098132362 0.0
57854.301099537035 66.73148317698326 0.0 70.71525162933382 0.0
57854.30121527778 67.56486667640218 0.0 72.02878795315107 0.0
57854.30133101852 70.53748583554705 0.0 74.09782145245568 0.0
57854.30138888889 69.73400259557744 0.0 74.73441277617694 0.0
57854.301458333335 68.94683436532819 0.0 75.41192615893058 0.0
57854.301574074074 67.11959102974332 0.0 70.58623464245703 0.0
57854.30168981481 67.75285072231279 0.0 72.27863552945642 0.0
57854.30181712963 68.16548299542812 0.0 72.64156191878035 0.0
57854.301932870374 68.63139394621093 0.0 73.0003764990291 0.0
57854.30204861111 67.26203098331182 0.0 70.82870302356241 0.0
57854.302083333336 67.3279626603984 0.0 71.58302678708131 0.0
57854.30217592593 67.39454719782603 0.0 72.33171945280992 0.0
57854.30229166667 69.27599360528869 0.0 72.60756871704217 0.0
57854.302407407406 67.4770676081882 0.0 70.88335569793517 0.0
57854.30253472222 67.78135147664142 0.0 71.19262467418939 0.0
57854.30265046296 68.57083660711746 0.0 72.58724744058009 0.0
57854.302766203706 66.9665255034185 0.0 70.98104210280376 0.0
57854.302777777775 67.61105522767707 0.0 71.2513065634589 0.0
57854.302881944444 68.27615747096492 0.0 71.55752737483319 0.0
57854.30300925926 66.93595721284636 0.0 71.36965614320977 0.0
57854.303125 70.44786562416209 0.0 73.92890254156355 0.0
57854.30324074074 68.38450307635495 0.0 72.21436660388291 0.0
57854.30336805555 68.85554984894101 0.0 73.5014128911819 0.0
57854.30347222222 68.1367572680121 0.0 72.27520143866775 0.0
57854.30909722222 66.42824891565334 0.0 69.63765613516871 0.0
57854.309224537035 65.84874023092621 0.0 69.63411068578387 0.0
57854.30934027778 66.79631793744323 0.0 69.90344794071319 0.0
57854.30945601852 66.93893003327734 0.0 71.0595385293206 0.0
57854.309583333335 65.95343428510755 0.0 69.6239146055434 0.0
57854.309699074074 65.80506812548711 0.0 70.3819121507792 0.0
57854.30972222222 65.656273196093 0.0 70.13011025943136 0.0
57854.30981481481 65.5264001681765 0.0 69.85939647606469 0.0
57854.30994212963 66.91865613563978 0.0 70.2059888114967 0.0
57854.31005787037 65.83128267017133 0.0 70.25965676688152 0.0
57854.31017361111 65.68446804230054 0.0 69.73728803158322 0.0
57854.31030092593 67.77922826353219 0.0 71.98110305489907 0.0
57854.31041666667 66.32341572928824 0.0 70.7092136075632 0.0
57854.310532407406 68.50491350990818 0.0 73.60498963385567 0.0
57854.31065972222 66.6455115517917 0.0 70.22755044852411 0.0
57854.31077546296 66.03379580941868 0.0 69.61513860504769 0.0
57854.310891203706 66.11642272537134 0.0 69.73823322969976 0.0
57854.31101851852 67.14483112645381 0.0 72.17947445777088 0.0
57854.311111111114 67.62708554270249 0.0 71.57834041104893 0.0
57854.31113425926 68.13770037211411 0.0 70.99746916616112 0.0
57854.31125 66.1245432498403 0.0 70.46281164557656 0.0
57854.311377314814 66.27821513891273 0.0 69.846490377112 0.0
57854.31149305555 66.07103325209921 0.0 70.78646821956863 0.0
57854.3116087963 66.18799873088776 0.0 69.58225431818087 0.0
57854.31172453704 68.25074253808525 0.0 72.58129547617624 0.0
57854.31180555555 67.43426456186795 0.0 71.14936768517343 0.0
57854.31185185185 66.63937531970119 0.0 69.8027989052015 0.0
57854.31196759259 66.0178786693423 0.0 69.9352323868306 0.0
57854.31208333333 65.49655454296814 0.0 69.32393515951038 0.0
57854.312210648146 66.35713528325346 0.0 70.62984059871579 0.0
57854.31232638889 67.44375788759105 0.0 70.82379855669986 0.0
57854.31244212963 66.27185445571898 0.0 70.57718442953076 0.0
57854.3125 66.37027423478074 0.0 70.81323908705208 0.0
57854.312569444446 66.46912943615254 0.0 71.05172529924943 0.0
57854.312685185185 65.76177019363149 0.0 70.03130403612373 0.0
57854.31280092592 65.47410042910097 0.0 69.47633260326857 0.0
57854.31292824074 65.75529720866601 0.0 69.55122538819859 0.0
57854.313043981485 65.57591552544272 0.0 69.53546926569203 0.0
57854.313159722224 65.73096784621386 0.0 69.70125582082434 0.0
57854.31319444445 65.67969184611025 0.0 70.02897226862608 0.0
57854.31419444444 65.67969184611025 0.0 70.02897226862608 0.0
