57854.36787731482 132.31903595790618 0.0 134.2123897718235 0.0
57854.36887731482 132.31903595790618 0.0 134.2123897718235 0.0
57854.369618055556 130.54956999405158 0.0 139.90809968300061 0.0
57854.3865625 131.97717001369753 0.0 136.54715879441687 0.0
57854.41006944444 133.78497534045474 0.0 140.77059802551378 0.0
57854.419699074075 128.7424911483222 0.0 141.21109910346937 0.0
57854.42767361111 126.48412827413357 0.0 143.98019514284084 0.0
57854.45172453704 127.96913779114938 0.0 145.57510569382492 0.0
57854.46065972222 124.52435945483526 0.0 141.5375228092536 0.0
57854.4753125 131.84330674631815 0.0 144.95455015996376 0.0
57854.4834375 131.47544663586342 0.0 140.62689459030784 0.0
57854.4924537037 131.6780129988248 0.0 137.6496076256232 0.0
57854.50813657408 125.94020602557532 0.0 136.75179135796625 0.0
57854.516805555555 127.27263723618996 0.0 140.5376923770543 0.0
57854.531122685185 131.5038214481404 0.0 142.92049545465574 0.0
57854.53912037037 130.7238731229552 0.0 142.4372575373294 0.0
57854.55701388889 127.68800196674164 0.0 143.7590857299053 0.0
57854.564155092594 128.12040394984098 0.0 142.10542052931544 0.0
57854.57740740741 128.72388531455954 0.0 132.77864780317077 0.0
57854.58565972222 127.89661662462738 0.0 143.51471609720758 0.0
57854.59457175926 135.26779208535999 0.0 141.0637057301963 0.0
57854.60962962963 129.69763720092888 0.0 139.09073922657592 0.0
57854.6183912037 130.0438755558163 0.0 143.8428374652551 0.0
57854.61914351852 130.23911026568092 0.0 143.66683651939528 0.0
57854.620143518514 130.23911026568092 0.0 143.66683651939528 0.0
