57854.37400277778 11.600889843511588 0.0 11.600889843511588 0.0
57854.37500277778 11.600889843511588 0.0 11.600889843511588 0.0
57854.37512 10.660297157390639 0.0 10.660297157390639 0.0
57854.37516666666 10.700467279516348 0.0 10.700467279516348 0.0
57854.37521333332 10.870943811594222 0.0 10.870943811594222 0.0
57854.375330555544 10.51634672246483 0.0 10.51634672246483 0.0
57854.37537722221 10.651366715273012 0.0 10.651366715273012 0.0
57854.37542388889 10.694737928291591 0.0 10.694737928291591 0.0
57854.37554111111 11.143636980864477 0.0 11.143636980864477 0.0
57854.37558777778 11.432551150397343 0.0 11.432551150397343 0.0
57854.375634444434 11.478451058817885 0.0 11.478451058817885 0.0
57854.37575166667 10.510517006405323 0.0 10.510517006405323 0.0
57854.375798333334 10.530906893520616 0.0 10.530906893520616 0.0
57854.37584499999 10.605080949030228 0.0 10.605080949030228 0.0
57854.37596222221 10.706042912239313 0.0 10.706042912239313 0.0
57854.376008888874 10.707097435060119 0.0 10.707097435060119 0.0
57854.37605555556 10.727414383477441 0.0 10.727414383477441 0.0
57854.37617277777 10.853422234187168 0.0 10.853422234187168 0.0
57854.376219444435 11.099840161592564 0.0 11.099840161592564 0.0
57854.37626611111 11.248799219070795 0.0 11.248799219070795 0.0
57854.37638333332 10.889770281057059 0.0 10.889770281057059 0.0
57854.37643 11.08908210518273 0.0 11.08908210518273 0.0
57854.376476666665 11.34047845608391 0.0 11.34047845608391 0.0
57854.376593888876 10.424072636094811 0.0 10.424072636094811 0.0
57854.37664055554 10.41958453756597 0.0 10.41958453756597 0.0
57854.37668722221 10.405023600599485 0.0 10.405023600599485 0.0
57854.376804444444 10.359505530608578 0.0 10.359505530608578 0.0
57854.37685111111 10.546670472927278 0.0 10.546670472927278 0.0
57854.37689777778 10.814566043521 0.0 10.814566043521 0.0
57854.37701499999 10.50790792842505 0.0 10.50790792842505 0.0
57854.377061666666 10.510977364702596 0.0 10.510977364702596 0.0
57854.37710833332 10.532591507837362 0.0 10.532591507837362 0.0
57854.37722555555 10.303773189248872 0.0 10.303773189248872 0.0
57854.37727222222 10.367909547594287 0.0 10.367909547594287 0.0
57854.37731888889 10.402698161162713 0.0 10.402698161162713 0.0
57854.377436111114 10.427012066990297 0.0 10.427012066990297 0.0
57854.377482777774 10.48931868386183 0.0 10.48931868386183 0.0
57854.377529444435 10.520026983897687 0.0 10.520026983897687 0.0
57854.37764666667 10.343768577607332 0.0 10.343768577607332 0.0
57854.377693333336 10.452349635523383 0.0 10.452349635523383 0.0
57854.37773999999 10.618152442413066 0.0 10.618152442413066 0.0
57854.37785722221 10.708754332546746 0.0 10.708754332546746 0.0
57854.37790388889 10.982978032009939 0.0 10.982978032009939 0.0
57854.37795055554 11.156222045234697 0.0 11.156222045234697 0.0
57854.378067777776 10.626351906402766 0.0 10.626351906402766 0.0
57854.378114444444 10.68991082976781 0.0 10.68991082976781 0.0
57854.37816111111 10.638487644155006 0.0 10.638487644155006 0.0
57854.37827833332 10.70122091316024 0.0 10.70122091316024 0.0
57854.378325 10.989290974809624 0.0 10.989290974809624 0.0
57854.37837166666 11.306435506868104 0.0 11.306435506868104 0.0
57854.37848888888 10.345639567688218 0.0 10.345639567688218 0.0
57854.37853555555 10.291556200704441 0.0 10.291556200704441 0.0
57854.37858222222 10.2313559786223 0.0 10.2313559786223 0.0
57854.37869944443 10.402698161162713 0.0 10.402698161162713 0.0
57854.3787461111 10.482858511906242 0.0 10.482858511906242 0.0
57854.37879277778 10.54315249420822 0.0 10.54315249420822 0.0
57854.378909999985 10.245534038884236 0.0 10.245534038884236 0.0
57854.37895666667 10.357481322929754 0.0 10.357481322929754 0.0
57854.379003333335 10.386250215953162 0.0 10.386250215953162 0.0
57854.379120555546 10.588490403842185 0.0 10.588490403842185 0.0
57854.37916722222 10.727414383477441 0.0 10.727414383477441 0.0
57854.37921388889 10.810986049146429 0.0 10.810986049146429 0.0
57854.37933111111 10.256076090503305 0.0 10.256076090503305 0.0
57854.37937777777 10.25890643735104 0.0 10.25890643735104 0.0
57854.379424444436 10.322384070708946 0.0 10.322384070708946 0.0
57854.37954166667 10.738985354846747 0.0 10.738985354846747 0.0
57854.37958833332 10.837658359151085 0.0 10.837658359151085 0.0
57854.37963499999 10.877914885586508 0.0 10.877914885586508 0.0
57854.37975222221 10.615265939567502 0.0 10.615265939567502 0.0
57854.37979888889 10.729068143403993 0.0 10.729068143403993 0.0
57854.379845555544 10.637426319823673 0.0 10.637426319823673 0.0
57854.37996277778 10.697602987464965 0.0 10.697602987464965 0.0
57854.380009444445 10.995306916750819 0.0 10.995306916750819 0.0
57854.3800561111 10.926292645162947 0.0 10.926292645162947 0.0
57854.380173333324 10.35000389590078 0.0 10.35000389590078 0.0
57854.38022 10.291242753883266 0.0 10.291242753883266 0.0
57854.38026666665 10.224575075956507 0.0 10.224575075956507 0.0
57854.38038388888 10.263779093994696 0.0 10.263779093994696 0.0
57854.380430555546 10.234981128936068 0.0 10.234981128936068 0.0
57854.380477222214 10.256390612057283 0.0 10.256390612057283 0.0
57854.38059444443 10.226783305330839 0.0 10.226783305330839 0.0
57854.380641111115 10.29061583159863 0.0 10.29061583159863 0.0
57854.380687777775 10.203256912030747 0.0 10.203256912030747 0.0
57854.380804999986 10.2592208721338 0.0 10.2592208721338 0.0
57854.380851666654 10.35171794998922 0.0 10.35171794998922 0.0
57854.38089833332 10.430569217139992 0.0 10.430569217139992 0.0
57854.38101555555 10.233720352739004 0.0 10.233720352739004 0.0
57854.38106222222 10.290302356133429 0.0 10.290302356133429 0.0
57854.381108888876 10.33815357570387 0.0 10.33815357570387 0.0
57854.38122611111 10.222050801118392 0.0 10.222050801118392 0.0
57854.38127277778 10.248367297187613 0.0 10.248367297187613 0.0
57854.381319444445 10.214000511631713 0.0 10.214000511631713 0.0
57854.38143666667 10.199304214092885 0.0 10.199304214092885 0.0
57854.38148333333 10.228360320144654 0.0 10.228360320144654 0.0
57854.38153 10.26880650790413 0.0 10.26880650790413 0.0
57854.381647222224 10.100942147050668 0.0 10.100942147050668 0.0
57854.38169388888 10.139033484509262 0.0 10.139033484509262 0.0
57854.38174055555 10.199304214092885 0.0 10.199304214092885 0.0
57854.38185777778 10.146507423898424 0.0 10.146507423898424 0.0
57854.381904444446 10.155246538517147 0.0 10.155246538517147 0.0
57854.38889166667 9.943225932034528 0.0 9.943225932034528 0.0
57854.38900888889 9.991932229424865 0.0 9.991932229424865 0.0
57854.38905555554 10.066392504989865 0.0 10.066392504989865 0.0
57854.38910222221 10.13187241874262 0.0 10.13187241874262 0.0
57854.389219444434 10.319571133874543 0.0 10.319571133874543 0.0
57854.3892661111 10.367909547594287 0.0 10.367909547594287 0.0
57854.38931277778 10.444013565427742 0.0 10.444013565427742 0.0
57854.38943 10.115781346888857 0.0 10.115781346888857 0.0
57854.38947666666 10.20594387220411 0.0 10.20594387220411 0.0
57854.389523333324 10.342832955645523 0.0 10.342832955645523 0.0
57854.38964055556 10.129961946239387 0.0 10.129961946239387 0.0
57854.389687222225 10.201676016635066 0.0 10.201676016635066 0.0
57854.38973388888 10.185695219118536 0.0 10.185695219118536 0.0
57854.3898511111 9.953602038879549 0.0 9.953602038879549 0.0
57854.389897777764 9.993062109412742 0.0 9.993062109412742 0.0
57854.38994444445 9.97626214830048 0.0 9.97626214830048 0.0
57854.39006166666 9.898843203839201 0.0 9.898843203839201 0.0
57854.39010833332 9.974483574634087 0.0 9.974483574634087 0.0
57854.390155 10.011445063429383 0.0 10.011445063429383 0.0
57854.39027222221 9.930890224202525 0.0 9.930890224202525 0.0
57854.39031888889 10.095511618472322 0.0 10.095511618472322 0.0
57854.390365555555 10.15270502648623 0.0 10.15270502648623 0.0
57854.390482777766 10.198355338627069 0.0 10.198355338627069 0.0
57854.390529444434 10.447873683966945 0.0 10.447873683966945 0.0
57854.3905761111 10.602647265294552 0.0 10.602647265294552 0.0
57854.390693333335 9.871268180121081 0.0 9.871268180121081 0.0
57854.39074 9.935761412126887 0.0 9.935761412126887 0.0
57854.39078666666 9.976100472888257 0.0 9.976100472888257 0.0
57854.390903888874 10.006288345416241 0.0 10.006288345416241 0.0
57854.39095055556 10.09375405722479 0.0 10.09375405722479 0.0
57854.39099722221 10.106688938041112 0.0 10.106688938041112 0.0
57854.39111444444 10.077121964964707 0.0 10.077121964964707 0.0
57854.39116111111 10.290459095059695 0.0 10.290459095059695 0.0
57854.39120777778 10.415094505014686 0.0 10.415094505014686 0.0
57854.391325 9.849512842055004 0.0 9.849512842055004 0.0
57854.391371666665 9.802567142368634 0.0 9.802567142368634 0.0
57854.39141833332 9.824918944096412 0.0 9.824918944096412 0.0
57854.39153555556 9.814242448539249 0.0 9.814242448539249 0.0
57854.39158222222 9.91447296600018 0.0 9.91447296600018 0.0
57854.39162888888 9.997257688502513 0.0 9.997257688502513 0.0
57854.3917461111 9.863749205403428 0.0 9.863749205403428 0.0
57854.39179277778 9.874045482655443 0.0 9.874045482655443 0.0
57854.39183944443 9.923416425223074 0.0 9.923416425223074 0.0
57854.39195666667 9.86015114717626 0.0 9.86015114717626 0.0
57854.392003333334 9.842305001468686 0.0 9.842305001468686 0.0
57854.39205 9.914310282974645 0.0 9.914310282974645 0.0
57854.39216722221 9.965585944931009 0.0 9.965585944931009 0.0
57854.39221388889 10.069596525856852 0.0 10.069596525856852 0.0
57854.39226055554 10.038153023790395 0.0 10.038153023790395 0.0
57854.39237777777 9.851477701503761 0.0 9.851477701503761 0.0
57854.39242444444 9.90698678190166 0.0 9.90698678190166 0.0
57854.39247111111 10.022877057817732 0.0 10.022877057817732 0.0
57854.39258833332 10.029794324588535 0.0 10.029794324588535 0.0
57854.39263499999 10.113708359162507 0.0 10.113708359162507 0.0
57854.392681666664 10.07135830285648 0.0 10.07135830285648 0.0
57854.392798888875 10.27461638872634 0.0 10.27461638872634 0.0
57854.39284555556 10.435361718385634 0.0 10.435361718385634 0.0
57854.392892222226 10.334408546211051 0.0 10.334408546211051 0.0
57854.39300944443 9.94533445487656 0.0 9.94533445487656 0.0
57854.39305611111 9.944199151977678 0.0 9.944199151977678 0.0
57854.39310277778 9.871594962151466 0.0 9.871594962151466 0.0
57854.39322 9.7469598237836 0.0 9.7469598237836 0.0
57854.39326666665 9.769108652838689 0.0 9.769108652838689 0.0
57854.39331333332 9.833615815151617 0.0 9.833615815151617 0.0
57854.39343055555 9.752419054745076 0.0 9.752419054745076 0.0
57854.39347722221 9.758701658751338 0.0 9.758701658751338 0.0
57854.39352388888 9.814735465516353 0.0 9.814735465516353 0.0
57854.3936411111 10.032206202542021 0.0 10.032206202542021 0.0
57854.393687777774 10.123272453178878 0.0 10.123272453178878 0.0
57854.393734444435 10.111315922144819 0.0 10.111315922144819 0.0
57854.39385166667 9.933326116761469 0.0 9.933326116761469 0.0
57854.393898333336 10.04216915264439 0.0 10.04216915264439 0.0
57854.39394499999 10.10716768979705 0.0 10.10716768979705 0.0
57854.39406222221 9.770429382712953 0.0 9.770429382712953 0.0
57854.39410888889 9.81999277313971 0.0 9.81999277313971 0.0
57854.39415555554 9.881719845086389 0.0 9.881719845086389 0.0
57854.39427277777 9.79713585532741 0.0 9.79713585532741 0.0
57854.39431944444 9.852132567572987 0.0 9.852132567572987 0.0
57854.3943661111 9.897213684147543 0.0 9.897213684147543 0.0
57854.39448333332 9.794995430518126 0.0 9.794995430518126 0.0
57854.39453 9.849021565945096 0.0 9.849021565945096 0.0
57854.394576666666 9.908940244758444 0.0 9.908940244758444 0.0
57854.39469388888 9.819335763620147 0.0 9.819335763620147 0.0
57854.394740555545 9.97318986729082 0.0 9.97318986729082 0.0
57854.39478722221 9.969469523532592 0.0 9.969469523532592 0.0
57854.39490444443 9.852787390116498 0.0 9.852787390116498 0.0
57854.39495111111 9.973998454044912 0.0 9.973998454044912 0.0
57854.39499777777 10.237029559083455 0.0 10.237029559083455 0.0
57854.395115 10.25466062413228 0.0 10.25466062413228 0.0
57854.39516166667 10.332379421804497 0.0 10.332379421804497 0.0
57854.395208333335 10.417572003668267 0.0 10.417572003668267 0.0
57854.39537222222 9.860969002964127 0.0 9.860969002964127 0.0
57854.39541888889 9.873228710066952 0.0 9.873228710066952 0.0
57854.39553611111 9.918376558106026 0.0 9.918376558106026 0.0
57854.39558277777 9.906335542013895 0.0 9.906335542013895 0.0
57854.39562944444 9.906823975943176 0.0 9.906823975943176 0.0
57854.39574666667 9.756387485857331 0.0 9.756387485857331 0.0
57854.39579333334 9.722604191165273 0.0 9.722604191165273 0.0
57854.39791944445 9.929428401831435 0.0 9.929428401831435 0.0
57854.398036666666 9.75324594438246 0.0 9.75324594438246 0.0
57854.39808333332 9.823769725156591 0.0 9.823769725156591 0.0
57854.39812999999 9.848038940202354 0.0 9.848038940202354 0.0
57854.39824722221 9.809310915918676 0.0 9.809310915918676 0.0
57854.39829388888 9.882372707127608 0.0 9.882372707127608 0.0
57854.398340555555 9.765640887083851 0.0 9.765640887083851 0.0
57854.39850444444 10.062386044235522 0.0 10.062386044235522 0.0
57854.3985511111 10.05741581636286 0.0 10.05741581636286 0.0
57854.398668333335 9.679376146252668 0.0 9.679376146252668 0.0
57854.398715 9.720447354633096 0.0 9.720447354633096 0.0
57854.398761666656 9.699185200231362 0.0 9.699185200231362 0.0
57854.398878888875 9.616518047341184 0.0 9.616518047341184 0.0
57854.39892555554 9.664868204965593 0.0 9.664868204965593 0.0
57854.398972222225 9.682874806385188 0.0 9.682874806385188 0.0
57854.399089444436 9.779999340325856 0.0 9.779999340325856 0.0
57854.3991361111 9.82245616744052 0.0 9.82245616744052 0.0
57854.39918277778 9.806350805933482 0.0 9.806350805933482 0.0
57854.39929999999 9.791701555645918 0.0 9.791701555645918 0.0
57854.399346666665 9.90600990601486 0.0 9.90600990601486 0.0
57854.39939333333 9.895257906303305 0.0 9.895257906303305 0.0
57854.399510555544 9.922278614472877 0.0 9.922278614472877 0.0
57854.39955722221 10.20641796821664 0.0 10.20641796821664 0.0
57854.39960388888 10.328007645983027 0.0 10.328007645983027 0.0
57854.39972111111 9.65518413315672 0.0 9.65518413315672 0.0
57854.39976777778 9.664200649487178 0.0 9.664200649487178 0.0
57854.39981444444 9.623727398064538 0.0 9.623727398064538 0.0
57854.39993166665 9.670373779345764 0.0 9.670373779345764 0.0
57854.399978333335 9.655685271616726 0.0 9.655685271616726 0.0
57854.40002499999 9.810626233670009 0.0 9.810626233670009 0.0
57854.40014222222 9.612324078678807 0.0 9.612324078678807 0.0
57854.40018888889 9.599395142235483 0.0 9.599395142235483 0.0
57854.40023555556 9.585944010927937 0.0 9.585944010927937 0.0
57854.400352777775 9.600235212172267 0.0 9.600235212172267 0.0
57854.40039944444 9.73669480914605 0.0 9.73669480914605 0.0
57854.400446111096 9.74613240081385 0.0 9.74613240081385 0.0
57854.400563333336 9.677376343990442 0.0 9.677376343990442 0.0
57854.40061 9.685706129436637 0.0 9.685706129436637 0.0
57854.40065666666 9.658023573943 0.0 9.658023573943 0.0
57854.400773888876 9.656019349474159 0.0 9.656019349474159 0.0
57854.40082055556 9.686871727806027 0.0 9.686871727806027 0.0
57854.40086722221 9.624565344186516 0.0 9.624565344186516 0.0
57854.400984444444 9.706000804291293 0.0 9.706000804291293 0.0
57854.40103111111 9.79713585532741 0.0 9.79713585532741 0.0
57854.40107777778 9.854096904661109 0.0 9.854096904661109 0.0
57854.40119499999 9.747125299948863 0.0 9.747125299948863 0.0
57854.40124166667 9.756387485857331 0.0 9.756387485857331 0.0
57854.40128833332 9.99354630458755 0.0 9.99354630458755 0.0
57854.401405555545 9.897376648189612 0.0 9.897376648189612 0.0
57854.40145222222 9.878944700072816 0.0 9.878944700072816 0.0
57854.40149888889 10.0088670365251 0.0 10.0088670365251 0.0
57854.4016161111 9.584597859536531 0.0 9.584597859536531 0.0
57854.40166277777 9.639133945838001 0.0 9.639133945838001 0.0
57854.40170944444 9.688536625078314 0.0 9.688536625078314 0.0
57854.40182666665 9.795983377006142 0.0 9.795983377006142 0.0
57854.401873333336 9.736363499456477 0.0 9.736363499456477 0.0
57854.40192 9.636791060072014 0.0 9.636791060072014 0.0
57854.40203722221 9.68720473015157 0.0 9.68720473015157 0.0
57854.40208388889 9.74464286242082 0.0 9.74464286242082 0.0
57854.40213055556 9.713807930782297 0.0 9.713807930782297 0.0
57854.402247777776 9.538715677395649 0.0 9.538715677395649 0.0
57854.40229444443 9.581736659883472 0.0 9.581736659883472 0.0
57854.4023411111 9.603258855469912 0.0 9.603258855469912 0.0
57854.40245833333 9.684540390779791 0.0 9.684540390779791 0.0
57854.40250499999 9.695692425654974 0.0 9.695692425654974 0.0
57854.40255166665 9.687870700503668 0.0 9.687870700503668 0.0
57854.40266888888 9.580221561179592 0.0 9.580221561179592 0.0
57854.40271555555 9.612491872558332 0.0 9.612491872558332 0.0
57854.40276222221 9.692198392388558 0.0 9.692198392388558 0.0
57854.402879444446 9.889877522970384 0.0 9.889877522970384 0.0
57854.40292611111 10.003386523347174 0.0 10.003386523347174 0.0
57854.40297277777 9.99806432878788 0.0 9.99806432878788 0.0
57854.403089999985 9.557972520868503 0.0 9.557972520868503 0.0
57854.40313666667 9.675709526371163 0.0 9.675709526371163 0.0
57854.40318333332 9.784780809188879 0.0 9.784780809188879 0.0
57854.40330055555 9.60611364469725 0.0 9.60611364469725 0.0
57854.40334722221 9.592840071905782 0.0 9.592840071905782 0.0
57854.403393888875 9.554765742136054 0.0 9.554765742136054 0.0
57854.4035111111 9.520097586921898 0.0 9.520097586921898 0.0
57854.403557777776 9.549531317666682 0.0 9.549531317666682 0.0
57854.403604444444 9.561852971995778 0.0 9.561852971995778 0.0
57854.403721666655 9.659025530225518 0.0 9.659025530225518 0.0
57854.40376833332 9.683874191398745 0.0 9.683874191398745 0.0
57854.40381499999 9.73155824143552 0.0 9.73155824143552 0.0
57854.40393222221 9.620207227330095 0.0 9.620207227330095 0.0
57854.40397888889 9.606953127141653 0.0 9.606953127141653 0.0
57854.404025555545 9.632271028230587 0.0 9.632271028230587 0.0
57854.40414277778 9.529580432831576 0.0 9.529580432831576 0.0
57854.404189444445 9.547842181486907 0.0 9.547842181486907 0.0
57854.40423611111 9.559153694487744 0.0 9.559153694487744 0.0
57854.40435333333 9.596538354380542 0.0 9.596538354380542 0.0
57854.4044 9.6109816221828 0.0 9.6109816221828 0.0
57854.40444666667 9.63796257414632 0.0 9.63796257414632 0.0
57854.404563888886 9.863585685776 0.0 9.863585685776 0.0
57854.404610555546 9.96218657174832 0.0 9.96218657174832 0.0
57854.40465722222 9.908289133265495 0.0 9.908289133265495 0.0
57854.40477444445 9.723267736922137 0.0 9.723267736922137 0.0
57854.40482111111 9.745801411956347 0.0 9.745801411956347 0.0
57854.41250277778 9.555609735613675 0.0 9.555609735613675 0.0
57854.41262 9.43722895359547 0.0 9.43722895359547 0.0
57854.412666666656 9.491082401986104 0.0 9.491082401986104 0.0
57854.412713333324 9.49685856379072 0.0 9.49685856379072 0.0
57854.41283055554 9.469645904065636 0.0 9.469645904065636 0.0
57854.41287722221 9.491592204717035 0.0 9.491592204717035 0.0
57854.412923888885 9.471178691506756 0.0 9.471178691506756 0.0
57854.41304111111 9.545645857599668 0.0 9.545645857599668 0.0
57854.41308777778 9.50246148077162 0.0 9.50246148077162 0.0
57854.41313444443 9.488872940313792 0.0 9.488872940313792 0.0
57854.413251666665 9.623392199186046 0.0 9.623392199186046 0.0
57854.41329833333 9.599395142235483 0.0 9.599395142235483 0.0
57854.413344999986 9.553246365975928 0.0 9.553246365975928 0.0
57854.41346222221 9.523654760647302 0.0 9.523654760647302 0.0
57854.41350888888 9.558984964335236 0.0 9.558984964335236 0.0
57854.413555555555 9.771584874918803 0.0 9.771584874918803 0.0
57854.413672777766 9.923253888817692 0.0 9.923253888817692 0.0
57854.413719444434 9.907800771565418 0.0 9.907800771565418 0.0
57854.41376611111 9.929103523188463 0.0 9.929103523188463 0.0
57854.41388333332 9.739841689115499 0.0 9.739841689115499 0.0
57854.41393 9.772245094836109 0.0 9.772245094836109 0.0
57854.41397666666 9.726916429465529 0.0 9.726916429465529 0.0
57854.414093888874 9.727413872410349 0.0 9.727413872410349 0.0
57854.41414055554 9.757544640910174 0.0 9.757544640910174 0.0
57854.41418722221 9.721774695281024 0.0 9.721774695281024 0.0
57854.41430444444 9.530257417909176 0.0 9.530257417909176 0.0
57854.41435111111 9.521622252672106 0.0 9.521622252672106 0.0
57854.41439777778 9.520097586921898 0.0 9.520097586921898 0.0
57854.41451499999 9.48241156205836 0.0 9.48241156205836 0.0
57854.414561666665 9.509078853661972 0.0 9.509078853661972 0.0
57854.414608333325 9.49685856379072 0.0 9.49685856379072 0.0
57854.41472555556 9.524501510958883 0.0 9.524501510958883 0.0
57854.41477222222 9.657355545336014 0.0 9.657355545336014 0.0
57854.41481888889 9.79384270032502 0.0 9.79384270032502 0.0
57854.414889444444 9.832139530231224 0.0 9.832139530231224 0.0
57854.41493611111 9.804212392903434 0.0 9.804212392903434 0.0
57854.41498277778 9.8319754848903 0.0 9.8319754848903 0.0
57854.41502944443 9.717460175275457 0.0 9.717460175275457 0.0
57854.415146666666 9.845418125428505 0.0 9.845418125428505 0.0
57854.415193333334 9.954412216733099 0.0 9.954412216733099 0.0
57854.41523999999 9.847547590562186 0.0 9.847547590562186 0.0
57854.41535722221 9.555609735613675 0.0 9.555609735613675 0.0
57854.41540388889 9.71281162575592 0.0 9.71281162575592 0.0
57854.41545055554 9.841485594648677 0.0 9.841485594648677 0.0
57854.415567777774 9.643985255738585 0.0 9.643985255738585 0.0
57854.41561444444 9.762667536045402 0.0 9.762667536045402 0.0
57854.41566111111 9.795324757085607 0.0 9.795324757085607 0.0
57854.41577833332 9.50941808198927 0.0 9.50941808198927 0.0
57854.415825 9.523993469805784 0.0 9.523993469805784 0.0
57854.41587166666 9.54818003262841 0.0 9.54818003262841 0.0
57854.415988888875 9.527887759692089 0.0 9.527887759692089 0.0
57854.41603555556 9.53533327394283 0.0 9.53533327394283 0.0
57854.416082222226 9.584597859536531 0.0 9.584597859536531 0.0
57854.41619944443 9.627246281660293 0.0 9.627246281660293 0.0
57854.4162461111 9.739676089202383 0.0 9.739676089202383 0.0
57854.41629277778 9.850495320770229 0.0 9.850495320770229 0.0
57854.41640999999 9.50653425536284 0.0 9.50653425536284 0.0
57854.416456666666 9.480370211908324 0.0 9.480370211908324 0.0
57854.416503333334 9.471348985910256 0.0 9.471348985910256 0.0
57854.416620555545 9.644654210427126 0.0 9.644654210427126 0.0
57854.41666722222 9.763658753667322 0.0 9.763658753667322 0.0
57854.41671388889 9.682375075195868 0.0 9.682375075195868 0.0
57854.41683111111 9.558478756006744 0.0 9.558478756006744 0.0
57854.41687777777 9.626743662754665 0.0 9.626743662754665 0.0
57854.416924444435 9.678209645150485 0.0 9.678209645150485 0.0
57854.41704166667 9.456521900340151 0.0 9.456521900340151 0.0
57854.41708833332 9.505855580776547 0.0 9.505855580776547 0.0
57854.41713499999 9.553752851544104 0.0 9.553752851544104 0.0
57854.41725222221 9.635284618391893 0.0 9.635284618391893 0.0
57854.41729888889 9.558310013939737 0.0 9.558310013939737 0.0
57854.41734555554 9.519250444875272 0.0 9.519250444875272 0.0
57854.417462777776 9.474073280069614 0.0 9.474073280069614 0.0
57854.41750944444 9.488872940313792 0.0 9.488872940313792 0.0
57854.4175561111 9.535671568277953 0.0 9.535671568277953 0.0
57854.41767333332 9.532795683763872 0.0 9.532795683763872 0.0
57854.41772 9.639133945838001 0.0 9.639133945838001 0.0
57854.41776666666 9.764649870669924 0.0 9.764649870669924 0.0
57854.41788388888 9.560166012865487 0.0 9.560166012865487 0.0
57854.417930555544 9.556791201261861 0.0 9.556791201261861 0.0
57854.41797722221 9.534656649264033 0.0 9.534656649264033 0.0
57854.41809444443 9.506873574487583 0.0 9.506873574487583 0.0
57854.41814111111 9.5036495536562 0.0 9.5036495536562 0.0
57854.41818777778 9.538546585709057 0.0 9.538546585709057 0.0
57854.41830499999 9.49295154481777 0.0 9.49295154481777 0.0
57854.41835166665 9.512470592553417 0.0 9.512470592553417 0.0
57854.41839833332 9.481901265722145 0.0 9.481901265722145 0.0
57854.418515555546 9.426797766422712 0.0 9.426797766422712 0.0
57854.41856222222 9.456521900340151 0.0 9.456521900340151 0.0
57854.418608888875 9.431416272396515 0.0 9.431416272396515 0.0
57854.418726111115 9.46078493640476 0.0 9.46078493640476 0.0
57854.418772777775 9.45396315599118 0.0 9.45396315599118 0.0
57854.41881944444 9.429192829683506 0.0 9.429192829683506 0.0
57854.41893666667 9.499066168024944 0.0 9.499066168024944 0.0
57854.41898333334 9.51755593457385 0.0 9.51755593457385 0.0
57854.41903 9.469645904065636 0.0 9.469645904065636 0.0
57854.41914722222 9.44577051622372 0.0 9.44577051622372 0.0
57854.419193888876 9.491082401986104 0.0 9.491082401986104 0.0
57854.41924055556 9.500084889264192 0.0 9.500084889264192 0.0
57854.41935777778 9.47322202230429 0.0 9.47322202230429 0.0
57854.419404444445 9.476115986708288 0.0 9.476115986708288 0.0
57854.421530555555 9.548011108551991 0.0 9.548011108551991 0.0
57854.42164777778 9.4404756577813 0.0 9.4404756577813 0.0
57854.421694444434 9.484112351547413 0.0 9.484112351547413 0.0
57854.4217411111 9.536178987278886 0.0 9.536178987278886 0.0
57854.42185833332 9.444745936575085 0.0 9.444745936575085 0.0
57854.42190499999 9.55054465597677 0.0 9.55054465597677 0.0
57854.42195166666 9.592167503716501 0.0 9.592167503716501 0.0
57854.42206888889 9.447477902047584 0.0 9.447477902047584 0.0
57854.42211555556 9.476115986708288 0.0 9.476115986708288 0.0
57854.42216222221 9.507552176406753 0.0 9.507552176406753 0.0
57854.42227944444 9.448331479257885 0.0 9.448331479257885 0.0
57854.42232611111 9.470327173556019 0.0 9.470327173556019 0.0
57854.422372777764 9.519928164543288 0.0 9.519928164543288 0.0
57854.42248999999 9.475094688436558 0.0 9.475094688436558 0.0
57854.42253666666 9.49414080775187 0.0 9.49414080775187 0.0
57854.42258333333 9.533979976565318 0.0 9.533979976565318 0.0
57854.422700555544 9.391142017193477 0.0 9.391142017193477 0.0
57854.42274722221 9.412243227873214 0.0 9.412243227873214 0.0
57854.42279388889 9.421834627180393 0.0 9.421834627180393 0.0
57854.4229111111 9.454816147715237 0.0 9.454816147715237 0.0
57854.42295777778 9.49940575391005 0.0 9.49940575391005 0.0
57854.42300444444 9.566406275726433 0.0 9.566406275726433 0.0
57854.42312166665 9.449184979361634 0.0 9.449184979361634 0.0
57854.42316833332 9.49295154481777 0.0 9.49295154481777 0.0
57854.42321499999 9.465046052407434 0.0 9.465046052407434 0.0
57854.42333222222 9.56421421489435 0.0 9.56421421489435 0.0
57854.42337888889 9.588635746750992 0.0 9.588635746750992 0.0
57854.42342555556 9.515861122527264 0.0 9.515861122527264 0.0
57854.42354277777 9.38598818417903 0.0 9.38598818417903 0.0
57854.42358944444 9.443550453155336 0.0 9.443550453155336 0.0
57854.423636111096 9.492781637950303 0.0 9.492781637950303 0.0
57854.423753333336 9.459250464748184 0.0 9.459250464748184 0.0
57854.4238 9.501612766330267 0.0 9.501612766330267 0.0
57854.423846666665 9.510096502342707 0.0 9.510096502342707 0.0
57854.42396388889 9.443892035288924 0.0 9.443892035288924 0.0
57854.42401055556 9.48360214672776 0.0 9.48360214672776 0.0
57854.42405722221 9.497707703067263 0.0 9.497707703067263 0.0
57854.424174444444 9.449526357817982 0.0 9.449526357817982 0.0
57854.42422111111 9.435348772123524 0.0 9.435348772123524 0.0
57854.424267777766 9.472200412003605 0.0 9.472200412003605 0.0
57854.42438499999 9.552908694011947 0.0 9.552908694011947 0.0
57854.424431666666 9.58257827787558 0.0 9.58257827787558 0.0
57854.42447833332 9.613666347713618 0.0 9.613666347713618 0.0
57854.42459555555 9.594857493604618 0.0 9.594857493604618 0.0
57854.42464222222 9.571631471815977 0.0 9.571631471815977 0.0
57854.42468888889 9.617356621603298 0.0 9.617356621603298 0.0
57854.4248061111 9.40710095550679 0.0 9.40710095550679 0.0
57854.424852777775 9.42765321600717 0.0 9.42765321600717 0.0
57854.424899444435 9.434835930330642 0.0 9.434835930330642 0.0
57854.42501666665 9.455498485690919 0.0 9.455498485690919 0.0
57854.425063333336 9.544125029600416 0.0 9.544125029600416 0.0
57854.42511 9.509926901791589 0.0 9.509926901791589 0.0
57854.42522722221 9.563370980785438 0.0 9.563370980785438 0.0
57854.425273888875 9.608128279340262 0.0 9.608128279340262 0.0
57854.42532055556 9.52416281986794 0.0 9.52416281986794 0.0
57854.42543777777 9.496688726824393 0.0 9.496688726824393 0.0
57854.425484444444 9.498896370529817 0.0 9.498896370529817 0.0
57854.42553111111 9.518233774894814 0.0 9.518233774894814 0.0
57854.42564833332 9.413442687232257 0.0 9.413442687232257 0.0
57854.425695 9.411557753891687 0.0 9.411557753891687 0.0
57854.425741666666 9.394576335105754 0.0 9.394576335105754 0.0
57854.42585888889 9.438937884481323 0.0 9.438937884481323 0.0
57854.425905555545 9.430390133208494 0.0 9.430390133208494 0.0
57854.42595222221 9.451233065140913 0.0 9.451233065140913 0.0
57854.426069444446 9.412414588568481 0.0 9.412414588568481 0.0
57854.4261161111 9.448672888551 0.0 9.448672888551 0.0
57854.42616277777 9.464534819780564 0.0 9.464534819780564 0.0
57854.426279999985 9.394061267459042 0.0 9.394061267459042 0.0
57854.42632666667 9.399210673791845 0.0 9.399210673791845 0.0
57854.42637333332 9.396293023349429 0.0 9.396293023349429 0.0
57854.426490555554 9.433126256323613 0.0 9.433126256323613 0.0
57854.42653722222 9.42662666719016 0.0 9.42662666719016 0.0
57854.426583888875 9.768448220938742 0.0 9.768448220938742 0.0
57854.4267011111 9.44235481837709 0.0 9.44235481837709 0.0
57854.426747777776 9.446453507585149 0.0 9.446453507585149 0.0
57854.42679444444 9.458056814678024 0.0 9.458056814678024 0.0
57854.426911666655 9.451403718922629 0.0 9.451403718922629 0.0
57854.42695833332 9.461978242316167 0.0 9.461978242316167 0.0
57854.42700499999 9.457033566133079 0.0 9.457033566133079 0.0
57854.42916944445 9.790218950400149 0.0 9.790218950400149 0.0
57854.429286666666 9.377564165465325 0.0 9.377564165465325 0.0
57854.42933333332 9.398181018240333 0.0 9.398181018240333 0.0
57854.42937999999 9.406929498016085 0.0 9.406929498016085 0.0
57854.42949722221 9.469986544937132 0.0 9.469986544937132 0.0
57854.42954388888 9.547842181486907 0.0 9.547842181486907 0.0
57854.429590555555 9.638129921675509 0.0 9.638129921675509 0.0
57854.42970777778 9.630093959947606 0.0 9.630093959947606 0.0
57854.42975444444 9.712479501369161 0.0 9.712479501369161 0.0
57854.4298011111 9.762006668382705 0.0 9.762006668382705 0.0
57854.429918333335 9.554596934494157 0.0 9.554596934494157 0.0
57854.429965 9.667037441906686 0.0 9.667037441906686 0.0
57854.430011666656 9.655685271616726 0.0 9.655685271616726 0.0
57854.430128888875 9.54243493643677 0.0 9.54243493643677 0.0
57854.43017555554 9.588803955151164 0.0 9.588803955151164 0.0
57854.430222222225 9.585775752342299 0.0 9.585775752342299 0.0
57854.430339444436 9.381863079298785 0.0 9.381863079298785 0.0
57854.4303861111 9.395434718435709 0.0 9.395434718435709 0.0
57854.43043277778 9.416355023865863 0.0 9.416355023865863 0.0
57854.43054999999 9.45242757691241 0.0 9.45242757691241 0.0
57854.430596666665 9.481731160840388 0.0 9.481731160840388 0.0
57854.43064333333 9.48921289097903 0.0 9.48921289097903 0.0
57854.430760555544 9.534149149242424 0.0 9.534149149242424 0.0
57854.43080722221 9.544125029600416 0.0 9.544125029600416 0.0
57854.43085388888 9.560166012865487 0.0 9.560166012865487 0.0
57854.43097111111 9.465046052407434 0.0 9.465046052407434 0.0
57854.43101777778 9.493631141879513 0.0 9.493631141879513 0.0
57854.43106444444 9.492101980067428 0.0 9.492101980067428 0.0
57854.43118166665 9.389596164321032 0.0 9.389596164321032 0.0
57854.431228333335 9.422348176611301 0.0 9.422348176611301 0.0
57854.43127499999 9.424744370624218 0.0 9.424744370624218 0.0
57854.43139222222 9.402642044625265 0.0 9.402642044625265 0.0
57854.43143888889 9.433468215913232 0.0 9.433468215913232 0.0
57854.43148555556 9.452086303238612 0.0 9.452086303238612 0.0
57854.431602777775 9.392687615648743 0.0 9.392687615648743 0.0
57854.43164944444 9.410358054276012 0.0 9.410358054276012 0.0
57854.431696111096 9.441159032182846 0.0 9.441159032182846 0.0
57854.431813333336 9.387534631180483 0.0 9.387534631180483 0.0
57854.43186 9.394919697849058 0.0 9.394919697849058 0.0
57854.43190666666 9.426455564851988 0.0 9.426455564851988 0.0
57854.432023888876 9.344137371946458 0.0 9.344137371946458 0.0
57854.43207055556 9.346208477410814 0.0 9.346208477410814 0.0
57854.43211722221 9.361037990418824 0.0 9.361037990418824 0.0
57854.432234444444 9.393546171570103 0.0 9.393546171570103 0.0
57854.43228111111 9.43774166535276 0.0 9.43774166535276 0.0
57854.43232777778 9.463171397751697 0.0 9.463171397751697 0.0
57854.43244499999 9.563033666322932 0.0 9.563033666322932 0.0
57854.43249166667 9.77323534108629 0.0 9.77323534108629 0.0
57854.43253833332 9.913008722657509 0.0 9.913008722657509 0.0
57854.432655555545 9.482241466330969 0.0 9.482241466330969 0.0
57854.43270222222 9.502970673052886 0.0 9.502970673052886 0.0
57854.43274888889 9.543787034911347 0.0 9.543787034911347 0.0
57854.4328661111 9.384269610845175 0.0 9.384269610845175 0.0
57854.43291277777 9.411900497122883 0.0 9.411900497122883 0.0
57854.43295944444 9.448160769985018 0.0 9.448160769985018 0.0
57854.43307666665 9.445941268693813 0.0 9.445941268693813 0.0
57854.433123333336 9.453451324013038 0.0 9.453451324013038 0.0
57854.43317 9.457715744130514 0.0 9.457715744130514 0.0
57854.43328722221 9.435006880692228 0.0 9.435006880692228 0.0
57854.43333388889 9.423717504939503 0.0 9.423717504939503 0.0
57854.43338055556 9.38083151964686 0.0 9.38083151964686 0.0
57854.433497777776 9.398181018240333 0.0 9.398181018240333 0.0
57854.43354444443 9.423375191511798 0.0 9.423375191511798 0.0
57854.4335911111 9.50890923496011 0.0 9.50890923496011 0.0
57854.43370833333 9.521452857423021 0.0 9.521452857423021 0.0
57854.43375499999 9.584766138799834 0.0 9.584766138799834 0.0
57854.43380166665 9.719783616335658 0.0 9.719783616335658 0.0
57854.43391888888 9.520944653592636 0.0 9.520944653592636 0.0
57854.43396555555 9.619704240641672 0.0 9.619704240641672 0.0
57854.43401222221 9.617356621603298 0.0 9.617356621603298 0.0
57854.434129444446 9.388909036902307 0.0 9.388909036902307 0.0
57854.43417611111 9.405214751196754 0.0 9.405214751196754 0.0
57854.43422277777 9.461807779257246 0.0 9.461807779257246 0.0
57854.434339999985 9.425086634324172 0.0 9.425086634324172 0.0
57854.43438666667 9.414299350353403 0.0 9.414299350353403 0.0
57854.43443333332 9.479009067577993 0.0 9.479009067577993 0.0
57854.43455055555 9.39835263533267 0.0 9.39835263533267 0.0
57854.43459722221 9.379112001436164 0.0 9.379112001436164 0.0
57854.434643888875 9.409158201694567 0.0 9.409158201694567 0.0
57854.4347611111 9.47271123092624 0.0 9.47271123092624 0.0
57854.434807777776 9.521114057883448 0.0 9.521114057883448 0.0
57854.434854444444 9.57062036618047 0.0 9.57062036618047 0.0
57854.434971666655 9.383753977469647 0.0 9.383753977469647 0.0
57854.43501833332 9.44986772394196 0.0 9.44986772394196 0.0
57854.43506499999 9.505007169398798 0.0 9.505007169398798 0.0
57854.43518222221 9.508400360699735 0.0 9.508400360699735 0.0
57854.43522888889 9.53093435490033 0.0 9.53093435490033 0.0
57854.435275555545 9.563539633555175 0.0 9.563539633555175 0.0
57854.43539277778 9.599563162104088 0.0 9.599563162104088 0.0
57854.435439444445 9.560166012865487 0.0 9.560166012865487 0.0
57854.43548611111 9.551726748131344 0.0 9.551726748131344 0.0
57854.43560333333 9.360176452706778 0.0 9.360176452706778 0.0
57854.43565 9.387706442899912 0.0 9.387706442899912 0.0
57854.43569666667 9.406929498016085 0.0 9.406929498016085 0.0
57854.435813888886 9.372402866067537 0.0 9.372402866067537 0.0
57854.435860555546 9.373951554277175 0.0 9.373951554277175 0.0
57854.43590722222 9.37687615635468 0.0 9.37687615635468 0.0
57854.43602444445 9.44235481837709 0.0 9.44235481837709 0.0
57854.43607111111 9.436203446507019 0.0 9.436203446507019 0.0
57854.44653055556 9.27953002146956 0.0 9.27953002146956 0.0
57854.446647777775 9.214294645085516 0.0 9.214294645085516 0.0
57854.446694444436 9.215694887422464 0.0 9.215694887422464 0.0
57854.446741111096 9.244353115071332 0.0 9.244353115071332 0.0
57854.44685833332 9.289258451601244 0.0 9.289258451601244 0.0
57854.44690499999 9.295507065937997 0.0 9.295507065937997 0.0
57854.446951666665 9.304005380965355 0.0 9.304005380965355 0.0
57854.44706888889 9.234053385999232 0.0 9.234053385999232 0.0
57854.44711555556 9.266832983732204 0.0 9.266832983732204 0.0
57854.44716222221 9.310937030562325 0.0 9.310937030562325 0.0
57854.447279444445 9.378424105876073 0.0 9.378424105876073 0.0
57854.44732611111 9.48105071079388 0.0 9.48105071079388 0.0
57854.447372777766 9.54986910905066 0.0 9.54986910905066 0.0
57854.44748999999 9.31717110604688 0.0 9.31717110604688 0.0
57854.44753666665 9.322189968373936 0.0 9.322189968373936 0.0
57854.447583333334 9.361037990418824 0.0 9.361037990418824 0.0
57854.447700555545 9.406586573659009 0.0 9.406586573659009 0.0
57854.44774722221 9.44235481837709 0.0 9.44235481837709 0.0
57854.44779388889 9.486152896416625 0.0 9.486152896416625 0.0
57854.4479111111 9.333083714019887 0.0 9.333083714019887 0.0
57854.447957777775 9.362416285856842 0.0 9.362416285856842 0.0
57854.44800444444 9.415841147562391 0.0 9.415841147562391 0.0
57854.44812166665 9.293424661312098 0.0 9.293424661312098 0.0
57854.44816833332 9.342065807324794 0.0 9.342065807324794 0.0
57854.44821499999 9.372747041117359 0.0 9.372747041117359 0.0
57854.44833222222 9.375672018924917 0.0 9.375672018924917 0.0
57854.44837888889 9.402813580296403 0.0 9.402813580296403 0.0
57854.44842555556 9.367583087607272 0.0 9.367583087607272 0.0
57854.44854277777 9.311283477587825 0.0 9.311283477587825 0.0
57854.448589444444 9.273618495495702 0.0 9.273618495495702 0.0
57854.4486361111 9.297762477971471 0.0 9.297762477971471 0.0
57854.44870666667 9.36947686769083 0.0 9.36947686769083 0.0
57854.44875333333 9.29810941588006 0.0 9.29810941588006 0.0
57854.4488 9.296201097153055 0.0 9.296201097153055 0.0
57854.448846666666 9.274488073864674 0.0 9.274488073864674 0.0
57854.44896388889 9.281441767867888 0.0 9.281441767867888 0.0
57854.44901055555 9.316997993608414 0.0 9.316997993608414 0.0
57854.44905722221 9.328589424192774 0.0 9.328589424192774 0.0
57854.449174444446 9.403842728614517 0.0 9.403842728614517 0.0
57854.449221111114 9.55054465597677 0.0 9.55054465597677 0.0
57854.44926777777 9.609806818910263 0.0 9.609806818910263 0.0
57854.449384999985 9.430561164160261 0.0 9.430561164160261 0.0
57854.44943166667 9.405900687437407 0.0 9.405900687437407 0.0
57854.44947833332 9.364311110842332 0.0 9.364311110842332 0.0
57854.449595555554 9.267529162306078 0.0 9.267529162306078 0.0
57854.44964222222 9.259171564698223 0.0 9.259171564698223 0.0
57854.44968888889 9.268225288586809 0.0 9.268225288586809 0.0
57854.4498061111 9.288911183111933 0.0 9.288911183111933 0.0
57854.449852777776 9.321497872157948 0.0 9.321497872157948 0.0
57854.44989944443 9.313188705860508 0.0 9.313188705860508 0.0
57854.450016666655 9.278660915622295 0.0 9.278660915622295 0.0
57854.45006333333 9.259868319275528 0.0 9.259868319275528 0.0
57854.45011 9.256732510675327 0.0 9.256732510675327 0.0
57854.45022722221 9.309031341451645 0.0 9.309031341451645 0.0
57854.45027388888 9.385300792608723 0.0 9.385300792608723 0.0
57854.45032055555 9.344309981601533 0.0 9.344309981601533 0.0
57854.45043777776 9.26770319877828 0.0 9.26770319877828 0.0
57854.450484444445 9.252898412511513 0.0 9.252898412511513 0.0
57854.45053111111 9.258474757686047 0.0 9.258474757686047 0.0
57854.450648333324 9.295854088022597 0.0 9.295854088022597 0.0
57854.450695 9.347761505370702 0.0 9.347761505370702 0.0
57854.45074166667 9.394061267459042 0.0 9.394061267459042 0.0
57854.450858888886 9.315959251424061 0.0 9.315959251424061 0.0
57854.450905555546 9.280572841051598 0.0 9.280572841051598 0.0
57854.450952222214 9.346898743916736 0.0 9.346898743916736 0.0
57854.45106944445 9.261958268516542 0.0 9.261958268516542 0.0
57854.4511161111 9.308164990150903 0.0 9.308164990150903 0.0
57854.45116277777 9.32876232153081 0.0 9.32876232153081 0.0
57854.45127999999 9.332046762323555 0.0 9.332046762323555 0.0
57854.45132666667 9.432442299952621 0.0 9.432442299952621 0.0
57854.45137333332 9.48071046745664 0.0 9.48071046745664 0.0
57854.453475 9.309031341451645 0.0 9.309031341451645 0.0
57854.45359222222 9.586448768965491 0.0 9.586448768965491 0.0
57854.453638888874 9.656687470516264 0.0 9.656687470516264 0.0
57854.45368555554 9.729900705656533 0.0 9.729900705656533 0.0
57854.45380277777 9.31578611646607 0.0 9.31578611646607 0.0
57854.453849444435 9.400068633929257 0.0 9.400068633929257 0.0
57854.45389611111 9.453792548410775 0.0 9.453792548410775 0.0
57854.454013333336 9.273618495495702 0.0 9.273618495495702 0.0
57854.45406 9.347761505370702 0.0 9.347761505370702 0.0
57854.45410666666 9.404014242384351 0.0 9.404014242384351 0.0
57854.45422388889 9.314574081651864 0.0 9.314574081651864 0.0
57854.45427055556 9.324611900598018 0.0 9.324611900598018 0.0
57854.45431722221 9.351901652398244 0.0 9.351901652398244 0.0
57854.45443444443 9.271531174653983 0.0 9.271531174653983 0.0
57854.4544811111 9.302965188063565 0.0 9.302965188063565 0.0
57854.45452777778 9.321497872157948 0.0 9.321497872157948 0.0
57854.45464499999 11.42295368841798 0.0 11.42295368841798 0.0
57854.45469166666 9.5680921346303 0.0 9.5680921346303 0.0
57854.454738333334 9.349831808043911 0.0 9.349831808043911 0.0
57854.454855555545 9.310590570645534 0.0 9.310590570645534 0.0
57854.45490222222 9.327033203923786 0.0 9.327033203923786 0.0
57854.45494888889 9.376532132868187 0.0 9.376532132868187 0.0
57854.4550661111 9.750268813498623 0.0 9.750268813498623 0.0
57854.45511277777 9.848038940202354 0.0 9.848038940202354 0.0
57854.455159444435 9.902752957083814 0.0 9.902752957083814 0.0
57854.45527666667 9.392515895046953 0.0 9.392515895046953 0.0
57854.455323333335 9.470838093513605 0.0 9.470838093513605 0.0
57854.45537 9.59149488836586 0.0 9.59149488836586 0.0
57854.45548722221 9.4960093485836 0.0 9.4960093485836 0.0
57854.45553388889 9.541082646351835 0.0 9.541082646351835 0.0
57854.45558055554 9.562527672319227 0.0 9.562527672319227 0.0
57854.455697777776 9.61567939994781 0.0 9.61567939994781 0.0
57854.45574444444 9.54023736771041 0.0 9.54023736771041 0.0
57854.45579111111 9.451745017242464 0.0 9.451745017242464 0.0
57854.45590833333 9.397151249868399 0.0 9.397151249868399 0.0
57854.455955 9.407272409872501 0.0 9.407272409872501 0.0
57854.45600166666 9.453792548410775 0.0 9.453792548410775 0.0
57854.45611888889 9.350176813922445 0.0 9.350176813922445 0.0
57854.45616555556 9.33118254788403 0.0 9.33118254788403 0.0
57854.45621222221 9.399210673791845 0.0 9.399210673791845 0.0
57854.45632944443 9.330836839696227 0.0 9.330836839696227 0.0
57854.45637611111 9.320978766271828 0.0 9.320978766271828 0.0
57854.45642277777 9.33360214666653 0.0 9.33360214666653 0.0
57854.45654 9.293424661312098 0.0 9.293424661312098 0.0
57854.45658666667 9.307818427051945 0.0 9.307818427051945 0.0
57854.456633333335 9.341202519811302 0.0 9.341202519811302 0.0
57854.456750555546 9.306258733395673 0.0 9.306258733395673 0.0
57854.45679722222 9.31214953876161 0.0 9.31214953876161 0.0
57854.456843888875 9.35224658191989 0.0 9.35224658191989 0.0
57854.4569611111 9.309031341451645 0.0 9.309031341451645 0.0
57854.457007777775 9.309377859397063 0.0 9.309377859397063 0.0
57854.45705444444 9.360176452706778 0.0 9.360176452706778 0.0
57854.457171666654 9.559491145858233 0.0 9.559491145858233 0.0
57854.45721833332 9.598554998775395 0.0 9.598554998775395 0.0
57854.457265 9.602754981035726 0.0 9.602754981035726 0.0
57854.45738222221 9.408129634832124 0.0 9.408129634832124 0.0
57854.45742888889 9.43722895359547 0.0 9.43722895359547 0.0
57854.45747555556 9.45157436962309 0.0 9.45157436962309 0.0
57854.45759277777 9.31266913680567 0.0 9.31266913680567 0.0
57854.457639444445 9.288042955083913 0.0 9.288042955083913 0.0
57854.45768611111 9.314747239138173 0.0 9.314747239138173 0.0
57854.45780333333 9.368271779204116 0.0 9.368271779204116 0.0
57854.45784999999 9.34379214307035 0.0 9.34379214307035 0.0
57854.45789666665 9.297762477971471 0.0 9.297762477971471 0.0
57854.45801388889 9.33118254788403 0.0 9.33118254788403 0.0
57854.458060555546 9.273618495495702 0.0 9.273618495495702 0.0
57854.45810722221 9.275879229694132 0.0 9.275879229694132 0.0
57854.45822444443 9.33291089673804 0.0 9.33291089673804 0.0
57854.458271111114 9.319075130629786 0.0 9.319075130629786 0.0
57854.45831777777 9.347761505370702 0.0 9.347761505370702 0.0
57854.458435 9.487513015843849 0.0 9.487513015843849 0.0
57854.45848166667 9.519928164543288 0.0 9.519928164543288 0.0
57854.45852833332 9.511622771217091 0.0 9.511622771217091 0.0
57854.45864555555 9.383410206144363 0.0 9.383410206144363 0.0
57854.45869222222 9.453280707195374 0.0 9.453280707195374 0.0
57854.458738888876 9.531611243815277 0.0 9.531611243815277 0.0
57854.4588561111 9.48360214672776 0.0 9.48360214672776 0.0
57854.45890277777 9.519250444875272 0.0 9.519250444875272 0.0
57854.45894944443 9.534149149242424 0.0 9.534149149242424 0.0
57854.459066666655 9.458397872926506 0.0 9.458397872926506 0.0
57854.45911333333 9.500763976072255 0.0 9.500763976072255 0.0
57854.45916 9.614840679404033 0.0 9.614840679404033 0.0
57854.45927722221 9.507552176406753 0.0 9.507552176406753 0.0
57854.45932388888 9.586617015738742 0.0 9.586617015738742 0.0
57854.459370555545 9.644988670372449 0.0 9.644988670372449 0.0
57854.45948777776 9.543618033077934 0.0 9.543618033077934 0.0
57854.459534444446 9.582746592604048 0.0 9.582746592604048 0.0
57854.4595811111 9.61450517070012 0.0 9.61450517070012 0.0
57854.45969833333 9.817528760729042 0.0 9.817528760729042 0.0
57854.459745 10.002580312260722 0.0 10.002580312260722 0.0
57854.45979166667 10.133464204021918 0.0 10.133464204021918 0.0
57854.459908888886 9.670707349783743 0.0 9.670707349783743 0.0
57854.459955555554 9.75076506510329 0.0 9.75076506510329 0.0
57854.46000222222 9.835419862464832 0.0 9.835419862464832 0.0
57854.46011944445 9.459761982956735 0.0 9.459761982956735 0.0
57854.4601661111 9.499066168024944 0.0 9.499066168024944 0.0
57854.460212777776 9.454304361915895 0.0 9.454304361915895 0.0
57854.46033 9.419437692963042 0.0 9.419437692963042 0.0
57854.46037666667 9.51484409039455 0.0 9.51484409039455 0.0
57854.46250277778 9.873392069990027 0.0 9.873392069990027 0.0
57854.46262 9.471519277251927 0.0 9.471519277251927 0.0
57854.46266666665 9.522299803534183 0.0 9.522299803534183 0.0
57854.46271333332 9.554259310262724 0.0 9.554259310262724 0.0
57854.462830555545 9.35224658191989 0.0 9.35224658191989 0.0
57854.46287722221 9.347416410345005 0.0 9.347416410345005 0.0
57854.46292388889 9.343101647049377 0.0 9.343101647049377 0.0
57854.463041111114 9.31717110604688 0.0 9.31717110604688 0.0
57854.463087777774 9.313881419514326 0.0 9.313881419514326 0.0
57854.463134444435 9.31145669626679 0.0 9.31145669626679 0.0
57854.46325166667 9.3020982717914 0.0 9.3020982717914 0.0
57854.463298333336 9.332219595607743 0.0 9.332219595607743 0.0
57854.46334499999 9.387878251474936 0.0 9.387878251474936 0.0
57854.46346222221 9.466409204434722 0.0 9.466409204434722 0.0
57854.463508888875 9.544800983071967 0.0 9.544800983071967 0.0
57854.46355555556 9.478498588060821 0.0 9.478498588060821 0.0
57854.46367277777 9.383925858409635 0.0 9.383925858409635 0.0
57854.46371944443 9.388050056905733 0.0 9.388050056905733 0.0
57854.46376611111 9.41104361564029 0.0 9.41104361564029 0.0
57854.46388333332 9.459932482879841 0.0 9.459932482879841 0.0
57854.46393 9.363105357491385 0.0 9.363105357491385 0.0
57854.463976666666 9.373607423454017 0.0 9.373607423454017 0.0
57854.46409388888 9.415669849228859 0.0 9.415669849228859 0.0
57854.464140555545 9.370165420097983 0.0 9.370165420097983 0.0
57854.46418722221 9.388909036902307 0.0 9.388909036902307 0.0
57854.464304444446 9.425086634324172 0.0 9.425086634324172 0.0
57854.46435111111 9.407786754221378 0.0 9.407786754221378 0.0
57854.46439777778 9.422690527349053 0.0 9.422690527349053 0.0
57854.464514999985 9.306951962845282 0.0 9.306951962845282 0.0
57854.46456166667 9.334638925580773 0.0 9.334638925580773 0.0
57854.46460833332 9.347243858054389 0.0 9.347243858054389 0.0
57854.464725555554 9.365688924593751 0.0 9.365688924593751 0.0
57854.46477222222 9.42320403013478 0.0 9.42320403013478 0.0
57854.46481888889 9.437399860609501 0.0 9.437399860609501 0.0
57854.46493611111 9.562359001701378 0.0 9.562359001701378 0.0
57854.464982777776 9.643316254644809 0.0 9.643316254644809 0.0
57854.46502944444 9.500084889264192 0.0 9.500084889264192 0.0
57854.46514666667 9.476286192385707 0.0 9.476286192385707 0.0
57854.46519333333 9.673208761416012 0.0 9.673208761416012 0.0
57854.46523999999 9.838699100999074 0.0 9.838699100999074 0.0
57854.46535722221 9.465727652959385 0.0 9.465727652959385 0.0
57854.46540388889 9.487343011578892 0.0 9.487343011578892 0.0
57854.465450555545 9.420807444334365 0.0 9.420807444334365 0.0
57854.46556777778 9.403328168534866 0.0 9.403328168534866 0.0
57854.465614444445 9.671040908716316 0.0 9.671040908716316 0.0
57854.46566111111 10.038956378094802 0.0 10.038956378094802 0.0
57854.465778333324 9.485982867776114 0.0 9.485982867776114 0.0
57854.465825 9.613498574333367 0.0 9.613498574333367 0.0
57854.46587166665 9.739841689115499 0.0 9.739841689115499 0.0
57854.46598888888 9.537024625619743 0.0 9.537024625619743 0.0
57854.46603555555 9.557972520868503 0.0 9.557972520868503 0.0
57854.46608222222 9.547842181486907 0.0 9.547842181486907 0.0
57854.46619944443 9.321843926688988 0.0 9.321843926688988 0.0
57854.4662461111 9.357936083449998 0.0 9.357936083449998 0.0
57854.466292777775 9.401441207293356 0.0 9.401441207293356 0.0
57854.466409999986 9.342411099993958 0.0 9.342411099993958 0.0
57854.46645666667 9.330836839696227 0.0 9.330836839696227 0.0
57854.46650333334 9.32824361990284 0.0 9.32824361990284 0.0
57854.46662055554 9.479349371983767 0.0 9.479349371983767 0.0
57854.46666722222 9.573484888128554 0.0 9.573484888128554 0.0
57854.46671388889 9.490742518285233 0.0 9.490742518285233 0.0
57854.46683111111 9.520436422634171 0.0 9.520436422634171 0.0
57854.46687777777 9.541251693093928 0.0 9.541251693093928 0.0
57854.46692444443 9.514166008574252 0.0 9.514166008574252 0.0
57854.46704166666 9.404185753026114 0.0 9.404185753026114 0.0
57854.467088333324 9.488193002443243 0.0 9.488193002443243 0.0
57854.46713499999 9.491762132875895 0.0 9.491762132875895 0.0
57854.46725222221 9.352419041910165 0.0 9.352419041910165 0.0
57854.46729888889 9.356901885946321 0.0 9.356901885946321 0.0
57854.467345555546 9.392687615648743 0.0 9.392687615648743 0.0
57854.46746277778 9.461125896308877 0.0 9.461125896308877 0.0
57854.46750944445 9.544631999192006 0.0 9.544631999192006 0.0
57854.4675561111 9.555103348473002 0.0 9.555103348473002 0.0
57854.467673333325 9.396979610835155 0.0 9.396979610835155 0.0
57854.46772 9.400926515766344 0.0 9.400926515766344 0.0
57854.467766666654 9.339475705392296 0.0 9.339475705392296 0.0
57854.46788388888 9.427824296609579 0.0 9.427824296609579 0.0
57854.46793055555 9.401441207293356 0.0 9.401441207293356 0.0
57854.46797722221 9.364483348647527 0.0 9.364483348647527 0.0
57854.46809444443 9.328070712950586 0.0 9.328070712950586 0.0
57854.46814111111 9.345690744074028 0.0 9.345690744074028 0.0
57854.46818777778 9.358625484959955 0.0 9.358625484959955 0.0
57854.46830499999 9.402298963894502 0.0 9.402298963894502 0.0
57854.468351666656 9.403842728614517 0.0 9.403842728614517 0.0
57854.46839833332 9.416697592488944 0.0 9.416697592488944 0.0
57854.46851555554 9.686205688770052 0.0 9.686205688770052 0.0
57854.468562222224 9.814571129275741 0.0 9.814571129275741 0.0
57854.46860888888 9.880577232713323 0.0 9.880577232713323 0.0
57854.46872611111 9.649837036899104 0.0 9.649837036899104 0.0
57854.46877277778 9.716132245212167 0.0 9.716132245212167 0.0
57854.468819444446 9.660027382583243 0.0 9.660027382583243 0.0
57854.468936666664 9.61802742837133 0.0 9.61802742837133 0.0
57854.46898333333 9.712977683690568 0.0 9.712977683690568 0.0
57854.46903 9.828858103203201 0.0 9.828858103203201 0.0
57854.469147222226 9.497707703067263 0.0 9.497707703067263 0.0
57854.46919388888 9.494310690296107 0.0 9.494310690296107 0.0
57854.469240555554 9.442184001049622 0.0 9.442184001049622 0.0
57854.46935777778 9.355867574122462 0.0 9.355867574122462 0.0
57854.46940444445 9.382550722725465 0.0 9.382550722725465 0.0
57854.47708611111 9.384613350689278 0.0 9.384613350689278 0.0
57854.477203333336 9.49940575391005 0.0 9.49940575391005 0.0
57854.47724999999 9.771584874918803 0.0 9.771584874918803 0.0
57854.47729666666 9.89786552421702 0.0 9.89786552421702 0.0
57854.477413888875 9.404357260539976 0.0 9.404357260539976 0.0
57854.47746055554 9.230559344181241 0.0 9.230559344181241 0.0
57854.477507222226 9.246795434443849 0.0 9.246795434443849 0.0
57854.477624444444 9.258300547738665 0.0 9.258300547738665 0.0
57854.47767111111 9.268399311987567 0.0 9.268399311987567 0.0
57854.477717777765 9.248365156313636 0.0 9.248365156313636 0.0
57854.477835 9.202734516470914 0.0 9.202734516470914 0.0
57854.477881666666 9.226714369943188 0.0 9.226714369943188 0.0
57854.47792833332 9.238593664796923 0.0 9.238593664796923 0.0
57854.478045555545 9.273792417692539 0.0 9.273792417692539 0.0
57854.47809222221 9.353108850071742 0.0 9.353108850071742 0.0
57854.47813888889 9.323228016366503 0.0 9.323228016366503 0.0
57854.4782561111 9.150885731852373 0.0 9.150885731852373 0.0
57854.47830277777 9.1706052144883 0.0 9.1706052144883 0.0
57854.47834944444 9.217094917037441 0.0 9.217094917037441 0.0
57854.47846666665 9.125999724290043 0.0 9.125999724290043 0.0
57854.478513333335 9.164271436821476 0.0 9.164271436821476 0.0
57854.47856 9.213769499346984 0.0 9.213769499346984 0.0
57854.478677222214 9.301578083245321 0.0 9.301578083245321 0.0
57854.478723888875 9.366722151903927 0.0 9.366722151903927 0.0
57854.47877055554 9.35328129416313 0.0 9.35328129416313 0.0
57854.478887777776 9.258300547738665 0.0 9.258300547738665 0.0
57854.47893444444 9.238244491802682 0.0 9.238244491802682 0.0
57854.47898111111 9.204837437894518 0.0 9.204837437894518 0.0
57854.47909833332 9.190106882736947 0.0 9.190106882736947 0.0
57854.479145 9.175001098707853 0.0 9.175001098707853 0.0
57854.47919166666 9.172715501824928 0.0 9.172715501824928 0.0
57854.47930888889 9.286132567679406 0.0 9.286132567679406 0.0
57854.47935555556 9.225665462491389 0.0 9.225665462491389 0.0
57854.47940222222 9.270661318930951 0.0 9.270661318930951 0.0
57854.479519444445 9.457033566133079 0.0 9.457033566133079 0.0
57854.47956611111 9.50670391643911 0.0 9.50670391643911 0.0
57854.479612777766 9.477647727765202 0.0 9.477647727765202 0.0
57854.47973 9.17570424474856 0.0 9.17570424474856 0.0
57854.47977666667 9.27240094877474 0.0 9.27240094877474 0.0
57854.47982333332 9.314574081651864 0.0 9.314574081651864 0.0
57854.479940555546 9.268399311987567 0.0 9.268399311987567 0.0
57854.47998722222 9.194844277654873 0.0 9.194844277654873 0.0
57854.480033888874 9.17394627859683 0.0 9.17394627859683 0.0
57854.480151111115 9.20466221279265 0.0 9.20466221279265 0.0
57854.480197777775 9.238419079949457 0.0 9.238419079949457 0.0
57854.48024444444 9.254641381316414 0.0 9.254641381316414 0.0
57854.480361666654 9.217969827566996 0.0 9.217969827566996 0.0
57854.48040833334 9.332738076256078 0.0 9.332738076256078 0.0
57854.48045499999 9.42320403013478 0.0 9.42320403013478 0.0
57854.48057222221 9.204837437894518 0.0 9.204837437894518 0.0
57854.48061888889 9.346726182069348 0.0 9.346726182069348 0.0
57854.48066555556 9.373951554277175 0.0 9.373951554277175 0.0
57854.48078277777 9.25272409757291 0.0 9.25272409757291 0.0
57854.48082944443 9.275705346625633 0.0 9.275705346625633 0.0
57854.48087611111 9.25586126419014 0.0 9.25586126419014 0.0
57854.48099333332 9.183435297913725 0.0 9.183435297913725 0.0
57854.48104 9.186420553221216 0.0 9.186420553221216 0.0
57854.48108666667 9.15969431804359 0.0 9.15969431804359 0.0
57854.48120388888 9.1872983848846 0.0 9.1872983848846 0.0
57854.48125055555 9.214119599831553 0.0 9.214119599831553 0.0
57854.48129722222 9.230559344181241 0.0 9.230559344181241 0.0
57854.481414444446 9.32167090102932 0.0 9.32167090102932 0.0
57854.4814611111 9.331009695391163 0.0 9.331009695391163 0.0
57854.48150777777 9.304352086090438 0.0 9.304352086090438 0.0
57854.481625 9.24749312150369 0.0 9.24749312150369 0.0
57854.481671666654 9.292383284000623 0.0 9.292383284000623 0.0
57854.48171833332 9.248365156313636 0.0 9.248365156313636 0.0
57854.48183555555 9.20869154657707 0.0 9.20869154657707 0.0
57854.48188222222 9.203085036744383 0.0 9.203085036744383 0.0
57854.481928888876 9.18519144794946 0.0 9.18519144794946 0.0
57854.48204611111 9.19080887310445 0.0 9.19080887310445 0.0
57854.48209277778 9.19940390775753 0.0 9.19940390775753 0.0
57854.48213944443 9.214294645085516 0.0 9.214294645085516 0.0
57854.482256666655 9.241212041718338 0.0 9.241212041718338 0.0
57854.48230333333 9.254292813817324 0.0 9.254292813817324 0.0
57854.48234999999 9.246621004453464 0.0 9.246621004453464 0.0
57854.48246722221 9.198877911936307 0.0 9.198877911936307 0.0
57854.48251388888 9.186947262284681 0.0 9.186947262284681 0.0
57854.482560555545 9.21219388251421 0.0 9.21219388251421 0.0
57854.48267777776 9.23527598833111 0.0 9.23527598833111 0.0
57854.482724444446 9.202734516470914 0.0 9.202734516470914 0.0
57854.482771111114 9.234577378247405 0.0 9.234577378247405 0.0
57854.482888333325 9.180624759118624 0.0 9.180624759118624 0.0
57854.482934999985 9.227063979263358 0.0 9.227063979263358 0.0
57854.48298166665 9.24522544605523 0.0 9.24522544605523 0.0
57854.48309888888 9.176407336910412 0.0 9.176407336910412 0.0
57854.483145555554 9.20255925132751 0.0 9.20255925132751 0.0
57854.48319222221 9.248713947215546 0.0 9.248713947215546 0.0
57854.48330944445 9.305218792387075 0.0 9.305218792387075 0.0
57854.48541944444 10.380502815840734 0.0 10.380502815840734 0.0
57854.48553666667 10.463145767637894 0.0 10.463145767637894 0.0
57854.48558333332 10.487473326506894 0.0 10.487473326506894 0.0
57854.48562999999 10.339089621119859 0.0 10.339089621119859 0.0
57854.485747222214 10.190444607097504 0.0 10.190444607097504 0.0
57854.485793888874 10.176506783891055 0.0 10.176506783891055 0.0
57854.48584055556 10.160486399329894 0.0 10.160486399329894 0.0
57854.485957777775 10.0760015110962 0.0 10.0760015110962 0.0
57854.48600444444 10.098866113291805 0.0 10.098866113291805 0.0
57854.4860511111 10.141896495041204 0.0 10.141896495041204 0.0
57854.48616833334 10.163978139139383 0.0 10.163978139139383 0.0
57854.486215 10.157628628515551 0.0 10.157628628515551 0.0
57854.48626166666 10.20009487621909 0.0 10.20009487621909 0.0
57854.486378888876 10.228833377177699 0.0 10.228833377177699 0.0
57854.486425555544 10.18110203807414 0.0 10.18110203807414 0.0
57854.48647222222 10.131076432315538 0.0 10.131076432315538 0.0
57854.48658944443 11.799535256020237 0.0 11.799535256020237 0.0
57854.4866361111 10.828576292206147 0.0 10.828576292206147 0.0
57854.48668277778 10.38671608198385 0.0 10.38671608198385 0.0
57854.48679999999 10.109720649597753 0.0 10.109720649597753 0.0
57854.48684666667 10.073920337571762 0.0 10.073920337571762 0.0
57854.486893333335 10.136010540514414 0.0 10.136010540514414 0.0
57854.487010555546 10.207998129234332 0.0 10.207998129234332 0.0
57854.48705722221 10.219525902771585 0.0 10.219525902771585 0.0
57854.487103888874 10.248052529391197 0.0 10.248052529391197 0.0
57854.487221111114 10.092635449801042 0.0 10.092635449801042 0.0
57854.487267777775 10.150162878082936 0.0 10.150162878082936 0.0
57854.48731444444 10.180943615560683 0.0 10.180943615560683 0.0
57854.487431666654 10.18268612764793 0.0 10.18268612764793 0.0
57854.487478333336 10.23245942119741 0.0 10.23245942119741 0.0
57854.48752499999 10.242385054903142 0.0 10.242385054903142 0.0
57854.48764222222 10.164930223647032 0.0 10.164930223647032 0.0
57854.48768888889 10.148891565092221 0.0 10.148891565092221 0.0
57854.48773555556 10.153499317333743 0.0 10.153499317333743 0.0
57854.48785277778 10.089119019054397 0.0 10.089119019054397 0.0
57854.487899444444 10.105092935040553 0.0 10.105092935040553 0.0
57854.4879461111 10.163025965439308 0.0 10.163025965439308 0.0
57854.48806333333 10.332379421804497 0.0 10.332379421804497 0.0
57854.48811 10.479473022948705 0.0 10.479473022948705 0.0
57854.48815666665 10.60097378363376 0.0 10.60097378363376 0.0
57854.48827388888 10.228202629604974 0.0 10.228202629604974 0.0
57854.48832055555 10.232617046137474 0.0 10.232617046137474 0.0
57854.48836722221 10.275087316166161 0.0 10.275087316166161 0.0
57854.488484444446 10.216526775516163 0.0 10.216526775516163 0.0
57854.488531111114 10.274459408116432 0.0 10.274459408116432 0.0
57854.488577777774 10.276970810129708 0.0 10.276970810129708 0.0
57854.488694999985 10.173494974687902 0.0 10.173494974687902 0.0
57854.48874166667 10.149368326125268 0.0 10.149368326125268 0.0
57854.48878833332 10.167627312273515 0.0 10.167627312273515 0.0
57854.48890555555 10.168737670254435 0.0 10.168737670254435 0.0
57854.48895222222 10.20452145200921 0.0 10.20452145200921 0.0
57854.48899888889 10.30126832153488 0.0 10.30126832153488 0.0
57854.4891161111 10.320352582124064 0.0 10.320352582124064 0.0
57854.48916277777 10.203889201608849 0.0 10.203889201608849 0.0
57854.489209444444 10.202782669132395 0.0 10.202782669132395 0.0
57854.489326666655 10.133941690850031 0.0 10.133941690850031 0.0
57854.48937333333 10.180785190582021 0.0 10.180785190582021 0.0
57854.48942 10.276343017165766 0.0 10.276343017165766 0.0
57854.48953722221 10.233247521618429 0.0 10.233247521618429 0.0
57854.48958388889 10.20357306171747 0.0 10.20357306171747 0.0
57854.48963055555 10.234193162014257 0.0 10.234193162014257 0.0
57854.48974777778 10.16857905510893 0.0 10.16857905510893 0.0
57854.48979444443 10.155405361900435 0.0 10.155405361900435 0.0
57854.4898411111 10.164771549088611 0.0 10.164771549088611 0.0
57854.48995833333 10.136328787599707 0.0 10.136328787599707 0.0
57854.490004999985 10.236556880816593 0.0 10.236556880816593 0.0
57854.49005166665 10.171275176185011 0.0 10.171275176185011 0.0
57854.49016888888 10.11817272805909 0.0 10.11817272805909 0.0
57854.490215555554 10.239550141328193 0.0 10.239550141328193 0.0
57854.49026222221 10.345171851891163 0.0 10.345171851891163 0.0
57854.49037944445 10.19076115426251 0.0 10.19076115426251 0.0
57854.49042611111 10.282932931679529 0.0 10.282932931679529 0.0
57854.49047277777 10.239077579421856 0.0 10.239077579421856 0.0
57854.49058999999 10.38252253518134 0.0 10.38252253518134 0.0
57854.49063666667 10.452503944494708 0.0 10.452503944494708 0.0
57854.49068333332 10.49408435508372 0.0 10.49408435508372 0.0
57854.49080055554 10.568364233912702 0.0 10.568364233912702 0.0
57854.49084722221 10.711013325153363 0.0 10.711013325153363 0.0
57854.49089388888 10.931605554537724 0.0 10.931605554537724 0.0
57854.4910111111 10.139192561858742 0.0 10.139192561858742 0.0
57854.49105777778 10.118810334255956 0.0 10.118810334255956 0.0
57854.491104444445 10.171750888073905 0.0 10.171750888073905 0.0
57854.491221666656 10.126299199800043 0.0 10.126299199800043 0.0
57854.491268333324 10.149050487925045 0.0 10.149050487925045 0.0
57854.49131499999 10.16001016001524 0.0 10.16001016001524 0.0
57854.49143222221 10.129802723933297 0.0 10.129802723933297 0.0
57854.491478888885 10.85565112235662 0.0 10.85565112235662 0.0
57854.491525555546 10.254188758589056 0.0 10.254188758589056 0.0
57854.49164277778 10.112432463190084 0.0 10.112432463190084 0.0
57854.49168944445 10.104614084983732 0.0 10.104614084983732 0.0
57854.491736111115 10.163819449717296 0.0 10.163819449717296 0.0
57854.49185333333 10.204679508488631 0.0 10.204679508488631 0.0
57854.4919 10.243329851743178 0.0 10.243329851743178 0.0
57854.49194666667 10.179993028706656 0.0 10.179993028706656 0.0
57854.49206388889 10.114505712413813 0.0 10.114505712413813 0.0
57854.49211055554 10.136647024693413 0.0 10.136647024693413 0.0
57854.49215722222 10.181260458122514 0.0 10.181260458122514 0.0
57854.49227444444 10.348912986396206 0.0 10.348912986396206 0.0
57854.49232111111 10.366198170791884 0.0 10.366198170791884 0.0
57854.51105833333 10.239392623116009 0.0 10.239392623116009 0.0
57854.511105 10.296883336797253 0.0 10.296883336797253 0.0
57854.511151666666 10.318945932666296 0.0 10.318945932666296 0.0
57854.51126888889 10.295160153229535 0.0 10.295160153229535 0.0
57854.51131555556 10.321759039883627 0.0 10.321759039883627 0.0
57854.51136222221 10.258120308227259 0.0 10.258120308227259 0.0
57854.51147944443 10.16810319482671 0.0 10.16810319482671 0.0
57854.51152611111 10.183161306468065 0.0 10.183161306468065 0.0
57854.51157277777 10.198355338627069 0.0 10.198355338627069 0.0
57854.511689999985 10.128528855376459 0.0 10.128528855376459 0.0
57854.51173666667 10.13441915518118 0.0 10.13441915518118 0.0
57854.51178333332 10.14491768516185 0.0 10.14491768516185 0.0
57854.51190055555 10.147937975829883 0.0 10.147937975829883 0.0
57854.511947222214 10.146030528431842 0.0 10.146030528431842 0.0
57854.511993888875 10.150639579404233 0.0 10.150639579404233 0.0
57854.5121111111 10.139510709070475 0.0 10.139510709070475 0.0
57854.51215777777 10.155405361900435 0.0 10.155405361900435 0.0
57854.512204444436 10.185536868045913 0.0 10.185536868045913 0.0
57854.512321666654 10.281678035505996 0.0 10.281678035505996 0.0
57854.51236833334 10.380502815840734 0.0 10.380502815840734 0.0
57854.512415 10.527383647023267 0.0 10.527383647023267 0.0
57854.51253222221 10.20452145200921 0.0 10.20452145200921 0.0
57854.51257888889 10.259063655947077 0.0 10.259063655947077 0.0
57854.512625555544 10.252615716599255 0.0 10.252615716599255 0.0
57854.51274277778 10.340649508520464 0.0 10.340649508520464 0.0
57854.51278944443 10.366042577072381 0.0 10.366042577072381 0.0
57854.5128361111 10.335813091289166 0.0 10.335813091289166 0.0
57854.51295333333 10.21415842142976 0.0 10.21415842142976 0.0
57854.51299999999 10.264564789730768 0.0 10.264564789730768 0.0
57854.51304666665 10.336749348647968 0.0 10.336749348647968 0.0
57854.51316388888 10.15905761441007 0.0 10.15905761441007 0.0
57854.513210555546 10.136328787599707 0.0 10.136328787599707 0.0
57854.513257222214 10.171750888073905 0.0 10.171750888073905 0.0
57854.51337444443 10.228675693930906 0.0 10.228675693930906 0.0
57854.513421111114 11.668540556114008 0.0 11.668540556114008 0.0
57854.51346777777 10.413855534660264 0.0 10.413855534660264 0.0
57854.513584999986 10.334720683835787 0.0 10.334720683835787 0.0
57854.51363166667 10.35872703600455 0.0 10.35872703600455 0.0
57854.51367833332 10.36650935122485 0.0 10.36650935122485 0.0
57854.513795555555 10.345327759506361 0.0 10.345327759506361 0.0
57854.51384222221 10.286069502314847 0.0 10.286069502314847 0.0
57854.51388888889 10.291086026892557 0.0 10.291086026892557 0.0
57854.51400611111 10.158898848125796 0.0 10.158898848125796 0.0
57854.51405277778 10.202782669132395 0.0 10.202782669132395 0.0
57854.514099444445 10.25528974441656 0.0 10.25528974441656 0.0
57854.51421666667 10.310971294318401 0.0 10.310971294318401 0.0
57854.51426333333 10.418500913774622 0.0 10.418500913774622 0.0
57854.51431 10.527996470241588 0.0 10.527996470241588 0.0
57854.514427222224 10.238604995704469 0.0 10.238604995704469 0.0
57854.51447388889 10.246793361513074 0.0 10.246793361513074 0.0
57854.51452055555 10.260321317989368 0.0 10.260321317989368 0.0
57854.514637777764 10.21731610488277 0.0 10.21731610488277 0.0
57854.514684444446 10.28920511679517 0.0 10.28920511679517 0.0
57854.5147311111 10.361996320301195 0.0 10.361996320301195 0.0
57854.51484833333 10.197090033989614 0.0 10.197090033989614 0.0
57854.514894999986 10.241125190197138 0.0 10.241125190197138 0.0
57854.51494166667 10.267235705498244 0.0 10.267235705498244 0.0
57854.51505888889 10.21084180283784 0.0 10.21084180283784 0.0
57854.51510555555 10.260321317989368 0.0 10.260321317989368 0.0
57854.51515222222 10.249154174385442 0.0 10.249154174385442 0.0
57854.51526944445 10.298449617108831 0.0 10.298449617108831 0.0
57854.5153161111 10.303773189248872 0.0 10.303773189248872 0.0
57854.51536277777 10.301111747078878 0.0 10.301111747078878 0.0
57854.51548 10.132986694693658 0.0 10.132986694693658 0.0
57854.51552666667 10.175555782554138 0.0 10.175555782554138 0.0
57854.51557333332 10.252930344304563 0.0 10.252930344304563 0.0
57854.515690555556 10.220315000511356 0.0 10.220315000511356 0.0
57854.51573722221 10.260478514905564 0.0 10.260478514905564 0.0
57854.51578388889 10.324883815639362 0.0 10.324883815639362 0.0
57854.5159011111 10.170799442045968 0.0 10.170799442045968 0.0
57854.51594777776 10.166992767553435 0.0 10.166992767553435 0.0
57854.51599444443 10.230094755654877 0.0 10.230094755654877 0.0
57854.516111666664 10.22378630702016 0.0 10.22378630702016 0.0
57854.51615833333 10.214947933803801 0.0 10.214947933803801 0.0
57854.516204999985 10.275244287183169 0.0 10.275244287183169 0.0
57854.516322222225 10.20373113288752 0.0 10.20373113288752 0.0
57854.516368888886 10.23718711365578 0.0 10.23718711365578 0.0
57854.51641555555 10.309876254693688 0.0 10.309876254693688 0.0
57854.51653277778 10.247108167988255 0.0 10.247108167988255 0.0
57854.51657944443 10.251514443588166 0.0 10.251514443588166 0.0
57854.51662611111 10.301738030624392 0.0 10.301738030624392 0.0
57854.518752777774 10.764487611976108 0.0 10.764487611976108 0.0
57854.51887 10.39168402012848 0.0 10.39168402012848 0.0
57854.51891666665 10.476548311162842 0.0 10.476548311162842 0.0
57854.51896333332 10.444785703263461 0.0 10.444785703263461 0.0
57854.51908055555 10.26582177783121 0.0 10.26582177783121 0.0
57854.51912722221 10.316288404829177 0.0 10.316288404829177 0.0
57854.51917388889 10.475162636353886 0.0 10.475162636353886 0.0
57854.51929111111 10.253874169496667 0.0 10.253874169496667 0.0
57854.519337777776 10.243014929146092 0.0 10.243014929146092 0.0
57854.51938444443 10.246478545365974 0.0 10.246478545365974 0.0
57854.51950166667 10.185695219118536 0.0 10.185695219118536 0.0
57854.51954833333 10.248682055316563 0.0 10.248682055316563 0.0
57854.51959499999 10.283560322340985 0.0 10.283560322340985 0.0
57854.51971222221 10.200411123909378 0.0 10.200411123909378 0.0
57854.51975888888 10.184269970828035 0.0 10.184269970828035 0.0
57854.51980555555 10.183478080030007 0.0 10.183478080030007 0.0
57854.51992277776 10.390442258276625 0.0 10.390442258276625 0.0
57854.51996944443 10.657724746595473 0.0 10.657724746595473 0.0
57854.52001611111 10.742439201596627 0.0 10.742439201596627 0.0
57854.520133333324 10.549881515922348 0.0 10.549881515922348 0.0
57854.52018 10.591688768451514 0.0 10.591688768451514 0.0
57854.52022666667 10.72696331379407 0.0 10.72696331379407 0.0
57854.52034388888 10.555231083486825 0.0 10.555231083486825 0.0
57854.520390555546 10.513432268508517 0.0 10.513432268508517 0.0
57854.520437222214 10.404403534236156 0.0 10.404403534236156 0.0
57854.52055444445 10.349536377336255 0.0 10.349536377336255 0.0
57854.52060111111 10.374285828509493 0.0 10.374285828509493 0.0
57854.520647777776 10.413081103329414 0.0 10.413081103329414 0.0
57854.52076499999 10.338777615397536 0.0 10.338777615397536 0.0
57854.52081166667 10.479473022948705 0.0 10.479473022948705 0.0
57854.52085833332 10.529375192074973 0.0 10.529375192074973 0.0
57854.520975555555 10.85461103149999 0.0 10.85461103149999 0.0
57854.52102222222 11.32453801663991 0.0 11.32453801663991 0.0
57854.52106888889 11.485755553952961 0.0 11.485755553952961 0.0
57854.52118611111 10.536572252811146 0.0 10.536572252811146 0.0
57854.52123277778 10.765686229869416 0.0 10.765686229869416 0.0
57854.52127944443 11.597691650190708 0.0 11.597691650190708 0.0
57854.52139666666 11.652356815461784 0.0 11.652356815461784 0.0
57854.52144333333 11.957181672467266 0.0 11.957181672467266 0.0
57854.52148999999 12.509222404341939 0.0 12.509222404341939 0.0
57854.52160722221 10.672998792551532 0.0 10.672998792551532 0.0
57854.521653888885 10.555689491698837 0.0 10.555689491698837 0.0
57854.521700555546 10.608882462199977 0.0 10.608882462199977 0.0
57854.52181777778 10.469001862641921 0.0 10.469001862641921 0.0
57854.52186444445 10.701070190677493 0.0 10.701070190677493 0.0
57854.521911111115 11.265705882556054 0.0 11.265705882556054 0.0
57854.52202833332 10.53106005141228 0.0 10.53106005141228 0.0
57854.522075 10.654848964279733 0.0 10.654848964279733 0.0
57854.522121666654 10.571568687575606 0.0 10.571568687575606 0.0
57854.52223888888 11.101002570241846 0.0 11.101002570241846 0.0
57854.522285555555 11.107538852276804 0.0 11.107538852276804 0.0
57854.52233222222 10.843609683483722 0.0 10.843609683483722 0.0
57854.522449444434 10.460679062642773 0.0 10.460679062642773 0.0
57854.5224961111 10.690665207583914 0.0 10.690665207583914 0.0
57854.52254277778 10.971664383986537 0.0 10.971664383986537 0.0
57854.52265999999 10.58452918482991 0.0 10.58452918482991 0.0
57854.52270666667 10.990024802578485 0.0 10.990024802578485 0.0
57854.52275333333 11.423236081804717 0.0 11.423236081804717 0.0
57854.52287055554 10.709206169188898 0.0 10.709206169188898 0.0
57854.522917222224 10.567906375497955 0.0 10.567906375497955 0.0
57854.52296388889 10.627566103785126 0.0 10.627566103785126 0.0
57854.52308111111 10.513585680963832 0.0 10.513585680963832 0.0
57854.523127777764 10.89746937181644 0.0 10.89746937181644 0.0
57854.52317444443 11.34588173118619 0.0 11.34588173118619 0.0
57854.523291666665 10.659994553045875 0.0 10.659994553045875 0.0
57854.523338333325 10.647731849947531 0.0 10.647731849947531 0.0
57854.523384999986 10.659389318584871 0.0 10.659389318584871 0.0
57854.52350222221 10.24789514186741 0.0 10.24789514186741 0.0
57854.52354888889 10.327070596097142 0.0 10.327070596097142 0.0
57854.52359555555 10.3864055069518 0.0 10.3864055069518 0.0
57854.52371277778 10.27163334688808 0.0 10.27163334688808 0.0
57854.52375944445 10.373197472643218 0.0 10.373197472643218 0.0
57854.5238061111 10.49439174342735 0.0 10.49439174342735 0.0
57854.52392333332 10.57339936792082 0.0 10.57339936792082 0.0
57854.52397 10.716583470972575 0.0 10.716583470972575 0.0
57854.524016666655 10.792171595278472 0.0 10.792171595278472 0.0
57854.52413388888 11.824387046788434 0.0 11.824387046788434 0.0
57854.52418055554 13.26722860429825 0.0 13.26722860429825 0.0
57854.52422722221 14.429360748588389 0.0 14.429360748588389 0.0
57854.524344444435 10.968576818318539 0.0 10.968576818318539 0.0
57854.52439111111 11.398358682071787 0.0 11.398358682071787 0.0
57854.52443777778 11.78394205359907 0.0 11.78394205359907 0.0
57854.52455499999 10.614962051502527 0.0 10.614962051502527 0.0
57854.52460166666 10.908120680217722 0.0 10.908120680217722 0.0
57854.524648333325 11.064911118690295 0.0 11.064911118690295 0.0
57854.52476555554 10.271476320687867 0.0 10.271476320687867 0.0
57854.524812222226 10.359661222509224 0.0 10.359661222509224 0.0
57854.52485888888 10.415094505014686 0.0 10.415094505014686 0.0
57854.52497611111 11.519968637950143 0.0 11.519968637950143 0.0
57854.52502277778 12.140308759425912 0.0 12.140308759425912 0.0
57854.52506944445 12.5977468543566 0.0 12.5977468543566 0.0
57854.525186666666 11.286160523173445 0.0 11.286160523173445 0.0
57854.525233333334 12.172682265975197 0.0 12.172682265975197 0.0
57854.52528 13.107988207147185 0.0 13.107988207147185 0.0
57854.52539722222 10.655303086771758 0.0 10.655303086771758 0.0
57854.52544388888 10.950033141796952 0.0 10.950033141796952 0.0
57854.525490555556 10.982978032009939 0.0 10.982978032009939 0.0
57854.52560777778 10.725309229319038 0.0 10.725309229319038 0.0
57854.52565444444 11.136252917038929 0.0 11.136252917038929 0.0
57854.53333611111 10.72004453529507 0.0 10.72004453529507 0.0
57854.53345333333 10.844948281379974 0.0 10.844948281379974 0.0
57854.53349999999 10.72666259013402 0.0 10.72666259013402 0.0
57854.53354666666 10.53580684173982 0.0 10.53580684173982 0.0
57854.53366388888 10.160962616323447 0.0 10.160962616323447 0.0
57854.533710555545 10.253087654536701 0.0 10.253087654536701 0.0
57854.53375722222 10.189653196162494 0.0 10.189653196162494 0.0
57854.533874444445 10.085281514454936 0.0 10.085281514454936 0.0
57854.53392111111 10.22709872774761 0.0 10.22709872774761 0.0
57854.53396777777 10.27744162968649 0.0 10.27744162968649 0.0
57854.534085 10.917432050653908 0.0 10.917432050653908 0.0
57854.53413166667 11.439320981427572 0.0 11.439320981427572 0.0
57854.53417833332 11.98143725559156 0.0 11.98143725559156 0.0
57854.534295555546 10.821722479316998 0.0 10.821722479316998 0.0
57854.534342222214 11.204981611016853 0.0 11.204981611016853 0.0
57854.53438888889 11.281157570437188 0.0 11.281157570437188 0.0
57854.5345061111 10.90841640143503 0.0 10.90841640143503 0.0
57854.53455277777 10.715680400777773 0.0 10.715680400777773 0.0
57854.53459944444 10.721097680921995 0.0 10.721097680921995 0.0
57854.534716666654 10.16604087621008 0.0 10.16604087621008 0.0
57854.53476333334 10.37941511187004 0.0 10.37941511187004 0.0
57854.53481 10.229148736379178 0.0 10.229148736379178 0.0
57854.53492722221 11.385616279521988 0.0 11.385616279521988 0.0
57854.534973888876 11.369739123741383 0.0 11.369739123741383 0.0
57854.535020555544 11.128429156168941 0.0 11.128429156168941 0.0
57854.53513777778 13.272576627112787 0.0 13.272576627112787 0.0
57854.535184444445 14.676072252963104 0.0 14.676072252963104 0.0
57854.535348333324 11.015824394786538 0.0 11.015824394786538 0.0
57854.535395 11.38150735524163 0.0 11.38150735524163 0.0
57854.53544166665 11.703459648408906 0.0 11.703459648408906 0.0
57854.53555888889 10.578889508157577 0.0 10.578889508157577 0.0
57854.53560555555 10.740937665561786 0.0 10.740937665561786 0.0
57854.53565222222 11.297159220424083 0.0 11.297159220424083 0.0
57854.53576944445 10.410602535938558 0.0 10.410602535938558 0.0
57854.535816111114 10.916102341155502 0.0 10.916102341155502 0.0
57854.53586277777 11.068554703564802 0.0 11.068554703564802 0.0
57854.53598 10.380192054907951 0.0 10.380192054907951 0.0
57854.53602666667 10.490702488855426 0.0 10.490702488855426 0.0
57854.53607333332 10.416952684245352 0.0 10.416952684245352 0.0
57854.53619055555 10.608274311638427 0.0 10.608274311638427 0.0
57854.53623722222 10.609034494393248 0.0 10.609034494393248 0.0
57854.536283888876 10.545752852490262 0.0 10.545752852490262 0.0
57854.53640111111 11.110442632220868 0.0 11.110442632220868 0.0
57854.53644777778 11.325819773790641 0.0 11.325819773790641 0.0
57854.536494444445 11.504417104018168 0.0 11.504417104018168 0.0
57854.536611666656 10.736582023548609 0.0 10.736582023548609 0.0
57854.53665833333 10.796206024160945 0.0 10.796206024160945 0.0
57854.53670499999 10.895841171690677 0.0 10.895841171690677 0.0
57854.53682222221 10.969017952337833 0.0 10.969017952337833 0.0
57854.53686888889 11.593797006686726 0.0 11.593797006686726 0.0
57854.53691555555 12.23954458355797 0.0 12.23954458355797 0.0
57854.537032777764 10.505144668976673 0.0 10.505144668976673 0.0
57854.53707944443 10.4508064204974 0.0 10.4508064204974 0.0
57854.537126111114 10.426238612889273 0.0 10.426238612889273 0.0
57854.537243333325 11.375128499805914 0.0 11.375128499805914 0.0
57854.53729 10.621797430056803 0.0 10.621797430056803 0.0
57854.53733666667 10.784995550868718 0.0 10.784995550868718 0.0
57854.53745388888 12.039585246312509 0.0 12.039585246312509 0.0
57854.537500555554 11.827796675355406 0.0 11.827796675355406 0.0
57854.53754722222 11.899715366614936 0.0 11.899715366614936 0.0
57854.53766444445 11.449749962053687 0.0 11.449749962053687 0.0
57854.5377111111 11.801722126930896 0.0 11.801722126930896 0.0
57854.53775777777 12.844981447518592 0.0 12.844981447518592 0.0
57854.537875 11.420694289950857 0.0 11.420694289950857 0.0
57854.537921666655 11.79885177573676 0.0 11.79885177573676 0.0
57854.53796833332 12.26271558621446 0.0 12.26271558621446 0.0
57854.53808555554 11.770383829080128 0.0 11.770383829080128 0.0
57854.538132222224 12.45145411899427 0.0 12.45145411899427 0.0
57854.53817888888 12.176656673403231 0.0 12.176656673403231 0.0
57854.53829611111 11.8591192622985 0.0 11.8591192622985 0.0
57854.53834277778 11.552823980979015 0.0 11.552823980979015 0.0
57854.53838944443 11.495300582580299 0.0 11.495300582580299 0.0
57854.53850666666 11.932741620459447 0.0 11.932741620459447 0.0
57854.53855333333 12.550157433789556 0.0 12.550157433789556 0.0
57854.538599999985 13.877923987165676 0.0 13.877923987165676 0.0
57854.53871722221 12.109447125175423 0.0 12.109447125175423 0.0
57854.53876388888 12.485346249413428 0.0 12.485346249413428 0.0
57854.53881055555 13.03667283894466 0.0 13.03667283894466 0.0
57854.540975 12.461036046606987 0.0 12.461036046606987 0.0
57854.54109222222 13.925377159425809 0.0 13.925377159425809 0.0
57854.541138888875 14.25437114622015 0.0 14.25437114622015 0.0
57854.54118555554 13.812570245041055 0.0 13.812570245041055 0.0
57854.54130277777 10.882213958802744 0.0 10.882213958802744 0.0
57854.54134944444 10.855502544049767 0.0 10.855502544049767 0.0
57854.54139611111 10.88858532237226 0.0 10.88858532237226 0.0
57854.54151333333 11.04156370412534 0.0 11.04156370412534 0.0
57854.54156 11.377538709965975 0.0 11.377538709965975 0.0
57854.54160666666 12.005778178752903 0.0 12.005778178752903 0.0
57854.54172388889 14.096556431476676 0.0 14.096556431476676 0.0
57854.54177055555 15.650414814661232 0.0 15.650414814661232 0.0
57854.542144999985 11.377822230535921 0.0 11.377822230535921 0.0
57854.54219166665 11.147544210967897 0.0 11.147544210967897 0.0
57854.542238333335 11.312853095540946 0.0 11.312853095540946 0.0
57854.542355555546 12.345039489608771 0.0 12.345039489608771 0.0
57854.54240222222 12.143629685373474 0.0 12.143629685373474 0.0
57854.54244888889 12.142168589857256 0.0 12.142168589857256 0.0
57854.5425661111 11.220085676172227 0.0 11.220085676172227 0.0
57854.54261277777 11.743083070471739 0.0 11.743083070471739 0.0
57854.542659444436 11.526127402698004 0.0 11.526127402698004 0.0
57854.54277666667 12.842972221564251 0.0 12.842972221564251 0.0
57854.54282333334 14.964474059283466 0.0 14.964474059283466 0.0
57854.54287 15.936466601537978 0.0 15.936466601537978 0.0
57854.54298722221 12.514636592097196 0.0 12.514636592097196 0.0
57854.54303388889 13.522859976184176 0.0 13.522859976184176 0.0
57854.543080555544 13.488944098899136 0.0 13.488944098899136 0.0
57854.54319777778 11.379523205613529 0.0 11.379523205613529 0.0
57854.543244444445 11.550031420149974 0.0 11.550031420149974 0.0
57854.54329111111 11.144650097982064 0.0 11.144650097982064 0.0
57854.54340833333 10.378171882027356 0.0 10.378171882027356 0.0
57854.543455 10.37459676635753 0.0 10.37459676635753 0.0
57854.54350166665 10.754443942674536 0.0 10.754443942674536 0.0
57854.54361888889 11.947600649934806 0.0 11.947600649934806 0.0
57854.54366555555 12.680566793071531 0.0 12.680566793071531 0.0
57854.543712222214 12.420716305768645 0.0 12.420716305768645 0.0
57854.54382944443 10.731924037579985 0.0 10.731924037579985 0.0
57854.543876111115 10.870943811594222 0.0 10.870943811594222 0.0
57854.54392277777 10.937505760367147 0.0 10.937505760367147 0.0
57854.54404 14.279807534620572 0.0 14.279807534620572 0.0
57854.54425055555 13.82097517683574 0.0 13.82097517683574 0.0
57854.54429722222 13.290792349981343 0.0 13.290792349981343 0.0
57854.544343888876 14.559555115500277 0.0 14.559555115500277 0.0
57854.5444611111 12.894359857279937 0.0 12.894359857279937 0.0
57854.54450777778 12.530607688067567 0.0 12.530607688067567 0.0
57854.544554444445 11.735801304472758 0.0 11.735801304472758 0.0
57854.544671666656 12.390553113223513 0.0 12.390553113223513 0.0
57854.54471833332 11.882896355958493 0.0 11.882896355958493 0.0
57854.544765 11.743083070471739 0.0 11.743083070471739 0.0
57854.54488222221 11.159257692967957 0.0 11.159257692967957 0.0
57854.54492888889 11.186108897112726 0.0 11.186108897112726 0.0
57854.54497555555 11.812104234708265 0.0 11.812104234708265 0.0
57854.545092777764 12.27323339892614 0.0 12.27323339892614 0.0
57854.545139444446 11.903916406227475 0.0 11.903916406227475 0.0
57854.545186111114 11.64058528624964 0.0 11.64058528624964 0.0
57854.54530333333 11.369597263557047 0.0 11.369597263557047 0.0
57854.545349999986 11.407835451014332 0.0 11.407835451014332 0.0
57854.545396666654 11.819338991396616 0.0 11.819338991396616 0.0
57854.54551388889 12.93943709200924 0.0 12.93943709200924 0.0
57854.54556055555 13.783580694949826 0.0 13.783580694949826 0.0
57854.54560722221 14.960809017282887 0.0 14.960809017282887 0.0
57854.54572444443 11.999059102897974 0.0 11.999059102897974 0.0
57854.54577111111 12.549900398011134 0.0 12.549900398011134 0.0
57854.54581777777 14.108107941089031 0.0 14.108107941089031 0.0
57854.54623888888 12.586731364878371 0.0 12.586731364878371 0.0
57854.5463561111 13.826925579019434 0.0 13.826925579019434 0.0
57854.54640277776 13.923292157967849 0.0 13.923292157967849 0.0
57854.54644944443 13.800771366941078 0.0 13.800771366941078 0.0
57854.54656666666 14.363147287415805 0.0 14.363147287415805 0.0
57854.54661333333 13.98086249589174 0.0 13.98086249589174 0.0
57854.54666 12.737802514689328 0.0 12.737802514689328 0.0
57854.54677722221 11.853949933767144 0.0 11.853949933767144 0.0
57854.54682388888 13.180753319310552 0.0 13.180753319310552 0.0
57854.54687055555 13.217046666356486 0.0 13.217046666356486 0.0
57854.546987777765 13.95256942460374 0.0 13.95256942460374 0.0
57854.54703444445 14.680907065234917 0.0 14.680907065234917 0.0
57854.5470811111 14.908213800106216 0.0 14.908213800106216 0.0
57854.547198333334 12.93407602346009 0.0 12.93407602346009 0.0
57854.547245 15.551890249181307 0.0 15.551890249181307 0.0
57854.54761944444 13.314314392485086 0.0 13.314314392485086 0.0
57854.5476661111 13.582602724595665 0.0 13.582602724595665 0.0
57854.54771277778 13.41244006089484 0.0 13.41244006089484 0.0
57854.560143333336 12.769166492110038 0.0 12.769166492110038 0.0
57854.56018999999 12.007390197492489 0.0 12.007390197492489 0.0
57854.560236666664 12.608624800303906 0.0 12.608624800303906 0.0
57854.56035388889 13.79422506563128 0.0 13.79422506563128 0.0
57854.56040055554 14.85217481630867 0.0 14.85217481630867 0.0
57854.560775 13.033208205542955 0.0 13.033208205542955 0.0
57854.560821666666 12.328173869950975 0.0 12.328173869950975 0.0
57854.560868333334 13.189560877035758 0.0 13.189560877035758 0.0
57854.56098555555 12.581860983433714 0.0 12.581860983433714 0.0
57854.56103222221 14.916217630052762 0.0 14.916217630052762 0.0
57854.56140666665 14.118621882852723 0.0 14.118621882852723 0.0
57854.56161722222 14.591203713417602 0.0 14.591203713417602 0.0
57854.56166388889 13.274520828482153 0.0 13.274520828482153 0.0
57854.56171055556 12.756023245206872 0.0 12.756023245206872 0.0
57854.56182777777 12.211311519745047 0.0 12.211311519745047 0.0
57854.561874444444 12.041192739120373 0.0 12.041192739120373 0.0
57854.56192111111 13.325091538752336 0.0 13.325091538752336 0.0
57854.56203833332 15.159794023624123 0.0 15.159794023624123 0.0
57854.56208499999 14.86389867669205 0.0 14.86389867669205 0.0
57854.562131666666 13.431546880866076 0.0 13.431546880866076 0.0
57854.56224888888 14.916325760506453 0.0 14.916325760506453 0.0
57854.562459444445 14.447569278758143 0.0 14.447569278758143 0.0
57854.56250611111 13.922712935483192 0.0 13.922712935483192 0.0
57854.56255277777 13.443429861892124 0.0 13.443429861892124 0.0
57854.562669999985 15.239697736397995 0.0 15.239697736397995 0.0
57854.56288055555 12.514636592097196 0.0 12.514636592097196 0.0
57854.562927222214 13.736811857195978 0.0 13.736811857195978 0.0
57854.56297388889 13.736107351112626 0.0 13.736107351112626 0.0
57854.56318444444 15.446160395636902 0.0 15.446160395636902 0.0
57854.56330166667 11.98251414191906 0.0 11.98251414191906 0.0
57854.56334833332 12.533825201970403 0.0 12.533825201970403 0.0
57854.56339499999 13.484160361148234 0.0 13.484160361148234 0.0
57854.56372277778 13.319401323366723 0.0 13.319401323366723 0.0
57854.56376944443 15.300326793895614 0.0 15.300326793895614 0.0
57854.565975 13.846974748204726 0.0 13.846974748204726 0.0
57854.56609222222 15.03233074882054 0.0 15.03233074882054 0.0
57854.56613888888 15.286827557547497 0.0 15.286827557547497 0.0
57854.56630277776 12.63750179477349 0.0 12.63750179477349 0.0
57854.56634944443 12.727541890744071 0.0 12.727541890744071 0.0
57854.56639611111 13.327633190165947 0.0 13.327633190165947 0.0
57854.56651333333 12.608752720284839 0.0 12.608752720284839 0.0
57854.56656 13.683873249075868 0.0 13.683873249075868 0.0
57854.56660666665 13.99976958335732 0.0 13.99976958335732 0.0
57854.566723888885 15.70350279396288 0.0 15.70350279396288 0.0
57854.56677055555 16.03222561170208 0.0 16.03222561170208 0.0
57854.566817222214 15.08053648399689 0.0 15.08053648399689 0.0
57854.56693444443 13.790950749699789 0.0 13.790950749699789 0.0
57854.5669811111 13.276829197831352 0.0 13.276829197831352 0.0
57854.567027777775 12.83870157237546 0.0 12.83870157237546 0.0
57854.567144999986 13.677388922668516 0.0 13.677388922668516 0.0
57854.567191666654 15.192634038647087 0.0 15.192634038647087 0.0
57854.56723833334 14.867479123370948 0.0 14.867479123370948 0.0
57854.5675661111 13.52965679177509 0.0 13.52965679177509 0.0
57854.56761277777 15.182226450688978 0.0 15.182226450688978 0.0
57854.56765944443 13.931398744122642 0.0 13.931398744122642 0.0
57854.56798722221 15.600248136984357 0.0 15.600248136984357 0.0
57854.56803388889 15.890045575362482 0.0 15.890045575362482 0.0
57854.568080555546 15.503381524998906 0.0 15.503381524998906 0.0
57854.56819777778 13.195429316195424 0.0 13.195429316195424 0.0
57854.56824444445 13.524887454066349 0.0 13.524887454066349 0.0
57854.568291111114 15.512014074425064 0.0 15.512014074425064 0.0
57854.56840833333 13.24678902054527 0.0 13.24678902054527 0.0
57854.568455 15.656494066412598 0.0 15.656494066412598 0.0
57854.568501666654 14.96695284349339 0.0 14.96695284349339 0.0
57854.56861888889 12.974665139566067 0.0 12.974665139566067 0.0
57854.568665555555 14.059206603595404 0.0 14.059206603595404 0.0
57854.56925055554 14.569079055181525 0.0 14.569079055181525 0.0
57854.56967166666 14.1428199040612 0.0 14.1428199040612 0.0
57854.569718333325 14.00886815901892 0.0 14.00886815901892 0.0
57854.569765 14.177674407775884 0.0 14.177674407775884 0.0
57854.56988222221 14.084880935518834 0.0 14.084880935518834 0.0
57854.569928888886 14.5919774688564 0.0 14.5919774688564 0.0
57854.569975555554 15.138287285405964 0.0 15.138287285405964 0.0
57854.57018611111 14.048533386890627 0.0 14.048533386890627 0.0
57854.570303333334 13.220341120971074 0.0 13.220341120971074 0.0
57854.57034999999 13.032465664267932 0.0 13.032465664267932 0.0
57854.570396666655 13.617825130699929 0.0 13.617825130699929 0.0
57854.57051388889 14.072851924550426 0.0 14.072851924550426 0.0
57854.57056055554 14.09850140743632 0.0 14.09850140743632 0.0
57854.5720811111 15.181270294080646 0.0 15.181270294080646 0.0
57854.5730811111 15.181270294080646 0.0 15.181270294080646 0.0
