57849.0340046 9.17142300845 0.0 9.17142300845 0.0
57849.0340509 9.22155084571 0.0 9.22155084571 0.0
57849.0357639 85.656062249 0.0 85.656062249 0.0
57849.0358102 62.863789259 0.0 62.863789259 0.0
57849.0358565 58.1761377199 0.0 58.1761377199 0.0
57849.0359028 74.1497673631 0.0 74.1497673631 0.0
57849.0359722 54.6561249999 0.0 54.6561249999 0.0
57849.0360185 10.1509605457 0.0 10.1509605457 0.0
57849.0360648 10.5322362298 0.0 10.5322362298 0.0
57849.0361111 10.3998076905 0.0 10.3998076905 0.0
57849.0361921 9.63187416861 0.0 9.63187416861 0.0
57849.0362269 9.78411978667 0.0 9.78411978667 0.0
57849.0362731 10.1616927724 0.0 10.1616927724 0.0
57849.036331 10.1497783227 0.0 10.1497783227 0.0
57849.0364005 9.71879622176 0.0 9.71879622176 0.0
57849.0364468 8.92059415062 0.0 8.92059415062 0.0
57849.0364815 8.94175597967 0.0 8.94175597967 0.0
57849.0365394 8.91560429808 0.0 8.91560429808 0.0
57849.0366088 8.92249964976 0.0 8.92249964976 0.0
57849.0366551 8.92586130298 0.0 8.92586130298 0.0
57849.0367014 9.05924941703 0.0 9.05924941703 0.0
57849.0367477 9.30413886397 0.0 9.30413886397 0.0
57849.0368171 12.4170044697 0.0 12.4170044697 0.0
57849.0368634 19.9549242043 0.0 19.9549242043 0.0
57849.0369097 22.0814628139 0.0 22.0814628139 0.0
57849.036956 15.3507003098 0.0 15.3507003098 0.0
57849.0370255 11.5811916485 0.0 11.5811916485 0.0
57849.0370718 17.9759005338 0.0 17.9759005338 0.0
57849.0371181 21.1945040046 0.0 21.1945040046 0.0
57849.0371644 25.4604006253 0.0 25.4604006253 0.0
57849.0372338 18.7238083733 0.0 18.7238083733 0.0
57849.0372801 9.58504042767 0.0 9.58504042767 0.0
57849.037338 9.410738547 0.0 9.410738547 0.0
57849.0373727 9.32716462812 0.0 9.32716462812 0.0
57849.0374421 9.4615537836 0.0 9.4615537836 0.0
57849.0374884 9.54426529388 0.0 9.54426529388 0.0
57849.0375463 10.0860795158 0.0 10.0860795158 0.0
57849.0375926 10.3754036066 0.0 10.3754036066 0.0
57849.037662 9.56739253924 0.0 9.56739253924 0.0
57849.0377083 9.23948050488 0.0 9.23948050488 0.0
57849.0377546 9.35900635751 0.0 9.35900635751 0.0
57849.0378009 9.36151697109 0.0 9.36151697109 0.0
57849.0378704 9.59364372905 0.0 9.59364372905 0.0
57849.0379167 9.3084907477 0.0 9.3084907477 0.0
57849.037963 9.96619285384 0.0 9.96619285384 0.0
57849.0380093 10.7425322899 0.0 10.7425322899 0.0
57849.0380787 11.8075823097 0.0 11.8075823097 0.0
57849.038125 9.57830882776 0.0 9.57830882776 0.0
57849.0381713 9.5262269551 0.0 9.5262269551 0.0
57849.0382176 9.50999474237 0.0 9.50999474237 0.0
57849.038287 9.19010337265 0.0 9.19010337265 0.0
57849.0383333 9.03471084208 0.0 9.03471084208 0.0
57849.0383796 9.00188869071 0.0 9.00188869071 0.0
57849.0384259 9.17403945926 0.0 9.17403945926 0.0
57849.0384954 9.1167976834 0.0 9.1167976834 0.0
57849.0385532 8.85002824854 0.0 8.85002824854 0.0
57849.0385995 9.05223729252 0.0 9.05223729252 0.0
57849.0386343 9.25516072254 0.0 9.25516072254 0.0
57849.0387037 9.04350595732 0.0 9.04350595732 0.0
57849.0387616 9.21086315174 0.0 9.21086315174 0.0
57849.0388079 9.12891012115 0.0 9.12891012115 0.0
57849.0388542 9.09741721589 0.0 9.09741721589 0.0
57849.0389236 9.09494365018 0.0 9.09494365018 0.0
57849.0389699 9.56728801699 0.0 9.56728801699 0.0
57849.0390162 9.90429199893 0.0 9.90429199893 0.0
57849.0390625 10.3714512003 0.0 10.3714512003 0.0
57849.0391319 10.0115932798 0.0 10.0115932798 0.0
57849.0391782 8.78914102743 0.0 8.78914102743 0.0
57849.0392245 9.01104877359 0.0 9.01104877359 0.0
57849.0392708 9.69824726433 0.0 9.69824726433 0.0
57849.0393403 10.7873073563 0.0 10.7873073563 0.0
57849.0393866 10.6276055629 0.0 10.6276055629 0.0
57849.0394329 11.0649898328 0.0 11.0649898328 0.0
57849.0394907 11.1397935349 0.0 11.1397935349 0.0
57849.0395602 12.5586225359 0.0 12.5586225359 0.0
57849.0395949 11.9827793103 0.0 11.9827793103 0.0
57849.0396412 15.2468685309 0.0 15.2468685309 0.0
57849.0396991 16.6519668508 0.0 16.6519668508 0.0
57849.0397685 16.2449684518 0.0 16.2449684518 0.0
57849.0398148 32.6829007281 0.0 32.6829007281 0.0
57849.0398495 201.635242455 0.0 201.635242455 0.0
57849.0399074 96.7810983612 0.0 96.7810983612 0.0
57849.0399769 194.260047359 0.0 194.260047359 0.0
57849.0400231 10.6008961885 0.0 10.6008961885 0.0
57849.0400694 9.94384231572 0.0 9.94384231572 0.0
57849.0401157 9.87263895825 0.0 9.87263895825 0.0
57849.0401852 10.0783431178 0.0 10.0783431178 0.0
57849.0402315 8.95935265519 0.0 8.95935265519 0.0
57849.0402778 2.01767192576 0.0 2.01767192576 0.0
57849.0403241 0.811788149704 0.0 0.811788149704 0.0
57849.0440972 8.22477963231 0.0 8.22477963231 0.0
57849.0441435 19.8274304941 0.0 19.8274304941 0.0
57849.0441898 54.4850988803 0.0 54.4850988803 0.0
57849.0442361 56.0508786729 0.0 56.0508786729 0.0
57849.0443056 50.2920073173 0.0 50.2920073173 0.0
57849.0443519 8.12213026244 0.0 8.12213026244 0.0
57849.0443981 8.09993827137 0.0 8.09993827137 0.0
57849.0444444 8.05493637467 0.0 8.05493637467 0.0
57849.0445255 7.99424793211 0.0 7.99424793211 0.0
57849.0445602 8.17618492942 0.0 8.17618492942 0.0
57849.0446065 8.3554174043 0.0 8.3554174043 0.0
57849.0446644 8.4383055171 0.0 8.4383055171 0.0
57849.0447338 8.12409995015 0.0 8.12409995015 0.0
57849.0447801 8.02047380147 0.0 8.02047380147 0.0
57849.0448148 8.0024996095 0.0 8.0024996095 0.0
57849.0448727 8.01635827543 0.0 8.01635827543 0.0
57849.0449421 7.96398141635 0.0 7.96398141635 0.0
57849.0449884 7.90227815253 0.0 7.90227815253 0.0
57849.0450347 7.90404959499 0.0 7.90404959499 0.0
57849.045081 7.96573913708 0.0 7.96573913708 0.0
57849.0451505 7.93933246564 0.0 7.93933246564 0.0
57849.0451968 7.96718268901 0.0 7.96718268901 0.0
57849.0452431 7.99224624245 0.0 7.99224624245 0.0
57849.0452894 7.95311259822 0.0 7.95311259822 0.0
57849.0453588 7.8984808666 0.0 7.8984808666 0.0
57849.0454051 7.92426652757 0.0 7.92426652757 0.0
57849.0454514 7.93177155496 0.0 7.93177155496 0.0
57849.0454977 7.97376949755 0.0 7.97376949755 0.0
57849.0455671 7.97565044369 0.0 7.97565044369 0.0
57849.0456134 7.92414033192 0.0 7.92414033192 0.0
57849.0456713 7.90620009866 0.0 7.90620009866 0.0
57849.045706 7.89341497706 0.0 7.89341497706 0.0
57849.0457755 7.88466866774 0.0 7.88466866774 0.0
57849.0458218 7.88003807097 0.0 7.88003807097 0.0
57849.0458796 7.88156075914 0.0 7.88156075914 0.0
57849.0459259 7.88897965519 0.0 7.88897965519 0.0
57849.0459954 7.867146878 0.0 7.867146878 0.0
57849.0460417 7.84168349272 0.0 7.84168349272 0.0
57849.046088 7.84544453807 0.0 7.84544453807 0.0
57849.0461343 7.88079945183 0.0 7.88079945183 0.0
57849.0462037 7.98285663156 0.0 7.98285663156 0.0
57849.04625 7.90828679298 0.0 7.90828679298 0.0
57849.0462963 7.8967714922 0.0 7.8967714922 0.0
57849.0463426 7.83613425102 0.0 7.83613425102 0.0
57849.046412 7.81632906165 0.0 7.81632906165 0.0
57849.0464583 7.8493311817 0.0 7.8493311817 0.0
57849.0590046 2.09690247747 0.0 2.09690247747 0.0
57849.0590509 0.839047078536 0.0 0.839047078536 0.0
57849.0607639 4.05215991787 0.0 4.05215991787 0.0
57849.0608102 11.0484388037 0.0 11.0484388037 0.0
57849.0608565 57.9806088274 0.0 57.9806088274 0.0
57849.0609028 53.8781681203 0.0 53.8781681203 0.0
57849.0609722 48.0508480674 0.0 48.0508480674 0.0
57849.0610185 8.2129166561 0.0 8.2129166561 0.0
57849.0610648 8.25542246042 0.0 8.25542246042 0.0
57849.0611111 8.21480371038 0.0 8.21480371038 0.0
57849.0611921 8.01155415634 0.0 8.01155415634 0.0
57849.0612269 7.97709220205 0.0 7.97709220205 0.0
57849.0612731 7.93593094728 0.0 7.93593094728 0.0
57849.061331 7.9307628889 0.0 7.9307628889 0.0
57849.0614005 7.97834569319 0.0 7.97834569319 0.0
57849.0614468 7.93107811082 0.0 7.93107811082 0.0
57849.0614815 7.92861904748 0.0 7.92861904748 0.0
57849.0615394 7.97809501072 0.0 7.97809501072 0.0
57849.0616088 8.00606020462 0.0 8.00606020462 0.0
57849.0616551 8.02215681722 0.0 8.02215681722 0.0
57849.0617014 7.99906244506 0.0 7.99906244506 0.0
57849.0617477 8.01055553629 0.0 8.01055553629 0.0
57849.0618171 8.03772355832 0.0 8.03772355832 0.0
57849.0618634 8.00974406582 0.0 8.00974406582 0.0
57849.0619097 8.00812087821 0.0 8.00812087821 0.0
57849.061956 7.96385585003 0.0 7.96385585003 0.0
57849.0620255 7.98886725387 0.0 7.98886725387 0.0
57849.0620718 7.99793723406 0.0 7.99793723406 0.0
57849.0621181 7.96385585003 0.0 7.96385585003 0.0
57849.0621644 7.9499685534 0.0 7.9499685534 0.0
57849.0622338 7.92275204711 0.0 7.92275204711 0.0
57849.0622801 7.94569065595 0.0 7.94569065595 0.0
57849.062338 7.96850048629 0.0 7.96850048629 0.0
57849.0623727 7.951666492 0.0 7.951666492 0.0
57849.0624421 7.95172937165 0.0 7.95172937165 0.0
57849.0624884 7.89246476077 0.0 7.89246476077 0.0
57849.0625463 7.89138771066 0.0 7.89138771066 0.0
57849.0625926 7.90708543017 0.0 7.90708543017 0.0
57849.062662 7.93668696623 0.0 7.93668696623 0.0
57849.0627083 7.91277448181 0.0 7.91277448181 0.0
57849.0627546 7.90759128939 0.0 7.90759128939 0.0
57849.0628009 7.91429087158 0.0 7.91429087158 0.0
57849.0628704 7.90974083014 0.0 7.90974083014 0.0
57849.0629167 7.87870547742 0.0 7.87870547742 0.0
57849.062963 7.92300448062 0.0 7.92300448062 0.0
57849.0630093 7.9591456828 0.0 7.9591456828 0.0
57849.0630787 7.92981714795 0.0 7.92981714795 0.0
57849.063125 7.87496031736 0.0 7.87496031736 0.0
57849.0631713 7.88219512572 0.0 7.88219512572 0.0
57849.0632176 7.91176339383 0.0 7.91176339383 0.0
57849.063287 7.9361829616 0.0 7.9361829616 0.0
57849.0633333 7.87965735296 0.0 7.87965735296 0.0
57849.0633796 7.86574853399 0.0 7.86574853399 0.0
57849.0634259 7.87210264161 0.0 7.87210264161 0.0
57849.0634954 7.86612992519 0.0 7.86612992519 0.0
57849.0635532 7.88314657989 0.0 7.88314657989 0.0
57849.0635995 7.87972080724 0.0 7.87972080724 0.0
57849.0636343 7.89835425896 0.0 7.89835425896 0.0
57849.0637037 7.90607361463 0.0 7.90607361463 0.0
57849.0637616 7.97013174295 0.0 7.97013174295 0.0
57849.0638079 7.93750590551 0.0 7.93750590551 0.0
57849.0638542 7.88733161468 0.0 7.88733161468 0.0
57849.0639236 7.87724571154 0.0 7.87724571154 0.0
57849.0639699 7.96893970362 0.0 7.96893970362 0.0
57849.0640162 7.98949310032 0.0 7.98949310032 0.0
57849.0640625 8.0014998594 0.0 8.0014998594 0.0
57849.0641319 7.93322128772 0.0 7.93322128772 0.0
57849.0641782 7.88942329958 0.0 7.88942329958 0.0
57849.0642245 7.86485854927 0.0 7.86485854927 0.0
57849.0642708 7.85964375783 0.0 7.85964375783 0.0
57849.0643403 7.8618064082 0.0 7.8618064082 0.0
57849.0643866 7.86091597716 0.0 7.86091597716 0.0
57849.0644329 7.90151884134 0.0 7.90151884134 0.0
57849.0644907 7.87489682472 0.0 7.87489682472 0.0
57849.0645602 7.85996183197 0.0 7.85996183197 0.0
57849.0645949 7.88219512572 0.0 7.88219512572 0.0
57849.0646412 7.89727801207 0.0 7.89727801207 0.0
57849.0646991 7.95198088529 0.0 7.95198088529 0.0
57849.0647685 7.96774748596 0.0 7.96774748596 0.0
57849.0648148 7.84901267676 0.0 7.84901267676 0.0
57849.0648495 7.84378735051 0.0 7.84378735051 0.0
57849.0649074 7.8722931856 0.0 7.8722931856 0.0
57849.0649769 7.85818045097 0.0 7.85818045097 0.0
57849.0650231 7.90676925172 0.0 7.90676925172 0.0
57849.0650694 7.91770168673 0.0 7.91770168673 0.0
57849.0651157 7.91068897126 0.0 7.91068897126 0.0
57849.0651852 7.84754738756 0.0 7.84754738756 0.0
57849.0652315 7.94613113408 0.0 7.94613113408 0.0
57849.0652778 2.27024227782 0.0 2.27024227782 0.0
57849.0653241 0.930591209931 0.0 0.930591209931 0.0
57849.0690972 13.8376298549 0.0 13.8376298549 0.0
57849.0691435 28.127513221 0.0 28.127513221 0.0
57849.0691898 59.8551919218 0.0 59.8551919218 0.0
57849.0692361 59.5254819384 0.0 59.5254819384 0.0
57849.0693056 40.4627483001 0.0 40.4627483001 0.0
57849.0693519 7.62312271973 0.0 7.62312271973 0.0
57849.0693981 7.60046051236 0.0 7.60046051236 0.0
57849.0694444 7.53299409266 0.0 7.53299409266 0.0
57849.0695255 7.44244583454 0.0 7.44244583454 0.0
57849.0695602 7.37516101519 0.0 7.37516101519 0.0
57849.0696065 7.34921764544 0.0 7.34921764544 0.0
57849.0696644 7.34458984559 0.0 7.34458984559 0.0
57849.0697338 7.32017759347 0.0 7.32017759347 0.0
57849.0697801 7.31792320266 0.0 7.31792320266 0.0
57849.0698148 7.34846922835 0.0 7.34846922835 0.0
57849.0698727 7.35703744723 0.0 7.35703744723 0.0
57849.0699421 7.35961955538 0.0 7.35961955538 0.0
57849.0699884 7.35221055194 0.0 7.35221055194 0.0
57849.0700347 7.32345546856 0.0 7.32345546856 0.0
57849.070081 7.32475255555 0.0 7.32475255555 0.0
57849.0701505 7.34350052768 0.0 7.34350052768 0.0
57849.0701968 7.35343457168 0.0 7.35343457168 0.0
57849.0702431 7.37326250719 0.0 7.37326250719 0.0
57849.0702894 7.33737010106 0.0 7.33737010106 0.0
57849.0703588 7.30184908088 0.0 7.30184908088 0.0
57849.0704051 7.3070513889 0.0 7.3070513889 0.0
57849.0704514 7.30369769363 0.0 7.30369769363 0.0
57849.0704977 7.30328693124 0.0 7.30328693124 0.0
57849.0705671 7.31334396839 0.0 7.31334396839 0.0
57849.0706134 7.31546307488 0.0 7.31546307488 0.0
57849.0706713 7.31019835572 0.0 7.31019835572 0.0
57849.070706 7.29534097901 0.0 7.29534097901 0.0
57849.0707755 7.29225616665 0.0 7.29225616665 0.0
57849.0708218 7.29938353561 0.0 7.29938353561 0.0
57849.0708796 7.34622351961 0.0 7.34622351961 0.0
57849.0709259 7.3636947248 0.0 7.3636947248 0.0
57849.0709954 7.38985791474 0.0 7.38985791474 0.0
57849.0710417 7.32208986561 0.0 7.32208986561 0.0
57849.071088 7.33818778719 0.0 7.33818778719 0.0
57849.0711343 7.35472637152 0.0 7.35472637152 0.0
57849.0712037 7.3221581518 0.0 7.3221581518 0.0
57849.07125 7.37841446383 0.0 7.37841446383 0.0
57849.0712963 7.38985791474 0.0 7.38985791474 0.0
57849.0713426 7.37658457553 0.0 7.37658457553 0.0
57849.071412 7.33805151249 0.0 7.33805151249 0.0
57849.0714583 7.29698567903 0.0 7.29698567903 0.0
57849.1088426 38.5447272659 0.0 38.5447272659 0.0
57849.1088889 39.5676888382 0.0 39.5676888382 0.0
57849.1089352 41.806997022 0.0 41.806997022 0.0
57849.1089815 40.5365020691 0.0 40.5365020691 0.0
57849.1090509 34.2210899885 0.0 34.2210899885 0.0
57849.1091088 7.19312171453 0.0 7.19312171453 0.0
57849.1091435 7.16547276877 0.0 7.16547276877 0.0
57849.1091898 7.10499824068 0.0 7.10499824068 0.0
57849.1092593 7.0389629918 0.0 7.0389629918 0.0
57849.1093171 6.96907454401 0.0 6.96907454401 0.0
57849.1093634 6.93534425966 0.0 6.93534425966 0.0
57849.1093981 6.94190175672 0.0 6.94190175672 0.0
57849.1094792 6.92878055649 0.0 6.92878055649 0.0
57849.1095255 6.91426062569 0.0 6.91426062569 0.0
57849.1095718 6.91657429657 0.0 6.91657429657 0.0
57849.1096181 6.914983731 0.0 6.914983731 0.0
57849.1096875 6.91563446113 0.0 6.91563446113 0.0
57849.1097338 6.92322179336 0.0 6.92322179336 0.0
57849.1097801 6.93880393151 0.0 6.93880393151 0.0
57849.1098264 6.95032373347 0.0 6.95032373347 0.0
57849.1098958 6.95356023919 0.0 6.95356023919 0.0
57849.1099421 6.94874089314 0.0 6.94874089314 0.0
57849.1099884 6.95046761017 0.0 6.95046761017 0.0
57849.1100347 6.92625439902 0.0 6.92625439902 0.0
57849.1101157 6.92221062956 0.0 6.92221062956 0.0
57849.1101505 6.9239439628 0.0 6.9239439628 0.0
57849.1101968 6.92574905696 0.0 6.92574905696 0.0
57849.1102546 6.93426275822 0.0 6.93426275822 0.0
57849.1103241 6.93058439094 0.0 6.93058439094 0.0
57849.1103704 6.92408838765 0.0 6.92408838765 0.0
57849.1228935 0.860232526704 0.0 0.860232526704 0.0
57849.1229398 0.309838667697 0.0 0.309838667697 0.0
57849.1246528 0.876356092008 0.0 0.876356092008 0.0
57849.1246991 2.53692727527 0.0 2.53692727527 0.0
57849.1247454 44.6046746429 0.0 44.6046746429 0.0
57849.1247917 42.20830487 0.0 42.20830487 0.0
57849.1248611 41.5305550168 0.0 41.5305550168 0.0
57849.1249074 7.34792487713 0.0 7.34792487713 0.0
57849.1249537 7.32666363361 0.0 7.32666363361 0.0
57849.125 7.30150669383 0.0 7.30150669383 0.0
57849.125081 7.30492984224 0.0 7.30492984224 0.0
57849.1251157 7.24341079879 0.0 7.24341079879 0.0
57849.125162 7.23374038793 0.0 7.23374038793 0.0
57849.1252199 7.231804754 0.0 7.231804754 0.0
57849.1252894 7.24272048335 0.0 7.24272048335 0.0
57849.1253356 7.18665429807 0.0 7.18665429807 0.0
57849.1253704 7.19868043464 0.0 7.19868043464 0.0
57849.1254282 7.21442998441 0.0 7.21442998441 0.0
57849.1254977 7.20867532907 0.0 7.20867532907 0.0
57849.125544 7.20825915183 0.0 7.20825915183 0.0
57849.1255903 7.20291607615 0.0 7.20291607615 0.0
57849.1256366 7.21553878792 0.0 7.21553878792 0.0
57849.125706 7.19305220334 0.0 7.19305220334 0.0
57849.1257523 7.1787185486 0.0 7.1787185486 0.0
57849.1257986 7.18387082289 0.0 7.18387082289 0.0
57849.1258449 7.18087738372 0.0 7.18087738372 0.0
57849.1259144 7.19305220334 0.0 7.19305220334 0.0
57849.1259606 7.18992350446 0.0 7.18992350446 0.0
57849.1260069 7.1890889548 0.0 7.1890889548 0.0
57849.1260532 7.19402529882 0.0 7.19402529882 0.0
57849.1261227 7.19923607058 0.0 7.19923607058 0.0
57849.126169 7.20721860359 0.0 7.20721860359 0.0
57849.1262269 7.20131932357 0.0 7.20131932357 0.0
57849.1262616 7.20909148229 0.0 7.20909148229 0.0
57849.126331 7.20104159133 0.0 7.20104159133 0.0
57849.1263773 7.19374728497 0.0 7.19374728497 0.0
57849.1264352 7.20041665461 0.0 7.20041665461 0.0
57849.1264815 7.203610206 0.0 7.203610206 0.0
57849.1265509 7.19604057798 0.0 7.19604057798 0.0
57849.1265972 7.41694006987 0.0 7.41694006987 0.0
57849.1266435 7.17328376687 0.0 7.17328376687 0.0
57849.1266898 7.17523518778 0.0 7.17523518778 0.0
57849.1267593 7.19562366998 0.0 7.19562366998 0.0
57849.1268056 7.1822698362 0.0 7.1822698362 0.0
57849.1268519 7.17586231752 0.0 7.17586231752 0.0
57849.1268981 7.38288561472 0.0 7.38288561472 0.0
57849.1269676 7.55876974117 0.0 7.55876974117 0.0
57849.1270139 7.18853253453 0.0 7.18853253453 0.0
57849.1270602 7.36939617608 0.0 7.36939617608 0.0
57849.1271065 7.24037291857 0.0 7.24037291857 0.0
57849.1271759 7.28010988928 0.0 7.28010988928 0.0
57849.1272222 7.26856244384 0.0 7.26856244384 0.0
57849.1272685 7.54665488809 0.0 7.54665488809 0.0
57849.1273148 7.30711981563 0.0 7.30711981563 0.0
57849.1273843 7.23318740252 0.0 7.23318740252 0.0
57849.1274421 7.21283578075 0.0 7.21283578075 0.0
57849.1274884 7.2154001968 0.0 7.2154001968 0.0
57849.1275231 7.21408344837 0.0 7.21408344837 0.0
57849.1275926 7.19312171453 0.0 7.19312171453 0.0
57849.1276505 7.17314435934 0.0 7.17314435934 0.0
57849.1276968 7.18004178261 0.0 7.18004178261 0.0
57849.1277431 7.17432923694 0.0 7.17432923694 0.0
57849.1278125 7.16944907228 0.0 7.16944907228 0.0
57849.1278588 7.15912005766 0.0 7.15912005766 0.0
57849.1279051 7.16226221246 0.0 7.16226221246 0.0
57849.1279514 7.16819363578 0.0 7.16819363578 0.0
57849.1280208 7.16617052546 0.0 7.16617052546 0.0
57849.1280671 7.15925973827 0.0 7.15925973827 0.0
57849.1281134 7.15877084422 0.0 7.15877084422 0.0
57849.1281597 7.17168041675 0.0 7.17168041675 0.0
57849.1282292 7.16861213904 0.0 7.16861213904 0.0
57849.1282755 7.15960892787 0.0 7.15960892787 0.0
57849.1283218 7.15814221708 0.0 7.15814221708 0.0
57849.1283796 7.15925973827 0.0 7.15925973827 0.0
57849.1284491 7.15297141054 0.0 7.15297141054 0.0
57849.1284838 7.1583517656 0.0 7.1583517656 0.0
57849.1285301 7.15227236618 0.0 7.15227236618 0.0
57849.128588 7.14828650797 0.0 7.14828650797 0.0
57849.1286574 7.1495454401 0.0 7.1495454401 0.0
57849.1287037 7.15374028044 0.0 7.15374028044 0.0
57849.1287384 7.15297141054 0.0 7.15297141054 0.0
57849.1287963 7.16212259041 0.0 7.16212259041 0.0
57849.1288657 7.15898037433 0.0 7.15898037433 0.0
57849.128912 7.14499825052 0.0 7.14499825052 0.0
57849.1289583 7.14716727102 0.0 7.14716727102 0.0
57849.1290046 7.15241218052 0.0 7.15241218052 0.0
57849.1290741 7.14674751198 0.0 7.14674751198 0.0
57849.1291204 7.15520789356 0.0 7.15520789356 0.0
57849.1291667 0.684835746731 0.0 0.684835746731 0.0
57849.129213 0.24289915603 0.0 0.24289915603 0.0
57849.1329861 1.8024982663 0.0 1.8024982663 0.0
57849.1330324 5.00839295583 0.0 5.00839295583 0.0
57849.1330787 38.1476473718 0.0 38.1476473718 0.0
57849.133125 39.2700522027 0.0 39.2700522027 0.0
57849.1331944 35.1260159995 0.0 35.1260159995 0.0
57849.1332407 7.03874988901 0.0 7.03874988901 0.0
57849.133287 7.00357051796 0.0 7.00357051796 0.0
57849.1333333 6.95765765183 0.0 6.95765765183 0.0
57849.1334144 6.89550578275 0.0 6.89550578275 0.0
57849.1334491 6.84996350355 0.0 6.84996350355 0.0
57849.1334954 6.82868947896 0.0 6.82868947896 0.0
57849.1335532 6.82912878777 0.0 6.82912878777 0.0
57849.1336227 6.82583328246 0.0 6.82583328246 0.0
57849.133669 6.82912878777 0.0 6.82912878777 0.0
57849.1337037 6.82436810262 0.0 6.82436810262 0.0
57849.1337616 6.83220315857 0.0 6.83220315857 0.0
57849.133831 6.83264224148 0.0 6.83264224148 0.0
57849.1338773 6.8365927186 0.0 6.8365927186 0.0
57849.1339236 6.8318372346 0.0 6.8318372346 0.0
57849.1339699 6.83073934505 0.0 6.83073934505 0.0
57849.1340394 6.8370315196 0.0 6.8370315196 0.0
57849.1340856 6.83352032264 0.0 6.83352032264 0.0
57849.1341319 6.82927521777 0.0 6.82927521777 0.0
57849.1341782 6.82912878777 0.0 6.82912878777 0.0
57849.1342477 6.83512984515 0.0 6.83512984515 0.0
57849.134294 6.83454460809 0.0 6.83454460809 0.0
57849.1343403 6.83176404745 0.0 6.83176404745 0.0
57849.1343866 6.8302269362 0.0 6.8302269362 0.0
57849.134456 6.82883591837 0.0 6.82883591837 0.0
57849.1345023 6.83008052661 0.0 6.83008052661 0.0
57849.1345602 6.83088574052 0.0 6.83088574052 0.0
57849.1345949 6.83688525573 0.0 6.83688525573 0.0
57849.1346644 6.83227634102 0.0 6.83227634102 0.0
57849.1347106 6.83337398362 0.0 6.83337398362 0.0
57849.1347685 6.8376165438 0.0 6.8376165438 0.0
57849.1348148 6.84061400753 0.0 6.84061400753 0.0
57849.1348843 6.83542244488 0.0 6.83542244488 0.0
57849.1349306 6.8400292397 0.0 6.8400292397 0.0
57849.1349769 6.83944442188 0.0 6.83944442188 0.0
57849.1350231 7.01512651347 0.0 7.01512651347 0.0
57849.1350926 6.82788400604 0.0 6.82788400604 0.0
57849.1351389 6.83498354058 0.0 6.83498354058 0.0
57849.1351852 6.84032162987 0.0 6.84032162987 0.0
57849.1352315 6.84353709715 0.0 6.84353709715 0.0
57849.1353009 6.84448683248 0.0 6.84448683248 0.0
57849.1353472 6.83125171546 0.0 6.83125171546 0.0
57849.1492824 7.66765935602 0.0 7.66765935602 0.0
57849.1493287 7.65114370536 0.0 7.65114370536 0.0
57849.1510417 64.3866834058 0.0 64.3866834058 0.0
57849.151088 66.7654701174 0.0 66.7654701174 0.0
57849.1511343 71.367436552 0.0 71.367436552 0.0
57849.1511806 66.4536379742 0.0 66.4536379742 0.0
57849.15125 69.8161227798 0.0 69.8161227798 0.0
57849.1512963 7.18616726774 0.0 7.18616726774 0.0
57849.1513426 7.16121498071 0.0 7.16121498071 0.0
57849.1513889 7.14947550524 0.0 7.14947550524 0.0
57849.1514699 7.12916544906 0.0 7.12916544906 0.0
57849.1515046 7.08907610341 0.0 7.08907610341 0.0
57849.1515509 7.08279605806 0.0 7.08279605806 0.0
57849.1516088 7.08928769341 0.0 7.08928769341 0.0
57849.1516782 7.08822968025 0.0 7.08822968025 0.0
57849.1517245 7.0880885999 0.0 7.0880885999 0.0
57849.1517593 7.09210829021 0.0 7.09210829021 0.0
57849.1518171 7.09401155905 0.0 7.09401155905 0.0
57849.1518866 7.09520965159 0.0 7.09520965159 0.0
57849.1519329 7.0862542997 0.0 7.0862542997 0.0
57849.1519792 7.0922492906 0.0 7.0922492906 0.0
57849.1520255 7.09372962552 0.0 7.09372962552 0.0
57849.1520949 7.08321960693 0.0 7.08321960693 0.0
57849.1521412 7.0862542997 0.0 7.0862542997 0.0
57849.1521875 7.09062761679 0.0 7.09062761679 0.0
57849.1522338 7.07566251315 0.0 7.07566251315 0.0
57849.1523032 7.08731260775 0.0 7.08731260775 0.0
57849.1523495 7.07502650172 0.0 7.07502650172 0.0
57849.1523958 7.07933612707 0.0 7.07933612707 0.0
57849.1524421 7.07884171316 0.0 7.07884171316 0.0
57849.1525116 7.07608648901 0.0 7.07608648901 0.0
57849.1525579 7.09239028819 0.0 7.09239028819 0.0
57849.1526157 7.09492776566 0.0 7.09492776566 0.0
57849.1526505 7.08477240284 0.0 7.08477240284 0.0
57849.1527199 7.07721696714 0.0 7.07721696714 0.0
57849.1527662 7.08378429937 0.0 7.08378429937 0.0
57849.1528241 7.07855917543 0.0 7.07855917543 0.0
57849.1528704 7.07912423962 0.0 7.07912423962 0.0
57849.1529398 7.08364313048 0.0 7.08364313048 0.0
57849.1529861 7.08611318002 0.0 7.08611318002 0.0
57849.1530324 7.09506871003 0.0 7.09506871003 0.0
57849.1530787 7.10218276307 0.0 7.10218276307 0.0
57849.1531481 7.08759479654 0.0 7.08759479654 0.0
57849.1531944 7.08484297638 0.0 7.08484297638 0.0
57849.1532407 7.0872420588 0.0 7.0872420588 0.0
57849.153287 7.08272546411 0.0 7.08272546411 0.0
57849.1533565 7.08201948599 0.0 7.08201948599 0.0
57849.1534028 7.08053670282 0.0 7.08053670282 0.0
57849.1534491 7.0852664029 0.0 7.0852664029 0.0
57849.1534954 7.07700501625 0.0 7.07700501625 0.0
57849.1535648 7.08145465282 0.0 7.08145465282 0.0
57849.1536111 7.07453178663 0.0 7.07453178663 0.0
57849.1536574 7.08152525943 0.0 7.08152525943 0.0
57849.1537037 7.09140324618 0.0 7.09140324618 0.0
57849.1537731 7.09098018612 0.0 7.09098018612 0.0
57849.153831 7.07990112925 0.0 7.07990112925 0.0
57849.1538773 7.08794751674 0.0 7.08794751674 0.0
57849.153912 7.08463125364 0.0 7.08463125364 0.0
57849.1539815 7.07707566725 0.0 7.07707566725 0.0
57849.1540394 7.07990112925 0.0 7.07990112925 0.0
57849.1540856 7.08406662871 0.0 7.08406662871 0.0
57849.1541319 7.08590149522 0.0 7.08590149522 0.0
57849.1542014 7.07905360906 0.0 7.07905360906 0.0
57849.1542477 7.07884171316 0.0 7.07884171316 0.0
57849.154294 7.08314901721 0.0 7.08314901721 0.0
57849.1543403 7.08357254498 0.0 7.08357254498 0.0
57849.1544097 7.08209008697 0.0 7.08209008697 0.0
57849.154456 7.0787004457 0.0 7.0787004457 0.0
57849.1545023 7.09182628101 0.0 7.09182628101 0.0
57849.1545486 7.08872343938 0.0 7.08872343938 0.0
57849.1546181 7.07495583025 0.0 7.07495583025 0.0
57849.1546644 7.07785278174 0.0 7.07785278174 0.0
57849.1547106 7.07997175136 0.0 7.07997175136 0.0
57849.1547685 7.07431975528 0.0 7.07431975528 0.0
57849.154838 7.08039546918 0.0 7.08039546918 0.0
57849.1548727 7.08336078426 0.0 7.08336078426 0.0
57849.154919 7.0880885999 0.0 7.0880885999 0.0
57849.1549769 7.08611318002 0.0 7.08611318002 0.0
57849.1550463 7.08427836833 0.0 7.08427836833 0.0
57849.1550926 7.08674819646 0.0 7.08674819646 0.0
57849.1551273 7.08201948599 0.0 7.08201948599 0.0
57849.1551852 7.07318881411 0.0 7.07318881411 0.0
57849.1552546 7.07686371213 0.0 7.07686371213 0.0
57849.1553009 7.07749955846 0.0 7.07749955846 0.0
57849.1553472 7.08046608635 0.0 7.08046608635 0.0
57849.1553935 7.0782059874 0.0 7.0782059874 0.0
57849.155463 7.09563245948 0.0 7.09563245948 0.0
57849.1555093 7.09394107672 0.0 7.09394107672 0.0
57849.1555556 0.397492138287 0.0 0.397492138287 0.0
57849.1556019 0.137840487521 0.0 0.137840487521 0.0
57849.159375 0.861394218694 0.0 0.861394218694 0.0
57849.1594213 2.54931363312 0.0 2.54931363312 0.0
57849.1594676 72.8291768455 0.0 72.8291768455 0.0
57849.1595139 70.3596262071 0.0 70.3596262071 0.0
57849.1595833 71.598596355 0.0 71.598596355 0.0
57849.1596296 6.88919443767 0.0 6.88919443767 0.0
57849.1596759 6.86352679022 0.0 6.86352679022 0.0
57849.1597222 6.86716826647 0.0 6.86716826647 0.0
57849.1598032 6.92091034475 0.0 6.92091034475 0.0
57849.159838 6.83885955405 0.0 6.83885955405 0.0
57849.1598843 6.81762421962 0.0 6.81762421962 0.0
57849.1599421 6.79205418117 0.0 6.79205418117 0.0
57849.1600116 6.78881432947 0.0 6.78881432947 0.0
57849.1600579 6.8409063727 0.0 6.8409063727 0.0
57849.1600926 6.82722491207 0.0 6.82722491207 0.0
57849.1601505 6.80991923594 0.0 6.80991923594 0.0
57849.1602199 6.79735242576 0.0 6.79735242576 0.0
57849.1602662 6.78955079516 0.0 6.78955079516 0.0
57849.1603125 6.80610020496 0.0 6.80610020496 0.0
57849.1603588 6.82444136908 0.0 6.82444136908 0.0
57849.1604282 6.79698462555 0.0 6.79698462555 0.0
57849.1604745 6.78048670819 0.0 6.78048670819 0.0
57849.1605208 6.7820350928 0.0 6.7820350928 0.0
57849.1605671 6.78490972674 0.0 6.78490972674 0.0
57849.1606366 6.78653077795 0.0 6.78653077795 0.0
57849.1606829 6.78490972674 0.0 6.78490972674 0.0
57849.1607292 6.78667812704 0.0 6.78667812704 0.0
57849.1607755 6.78903527756 0.0 6.78903527756 0.0
57849.1608449 6.78122407829 0.0 6.78122407829 0.0
57849.1608912 6.78704648577 0.0 6.78704648577 0.0
57849.1609491 6.78527818147 0.0 6.78527818147 0.0
57849.1609838 6.78262486063 0.0 6.78262486063 0.0
57849.1610532 6.79212779621 0.0 6.79212779621 0.0
57849.1610995 6.79109711313 0.0 6.79109711313 0.0
57849.1611574 6.78314086541 0.0 6.78314086541 0.0
57849.1612037 6.78100287568 0.0 6.78100287568 0.0
57849.1612731 6.79242224836 0.0 6.79242224836 0.0
57849.1613194 6.78712015512 0.0 6.78712015512 0.0
57849.1613657 6.78277229457 0.0 6.78277229457 0.0
57849.161412 6.78505711103 0.0 6.78505711103 0.0
57849.1614815 6.7891825723 0.0 6.7891825723 0.0
57849.1615278 6.94802130106 0.0 6.94802130106 0.0
57849.1615741 6.79573395595 0.0 6.79573395595 0.0
57849.1616204 6.79882342762 0.0 6.79882342762 0.0
57849.1616898 6.78151900388 0.0 6.78151900388 0.0
57849.1617361 6.79006627361 0.0 6.79006627361 0.0
57849.1742824 1.07563934476 0.0 1.07563934476 0.0
57849.1743287 0.396232255123 0.0 0.396232255123 0.0
57849.1760417 1.54628587266 0.0 1.54628587266 0.0
57849.176088 4.56475629141 0.0 4.56475629141 0.0
57849.1761343 67.1903564509 0.0 67.1903564509 0.0
57849.1761806 64.9901146329 0.0 64.9901146329 0.0
57849.17625 66.9764958773 0.0 66.9764958773 0.0
57849.1762963 7.15422951826 0.0 7.15422951826 0.0
57849.1763426 7.12888490579 0.0 7.12888490579 0.0
57849.1763889 7.10513898527 0.0 7.10513898527 0.0
57849.1764699 7.07862981092 0.0 7.07862981092 0.0
57849.1765046 7.0748144852 0.0 7.0748144852 0.0
57849.1765509 7.0548564833 0.0 7.0548564833 0.0
57849.1766088 7.04691421829 0.0 7.04691421829 0.0
57849.1766782 7.04606273035 0.0 7.04606273035 0.0
57849.1767245 7.04812031679 0.0 7.04812031679 0.0
57849.1767593 7.05365153662 0.0 7.05365153662 0.0
57849.1768171 7.05088646909 0.0 7.05088646909 0.0
57849.1768866 7.0468432649 0.0 7.0468432649 0.0
57849.1769329 7.05315532227 0.0 7.05315532227 0.0
57849.1769792 7.05173737458 0.0 7.05173737458 0.0
57849.1770255 7.05117011566 0.0 7.05117011566 0.0
57849.1770949 7.05280086207 0.0 7.05280086207 0.0
57849.1771412 7.04904248817 0.0 7.04904248817 0.0
57849.1771875 7.04833313628 0.0 7.04833313628 0.0
57849.1772338 7.05372242153 0.0 7.05372242153 0.0
57849.1773032 7.05669894497 0.0 7.05669894497 0.0
57849.1773495 7.04712707421 0.0 7.04712707421 0.0
57849.1773958 7.05017730274 0.0 7.05017730274 0.0
57849.1774421 7.05988668464 0.0 7.05988668464 0.0
57849.1775116 7.05705320938 0.0 7.05705320938 0.0
57849.1775579 7.04506919767 0.0 7.04506919767 0.0
57849.1776157 7.05187918218 0.0 7.05187918218 0.0
57849.1776505 7.04946806504 0.0 7.04946806504 0.0
57849.1777199 7.05081555566 0.0 7.05081555566 0.0
57849.1777662 7.04414650614 0.0 7.04414650614 0.0
57849.1778241 7.04549501455 0.0 7.04549501455 0.0
57849.1778704 7.0445014018 0.0 7.0445014018 0.0
57849.1779398 7.04279773954 0.0 7.04279773954 0.0
57849.1779861 7.04570791333 0.0 7.04570791333 0.0
57849.1780324 7.04819125734 0.0 7.04819125734 0.0
57849.1780787 7.05287175553 0.0 7.05287175553 0.0
57849.1781481 7.05584863783 0.0 7.05584863783 0.0
57849.1781944 7.05322621217 0.0 7.05322621217 0.0
57849.1782407 7.05676979928 0.0 7.05676979928 0.0
57849.178287 7.06767288434 0.0 7.06767288434 0.0
57849.1783565 7.05457298495 0.0 7.05457298495 0.0
57849.1784028 7.04918434998 0.0 7.04918434998 0.0
57849.1784491 7.053935072 0.0 7.053935072 0.0
57849.1784954 7.05535257801 0.0 7.05535257801 0.0
57849.1785648 7.04783654748 0.0 7.04783654748 0.0
57849.1786111 7.05244638406 0.0 7.05244638406 0.0
57849.1786574 7.0509573818 0.0 7.0509573818 0.0
57849.1787037 7.0489006235 0.0 7.0489006235 0.0
57849.1787731 7.04663040041 0.0 7.04663040041 0.0
57849.178831 7.0486168856 0.0 7.0486168856 0.0
57849.1788773 7.04932620894 0.0 7.04932620894 0.0
57849.178912 7.05131193467 0.0 7.05131193467 0.0
57849.1789815 7.06179863774 0.0 7.06179863774 0.0
57849.1790394 7.04911341943 0.0 7.04911341943 0.0
57849.1790856 7.04322369374 0.0 7.04322369374 0.0
57849.1791319 7.04606273035 0.0 7.04606273035 0.0
57849.1792014 7.04336567274 0.0 7.04336567274 0.0
57849.1792477 7.04521113949 0.0 7.04521113949 0.0
57849.179294 7.0413777061 0.0 7.0413777061 0.0
57849.1793403 7.04244275802 0.0 7.04244275802 0.0
57849.1794097 7.04088062674 0.0 7.04088062674 0.0
57849.179456 7.04847501237 0.0 7.04847501237 0.0
57849.1795023 7.04783654748 0.0 7.04783654748 0.0
57849.1795486 7.04840407468 0.0 7.04840407468 0.0
57849.1796181 7.0444304241 0.0 7.0444304241 0.0
57849.1796644 7.05046097784 0.0 7.05046097784 0.0
57849.1797106 7.05074464153 0.0 7.05074464153 0.0
57849.1797685 7.0509573818 0.0 7.0509573818 0.0
57849.179838 7.04975176868 0.0 7.04975176868 0.0
57849.1798727 7.04812031679 0.0 7.04812031679 0.0
57849.179919 7.04464335506 0.0 7.04464335506 0.0
57849.1799769 7.0445014018 0.0 7.0445014018 0.0
57849.1800463 7.04151972233 0.0 7.04151972233 0.0
57849.1800926 7.04350764889 0.0 7.04350764889 0.0
57849.1801273 7.04336567274 0.0 7.04336567274 0.0
57849.1801852 7.03818158334 0.0 7.03818158334 0.0
57849.1802546 7.04613369161 0.0 7.04613369161 0.0
57849.1803009 7.04854594934 0.0 7.04854594934 0.0
57849.1803472 7.04819125734 0.0 7.04819125734 0.0
57849.1803935 7.04315270316 0.0 7.04315270316 0.0
57849.180463 7.03981533849 0.0 7.03981533849 0.0
57849.1805093 7.05655723423 0.0 7.05655723423 0.0
57849.1805556 0.712039324757 0.0 0.712039324757 0.0
57849.1806019 0.25495097568 0.0 0.25495097568 0.0
57849.184375 1.98217052748 0.0 1.98217052748 0.0
57849.1844213 5.89126471991 0.0 5.89126471991 0.0
57849.1844676 68.7765585065 0.0 68.7765585065 0.0
57849.1845139 64.5070151224 0.0 64.5070151224 0.0
57849.1845833 55.200425723 0.0 55.200425723 0.0
57849.1846296 6.94334213474 0.0 6.94334213474 0.0
57849.1846759 6.91932077591 0.0 6.91932077591 0.0
57849.1847222 6.87771764468 0.0 6.87771764468 0.0
57849.1848032 6.81652404089 0.0 6.81652404089 0.0
57849.184838 6.77458485813 0.0 6.77458485813 0.0
57849.1848843 6.75388776928 0.0 6.75388776928 0.0
57849.1849421 6.75314741435 0.0 6.75314741435 0.0
57849.1850116 6.74699933304 0.0 6.74699933304 0.0
57849.1850579 6.75522020366 0.0 6.75522020366 0.0
57849.1850926 6.75077773297 0.0 6.75077773297 0.0
57849.1851505 6.75003703694 0.0 6.75003703694 0.0
57849.1852199 6.7486294905 0.0 6.7486294905 0.0
57849.1852662 6.75455401933 0.0 6.75455401933 0.0
57849.1853125 6.75522020366 0.0 6.75522020366 0.0
57849.1853588 6.75522020366 0.0 6.75522020366 0.0
57849.1854282 6.74855540097 0.0 6.74855540097 0.0
57849.1854745 6.75255507197 0.0 6.75255507197 0.0
57849.1855208 6.75729235715 0.0 6.75729235715 0.0
57849.1855671 6.76091709755 0.0 6.76091709755 0.0
57849.1856366 6.75410985993 0.0 6.75410985993 0.0
57849.1856829 6.76816075459 0.0 6.76816075459 0.0
57849.1857292 6.77303477032 0.0 6.77303477032 0.0
57849.1857755 6.77126280689 0.0 6.77126280689 0.0
57849.1858449 6.75670037814 0.0 6.75670037814 0.0
57849.1858912 6.7570703711 0.0 6.7570703711 0.0
57849.1859491 6.76128685976 0.0 6.76128685976 0.0
57849.1859838 6.75914195738 0.0 6.75914195738 0.0
57849.1860532 6.75277720645 0.0 6.75277720645 0.0
57849.1860995 6.75233293018 0.0 6.75233293018 0.0
57849.1861574 6.7576623177 0.0 6.7576623177 0.0
57849.1862037 6.75292529205 0.0 6.75292529205 0.0
57849.1862731 6.75781029624 0.0 6.75781029624 0.0
57849.1863194 6.76136080978 0.0 6.76136080978 0.0
57849.1863657 6.76025147461 0.0 6.76025147461 0.0
57849.186412 6.75581231237 0.0 6.75581231237 0.0
57849.1864815 6.75884605536 0.0 6.75884605536 0.0
57849.1865278 6.75447999479 0.0 6.75447999479 0.0
57849.1865741 6.75336952935 0.0 6.75336952935 0.0
57849.1866204 6.75499814952 0.0 6.75499814952 0.0
57849.1866898 6.7479626555 0.0 6.7479626555 0.0
57849.1867361 6.75285124966 0.0 6.75285124966 0.0
57849.2006713 7.57641075972 0.0 7.57641075972 0.0
57849.2007176 7.56861942497 0.0 7.56861942497 0.0
57849.2024306 148.577171867 0.0 148.577171867 0.0
57849.2024769 136.8607504 0.0 136.8607504 0.0
57849.2025231 187.759007773 0.0 187.759007773 0.0
57849.2025694 162.286549042 0.0 162.286549042 0.0
57849.2026389 159.951076895 0.0 159.951076895 0.0
57849.2026852 7.21345964153 0.0 7.21345964153 0.0
57849.2027315 7.18881075005 0.0 7.18881075005 0.0
57849.2027894 7.16002793291 0.0 7.16002793291 0.0
57849.2028588 7.1080236353 0.0 7.1080236353 0.0
57849.2029051 7.07848853923 0.0 7.07848853923 0.0
57849.2029398 7.07615714919 0.0 7.07615714919 0.0
57849.2029977 7.08830021938 0.0 7.08830021938 0.0
57849.2030671 7.07523851188 0.0 7.07523851188 0.0
57849.2031134 7.06314377597 0.0 7.06314377597 0.0
57849.2031597 7.06286061026 0.0 7.06286061026 0.0
57849.203206 7.05960338829 0.0 7.05960338829 0.0
57849.2032755 7.06314377597 0.0 7.06314377597 0.0
57849.2033218 7.05726575949 0.0 7.05726575949 0.0
57849.2033681 7.0633561428 0.0 7.0633561428 0.0
57849.2034144 7.06555022627 0.0 7.06555022627 0.0
57849.2034838 7.06286061026 0.0 7.06286061026 0.0
57849.2035301 7.06172783389 0.0 7.06172783389 0.0
57849.2035764 7.06222344591 0.0 7.06222344591 0.0
57849.2036227 7.06158622407 0.0 7.06158622407 0.0
57849.2036921 7.06618709065 0.0 7.06618709065 0.0
57849.2037384 7.07007779307 0.0 7.07007779307 0.0
57849.2037963 7.06717765448 0.0 7.06717765448 0.0
57849.203831 7.06179863774 0.0 7.06179863774 0.0
57849.2039005 7.05584863783 0.0 7.05584863783 0.0
57849.2039468 7.05159556413 0.0 7.05159556413 0.0
57849.2040046 7.05754914967 0.0 7.05754914967 0.0
57849.2040509 7.0673899001 0.0 7.0673899001 0.0
57849.2041204 7.07403703694 0.0 7.07403703694 0.0
57849.2041551 7.0579033714 0.0 7.0579033714 0.0
57849.204213 7.05308443165 0.0 7.05308443165 0.0
57849.2042593 7.06307298561 0.0 7.06307298561 0.0
57849.2043287 7.0659748089 0.0 7.0659748089 0.0
57849.204375 7.06753139363 0.0 7.06753139363 0.0
57849.2044213 7.07043138712 0.0 7.07043138712 0.0
57849.2044676 7.07643978283 0.0 7.07643978283 0.0
57849.204537 7.06286061026 0.0 7.06286061026 0.0
57849.2045833 7.07304743374 0.0 7.07304743374 0.0
57849.2046296 7.0673899001 0.0 7.0673899001 0.0
57849.2046759 7.06130299591 0.0 7.06130299591 0.0
57849.2047454 7.06094894472 0.0 7.06094894472 0.0
57849.2047917 7.05995750695 0.0 7.05995750695 0.0
57849.204838 7.25982093443 0.0 7.25982093443 0.0
57849.2048843 7.27990384552 0.0 7.27990384552 0.0
57849.2049537 7.08011299345 0.0 7.08011299345 0.0
57849.2050116 7.06908763561 0.0 7.06908763561 0.0
57849.2050463 7.08004237275 0.0 7.08004237275 0.0
57849.2050926 7.08258427412 0.0 7.08258427412 0.0
57849.205162 7.34908157527 0.0 7.34908157527 0.0
57849.2052199 7.08230188569 0.0 7.08230188569 0.0
57849.2052662 7.28711191076 0.0 7.28711191076 0.0
57849.2053009 7.08336078426 0.0 7.08336078426 0.0
57849.2053819 7.09950702514 0.0 7.09950702514 0.0
57849.2054282 7.11385971186 0.0 7.11385971186 0.0
57849.2054745 7.16923984813 0.0 7.16923984813 0.0
57849.2055208 7.19694379581 0.0 7.19694379581 0.0
57849.2055903 7.0903455487 0.0 7.0903455487 0.0
57849.2056366 7.29595778497 0.0 7.29595778497 0.0
57849.2056829 7.07742891169 0.0 7.07742891169 0.0
57849.2057292 7.0719162891 0.0 7.0719162891 0.0
57849.2057986 7.0659748089 0.0 7.0659748089 0.0
57849.2058449 7.06484253186 0.0 7.06484253186 0.0
57849.2058912 7.06080731928 0.0 7.06080731928 0.0
57849.2059375 7.06448865807 0.0 7.06448865807 0.0
57849.2060185 7.07255258022 0.0 7.07255258022 0.0
57849.2060532 7.06618709065 0.0 7.06618709065 0.0
57849.2060995 7.06385164057 0.0 7.06385164057 0.0
57849.2061574 7.26642965974 0.0 7.26642965974 0.0
57849.2062269 7.0875242504 0.0 7.0875242504 0.0
57849.2062731 7.07608648901 0.0 7.07608648901 0.0
57849.2063079 7.07757020453 0.0 7.07757020453 0.0
57849.2063657 7.08025423272 0.0 7.08025423272 0.0
57849.2064352 7.0868893035 0.0 7.0868893035 0.0
57849.2064815 7.07099710083 0.0 7.07099710083 0.0
57849.2065278 7.06392242313 0.0 7.06392242313 0.0
57849.2065741 7.06781437221 0.0 7.06781437221 0.0
57849.2066435 7.07573317756 0.0 7.07573317756 0.0
57849.2066898 7.07113852219 0.0 7.07113852219 0.0
57849.2067361 7.08321960693 0.0 7.08321960693 0.0
57849.2067824 7.0883707578 0.0 7.0883707578 0.0
57849.2068519 7.09069813206 0.0 7.09069813206 0.0
57849.2068981 7.06838029537 0.0 7.06838029537 0.0
57849.2069444 7.06555022627 0.0 7.06555022627 0.0
57849.2069907 7.06123218709 0.0 7.06123218709 0.0
57849.209375 111.366579367 0.0 111.366579367 0.0
57849.2094213 120.279715663 0.0 120.279715663 0.0
57849.2094676 116.310829246 0.0 116.310829246 0.0
57849.2095139 115.956569456 0.0 115.956569456 0.0
57849.2095833 117.114345833 0.0 117.114345833 0.0
57849.2096296 6.90601187372 0.0 6.90601187372 0.0
57849.2096759 6.88382161303 0.0 6.88382161303 0.0
57849.2097338 6.84857649443 0.0 6.84857649443 0.0
57849.2098032 6.79639610382 0.0 6.79639610382 0.0
57849.2098495 6.78579398449 0.0 6.78579398449 0.0
57849.2098843 6.7659441322 0.0 6.7659441322 0.0
57849.2099421 6.76239602508 0.0 6.76239602508 0.0
57849.2100116 6.75995562116 0.0 6.75995562116 0.0
57849.2100579 6.76417031128 0.0 6.76417031128 0.0
57849.2101042 6.7762821665 0.0 6.7762821665 0.0
57849.2101505 6.77797904983 0.0 6.77797904983 0.0
57849.2102199 6.76734807735 0.0 6.76734807735 0.0
57849.2102662 6.76039939649 0.0 6.76039939649 0.0
57849.2103125 6.77052435192 0.0 6.77052435192 0.0
57849.2103588 6.76720030736 0.0 6.76720030736 0.0
57849.2104282 6.76054731512 0.0 6.76054731512 0.0
57849.2104745 6.75855014038 0.0 6.75855014038 0.0
57849.2105208 6.75825421244 0.0 6.75825421244 0.0
57849.2105671 6.75973372257 0.0 6.75973372257 0.0
57849.2106366 6.76047335621 0.0 6.76047335621 0.0
57849.2106829 6.76579633155 0.0 6.76579633155 0.0
57849.2107407 6.76956424004 0.0 6.76956424004 0.0
57849.2107755 6.76136080978 0.0 6.76136080978 0.0
57849.2108449 6.75566429006 0.0 6.75566429006 0.0
57849.2108912 6.76017751246 0.0 6.76017751246 0.0
57849.2109491 6.76749584411 0.0 6.76749584411 0.0
57849.2109954 6.76387462923 0.0 6.76387462923 0.0
57849.2110648 6.76158265497 0.0 6.76158265497 0.0
57849.2110995 6.75773630737 0.0 6.75773630737 0.0
57849.2111574 6.75729235715 0.0 6.75729235715 0.0
57849.2112037 6.75914195738 0.0 6.75914195738 0.0
57849.2112731 6.76490945985 0.0 6.76490945985 0.0
57849.2113194 6.76683086829 0.0 6.76683086829 0.0
57849.2113657 6.77200118133 0.0 6.77200118133 0.0
57849.211412 6.77421582178 0.0 6.77421582178 0.0
57849.2114815 6.77281330025 0.0 6.77281330025 0.0
57849.2115278 6.76217420657 0.0 6.76217420657 0.0
57849.2115741 6.7647616366 0.0 6.7647616366 0.0
57849.2116204 6.76505727988 0.0 6.76505727988 0.0
57849.2116898 6.77384676532 0.0 6.77384676532 0.0
57849.2117361 6.76417031128 0.0 6.76417031128 0.0
57849.2228935 7.60512984768 0.0 7.60512984768 0.0
57849.2229398 7.60420936061 0.0 7.60420936061 0.0
57849.2246528 128.990790369 0.0 128.990790369 0.0
57849.2246991 154.034327343 0.0 154.034327343 0.0
57849.2247454 188.54275112 0.0 188.54275112 0.0
57849.2247917 223.061578942 0.0 223.061578942 0.0
57849.2248611 175.521981529 0.0 175.521981529 0.0
57849.2249074 7.27468212364 0.0 7.27468212364 0.0
57849.2249537 7.24382495647 0.0 7.24382495647 0.0
57849.2250116 7.20763484092 0.0 7.20763484092 0.0
57849.225081 7.15457895337 0.0 7.15457895337 0.0
57849.2251273 7.14716727102 0.0 7.14716727102 0.0
57849.225162 7.13540468369 0.0 7.13540468369 0.0
57849.2252199 7.13316199171 0.0 7.13316199171 0.0
57849.2252894 7.11118836764 0.0 7.11118836764 0.0
57849.2253356 7.10999296765 0.0 7.10999296765 0.0
57849.2253819 7.11533555077 0.0 7.11533555077 0.0
57849.2254282 7.11385971186 0.0 7.11385971186 0.0
57849.2254977 7.11322711573 0.0 7.11322711573 0.0
57849.225544 7.11758385971 0.0 7.11758385971 0.0
57849.2255903 7.13126917175 0.0 7.13126917175 0.0
57849.2256366 7.11933985704 0.0 7.11933985704 0.0
57849.225706 7.10879736664 0.0 7.10879736664 0.0
57849.2257523 7.12572803298 0.0 7.12572803298 0.0
57849.2257986 7.12748202383 0.0 7.12748202383 0.0
57849.2258449 7.10928969729 0.0 7.10928969729 0.0
57849.2259144 7.12039324757 0.0 7.12039324757 0.0
57849.2259606 7.11343798736 0.0 7.11343798736 0.0
57849.2260185 7.11891845718 0.0 7.11891845718 0.0
57849.2260532 7.30609334734 0.0 7.30609334734 0.0
57849.2261227 7.11983145868 0.0 7.11983145868 0.0
57849.226169 7.11793509383 0.0 7.11793509383 0.0
57849.2262269 7.30328693124 0.0 7.30328693124 0.0
57849.2262731 7.11891845718 0.0 7.11891845718 0.0
57849.2263426 7.11737311092 0.0 7.11737311092 0.0
57849.2263773 7.11877798502 0.0 7.11877798502 0.0
57849.2264352 7.30691453351 0.0 7.30691453351 0.0
57849.2264815 7.12278035601 0.0 7.12278035601 0.0
57849.2265509 7.13288160563 0.0 7.13288160563 0.0
57849.2265972 7.11919939319 0.0 7.11919939319 0.0
57849.2266435 7.11969100453 0.0 7.11969100453 0.0
57849.2266898 7.11484363848 0.0 7.11484363848 0.0
57849.2267593 7.12397361028 0.0 7.12397361028 0.0
57849.2268056 7.11912916023 0.0 7.11912916023 0.0
57849.2268519 7.31518967628 0.0 7.31518967628 0.0
57849.2268981 7.12586836814 0.0 7.12586836814 0.0
57849.2269676 7.12397361028 0.0 7.12397361028 0.0
57849.2270139 7.27791178842 0.0 7.27791178842 0.0
57849.2270602 7.12207834835 0.0 7.12207834835 0.0
57849.2271065 7.13007713843 0.0 7.13007713843 0.0
57849.2271759 7.12004213471 0.0 7.12004213471 0.0
57849.2272338 7.13161973187 0.0 7.13161973187 0.0
57849.2272685 7.12411398 0.0 7.12411398 0.0
57849.2273148 7.12979663104 0.0 7.12979663104 0.0
57849.2273843 7.12572803298 0.0 7.12572803298 0.0
57849.2274421 7.11884822145 0.0 7.11884822145 0.0
57849.2274884 7.1202528045 0.0 7.1202528045 0.0
57849.2275231 7.276812489 0.0 7.276812489 0.0
57849.2276042 7.1272014143 0.0 7.1272014143 0.0
57849.2276505 7.12341210376 0.0 7.12341210376 0.0
57849.2276968 7.12242936083 0.0 7.12242936083 0.0
57849.2277431 7.12544735438 0.0 7.12544735438 0.0
57849.2278125 7.12334191233 0.0 7.12334191233 0.0
57849.2278588 7.11800533858 0.0 7.11800533858 0.0
57849.2279051 7.12088477649 0.0 7.12088477649 0.0
57849.2279514 7.11688133946 0.0 7.11688133946 0.0
57849.2280208 7.1231313339 0.0 7.1231313339 0.0
57849.2280671 7.12278035601 0.0 7.12278035601 0.0
57849.2281134 7.12306113971 0.0 7.12306113971 0.0
57849.2281597 7.12446489219 0.0 7.12446489219 0.0
57849.2282407 7.12151669239 0.0 7.12151669239 0.0
57849.2282755 7.12544735438 0.0 7.12544735438 0.0
57849.2283218 7.12621919393 0.0 7.12621919393 0.0
57849.2283796 7.12944598128 0.0 7.12944598128 0.0
57849.2284491 7.12776262231 0.0 7.12776262231 0.0
57849.2284954 7.12144648228 0.0 7.12144648228 0.0
57849.2285301 7.11983145868 0.0 7.11983145868 0.0
57849.228588 7.12214855223 0.0 7.12214855223 0.0
57849.2286574 7.12432452939 0.0 7.12432452939 0.0
57849.2287037 7.124885964 0.0 7.124885964 0.0
57849.22875 7.32051910728 0.0 7.32051910728 0.0
57849.2287963 7.28381768031 0.0 7.28381768031 0.0
57849.2288657 7.13204038127 0.0 7.13204038127 0.0
57849.228912 7.13274140846 0.0 7.13274140846 0.0
57849.2289583 7.1272014143 0.0 7.1272014143 0.0
57849.2290046 7.49466476902 0.0 7.49466476902 0.0
57849.2290741 7.13995798307 0.0 7.13995798307 0.0
57849.2291204 7.13463383784 0.0 7.13463383784 0.0
57849.2291667 7.1234822945 0.0 7.1234822945 0.0
57849.229213 7.1137191398 0.0 7.1137191398 0.0
57849.2315972 136.729477436 0.0 136.729477436 0.0
57849.2316435 135.509601136 0.0 135.509601136 0.0
57849.2316898 157.218488099 0.0 157.218488099 0.0
57849.2317361 126.512564593 0.0 126.512564593 0.0
57849.2318056 129.353828703 0.0 129.353828703 0.0
57849.2318519 6.88570983995 0.0 6.88570983995 0.0
57849.2318981 6.86614884779 0.0 6.86614884779 0.0
57849.231956 6.84171031249 0.0 6.84171031249 0.0
57849.2320255 6.81696413369 0.0 6.81696413369 0.0
57849.2320718 6.79580753112 0.0 6.79580753112 0.0
57849.2321065 6.78866702674 0.0 6.78866702674 0.0
57849.2321644 6.78844606666 0.0 6.78844606666 0.0
57849.2322338 6.79786731262 0.0 6.79786731262 0.0
57849.2322801 6.79234863652 0.0 6.79234863652 0.0
57849.2323264 6.78608871147 0.0 6.78608871147 0.0
57849.2323727 6.78365683094 0.0 6.78365683094 0.0
57849.2324421 6.78174018966 0.0 6.78174018966 0.0
57849.2324884 6.78299343948 0.0 6.78299343948 0.0
57849.2325347 6.78594134958 0.0 6.78594134958 0.0
57849.232581 6.79573395595 0.0 6.79573395595 0.0
57849.2326505 6.80492468731 0.0 6.80492468731 0.0
57849.2326968 6.79698462555 0.0 6.79698462555 0.0
57849.2327431 6.79389431769 0.0 6.79389431769 0.0
57849.2327894 6.79661680544 0.0 6.79661680544 0.0
57849.2328588 6.79065534393 0.0 6.79065534393 0.0
57849.2329051 6.78218253957 0.0 6.78218253957 0.0
57849.232963 6.78468864429 0.0 6.78468864429 0.0
57849.2329977 6.78350941622 0.0 6.78350941622 0.0
57849.2330671 6.78350941622 0.0 6.78350941622 0.0
57849.2331134 6.78063418863 0.0 6.78063418863 0.0
57849.2331713 6.78299343948 0.0 6.78299343948 0.0
57849.2332176 6.79521890744 0.0 6.79521890744 0.0
57849.233287 6.79955880922 0.0 6.79955880922 0.0
57849.2333218 6.78277229457 0.0 6.78277229457 0.0
57849.2333796 6.93563263156 0.0 6.93563263156 0.0
57849.2334259 6.79602825185 0.0 6.79602825185 0.0
57849.2334954 6.79588110549 0.0 6.79588110549 0.0
57849.2335417 6.97373644469 0.0 6.97373644469 0.0
57849.233588 6.77952800717 0.0 6.77952800717 0.0
57849.2336343 6.77820035113 0.0 6.77820035113 0.0
57849.2337037 6.77967550846 0.0 6.77967550846 0.0
57849.23375 6.78048670819 0.0 6.78048670819 0.0
57849.2337963 6.78321457718 0.0 6.78321457718 0.0
57849.2338426 6.78350941622 0.0 6.78350941622 0.0
57849.233912 7.14786681465 0.0 7.14786681465 0.0
57849.2339583 6.78225626175 0.0 6.78225626175 0.0
57849.2478935 7.66948498923 0.0 7.66948498923 0.0
57849.2479398 7.67411232652 0.0 7.67411232652 0.0
57849.2496528 52.4673803425 0.0 52.4673803425 0.0
57849.2496991 52.5898088987 0.0 52.5898088987 0.0
57849.2497454 50.1618480521 0.0 50.1618480521 0.0
57849.2497917 49.0804543581 0.0 49.0804543581 0.0
57849.2498611 44.4659532676 0.0 44.4659532676 0.0
57849.2499074 7.40547095059 0.0 7.40547095059 0.0
57849.2499537 7.37739791525 0.0 7.37739791525 0.0
57849.2500116 7.32604941288 0.0 7.32604941288 0.0
57849.250081 7.25410228767 0.0 7.25410228767 0.0
57849.2501273 7.22634070606 0.0 7.22634070606 0.0
57849.250162 7.21096387455 0.0 7.21096387455 0.0
57849.2502199 7.22329564673 0.0 7.22329564673 0.0
57849.2502894 7.22274186165 0.0 7.22274186165 0.0
57849.2503356 7.1891585043 0.0 7.1891585043 0.0
57849.2503819 7.20770421147 0.0 7.20770421147 0.0
57849.2504282 7.21851785341 0.0 7.21851785341 0.0
57849.2504977 7.20943825828 0.0 7.20943825828 0.0
57849.250544 7.1940948006 0.0 7.1940948006 0.0
57849.2505903 7.19291317896 0.0 7.19291317896 0.0
57849.2506366 7.20409605711 0.0 7.20409605711 0.0
57849.250706 7.2051370563 0.0 7.2051370563 0.0
57849.2507523 7.21332101046 0.0 7.21332101046 0.0
57849.2507986 7.22592554625 0.0 7.22592554625 0.0
57849.2508449 7.2324961113 0.0 7.2324961113 0.0
57849.2509144 7.5111916498 0.0 7.5111916498 0.0
57849.2509606 7.38606796611 0.0 7.38606796611 0.0
57849.2510185 7.73045923604 0.0 7.73045923604 0.0
57849.2510532 7.42408243489 0.0 7.42408243489 0.0
57849.2511227 7.39743198685 0.0 7.39743198685 0.0
57849.251169 7.33723381119 0.0 7.33723381119 0.0
57849.2512269 7.21269713769 0.0 7.21269713769 0.0
57849.2512731 7.21366758314 0.0 7.21366758314 0.0
57849.2513426 7.23159733392 0.0 7.23159733392 0.0
57849.2513773 7.22454150794 0.0 7.22454150794 0.0
57849.2514352 7.24748232147 0.0 7.24748232147 0.0
57849.2514815 7.24734434121 0.0 7.24734434121 0.0
57849.2515509 7.37333031947 0.0 7.37333031947 0.0
57849.2515972 7.45345557443 0.0 7.45345557443 0.0
57849.2516435 7.22509515508 0.0 7.22509515508 0.0
57849.2516898 7.21311305887 0.0 7.21311305887 0.0
57849.2517593 7.20846724346 0.0 7.20846724346 0.0
57849.2518056 7.2068717208 0.0 7.2068717208 0.0
57849.2518519 7.20832851638 0.0 7.20832851638 0.0
57849.2518981 7.21824078291 0.0 7.21824078291 0.0
57849.2519676 7.20798168699 0.0 7.20798168699 0.0
57849.2520139 7.203610206 0.0 7.203610206 0.0
57849.2520602 7.20798168699 0.0 7.20798168699 0.0
57849.2521065 7.20222187939 0.0 7.20222187939 0.0
57849.2521759 7.20506766103 0.0 7.20506766103 0.0
57849.2522338 7.20721860359 0.0 7.20721860359 0.0
57849.2522685 7.21671670498 0.0 7.21671670498 0.0
57849.2523148 7.21865638467 0.0 7.21865638467 0.0
57849.2523843 7.21394482929 0.0 7.21394482929 0.0
57849.2524421 7.233394777 0.0 7.233394777 0.0
57849.2524884 7.22301875949 0.0 7.22301875949 0.0
57849.2525231 7.21193455322 0.0 7.21193455322 0.0
57849.2526042 7.20583097221 0.0 7.20583097221 0.0
57849.2526505 7.65761059339 0.0 7.65761059339 0.0
57849.2526968 7.22087252346 0.0 7.22087252346 0.0
57849.2527431 7.22260340874 0.0 7.22260340874 0.0
57849.2528125 7.22703258606 0.0 7.22703258606 0.0
57849.2528588 7.216993834 0.0 7.216993834 0.0
57849.2529051 7.21283578075 0.0 7.21283578075 0.0
57849.2529514 7.3961476459 0.0 7.3961476459 0.0
57849.2530208 7.22800110681 0.0 7.22800110681 0.0
57849.2530671 7.40837364069 0.0 7.40837364069 0.0
57849.2531134 7.38688026165 0.0 7.38688026165 0.0
57849.2531597 7.23346390051 0.0 7.23346390051 0.0
57849.2532407 7.22315720444 0.0 7.22315720444 0.0
57849.2532755 7.22495674728 0.0 7.22495674728 0.0
57849.2533218 7.45385806143 0.0 7.45385806143 0.0
57849.2533796 7.25079306007 0.0 7.25079306007 0.0
57849.2534491 7.23719558945 0.0 7.23719558945 0.0
57849.2534954 7.24748232147 0.0 7.24748232147 0.0
57849.2535301 7.4237456853 0.0 7.4237456853 0.0
57849.253588 7.42010781593 0.0 7.42010781593 0.0
57849.2536574 7.41107279684 0.0 7.41107279684 0.0
57849.2537037 7.40958838263 0.0 7.40958838263 0.0
57849.25375 7.22412624474 0.0 7.22412624474 0.0
57849.2537963 7.62876136735 0.0 7.62876136735 0.0
57849.2538657 7.21893343923 0.0 7.21893343923 0.0
57849.253912 7.21422206478 0.0 7.21422206478 0.0
57849.2539583 7.4008107664 0.0 7.4008107664 0.0
57849.2540046 7.22530276182 0.0 7.22530276182 0.0
57849.2540741 7.22204957059 0.0 7.22204957059 0.0
57849.2541204 7.2196260291 0.0 7.2196260291 0.0
57849.2541667 7.22142645189 0.0 7.22142645189 0.0
57849.254213 7.21332101046 0.0 7.21332101046 0.0
57849.2565972 49.14285299 0.0 49.14285299 0.0
57849.2566435 49.056610156 0.0 49.056610156 0.0
57849.2566898 48.7632956228 0.0 48.7632956228 0.0
57849.2567361 48.3523525798 0.0 48.3523525798 0.0
57849.2568056 44.8548213685 0.0 44.8548213685 0.0
57849.2568519 6.93274837276 0.0 6.93274837276 0.0
57849.2568981 6.90999276411 0.0 6.90999276411 0.0
57849.256956 6.8833857948 0.0 6.8833857948 0.0
57849.2570255 6.84762732631 0.0 6.84762732631 0.0
57849.2570718 6.83856710137 0.0 6.83856710137 0.0
57849.2571065 6.83944442188 0.0 6.83944442188 0.0
57849.2571644 6.83966373442 0.0 6.83966373442 0.0
57849.2572338 6.84645893875 0.0 6.84645893875 0.0
57849.2572801 6.81058000467 0.0 6.81058000467 0.0
57849.2573264 6.81446989868 0.0 6.81446989868 0.0
57849.2573727 6.80859750609 0.0 6.80859750609 0.0
57849.2574421 6.99542707774 0.0 6.99542707774 0.0
57849.2574884 6.80690825559 0.0 6.80690825559 0.0
57849.2575347 6.81102048154 0.0 6.81102048154 0.0
57849.257581 6.81410302241 0.0 6.81410302241 0.0
57849.2576505 7.00549784098 0.0 7.00549784098 0.0
57849.2576968 7.1891585043 0.0 7.1891585043 0.0
57849.2577431 7.00892288444 0.0 7.00892288444 0.0
57849.2577894 7.0161955503 0.0 7.0161955503 0.0
57849.2578588 7.15569703104 0.0 7.15569703104 0.0
57849.2579051 6.83359349098 0.0 6.83359349098 0.0
57849.257963 6.83820151794 0.0 6.83820151794 0.0
57849.2579977 7.20229130208 0.0 7.20229130208 0.0
57849.2580671 6.83425197077 0.0 6.83425197077 0.0
57849.2581134 6.84499817385 0.0 6.84499817385 0.0
57849.2581713 6.85689434073 0.0 6.85689434073 0.0
57849.2582176 6.85623803554 0.0 6.85623803554 0.0
57849.258287 6.84010233842 0.0 6.84010233842 0.0
57849.2583218 6.81718416944 0.0 6.81718416944 0.0
57849.2583796 6.82275604137 0.0 6.82275604137 0.0
57849.2584259 6.83125171546 0.0 6.83125171546 0.0
57849.2584954 6.84697013284 0.0 6.84697013284 0.0
57849.2585417 6.84032162987 0.0 6.84032162987 0.0
57849.258588 6.86927943819 0.0 6.86927943819 0.0
57849.2586343 6.89144397061 0.0 6.89144397061 0.0
57849.2587037 6.87255411037 0.0 6.87255411037 0.0
57849.25875 6.81564377003 0.0 6.81564377003 0.0
57849.2587963 6.8121949473 0.0 6.8121949473 0.0
57849.2588426 6.81050658909 0.0 6.81050658909 0.0
57849.258912 6.81234174128 0.0 6.81234174128 0.0
57849.2589583 6.81322243876 0.0 6.81322243876 0.0
57849.2701157 7.74919350642 0.0 7.74919350642 0.0
57849.270162 7.74512750056 0.0 7.74512750056 0.0
57849.271875 49.087096064 0.0 49.087096064 0.0
57849.2719213 48.1976036749 0.0 48.1976036749 0.0
57849.2719676 49.2943404459 0.0 49.2943404459 0.0
57849.2720139 49.8215214541 0.0 49.8215214541 0.0
57849.2720833 46.4025214832 0.0 46.4025214832 0.0
57849.2721296 7.60900781968 0.0 7.60900781968 0.0
57849.2721759 7.85499840866 0.0 7.85499840866 0.0
57849.2722338 7.43175618545 0.0 7.43175618545 0.0
57849.2723032 7.91157380045 0.0 7.91157380045 0.0
57849.2723495 7.48157737379 0.0 7.48157737379 0.0
57849.2723843 7.36383052494 0.0 7.36383052494 0.0
57849.2724421 7.58795097507 0.0 7.58795097507 0.0
57849.2725116 7.48090903567 0.0 7.48090903567 0.0
57849.2725579 7.36444159458 0.0 7.36444159458 0.0
57849.2726042 7.37739791525 0.0 7.37739791525 0.0
57849.2726505 7.38559408579 0.0 7.38559408579 0.0
57849.2727199 7.37583893533 0.0 7.37583893533 0.0
57849.2727662 7.3692604785 0.0 7.3692604785 0.0
57849.2728125 7.38843691182 0.0 7.38843691182 0.0
57849.2728588 7.38478164877 0.0 7.38478164877 0.0
57849.2729282 7.35173448922 0.0 7.35173448922 0.0
57849.2729745 7.34955780983 0.0 7.34955780983 0.0
57849.2730208 7.35221055194 0.0 7.35221055194 0.0
57849.2730671 7.35995923902 0.0 7.35995923902 0.0
57849.2731366 7.3626761439 0.0 7.3626761439 0.0
57849.2731829 7.35343457168 0.0 7.35343457168 0.0
57849.2732407 7.35125839568 0.0 7.35125839568 0.0
57849.2732755 7.3543864462 0.0 7.3543864462 0.0
57849.2733449 7.34914961067 0.0 7.34914961067 0.0
57849.2733912 7.35948367754 0.0 7.35948367754 0.0
57849.2734491 7.45895435031 0.0 7.45895435031 0.0
57849.2734954 7.363423117 0.0 7.363423117 0.0
57849.2735648 7.36532416123 0.0 7.36532416123 0.0
57849.2735995 7.52010638223 0.0 7.52010638223 0.0
57849.2736574 7.43948922978 0.0 7.43948922978 0.0
57849.2737037 7.36518838863 0.0 7.36518838863 0.0
57849.2737731 7.36634237597 0.0 7.36634237597 0.0
57849.2738194 7.46947119949 0.0 7.46947119949 0.0
57849.2738657 7.46632439692 0.0 7.46632439692 0.0
57849.273912 7.36457738095 0.0 7.36457738095 0.0
57849.2739815 7.37597451189 0.0 7.37597451189 0.0
57849.2740278 7.51385387135 0.0 7.51385387135 0.0
57849.2740741 7.38572948327 0.0 7.38572948327 0.0
57849.2741204 7.54267856931 0.0 7.54267856931 0.0
57849.2741898 7.42226380561 0.0 7.42226380561 0.0
57849.2742361 7.38904594653 0.0 7.38904594653 0.0
57849.2742824 7.48257976904 0.0 7.48257976904 0.0
57849.2743287 7.37875328223 0.0 7.37875328223 0.0
57849.2743981 7.36634237597 0.0 7.36634237597 0.0
57849.274456 7.46906955383 0.0 7.46906955383 0.0
57849.2744907 7.37007462649 0.0 7.37007462649 0.0
57849.274537 7.37217742597 0.0 7.37217742597 0.0
57849.2746065 7.36742831658 0.0 7.36742831658 0.0
57849.2746644 7.35934779719 0.0 7.35934779719 0.0
57849.2747106 7.35826066404 0.0 7.35826066404 0.0
57849.2747454 7.58683069536 0.0 7.58683069536 0.0
57849.2748264 7.37882104404 0.0 7.37882104404 0.0
57849.2748727 7.47683087946 0.0 7.47683087946 0.0
57849.274919 7.39972972479 0.0 7.39972972479 0.0
57849.2749653 7.5496357528 0.0 7.5496357528 0.0
57849.2750347 7.44989932818 0.0 7.44989932818 0.0
57849.275081 7.38742174239 0.0 7.38742174239 0.0
57849.2751273 7.39533636828 0.0 7.39533636828 0.0
57849.2751736 7.39209036741 0.0 7.39209036741 0.0
57849.2752431 7.38444310696 0.0 7.38444310696 0.0
57849.2752894 7.3843076859 0.0 7.3843076859 0.0
57849.2753356 7.38708332158 0.0 7.38708332158 0.0
57849.2753819 7.38024389841 0.0 7.38024389841 0.0
57849.275463 7.43377427691 0.0 7.43377427691 0.0
57849.2754977 7.44875828578 0.0 7.44875828578 0.0
57849.275544 7.45204669873 0.0 7.45204669873 0.0
57849.2756019 7.39324015571 0.0 7.39324015571 0.0
57849.2756713 7.44063169361 0.0 7.44063169361 0.0
57849.2757176 7.42704517288 0.0 7.42704517288 0.0
57849.2757523 7.38335966888 0.0 7.38335966888 0.0
57849.2758102 7.40499831195 0.0 7.40499831195 0.0
57849.2758796 7.41747935622 0.0 7.41747935622 0.0
57849.2759259 7.41458023087 0.0 7.41458023087 0.0
57849.2759722 7.42428447731 0.0 7.42428447731 0.0
57849.2760185 7.43222712247 0.0 7.43222712247 0.0
57849.276088 7.45801582192 0.0 7.45801582192 0.0
57849.2761343 7.44029569305 0.0 7.44029569305 0.0
57849.2761806 7.38918128076 0.0 7.38918128076 0.0
57849.2762269 7.39790510888 0.0 7.39790510888 0.0
57849.2762963 7.44842265181 0.0 7.44842265181 0.0
57849.2763426 7.41134265839 0.0 7.41134265839 0.0
57849.2763889 1.06254411673 0.0 1.06254411673 0.0
57849.2764352 0.383405790254 0.0 0.383405790254 0.0
57849.2788194 2.99416098432 0.0 2.99416098432 0.0
57849.2788657 9.61738010063 0.0 9.61738010063 0.0
57849.278912 47.1515535269 0.0 47.1515535269 0.0
57849.2789583 45.7179833326 0.0 45.7179833326 0.0
57849.2790278 39.8815245446 0.0 39.8815245446 0.0
57849.2790741 7.06179863774 0.0 7.06179863774 0.0
57849.2791204 7.16498429866 0.0 7.16498429866 0.0
57849.2791782 7.05450210858 0.0 7.05450210858 0.0
57849.2792477 7.03505508152 0.0 7.03505508152 0.0
57849.279294 6.88643594321 0.0 6.88643594321 0.0
57849.2793287 6.95248157135 0.0 6.95248157135 0.0
57849.2793866 6.95391975795 0.0 6.95391975795 0.0
57849.279456 6.86913386098 0.0 6.86913386098 0.0
57849.2795023 6.86090373056 0.0 6.86090373056 0.0
57849.2795486 6.86359963867 0.0 6.86359963867 0.0
57849.2795949 6.86418239851 0.0 6.86418239851 0.0
57849.2796644 6.87771764468 0.0 6.87771764468 0.0
57849.2797106 6.8704439449 0.0 6.8704439449 0.0
57849.2797569 6.86811473404 0.0 6.86811473404 0.0
57849.2798032 6.88585506673 0.0 6.88585506673 0.0
57849.2798727 6.89144397061 0.0 6.89144397061 0.0
57849.279919 6.87793573683 0.0 6.87793573683 0.0
57849.2799653 6.8769906209 0.0 6.8769906209 0.0
57849.2800116 6.88904928129 0.0 6.88904928129 0.0
57849.280081 6.88607290115 0.0 6.88607290115 0.0
57849.2801273 6.86257968988 0.0 6.86257968988 0.0
57849.2801852 6.86673139128 0.0 6.86673139128 0.0
57849.2802199 6.87088058403 0.0 6.87088058403 0.0
57849.2802894 6.87066226793 0.0 6.87066226793 0.0
57849.2803356 6.88047963444 0.0 6.88047963444 0.0
57849.2803935 6.91787539639 0.0 6.91787539639 0.0
57849.2804398 6.87364532108 0.0 6.87364532108 0.0
57849.2805093 6.86898828067 0.0 6.86898828067 0.0
57849.280544 6.86760511387 0.0 6.86760511387 0.0
57849.2806019 6.86767791906 0.0 6.86767791906 0.0
57849.2806481 6.93411854528 0.0 6.93411854528 0.0
57849.2807176 6.9293578346 0.0 6.9293578346 0.0
57849.2807639 6.86818753384 0.0 6.86818753384 0.0
57849.2808102 6.92192169849 0.0 6.92192169849 0.0
57849.2808565 6.9776786971 0.0 6.9776786971 0.0
57849.2809259 6.88077030571 0.0 6.88077030571 0.0
57849.2809722 6.934479072 0.0 6.934479072 0.0
57849.2810185 6.92921351959 0.0 6.92921351959 0.0
57849.2810648 6.88280466089 0.0 6.88280466089 0.0
57849.2811343 6.930007215 0.0 6.930007215 0.0
57849.2811806 6.87982557918 0.0 6.87982557918 0.0
57849.2951157 8.0525772272 0.0 8.0525772272 0.0
57849.295162 7.99468573491 0.0 7.99468573491 0.0
57849.296875 49.2174664118 0.0 49.2174664118 0.0
57849.2969213 50.9851350886 0.0 50.9851350886 0.0
57849.2969676 43.6375068032 0.0 43.6375068032 0.0
57849.2970139 48.4523683632 0.0 48.4523683632 0.0
57849.2970833 51.200126953 0.0 51.200126953 0.0
57849.2971296 8.17104644461 0.0 8.17104644461 0.0
57849.2971759 7.84232108498 0.0 7.84232108498 0.0
57849.2972222 7.81556140018 0.0 7.81556140018 0.0
57849.2973032 7.78774678582 0.0 7.78774678582 0.0
57849.297338 7.72133408162 0.0 7.72133408162 0.0
57849.2973843 7.68257769242 0.0 7.68257769242 0.0
57849.2974421 7.67743446732 0.0 7.67743446732 0.0
57849.2975116 7.68544078111 0.0 7.68544078111 0.0
57849.2975579 7.67404717213 0.0 7.67404717213 0.0
57849.2975926 7.68186175351 0.0 7.68186175351 0.0
57849.2976505 7.6851805444 0.0 7.6851805444 0.0
57849.2977199 7.6727439681 0.0 7.6727439681 0.0
57849.2977662 7.67157089519 0.0 7.67157089519 0.0
57849.2978125 7.69499837557 0.0 7.69499837557 0.0
57849.2978588 8.41082635655 0.0 8.41082635655 0.0
57849.2979282 8.31252067667 0.0 8.31252067667 0.0
57849.2979745 7.92786225915 0.0 7.92786225915 0.0
57849.2980208 8.23395409266 0.0 8.23395409266 0.0
57849.2980671 7.67248330073 0.0 7.67248330073 0.0
57849.2981366 7.99362245793 0.0 7.99362245793 0.0
57849.2981829 8.02633166521 0.0 8.02633166521 0.0
57849.2982292 8.01011860087 0.0 8.01011860087 0.0
57849.2982755 7.69363373186 0.0 7.69363373186 0.0
57849.2983449 7.72534788861 0.0 7.72534788861 0.0
57849.2983912 7.71440211552 0.0 7.71440211552 0.0
57849.2984491 8.01854101442 0.0 8.01854101442 0.0
57849.2984838 7.72049221229 0.0 7.72049221229 0.0
57849.2985532 7.69577806333 0.0 7.69577806333 0.0
57849.2985995 8.03094016912 0.0 8.03094016912 0.0
57849.2986574 7.70110381699 0.0 7.70110381699 0.0
57849.2987037 7.71919684941 0.0 7.71919684941 0.0
57849.2987731 8.03181175078 0.0 8.03181175078 0.0
57849.2988194 8.03902979221 0.0 8.03902979221 0.0
57849.2988657 7.75403120964 0.0 7.75403120964 0.0
57849.298912 8.08486239833 0.0 8.08486239833 0.0
57849.2989815 8.39970237568 0.0 8.39970237568 0.0
57849.2990278 7.96831224288 0.0 7.96831224288 0.0
57849.2990741 8.32784485927 0.0 8.32784485927 0.0
57849.2991204 8.41985748098 0.0 8.41985748098 0.0
57849.2991898 7.97075906047 0.0 7.97075906047 0.0
57849.2992361 7.73873374655 0.0 7.73873374655 0.0
57849.2992824 8.09808619366 0.0 8.09808619366 0.0
57849.2993287 8.08529529455 0.0 8.08529529455 0.0
57849.2993981 7.74331970152 0.0 7.74331970152 0.0
57849.2994444 7.70649077077 0.0 7.70649077077 0.0
57849.2994907 7.70032466848 0.0 7.70032466848 0.0
57849.299537 7.71284642658 0.0 7.71284642658 0.0
57849.2996065 7.73660132099 0.0 7.73660132099 0.0
57849.2996644 7.72178735786 0.0 7.72178735786 0.0
57849.2997106 7.72405334005 0.0 7.72405334005 0.0
57849.2997454 7.72269383052 0.0 7.72269383052 0.0
57849.2998148 7.73621354411 0.0 7.73621354411 0.0
57849.2998727 8.03318118805 0.0 8.03318118805 0.0
57849.299919 7.75551416735 0.0 7.75551416735 0.0
57849.2999653 7.72612451362 0.0 7.72612451362 0.0
57849.3000347 7.72910085327 0.0 7.72910085327 0.0
57849.300081 7.75912366186 0.0 7.75912366186 0.0
57849.3001273 7.74028423251 0.0 7.74028423251 0.0
57849.3001736 7.74002583975 0.0 7.74002583975 0.0
57849.3002431 8.02097250962 0.0 8.02097250962 0.0
57849.3002894 8.0138629886 0.0 8.0138629886 0.0
57849.3003356 7.7309766524 0.0 7.7309766524 0.0
57849.3003819 7.75261246291 0.0 7.75261246291 0.0
57849.3004514 8.43214089066 0.0 8.43214089066 0.0
57849.3004977 8.0696344403 0.0 8.0696344403 0.0
57849.300544 7.74370712256 0.0 7.74370712256 0.0
57849.3006019 7.75048385586 0.0 7.75048385586 0.0
57849.3006713 8.0823882609 0.0 8.0823882609 0.0
57849.300706 7.76298911503 0.0 7.76298911503 0.0
57849.3007523 7.76949161786 0.0 7.76949161786 0.0
57849.3008102 7.76949161786 0.0 7.76949161786 0.0
57849.3008796 7.75183849161 0.0 7.75183849161 0.0
57849.3009259 7.75725466902 0.0 7.75725466902 0.0
57849.3009606 7.81152993977 0.0 7.81152993977 0.0
57849.3010185 7.81511356283 0.0 7.81511356283 0.0
57849.301088 8.02433797892 0.0 8.02433797892 0.0
57849.3011343 7.770006435 0.0 7.770006435 0.0
57849.3011806 7.78646261148 0.0 7.78646261148 0.0
57849.3012269 8.10493676718 0.0 8.10493676718 0.0
57849.3012963 8.08647018173 0.0 8.08647018173 0.0
57849.3013426 8.07310349246 0.0 8.07310349246 0.0
57849.3013889 1.18025420991 0.0 1.18025420991 0.0
57849.3014352 0.423083916026 0.0 0.423083916026 0.0
57849.3038194 3.58148014095 0.0 3.58148014095 0.0
57849.3038657 10.9288608739 0.0 10.9288608739 0.0
57849.303912 57.788277358 0.0 57.788277358 0.0
57849.3039583 37.0599109551 0.0 37.0599109551 0.0
57849.3040278 40.1390582849 0.0 40.1390582849 0.0
57849.3040741 7.41849041248 0.0 7.41849041248 0.0
57849.3041204 7.10035210395 0.0 7.10035210395 0.0
57849.3041667 7.08844129552 0.0 7.08844129552 0.0
57849.3042477 7.05847008919 0.0 7.05847008919 0.0
57849.3042824 7.00992154022 0.0 7.00992154022 0.0
57849.3043287 6.99907136697 0.0 6.99907136697 0.0
57849.3043866 7.00149983932 0.0 7.00149983932 0.0
57849.304456 7.00621152978 0.0 7.00621152978 0.0
57849.3045023 7.00142842569 0.0 7.00142842569 0.0
57849.304537 7.00407024522 0.0 7.00407024522 0.0
57849.3045949 7.01975783058 0.0 7.01975783058 0.0
57849.3046644 7.01512651347 0.0 7.01512651347 0.0
57849.3047106 7.60177610825 0.0 7.60177610825 0.0
57849.3047569 7.02175191815 0.0 7.02175191815 0.0
57849.3048032 7.05124102552 0.0 7.05124102552 0.0
57849.3048727 7.03988636272 0.0 7.03988636272 0.0
57849.304919 7.31915295646 0.0 7.31915295646 0.0
57849.3049653 7.96128130391 0.0 7.96128130391 0.0
57849.3050116 7.53823586789 0.0 7.53823586789 0.0
57849.305081 7.05180827873 0.0 7.05180827873 0.0
57849.3051273 7.00999286733 0.0 7.00999286733 0.0
57849.3051736 7.31054033571 0.0 7.31054033571 0.0
57849.3052199 7.02844221716 0.0 7.02844221716 0.0
57849.3052894 7.32939288072 0.0 7.32939288072 0.0
57849.3053356 7.26918152201 0.0 7.26918152201 0.0
57849.3053935 7.01027816852 0.0 7.01027816852 0.0
57849.3054282 7.01455629388 0.0 7.01455629388 0.0
57849.3054977 7.01975783058 0.0 7.01975783058 0.0
57849.305544 7.29102187625 0.0 7.29102187625 0.0
57849.3056019 7.29232473221 0.0 7.29232473221 0.0
57849.3056481 7.01113400243 0.0 7.01113400243 0.0
57849.3057176 7.02175191815 0.0 7.02175191815 0.0
57849.3057639 7.02694812846 0.0 7.02694812846 0.0
57849.3058102 7.32004098349 0.0 7.32004098349 0.0
57849.3058565 7.04357863589 0.0 7.04357863589 0.0
57849.3059259 7.54148526485 0.0 7.54148526485 0.0
57849.3059722 7.59348404884 0.0 7.59348404884 0.0
57849.3060185 7.32338719446 0.0 7.32338719446 0.0
57849.3060648 7.0326381963 0.0 7.0326381963 0.0
57849.3061343 7.64198926982 0.0 7.64198926982 0.0
57849.3061806 7.02467081079 0.0 7.02467081079 0.0
57849.317338 8.65811757832 0.0 8.65811757832 0.0
57849.3173843 8.37042412307 0.0 8.37042412307 0.0
57849.3190972 88.0039317303 0.0 88.0039317303 0.0
57849.3191435 53.9394660708 0.0 53.9394660708 0.0
57849.3191898 50.2228931863 0.0 50.2228931863 0.0
57849.3192361 71.3411171766 0.0 71.3411171766 0.0
57849.3193056 55.5265792211 0.0 55.5265792211 0.0
57849.3193519 8.38355533172 0.0 8.38355533172 0.0
57849.3193981 8.35966506506 0.0 8.35966506506 0.0
57849.3194444 8.31029482028 0.0 8.31029482028 0.0
57849.3195255 8.28842566474 0.0 8.28842566474 0.0
57849.3195602 8.25330236935 0.0 8.25330236935 0.0
57849.3196065 8.26286875123 0.0 8.26286875123 0.0
57849.3196644 8.29560124403 0.0 8.29560124403 0.0
57849.3197338 8.26244515867 0.0 8.26244515867 0.0
57849.3197801 8.22015814933 0.0 8.22015814933 0.0
57849.3198148 8.24081306668 0.0 8.24081306668 0.0
57849.3198727 8.23899265687 0.0 8.23899265687 0.0
57849.3199421 8.22708940027 0.0 8.22708940027 0.0
57849.3199884 8.2234421017 0.0 8.2234421017 0.0
57849.3200347 8.590110593 0.0 8.590110593 0.0
57849.320081 9.01016093086 0.0 9.01016093086 0.0
57849.3201505 8.22794020396 0.0 8.22794020396 0.0
57849.3201968 8.23492562201 0.0 8.23492562201 0.0
57849.3202431 8.24796944708 0.0 8.24796944708 0.0
57849.3202894 8.98443097809 0.0 8.98443097809 0.0
57849.3203588 8.24972726822 0.0 8.24972726822 0.0
57849.3204051 8.22538752886 0.0 8.22538752886 0.0
57849.3204514 8.23802160716 0.0 8.23802160716 0.0
57849.3204977 8.63805533671 0.0 8.63805533671 0.0
57849.3205671 8.65106929807 0.0 8.65106929807 0.0
57849.3206134 8.30078309559 0.0 8.30078309559 0.0
57849.3206713 8.64459368623 0.0 8.64459368623 0.0
57849.320706 8.2834775306 0.0 8.2834775306 0.0
57849.3207755 8.26668010752 0.0 8.26668010752 0.0
57849.3208218 8.66417913019 0.0 8.66417913019 0.0
57849.3208796 8.28450360613 0.0 8.28450360613 0.0
57849.3209259 8.29963854635 0.0 8.29963854635 0.0
57849.3209954 8.70022988202 0.0 8.70022988202 0.0
57849.3210417 8.27592895088 0.0 8.27592895088 0.0
57849.321088 8.62026681722 0.0 8.62026681722 0.0
57849.3211343 8.64326327263 0.0 8.64326327263 0.0
57849.3212037 8.56539549583 0.0 8.56539549583 0.0
57849.32125 8.26607524766 0.0 8.26607524766 0.0
57849.3212963 9.73236867366 0.0 9.73236867366 0.0
57849.3213426 8.61928071245 0.0 8.61928071245 0.0
57849.321412 8.29101923771 0.0 8.29101923771 0.0
57849.3214583 8.29222527432 0.0 8.29222527432 0.0
57849.3215046 8.30054215097 0.0 8.30054215097 0.0
57849.3215509 8.30987364525 0.0 8.30987364525 0.0
57849.3216204 8.32382123787 0.0 8.32382123787 0.0
57849.3216667 8.29065739251 0.0 8.29065739251 0.0
57849.321713 8.28933049166 0.0 8.28933049166 0.0
57849.3217593 8.29566151672 0.0 8.29566151672 0.0
57849.3218287 8.53627553445 0.0 8.53627553445 0.0
57849.3218866 8.71458547494 0.0 8.71458547494 0.0
57849.3219329 8.34044363328 0.0 8.34044363328 0.0
57849.3219676 8.7430543862 0.0 8.7430543862 0.0
57849.322037 8.37293258064 0.0 8.37293258064 0.0
57849.3220949 8.3265839334 0.0 8.3265839334 0.0
57849.3221412 8.32045671823 0.0 8.32045671823 0.0
57849.3221875 8.32009615329 0.0 8.32009615329 0.0
57849.3222569 8.59302042358 0.0 8.59302042358 0.0
57849.3223032 8.63487116291 0.0 8.63487116291 0.0
57849.3223495 8.72897473934 0.0 8.72897473934 0.0
57849.3223958 8.3744850588 0.0 8.3744850588 0.0
57849.3224653 8.3548788142 0.0 8.3548788142 0.0
57849.3225116 8.32496246238 0.0 8.32496246238 0.0
57849.3225579 8.33672597607 0.0 8.33672597607 0.0
57849.3226042 8.34505841801 0.0 8.34505841801 0.0
57849.3226736 8.7115440652 0.0 8.7115440652 0.0
57849.3227199 8.34871247559 0.0 8.34871247559 0.0
57849.3227662 8.35900711807 0.0 8.35900711807 0.0
57849.3228241 9.13164826305 0.0 9.13164826305 0.0
57849.3228935 9.52696174024 0.0 9.52696174024 0.0
57849.3229282 9.46213506562 0.0 9.46213506562 0.0
57849.3229745 8.33588627562 0.0 8.33588627562 0.0
57849.3230324 8.35242479763 0.0 8.35242479763 0.0
57849.3231019 8.37275343003 0.0 8.37275343003 0.0
57849.3231481 9.16013100343 0.0 9.16013100343 0.0
57849.3231829 8.37746978508 0.0 8.37746978508 0.0
57849.3232407 8.73653249293 0.0 8.73653249293 0.0
57849.3233102 8.64638652849 0.0 8.64638652849 0.0
57849.3233565 9.86792784732 0.0 9.86792784732 0.0
57849.3234028 8.69459602282 0.0 8.69459602282 0.0
57849.3234491 8.42098569052 0.0 8.42098569052 0.0
57849.3235185 8.49717600147 0.0 8.49717600147 0.0
57849.3235648 8.46073282878 0.0 8.46073282878 0.0
57849.3236111 0.981325634028 0.0 0.981325634028 0.0
57849.3236574 0.340587727319 0.0 0.340587727319 0.0
57849.3260417 2.13611797427 0.0 2.13611797427 0.0
57849.326088 5.98197291869 0.0 5.98197291869 0.0
57849.3261343 41.3005932161 0.0 41.3005932161 0.0
57849.3261806 40.7068298938 0.0 40.7068298938 0.0
57849.32625 35.7852064407 0.0 35.7852064407 0.0
57849.3262963 7.37943087236 0.0 7.37943087236 0.0
57849.3263426 7.36172534125 0.0 7.36172534125 0.0
57849.3263889 7.34806096872 0.0 7.34806096872 0.0
57849.3264699 7.28107134974 0.0 7.28107134974 0.0
57849.3265046 7.250448262 0.0 7.250448262 0.0
57849.3265509 7.23698832388 0.0 7.23698832388 0.0
57849.3266088 7.24334177021 0.0 7.24334177021 0.0
57849.3266782 7.22903866361 0.0 7.22903866361 0.0
57849.3267245 7.21241984358 0.0 7.21241984358 0.0
57849.3267593 7.21657813649 0.0 7.21657813649 0.0
57849.3268171 7.21505370735 0.0 7.21505370735 0.0
57849.3268866 7.76517868436 0.0 7.76517868436 0.0
57849.3269329 7.50373240461 0.0 7.50373240461 0.0
57849.3269792 7.53146732052 0.0 7.53146732052 0.0
57849.3270255 7.51964094888 0.0 7.51964094888 0.0
57849.3270949 7.87318232991 0.0 7.87318232991 0.0
57849.3271412 7.54128636242 0.0 7.54128636242 0.0
57849.3271875 7.22454150794 0.0 7.22454150794 0.0
57849.3272338 7.231804754 0.0 7.231804754 0.0
57849.3273032 7.2661544162 0.0 7.2661544162 0.0
57849.3273495 7.27694991051 0.0 7.27694991051 0.0
57849.3273958 7.5725160944 0.0 7.5725160944 0.0
57849.3274421 7.55843899228 0.0 7.55843899228 0.0
57849.3275116 7.5692800186 0.0 7.5692800186 0.0
57849.3275579 7.21477650381 0.0 7.21477650381 0.0
57849.3276157 7.49966665926 0.0 7.49966665926 0.0
57849.3276505 7.50979360569 0.0 7.50979360569 0.0
57849.3277199 7.78948008535 0.0 7.78948008535 0.0
57849.3277662 7.49979999733 0.0 7.49979999733 0.0
57849.3278241 7.53325958666 0.0 7.53325958666 0.0
57849.3278704 7.8204219835 0.0 7.8204219835 0.0
57849.3279398 7.24430811051 0.0 7.24430811051 0.0
57849.3279861 7.53710819877 0.0 7.53710819877 0.0
57849.3280324 7.83326241103 0.0 7.83326241103 0.0
57849.3280787 7.23553729864 0.0 7.23553729864 0.0
57849.3281481 7.22509515508 0.0 7.22509515508 0.0
57849.3281944 7.22080327941 0.0 7.22080327941 0.0
57849.3282407 8.18223685797 0.0 8.18223685797 0.0
57849.328287 7.22516435799 0.0 7.22516435799 0.0
57849.3283565 7.22813945632 0.0 7.22813945632 0.0
57849.3284028 7.2284161474 0.0 7.2284161474 0.0
