57847.9534838 1838.38289044 1893.61327771
57847.9611227 1889.72955256 1944.84666451
57847.9715394 1915.76468407 1963.06751578
57847.9791782 1908.19473286 1955.70165567
57847.9965394 1974.8919864 2023.2566881
57848.0139005 2160.57924495 2202.28926898
57848.0215394 2198.95222301 2241.40303813
57848.031956 1919.72433362 1983.41187075
57848.0416782 2456.51928946 2502.01038742
57848.0486227 2251.96850394 2283.46456693
57848.075706 3792.45651779 3835.67539549
57848.0826505 4148.24464664 4204.91465547
57848.1236227 1755.90551181 1811.02362205
57848.1472338 1803.1496063 1858.26771654
