57849.2027894 114.083368705 0.0 114.083368705 0.0
57849.2250116 102.491485034 0.0 102.491485034 0.0
57849.231956 118.549795673 0.0 118.549795673 0.0
57849.2500116 96.1730172619 0.0 96.1730172619 0.0
57849.256956 104.493630997 0.0 104.493630997 0.0
57849.2722338 92.9011874554 0.0 92.9011874554 0.0
57849.2791782 97.3523367849 0.0 97.3523367849 0.0
57849.2972338 90.7095817884 0.0 90.7095817884 0.0
57849.3041782 93.4169509603 0.0 93.4169509603 0.0
57849.319456 89.811280283 0.0 89.811280283 0.0
57849.3264005 91.6973740541 0.0 91.6973740541 0.0
