57849.23107175926 77.76847897207453 0.0 82.99890849282296 0.0
57849.23207175926 77.76847897207453 0.0 82.99890849282296 0.0
57849.2321875 79.50411775329627 0.0 84.69573884487932 0.0
57849.232303240744 79.40126487638595 0.0 87.33861861147106 0.0
57849.23243055555 80.68554947138924 0.0 84.72759696014045 0.0
57849.2325462963 77.82190501105714 0.0 82.88743187383719 0.0
57849.23263888889 77.35542175607344 0.0 82.77491123365823 0.0
57849.23266203704 76.89739164763652 0.0 82.66384359404056 0.0
57849.232777777775 78.30734424599011 0.0 84.05034899707437 0.0
57849.23290509259 77.53935473893242 0.0 85.66470500013409 0.0
57849.23302083334 76.99538764023465 0.0 83.20578027318776 0.0
57849.233136574076 77.17669353049533 0.0 83.69522123084448 0.0
57849.23326388889 77.91994566258373 0.0 83.16324206703344 0.0
57849.23333333333 77.63091036487978 0.0 83.24656357766368 0.0
57849.23337962963 77.34751607905713 0.0 83.31302350383162 0.0
57849.23349537037 77.33539185191991 0.0 83.0698994665336 0.0
57849.233622685184 76.72675820911502 0.0 82.5567965936179 0.0
57849.23373842592 78.13094985906673 0.0 84.47633599784025 0.0
57849.23385416667 78.73834195187247 0.0 85.24988194918512 0.0
57849.233981481484 76.90816876892858 0.0 84.31421924278253 0.0
57849.23402777778 77.8499092339869 0.0 85.60550572498244 0.0
57849.25703703704 90.37729468865507 0.0 101.78653938365328 0.0
57849.25716435185 93.41238632237162 0.0 100.75803985538822 0.0
57849.25728009259 83.10826614591355 0.0 89.53730245741157 0.0
57849.25739583333 80.75036856832295 0.0 86.66626748995252 0.0
57849.257523148146 80.61008065155374 0.0 86.27488784605866 0.0
57849.25763888889 81.29128280258591 0.0 87.19316112333581 0.0
57849.25775462963 84.57020213272521 0.0 89.9929937743489 0.0
57849.257881944446 80.59257701649699 0.0 86.6440322207479 0.0
57849.257997685185 80.66214877679617 0.0 86.09977673542481 0.0
57849.25811342592 80.69207223271688 0.0 86.3731714031041 0.0
57849.25824074074 101.02179997455994 0.0 108.74944033281275 0.0
57849.25833333333 93.9542473567853 0.0 100.96510064175641 0.0
57849.258356481485 88.16850394664752 0.0 94.67111586957239 0.0
57849.258472222224 88.34633576034719 0.0 94.67251538361067 0.0
57849.25859953704 94.18076968760661 0.0 101.04357485213991 0.0
57849.25871527778 84.49085018254935 0.0 90.5044552457502 0.0
57849.25883101852 86.84650429493406 0.0 94.00701360372001 0.0
57849.25895833333 87.4368513088732 0.0 96.09265749806278 0.0
57849.25902777778 84.15905414950907 0.0 91.27520914246102 0.0
57849.279270833336 75.04066349380182 0.0 80.52931933650005 0.0
57849.279386574075 74.98985010219717 0.0 80.34434282144575 0.0
57849.279502314814 75.20299520870162 0.0 80.5977124035788 0.0
57849.27962962963 75.99074614096114 0.0 81.57720991508597 0.0
57849.27974537037 76.04194467811827 0.0 81.68757262699144 0.0
57849.279861111114 75.37898617691803 0.0 80.72095820553669 0.0
57849.27998842593 74.95732140665113 0.0 80.30650705316475 0.0
57849.28010416667 75.12671468798565 0.0 80.58847032497887 0.0
57849.28021990741 74.8368170557781 0.0 80.13522506900445 0.0
57849.28034722222 74.65353153481756 0.0 79.93829689241572 0.0
57849.28046296296 75.30163696049377 0.0 80.63827123481752 0.0
57849.28055555555 75.23812153549555 0.0 80.65948436842378 0.0
57849.28057870371 75.17811824859677 0.0 80.69726528631563 0.0
57849.280706018515 77.10668388687196 0.0 82.74684534905244 0.0
57849.28082175926 75.43248697040288 0.0 81.0671964528193 0.0
57849.2809375 74.99670945868225 0.0 80.47720741048362 0.0
57849.281064814815 75.01985353258164 0.0 80.48125748272078 0.0
57849.281180555554 75.18380700170749 0.0 80.64033355746986 0.0
57849.28125 75.3928462341753 0.0 80.94998855830679 0.0
57849.304247685184 71.70581050235748 0.0 76.83534838549247 0.0
57849.30436342592 71.66699231396557 0.0 76.75657220707554 0.0
57849.30447916667 71.54148948246744 0.0 76.56783048434897 0.0
57849.30459490741 71.55102088104682 0.0 76.58714948468835 0.0
57849.30472222222 71.745138432022 0.0 76.99463749333457 0.0
57849.30483796296 71.38795677626584 0.0 76.41978142137022 0.0
57849.30486111111 71.57269387420037 0.0 76.64185501610723 0.0
57849.3049537037 71.77418104158347 0.0 76.90279994167963 0.0
57849.305081018516 71.79100376920495 0.0 76.85520653286933 0.0
57849.30519675926 71.89510972625328 0.0 77.07511246693059 0.0
57849.3053125 71.90184001143503 0.0 76.88202542207118 0.0
57849.305439814816 71.50809189644204 0.0 76.60031657160432 0.0
57849.305555555555 71.62390027141778 0.0 76.73385885774285 0.0
57849.30567129629 71.82030759172505 0.0 77.26503926880514 0.0
57849.30579861111 71.55868049894437 0.0 76.61234511650194 0.0
57849.305914351855 71.40691759507618 0.0 76.41045101398106 0.0
57849.30603009259 71.57189739206304 0.0 76.740121317926 0.0
57849.30615740741 71.33860622923608 0.0 76.52820157771905 0.0
57849.30625 71.36356979446866 0.0 76.46173179185782 0.0
57849.326469907406 70.34598630120982 0.0 75.55956153088766 0.0
57849.326585648145 69.51592334897092 0.0 74.79957680983229 0.0
57849.32671296296 69.76954609111341 0.0 75.04007451388891 0.0
57849.326828703706 70.10410321814265 0.0 75.42215616243016 0.0
57849.326944444445 70.76212527539009 0.0 76.27536356537411 0.0
57849.327060185184 70.94683233767383 0.0 76.3513273360064 0.0
57849.32708333333 70.40022496938487 0.0 75.7972736311142 0.0
57849.3271875 69.86633916278997 0.0 75.2909526967218 0.0
57849.32730324074 71.82304429171741 0.0 77.48707776519902 0.0
57849.327418981484 70.64020233224137 0.0 76.008215839342 0.0
57849.3275462963 71.42263068425862 0.0 77.14072564949075 0.0
57849.32766203704 77.30744523304337 0.0 83.26063327077209 0.0
57849.32777777778 69.8818440814923 0.0 75.43208882034223 0.0
57849.32790509259 70.10031356270812 0.0 75.6122011133124 0.0
57849.32802083333 69.6985658589185 0.0 75.01904073973486 0.0
57849.32813657408 70.7719038787286 0.0 76.1234039950264 0.0
57849.32826388889 69.91959483077687 0.0 75.21884752906016 0.0
57849.32837962963 72.44281204405307 0.0 77.98139084614995 0.0
57849.32847222222 74.71777052147635 0.0 80.22969016841583 0.0
57849.32947222222 74.71777052147635 0.0 80.22969016841583 0.0
