57849.043447222226 9.622889378975527 0.0 9.622889378975527 0.0
57849.04444722222 9.622889378975527 0.0 9.622889378975527 0.0
57849.04456444445 9.80667975116632 0.0 9.80667975116632 0.0
57849.0446111111 10.009028182660408 0.0 10.009028182660408 0.0
57849.04465777777 10.104773704190668 0.0 10.104773704190668 0.0
57849.04477499999 9.583251519052359 0.0 9.583251519052359 0.0
57849.044821666655 9.563708283350776 0.0 9.563708283350776 0.0
57849.04486833333 9.588299321097969 0.0 9.588299321097969 0.0
57849.044985555556 9.444745936575085 0.0 9.444745936575085 0.0
57849.045032222224 9.447307177350899 0.0 9.447307177350899 0.0
57849.04507888888 9.521622252672106 0.0 9.521622252672106 0.0
57849.04519611111 9.523316039442184 0.0 9.523316039442184 0.0
57849.04524277778 9.552739853553923 0.0 9.552739853553923 0.0
57849.04528944443 9.50619492412626 0.0 9.50619492412626 0.0
57849.04540666666 9.470156860778069 0.0 9.470156860778069 0.0
57849.045453333325 9.480029944147619 0.0 9.480029944147619 0.0
57849.0455 9.53042665666467 0.0 9.53042665666467 0.0
57849.04561722221 9.47049748327115 0.0 9.47049748327115 0.0
57849.04566388888 9.448843588571584 0.0 9.448843588571584 0.0
57849.045710555554 9.433810163107395 0.0 9.433810163107395 0.0
57849.045827777765 9.41772522359284 0.0 9.41772522359284 0.0
57849.04587444445 9.420122593545127 0.0 9.420122593545127 0.0
57849.04592111111 9.429192829683506 0.0 9.429192829683506 0.0
57849.04603833332 9.372574955172276 0.0 9.372574955172276 0.0
57849.04608499999 9.37687615635468 0.0 9.37687615635468 0.0
57849.046131666655 9.41892398484339 0.0 9.41892398484339 0.0
57849.04624888889 9.45157436962309 0.0 9.45157436962309 0.0
57849.046295555556 9.437570764528543 0.0 9.437570764528543 0.0
57849.046342222224 9.365172268191506 0.0 9.365172268191506 0.0
57849.046459444435 9.381691160566845 0.0 9.381691160566845 0.0
57849.04650611111 9.432955271880088 0.0 9.432955271880088 0.0
57849.069447222224 9.003404374045443 0.0 9.003404374045443 0.0
57849.06956444444 8.814943324063497 0.0 8.814943324063497 0.0
57849.0696111111 8.783599085979835 0.0 8.783599085979835 0.0
57849.06965777776 8.779374656251932 0.0 8.779374656251932 0.0
57849.06977499999 8.7488248058737 0.0 8.7488248058737 0.0
57849.06982166666 8.783048188634226 0.0 8.783048188634226 0.0
57849.06986833333 8.793142489389654 0.0 8.793142489389654 0.0
57849.06998555556 8.78745440037726 0.0 8.78745440037726 0.0
57849.070032222226 8.753248245006517 0.0 8.753248245006517 0.0
57849.07007888888 8.75601175967026 0.0 8.75601175967026 0.0
57849.07019611111 8.788555608142863 0.0 8.788555608142863 0.0
57849.07024277778 8.818053329172432 0.0 8.818053329172432 0.0
57849.07028944443 8.768896645935383 0.0 8.768896645935383 0.0
57849.07040666666 8.73369448485798 0.0 8.73369448485798 0.0
57849.07045333332 8.73036968511126 0.0 8.73036968511126 0.0
57849.0705 8.729445904892911 0.0 8.729445904892911 0.0
57849.07061722221 8.743292359879236 0.0 8.743292359879236 0.0
57849.07066388888 8.737387222955784 0.0 8.737387222955784 0.0
57849.070710555556 8.719647817688289 0.0 8.719647817688289 0.0
57849.07087444444 8.782680904539783 0.0 8.782680904539783 0.0
57849.07092111111 8.801576105191836 0.0 8.801576105191836 0.0
57849.07103833332 8.751958306204868 0.0 8.751958306204868 0.0
57849.07108499999 8.771287469406515 0.0 8.771287469406515 0.0
57849.07113166666 8.791308024076598 0.0 8.791308024076598 0.0
57849.07124888889 8.818784935689015 0.0 8.818784935689015 0.0
57849.07129555556 8.832856550330119 0.0 8.832856550330119 0.0
57849.071342222225 8.816955805572544 0.0 8.816955805572544 0.0
57849.071459444436 8.72168228815312 0.0 8.72168228815312 0.0
57849.07150611111 8.744399129101568 0.0 8.744399129101568 0.0
57849.109102222224 8.361972293972356 0.0 8.361972293972356 0.0
57849.10914888889 8.329698131849794 0.0 8.329698131849794 0.0
57849.10919555555 8.259500883147219 0.0 8.259500883147219 0.0
57849.109312777764 8.10137383809167 0.0 8.10137383809167 0.0
57849.10935944445 8.06225774829855 0.0 8.06225774829855 0.0
57849.1094061111 8.069856296438077 0.0 8.069856296438077 0.0
57849.10952333333 8.037613190895144 0.0 8.037613190895144 0.0
57849.10957 8.040422072054067 0.0 8.040422072054067 0.0
57849.109616666654 8.038415828523556 0.0 8.038415828523556 0.0
57849.10973388889 8.04804123634661 0.0 8.04804123634661 0.0
57849.109780555555 8.066057917135275 0.0 8.066057917135275 0.0
57849.10982722221 8.079444247894697 0.0 8.079444247894697 0.0
57849.10994444443 8.077647373881469 0.0 8.077647373881469 0.0
57849.1099911111 8.07984349896345 0.0 8.07984349896345 0.0
57849.11003777778 8.051647797691135 0.0 8.051647797691135 0.0
57849.11015499999 8.048842834081304 0.0 8.048842834081304 0.0
57849.110201666655 8.051046816328276 0.0 8.051046816328276 0.0
57849.11024833333 8.06105732278901 0.0 8.06105732278901 0.0
57849.110365555556 8.049043221041464 0.0 8.049043221041464 0.0
57849.11041222221 8.052248734199617 0.0 8.052248734199617 0.0
57849.13333611111 8.088223218897317 0.0 8.088223218897317 0.0
57849.133453333336 7.9628168139737605 0.0 7.9628168139737605 0.0
57849.13349999999 7.938066718402313 0.0 7.938066718402313 0.0
57849.13354666666 7.938676252698638 0.0 7.938676252698638 0.0
57849.133663888875 7.938676252698638 0.0 7.938676252698638 0.0
57849.13371055554 7.933188758057365 0.0 7.933188758057365 0.0
57849.133757222226 7.942332476123769 0.0 7.942332476123769 0.0
57849.133874444444 7.947407773770052 0.0 7.947407773770052 0.0
57849.13392111111 7.941926312198263 0.0 7.941926312198263 0.0
57849.133967777765 7.94070769577104 0.0 7.94070769577104 0.0
57849.134085 7.943956924159599 0.0 7.943956924159599 0.0
57849.134131666666 7.9388794203976225 0.0 7.9388794203976225 0.0
57849.13417833332 7.938676252698638 0.0 7.938676252698638 0.0
57849.134295555545 7.944972035517891 0.0 7.944972035517891 0.0
57849.13434222221 7.9417232224458365 0.0 7.9417232224458365 0.0
57849.13438888889 7.940098317421679 0.0 7.940098317421679 0.0
57849.1345061111 7.939692039205258 0.0 7.939692039205258 0.0
57849.13455277777 7.94070769577104 0.0 7.94070769577104 0.0
57849.13459944444 7.947610718261952 0.0 7.947610718261952 0.0
57849.13471666665 7.943550843294201 0.0 7.943550843294201 0.0
57849.134763333335 7.948625362997701 0.0 7.948625362997701 0.0
57849.13481 7.95227701211542 0.0 7.95227701211542 0.0
57849.134927222214 7.95126283335932 0.0 7.95126283335932 0.0
57849.134973888875 7.950654264009123 0.0 7.950654264009123 0.0
57849.13502055554 7.940504574850757 0.0 7.940504574850757 0.0
57849.135137777776 7.9455810400823506 0.0 7.9455810400823506 0.0
57849.13518444444 7.951871356134739 0.0 7.951871356134739 0.0
57849.13523111111 7.955521515315333 0.0 7.955521515315333 0.0
57849.13534833332 7.941113922025086 0.0 7.941113922025086 0.0
57849.135395 7.948625362997701 0.0 7.948625362997701 0.0
57849.159725 7.982844508795902 0.0 7.982844508795902 0.0
57849.15984222222 7.9498427657407165 0.0 7.9498427657407165 0.0
57849.15988888888 7.925459180754541 0.0 7.925459180754541 0.0
57849.159935555545 7.8956909440447935 0.0 7.8956909440447935 0.0
57849.16005277776 7.952479832346069 0.0 7.952479832346069 0.0
57849.16009944443 7.936441064746436 0.0 7.936441064746436 0.0
57849.16014611111 7.9162959732114535 0.0 7.9162959732114535 0.0
57849.16026333333 7.892626203431705 0.0 7.892626203431705 0.0
57849.16031 7.911812320419916 0.0 7.911812320419916 0.0
57849.16035666665 7.933188758057365 0.0 7.933188758057365 0.0
57849.160473888885 7.882197171986026 0.0 7.882197171986026 0.0
57849.16052055555 7.884038591745289 0.0 7.884038591745289 0.0
57849.160567222214 7.887311165369022 0.0 7.887311165369022 0.0
57849.16068444443 7.887311165369022 0.0 7.887311165369022 0.0
57849.1607311111 7.889560272304317 0.0 7.889560272304317 0.0
57849.160777777775 7.8922174814302695 0.0 7.8922174814302695 0.0
57849.160894999986 7.889764704778856 0.0 7.889764704778856 0.0
57849.160941666654 7.887720141603533 0.0 7.887720141603533 0.0
57849.16098833334 7.884652302764142 0.0 7.884652302764142 0.0
57849.16110555554 7.8946694960342 0.0 7.8946694960342 0.0
57849.16115222222 7.885265966017806 0.0 7.885265966017806 0.0
57849.16119888889 7.883015633872038 0.0 7.883015633872038 0.0
57849.1613161111 7.889969131956462 0.0 7.889969131956462 0.0
57849.16136277777 7.884856862488722 0.0 7.884856862488722 0.0
57849.16140944443 7.887515656137011 0.0 7.887515656137011 0.0
57849.16152666666 7.885675048322873 0.0 7.885675048322873 0.0
57849.16157333333 7.900183746331882 0.0 7.900183746331882 0.0
57849.16162 7.903653707968479 0.0 7.903653707968479 0.0
57849.16173722221 7.893443583943779 0.0 7.893443583943779 0.0
57849.16178388889 7.897937664658965 0.0 7.897937664658965 0.0
57849.184725 7.995159826117379 0.0 7.995159826117379 0.0
57849.184842222225 7.875236811595553 0.0 7.875236811595553 0.0
57849.18488888888 7.8512378313149425 0.0 7.8512378313149425 0.0
57849.184935555546 7.850416056366982 0.0 7.850416056366982 0.0
57849.185052777764 7.852675730541295 0.0 7.852675730541295 0.0
57849.18509944443 7.847539166371961 0.0 7.847539166371961 0.0
57849.185146111115 7.846717004068356 0.0 7.846717004068356 0.0
57849.18526333333 7.8520595202582 0.0 7.8520595202582 0.0
57849.18531 7.852881123223747 0.0 7.852881123223747 0.0
57849.185356666654 7.852881123223747 0.0 7.852881123223747 0.0
57849.18547388889 7.849799668699175 0.0 7.849799668699175 0.0
57849.185520555555 7.855140088276696 0.0 7.855140088276696 0.0
57849.18556722221 7.859245633995916 0.0 7.859245633995916 0.0
57849.185684444434 7.867860306744879 0.0 7.867860306744879 0.0
57849.1857311111 7.873598185524632 0.0 7.873598185524632 0.0
57849.18577777778 7.871549423244488 0.0 7.871549423244488 0.0
57849.18589499999 7.854729415679982 0.0 7.854729415679982 0.0
57849.185941666656 7.859861280890312 0.0 7.859861280890312 0.0
57849.18598833333 7.8571931292903665 0.0 7.8571931292903665 0.0
57849.18610555554 7.849594195387305 0.0 7.849594195387305 0.0
57849.186152222224 7.855756056918166 0.0 7.855756056918166 0.0
57849.18619888889 7.850210599188592 0.0 7.850210599188592 0.0
57849.186316111096 7.859861280890312 0.0 7.859861280890312 0.0
57849.186362777764 7.858629938871599 0.0 7.858629938871599 0.0
57849.18640944443 7.853497269041271 0.0 7.853497269041271 0.0
57849.186526666665 7.85185410608385 0.0 7.85185410608385 0.0
57849.18657333333 7.850621508168389 0.0 7.850621508168389 0.0
57849.18662 7.8524703324865 0.0 7.8524703324865 0.0
57849.18673722221 7.849799668699175 0.0 7.849799668699175 0.0
57849.18678388889 7.856987849329801 0.0 7.856987849329801 0.0
57849.20972666667 7.961601395083376 0.0 7.961601395083376 0.0
57849.209843888886 7.8881290966338335 0.0 7.8881290966338335 0.0
57849.209890555554 7.865194868697192 0.0 7.865194868697192 0.0
57849.20993722222 7.86109243003467 0.0 7.86109243003467 0.0
57849.21005444445 7.86314391691164 0.0 7.86314391691164 0.0
57849.2101011111 7.877079858473837 0.0 7.877079858473837 0.0
57849.210147777776 7.879331885873443 0.0 7.879331885873443 0.0
57849.210265 7.8588351759392845 0.0 7.8588351759392845 0.0
57849.210311666655 7.870319909881107 0.0 7.870319909881107 0.0
57849.21035833333 7.866630216791809 0.0 7.866630216791809 0.0
57849.210475555556 7.856577273317745 0.0 7.856577273317745 0.0
57849.21052222221 7.856166675848322 0.0 7.856166675848322 0.0
57849.21056888889 7.858014195506024 0.0 7.858014195506024 0.0
57849.21068611111 7.865194868697192 0.0 7.865194868697192 0.0
57849.21073277778 7.869500127585265 0.0 7.869500127585265 0.0
57849.21077944443 7.859861280890312 0.0 7.859861280890312 0.0
57849.210896666664 7.858629938871599 0.0 7.858629938871599 0.0
57849.210943333324 7.86704026814692 0.0 7.86704026814692 0.0
57849.21099 7.862938792309966 0.0 7.862938792309966 0.0
57849.21110722221 7.855756056918166 0.0 7.855756056918166 0.0
57849.211153888886 7.855140088276696 0.0 7.855140088276696 0.0
57849.21120055555 7.857398403887851 0.0 7.857398403887851 0.0
57849.211317777765 7.866425183098757 0.0 7.866425183098757 0.0
57849.21136444445 7.872368992138712 0.0 7.872368992138712 0.0
57849.2114111111 7.8748271870439455 0.0 7.8748271870439455 0.0
57849.21152833333 7.86109243003467 0.0 7.86109243003467 0.0
57849.211575 7.863964361813383 0.0 7.863964361813383 0.0
57849.211621666655 7.8643745521671455 0.0 7.8643745521671455 0.0
57849.21173888889 7.86314391691164 0.0 7.86314391691164 0.0
57849.21178555554 7.8756464148419525 0.0 7.8756464148419525 0.0
57849.23194888889 7.953291061546624 0.0 7.953291061546624 0.0
57849.23206611111 7.899775415345884 0.0 7.899775415345884 0.0
57849.232112777776 7.89139997392016 0.0 7.89139997392016 0.0
57849.232159444444 7.89139997392016 0.0 7.89139997392016 0.0
57849.23227666667 7.896099486251057 0.0 7.896099486251057 0.0
57849.23232333332 7.888742489428599 0.0 7.888742489428599 0.0
57849.23237 7.886084109407226 0.0 7.886084109407226 0.0
57849.23248722222 7.885061416906471 0.0 7.885061416906471 0.0
57849.23253388888 7.888538030463219 0.0 7.888538030463219 0.0
57849.23258055555 7.899775415345884 0.0 7.899775415345884 0.0
57849.23269777778 7.901408612678889 0.0 7.901408612678889 0.0
57849.23274444443 7.897733443741128 0.0 7.897733443741128 0.0
57849.23279111111 7.901000344995114 0.0 7.901000344995114 0.0
57849.23290833333 7.884243167392838 0.0 7.884243167392838 0.0
57849.232955 7.887106669299156 0.0 7.887106669299156 0.0
57849.23300166665 7.885675048322873 0.0 7.885675048322873 0.0
57849.233118888886 7.882401795424801 0.0 7.882401795424801 0.0
57849.233165555546 7.885061416906471 0.0 7.885061416906471 0.0
57849.23321222222 7.899367063252599 0.0 7.899367063252599 0.0
57849.23332944443 7.884856862488722 0.0 7.884856862488722 0.0
57849.23337611111 7.890173553837546 0.0 7.890173553837546 0.0
57849.23342277777 7.900183746331882 0.0 7.900183746331882 0.0
57849.23353999999 7.886697661252141 0.0 7.886697661252141 0.0
57849.23358666667 7.881173975100819 0.0 7.881173975100819 0.0
57849.23363333332 7.879536583720744 0.0 7.879536583720744 0.0
57849.233750555555 7.881992543235048 0.0 7.881992543235048 0.0
57849.23379722222 7.885265966017806 0.0 7.885265966017806 0.0
57849.23384388888 7.885470509823134 0.0 7.885470509823134 0.0
57849.23396111111 7.884243167392838 0.0 7.884243167392838 0.0
57849.23400777776 7.8891513914627955 0.0 7.8891513914627955 0.0
57849.25694888889 8.001814310396394 0.0 8.001814310396394 0.0
57849.25706611111 7.949639878230233 0.0 7.949639878230233 0.0
57849.25711277778 7.950654264009123 0.0 7.950654264009123 0.0
57849.257159444445 7.950857125634824 0.0 7.950857125634824 0.0
57849.25727666666 7.917110910003113 0.0 7.917110910003113 0.0
57849.257323333324 7.921795169636578 0.0 7.921795169636578 0.0
57849.25737 7.914869631922094 0.0 7.914869631922094 0.0
57849.257487222225 7.91283155550568 0.0 7.91283155550568 0.0
57849.25753388888 7.917518346943918 0.0 7.917518346943918 0.0
57849.25758055555 7.921387952674342 0.0 7.921387952674342 0.0
57849.25769777778 7.965854549869551 0.0 7.965854549869551 0.0
57849.25774444443 8.024559077425797 0.0 8.024559077425797 0.0
57849.25779111111 8.211714684797329 0.0 8.211714684797329 0.0
57849.25790833333 7.943956924159599 0.0 7.943956924159599 0.0
57849.257955 7.949436985541604 0.0 7.949436985541604 0.0
57849.258001666654 7.956332434385306 0.0 7.956332434385306 0.0
57849.25811888889 7.956940569452964 0.0 7.956940569452964 0.0
57849.25816555554 7.970712519249213 0.0 7.970712519249213 0.0
57849.25821222222 7.9701054350090805 0.0 7.9701054350090805 0.0
57849.258329444434 7.92464510246358 0.0 7.92464510246358 0.0
57849.25837611111 7.93115538912532 0.0 7.93115538912532 0.0
57849.25842277777 7.940910811495684 0.0 7.940910811495684 0.0
57849.25853999999 7.951871356134739 0.0 7.951871356134739 0.0
57849.25858666666 7.985268694855061 0.0 7.985268694855061 0.0
57849.258633333324 8.011081035343402 0.0 8.011081035343402 0.0
57849.25875055556 7.923220264187958 0.0 7.923220264187958 0.0
57849.258797222225 7.918944211153077 0.0 7.918944211153077 0.0
57849.25884388888 7.9169071836695615 0.0 7.9169071836695615 0.0
57849.25896111111 7.920166176164773 0.0 7.920166176164773 0.0
57849.259007777764 7.930545276782472 0.0 7.930545276782472 0.0
57849.27917111111 8.135743517383347 0.0 8.135743517383347 0.0
57849.27928833333 8.005441697632525 0.0 8.005441697632525 0.0
57849.279335 7.98547067714132 0.0 7.98547067714132 0.0
57849.27938166667 7.988701699194286 0.0 7.988701699194286 0.0
57849.279498888885 7.975567529609089 0.0 7.975567529609089 0.0
57849.279545555546 7.978600410857096 0.0 7.978600410857096 0.0
57849.27959222222 7.979408984501013 0.0 7.979408984501013 0.0
57849.27970944445 7.986884410121707 0.0 7.986884410121707 0.0
57849.2797561111 7.984056693831938 0.0 7.984056693831938 0.0
57849.279802777775 8.004837247242364 0.0 8.004837247242364 0.0
57849.27992 7.995563285852005 0.0 7.995563285852005 0.0
57849.279966666654 7.9943528455626005 0.0 7.9943528455626005 0.0
57849.28001333334 8.00806045544516 0.0 8.00806045544516 0.0
57849.280130555555 7.977791755261764 0.0 7.977791755261764 0.0
57849.28017722222 7.982238347246847 0.0 7.982238347246847 0.0
57849.280223888876 7.987086351548778 0.0 7.987086351548778 0.0
57849.28034111111 7.998386934150354 0.0 7.998386934150354 0.0
57849.28038777777 7.991931414991966 0.0 7.991931414991966 0.0
57849.280434444445 7.990316720276023 0.0 7.990316720276023 0.0
57849.280551666656 7.983248590925634 0.0 7.983248590925634 0.0
57849.28059833333 7.983652652603278 0.0 7.983652652603278 0.0
57849.28064499999 7.988297892906001 0.0 7.988297892906001 0.0
57849.28076222221 7.984056693831938 0.0 7.984056693831938 0.0
57849.28080888889 7.987288287870196 0.0 7.987288287870196 0.0
57849.280855555546 7.9939493247362785 0.0 7.9939493247362785 0.0
57849.28097277778 7.993545783539891 0.0 7.993545783539891 0.0
57849.28101944445 7.998185278044982 0.0 7.998185278044982 0.0
57849.2810661111 8.000806410969238 0.0 8.000806410969238 0.0
57849.28118333333 7.997378602775351 0.0 7.997378602775351 0.0
57849.281229999986 8.006247560499238 0.0 8.006247560499238 0.0
57849.30416944445 8.240145629781066 0.0 8.240145629781066 0.0
57849.304286666666 8.149015376896969 0.0 8.149015376896969 0.0
57849.30433333332 8.136140005773521 0.0 8.136140005773521 0.0
57849.30437999999 8.138914883685109 0.0 8.138914883685109 0.0
57849.30449722221 8.138914883685109 0.0 8.138914883685109 0.0
57849.30454388888 8.141886917701887 0.0 8.141886917701887 0.0
57849.304590555555 8.160487018989539 0.0 8.160487018989539 0.0
57849.30470777778 8.143471559000993 0.0 8.143471559000993 0.0
57849.30475444444 8.162660856489415 0.0 8.162660856489415 0.0
57849.3048011111 8.197167095228496 0.0 8.197167095228496 0.0
57849.304918333335 8.166809303121287 0.0 8.166809303121287 0.0
57849.304965 8.200511392393416 0.0 8.200511392393416 0.0
57849.305011666656 8.201888059583322 0.0 8.201888059583322 0.0
57849.305128888875 8.149015376896969 0.0 8.149015376896969 0.0
57849.30517555554 8.156533102860829 0.0 8.156533102860829 0.0
57849.305222222225 8.169968610513397 0.0 8.169968610513397 0.0
57849.305339444436 8.151192273764064 0.0 8.151192273764064 0.0
57849.3053861111 8.149213300641653 0.0 8.149213300641653 0.0
57849.30543277778 8.153962029234227 0.0 8.153962029234227 0.0
57849.30554999999 8.16483411521828 0.0 8.16483411521828 0.0
57849.305596666665 8.159103366298007 0.0 8.159103366298007 0.0
57849.30564333333 8.150400742176087 0.0 8.150400742176087 0.0
57849.305760555544 8.168586563880737 0.0 8.168586563880737 0.0
57849.30580722221 8.184761608052195 0.0 8.184761608052195 0.0
57849.30585388888 8.18771700032551 0.0 8.18771700032551 0.0
57849.30597111111 8.159894053708168 0.0 8.159894053708168 0.0
57849.30601777778 8.170363438041017 0.0 8.170363438041017 0.0
57849.30606444444 8.175297173251119 0.0 8.175297173251119 0.0
57849.30618166665 8.165624247713016 0.0 8.165624247713016 0.0
57849.306228333335 8.174113348385747 0.0 8.174113348385747 0.0
57849.32639166667 8.641236470664108 0.0 8.641236470664108 0.0
57849.32650888889 8.529455604153513 0.0 8.529455604153513 0.0
57849.32655555554 8.514124886366488 0.0 8.514124886366488 0.0
57849.32660222221 8.522456105168047 0.0 8.522456105168047 0.0
57849.326719444434 8.48547145457762 0.0 8.48547145457762 0.0
57849.3267661111 8.490412049729597 0.0 8.490412049729597 0.0
57849.32681277778 8.48870216912627 0.0 8.48870216912627 0.0
57849.32693 8.488132132381905 0.0 8.488132132381905 0.0
57849.32697666666 8.4919316545652 0.0 8.4919316545652 0.0
57849.327023333324 8.499525603459935 0.0 8.499525603459935 0.0
57849.32714055556 8.828655689872756 0.0 8.828655689872756 0.0
57849.327187222225 8.500853847057497 0.0 8.500853847057497 0.0
57849.32723388888 8.508818954473059 0.0 8.508818954473059 0.0
57849.3273511111 8.563990628431991 0.0 8.563990628431991 0.0
57849.327397777764 8.581675902195478 0.0 8.581675902195478 0.0
57849.32744444445 8.576411761901209 0.0 8.576411761901209 0.0
57849.32756166666 8.489652145311203 0.0 8.489652145311203 0.0
57849.32760833332 8.486421792411079 0.0 8.486421792411079 0.0
57849.327655 8.484140802773744 0.0 8.484140802773744 0.0
57849.32777222221 8.503699384727005 0.0 8.503699384727005 0.0
57849.32781888889 8.508629395710475 0.0 8.508629395710475 0.0
57849.327865555555 8.51147233387518 0.0 8.51147233387518 0.0
57849.327982777766 8.5734022305297 0.0 8.5734022305297 0.0
57849.328029444434 8.915915454236698 0.0 8.915915454236698 0.0
57849.3280761111 8.514693182963201 0.0 8.514693182963201 0.0
57849.328193333335 8.497437944045442 0.0 8.497437944045442 0.0
57849.32824 8.501802465435803 0.0 8.501802465435803 0.0
57849.32828666666 8.50256128393655 0.0 8.50256128393655 0.0
57849.328403888874 8.5067335757641 0.0 8.5067335757641 0.0
57849.32845055556 8.529833791823204 0.0 8.529833791823204 0.0
57849.32945055555 8.529833791823204 0.0 8.529833791823204 0.0
