57849.627475 9.094308748492281 0.0 9.094308748492281 0.0
57849.628475 9.094308748492281 0.0 9.094308748492281 0.0
57849.62859222222 9.63444760456775 0.0 9.63444760456775 0.0
57849.62863888888 9.3384394634705 0.0 9.3384394634705 0.0
57849.628685555545 8.834134676575344 0.0 8.834134676575344 0.0
57849.62880277776 8.50938760542466 0.0 8.50938760542466 0.0
57849.62884944443 8.403724212821437 0.0 8.403724212821437 0.0
57849.62889611111 8.383740023056152 0.0 8.383740023056152 0.0
57849.62901333333 9.108663015804453 0.0 9.108663015804453 0.0
57849.62906 8.828838377542889 0.0 8.828838377542889 0.0
57849.62910666665 9.018082193660298 0.0 9.018082193660298 0.0
57849.629223888885 8.759510959983126 0.0 8.759510959983126 0.0
57849.62927055555 8.891278800581917 0.0 8.891278800581917 0.0
57849.629317222214 9.043800228921754 0.0 9.043800228921754 0.0
57849.62943444443 8.50237158566039 0.0 8.50237158566039 0.0
57849.6294811111 8.579608232276975 0.0 8.579608232276975 0.0
57849.629527777775 8.598574525522688 0.0 8.598574525522688 0.0
57849.629644999986 8.686845821273717 0.0 8.686845821273717 0.0
57849.629691666654 8.75343250646061 0.0 8.75343250646061 0.0
57849.62973833334 9.599899193019114 0.0 9.599899193019114 0.0
57849.62985555554 12.23980813680535 0.0 12.23980813680535 0.0
57849.62990222222 10.404868587472917 0.0 10.404868587472917 0.0
57849.62994888889 9.570114773303063 0.0 9.570114773303063 0.0
57849.6300661111 9.394748018046075 0.0 9.394748018046075 0.0
57849.63011277777 9.615008429365737 0.0 9.615008429365737 0.0
57849.63015944443 10.089438745220093 0.0 10.089438745220093 0.0
57849.63027666666 9.017366756753685 0.0 9.017366756753685 0.0
57849.63032333333 9.786758664710721 0.0 9.786758664710721 0.0
57849.63037 10.262364690082793 0.0 10.262364690082793 0.0
57849.63048722221 9.285785182288727 0.0 9.285785182288727 0.0
57849.63053388889 9.74133196165169 0.0 9.74133196165169 0.0
57849.63153388889 9.74133196165169 0.0 9.74133196165169 0.0
