57849.364975000004 8.257547866902955 0.0 8.257547866902955 0.0
57849.365975 8.257547866902955 0.0 8.257547866902955 0.0
57849.36609222222 8.166809303121287 0.0 8.166809303121287 0.0
57849.36613888888 8.123839867547144 0.0 8.123839867547144 0.0
57849.36618555555 8.110924532640748 0.0 8.110924532640748 0.0
57849.366302777766 8.125428028427875 0.0 8.125428028427875 0.0
57849.36634944443 8.136932924594797 0.0 8.136932924594797 0.0
57849.36639611111 8.127611242925504 0.0 8.127611242925504 0.0
57849.366513333334 8.112117578838662 0.0 8.112117578838662 0.0
57849.36656 8.119272174595533 0.0 8.119272174595533 0.0
57849.366606666656 8.103165450771732 0.0 8.103165450771732 0.0
57849.36672388889 8.089419613137851 0.0 8.089419613137851 0.0
57849.366770555556 8.093804879001892 0.0 8.093804879001892 0.0
57849.36681722221 8.094601944824792 0.0 8.094601944824792 0.0
57849.366934444435 8.10396159593486 0.0 8.10396159593486 0.0
57849.3669811111 8.099183551046883 0.0 8.099183551046883 0.0
57849.36702777778 8.099780960797842 0.0 8.099780960797842 0.0
57849.36714499999 8.10734434066202 0.0 8.10734434066202 0.0
57849.36719166666 8.116093132901783 0.0 8.116093132901783 0.0
57849.36723833333 8.108140075496411 0.0 8.108140075496411 0.0
57849.36735555554 8.116291859487747 0.0 8.116291859487747 0.0
57849.367402222226 8.109731310930338 0.0 8.109731310930338 0.0
57849.36744888889 8.108736825377045 0.0 8.108736825377045 0.0
57849.3675661111 8.131182511311504 0.0 8.131182511311504 0.0
57849.367612777765 8.138320346638865 0.0 8.138320346638865 0.0
57849.36765944443 8.130389031679334 0.0 8.130389031679334 0.0
57849.367776666666 8.098586097226697 0.0 8.098586097226697 0.0
57849.367823333334 8.107742217841396 0.0 8.107742217841396 0.0
57849.36787 8.118477530877009 0.0 8.118477530877009 0.0
57849.36798722221 8.103563533130586 0.0 8.103563533130586 0.0
57849.36803388889 8.114503145006635 0.0 8.114503145006635 0.0
57849.401391666666 8.233291976736496 0.0 8.233291976736496 0.0
57849.40150888889 8.158707993857377 0.0 8.158707993857377 0.0
57849.401555555545 8.148025686057032 0.0 8.148025686057032 0.0
57849.40160222221 8.14149070918477 0.0 8.14149070918477 0.0
57849.40171944443 8.131975913519698 0.0 8.131975913519698 0.0
57849.4017661111 8.138716709495382 0.0 8.138716709495382 0.0
57849.401812777774 8.127611242925504 0.0 8.127611242925504 0.0
57849.40193 8.152972938869322 0.0 8.152972938869322 0.0
57849.40197666667 8.141292597695426 0.0 8.141292597695426 0.0
57849.40202333332 8.130389031679334 0.0 8.130389031679334 0.0
57849.402140555554 8.122052815359174 0.0 8.122052815359174 0.0
57849.40218722222 8.127611242925504 0.0 8.127611242925504 0.0
57849.402233888875 8.138716709495382 0.0 8.138716709495382 0.0
57849.4023511111 8.133959080458952 0.0 8.133959080458952 0.0
57849.40239777777 8.140698234300022 0.0 8.140698234300022 0.0
57849.402444444444 8.144263764028306 0.0 8.144263764028306 0.0
57849.402561666655 8.120662613994167 0.0 8.120662613994167 0.0
57849.40260833332 8.125428028427875 0.0 8.125428028427875 0.0
57849.402655 8.124832504477029 0.0 8.124832504477029 0.0
57849.40277222221 8.127809687891359 0.0 8.127809687891359 0.0
57849.40281888889 8.123442778812759 0.0 8.123442778812759 0.0
57849.40286555555 8.122251396129986 0.0 8.122251396129986 0.0
57849.40298277776 8.142283106939256 0.0 8.142283106939256 0.0
57849.40302944443 8.137923964477237 0.0 8.137923964477237 0.0
57849.4030761111 8.132174251976906 0.0 8.132174251976906 0.0
57849.40319333333 8.112316402813368 0.0 8.112316402813368 0.0
57849.40324 8.117682809370443 0.0 8.117682809370443 0.0
57849.40328666667 8.116888010052985 0.0 8.116888010052985 0.0
57849.40340388888 8.116888010052985 0.0 8.116888010052985 0.0
57849.403450555554 8.34884577689944 0.0 8.34884577689944 0.0
57849.44514166666 8.274913507003388 0.0 8.274913507003388 0.0
57849.44525888889 8.158510300451955 0.0 8.158510300451955 0.0
57849.44530555554 8.154555425867702 0.0 8.154555425867702 0.0
57849.44535222221 8.144659837646243 0.0 8.144659837646243 0.0
57849.445469444436 8.08363540063025 0.0 8.08363540063025 0.0
57849.4455161111 8.090017743909725 0.0 8.090017743909725 0.0
57849.44556277778 8.093207028119323 0.0 8.093207028119323 0.0
57849.44568 8.084433469089163 0.0 8.084433469089163 0.0
57849.445726666665 8.084433469089163 0.0 8.084433469089163 0.0
57849.44577333332 8.092609133069825 0.0 8.092609133069825 0.0
57849.44589055556 8.087226088496081 0.0 8.087226088496081 0.0
57849.44593722222 8.109532423576114 0.0 8.109532423576114 0.0
57849.44598388888 8.123244227166479 0.0 8.123244227166479 0.0
57849.4461011111 8.089618994975659 0.0 8.089618994975659 0.0
57849.446147777766 8.097590242901617 0.0 8.097590242901617 0.0
57849.44619444444 8.096395056024983 0.0 8.096395056024983 0.0
57849.44631166665 8.08343587120421 0.0 8.08343587120421 0.0
57849.44635833332 8.080641941921964 0.0 8.080641941921964 0.0
57849.446405 8.085630424081891 0.0 8.085630424081891 0.0
57849.44652222221 8.087026647662292 0.0 8.087026647662292 0.0
57849.44656888889 8.087624955409025 0.0 8.087624955409025 0.0
57849.44661555556 8.085829899354199 0.0 8.085829899354199 0.0
57849.44673277777 8.087026647662292 0.0 8.087026647662292 0.0
57849.446779444435 8.085630424081891 0.0 8.085630424081891 0.0
57849.446826111096 8.088622036639672 0.0 8.088622036639672 0.0
57849.446943333336 8.08343587120421 0.0 8.08343587120421 0.0
57849.44699 8.082837253373109 0.0 8.082837253373109 0.0
57849.447036666665 8.087624955409025 0.0 8.087624955409025 0.0
57849.447153888876 8.086228835136534 0.0 8.086228835136534 0.0
57849.44720055556 8.08423395936049 0.0 8.08423395936049 0.0
57849.48889166667 8.135347009669712 0.0 8.135347009669712 0.0
57849.489008888886 8.025965925186703 0.0 8.025965925186703 0.0
57849.48905555555 8.011081035343402 0.0 8.011081035343402 0.0
57849.48910222221 8.011483693283157 0.0 8.011483693283157 0.0
57849.48921944443 8.006449013542246 0.0 8.006449013542246 0.0
57849.4892661111 8.010074301938818 0.0 8.010074301938818 0.0
57849.489312777776 8.011483693283157 0.0 8.011483693283157 0.0
57849.48943 8.014301732407166 0.0 8.014301732407166 0.0
57849.48947666667 8.008261862883613 0.0 8.008261862883613 0.0
57849.48952333332 8.013697950304195 0.0 8.013697950304195 0.0
57849.489640555556 8.01832578454485 0.0 8.01832578454485 0.0
57849.48968722222 8.016314010976657 0.0 8.016314010976657 0.0
57849.48973388888 8.02254886694875 0.0 8.02254886694875 0.0
57849.4898511111 8.00785904294106 0.0 8.00785904294106 0.0
57849.48989777776 8.011685014664115 0.0 8.011685014664115 0.0
57849.489944444445 8.011685014664115 0.0 8.011685014664115 0.0
57849.49006166666 8.013295403628051 0.0 8.013295403628051 0.0
57849.490108333324 8.026166883307976 0.0 8.026166883307976 0.0
57849.490155 8.032394091347218 0.0 8.032394091347218 0.0
57849.49027222221 8.010074301938818 0.0 8.010074301938818 0.0
57849.490318888886 8.01611280585104 0.0 8.01611280585104 0.0
57849.49036555555 8.009671573146893 0.0 8.009671573146893 0.0
57849.490482777765 8.015307934840843 0.0 8.015307934840843 0.0
57849.49052944443 8.022146764406484 0.0 8.022146764406484 0.0
57849.4905761111 8.02516204237968 0.0 8.02516204237968 0.0
57849.49069333333 8.01611280585104 0.0 8.01611280585104 0.0
57849.49074 8.01691759605495 0.0 8.01691759605495 0.0
57849.49078666667 8.028979768876757 0.0 8.028979768876757 0.0
57849.49090388888 8.019934840053857 0.0 8.019934840053857 0.0
57849.490950555555 8.027171598450337 0.0 8.027171598450337 0.0
57849.54166944444 8.394890919385857 0.0 8.394890919385857 0.0
57849.54178666667 8.31070044794564 0.0 8.31070044794564 0.0
57849.54183333332 8.353287936785055 0.0 8.353287936785055 0.0
57849.54187999999 8.387202232587608 0.0 8.387202232587608 0.0
57849.54199722221 8.382393222047762 0.0 8.382393222047762 0.0
57849.542043888876 8.519238190990947 0.0 8.519238190990947 0.0
57849.54209055556 8.567379996241558 0.0 8.567379996241558 0.0
57849.54220777778 8.137923964477237 0.0 8.137923964477237 0.0
57849.542254444445 8.146639916891127 0.0 8.146639916891127 0.0
57849.5423011111 8.159498719580677 0.0 8.159498719580677 0.0
57849.54241833333 8.152181580174048 0.0 8.152181580174048 0.0
57849.542465 8.2123039083969 0.0 8.2123039083969 0.0
57849.54251166665 8.303905027737096 0.0 8.303905027737096 0.0
57849.54262888888 8.164439020295823 0.0 8.164439020295823 0.0
57849.542675555545 8.144065719995934 0.0 8.144065719995934 0.0
57849.54272222222 8.111521077673927 0.0 8.111521077673927 0.0
57849.54283944443 8.09440268572732 0.0 8.09440268572732 0.0
57849.5428861111 8.092210511828146 0.0 8.092210511828146 0.0
57849.542932777775 8.102966402258437 0.0 8.102966402258437 0.0
57849.543049999986 8.143075427585996 0.0 8.143075427585996 0.0
57849.54309666667 8.143273495702232 0.0 8.143273495702232 0.0
57849.543143333336 8.162858449373976 0.0 8.162858449373976 0.0
57849.54326055555 8.313611070543176 0.0 8.313611070543176 0.0
57849.54330722221 8.205033860086216 0.0 8.205033860086216 0.0
57849.543353888876 8.254031273145538 0.0 8.254031273145538 0.0
57849.54347111111 8.344401252220827 0.0 8.344401252220827 0.0
57849.543517777776 8.53077918764676 0.0 8.53077918764676 0.0
57849.543564444444 8.762456571150029 0.0 8.762456571150029 0.0
57849.543681666655 8.33782674554405 0.0 8.33782674554405 0.0
57849.54372833333 8.27062426945219 0.0 8.27062426945219 0.0
57849.609030555555 9.331528243264268 0.0 9.331528243264268 0.0
57849.60914777778 8.855288195889395 0.0 8.855288195889395 0.0
57849.609194444434 8.817687503151028 0.0 8.817687503151028 0.0
57849.6092411111 8.703725564933526 0.0 8.703725564933526 0.0
57849.60935833332 9.05876869792913 0.0 9.05876869792913 0.0
57849.60940499999 9.234752035723012 0.0 9.234752035723012 0.0
57849.60945166666 9.10706921448494 0.0 9.10706921448494 0.0
57849.60956888889 9.510266099869265 0.0 9.510266099869265 0.0
57849.60961555556 9.142950748368754 0.0 9.142950748368754 0.0
57849.60966222221 9.0354141951224 0.0 9.0354141951224 0.0
57849.60977944444 8.831760866327846 0.0 8.831760866327846 0.0
57849.60982611111 9.013251892486938 0.0 9.013251892486938 0.0
57849.609872777764 9.067311014421977 0.0 9.067311014421977 0.0
57849.60998999999 8.819882231676631 0.0 8.819882231676631 0.0
57849.61003666666 8.808536914871002 0.0 8.808536914871002 0.0
57849.61008333333 9.026126951352694 0.0 9.026126951352694 0.0
57849.610200555544 8.690187272936624 0.0 8.690187272936624 0.0
57849.61024722221 8.679415767464775 0.0 8.679415767464775 0.0
57849.61029388889 8.659881545788993 0.0 8.659881545788993 0.0
57849.6104111111 8.677185510699696 0.0 8.677185510699696 0.0
57849.61045777778 8.744030221592846 0.0 8.744030221592846 0.0
57849.61050444444 9.062150994392075 0.0 9.062150994392075 0.0
57849.61062166665 8.997490689613267 0.0 8.997490689613267 0.0
57849.61066833332 8.89291127627741 0.0 8.89291127627741 0.0
57849.61071499999 8.738310163648864 0.0 8.738310163648864 0.0
57849.61083222222 8.755459126518097 0.0 8.755459126518097 0.0
57849.61087888889 8.808536914871002 0.0 8.808536914871002 0.0
57849.61092555556 8.677371387323952 0.0 8.677371387323952 0.0
57849.61104277777 8.623486309436123 0.0 8.623486309436123 0.0
57849.61108944444 8.704096180683015 0.0 8.704096180683015 0.0
57849.61208944444 8.704096180683015 0.0 8.704096180683015 0.0
