57848.0416667 97.1697859625 0.0 111.250997663 0.0
57848.0423611 97.0270333 0.0 112.10753745 0.0
57848.0430556 96.5534385975 0.0 112.615577724 0.0
57848.04375 96.3682220185 0.0 113.495520779 0.0
57848.0444444 96.5558662382 0.0 114.860282026 0.0
57848.0451389 96.7540964766 0.0 116.291060908 0.0
57848.0458333 96.4740547038 0.0 117.198081136 0.0
57848.0465278 96.1823898175 0.0 118.139261594 0.0
57848.0486111 95.7210972722 0.0 121.815663948 0.0
57848.0493056 95.6595078913 0.0 123.292316334 0.0
57848.0497917 95.9506167046 0.0 125.308077549 0.0
57848.0499074 88.8913533759 0.0 120.393200207 0.0
57848.05 89.5625194822 0.0 116.220871675 0.0
57848.0500231 90.2087295831 0.0 112.405726029 0.0
57848.0501505 100.632814429 0.0 119.526633425 0.0
57848.0502662 106.815414829 0.0 141.715509532 0.0
57848.0503819 90.6228447744 0.0 147.614621854 0.0
57848.0505093 90.3100497675 0.0 115.068635896 0.0
57848.050625 101.540537959 0.0 131.905003669 0.0
57848.0506944 104.86493175 0.0 136.69214984 0.0
57848.0507407 108.455996925 0.0 141.933931824 0.0
57848.0509838 371.793076728 0.0 350.547447406 0.0
57848.0510995 478.721038832 0.0 380.175959044 0.0
57848.0512269 299.04887126 0.0 257.675006343 0.0
57848.0513426 341.939073988 0.0 209.862740855 0.0
57848.0513889 375.145233282 0.0 254.903734886 0.0
57848.0514583 421.119667066 0.0 353.05932119 0.0
57848.0515856 313.227794974 0.0 233.424202173 0.0
57848.0517014 451.406564407 0.0 349.91452612 0.0
57848.0518171 372.680023412 0.0 317.958110154 0.0
57848.0519444 246.025622424 0.0 436.464824258 0.0
57848.0520602 182.203562449 0.0 982.386400311 0.0
57848.0520833 155.406233858 0.0 236.442990805 0.0
57848.0521759 137.676568246 0.0 169.553964513 0.0
57848.0523032 164.364457408 0.0 229.194886915 0.0
57848.052419 1170.70403813 0.0 1009.32975671 0.0
57848.0525347 182.068384403 0.0 170.765782457 0.0
57848.052662 188.395431258 0.0 135.104227502 0.0
57848.0527778 263.478869521 0.0 151.457576139 0.0
57848.0528935 250.219435246 0.0 121.410959163 0.0
57848.0530208 230.032313306 0.0 339.609886455 0.0
57848.0531366 769.441010693 0.0 227.002407961 0.0
57848.0532523 485.564736968 0.0 303.772157758 0.0
57848.0533796 444.656237079 0.0 467.5443781 0.0
57848.0756944 84.3347225169 0.0 84.2044628508 0.0
57848.0757176 86.1007122793 0.0 86.3052117546 0.0
57848.0758449 79.582578527 0.0 79.4439906664 0.0
57848.0759606 79.5759033188 0.0 79.8128913397 0.0
57848.0760764 79.3678254458 0.0 79.4897473326 0.0
57848.0762037 86.1650778158 0.0 86.3132465848 0.0
57848.0763194 87.7045734212 0.0 89.0387167023 0.0
57848.0763889 83.3217263503 0.0 83.9109285791 0.0
57848.0764352 79.4961570077 0.0 79.5377431915 0.0
57848.0765509 80.016931552 0.0 79.7922726334 0.0
57848.0766782 81.3385166572 0.0 80.9855761602 0.0
57848.076794 80.0295875161 0.0 79.8583515733 0.0
57848.0769097 79.8633612115 0.0 79.7413871274 0.0
57848.077037 79.490545268 0.0 79.3839517913 0.0
57848.0770833 79.3694818617 0.0 79.3843698785 0.0
57848.0771528 79.2404263744 0.0 79.3764490324 0.0
57848.0772685 80.0084219317 0.0 79.7702410113 0.0
57848.0773958 79.988599694 0.0 79.5667893156 0.0
57848.0775116 79.1669789053 0.0 79.1344787498 0.0
57848.0776273 79.2544071519 0.0 79.0185678559 0.0
57848.0777546 78.4846448931 0.0 78.507032099 0.0
57848.0777778 78.5253216612 0.0 78.5580424018 0.0
57848.0778704 78.6089422585 0.0 78.6520797055 0.0
57848.0779861 78.8628184318 0.0 79.0073013841 0.0
57848.0781134 79.1406018805 0.0 78.8011908413 0.0
57848.0782292 79.1469449316 0.0 79.1059883511 0.0
57848.0783449 79.8891013531 0.0 80.0025021296 0.0
57848.0784722 78.6123091952 0.0 78.5580187632 0.0
57848.078588 78.5551153649 0.0 78.6507973513 0.0
57848.0787037 80.9471537115 0.0 81.0342976893 0.0
57848.078831 80.1283229389 0.0 80.2322506477 0.0
57848.0789468 92.7844066317 0.0 94.3009698253 0.0
57848.0790625 84.5710026841 0.0 85.246860775 0.0
57848.0791667 88.3748370861 0.0 88.4265841758 0.0
57848.0791898 92.6501080194 0.0 91.9007929019 0.0
57848.0793056 81.0379982662 0.0 81.5581539762 0.0
57848.0794213 79.5546087666 0.0 79.1652772243 0.0
57848.0795486 79.2143976623 0.0 79.0810527054 0.0
57848.0796644 78.6454810717 0.0 78.8398140726 0.0
57848.0797801 78.8624231051 0.0 78.8623253652 0.0
57848.0798611 79.43344832 0.0 79.5553722887 0.0
57848.0799074 80.0178029441 0.0 80.2679395462 0.0
57848.0800231 79.8155422521 0.0 79.9249569409 0.0
57848.0801389 80.3092562473 0.0 80.6568874492 0.0
57848.0802662 79.3742759715 0.0 79.1361429247 0.0
57848.0803819 80.2022447067 0.0 80.5930497251 0.0
57848.0804977 80.3921184259 0.0 80.5691653674 0.0
57848.0805556 79.543327866 0.0 79.5907109404 0.0
57848.0826389 78.0204346566 0.0 78.2901625302 0.0
57848.0826505 77.9034816873 0.0 78.208307615 0.0
57848.0827662 79.1837282275 0.0 79.0454429427 0.0
57848.0828935 78.0116472971 0.0 77.9432816027 0.0
57848.0830093 77.7388726957 0.0 77.7339489798 0.0
57848.083125 81.8419936585 0.0 82.124830837 0.0
57848.0832523 85.9132526797 0.0 85.830040353 0.0
57848.0833333 82.3730687604 0.0 82.4164702472 0.0
57848.0833681 79.2296276717 0.0 79.3726146917 0.0
57848.0834838 83.1113010126 0.0 81.4668139122 0.0
57848.0836111 84.0294782323 0.0 85.1429142971 0.0
57848.0837269 79.1103001385 0.0 79.5381536497 0.0
57848.0838426 79.2193436226 0.0 79.2419769125 0.0
57848.0839699 78.4444076528 0.0 78.6527559657 0.0
57848.0840278 78.9434946592 0.0 79.3012279791 0.0
57848.0840856 79.4666175951 0.0 79.9806007479 0.0
57848.0842014 78.5837672996 0.0 78.609142986 0.0
57848.0843287 81.5464799486 0.0 81.7377083114 0.0
57848.0844444 79.2081876702 0.0 78.880825319 0.0
57848.0845602 77.4104773852 0.0 77.5641245293 0.0
57848.0846875 79.0597210595 0.0 78.7962203154 0.0
57848.0847222 79.54957443 0.0 79.3428180115 0.0
57848.0848032 80.0516349802 0.0 79.9039336516 0.0
57848.084919 77.9341758666 0.0 77.8178297564 0.0
57848.0850463 82.5275765669 0.0 81.8802934045 0.0
57848.085162 77.9768700641 0.0 78.2181983556 0.0
57848.0852778 79.2048031561 0.0 79.4826800693 0.0
57848.0854051 78.4549207635 0.0 78.5683512173 0.0
57848.0854167 78.260561447 0.0 78.1938467528 0.0
57848.0855208 78.0207748039 0.0 77.7779517473 0.0
57848.0856366 77.5732421457 0.0 77.4986341944 0.0
57848.0857523 78.4852270749 0.0 78.5867780928 0.0
57848.0858796 77.9815252095 0.0 78.1583831588 0.0
57848.0859954 78.828065053 0.0 78.9174816121 0.0
57848.0861111 78.8412587228 0.0 78.6456206028 0.0
57848.0862384 77.6511231793 0.0 77.9097960144 0.0
57848.0863542 77.4018208894 0.0 77.3229588932 0.0
57848.0864699 77.3808612126 0.0 77.1854883252 0.0
57848.0865972 76.9965738394 0.0 76.9689921917 0.0
57848.086713 77.358954472 0.0 77.3577287089 0.0
57848.0868056 77.2084272343 0.0 77.1994084369 0.0
57848.0868287 77.1226506222 0.0 77.1058871747 0.0
57848.086956 79.8083877359 0.0 79.8679641972 0.0
57848.0870718 76.9174893051 0.0 76.9196436029 0.0
57848.0871875 76.9270403499 0.0 77.0695164446 0.0
57848.0873148 77.1893999135 0.0 77.1703173766 0.0
57848.0874306 76.9633934998 0.0 76.9539706903 0.0
57848.0875 77.2180852909 0.0 77.2477347111 0.0
57848.0930556 77.3481465906 0.0 77.1154568683 0.0
57848.0931713 76.8224959436 0.0 76.8840325815 0.0
57848.093287 77.6062811247 0.0 77.7722389867 0.0
57848.0934028 75.8758071456 0.0 75.8369304627 0.0
57848.0935301 76.0642779759 0.0 75.9988551493 0.0
57848.0936458 78.5713484611 0.0 79.3299834048 0.0
57848.09375 76.960376253 0.0 77.3247232197 0.0
57848.0937616 75.460339338 0.0 75.4792770368 0.0
57848.0938889 75.7709279275 0.0 75.6554297985 0.0
57848.0940046 75.628697298 0.0 75.5611149997 0.0
57848.0941204 75.5488945915 0.0 75.3035161463 0.0
57848.0942477 75.5458698474 0.0 75.6475243944 0.0
57848.0943634 76.4894122608 0.0 76.1345918226 0.0
57848.0944444 76.4343370024 0.0 76.0616442959 0.0
57848.0944792 76.3774613286 0.0 75.9869758774 0.0
57848.0945949 77.2088128843 0.0 76.9447408664 0.0
57848.0947222 79.0373509488 0.0 79.5044899361 0.0
57848.094838 76.2951166262 0.0 76.4865325531 0.0
57848.0949537 75.0022214538 0.0 74.9560607156 0.0
57848.095081 75.071189567 0.0 75.2967584561 0.0
57848.0951389 75.2086732897 0.0 75.3368358507 0.0
57848.0951968 75.3546685614 0.0 75.384609676 0.0
57848.0953125 76.0762665488 0.0 75.9381666555 0.0
57848.0954398 77.0827172329 0.0 77.2603712391 0.0
57848.0955556 75.0937706072 0.0 75.2484700708 0.0
57848.0956713 76.3905375357 0.0 76.6208157226 0.0
57848.0957986 75.2877931142 0.0 75.5515943048 0.0
57848.0958333 75.7486145154 0.0 75.7547301955 0.0
57848.0959144 76.2132614116 0.0 75.9545574669 0.0
57848.0960301 74.7085234762 0.0 74.7939740621 0.0
57848.0961574 75.2053020072 0.0 75.2425566352 0.0
57848.0962731 74.8460432555 0.0 74.8704803244 0.0
57848.0963889 74.7997046184 0.0 74.7259922918 0.0
57848.0965162 74.7852584605 0.0 74.6621844376 0.0
57848.0965278 75.0444146356 0.0 75.13619838 0.0
57848.0966319 75.3325201756 0.0 75.6459586825 0.0
57848.0967477 75.1594074684 0.0 75.1616302843 0.0
57848.096875 75.8257971406 0.0 76.707028648 0.0
57848.0969907 78.3940400732 0.0 78.7784964759 0.0
57848.0971065 82.3531896043 0.0 83.855968583 0.0
57848.0972222 81.4205847805 0.0 82.9425256006 0.0
57848.0972338 80.4522798496 0.0 81.9903319971 0.0
57848.0973495 75.0343007431 0.0 75.1341587762 0.0
57848.0974653 75.8634972895 0.0 75.545367085 0.0
57848.0975926 76.3389441897 0.0 77.1287533284 0.0
57848.0977083 74.2074668413 0.0 74.1862880053 0.0
57848.0978241 77.1051329809 0.0 76.5637620288 0.0
57848.1319444 71.7902212282 0.0 71.8042213104 0.0
57848.1320023 71.7743423516 0.0 71.7589027438 0.0
57848.1321181 71.9181835908 0.0 71.887286922 0.0
57848.1322454 71.9071502078 0.0 71.859249683 0.0
57848.1323611 72.2600417174 0.0 72.2764609261 0.0
57848.1324769 73.547545078 0.0 73.2471830312 0.0
57848.1326042 71.9034222204 0.0 71.8242906056 0.0
57848.1326389 72.2444159849 0.0 72.0705295804 0.0
57848.1327199 72.5692654848 0.0 72.2984230049 0.0
57848.1328356 72.0729051378 0.0 72.0125742076 0.0
57848.132963 71.8106362595 0.0 71.8247870446 0.0
57848.1330787 72.8920041225 0.0 72.9846741035 0.0
57848.1331944 72.0109146866 0.0 71.9390257857 0.0
57848.1333218 72.2966576682 0.0 72.2987175197 0.0
57848.1333333 72.0891677855 0.0 72.0926955731 0.0
57848.1334375 71.8779522176 0.0 71.8829231807 0.0
57848.1335532 72.0209117618 0.0 72.1335759685 0.0
57848.1336806 72.8011119352 0.0 72.6367599429 0.0
57848.1337963 72.6228011578 0.0 72.6165999893 0.0
57848.133912 71.8202680168 0.0 71.8634984398 0.0
57848.1340278 71.8339812624 0.0 71.8212391079 0.0
57848.1340394 71.8525447079 0.0 71.7838499385 0.0
57848.1341551 72.7853907731 0.0 72.7552791074 0.0
57848.1342708 72.0765831044 0.0 72.0385443218 0.0
57848.1343981 72.0824393594 0.0 71.9184138729 0.0
57848.1345139 72.1705454046 0.0 72.1209789659 0.0
57848.1346296 72.5592528007 0.0 72.7972187724 0.0
57848.1347222 72.0722147363 0.0 72.1935848327 0.0
57848.1347569 71.5846839345 0.0 71.5944974631 0.0
57848.1348727 71.9797113915 0.0 71.9933333233 0.0
57848.1349884 71.968734934 0.0 71.9132540079 0.0
57848.1351042 71.5540525826 0.0 71.5679801797 0.0
57848.1352315 71.6453534641 0.0 71.645578761 0.0
57848.1353472 71.5231852758 0.0 71.5103171927 0.0
57848.1354167 71.4772428889 0.0 71.4786100033 0.0
57848.135463 71.444568422 0.0 71.4601421703 0.0
57848.1355903 72.2202402793 0.0 72.1645720004 0.0
57848.135706 72.1580237049 0.0 72.3469383803 0.0
57848.1358218 72.0778927134 0.0 71.931614496 0.0
57848.1359491 71.5607340725 0.0 71.4670063526 0.0
57848.1360648 71.6635334323 0.0 71.7999866295 0.0
57848.1361111 71.8284188257 0.0 71.8575749173 0.0
57848.1361806 71.9814232285 0.0 71.9022584346 0.0
57848.1363079 71.4990948194 0.0 71.5923076105 0.0
57848.1364236 71.4752906395 0.0 71.5230805824 0.0
57848.1365394 72.1525702453 0.0 72.0314567949 0.0
57848.1366667 71.6635932605 0.0 71.6933797641 0.0
57848.15625 70.503969562 0.0 70.3938633405 0.0
57848.1562616 70.9245263572 0.0 70.7364422911 0.0
57848.1563773 70.180151838 0.0 70.2793074738 0.0
57848.1565046 70.9603421567 0.0 70.960103361 0.0
57848.1566204 70.3545052289 0.0 70.3662578726 0.0
57848.1567361 70.2572637739 0.0 70.1937037205 0.0
57848.1568634 70.5876414325 0.0 70.7544005981 0.0
57848.1569444 70.602481125 0.0 70.7134082901 0.0
57848.1569792 70.585374597 0.0 70.640557175 0.0
57848.1570949 70.0922699376 0.0 70.1278286631 0.0
57848.1572106 70.1772886125 0.0 70.1819485552 0.0
57848.157338 70.3575996606 0.0 70.3094560994 0.0
57848.1574537 70.1654182913 0.0 70.2120438956 0.0
57848.1575694 70.2428423186 0.0 70.1436360264 0.0
57848.1576389 70.2262092883 0.0 70.1836045241 0.0
57848.1576968 70.2191568804 0.0 70.2332635508 0.0
57848.1578125 70.042626814 0.0 70.1211141241 0.0
57848.1579282 70.1065521546 0.0 70.1723248225 0.0
57848.1580556 70.7124671257 0.0 70.8463027899 0.0
57848.1581713 70.035354429 0.0 69.9885846764 0.0
57848.158287 70.0602233725 0.0 69.9862264735 0.0
57848.1583333 70.4389777964 0.0 70.5143185247 0.0
57848.1584144 70.8273651917 0.0 71.0580394044 0.0
57848.1585301 69.9823376646 0.0 70.0621017598 0.0
57848.1586458 70.7642030125 0.0 70.7846751211 0.0
57848.1587731 69.9363679283 0.0 69.9358579128 0.0
57848.1588889 70.0334822924 0.0 69.9560641046 0.0
57848.1590046 70.0267947217 0.0 70.0717909504 0.0
57848.1590278 69.9746623786 0.0 70.0044154036 0.0
57848.1591319 69.8981758775 0.0 69.9127555672 0.0
57848.1592477 70.1414727747 0.0 70.1544463594 0.0
57848.1593634 70.0310300581 0.0 70.0411163746 0.0
57848.1594907 69.8112743115 0.0 69.839820604 0.0
57848.1596065 70.1403702941 0.0 70.2215841533 0.0
57848.1597222 69.9536723696 0.0 69.9515402761 0.0
57848.1598495 70.0713745477 0.0 70.011521459 0.0
57848.1599653 70.3409737138 0.0 70.2255741379 0.0
57848.160081 70.361824685 0.0 70.2858581508 0.0
57848.1602083 69.7398679809 0.0 69.8215646774 0.0
57848.1603241 69.8602823642 0.0 69.8559864292 0.0
57848.1604167 70.4685203265 0.0 70.5626446996 0.0
57848.1604398 71.1110512719 0.0 71.3094754503 0.0
57848.1605671 69.9456458545 0.0 69.8553082092 0.0
57848.1606829 70.2692782872 0.0 70.2531978276 0.0
57848.1607986 70.0820494421 0.0 70.1012722495 0.0
57848.1609259 69.7668904567 0.0 69.7326768882 0.0
57848.1610417 70.3188480281 0.0 70.5502964062 0.0
