57853.0777778 125.356503553 0.0 128.873411428 0.0
57853.1090278 139.583631866 0.0 142.535550271 0.0
57853.1347222 164.003776688 0.0 164.833209882 0.0
57853.1555556 179.709122081 0.0 189.270751208 0.0
57853.2201389 149.085174263 0.0 132.888486634 0.0
57853.2208333 190.222681092 0.0 157.704919324 0.0
57853.2212153 332.54986995 0.0 218.084795924 0.0
57853.221331 1471.35607487 0.0 198.388633142 0.0
57853.2214468 485.145175867 0.0 129.48675774 0.0
57853.2215278 130.111585264 0.0 100.759196136 0.0
57853.2215741 93.5352982729 0.0 83.8040477244 0.0
57853.2216898 137.692002713 0.0 86.9287773813 0.0
57853.2218056 87.7000964766 0.0 83.0440675967 0.0
57853.2219329 78.0627365201 0.0 78.1698435651 0.0
57853.2220486 75.1730555651 0.0 75.4401695982 0.0
57853.2221644 76.5849609845 0.0 75.0698006125 0.0
57853.2222222 81.479721557 0.0 80.4954635181 0.0
57853.2222917 87.3111711066 0.0 87.1589056322 0.0
57853.2224074 74.7898122006 0.0 74.4038086122 0.0
57853.2225231 73.7052254525 0.0 73.5213898876 0.0
57853.2226505 74.0289607113 0.0 75.2858448515 0.0
57853.2227662 75.7133042998 0.0 75.6043703962 0.0
57853.2228819 100.956896114 0.0 104.434788792 0.0
57853.2229167 85.1106401868 0.0 86.1094438955 0.0
57853.2230093 75.0011977238 0.0 74.9835781155 0.0
57853.223125 74.3079084755 0.0 74.4010802341 0.0
57853.2232407 79.9117969201 0.0 80.4349399515 0.0
57853.2233565 74.4972207133 0.0 74.8894371323 0.0
57853.2234838 77.6851709852 0.0 77.8038841061 0.0
57853.2235995 73.2654826095 0.0 73.1540707001 0.0
57853.2236111 73.6879293711 0.0 73.6119831481 0.0
57853.2256944 84.0217875911 0.0 84.3347991401 0.0
57853.2257523 81.8482091679 0.0 82.8481486094 0.0
57853.2258681 71.899417515 0.0 71.7613073599 0.0
57853.2259954 77.9881401176 0.0 78.247479723 0.0
57853.2261111 72.6086723402 0.0 72.6225768684 0.0
57853.2262269 71.5224862823 0.0 71.464100729 0.0
57853.2263542 71.9589831432 0.0 71.9323835765 0.0
57853.2263889 71.6760575855 0.0 71.6597692223 0.0
57853.2264699 71.3914759197 0.0 71.3852760098 0.0
57853.2265856 71.7399400543 0.0 71.6991520801 0.0
57853.226713 73.1950947947 0.0 73.0778540188 0.0
57853.2268287 71.4353707977 0.0 71.4626367831 0.0
57853.2269444 71.1348246501 0.0 71.1259609425 0.0
57853.2270718 73.4178420481 0.0 73.5180714927 0.0
57853.2270833 72.2003802483 0.0 72.2597314208 0.0
57853.2271875 71.0284077465 0.0 71.0506788778 0.0
57853.2273032 72.1460152191 0.0 72.2216280141 0.0
57853.2274306 71.1171105431 0.0 71.0602905145 0.0
57853.2275463 71.4326872167 0.0 71.4713397944 0.0
57853.227662 71.6115890621 0.0 71.5146877571 0.0
57853.2277778 73.527967509 0.0 73.2971556679 0.0
57853.2279051 70.9821408313 0.0 70.9074935673 0.0
57853.2280208 71.3327715079 0.0 71.3585778306 0.0
57853.2281366 71.4741625904 0.0 71.443133176 0.0
57853.2282639 72.7285978347 0.0 72.5352867851 0.0
57853.2283796 71.4127056482 0.0 71.4011005097 0.0
57853.2284722 73.1515092394 0.0 73.0864696849 0.0
57853.2284954 75.0432298745 0.0 74.9163312369 0.0
57853.2286227 70.8247822658 0.0 70.7517677376 0.0
57853.2287384 70.9707126003 0.0 71.0336589653 0.0
57853.2288542 71.4537871565 0.0 71.4321387262 0.0
57853.2289815 70.901932174 0.0 70.9729470362 0.0
57853.2290972 72.8011024917 0.0 72.8555855786 0.0
57853.2465278 66.806634663 0.0 66.8316729478 0.0
57853.2465394 66.6166250571 0.0 66.6306165212 0.0
57853.2466667 67.3069416777 0.0 67.2840092741 0.0
57853.2467824 66.6164758299 0.0 66.6939221819 0.0
57853.2468981 66.4361557211 0.0 66.4269025471 0.0
57853.2470255 66.7461742799 0.0 66.7545135702 0.0
57853.2471412 66.5212315881 0.0 66.5472725512 0.0
57853.2472222 66.5950449058 0.0 66.6175823713 0.0
57853.2472569 66.6755589028 0.0 66.6945652359 0.0
57853.2473843 66.2932764162 0.0 66.2756616187 0.0
57853.2475 66.2777313206 0.0 66.2730828542 0.0
57853.2476157 66.3207064272 0.0 66.3184320985 0.0
57853.2477431 66.2195584929 0.0 66.2244845054 0.0
57853.2478588 66.209997591 0.0 66.2062687138 0.0
57853.2479167 66.2119020721 0.0 66.2149610813 0.0
57853.2479745 66.2267180223 0.0 66.2365801125 0.0
57853.2481019 66.4956572717 0.0 66.4800470818 0.0
57853.2482176 66.1450672537 0.0 66.1654368307 0.0
57853.2483333 66.2266022607 0.0 66.2434783733 0.0
57853.2484606 66.1190927645 0.0 66.1249861853 0.0
57853.2485764 66.3537213199 0.0 66.3135946093 0.0
57853.2486111 66.5935695769 0.0 66.6258282125 0.0
57853.2486921 66.8326112538 0.0 66.9391353993 0.0
57853.2488194 66.1670045189 0.0 66.1615871787 0.0
57853.2489352 66.2089107145 0.0 66.2059856735 0.0
57853.2490509 66.2779502776 0.0 66.2547739261 0.0
57853.2491782 66.5092719626 0.0 66.496939516 0.0
57853.249294 66.0766382014 0.0 66.0664869279 0.0
57853.2493056 66.1633175634 0.0 66.1499011337 0.0
57853.2494097 66.2451092232 0.0 66.2284006299 0.0
57853.249537 66.095662838 0.0 66.0986118689 0.0
57853.2496528 65.9772105882 0.0 65.9834738173 0.0
57853.2497685 65.9227181175 0.0 65.9397995826 0.0
57853.2498958 66.1730568358 0.0 66.2505889332 0.0
57853.25 66.0128864314 0.0 66.0607877337 0.0
57853.2520833 65.5940202534 0.0 65.5645264758 0.0
57853.2521644 65.4716969995 0.0 65.4915331703 0.0
57853.2522801 65.5421416266 0.0 65.5130039534 0.0
57853.2523958 65.4865792281 0.0 65.4804504032 0.0
57853.2525231 65.6519943718 0.0 65.6055417248 0.0
57853.2526389 66.2536680041 0.0 66.321038291 0.0
57853.2527546 65.5613813842 0.0 65.5818452546 0.0
57853.2527778 65.4814815578 0.0 65.5017863573 0.0
57853.2528819 65.4058095126 0.0 65.425957364 0.0
57853.2529977 65.4853586689 0.0 65.4694347539 0.0
57853.2531134 65.2713546588 0.0 65.2662387916 0.0
57853.2532407 65.3036934637 0.0 65.3523862916 0.0
57853.2533565 65.5590031346 0.0 65.5794576525 0.0
57853.2534722 65.486095318 0.0 65.4756372936 0.0
57853.2535995 65.2412090783 0.0 65.249355652 0.0
57853.2537153 65.5284422827 0.0 65.5731690785 0.0
57853.253831 65.4591841608 0.0 65.4489051093 0.0
57853.2539583 65.258263086 0.0 65.2671252086 0.0
57853.2540741 65.2989133447 0.0 65.2951689637 0.0
57853.2541667 65.3937606045 0.0 65.4032163735 0.0
57853.2541898 65.4524510313 0.0 65.4752146465 0.0
57853.2543171 65.2785387015 0.0 65.2599895495 0.0
57853.2544329 65.1612020454 0.0 65.1579833942 0.0
57853.2545486 65.1994847602 0.0 65.2004684722 0.0
57853.2546644 65.2273690486 0.0 65.2099961432 0.0
57853.2547917 65.1222591746 0.0 65.1576997522 0.0
57853.2548611 65.2617197521 0.0 65.3031683152 0.0
57853.2549074 65.4297737196 0.0 65.4773413709 0.0
57853.2550231 65.8123272647 0.0 65.7171833465 0.0
57853.2551505 65.2272788027 0.0 65.2043160305 0.0
57853.2552662 65.0312892614 0.0 65.0443273853 0.0
57853.2553819 65.4647461692 0.0 65.3866087131 0.0
57853.2555093 65.5067685739 0.0 65.5899033541 0.0
57853.2840278 62.6195996634 0.0 62.627719917 0.0
57853.2840625 62.635903466 0.0 62.6622159758 0.0
57853.2841898 62.5103253071 0.0 62.5375641195 0.0
57853.2843056 62.5065069653 0.0 62.4860588211 0.0
57853.2844213 63.0911523908 0.0 63.1100761606 0.0
57853.2845486 62.4107583835 0.0 62.4297830526 0.0
57853.2846644 62.5226334218 0.0 62.5501037569 0.0
57853.2847222 62.4806902811 0.0 62.4879311227 0.0
57853.2847801 62.4339160233 0.0 62.4210107816 0.0
57853.2849074 62.3849035745 0.0 62.3921084273 0.0
57853.2850231 62.3835888115 0.0 62.3801749276 0.0
57853.2851389 62.3129161731 0.0 62.3072969402 0.0
57853.2852662 62.3932946477 0.0 62.4035582639 0.0
57853.2853819 62.3076900872 0.0 62.2987835274 0.0
57853.2854167 62.27455767 0.0 62.2641419037 0.0
57853.2854977 62.2574610308 0.0 62.2455360568 0.0
57853.285625 62.5837391021 0.0 62.5860592624 0.0
57853.2857407 62.4262523062 0.0 62.4246324539 0.0
57853.2858565 62.4579667697 0.0 62.4323985684 0.0
57853.2859722 62.3670751118 0.0 62.3639028445 0.0
57853.2860995 62.2862000125 0.0 62.2810850821 0.0
57853.2861111 62.3440626363 0.0 62.3413243684 0.0
57853.2862153 62.3964760624 0.0 62.3961285658 0.0
57853.286331 62.1970452433 0.0 62.2134360327 0.0
57853.2864583 62.2529519461 0.0 62.2614516535 0.0
57853.2865741 62.4133183383 0.0 62.4557446757 0.0
57853.2866898 62.1804713073 0.0 62.1778629256 0.0
57853.2868056 62.2748258448 0.0 62.2648696297 0.0
57853.2868171 62.3826622628 0.0 62.3652857446 0.0
57853.2869329 62.1986734505 0.0 62.197865727 0.0
57853.2870486 62.2369272699 0.0 62.2531774771 0.0
57853.2871759 62.3020668036 0.0 62.3049251504 0.0
57853.2872917 62.5105036134 0.0 62.5131105929 0.0
57853.2874074 62.2034558124 0.0 62.2186975434 0.0
57853.2875 62.4307239666 0.0 62.4327635621 0.0
57853.2895833 61.6195039983 0.0 61.6245544649 0.0
57853.2896875 61.6859685747 0.0 61.6904193291 0.0
57853.2898032 61.6027934756 0.0 61.6063040768 0.0
57853.289919 61.5817773128 0.0 61.5760291266 0.0
57853.2900463 61.7108190676 0.0 61.6703120796 0.0
57853.290162 61.5480482469 0.0 61.5258580436 0.0
57853.2902778 61.7996302416 0.0 61.7924057227 0.0
57853.2903935 61.5542985095 0.0 61.5522721595 0.0
57853.2905208 61.5410859751 0.0 61.5149960579 0.0
57853.2906366 61.5811291631 0.0 61.5637644967 0.0
57853.2907523 61.6841764718 0.0 61.6598815519 0.0
57853.2908796 61.4913725087 0.0 61.5035243218 0.0
57853.2909722 61.5027718725 0.0 61.5316050335 0.0
57853.2909954 61.51151897 0.0 61.5570734766 0.0
57853.2911111 61.5210444645 0.0 61.530559115 0.0
57853.2912384 61.4807666592 0.0 61.5092446466 0.0
57853.2913542 61.4429133993 0.0 61.47399817 0.0
57853.2914699 61.5747355496 0.0 61.6176205074 0.0
57853.2915972 61.4852765221 0.0 61.51840245 0.0
57853.2916667 61.5194496968 0.0 61.5353326228 0.0
57853.291713 61.5679916353 0.0 61.5665748438 0.0
57853.2918287 61.453161961 0.0 61.4352528358 0.0
57853.291956 61.4365156157 0.0 61.4542938126 0.0
57853.2920718 61.5388404018 0.0 61.5481740184 0.0
57853.2921875 61.6029518367 0.0 61.6085694932 0.0
57853.2923148 61.5063887739 0.0 61.5565976805 0.0
57853.2923611 61.5190851931 0.0 61.5457032131 0.0
57853.2924306 61.5290510166 0.0 61.5320796414 0.0
57853.2925463 61.4222689584 0.0 61.4189349957 0.0
57853.2926736 61.5421031084 0.0 61.5159312617 0.0
57853.2927894 61.5298287256 0.0 61.517921462 0.0
57853.2929051 61.5281312897 0.0 61.4857526912 0.0
57853.3090278 60.6559482986 0.0 60.6680960802 0.0
57853.3090394 60.6478464663 0.0 60.6692041978 0.0
57853.3091551 60.5834246061 0.0 60.5813840301 0.0
57853.3092824 60.5883399261 0.0 60.6025762571 0.0
57853.3093981 60.6123769291 0.0 60.606456496 0.0
57853.3095139 60.6342712004 0.0 60.65247084 0.0
57853.3096412 60.667345607 0.0 60.6495637989 0.0
57853.3097222 60.641780523 0.0 60.6365973732 0.0
57853.3097569 60.610423295 0.0 60.6178181725 0.0
57853.3098727 60.5368602506 0.0 60.5366535002 0.0
57853.31 60.5515932573 0.0 60.5482873333 0.0
57853.3101157 60.6899833992 0.0 60.6653327363 0.0
57853.3102315 60.5583708499 0.0 60.5422642622 0.0
57853.3103588 60.5202481984 0.0 60.516588891 0.0
57853.3104167 60.4889833027 0.0 60.4867675612 0.0
57853.3104745 60.4640545118 0.0 60.463278922 0.0
57853.3105903 60.4748346505 0.0 60.4775264954 0.0
57853.3107176 60.4994388321 0.0 60.4958093507 0.0
57853.3108333 60.6030560533 0.0 60.6411427993 0.0
57853.3109491 60.5621026468 0.0 60.5663034616 0.0
57853.3110764 60.6547950619 0.0 60.6476279009 0.0
57853.3111111 60.5560870929 0.0 60.5503157052 0.0
57853.3111921 60.4579053061 0.0 60.4535166636 0.0
57853.3113079 60.6573579791 0.0 60.6575993096 0.0
57853.3114352 60.4564914794 0.0 60.4692457287 0.0
57853.3115509 60.5999229537 0.0 60.5919288437 0.0
57853.3116667 60.4551486228 0.0 60.4397993792 0.0
57853.311794 60.8475258577 0.0 60.8071924035 0.0
57853.3118056 60.6487977704 0.0 60.6236796475 0.0
57853.3119097 60.4505442655 0.0 60.4403630366 0.0
57853.3120255 60.4952897919 0.0 60.4866099728 0.0
57853.3121528 60.4076987395 0.0 60.4124161245 0.0
57853.3122685 60.5401548396 0.0 60.5144866458 0.0
57853.3123843 60.4479118498 0.0 60.4470100253 0.0
57853.3270833 71.6663683118 0.0 71.6311226633 0.0
57853.3305556 59.6121075538 0.0 59.5885803489 0.0
57853.3306713 59.6213934926 0.0 59.6298812425 0.0
57853.330787 59.599357463 0.0 59.6080394746 0.0
57853.3309028 59.6108282026 0.0 59.6100405133 0.0
57853.3310301 59.6254953858 0.0 59.6157427615 0.0
57853.3311458 59.709277872 0.0 59.694800921 0.0
57853.33125 59.7523215951 0.0 59.7387167589 0.0
57853.3312616 59.7955256436 0.0 59.7827958864 0.0
57853.3313889 59.7066642763 0.0 59.7058231917 0.0
57853.3315046 59.7356373867 0.0 59.7330132004 0.0
57853.3316204 59.738253088 0.0 59.7476308735 0.0
57853.3317477 59.7853963356 0.0 59.8145754812 0.0
57853.3318634 59.7864199045 0.0 59.7990587217 0.0
57853.3319444 59.868764502 0.0 59.8913492418 0.0
57853.3319792 59.9241355883 0.0 59.9567290969 0.0
57853.3321065 59.7411910829 0.0 59.7384923897 0.0
57853.3322222 59.7448102014 0.0 59.7572608308 0.0
57853.332338 59.7145466783 0.0 59.7207316516 0.0
57853.3324653 59.7015517554 0.0 59.7071929419 0.0
57853.332581 59.7122493463 0.0 59.7179394989 0.0
57853.3326389 59.7485474217 0.0 59.760068499 0.0
57853.3326968 59.7969252303 0.0 59.8143087564 0.0
57853.3328241 59.6588678823 0.0 59.6651667223 0.0
57853.3329398 59.7407736391 0.0 59.7653495681 0.0
57853.3330556 59.6805877987 0.0 59.6800910355 0.0
57853.3331829 59.7033178978 0.0 59.7010169009 0.0
57853.3332986 59.7341264521 0.0 59.7190287681 0.0
57853.3333333 59.7185363016 0.0 59.7054675637 0.0
57853.3334144 59.6903494461 0.0 59.6793091532 0.0
57853.3335417 59.7719064026 0.0 59.8097526245 0.0
57853.3336574 59.7663759233 0.0 59.778575418 0.0
57853.3337731 59.6118079746 0.0 59.6305787914 0.0
57853.3339005 59.6369550531 0.0 59.6348703109 0.0
57853.3340162 59.6007862532 0.0 59.6041613145 0.0
57853.3340278 59.6825166108 0.0 59.6474851524 0.0
57853.3361111 59.6279943734 0.0 59.6525028813 0.0
57853.336169 59.4999915042 0.0 59.5114661725 0.0
57853.3362847 59.7063852615 0.0 59.712915412 0.0
57853.3364005 59.6141242073 0.0 59.573026178 0.0
57853.3365278 59.5327065654 0.0 59.5347722008 0.0
57853.3366435 59.5611283892 0.0 59.5492478962 0.0
57853.3367593 59.5421429577 0.0 59.5414549453 0.0
57853.3368056 59.5290586689 0.0 59.529335869 0.0
57853.3368866 59.5115785289 0.0 59.5128197534 0.0
57853.3370023 59.5153726696 0.0 59.5087021704 0.0
57853.3371181 59.5046508771 0.0 59.5339031897 0.0
57853.3372454 59.6461636906 0.0 59.6524740895 0.0
57853.3373611 59.7337286213 0.0 59.6786560673 0.0
57853.3374769 59.5311655018 0.0 59.5249760437 0.0
57853.3375 59.5157660961 0.0 59.5177566446 0.0
57853.3376042 59.5027974552 0.0 59.5129626888 0.0
57853.3377199 59.5041812312 0.0 59.5194722087 0.0
57853.3378356 59.4253043577 0.0 59.4285645797 0.0
57853.337963 59.4500994448 0.0 59.4466030232 0.0
57853.3380787 59.436969413 0.0 59.436287914 0.0
57853.3381944 59.404227762 0.0 59.4058775122 0.0
57853.3383218 59.4098235227 0.0 59.4103196339 0.0
57853.3384375 59.4155854301 0.0 59.4101835715 0.0
57853.3385532 59.4198969622 0.0 59.4224608965 0.0
57853.3386806 59.4289604233 0.0 59.4294753384 0.0
57853.3387963 59.4264730486 0.0 59.415765492 0.0
57853.3388889 59.384118904 0.0 59.3813122792 0.0
57853.338912 59.3497225436 0.0 59.3547918285 0.0
57853.3390394 59.3569595751 0.0 59.3666451385 0.0
57853.3391551 59.3771706551 0.0 59.3782121657 0.0
57853.3392708 59.3396542204 0.0 59.3424181004 0.0
57853.3393981 59.3886835096 0.0 59.3974707458 0.0
57853.3395139 59.3732638736 0.0 59.3934454296 0.0
57853.3576389 67.7453753625 0.0 67.7094131639 0.0
57853.3631944 58.7261772636 0.0 58.7385718502 0.0
57853.363287 58.7308573494 0.0 58.74640086 0.0
57853.3634144 58.7237687568 0.0 58.7289546902 0.0
57853.3635301 58.7403920314 0.0 58.7433773799 0.0
57853.3636458 58.7520481856 0.0 58.7387346816 0.0
57853.3637731 58.7448556897 0.0 58.7523073845 0.0
57853.3638889 58.7917077741 0.0 58.7632848554 0.0
57853.3640046 58.7562074933 0.0 58.7723749988 0.0
57853.3641319 58.7811835199 0.0 58.7908254747 0.0
57853.3642477 58.733523298 0.0 58.7450017023 0.0
57853.3643634 58.7671741536 0.0 58.7408728229 0.0
57853.3644907 58.7450216444 0.0 58.7438219305 0.0
57853.3645833 58.7165974065 0.0 58.7326970945 0.0
57853.3646065 58.6984040158 0.0 58.7317861128 0.0
57853.3647222 58.6729128304 0.0 58.6725335144 0.0
57853.3648495 58.6723588754 0.0 58.6672452907 0.0
57853.3649653 58.7204585217 0.0 58.6946761214 0.0
57853.365081 58.6659570705 0.0 58.6690528473 0.0
57853.3652083 58.6693130435 0.0 58.6637579942 0.0
57853.3652778 58.6724606609 0.0 58.6722491984 0.0
57853.3653241 58.6737205485 0.0 58.6788557233 0.0
57853.3654398 58.8219346843 0.0 58.8148606731 0.0
57853.3655671 58.7133359127 0.0 58.7062302316 0.0
57853.3656829 58.6955245909 0.0 58.6911407369 0.0
57853.3657986 58.7094024071 0.0 58.7095285111 0.0
57853.3659259 58.6731806961 0.0 58.662516107 0.0
57853.3659722 58.675592856 0.0 58.66465937 0.0
57853.3660417 58.6871660331 0.0 58.6759617987 0.0
57853.3661574 58.6956938369 0.0 58.6909980661 0.0
57853.3662847 58.692905849 0.0 58.6891555741 0.0
57853.3664005 58.6936376109 0.0 58.6971291717 0.0
57853.3665162 58.7088891481 0.0 58.7165170885 0.0
57853.3666319 58.7446969436 0.0 58.7429140493 0.0
