57850.671280092596 73.79761196678385 0.0 67.87977866051126 0.0
57850.67228009259 73.79761196678385 0.0 67.87977866051126 0.0
57850.67239583333 73.53552514941333 0.0 68.04289999698719 0.0
57850.67251157408 73.76931644660942 0.0 67.78696106922038 0.0
57850.672638888886 73.53026096104922 0.0 67.87348206774129 0.0
57850.67275462963 73.6545950705046 0.0 68.52866583408728 0.0
57850.67287037037 73.507031541207 0.0 67.77984133944251 0.0
57850.67291666667 73.64458271998016 0.0 67.89469124313034 0.0
57850.672997685186 73.77817540438365 0.0 68.00579467957124 0.0
57850.673113425924 73.67647716198162 0.0 68.16433533747689 0.0
57850.67322916666 73.92817103107583 0.0 67.94618163664533 0.0
57850.67334490741 73.72796569145252 0.0 67.98340095935184 0.0
57850.673472222225 73.52744357041118 0.0 67.77672644794819 0.0
57850.67358796296 73.69245207617942 0.0 67.78065954975652 0.0
57850.67361111111 73.712371648184 0.0 67.79055204820212 0.0
57850.6737037037 73.73936917956377 0.0 67.80793001559626 0.0
57850.67383101852 73.31273343696851 0.0 67.7682539173026 0.0
57850.673946759256 73.52979996572819 0.0 67.7341735020071 0.0
57850.6740625 74.13023027078764 0.0 67.73300799462548 0.0
57850.67418981482 73.74529568725045 0.0 67.8411554146891 0.0
57850.674305555556 73.67780607482825 0.0 67.7221867042109 0.0
57850.674421296295 73.3800586126776 0.0 67.8849015908545 0.0
57850.67454861111 73.42076319407202 0.0 67.97646986274 0.0
57850.67466435185 73.39160210814313 0.0 67.74039349605226 0.0
57850.674780092595 73.51200714849242 0.0 68.06489651060964 0.0
57850.67490740741 73.34819603780313 0.0 67.95521029325124 0.0
57850.675 73.51941544925394 0.0 68.15010247241013 0.0
57850.67502314815 73.70514082477558 0.0 68.34125890704678 0.0
57850.67513888889 73.23554973508426 0.0 67.68898682946879 0.0
57850.6752662037 73.13309006188649 0.0 67.67334559484996 0.0
57850.67538194444 73.36851769662516 0.0 67.89565352067834 0.0
57850.67549768519 74.02864998769057 0.0 67.79064842587066 0.0
57850.675625 73.16916422920245 0.0 68.00538891146789 0.0
57850.67569444444 73.22450304372164 0.0 68.01739024690671 0.0
57850.69174768519 72.75727712744616 0.0 66.74888182584036 0.0
57850.691875 72.39042435985577 0.0 66.72063500896854 0.0
57850.69199074074 72.4831644659641 0.0 66.65871847703045 0.0
57850.69210648148 72.50545847038 0.0 66.80816091616353 0.0
57850.6922337963 72.30939914699886 0.0 66.71069674347585 0.0
57850.692349537036 72.57439662856316 0.0 66.70113567249062 0.0
57850.69236111111 72.42928948981896 0.0 66.77038654223891 0.0
57850.692465277774 72.32212958009464 0.0 66.8637350362661 0.0
57850.69259259259 72.35237342340609 0.0 66.69054315268394 0.0
57850.692708333336 72.3723382377549 0.0 66.87646588299953 0.0
57850.692824074074 72.34915673316449 0.0 66.73681131879167 0.0
57850.69295138889 72.42877876921575 0.0 66.75857467022495 0.0
57850.69305555556 72.51040868040945 0.0 66.75312930492473 0.0
57850.69306712963 72.53483226698742 0.0 66.7175037077977 0.0
57850.69318287037 72.39058407002943 0.0 66.80302368905168 0.0
57850.69331018518 72.38999646359986 0.0 66.84612526541834 0.0
57850.69342592593 72.92542192541637 0.0 66.91141436257345 0.0
57850.69354166667 72.58926812552941 0.0 66.64609756767459 0.0
57850.69366898148 72.82737065142473 0.0 67.10629015226516 0.0
57850.69375 72.4861651282505 0.0 67.113279595025 0.0
57850.69378472222 72.20715079547178 0.0 67.14297173196908 0.0
57850.69390046296 72.32132214637672 0.0 66.72882153912205 0.0
57850.694027777776 72.51405213474145 0.0 66.72802418774289 0.0
57850.69414351852 72.51201789358782 0.0 66.87211686495351 0.0
57850.69425925926 72.90085756697242 0.0 67.07080530305268 0.0
57850.694386574076 72.39815951389924 0.0 66.72485351801082 0.0
57850.694444444445 72.45988127922926 0.0 66.76184274718607 0.0
57850.694502314815 72.52379189617707 0.0 66.8042819286309 0.0
57850.69461805555 72.86751893676633 0.0 66.81173092354365 0.0
57850.69474537037 72.37676684544564 0.0 66.73850738516707 0.0
57850.694861111115 72.64337901006533 0.0 66.90328618236926 0.0
57850.69497685185 72.43798036251425 0.0 66.75838673904576 0.0
57850.69510416667 72.5127901476698 0.0 67.00128247280047 0.0
57850.69513888889 72.68639051431843 0.0 67.1202339537043 0.0
57850.711226851854 172.58550762737872 0.0 84.429041360186 0.0
57850.71135416667 137.69015472429393 0.0 198.607745130949 0.0
57850.71146990741 80.82100081043292 0.0 73.27921635088629 0.0
57850.71158564815 75.3216546684949 0.0 68.15953570851258 0.0
57850.71171296296 82.68446657625603 0.0 69.78942026553882 0.0
57850.711805555555 80.43946425107517 0.0 69.8259391558753 0.0
57850.7118287037 78.39102076768742 0.0 69.87791786394325 0.0
57850.71194444445 73.07547752153249 0.0 67.97601462280647 0.0
57850.71207175926 72.9716008115486 0.0 66.97049751196418 0.0
57850.7121875 73.05561035266217 0.0 66.84556817022352 0.0
57850.71230324074 71.81076825240069 0.0 66.2368650526276 0.0
57850.712430555555 71.45953303093997 0.0 65.75847254156685 0.0
57850.7125 71.52268280762404 0.0 65.83921444701478 0.0
57850.712546296294 71.59562992948662 0.0 65.9239099568586 0.0
57850.71266203704 71.59353092982633 0.0 66.05473323691498 0.0
57850.712789351855 72.0882792276248 0.0 65.90801037051567 0.0
57850.712905092594 71.24292246251554 0.0 66.04195131883975 0.0
57850.71302083333 71.70409556643192 0.0 66.1921897205403 0.0
57850.71314814815 71.41929716120147 0.0 66.2305932103888 0.0
57850.71319444444 71.42403868446533 0.0 66.0649481192561 0.0
57850.71326388889 71.42663036991175 0.0 65.8967985565308 0.0
57850.71337962963 71.33451771758186 0.0 65.97342422521359 0.0
57850.71350694444 72.16848104262691 0.0 65.94211008907737 0.0
57850.71362268519 72.14154961601531 0.0 66.10185743986322 0.0
57850.713738425926 71.6236478196971 0.0 65.888542638307 0.0
57850.713854166665 71.65251799483393 0.0 65.89662342639416 0.0
57850.71388888889 71.54880998311572 0.0 65.84595632990684 0.0
57850.71398148148 71.44455083489572 0.0 65.80082805709971 0.0
57850.71409722222 71.74610353879854 0.0 65.93609338594455 0.0
57850.714212962965 71.3976196942167 0.0 65.78223192473786 0.0
57850.71434027778 71.3095661324622 0.0 65.79436643816855 0.0
57850.71445601852 71.68221036631056 0.0 65.82793518712249 0.0
57850.71457175926 71.8563975509488 0.0 65.87387154251677 0.0
57850.714583333334 71.95690665252363 0.0 66.44819064504316 0.0
57850.73274305555 70.8226805267917 0.0 65.11098399655775 0.0
57850.7328587963 70.72939132355093 0.0 65.10150772447594 0.0
57850.73297453704 70.53294423884488 0.0 65.17135796498336 0.0
57850.73310185185 70.92787321638792 0.0 65.06782605097546 0.0
57850.73321759259 70.47631029643934 0.0 65.37255853949729 0.0
57850.73333333333 70.45887641738264 0.0 64.86528805146864 0.0
57850.733460648145 70.70008361381194 0.0 64.9286311961064 0.0
57850.73357638889 70.43415124071561 0.0 64.86777787160587 0.0
57850.73369212963 70.52010508358592 0.0 64.8472751393611 0.0
57850.733819444446 71.04101502653238 0.0 64.94678816538968 0.0
57850.733935185184 70.74003578596776 0.0 65.27702912204262 0.0
57850.73402777778 70.94172225143677 0.0 65.21131148044793 0.0
57850.73405092592 71.10258636646067 0.0 65.11233694930631 0.0
57850.73417824074 70.82312212123948 0.0 65.31617305843936 0.0
57850.734293981484 71.30372427159749 0.0 65.41039918850825 0.0
57850.73440972222 70.64682815243725 0.0 65.0640116731208 0.0
57850.73453703704 70.82801266448183 0.0 65.04718996236501 0.0
57850.73465277778 70.73186425508662 0.0 64.93083573310912 0.0
57850.73472222222 70.59359559478466 0.0 64.90200528489085 0.0
57850.734768518516 70.48784176721543 0.0 64.88964244006897 0.0
57850.73489583333 70.76344480026393 0.0 64.92362842602067 0.0
57850.73501157408 70.59933156907366 0.0 65.19836103001363 0.0
57850.735127314816 70.58726157034285 0.0 64.86555492709518 0.0
57850.73525462963 70.65086360406362 0.0 65.08582726677137 0.0
57850.73537037037 71.10722225625186 0.0 64.9704599491184 0.0
57850.73541666667 71.16570227293482 0.0 65.00976624323457 0.0
57850.73548611111 71.18420716703952 0.0 65.03538500693296 0.0
57850.735613425924 70.56475179577974 0.0 64.83041661905312 0.0
57850.73572916666 70.45398048371717 0.0 64.86113134998494 0.0
57850.73584490741 70.61650236311623 0.0 64.87682158521639 0.0
57850.735972222225 70.47466492293525 0.0 65.09719828840562 0.0
57850.73608796296 70.60549754799551 0.0 64.84490278348792 0.0
57850.73611111111 71.08899282589394 0.0 65.03708821126604 0.0
57850.75209490741 70.9787074903453 0.0 64.96480937399878 0.0
57850.752222222225 70.92790306360396 0.0 65.39439901092447 0.0
57850.752337962964 70.33567983605477 0.0 64.47466395414558 0.0
57850.7524537037 70.28724663834826 0.0 65.00560709661899 0.0
57850.75258101852 70.77176067472111 0.0 65.0805934591872 0.0
57850.75269675926 71.20866054771709 0.0 65.502067944455 0.0
57850.75277777778 70.97102136083431 0.0 65.00312854009412 0.0
57850.7528125 70.74092035024707 0.0 64.52084329114119 0.0
57850.75293981482 70.3537985541648 0.0 64.72755214744336 0.0
57850.75305555556 70.35583141431846 0.0 64.91292597010245 0.0
57850.753171296295 72.33586092665242 0.0 65.73623789813348 0.0
57850.75329861111 70.73829108057389 0.0 65.20949989840437 0.0
57850.75341435185 71.80447594683774 0.0 65.7265100549238 0.0
57850.75347222222 71.0749542806747 0.0 65.27932253784502 0.0
57850.753530092596 70.3537803532973 0.0 64.83138237767263 0.0
57850.753657407404 70.96153181830279 0.0 65.21516692457361 0.0
57850.75377314815 70.89720053711571 0.0 65.17424300289187 0.0
57850.75388888889 70.7759350132515 0.0 65.02322609652646 0.0
57850.75400462963 71.98176684411129 0.0 65.666845401618 0.0
57850.75413194444 70.53815371130719 0.0 65.1675750968225 0.0
57850.754166666666 70.89492194790823 0.0 65.39520019083969 0.0
57850.75424768519 71.25394019982333 0.0 65.62150194867533 0.0
57850.75436342593 71.57541613570962 0.0 65.10634495961203 0.0
57850.75449074074 70.22136444131515 0.0 64.4256717543558 0.0
57850.75460648148 70.11828079752098 0.0 65.1832822508962 0.0
57850.75472222222 70.20136774308604 0.0 64.49546794155385 0.0
57850.754849537036 70.08156788343138 0.0 64.86572457777682 0.0
57850.75486111111 80.68510425103261 0.0 74.66801106230164 0.0
57850.754965277774 97.99630322109094 0.0 90.75900112936458 0.0
57850.75508101852 69.73883959459033 0.0 65.77077151744534 0.0
57850.755208333336 82.33003868576766 0.0 69.62252692196687 0.0
57850.755324074074 97.3424931055292 0.0 80.61006949506991 0.0
57850.75543981481 96.15466720341765 0.0 80.60444258848268 0.0
57850.75555555556 93.54875824937496 0.0 74.3423862275082 0.0
57850.756555555556 93.54875824937496 0.0 74.3423862275082 0.0
