57849.2027778 89.6670073048 0.0 99.96002503 0.0
57849.2027894 90.2466034707 0.0 92.4434443268 0.0
57849.2029051 89.7337220837 0.0 92.4219386347 0.0
57849.2030324 93.5987099323 0.0 95.3044565222 0.0
57849.2031481 113.077294007 0.0 114.53000203 0.0
57849.2032639 134.603522837 0.0 133.747584767 0.0
57849.2033912 117.049682298 0.0 106.756626047 0.0
57849.2034722 104.643703222 0.0 100.924722358 0.0
57849.2035069 95.4115698278 0.0 95.8713679208 0.0
57849.2036227 93.0019810434 0.0 90.9331966006 0.0
57849.20375 90.1053212247 0.0 88.6242337343 0.0
57849.2038657 101.808540329 0.0 95.1858105759 0.0
57849.2039815 94.9737119155 0.0 93.6624968064 0.0
57849.2041088 108.570868869 0.0 107.68835587 0.0
57849.2041667 99.6395563318 0.0 101.72673448 0.0
57849.2042245 92.6268492717 0.0 96.6898529475 0.0
57849.2043403 102.246269198 0.0 101.669077964 0.0
57849.2044676 91.6557592408 0.0 91.6605817077 0.0
57849.2045833 91.7655433646 0.0 95.3772292846 0.0
57849.2046991 105.108823507 0.0 102.406874423 0.0
57849.2048264 107.734295032 0.0 101.698461178 0.0
57849.2048611 98.3785419591 0.0 95.0453272129 0.0
57849.2049421 91.0893027528 0.0 89.5381851558 0.0
57849.2050579 96.8247787191 0.0 98.9218325346 0.0
57849.2051852 89.3557420483 0.0 88.4541963222 0.0
57849.2053009 88.1109543927 0.0 87.5609466657 0.0
57849.2054167 91.2497730518 0.0 91.0180122668 0.0
57849.205544 90.5234504976 0.0 87.8174089574 0.0
57849.2055556 90.2154017117 0.0 89.742143762 0.0
57849.2056597 89.8489697604 0.0 91.741060758 0.0
57849.2057755 92.2038415089 0.0 98.1793258889 0.0
57849.2058912 88.9124924012 0.0 90.3488372864 0.0
57849.2060185 95.0858676145 0.0 93.9119565817 0.0
57849.2061343 96.2483485209 0.0 100.534959303 0.0
57849.20625 123.456003924 0.0 112.251412298 0.0
57849.2063773 91.4051355669 0.0 90.1025308135 0.0
57849.2064931 90.0117643478 0.0 89.2623967693 0.0
57849.2066088 97.3078727699 0.0 92.5929626592 0.0
57849.2067361 130.023176249 0.0 136.883604095 0.0
57849.2068519 93.4074981466 0.0 88.7411128114 0.0
57849.2069444 103.678877916 0.0 104.515738365 0.0
57849.2229167 95.0184153941 0.0 94.2644762888 0.0
57849.225 84.166974307 0.0 84.2845448525 0.0
57849.2250116 80.5564718195 0.0 79.8548177194 0.0
57849.2251389 79.4611630547 0.0 80.1564717537 0.0
57849.2252546 79.8171974326 0.0 81.7217758312 0.0
57849.2253704 79.300709814 0.0 79.3013570628 0.0
57849.2254977 79.2812463827 0.0 79.5236391962 0.0
57849.2256134 90.9501383451 0.0 93.6881951102 0.0
57849.2256944 86.4416430374 0.0 86.6957851282 0.0
57849.2257292 82.5550604264 0.0 81.0766925448 0.0
57849.2258565 86.0718433055 0.0 86.1936472485 0.0
57849.2259722 82.8979004378 0.0 81.9177708864 0.0
57849.226088 81.7598490336 0.0 80.2878093548 0.0
57849.2262153 84.3765102857 0.0 87.5945423186 0.0
57849.226331 82.1972158957 0.0 82.3771126891 0.0
57849.2263889 80.972574709 0.0 81.1520307817 0.0
57849.2264468 79.7541655338 0.0 79.9330009946 0.0
57849.2265741 81.2979336945 0.0 81.6071190767 0.0
57849.2266898 83.844374039 0.0 85.6875531685 0.0
57849.2268056 79.9243221429 0.0 80.0438570348 0.0
57849.2269329 79.506177521 0.0 79.257575865 0.0
57849.2270486 79.1875797079 0.0 78.823115385 0.0
57849.2270833 80.1907223187 0.0 79.787063281 0.0
57849.2271644 81.2719638805 0.0 80.8259359921 0.0
57849.2272917 81.0142478518 0.0 80.1061526289 0.0
57849.2274074 80.8039583746 0.0 80.7561238978 0.0
57849.2275231 79.7669028858 0.0 79.7973105374 0.0
57849.2276505 79.275656459 0.0 79.3048935375 0.0
57849.2277662 79.5776108274 0.0 78.9466395548 0.0
57849.2277778 79.3861612562 0.0 79.3104150412 0.0
57849.2278819 79.2130190688 0.0 79.6967656119 0.0
57849.2280093 85.8035797563 0.0 84.6059729038 0.0
57849.228125 81.9504150935 0.0 81.8325593086 0.0
57849.2282407 79.3122501383 0.0 79.3302921147 0.0
57849.2283565 79.9136392864 0.0 81.2449004861 0.0
57849.2284722 79.7251671055 0.0 81.0809768688 0.0
57849.2284838 79.4911922102 0.0 80.870398206 0.0
57849.2285995 81.8949386531 0.0 81.5175426764 0.0
57849.2287153 79.1765610392 0.0 79.0648249729 0.0
57849.2288426 78.8457125023 0.0 79.6593852035 0.0
57849.2289583 78.4263933252 0.0 78.745678364 0.0
57849.2290741 78.2589808904 0.0 79.1485783006 0.0
57849.2291667 78.6683494297 0.0 79.4826087644 0.0
57849.2319444 78.971391073 0.0 77.8469307744 0.0
57849.2320718 77.8107168454 0.0 78.0079529151 0.0
57849.2321875 79.4014797658 0.0 80.7408137933 0.0
57849.2323032 81.879155351 0.0 79.3757620688 0.0
57849.2324306 79.4313464572 0.0 80.9774230635 0.0
57849.2325463 77.7062085357 0.0 78.5872216648 0.0
57849.2326389 77.6007214657 0.0 78.1262400094 0.0
57849.232662 77.4965965704 0.0 77.6738243619 0.0
57849.2327778 78.7964326921 0.0 79.1793458106 0.0
57849.2329051 80.3098766653 0.0 79.0330654536 0.0
57849.2330208 78.0046572456 0.0 77.6372838976 0.0
57849.2331366 78.4635036625 0.0 78.5949964692 0.0
57849.2332639 77.9647780668 0.0 77.9398372272 0.0
57849.2333333 78.0428912201 0.0 77.8052208917 0.0
57849.2333796 78.1051967925 0.0 77.655120694 0.0
57849.2334954 77.8772702334 0.0 78.3672481908 0.0
57849.2336227 77.3962409875 0.0 77.3432242346 0.0
57849.2337384 79.1957916054 0.0 78.5420921545 0.0
57849.2338542 79.9209838528 0.0 79.1964898401 0.0
57849.2339815 79.0438086317 0.0 78.8551072474 0.0
57849.2479167 76.8390506448 0.0 76.7644250483 0.0
57849.25 76.5336698258 0.0 76.4569237741 0.0
57849.2506944 76.4591589935 0.0 76.4042894346 0.0
57849.2513889 76.3755549374 0.0 76.3425501801 0.0
57849.2520833 76.2913445353 0.0 76.2801838488 0.0
57849.2527778 76.2850526512 0.0 76.2957257191 0.0
57849.2534722 76.0496208472 0.0 76.0820533503 0.0
57849.2540509 75.9666443316 0.0 76.0208370054 0.0
57849.2541667 76.5524588436 0.0 76.7015998986 0.0
57849.2569444 96.4491795922 0.0 97.0459980988 0.0
57849.257037 95.4239488022 0.0 95.6915909681 0.0
57849.2571644 94.4597399107 0.0 94.6164811383 0.0
57849.2572801 83.9404013274 0.0 83.9801186591 0.0
57849.2573958 81.2488323301 0.0 81.1937787395 0.0
57849.2575231 80.8819174971 0.0 80.8459980024 0.0
57849.2576389 81.7427902876 0.0 81.5877473276 0.0
57849.2577546 84.3676077651 0.0 84.0309391415 0.0
57849.2578819 81.2279869688 0.0 81.232044576 0.0
57849.2579977 80.717752434 0.0 80.799794319 0.0
57849.2581134 80.974057432 0.0 81.0870879302 0.0
57849.2582407 101.951604696 0.0 102.782203051 0.0
57849.2583333 94.653857502 0.0 94.9406851934 0.0
57849.2583565 88.7533044005 0.0 88.6820281004 0.0
57849.2584722 88.754616432 0.0 89.1868110261 0.0
57849.2585995 94.7274263558 0.0 95.4336756392 0.0
57849.2587153 84.847098212 0.0 84.3165912855 0.0
57849.258831 88.1307146062 0.0 88.4768645918 0.0
57849.2589583 90.0859866627 0.0 89.1201505497 0.0
57849.2701389 73.2060640726 0.0 73.0514187473 0.0
57849.2722222 71.7135627967 0.0 71.6399292225 0.0
57849.272338 71.5257350539 0.0 71.70676413 0.0
57849.2724537 71.4688431066 0.0 71.6094533494 0.0
57849.272581 71.3050877217 0.0 71.2634668817 0.0
57849.2726968 72.8244702967 0.0 71.9626069984 0.0
57849.2728125 71.6889416019 0.0 71.1010150349 0.0
57849.2729167 71.5531304556 0.0 71.3517520037 0.0
57849.2729398 71.4245570445 0.0 71.6122229232 0.0
57849.2730556 71.9975155682 0.0 71.5286424938 0.0
57849.2731713 72.356164264 0.0 71.6811062205 0.0
57849.273287 72.2106311979 0.0 71.8014966418 0.0
57849.2734144 72.2907105996 0.0 71.4231858713 0.0
57849.2735301 71.3558231821 0.0 71.0665471794 0.0
57849.2736111 71.2385241355 0.0 71.1578429198 0.0
57849.2736458 71.1485217837 0.0 71.2764943723 0.0
57849.2737731 71.1175229391 0.0 71.1913932017 0.0
57849.2738889 71.6065171964 0.0 71.0557528917 0.0
57849.2740046 72.2040916084 0.0 71.4197547461 0.0
57849.2741319 71.4288573827 0.0 71.3752883357 0.0
57849.2742477 71.4664581465 0.0 71.3661642727 0.0
57849.2743056 71.4261235473 0.0 71.4433481438 0.0
57849.2743634 71.3572688799 0.0 71.4920969548 0.0
57849.2744907 71.5368937332 0.0 71.8332422699 0.0
57849.2746065 71.7554378845 0.0 71.1577510184 0.0
57849.2747222 71.2512949567 0.0 71.5711933672 0.0
57849.2748495 71.4380956843 0.0 72.1537854724 0.0
57849.2749653 73.4677745341 0.0 72.0139238064 0.0
57849.275 72.3543005425 0.0 72.1924147608 0.0
57849.275081 71.3024407577 0.0 72.386447074 0.0
57849.2752083 71.3927163512 0.0 71.3888384903 0.0
57849.2753241 71.5146413541 0.0 72.1468967455 0.0
57849.2754398 72.4120380876 0.0 74.5447681732 0.0
57849.2755671 71.4748513814 0.0 72.5281245104 0.0
57849.2756829 70.9886816965 0.0 71.0511796876 0.0
57849.2756944 71.3978655913 0.0 71.5347575169 0.0
57849.2757986 71.8177354001 0.0 72.0319211947 0.0
57849.2759259 71.2674407145 0.0 71.3422465584 0.0
57849.2760417 71.4943222431 0.0 71.4319325862 0.0
57849.2761574 71.5295425122 0.0 72.773609097 0.0
57849.2762847 71.9656244328 0.0 70.9531424392 0.0
57849.2763889 71.3824642612 0.0 70.9686812052 0.0
57849.2791667 75.6599643008 0.0 75.6753291569 0.0
57849.2792708 75.4954996208 0.0 75.4738635489 0.0
57849.2793866 75.3220858314 0.0 75.3321473675 0.0
57849.2795023 75.5596174951 0.0 75.5822037189 0.0
57849.2796296 76.4778874447 0.0 76.515671715 0.0
57849.2797454 76.5813514767 0.0 76.4437212333 0.0
57849.2798611 75.6751593061 0.0 75.6168937209 0.0
57849.2799884 75.2866151451 0.0 75.3159240466 0.0
57849.2801042 75.550953131 0.0 75.5091819847 0.0
57849.2802199 75.126039853 0.0 75.1721719056 0.0
57849.2803472 74.9414214904 0.0 74.9542009363 0.0
57849.280463 75.597641028 0.0 75.6403611903 0.0
57849.2805556 75.6175281466 0.0 75.6075069289 0.0
57849.2805787 75.6529474112 0.0 75.5901681636 0.0
57849.280706 77.5744099559 0.0 77.7569075452 0.0
57849.2808218 75.999754493 0.0 76.0095791792 0.0
57849.2809375 75.4466451673 0.0 75.5384079459 0.0
57849.2810648 75.4504420729 0.0 75.5324159749 0.0
57849.2811806 75.5995744366 0.0 75.5383715406 0.0
57849.2951389 70.7157744566 0.0 70.6388721739 0.0
57849.2972222 69.8550518216 0.0 69.9642102364 0.0
57849.2973148 69.7436377385 0.0 70.2982475173 0.0
57849.2974306 69.3772756888 0.0 69.5729853535 0.0
57849.2975463 69.2136227776 0.0 69.2795961593 0.0
57849.2976736 69.6287442512 0.0 69.613023803 0.0
57849.2977894 69.5565057633 0.0 69.2611972752 0.0
57849.2979051 69.3485436184 0.0 69.1475422991 0.0
57849.2979167 69.4917099084 0.0 69.1998240821 0.0
57849.2980324 69.6596474726 0.0 69.2758865263 0.0
57849.2981481 70.7302423154 0.0 69.9707159317 0.0
57849.2982639 70.1814178611 0.0 70.2768737495 0.0
57849.2983912 70.3867666682 0.0 69.9422589069 0.0
57849.2985069 69.5370890892 0.0 69.3958128924 0.0
57849.2986111 69.366131462 0.0 69.3481347406 0.0
57849.2986227 69.1690704867 0.0 69.2731064555 0.0
57849.29875 69.829077167 0.0 70.2608961514 0.0
57849.2988657 69.3965253237 0.0 69.3522018612 0.0
57849.2989815 69.3261978404 0.0 69.270016147 0.0
57849.2991088 69.6919925816 0.0 69.4891157736 0.0
57849.2992245 69.7558933353 0.0 69.8783059755 0.0
57849.2993056 69.6920938629 0.0 69.5799403133 0.0
57849.2993403 69.6487337214 0.0 69.305254202 0.0
57849.2994676 69.6433678967 0.0 69.2242229498 0.0
57849.2995833 69.114094619 0.0 69.122752506 0.0
57849.2996991 69.6176225822 0.0 69.2359388107 0.0
57849.2998264 69.3330902816 0.0 70.0329195664 0.0
57849.2999421 70.2536341053 0.0 70.001201104 0.0
57849.3 70.5613819167 0.0 70.4648393385 0.0
57849.3000579 70.8661277833 0.0 70.9307312876 0.0
57849.3001736 70.9897860541 0.0 70.1849227755 0.0
57849.3003009 70.6000668201 0.0 70.4666384256 0.0
57849.3004167 72.0209173921 0.0 70.9724547835 0.0
57849.3005324 69.352856704 0.0 69.9981876408 0.0
57849.3006597 69.3022568319 0.0 69.5484302051 0.0
57849.3006944 69.3241212061 0.0 69.4917894287 0.0
57849.3007755 69.3402473388 0.0 69.4294848821 0.0
57849.3008912 69.151844791 0.0 69.0368502251 0.0
57849.3010185 69.4186166601 0.0 69.4935778184 0.0
57849.3011343 69.4719612722 0.0 69.3166890727 0.0
57849.30125 69.5567425704 0.0 69.061993028 0.0
57849.3013773 69.1944668091 0.0 68.9623217707 0.0
57849.3013889 69.4192086962 0.0 69.5632958535 0.0
57849.3041667 72.0648763685 0.0 72.0776900643 0.0
57849.3042477 72.0324356731 0.0 72.0492048464 0.0
57849.3043634 71.958583727 0.0 71.9967430722 0.0
57849.3044792 71.7816400899 0.0 71.8236444912 0.0
57849.3045949 71.7997514759 0.0 71.8188706678 0.0
57849.3047222 72.1817677534 0.0 72.052557498 0.0
57849.304838 71.6428454488 0.0 71.659967269 0.0
57849.3048611 71.8510374107 0.0 71.8774429846 0.0
57849.3049537 72.0956708895 0.0 72.1315531512 0.0
57849.305081 72.0510525045 0.0 72.1575611145 0.0
57849.3051968 72.2572123044 0.0 72.3032798495 0.0
57849.3053125 72.0761949675 0.0 72.2169208635 0.0
57849.3054398 71.8120954993 0.0 71.9133005361 0.0
57849.3055556 71.93729017 0.0 71.9536309786 0.0
57849.3056713 72.4352669423 0.0 72.3884331506 0.0
57849.3057986 71.82337215 0.0 71.8639607453 0.0
57849.3059144 71.6340982773 0.0 71.6360220908 0.0
57849.3060301 71.9431611691 0.0 71.9292740614 0.0
57849.3061574 71.7444883528 0.0 71.7629149561 0.0
57849.3173611 69.3994343277 0.0 69.5245111238 0.0
57849.3194444 69.7655280278 0.0 70.8659544916 0.0
57849.319537 68.8676709567 0.0 68.928270782 0.0
57849.3196528 68.3859254306 0.0 68.5546460059 0.0
57849.3197801 68.2673904291 0.0 68.3845782834 0.0
57849.3198958 68.5315665442 0.0 69.1371391945 0.0
57849.3200116 68.5505797204 0.0 68.7327994192 0.0
57849.3201389 69.2717033355 0.0 69.1423974997 0.0
57849.3202546 68.3311481171 0.0 68.2010371255 0.0
57849.3203704 68.2318607397 0.0 68.381707905 0.0
57849.3204977 68.8166629967 0.0 68.4499304455 0.0
57849.3206134 68.4293435231 0.0 68.5824302063 0.0
57849.3207292 68.4507857004 0.0 68.6585473339 0.0
57849.3208333 68.4148943652 0.0 69.0635389623 0.0
57849.3208565 68.3578271378 0.0 69.4539385996 0.0
57849.3209722 68.4098556715 0.0 68.6342395893 0.0
57849.321088 68.9471686003 0.0 69.4518688877 0.0
57849.3212153 69.1215233628 0.0 68.2592757873 0.0
57849.321331 68.3498072931 0.0 68.6240091586 0.0
57849.3214468 68.1515358668 0.0 68.3143505129 0.0
57849.3215278 68.3166682882 0.0 68.2671315276 0.0
57849.3215741 68.483279609 0.0 68.220143257 0.0
57849.3216898 68.6516241614 0.0 68.0684624551 0.0
57849.3218056 68.6431999764 0.0 68.4016923329 0.0
57849.3219329 68.5729526344 0.0 68.0560266325 0.0
57849.3220486 68.3682647579 0.0 68.2551711667 0.0
57849.3221644 69.2238437173 0.0 68.9952488364 0.0
57849.3222222 68.6981703395 0.0 68.6042652027 0.0
57849.3222917 68.2001548239 0.0 68.2358062603 0.0
57849.3224074 68.1248787815 0.0 68.1896907457 0.0
57849.3225231 68.033530902 0.0 68.3202061545 0.0
57849.3226389 68.2268501252 0.0 68.7842025323 0.0
57849.3227662 69.3094956986 0.0 69.7899331996 0.0
57849.3228819 68.1943120355 0.0 68.2190173339 0.0
57849.3229167 68.3944302703 0.0 68.3995164164 0.0
57849.3229977 68.5740213419 0.0 68.5591671843 0.0
57849.323125 67.9975084544 0.0 68.4481558846 0.0
57849.3232407 67.9330598383 0.0 68.3312528496 0.0
57849.3233565 67.9832941685 0.0 68.079222403 0.0
57849.3234838 68.2246689182 0.0 69.9256435079 0.0
57849.3235995 67.8765808803 0.0 68.6027503676 0.0
57849.3236111 73.8189409569 0.0 68.6115956672 0.0
57849.3263889 70.7878580902 0.0 70.8360398314 0.0
57849.3264699 70.8363971769 0.0 70.8814452025 0.0
57849.3265856 70.1239184587 0.0 70.1017133671 0.0
57849.326713 70.3493828544 0.0 70.2706867976 0.0
57849.3268287 70.7075809019 0.0 70.6990272564 0.0
57849.3269444 71.5074550309 0.0 71.4122259211 0.0
57849.3270602 71.5786703704 0.0 71.572140872 0.0
57849.3270833 71.0592500946 0.0 71.0386251697 0.0
57849.3271875 70.584578854 0.0 70.5504495521 0.0
57849.3273032 72.6434259999 0.0 72.7591554858 0.0
57849.327419 71.2570064836 0.0 71.2223902505 0.0
57849.3275463 72.3187240623 0.0 72.4255262597 0.0
57849.327662 78.0560814287 0.0 77.5906149222 0.0
57849.3277778 70.7168926778 0.0 70.702684751 0.0
57849.3279051 70.8857463035 0.0 70.8093589365 0.0
57849.3280208 70.3296638837 0.0 70.3493074806 0.0
57849.3281366 71.3649943249 0.0 71.4220484304 0.0
57849.3282639 70.5169809195 0.0 70.5198374147 0.0
57849.3283796 73.1068399878 0.0 73.2455048928 0.0
