57853.0777778 262.163823076 0.0 231.9762639 0.0
57853.0784722 262.787257791 0.0 232.574523736 0.0
57853.0791667 264.3050186 0.0 234.188291433 0.0
57853.0798611 263.995277408 0.0 234.121735456 0.0
57853.0805556 262.831732256 0.0 232.831247066 0.0
57853.08125 260.014984583 0.0 229.963294643 0.0
57853.0819444 262.767488946 0.0 232.95950264 0.0
57853.0826389 267.406981035 0.0 237.371975063 0.0
57853.0833333 270.94351738 0.0 240.535117721 0.0
57853.0840278 267.251523145 0.0 237.295366388 0.0
57853.0847222 261.821789297 0.0 231.735406663 0.0
57853.0854167 256.591038501 0.0 226.560963385 0.0
57853.1090278 236.500459899 0.0 207.376938943 0.0
57853.1097222 237.87478972 0.0 208.451308588 0.0
57853.1104167 238.719527871 0.0 209.495373907 0.0
57853.1111111 241.214459733 0.0 211.972799039 0.0
57853.1118056 238.920733473 0.0 209.792723928 0.0
57853.1125 235.333419178 0.0 205.956747445 0.0
57853.1131944 233.705331172 0.0 204.59653042 0.0
57853.1138889 236.291697344 0.0 207.301775135 0.0
57853.1145833 235.972703682 0.0 207.126286843 0.0
57853.1152778 236.846160822 0.0 208.008491335 0.0
57853.1159722 231.095639953 0.0 202.369085468 0.0
57853.1347222 207.527184888 0.0 179.095853317 0.0
57853.1354167 208.388996893 0.0 180.093770669 0.0
57853.1361111 206.240308706 0.0 177.844233611 0.0
57853.1368056 204.793212144 0.0 176.429228665 0.0
57853.1375 204.970697938 0.0 176.82627765 0.0
57853.1381944 204.437778296 0.0 176.01652815 0.0
57853.1388889 201.597515961 0.0 173.18258513 0.0
57853.1395833 203.118543853 0.0 174.54951294 0.0
57853.1402778 202.45249563 0.0 173.886065101 0.0
57853.1409722 201.784248932 0.0 173.220076219 0.0
57853.1416667 201.113781842 0.0 172.55151687 0.0
57853.1423611 200.434592758 0.0 171.880357059 0.0
57853.1555556 197.359188665 0.0 169.030850946 0.0
57853.15625 197.234121544 0.0 168.515288913 0.0
57853.1569444 198.461615903 0.0 169.460565079 0.0
57853.1576389 197.760185349 0.0 168.877116625 0.0
57853.1583333 197.056258036 0.0 168.299362223 0.0
57853.1590278 196.138037795 0.0 167.192244896 0.0
57853.1597222 197.076028575 0.0 168.214458047 0.0
57853.1604167 195.806689723 0.0 166.982384949 0.0
57853.1611111 195.654081175 0.0 166.780048014 0.0
57853.1618056 194.589144263 0.0 165.86647736 0.0
57853.1625 193.202672671 0.0 164.553705756 0.0
57853.1631944 192.097107478 0.0 163.588015946 0.0
57853.1638889 193.276600125 0.0 164.71935992 0.0
57853.1645833 193.249720687 0.0 164.947846933 0.0
57853.1652778 193.142165526 0.0 164.861216722 0.0
57853.1659722 193.545189193 0.0 165.231046421 0.0
57853.1666667 193.363932494 0.0 164.758776839 0.0
57853.1673611 195.17557863 0.0 166.865682044 0.0
57853.1680556 192.441591746 0.0 164.23771179 0.0
57853.16875 192.272804028 0.0 163.905262469 0.0
57853.1694444 190.385801064 0.0 162.088640172 0.0
57853.1701389 191.650385155 0.0 163.166714202 0.0
57853.1708333 193.79330266 0.0 165.490220216 0.0
57853.1715278 192.313326591 0.0 163.564197651 0.0
57853.1722222 192.502319095 0.0 163.97655835 0.0
57853.1729167 192.509065396 0.0 163.984478201 0.0
57853.1736111 192.205247438 0.0 163.754647005 0.0
57853.1743056 191.324841056 0.0 163.071174008 0.0
57853.1881944 188.892878321 0.0 160.194686748 0.0
57853.1888889 189.982911057 0.0 161.261262569 0.0
57853.1895833 189.78456686 0.0 161.051738077 0.0
57853.1902778 189.620263041 0.0 160.825791044 0.0
57853.1909722 188.65208822 0.0 159.959410436 0.0
57853.1916667 191.806179227 0.0 162.400818883 0.0
57853.1923611 235.051804182 0.0 203.156903089 0.0
57853.1930556 231.993058562 0.0 200.285510495 0.0
57853.19375 230.724437877 0.0 199.19317779 0.0
57853.1944444 228.24570948 0.0 196.865040461 0.0
57853.1951389 226.452024677 0.0 194.995837451 0.0
57853.1958333 226.119150294 0.0 194.855924131 0.0
57853.1965278 225.96402426 0.0 194.91589928 0.0
57853.1972222 224.68448296 0.0 193.457938648 0.0
57853.1979167 223.502229862 0.0 192.407846048 0.0
57853.1986111 221.400500944 0.0 190.303926432 0.0
57853.1993056 221.605710461 0.0 190.426725179 0.0
57853.2 222.091592197 0.0 190.944338119 0.0
57853.2006944 221.107014109 0.0 190.085421673 0.0
57853.2145833 193.464651625 0.0 164.33257378 0.0
57853.2152778 193.947375377 0.0 164.632609479 0.0
57853.2159722 193.800004021 0.0 164.506345356 0.0
57853.2166667 193.424370266 0.0 164.277244276 0.0
57853.2173611 193.491501206 0.0 164.158618257 0.0
57853.2180556 193.384080517 0.0 164.324670706 0.0
57853.21875 193.397511366 0.0 164.308863417 0.0
57853.2194444 192.879748555 0.0 163.873565454 0.0
57853.2201389 193.135441339 0.0 164.031989278 0.0
57853.2208333 192.994179308 0.0 163.905262469 0.0
57853.2215278 230.943856673 0.0 199.844095078 0.0
57853.2222222 230.775091501 0.0 199.395189406 0.0
57853.2229167 228.211567368 0.0 196.686843194 0.0
57853.2236111 227.053400664 0.0 196.065189265 0.0
57853.2243056 224.493658257 0.0 194.108016522 0.0
57853.225 224.094136064 0.0 193.16905993 0.0
57853.2256944 223.30457914 0.0 192.360592125 0.0
57853.2263889 223.17077498 0.0 192.117388357 0.0
57853.2270833 222.424655272 0.0 191.555491943 0.0
57853.2277778 221.921947201 0.0 191.141478845 0.0
57853.2284722 221.423963086 0.0 190.726567045 0.0
57853.2423611 211.893136507 0.0 181.873368248 0.0
57853.2430556 211.439101177 0.0 181.623272151 0.0
57853.24375 210.996399305 0.0 181.000107627 0.0
57853.2444444 210.76853803 0.0 180.820640127 0.0
57853.2451389 210.373816948 0.0 180.374790187 0.0
57853.2458333 210.318249883 0.0 180.345987825 0.0
57853.2465278 209.792723928 0.0 179.819534353 0.0
57853.2472222 209.290700707 0.0 179.414632596 0.0
57853.2479167 209.054768192 0.0 179.146606146 0.0
57853.2486111 208.793690505 0.0 178.820086614 0.0
57853.2493056 208.550968575 0.0 178.485693704 0.0
57853.25 207.871088924 0.0 177.946438753 0.0
57853.2506944 206.799984928 0.0 177.281052086 0.0
57853.2513889 207.057304321 0.0 177.200451467 0.0
57853.2520833 206.712046407 0.0 176.951090168 0.0
57853.2527778 206.385089565 0.0 176.591097127 0.0
57853.2534722 206.171029746 0.0 176.34087415 0.0
57853.2541667 206.101727499 0.0 176.031284115 0.0
57853.2548611 205.653851152 0.0 175.639832183 0.0
57853.2805556 198.199689412 0.0 168.546113001 0.0
57853.28125 198.062039343 0.0 168.430493584 0.0
57853.2819444 198.009576051 0.0 168.229898357 0.0
57853.2826389 197.976779433 0.0 168.206737361 0.0
57853.2833333 197.845538597 0.0 168.098610515 0.0
57853.2840278 197.740483213 0.0 168.106336168 0.0
57853.2847222 197.319702349 0.0 167.711874139 0.0
57853.2854167 197.293373748 0.0 167.719617606 0.0
57853.2861111 197.122152122 0.0 167.688641594 0.0
57853.2868056 196.930998529 0.0 167.308720012 0.0
57853.2875 196.930998529 0.0 167.39408359 0.0
57853.2881944 196.673636974 0.0 167.145632123 0.0
57853.2888889 196.574562041 0.0 166.881247147 0.0
57853.2895833 196.600986905 0.0 166.85011549 0.0
57853.2902778 196.554741062 0.0 166.717741092 0.0
57853.2909722 196.37626222 0.0 166.616442649 0.0
57853.2916667 196.177761955 0.0 166.569668744 0.0
57853.2923611 196.415938201 0.0 166.663203427 0.0
57853.3055556 193.826807147 0.0 164.664160382 0.0
57853.30625 193.987548134 0.0 164.758776839 0.0
57853.3069444 193.826807147 0.0 164.632609479 0.0
57853.3076389 193.913891722 0.0 164.735127819 0.0
57853.3083333 193.665932746 0.0 164.482660042 0.0
57853.3090278 193.558608863 0.0 164.466867938 0.0
57853.3097222 193.572027602 0.0 164.356280723 0.0
57853.3104167 193.538479009 0.0 164.150706808 0.0
57853.3111111 193.478076882 0.0 164.150706808 0.0
57853.3118056 193.424370266 0.0 164.142794977 0.0
57853.3270833 222.990303208 0.0 192.272804028 0.0
57853.3277778 191.541931932 0.0 162.416811874 0.0
57853.3284722 191.467334707 0.0 162.58464329 0.0
57853.3291667 191.318052997 0.0 162.192766505 0.0
57853.3298611 191.413063919 0.0 162.416811874 0.0
57853.3305556 191.250159155 0.0 162.464781398 0.0
57853.33125 191.032736706 0.0 162.360829516 0.0
57853.3319444 191.032736706 0.0 162.344831011 0.0
57853.3326389 191.080319007 0.0 162.256811035 0.0
57853.3333333 190.781033118 0.0 162.216786167 0.0
57853.3340278 190.842288869 0.0 162.128696676 0.0
57853.3347222 190.787840283 0.0 162.03254443 0.0
57853.3354167 190.740185021 0.0 161.936335093 0.0
57853.3361111 190.706138257 0.0 161.85611696 0.0
57853.3368056 190.569890373 0.0 161.727685187 0.0
57853.3375 190.508547035 0.0 161.73571516 0.0
57853.3381944 190.22884373 0.0 161.575039862 0.0
57853.3388889 190.215189146 0.0 161.365922793 0.0
57853.3576389 212.291150234 0.0 182.429491806 0.0
57853.3583333 188.665855933 0.0 160.202793562 0.0
57853.3590278 188.782840955 0.0 160.316245906 0.0
57853.3597222 188.631434766 0.0 160.202793562 0.0
57853.3604167 188.65208822 0.0 160.202793562 0.0
57853.3611111 188.61766454 0.0 160.210899965 0.0
57853.3618056 188.535022066 0.0 160.064921894 0.0
57853.3625 188.61077905 0.0 160.186579524 0.0
57853.3631944 188.342048605 0.0 160.024348797 0.0
57853.3638889 188.342048605 0.0 160.154146526 0.0
57853.3645833 188.148877222 0.0 159.80507607 0.0
57853.3652778 188.224789623 0.0 160.04057927 0.0
57853.3659722 187.990052238 0.0 160.105484709 0.0
