57853.0515278 132.618796262 0.0 159.345042135 0.0
57853.0516435 134.704185585 0.0 180.805763185 0.0
57853.0517708 260.847276068 0.0 327.008244158 0.0
57853.0518866 591.849484622 0.0 633.476350052 0.0
57853.0520023 472.812486058 0.0 434.419346638 0.0
57853.0652778 175.178044124 0.0 207.648458167 0.0
57853.0653935 138.334451577 0.0 165.272294653 0.0
57853.0655093 534.711352363 0.0 621.634934926 0.0
57853.065625 119.04296773 0.0 250.375411758 0.0
57853.0657523 120.400719059 0.0 135.895063818 0.0
57853.0658681 1985.83964219 0.0 358.265474565 0.0
57853.0659722 262.9589385 0.0 263.46692371 0.0
57853.0659838 187.018630615 0.0 218.341448076 0.0
57853.0661111 235.004465604 0.0 519.095639108 0.0
57853.0662269 163.656696105 0.0 238.208301877 0.0
57853.0663426 243.367304571 0.0 615.899439807 0.0
57853.0664583 226.44968455 0.0 139.663820011 0.0
57853.0665856 246.137642564 0.0 632.653460709 0.0
57853.0666667 227.953850049 0.0 250.036796596 0.0
57853.0667014 211.599787507 0.0 182.849238473 0.0
57853.0668171 115.249042703 0.0 148.017284656 0.0
57853.0669444 112.360195407 0.0 177.424265787 0.0
57853.0670602 163.635469712 0.0 172.880797256 0.0
57853.0671759 143.015074062 0.0 239.489138514 0.0
57853.0673032 152.130320196 0.0 157.000663107 0.0
57853.0673611 124.381909296 0.0 133.106563189 0.0
57853.067419 108.317371755 0.0 118.222615819 0.0
57853.0675347 148.596681871 0.0 162.649137581 0.0
57853.067662 1180.07095691 0.0 632.651416367 0.0
57853.0677778 303.446313322 0.0 283.589854769 0.0
57853.0678935 247.891670308 0.0 340.182117302 0.0
57853.0680208 604.991913881 0.0 149.152089442 0.0
57853.0680556 298.746202101 0.0 160.856915151 0.0
57853.0681366 225.516038254 0.0 175.681611699 0.0
57853.0682523 242.863367569 0.0 295.227418078 0.0
57853.0683796 1519.63803813 0.0 363.075334976 0.0
57853.0684954 92.3591734913 0.0 124.471818349 0.0
57853.0686111 153.340133527 0.0 193.19040501 0.0
57853.0687384 141.629169721 0.0 197.126372201 0.0
57853.06875 180.498169888 0.0 260.553639207 0.0
57853.0688542 294.426724896 0.0 517.393022791 0.0
57853.0689699 388.617112682 0.0 192.972915195 0.0
57853.0690972 195.073430285 0.0 135.024951713 0.0
57853.069213 152.292853056 0.0 187.401084477 0.0
57853.0693287 105.707256591 0.0 96.9886445879 0.0
57853.0694444 112.086896884 0.0 106.224364903 0.0
57853.069456 119.699689127 0.0 118.595586899 0.0
57853.0695718 165.119759087 0.0 186.840151651 0.0
57853.0696875 1086.10163065 0.0 835.491186396 0.0
57853.0698148 336.073769525 0.0 440.496350022 0.0
57853.0699306 245.569311265 0.0 215.12118299 0.0
57853.0700463 291.077687243 0.0 464.28916658 0.0
57853.0701389 156.22062986 0.0 167.948670769 0.0
57853.0729167 116.726041465 0.0 120.077472383 0.0
57853.0736111 113.16448252 0.0 116.40351776 0.0
57853.0743056 113.015884622 0.0 116.240389848 0.0
57853.075 118.114157699 0.0 121.473219279 0.0
57853.0756944 123.002623956 0.0 126.489178106 0.0
57853.0763889 125.274911139 0.0 128.813947576 0.0
57853.0770833 123.087391015 0.0 126.55272792 0.0
57853.1055556 140.539175723 0.0 143.668902606 0.0
57853.10625 143.735060893 0.0 146.905225445 0.0
57853.1069444 144.439110618 0.0 147.593191076 0.0
57853.1076389 143.539661401 0.0 146.641934971 0.0
57853.1083333 144.691501357 0.0 147.785461477 0.0
57853.1256944 154.202758883 0.0 156.216863305 0.0
57853.1263889 153.919224969 0.0 155.854908226 0.0
57853.1270833 154.59510219 0.0 156.461545848 0.0
57853.1277778 156.630670624 0.0 158.440048312 0.0
57853.1284722 159.835937852 0.0 161.595928485 0.0
57853.1291667 160.120667767 0.0 161.793941855 0.0
57853.13125 162.727318794 0.0 164.131850523 0.0
57853.1319444 164.356155051 0.0 165.666915964 0.0
57853.1326389 161.974654786 0.0 163.155701816 0.0
57853.1333333 164.435273552 0.0 165.517047152 0.0
57853.1340278 166.558685027 0.0 167.530505034 0.0
57853.1527778 79.8783376016 0.0 80.1750139819 0.0
57853.1528588 85.8656980581 0.0 85.9751892292 0.0
57853.1529745 73.524156731 0.0 72.571139918 0.0
57853.1531019 89.9253887064 0.0 89.4151059106 0.0
57853.1532176 76.541411935 0.0 78.1876338432 0.0
57853.1533333 61.7359813156 0.0 61.9908112788 0.0
57853.1534606 96.7712777894 0.0 98.2767521798 0.0
57853.1534722 78.4311612945 0.0 79.3381944778 0.0
57853.1535764 67.9140061769 0.0 68.5667080295 0.0
57853.1536921 72.3375137256 0.0 71.9245320944 0.0
57853.1538194 71.2716166717 0.0 71.4134532634 0.0
57853.1539352 62.7962707332 0.0 62.7403694921 0.0
57853.1540509 75.1658169117 0.0 76.0811236642 0.0
57853.1541667 74.8299911399 0.0 75.1265899732 0.0
57853.1541782 74.3740213112 0.0 74.0873328917 0.0
57853.154294 68.4860427971 0.0 68.6574842242 0.0
57853.1544097 66.580164396 0.0 67.1962059792 0.0
57853.154537 77.7418750417 0.0 78.1859496649 0.0
57853.1546528 68.6062230414 0.0 69.2015776771 0.0
57853.1547685 70.5839702624 0.0 72.5203296807 0.0
57853.1548611 75.0433932002 0.0 77.0379343635 0.0
57853.1548958 80.5419489086 0.0 82.5934680589 0.0
57853.1550116 143.717919168 0.0 157.728177416 0.0
57853.1551273 84.1128138336 0.0 84.6088221346 0.0
57853.1552546 97.5542628899 0.0 97.9096309767 0.0
57853.1553704 153.12773065 0.0 153.080152531 0.0
57853.1554861 170.871496064 0.0 187.119254239 0.0
57853.6319213 61.2909455711 0.0 61.4888124296 0.0
57853.6319444 61.2484053017 0.0 61.3183844454 0.0
