57849.1514005 20111.2332794 19468.7018647
57849.1597338 25379.9908797 24930.2188895
57849.1764005 17697.7602893 17012.2836584
57849.1847338 22122.2003616 21623.6719028
57849.2027894 16294.4743893 15501.1104677
57849.2097338 18735.594148 18247.3701962
57849.2250116 15559.9783897 14655.3284833
57849.231956 17550.2081838 17007.4182399
57849.2500116 15210.932858 14200.8318479
57849.2722338 15155.1655726 14081.1774612
57849.2791782 16348.4856964 15632.4936221
57849.2972338 15020.8023132 13888.2815039
57849.3041782 16153.3231226 15378.4404635
57849.319456 15092.8679516 14019.0670697
57849.3264005 16226.3244381 15510.4571835
