57849.2027778 8040.172199 9992.006604
57849.2027894 8144.449438 8545.790399
57849.2029051 8052.140879 8541.814741
57849.2030324 8760.718501 9082.939433
57849.2031481 12786.47442 13117.121365
57849.2032639 18118.10836 17888.416431
57849.2033912 13700.628126 11396.977205
57849.2034722 10950.304624 10185.799583
57849.2035069 9103.367657 9191.319187
57849.2036227 8649.368478 8268.846244
57849.20375 8118.968913 7854.254805
57849.2038657 10364.978884 9060.338535
57849.2039815 9020.005955 8772.663308
57849.2041088 11787.633567 11596.78199
57849.2041667 9928.041186 10348.328508
57849.2042245 8579.733206 9348.927663
57849.2043403 10454.299565 10336.601414
57849.2044676 8400.778202 8401.662239
57849.2045833 8420.914949 9096.815866
57849.2046991 11047.864779 10487.167929
57849.2048264 11606.678326 10342.577006
57849.2048611 9678.337518 9033.614225
57849.2049421 8297.261076 8017.086601
57849.2050579 9375.037774 9785.528952
57849.2051852 7984.448637 7824.144847
57849.2053009 7763.540284 7666.919381
57849.2054167 8326.521082 8284.278557
57849.205544 8194.49509 7711.897316
57849.2055556 8138.818706 8053.652367
57849.2056597 8072.837367 8416.422229
57849.2057755 8501.548389 9639.180032
57849.2058912 7905.431305 8162.912399
57849.2060185 9041.32222 8819.455589
57849.2061343 9263.744593 10107.278042
57849.20625 15241.384905 12600.379563
57849.2063773 8354.898808 8118.466059
57849.2064931 8102.117721 7967.775477
57849.2066088 9468.822103 8573.456734
57849.2067361 16906.026362 18737.12107
57849.2068519 8724.96071 7874.985103
57849.2069444 10749.309726 10923.539566
57849.2229167 9028.499264 8885.79149
57849.225 7084.079564 7103.884501
57849.2250116 6489.345152 6376.791913
57849.2251389 6314.076434 6425.059964
57849.2252546 6370.785006 6678.448645
57849.2253704 6288.602577 6288.705232
57849.2254977 6285.516028 6324.009191
57849.2256134 8271.927665 8777.477903
57849.2256944 7472.157651 7516.159159
57849.2257292 6815.338002 6573.430074
57849.2258565 7408.36221 7429.344826
57849.2259722 6872.061897 6710.521187
57849.226088 6684.672914 6446.132331
57849.2262153 7119.395488 7672.803844
57849.226331 6756.382301 6785.988695
57849.2263889 6556.557855 6585.6521
57849.2264468 6360.72692 6389.284648
57849.2265741 6609.354023 6659.721884
57849.2266898 7029.879058 7342.356768
57849.2268056 6387.89727 6407.019049
57849.2269329 6321.232264 6281.763332
57849.2270486 6270.67278 6213.083519
57849.2270833 6430.551946 6365.975467
57849.2271644 6605.132113 6532.831929
57849.2272917 6563.308355 6416.995689
57849.2274074 6529.279689 6521.551547
57849.2275231 6362.758796 6367.610769
57849.2276505 6284.629707 6289.266139
57849.2277662 6332.596145 6232.571897
57849.2277778 6302.162599 6290.141934
57849.2278819 6274.70239 6351.574449
57849.2280093 7362.254299 7158.170651
57849.228125 6715.870534 6696.567763
57849.2282407 6290.433022 6293.295247
57849.2283565 6386.189744 6600.733855
57849.2284722 6356.10227 6574.12481
57849.2284838 6318.849639 6540.021306
57849.2285995 6706.780977 6645.109764
57849.2287153 6268.927818 6251.246548
57849.2288426 6216.64638 6345.617651
57849.2289583 6150.69917 6200.881861
57849.2290741 6124.46809 6264.497447
57849.2291667 6188.709202 6317.485096
57849.2319444 6236.480608 6060.144631
57849.2320718 6054.507656 6085.240718
57849.2321875 6304.594989 6519.079012
57849.2323032 6704.196081 6300.511604
57849.2324306 6309.3388 6557.343046
57849.2325463 6038.254845 6175.951409
57849.2326389 6021.871972 6103.709378
57849.232662 6005.72248 6033.222991
57849.2327778 6208.877805 6269.368803
57849.2329051 6449.67629 6246.225435
57849.2330208 6084.726552 6027.547851
57849.2331366 6156.521407 6177.17347
57849.2332639 6078.506619 6074.618227
57849.2333333 6090.69287 6053.652398
57849.2333796 6100.421766 6030.31777
57849.2334954 6064.869219 6141.425589
57849.2336227 5990.178119 5981.974335
57849.2337384 6271.973408 6168.86024
57849.2338542 6387.36366 6272.084003
57849.2339815 6247.923683 6218.127939
57849.2479167 5904.239704 5892.776953
57849.25 5857.402617 5845.661193
57849.2506944 5846.002994 5837.615444
57849.2513889 5833.225392 5828.184968
57849.2520833 5820.369251 5818.666448
57849.2527778 5819.409258 5821.037763
57849.2534722 5783.544831 5788.478842
57849.2540509 5770.931051 5779.167659
57849.2541667 5860.278955 5883.135427
57849.2569444 9302.444244 9417.925747
57849.257037 9105.730005 9156.880582
57849.2571644 8922.642464 8952.278503
57849.2572801 7045.990975 7052.66033
57849.2573958 6601.372755 6592.429706
57849.2575231 6541.884578 6536.075393
57849.2576389 6681.883764 6656.560514
57849.2577546 7117.89324 7061.198733
57849.2578819 6597.985867 6598.645066
57849.2579977 6515.355558 6528.606762
57849.2581134 6556.797977 6575.115829
57849.2582407 10394.1297 10564.181264
57849.2583333 8959.35274 9013.733705
57849.2583565 7877.149042 7864.502108
57849.2584722 7877.381938 7954.287261
57849.2585995 8973.285304 9107.586446
57849.2587153 7199.030075 7109.287566
57849.258831 7767.022857 7828.155568
57849.2589583 8115.484993 7942.401234
57849.2701389 5359.127817 5336.509781
57849.2722222 5142.835089 5132.279459
57849.272338 5115.930775 5141.860022
57849.2724537 5107.795535 5127.913809
57849.272581 5084.415535 5078.481712
57849.2726968 5303.403474 5178.616806
57849.2728125 5139.304348 5055.354339
57849.2729167 5119.850478 5091.072514
57849.2729398 5101.467349 5128.310472
57849.2730556 5183.642248 5116.346697
57849.2731713 5235.414507 5138.180989
57849.273287 5214.375258 5155.45492
57849.2734144 5225.946839 5101.27148
57849.2735301 5091.653502 5050.454128
57849.2736111 5074.927321 5063.438609
57849.2736458 5062.112152 5080.33865
57849.2737731 5057.702069 5068.214466
57849.2738889 5127.493305 5048.920019
57849.2740046 5213.430845 5100.781368
57849.2741319 5102.081667 5094.431785
57849.2742477 5107.45464 5093.129403
57849.2743056 5101.691125 5104.151994
57849.2743634 5091.859822 5111.119927
57849.2744907 5117.527165 5160.014695
57849.2746065 5148.842866 5063.42553
57849.2747222 5076.747033 5122.43572
57849.2748495 5103.401515 5206.168758
57849.2749653 5397.513895 5186.005222
57849.275 5235.144807 5211.744749
57849.275081 5084.038058 5239.79772
57849.2752083 5096.919948 5096.366261
57849.2753241 5114.343928 5205.17471
57849.2754398 5243.50326 5556.922462
57849.2755671 5108.65438 5260.328845
57849.2756829 5039.392929 5048.270135
57849.2756944 5097.655211 5117.221533
57849.2757986 5157.787118 5188.597671
57849.2759259 5079.048106 5089.716144
57849.2760417 5111.438113 5102.520993
57849.2761574 5116.475452 5295.998181
57849.2762847 5179.0511 5034.348422
57849.2763889 5095.456204 5036.553712
57849.2791667 5724.430198 5726.755443
57849.2792708 5699.570463 5696.304079
57849.2793866 5673.416614 5674.932427
57849.2795023 5709.255796 5712.669519
57849.2796296 5848.867268 5854.648018
57849.2797454 5864.703394 5843.642516
57849.2798611 5726.729736 5717.914616
57849.2799884 5668.07442 5672.488415
57849.2801042 5707.946519 5701.636564
57849.2802199 5643.921864 5650.855429
57849.2803472 5616.216655 5618.132238
57849.280463 5715.003329 5721.464241
57849.2805556 5718.010563 5716.495104
57849.2805787 5723.368452 5713.873523
57849.280706 6017.78908 6046.136671
57849.2808218 5775.962683 5777.456127
57849.2809375 5692.196267 5706.051075
57849.2810648 5692.769209 5705.145863
57849.2811806 5715.295655 5706.045575
57849.2951389 5000.720757 4989.850262
57849.2972222 4879.728265 4894.990714
57849.2973148 4864.175005 4941.843604
57849.2974306 4813.206382 4840.400291
57849.2975463 4790.525578 4799.662444
57849.2976736 4848.162026 4845.973083
57849.2977894 4838.107494 4797.113448
57849.2979051 4809.220502 4781.382606
57849.2979167 4829.097746 4788.615653
57849.2980324 4852.466486 4799.148454
57849.2981481 5002.767178 4895.901088
57849.2982639 4925.431413 4938.838984
57849.2983912 4954.296922 4891.919581
57849.2985069 4835.406759 4815.778847
57849.2986111 4811.660194 4809.163792
57849.2986227 4784.360312 4798.763278
57849.29875 4876.100018 4936.593528
57849.2988657 4815.877727 4809.727903
57849.2989815 4806.121707 4798.335137
57849.2991088 4856.97383 4828.737211
57849.2992245 4865.884655 4882.977646
57849.2993056 4856.987947 4841.368094
57849.2993403 4850.946109 4803.21826
57849.2994676 4850.198692 4791.993043
57849.2995833 4776.758075 4777.954914
57849.2996991 4846.613374 4793.615223
57849.2998264 4807.077408 4904.609823
57849.2999421 4935.573105 4900.168156
57849.3 4978.908618 4965.293583
57849.3000579 5022.008067 5031.168641
57849.3001736 5039.549724 4925.923385
57849.3003009 4984.369435 4965.547131
57849.3004167 5187.012542 5037.089338
57849.3005324 4809.818733 4899.746273
57849.3006597 4802.802802 4836.984144
57849.3006944 4805.833781 4829.108798
57849.3007755 4808.069901 4820.453371
57849.3008912 4781.977638 4766.086689
57849.3010185 4818.944339 4829.357358
57849.3011343 4826.353403 4804.803384
57849.30125 4838.140437 4769.558881
57849.3013773 4787.874237 4755.801824
57849.3013889 4819.026536 4839.05213
57849.3041667 5193.346406 5195.193405
57849.3042477 5188.671789 5191.087919
57849.3043634 5178.037772 5183.531013
57849.3044792 5152.603854 5158.635908
57849.3045949 5155.204312 5157.950184
57849.3047222 5210.207596 5191.571042
57849.304838 5132.697304 5135.150909
57849.3048611 5162.571577 5166.36681
57849.3049537 5197.785761 5202.96096
57849.305081 5191.354167 5206.713626
57849.3051968 5221.10473 5227.764277
57849.3053125 5194.977881 5215.283659
57849.3054398 5156.97706 5171.522794
57849.3055556 5174.973717 5177.325011
57849.3056713 5246.867897 5240.085254
57849.3057986 5158.596787 5164.428854
57849.3059144 5131.444036 5131.719661
57849.3060301 5175.818439 5173.820467
57849.3061574 5147.271609 5149.915963
57849.3173611 4816.281485 4833.657647
57849.3194444 4867.228901 5021.983506
57849.319537 4742.756103 4751.106513
57849.3196528 4676.634797 4699.739489
57849.3197801 4660.436596 4676.450547
57849.3198958 4696.575613 4779.944016
57849.3200116 4699.18198 4724.197716
57849.3201389 4798.568883 4780.671132
57849.3202546 4669.145803 4651.381465
57849.3203704 4655.58682 4676.057976
57849.3204977 4735.733106 4685.392978
57849.3206134 4682.575055 4703.549733
57849.3207292 4685.510063 4713.996122
57849.3208333 4680.597771 4769.772414
57849.3208565 4672.792531 4823.849587
57849.3209722 4679.908353 4710.658844
57849.321088 4753.712058 4823.562092
57849.3212153 4777.784992 4659.328731
57849.321331 4671.696157 4709.254633
57849.3214468 4644.631841 4666.850486
57849.3215278 4667.167166 4660.401247
57849.3215741 4689.959586 4653.987946
57849.3216898 4713.0455 4633.315581
57849.3218056 4711.888903 4678.791514
57849.3219329 4702.249833 4631.622761
57849.3220486 4674.219626 4658.768391
57849.3221644 4791.940539 4760.344362
57849.3222222 4719.438608 4706.545204
57849.3222917 4651.261118 4656.125256
57849.3224074 4640.999109 4649.833924
57849.3225231 4628.561327 4667.650569
57849.3226389 4654.903078 4731.266518
57849.3227662 4803.806194 4870.634776
57849.3228819 4650.464194 4653.834326
57849.3229167 4677.798092 4678.493846
57849.3229977 4702.396403 4700.359405
57849.323125 4623.661156 4685.150044
57849.3232407 4614.900619 4669.160116
57849.3233565 4621.728286 4634.780523
57849.3234838 4654.605449 4889.59562
57849.3235995 4607.230232 4706.337358
57849.3236111 5449.236044 4707.55106
57849.3263889 5010.920853 5017.744539
57849.3264699 5017.795165 5024.179274
57849.3265856 4917.36394 4914.250217
57849.326713 4949.035668 4937.969423
57849.3268287 4999.561997 4998.352455
57849.3269444 5113.316125 5099.706011
57849.3270602 5123.506052 5122.571349
57849.3270833 5049.417024 5046.486266
57849.3271875 4982.182772 4977.365932
57849.3273032 5277.067341 5293.894707
57849.327419 5077.560973 5072.628873
57849.3275463 5229.99785 5245.456854
57849.327662 6092.751848 6020.303524
57849.3277778 5000.87891 4998.869631
57849.3279051 5024.789029 5013.965313
57849.3280208 4946.261622 4949.025063
57849.3281366 5092.962415 5101.109002
57849.3282639 4972.644598 4973.047469
57849.3283796 5344.610053 5364.903987
