57853.09063194445 69.63653117226379 0.0 69.29761218459969 0.0
57853.091631944444 69.63653117226379 0.0 69.29761218459969 0.0
57853.12165509259 69.03065661863694 0.0 69.17764200842751 0.0
57853.147893518515 69.51436750078243 0.0 69.19321991851737 0.0
57853.18015046296 69.26541648552448 0.0 67.69311702786862 0.0
57853.204247685186 67.74387419411116 0.0 67.43735103117977 0.0
57853.206296296295 68.76425516518259 0.0 68.39192063169675 0.0
57853.2312962963 67.17765174222507 0.0 66.90338512142064 0.0
57853.23417824074 68.64930642568265 0.0 68.30590248362556 0.0
57853.235178240735 68.64930642568265 0.0 68.30590248362556 0.0
