57849.64691902778 8.516942326770089 0.0 8.516942326770089 0.0
57849.647919027775 8.516942326770089 0.0 8.516942326770089 0.0
57849.64792402778 8.51746695162411 0.0 8.51746695162411 0.0
57849.6479279861 8.518010058156674 0.0 8.518010058156674 0.0
57849.6479329861 8.518579455309226 0.0 8.518579455309226 0.0
57849.64793798611 8.51910311166731 0.0 8.51910311166731 0.0
57849.64794201388 8.519667791306647 0.0 8.519667791306647 0.0
57849.64794701389 8.520230951478725 0.0 8.520230951478725 0.0
57849.64795097222 8.52076058986057 0.0 8.52076058986057 0.0
57849.647955972214 8.521316161407547 0.0 8.521316161407547 0.0
57849.64796097221 8.521887721573433 0.0 8.521887721573433 0.0
57849.647965 8.52244848253531 0.0 8.52244848253531 0.0
57849.64796999999 8.523002809111576 0.0 8.523002809111576 0.0
57849.647975 8.52359341904851 0.0 8.52359341904851 0.0
57849.647979027766 8.524183988572528 0.0 8.524183988572528 0.0
57849.647984027775 8.524767041067484 0.0 8.524767041067484 0.0
57849.6479879861 8.525328411717389 0.0 8.525328411717389 0.0
57849.6479929861 8.525022453738877 0.0 8.525022453738877 0.0
57849.647997986096 8.540280658782399 0.0 8.540280658782399 0.0
57849.64800201388 8.57495180026443 0.0 8.57495180026443 0.0
57849.64800701388 8.629258451286159 0.0 8.629258451286159 0.0
57849.64801201388 8.70367583117004 0.0 8.70367583117004 0.0
57849.64801597222 8.798780344474263 0.0 8.798780344474263 0.0
57849.64802097222 8.915380741805574 0.0 8.915380741805574 0.0
57849.64802499999 9.054512220973525 0.0 9.054512220973525 0.0
57849.64803 9.217401831052943 0.0 9.217401831052943 0.0
57849.648035 9.405479244232188 0.0 9.405479244232188 0.0
57849.648039027765 9.46872047944376 0.0 9.46872047944376 0.0
57849.64804402778 9.432484422942284 0.0 9.432484422942284 0.0
57849.64804902777 9.401942518604205 0.0 9.401942518604205 0.0
57849.648052986115 9.377064823335834 0.0 9.377064823335834 0.0
57849.6480579861 9.3577860580145 0.0 9.3577860580145 0.0
57849.64806201389 9.402615083587587 0.0 9.402615083587587 0.0
57849.64806701389 9.395143485260782 0.0 9.395143485260782 0.0
57849.648072013886 9.393261396318065 0.0 9.393261396318065 0.0
57849.64807597221 9.396940535040194 0.0 9.396940535040194 0.0
57849.64808097221 9.406239385364232 0.0 9.406239385364232 0.0
57849.64808597222 9.363968278657563 0.0 9.363968278657563 0.0
57849.64808999999 9.274535935285392 0.0 9.274535935285392 0.0
57849.64809499999 9.196180457242244 0.0 9.196180457242244 0.0
57849.64809999999 9.128625676145125 0.0 9.128625676145125 0.0
57849.648104027765 9.071498698064516 0.0 9.071498698064516 0.0
57849.64810902778 9.024643049043872 0.0 9.024643049043872 0.0
57849.6481129861 8.987796179213388 0.0 8.987796179213388 0.0
57849.6481179861 8.960814970997005 0.0 8.960814970997005 0.0
57849.6481229861 8.94354729894954 0.0 8.94354729894954 0.0
57849.648127013876 8.935951632361396 0.0 8.935951632361396 0.0
57849.64813201388 8.91666346845313 0.0 8.91666346845313 0.0
57849.648137013886 8.87483509612321 0.0 8.87483509612321 0.0
57849.64814097221 8.83865808368831 0.0 8.83865808368831 0.0
57849.64814597222 8.808090635472094 0.0 8.808090635472094 0.0
57849.64815 8.783065308819978 0.0 8.783065308819978 0.0
57849.64815499999 8.76359442674977 0.0 8.76359442674977 0.0
57849.64816 8.749663185654255 0.0 8.749663185654255 0.0
57849.64816402776 8.74125523462014 0.0 8.74125523462014 0.0
57849.648169027765 8.738369398611642 0.0 8.738369398611642 0.0
57849.64817402778 8.74100657350048 0.0 8.74100657350048 0.0
57849.64817798611 8.749220567832657 0.0 8.749220567832657 0.0
57849.64818298611 8.763049351464037 0.0 8.763049351464037 0.0
57849.64818798611 8.782524206270963 0.0 8.782524206270963 0.0
57849.64819201389 8.807741608893757 0.0 8.807741608893757 0.0
57849.64819701389 8.838710488073817 0.0 8.838710488073817 0.0
57849.648200972224 8.866440701284196 0.0 8.866440701284196 0.0
57849.648205972226 8.85976133627632 0.0 8.85976133627632 0.0
57849.64821097222 8.861289726931453 0.0 8.861289726931453 0.0
57849.64821499999 8.871012132053442 0.0 8.871012132053442 0.0
57849.64822 8.889019514166888 0.0 8.889019514166888 0.0
57849.648225 8.915249267041446 0.0 8.915249267041446 0.0
57849.64822902776 8.949886622822097 0.0 8.949886622822097 0.0
57849.64823402778 8.992992381844592 0.0 8.992992381844592 0.0
57849.64823798611 9.04465773043373 0.0 9.04465773043373 0.0
57849.6482429861 9.105099507455627 0.0 9.105099507455627 0.0
57849.64824798611 9.169020335609021 0.0 9.169020335609021 0.0
57849.64825201389 9.19181937187841 0.0 9.19181937187841 0.0
57849.648257013876 9.221577770689986 0.0 9.221577770689986 0.0
57849.64826201389 9.25839364306496 0.0 9.25839364306496 0.0
57849.64826597221 9.302444409339385 0.0 9.302444409339385 0.0
57849.64827097221 9.311385204708955 0.0 9.311385204708955 0.0
57849.648275 9.369945613991511 0.0 9.369945613991511 0.0
57849.64827999999 9.436199926116206 0.0 9.436199926116206 0.0
57849.64828499999 9.510424351624351 0.0 9.510424351624351 0.0
57849.64828902777 9.59287137073371 0.0 9.59287137073371 0.0
57849.648294027764 9.68157339992811 0.0 9.68157339992811 0.0
57849.64829902778 9.663982279255695 0.0 9.663982279255695 0.0
57849.64830298611 9.648815129254421 0.0 9.648815129254421 0.0
57849.648307986114 9.636085416896968 0.0 9.636085416896968 0.0
57849.6483129861 9.625748188531679 0.0 9.625748188531679 0.0
57849.64831701389 9.617821461057844 0.0 9.617821461057844 0.0
57849.648322013876 9.612315855175629 0.0 9.612315855175629 0.0
57849.64832597222 9.609146858022184 0.0 9.609146858022184 0.0
57849.64833097221 9.608409400442628 0.0 9.608409400442628 0.0
57849.64833597222 9.610059538932619 0.0 9.610059538932619 0.0
57849.64834 9.614078751806323 0.0 9.614078751806323 0.0
57849.648345 9.496616288535886 0.0 9.496616288535886 0.0
57849.64834999999 9.380684025627142 0.0 9.380684025627142 0.0
57849.64835402778 9.273974432037544 0.0 9.273974432037544 0.0
57849.648359027764 9.176131807746344 0.0 9.176131807746344 0.0
57849.64836298611 9.086827555939152 0.0 9.086827555939152 0.0
57849.6483679861 9.005732520680239 0.0 9.005732520680239 0.0
57849.648372986114 8.932648893135855 0.0 8.932648893135855 0.0
57849.64837701389 8.867291610918437 0.0 8.867291610918437 0.0
57849.64838201389 8.80944439332369 0.0 8.80944439332369 0.0
57849.648387013876 8.75899040269538 0.0 8.75899040269538 0.0
57849.64839097222 8.71572025512778 0.0 8.71572025512778 0.0
57849.64839597221 8.679519421120125 0.0 8.679519421120125 0.0
57849.64839999999 8.650273398121636 0.0 8.650273398121636 0.0
57849.648405 8.627901437657238 0.0 8.627901437657238 0.0
57849.64841 8.612381563693804 0.0 8.612381563693804 0.0
57849.64841402777 8.581691700746827 0.0 8.581691700746827 0.0
57849.64841902778 8.561040291302849 0.0 8.561040291302849 0.0
57849.648424027764 8.561866122146489 0.0 8.561866122146489 0.0
57849.648427986096 8.584254066262417 0.0 8.584254066262417 0.0
57849.6484329861 8.628399616533075 0.0 8.628399616533075 0.0
57849.648437986114 8.694737558429098 0.0 8.694737558429098 0.0
57849.64844201389 8.783962798174233 0.0 8.783962798174233 0.0
57849.64844701389 8.89707189670683 0.0 8.89707189670683 0.0
57849.64845097222 9.035276827254991 0.0 9.035276827254991 0.0
57849.64845597221 9.200121926758046 0.0 9.200121926758046 0.0
57849.648460972225 9.278966016904125 0.0 9.278966016904125 0.0
57849.64846499999 9.296629426767792 0.0 9.296629426767792 0.0
57849.648469999986 9.318456227343669 0.0 9.318456227343669 0.0
57849.648475 9.344511142178554 0.0 9.344511142178554 0.0
57849.648479027775 9.374800290315202 0.0 9.374800290315202 0.0
57849.64848402776 9.447027032032754 0.0 9.447027032032754 0.0
57849.64848798611 9.485773561307608 0.0 9.485773561307608 0.0
57849.648492986096 9.528893314690102 0.0 9.528893314690102 0.0
57849.6484979861 9.576448289927574 0.0 9.576448289927574 0.0
57849.64850201388 9.628484749342848 0.0 9.628484749342848 0.0
57849.64850701389 9.618799465947156 0.0 9.618799465947156 0.0
57849.648512013875 9.558196358992248 0.0 9.558196358992248 0.0
57849.64851597222 9.503422772391575 0.0 9.503422772391575 0.0
57849.64852097221 9.454274927149967 0.0 9.454274927149967 0.0
57849.648525 9.410693920842697 0.0 9.410693920842697 0.0
57849.64852999999 9.372527585334934 0.0 9.372527585334934 0.0
57849.648534999986 9.339720715307806 0.0 9.339720715307806 0.0
57849.64853902777 9.312155732715471 0.0 9.312155732715471 0.0
57849.648544027776 9.289767594469948 0.0 9.289767594469948 0.0
57849.64854902776 9.272491410109417 0.0 9.272491410109417 0.0
57849.64855298611 9.230540752275813 0.0 9.230540752275813 0.0
57849.6485579861 9.158894432722269 0.0 9.158894432722269 0.0
57849.64856201389 9.092530127450225 0.0 9.092530127450225 0.0
57849.64856701388 9.031396636969076 0.0 9.031396636969076 0.0
57849.64857201388 8.975488506461877 0.0 8.975488506461877 0.0
57849.64857597221 8.92471771033887 0.0 8.92471771033887 0.0
57849.64858097222 8.879077195462418 0.0 8.879077195462418 0.0
57849.64858597222 8.838538830663797 0.0 8.838538830663797 0.0
57849.64859 8.803073268631158 0.0 8.803073268631158 0.0
57849.64859499999 8.772653864928772 0.0 8.772653864928772 0.0
57849.648599999986 8.747232487547183 0.0 8.747232487547183 0.0
57849.64860402777 8.726867292719293 0.0 8.726867292719293 0.0
57849.648609027776 8.71150046657719 0.0 8.71150046657719 0.0
57849.64861298611 8.701137315744653 0.0 8.701137315744653 0.0
57849.64861798611 8.695779289565825 0.0 8.695779289565825 0.0
57849.64862298611 8.685286740246541 0.0 8.685286740246541 0.0
57849.64862701389 8.65089518461641 0.0 8.65089518461641 0.0
57849.64863201388 8.63334260285395 0.0 8.63334260285395 0.0
57849.64863701389 8.632500504056111 0.0 8.632500504056111 0.0
57849.64864097221 8.648463820675744 0.0 8.648463820675744 0.0
57849.64864597222 8.68134619549179 0.0 8.68134619549179 0.0
57849.64864999999 8.73137837048768 0.0 8.73137837048768 0.0
57849.648655 8.798950621715829 0.0 8.798950621715829 0.0
57849.64866 8.884565997086105 0.0 8.884565997086105 0.0
57849.64866402778 8.988812265208228 0.0 8.988812265208228 0.0
57849.648669027774 9.089716776314969 0.0 9.089716776314969 0.0
57849.64867402777 9.061224283671857 0.0 9.061224283671857 0.0
57849.6486779861 9.035977416231697 0.0 9.035977416231697 0.0
57849.6486829861 9.013845265238295 0.0 9.013845265238295 0.0
57849.648687013876 8.994833864442613 0.0 8.994833864442613 0.0
57849.64869201389 8.928340399097833 0.0 8.928340399097833 0.0
57849.64869701389 8.91557791552843 0.0 8.91557791552843 0.0
57849.64870097221 8.9058634030142 0.0 8.9058634030142 0.0
57849.64870597221 8.899190175528844 0.0 8.899190175528844 0.0
57849.64871097222 8.895504736412734 0.0 8.895504736412734 0.0
57849.648715 8.893042155821753 0.0 8.893042155821753 0.0
57849.64871999999 8.866175020050656 0.0 8.866175020050656 0.0
57849.64872499999 8.843032026555482 0.0 8.843032026555482 0.0
57849.64872902778 8.823646226551146 0.0 8.823646226551146 0.0
57849.64873402777 8.80797584526867 0.0 8.80797584526867 0.0
57849.6487379861 8.795963078495605 0.0 8.795963078495605 0.0
57849.64874298611 8.787592239362892 0.0 8.787592239362892 0.0
57849.64874798611 8.782887869037841 0.0 8.782887869037841 0.0
57849.648752013876 8.78180195510944 0.0 8.78180195510944 0.0
57849.64875701388 8.784332653116092 0.0 8.784332653116092 0.0
57849.64876201389 8.790528671998418 0.0 8.790528671998418 0.0
57849.64876597222 8.775118021873437 0.0 8.775118021873437 0.0
57849.64877097221 8.760885771462354 0.0 8.760885771462354 0.0
57849.648775 8.748371328472404 0.0 8.748371328472404 0.0
57849.64878 8.737538942347078 0.0 8.737538942347078 0.0
57849.648785 8.728396602904976 0.0 8.728396602904976 0.0
57849.648789027764 8.720945435068534 0.0 8.720945435068534 0.0
57849.64879402778 8.715164043578355 0.0 8.715164043578355 0.0
57849.648799027775 8.711034064793832 0.0 8.711034064793832 0.0
57849.6488029861 8.708605233504217 0.0 8.708605233504217 0.0
57849.6488079861 8.707828502941027 0.0 8.707828502941027 0.0
57849.64881298611 8.708715216441947 0.0 8.708715216441947 0.0
57849.64881701388 8.71129759193084 0.0 8.71129759193084 0.0
57849.648822013885 8.715513706775756 0.0 8.715513706775756 0.0
57849.648825972225 8.721422744461613 0.0 8.721422744461613 0.0
57849.64883097221 8.728972043313242 0.0 8.728972043313242 0.0
57849.64883597221 8.693207987607975 0.0 8.693207987607975 0.0
57849.64883999999 8.653048238572499 0.0 8.653048238572499 0.0
57849.64884499999 8.62556506313683 0.0 8.62556506313683 0.0
57849.64884999999 8.610638699070066 0.0 8.610638699070066 0.0
57849.648854027764 8.608109603998736 0.0 8.608109603998736 0.0
57849.648859027766 8.618032324849132 0.0 8.618032324849132 0.0
57849.64886298611 8.640361237092256 0.0 8.640361237092256 0.0
57849.6488679861 8.675247390930014 0.0 8.675247390930014 0.0
57849.6488729861 8.722759703540943 0.0 8.722759703540943 0.0
57849.64887701389 8.783145559410839 0.0 8.783145559410839 0.0
57849.64888201388 8.807178890627728 0.0 8.807178890627728 0.0
57849.648887013886 8.810609465991952 0.0 8.810609465991952 0.0
57849.64889097221 8.817174220933136 0.0 8.817174220933136 0.0
57849.64889597222 8.82690935818631 0.0 8.82690935818631 0.0
57849.648899999986 8.83981692072645 0.0 8.83981692072645 0.0
57849.648905 8.866211556150136 0.0 8.866211556150136 0.0
57849.64891 8.885526188158412 0.0 8.885526188158412 0.0
57849.64891402776 8.90807893971545 0.0 8.90807893971545 0.0
57849.648919027764 8.93391319486331 0.0 8.93391319486331 0.0
57849.64892402778 8.963028232132935 0.0 8.963028232132935 0.0
57849.64892798611 8.971776784935143 0.0 8.971776784935143 0.0
57849.648932986114 8.96581480395649 0.0 8.96581480395649 0.0
57849.64893701389 8.962098291911536 0.0 8.962098291911536 0.0
57849.648942013875 8.960661098564794 0.0 8.960661098564794 0.0
57849.64894701389 8.961488913816716 0.0 8.961488913816716 0.0
57849.64895097222 8.964616323205998 0.0 8.964616323205998 0.0
57849.64895597221 8.97003322789131 0.0 8.97003322789131 0.0
57849.64896097222 8.97771137169445 0.0 8.97771137169445 0.0
57849.648965 8.987718433491839 0.0 8.987718433491839 0.0
57849.64897 9.000021830178559 0.0 9.000021830178559 0.0
57849.648975 9.008019360018013 0.0 9.008019360018013 0.0
57849.64897902778 9.011338543772078 0.0 9.011338543772078 0.0
57849.648984027765 9.016454145376153 0.0 9.016454145376153 0.0
57849.6489879861 9.023406749837227 0.0 9.023406749837227 0.0
57849.6489929861 9.032139523098873 0.0 9.032139523098873 0.0
57849.648997986114 9.042723709393156 0.0 9.042723709393156 0.0
57849.64900201389 9.055142093002138 0.0 9.055142093002138 0.0
57849.64900701389 9.069420710928812 0.0 9.069420710928812 0.0
57849.64901201389 9.085501719151251 0.0 9.085501719151251 0.0
57849.64901597221 9.103454413456403 0.0 9.103454413456403 0.0
57849.64902097221 9.123314509973591 0.0 9.123314509973591 0.0
57849.64902499999 9.14502663292409 0.0 9.14502663292409 0.0
57849.64903 9.168647946830111 0.0 9.168647946830111 0.0
57849.649035 9.194202073651226 0.0 9.194202073651226 0.0
57849.649039027776 9.221673655495634 0.0 9.221673655495634 0.0
57849.64904402776 9.208135190579933 0.0 9.208135190579933 0.0
57849.64904902778 9.083439050082788 0.0 9.083439050082788 0.0
57849.6490529861 8.9748717855382 0.0 8.9748717855382 0.0
57849.6490579861 8.88173419397077 0.0 8.88173419397077 0.0
57849.6490629861 8.803549729405304 0.0 8.803549729405304 0.0
57849.64906701389 8.739879799910462 0.0 8.739879799910462 0.0
57849.649072013875 8.690367536137838 0.0 8.690367536137838 0.0
57849.64907597222 8.654692032971537 0.0 8.654692032971537 0.0
57849.64908097221 8.63266757356966 0.0 8.63266757356966 0.0
57849.64908597221 8.624094950793447 0.0 8.624094950793447 0.0
57849.64908999999 8.623791199502934 0.0 8.623791199502934 0.0
57849.649094999986 8.609551762977329 0.0 8.609551762977329 0.0
57849.64909999999 8.602079666177907 0.0 8.602079666177907 0.0
57849.649104027776 8.601417944179325 0.0 8.601417944179325 0.0
57849.64910902776 8.607519748561959 0.0 8.607519748561959 0.0
57849.64911298611 8.654960146249026 0.0 8.654960146249026 0.0
57849.6491179861 8.674814412156962 0.0 8.674814412156962 0.0
57849.6491229861 8.70160413335481 0.0 8.70160413335481 0.0
57849.64912701388 8.735390904187405 0.0 8.735390904187405 0.0
57849.64913201389 8.776322959011843 0.0 8.776322959011843 0.0
57849.649137013876 8.819599453614254 0.0 8.819599453614254 0.0
57849.64914097222 8.824753465117531 0.0 8.824753465117531 0.0
57849.649145972224 8.834637704063766 0.0 8.834637704063766 0.0
57849.64915 8.84923636432237 0.0 8.84923636432237 0.0
57849.64915499999 8.868591924270145 0.0 8.868591924270145 0.0
57849.649159999986 8.892762056564266 0.0 8.892762056564266 0.0
57849.64916402777 8.92179582433629 0.0 8.92179582433629 0.0
57849.649169027776 8.955701417972135 0.0 8.955701417972135 0.0
57849.64917402776 8.994602954444876 0.0 8.994602954444876 0.0
57849.64917798611 9.038516019452608 0.0 9.038516019452608 0.0
57849.64918298611 9.086855936483312 0.0 9.086855936483312 0.0
57849.64918701389 9.105729100753841 0.0 9.105729100753841 0.0
57849.64919201388 9.12729959157977 0.0 9.12729959157977 0.0
57849.649197013874 9.151696924032036 0.0 9.151696924032036 0.0
57849.64920097222 9.178884486523478 0.0 9.178884486523478 0.0
57849.64920597222 9.208911519994437 0.0 9.208911519994437 0.0
57849.649210972224 9.241783705146945 0.0 9.241783705146945 0.0
57849.649215 9.277573821313728 0.0 9.277573821313728 0.0
57849.64922 9.316270389117287 0.0 9.316270389117287 0.0
57849.64922499999 9.357938806793392 0.0 9.357938806793392 0.0
57849.649229027775 9.402627449095245 0.0 9.402627449095245 0.0
57849.64923402778 9.450349751952915 0.0 9.450349751952915 0.0
57849.6492379861 9.501193121875929 0.0 9.501193121875929 0.0
57849.64924298611 9.55517678350397 0.0 9.55517678350397 0.0
57849.64924798611 9.61238277231484 0.0 9.61238277231484 0.0
57849.649252013885 9.672864001209351 0.0 9.672864001209351 0.0
57849.64925701389 9.613812185023583 0.0 9.613812185023583 0.0
57849.649262013874 9.528701925652964 0.0 9.528701925652964 0.0
57849.64926597221 9.452528788120022 0.0 9.452528788120022 0.0
57849.64927097222 9.385182819703097 0.0 9.385182819703097 0.0
57849.64927499999 9.326446644283541 0.0 9.326446644283541 0.0
57849.64927999999 9.276205624802909 0.0 9.276205624802909 0.0
57849.649285 9.234330082611157 0.0 9.234330082611157 0.0
57849.649289027766 9.200709645176605 0.0 9.200709645176605 0.0
57849.649294027775 9.175283062666374 0.0 9.175283062666374 0.0
57849.64929902777 9.157967729090348 0.0 9.157967729090348 0.0
57849.6493029861 9.13749735793336 0.0 9.13749735793336 0.0
57849.64930798611 9.115197139235459 0.0 9.115197139235459 0.0
57849.64931201388 9.094952233679075 0.0 9.094952233679075 0.0
57849.649317013886 9.076760275694564 0.0 9.076760275694564 0.0
57849.64932201388 9.06062959657912 0.0 9.06062959657912 0.0
57849.64932597222 8.99973043985409 0.0 8.99973043985409 0.0
57849.64933097222 8.987574580800896 0.0 8.987574580800896 0.0
57849.64933597222 8.977458838797569 0.0 8.977458838797569 0.0
57849.64934 8.969324446662398 0.0 8.969324446662398 0.0
57849.649345 8.963143576461762 0.0 8.963143576461762 0.0
57849.649349999985 8.941542525803621 0.0 8.941542525803621 0.0
57849.649354027766 8.91185381849827 0.0 8.91185381849827 0.0
57849.649359027775 8.884920173488583 0.0 8.884920173488583 0.0
57849.6493629861 8.860679640538352 0.0 8.860679640538352 0.0
57849.6493679861 8.839102789724395 0.0 8.839102789724395 0.0
57849.64937298611 8.82020939379892 0.0 8.82020939379892 0.0
57849.64937701389 8.803928332007144 0.0 8.803928332007144 0.0
57849.64938201388 8.79024570420907 0.0 8.79024570420907 0.0
57849.64938701389 8.7791999466492 0.0 8.7791999466492 0.0
57849.64939097221 8.770725371421824 0.0 8.770725371421824 0.0
57849.64939597222 8.754467931823452 0.0 8.754467931823452 0.0
57849.6494 8.731664698644112 0.0 8.731664698644112 0.0
57849.64940499999 8.711095389612478 0.0 8.711095389612478 0.0
57849.64941 8.692673649386997 0.0 8.692673649386997 0.0
57849.649414027765 8.676428046368482 0.0 8.676428046368482 0.0
57849.649419027766 8.66231088134693 0.0 8.66231088134693 0.0
57849.649424027775 8.650334456190134 0.0 8.650334456190134 0.0
57849.649427986114 8.640452377095553 0.0 8.640452377095553 0.0
57849.6494329861 8.63269277811438 0.0 8.63269277811438 0.0
57849.64943701389 8.627030918840761 0.0 8.627030918840761 0.0
57849.64944201389 8.6234741304122 0.0 8.6234741304122 0.0
57849.64944701388 8.622006710198734 0.0 8.622006710198734 0.0
57849.649450972225 8.622648431397995 0.0 8.622648431397995 0.0
57849.64945597221 8.625364944291071 0.0 8.625364944291071 0.0
57849.64946097222 8.630159278213219 0.0 8.630159278213219 0.0
57849.64946499999 8.617444057539036 0.0 8.617444057539036 0.0
57849.64947 8.568148698450713 0.0 8.568148698450713 0.0
57849.649475 8.531696788204675 0.0 8.531696788204675 0.0
57849.649479027765 8.507927952749416 0.0 8.507927952749416 0.0
57849.64948402777 8.4967870007647 0.0 8.4967870007647 0.0
57849.6494879861 8.49819575084474 0.0 8.49819575084474 0.0
57849.6494929861 8.512196880801326 0.0 8.512196880801326 0.0
57849.64949798611 8.538867178515801 0.0 8.538867178515801 0.0
57849.64950201389 8.578449070737289 0.0 8.578449070737289 0.0
57849.64950701389 8.631159763462927 0.0 8.631159763462927 0.0
57849.649512013886 8.678829870618756 0.0 8.678829870618756 0.0
57849.64951597221 8.668688243797405 0.0 8.668688243797405 0.0
57849.64952097221 8.662395606778894 0.0 8.662395606778894 0.0
57849.649525 8.659962232749661 0.0 8.659962232749661 0.0
57849.64952999999 8.661395293077474 0.0 8.661395293077474 0.0
57849.649535 8.643083857898286 0.0 8.643083857898286 0.0
57849.64953902778 8.652189265720947 0.0 8.652189265720947 0.0
57849.649544027765 8.665193626235862 0.0 8.665193626235862 0.0
57849.64954902778 8.682062024054314 0.0 8.682062024054314 0.0
57849.64955298611 8.702822780980773 0.0 8.702822780980773 0.0
57849.6495579861 8.720291732322769 0.0 8.720291732322769 0.0
57849.64956201389 8.696105664347934 0.0 8.696105664347934 0.0
57849.649567013876 8.67432241632661 0.0 8.67432241632661 0.0
57849.64957201388 8.654828926408403 0.0 8.654828926408403 0.0
57849.649575972224 8.637622595294003 0.0 8.637622595294003 0.0
57849.64958097221 8.622709349783037 0.0 8.622709349783037 0.0
57849.64958597221 8.610058245379301 0.0 8.610058245379301 0.0
57849.64959 8.599651336757303 0.0 8.599651336757303 0.0
57849.64959499999 8.591467557452537 0.0 8.591467557452537 0.0
57849.64959999999 8.585533419471545 0.0 8.585533419471545 0.0
57849.64960402778 8.58229535114698 0.0 8.58229535114698 0.0
57849.649609027765 8.589456942667137 0.0 8.589456942667137 0.0
57849.6496129861 8.600817686700397 0.0 8.600817686700397 0.0
57849.6496179861 8.616319110415255 0.0 8.616319110415255 0.0
57849.64962298611 8.635946742611333 0.0 8.635946742611333 0.0
57849.649627013874 8.659670223579091 0.0 8.659670223579091 0.0
57849.649632013876 8.687462217907614 0.0 8.687462217907614 0.0
57849.64963701389 8.71930558995089 0.0 8.71930558995089 0.0
57849.649640972224 8.755172959382572 0.0 8.755172959382572 0.0
57849.649645972226 8.795008890634016 0.0 8.795008890634016 0.0
57849.649649999985 8.838801671977741 0.0 8.838801671977741 0.0
57849.649655 8.886499720786645 0.0 8.886499720786645 0.0
57849.64965999999 8.938101393448418 0.0 8.938101393448418 0.0
57849.64966402778 8.993470160345975 0.0 8.993470160345975 0.0
57849.64966902776 9.052619326250914 0.0 9.052619326250914 0.0
57849.649674027765 9.11550035826722 0.0 9.11550035826722 0.0
57849.6496779861 9.135401608805076 0.0 9.135401608805076 0.0
57849.6496829861 9.1559931540967 0.0 9.1559931540967 0.0
57849.64968798611 9.188354661603283 0.0 9.188354661603283 0.0
57849.64969201389 9.232583275510844 0.0 9.232583275510844 0.0
57849.649697013876 9.288935632748093 0.0 9.288935632748093 0.0
57849.64970097222 9.357656050452459 0.0 9.357656050452459 0.0
57849.649705972224 9.439086603240423 0.0 9.439086603240423 0.0
57849.64971097221 9.533671129731001 0.0 9.533671129731001 0.0
57849.649714999985 9.641895844791458 0.0 9.641895844791458 0.0
57849.64971999999 9.764319490617638 0.0 9.764319490617638 0.0
57849.649725 9.762834002877575 0.0 9.762834002877575 0.0
57849.64972902778 9.738507753990161 0.0 9.738507753990161 0.0
57849.649734027764 9.74712874621024 0.0 9.74712874621024 0.0
57849.64973798611 9.79288630549484 0.0 9.79288630549484 0.0
57849.64974298611 9.878049710725211 0.0 9.878049710725211 0.0
57849.6497479861 10.033821351415252 0.0 10.033821351415252 0.0
57849.64975201388 10.195387845657933 0.0 10.195387845657933 0.0
57849.64975701389 10.390283384228248 0.0 10.390283384228248 0.0
57849.64976201389 10.611895435858306 0.0 10.611895435858306 0.0
57849.64976597222 10.851014240587235 0.0 10.851014240587235 0.0
57849.649770972224 10.846841945535092 0.0 10.846841945535092 0.0
57849.649775 10.715805281253774 0.0 10.715805281253774 0.0
57849.64978 10.593385343313573 0.0 10.593385343313573 0.0
57849.64978499999 10.486287732471803 0.0 10.486287732471803 0.0
57849.649789027775 10.399915603436622 0.0 10.399915603436622 0.0
57849.64979402778 10.338469189915525 0.0 10.338469189915525 0.0
57849.64979902778 10.304753710299604 0.0 10.304753710299604 0.0
57849.64980298611 10.300367783682104 0.0 10.300367783682104 0.0
57849.64980798611 10.325657462586252 0.0 10.325657462586252 0.0
57849.64981201388 10.379711884844536 0.0 10.379711884844536 0.0
57849.64981701389 10.319668322598835 0.0 10.319668322598835 0.0
57849.649822013875 10.172064836639919 0.0 10.172064836639919 0.0
57849.649825972214 10.035464390901305 0.0 10.035464390901305 0.0
57849.64983097222 9.909384604285762 0.0 9.909384604285762 0.0
57849.649835972225 9.793327303921338 0.0 9.793327303921338 0.0
57849.64983999999 9.686853286035705 0.0 9.686853286035705 0.0
57849.649845 9.589590154065887 0.0 9.589590154065887 0.0
57849.64984999999 9.501158306962248 0.0 9.501158306962248 0.0
57849.64985402777 9.421241087099839 0.0 9.421241087099839 0.0
57849.64985902778 9.3495685840244 0.0 9.3495685840244 0.0
57849.6498629861 9.285841483242656 0.0 9.285841483242656 0.0
57849.649867986096 9.229867439785739 0.0 9.229867439785739 0.0
57849.64987298611 9.181436795042643 0.0 9.181436795042643 0.0
57849.64987701388 9.140365401483756 0.0 9.140365401483756 0.0
57849.64988201388 9.106524596882341 0.0 9.106524596882341 0.0
57849.649887013875 9.020063176330131 0.0 9.020063176330131 0.0
57849.649890972214 8.851358136664517 0.0 8.851358136664517 0.0
57849.64989597222 8.727560280442738 0.0 8.727560280442738 0.0
57849.64989999999 8.646855537580283 0.0 8.646855537580283 0.0
57849.649905 8.608176239346358 0.0 8.608176239346358 0.0
57849.649909999986 8.611169385175478 0.0 8.611169385175478 0.0
57849.64991402777 8.656266391654311 0.0 8.656266391654311 0.0
57849.64991902777 8.744571106042297 0.0 8.744571106042297 0.0
57849.64992402776 8.878113470559056 0.0 8.878113470559056 0.0
57849.6499279861 9.059709614672318 0.0 9.059709614672318 0.0
57849.64993298611 9.213342358602528 0.0 9.213342358602528 0.0
57849.64993701388 9.162430057301709 0.0 9.162430057301709 0.0
57849.649942013886 9.116033177341468 0.0 9.116033177341468 0.0
57849.64994701388 9.07408375389969 0.0 9.07408375389969 0.0
57849.64995097222 9.036465336647735 0.0 9.036465336647735 0.0
57849.649955972214 9.070947322297135 0.0 9.070947322297135 0.0
57849.64996097222 9.041900990770234 0.0 9.041900990770234 0.0
57849.64996499999 9.017027429374172 0.0 9.017027429374172 0.0
57849.64997 8.996326356428407 0.0 8.996326356428407 0.0
57849.649974999986 8.979728925999057 0.0 8.979728925999057 0.0
57849.64997902778 8.962586795924054 0.0 8.962586795924054 0.0
57849.64998402777 8.92858160573359 0.0 8.92858160573359 0.0
57849.64998798611 8.898654618158012 0.0 8.898654618158012 0.0
57849.6499929861 8.872770955226539 0.0 8.872770955226539 0.0
57849.64999798611 8.85092445412979 0.0 8.85092445412979 0.0
57849.65099798611 8.85092445412979 0.0 8.85092445412979 0.0
