57849.540678240744 90.58808687045996 0.0 97.58721429096128 0.0
57849.54167824074 90.58808687045996 0.0 97.58721429096128 0.0
57849.54179398148 90.92654576816388 0.0 96.95683019565975 0.0
57849.541921296295 102.56438060506191 0.0 109.1521963205505 0.0
57849.542037037034 92.55778794148011 0.0 99.1970199427886 0.0
57849.54215277778 117.69807243663764 0.0 121.83538191962135 0.0
57849.542280092595 92.42976139415269 0.0 99.60518901824342 0.0
57849.54236111111 96.59216486604905 0.0 102.26483504655938 0.0
57849.542395833334 101.36277768194792 0.0 105.11037213757737 0.0
57849.54251157407 91.61195329153287 0.0 97.60178159270455 0.0
57849.54263888889 95.04969324595424 0.0 100.83483302559686 0.0
57849.54275462963 94.01897675809921 0.0 99.19408251498675 0.0
57849.54287037037 118.88156344488408 0.0 133.482098858611 0.0
57849.54299768519 96.71546774497862 0.0 101.23202838973445 0.0
57849.54305555556 95.38940818439958 0.0 100.29767498701054 0.0
57849.54311342593 94.11874085781216 0.0 99.46414626602895 0.0
57849.543229166666 104.1817459428474 0.0 112.59193639155515 0.0
57849.54335648148 89.53190192774863 0.0 96.55316682548533 0.0
57849.54347222222 89.5747434824125 0.0 95.97510609975902 0.0
57849.543587962966 93.42837130010348 0.0 100.01176581532795 0.0
57849.54371527778 89.51496558168361 0.0 96.09324119317654 0.0
57849.54375 92.06501885683835 0.0 98.51582389154547 0.0
57849.60907407408 71.88153669336793 0.0 86.67135681555932 0.0
57849.609189814815 72.16399826804222 0.0 95.34131721876932 0.0
57849.60931712963 99.94416581651979 0.0 86.60410493475467 0.0
57849.60943287037 68.64075001571588 0.0 80.85285951684084 0.0
57849.60954861111 74.60099855149393 0.0 81.62307889537125 0.0
57849.60967592592 66.2713765765432 0.0 80.51451550080893 0.0
57849.60972222222 70.95648924326795 0.0 80.90384069307217 0.0
57849.60979166667 79.13749161554213 0.0 81.28003803271748 0.0
57849.60990740741 65.91523047498202 0.0 81.54310018401311 0.0
57849.610034722224 65.86472365523142 0.0 81.79239119459707 0.0
57849.61015046296 67.06384683456504 0.0 80.97614809189184 0.0
57849.6102662037 65.99927563322191 0.0 81.02193372710873 0.0
57849.61039351852 77.56549556967968 0.0 86.62925708442847 0.0
57849.61041666667 72.87581527269523 0.0 84.34642874206352 0.0
57849.61050925926 68.9991824045039 0.0 82.25984555729484 0.0
57849.610625 96.33642545973979 0.0 86.59595005148913 0.0
57849.61075231482 87.80387599069873 0.0 87.00835043465656 0.0
57849.610868055555 67.82098069063879 0.0 80.36316979829752 0.0
57849.610983796294 68.69272595268002 0.0 80.21757926732768 0.0
57849.61111111111 65.85561173347341 0.0 80.64329704067164 0.0
57849.613969907405 79.76944068457544 0.0 79.48555021970975 0.0
57849.61409722222 79.70591921796021 0.0 79.21752619231428 0.0
57849.614212962966 79.92440597433303 0.0 79.32931589463003 0.0
57849.614328703705 80.37127963918455 0.0 80.20959347696508 0.0
57849.61445601852 82.41887372422654 0.0 81.7858573926446 0.0
57849.61457175926 80.48277325080194 0.0 80.07200235687877 0.0
57849.614583333336 81.2725667857242 0.0 80.71944041202218 0.0
57849.6146875 82.10150121696923 0.0 81.33910217128046 0.0
57849.61481481481 81.38489267235043 0.0 80.94836731392425 0.0
57849.61493055556 81.19315121794449 0.0 80.71481164804884 0.0
57849.6150462963 80.76066513804848 0.0 80.07130513305 0.0
57849.61517361111 81.0637653321137 0.0 80.68113705482837 0.0
57849.615277777775 80.84180566087079 0.0 80.36694918441286 0.0
57849.61528935185 80.5917710130507 0.0 80.1093273068124 0.0
57849.61540509259 82.31652979906283 0.0 82.60080921770682 0.0
57849.615532407406 81.3054324851052 0.0 80.39113518952199 0.0
57849.615648148145 80.23812675785746 0.0 80.33612744512895 0.0
57849.61576388889 79.9421633374404 0.0 79.38154494710972 0.0
57849.615891203706 79.72162790805265 0.0 79.34675125460399 0.0
57849.61597222222 80.00416647337812 0.0 79.68540238914528 0.0
57849.616006944445 80.30300836954989 0.0 80.00194528822408 0.0
57849.616122685184 80.3872190099894 0.0 79.65873605311597 0.0
57849.61625 81.77352235143108 0.0 82.00584082600459 0.0
57849.61636574074 90.79283948373903 0.0 90.32978468545134 0.0
57849.616481481484 81.73503417133928 0.0 81.29292164567589 0.0
57849.6166087963 79.37909955422775 0.0 79.08463405839342 0.0
57849.61666666667 79.32718396067013 0.0 79.03727830422807 0.0
57849.617666666665 79.32718396067013 0.0 79.03727830422807 0.0
