57849.15040046297 134.1773641952643 0.0 136.45464127511576 0.0
57849.151400462964 134.1773641952643 0.0 136.45464127511576 0.0
57849.16390046296 130.8139880335457 0.0 133.3680303852909 0.0
57849.176400462966 127.36182264749783 0.0 129.97963506804126 0.0
57849.18890046296 124.76954394743478 0.0 127.43756563525007 0.0
57849.20278935185 122.84989802616289 0.0 126.02937251476892 0.0
57849.213900462964 121.63473563360085 0.0 125.08176980446913 0.0
57849.225011574075 120.16032071277436 0.0 123.88707413853946 0.0
57849.236122685186 121.63473563360085 0.0 125.08176980446913 0.0
57849.25001157408 119.1672431832283 0.0 123.40595746998554 0.0
57849.26112268519 119.1672431832283 0.0 123.40595746998554 0.0
57849.2722337963 118.4169697655749 0.0 122.92295774004052 0.0
57849.28334490741 117.91413535072044 0.0 122.43805266352325 0.0
57849.29723379629 117.66191231248747 0.0 122.43805266352325 0.0
57849.308344907404 118.16582002417006 0.0 122.43805266352325 0.0
57849.31945601852 118.16582002417006 0.0 122.68074478009065 0.0
57849.33056712963 118.16582002417006 0.0 122.43805266352325 0.0
57849.33156712963 118.16582002417006 0.0 122.43805266352325 0.0
