57848.1083449 13071.8954248 12121.2121212
57848.1423727 19813.4997291 19414.5702044
57848.1722338 19466.0956096 19085.6507442
57848.1770949 19157.1400611 18782.733415
57848.1861227 18033.9201227 17597.1123689
57848.1909838 17171.7171717 16755.7932264
57848.2014005 17052.8817588 16636.9578134
57848.2083449 17052.8817588 16636.9578134
57848.2347338 15277.9724073 14796.776426
57848.2423727 15277.9724073 14796.776426
57848.2479282 15207.4351837 14728.4608472
57848.2583449 14309.3583028 13710.6403822
57848.2639005 14277.9366848 13680.5334762
57848.2715394 14277.9366848 13680.5334762
57848.2770949 14257.0356466 13660.5069585
57848.2847338 14257.0356466 13660.5069585
57848.2902894 14247.8352824 13651.6915468
57848.2979282 14247.8352824 13651.6915468
57848.3111227 13711.5929716 13055.8211338
57848.3166782 13711.5929716 13055.8211338
57848.3298727 13720.7890469 13064.5773968
57848.3375116 13741.5682518 13084.3628136
57848.3430671 13741.5682518 13084.3628136
57848.3534838 14003.8502686 13465.2406429
57848.3604282 14025.7146375 13486.2640746
57848.3673727 14052.7008503 13512.212356
57848.3743171 14085.4022049 13543.6559663
