57849.627475 9.053960103092297 0.0 9.053960103092297 0.0
57849.628475 9.053960103092297 0.0 9.053960103092297 0.0
57849.62859222222 9.589813143593169 0.0 9.589813143593169 0.0
57849.62863888888 9.28196308491245 0.0 9.28196308491245 0.0
57849.628685555545 8.773861473791932 0.0 8.773861473791932 0.0
57849.62880277776 8.435523962157244 0.0 8.435523962157244 0.0
57849.62884944443 8.328536253690217 0.0 8.328536253690217 0.0
57849.62889611111 8.311670768728868 0.0 8.311670768728868 0.0
57849.62901333333 9.059836927963458 0.0 9.059836927963458 0.0
57849.62906 8.783231824921996 0.0 8.783231824921996 0.0
57849.62910666665 8.950581166930249 0.0 8.950581166930249 0.0
57849.629223888885 8.674768752146989 0.0 8.674768752146989 0.0
57849.62927055555 8.779007218469266 0.0 8.779007218469266 0.0
57849.629317222214 8.978648508114016 0.0 8.978648508114016 0.0
57849.62943444443 8.413890205315065 0.0 8.413890205315065 0.0
57849.6294811111 8.488132132381905 0.0 8.488132132381905 0.0
57849.629527777775 8.53323672660369 0.0 8.53323672660369 0.0
57849.629644999986 8.588251540105764 0.0 8.588251540105764 0.0
57849.629691666654 8.668072673378306 0.0 8.668072673378306 0.0
57849.62973833334 9.536178987278886 0.0 9.536178987278886 0.0
57849.62985555554 12.236645123193194 0.0 12.236645123193194 0.0
57849.62990222222 10.391839229926777 0.0 10.391839229926777 0.0
57849.62994888889 9.515352620048876 0.0 9.515352620048876 0.0
57849.6300661111 9.345172982054217 0.0 9.345172982054217 0.0
57849.63011277777 9.575506387687556 0.0 9.575506387687556 0.0
57849.63015944443 10.044899203078147 0.0 10.044899203078147 0.0
57849.63027666666 8.907046865879158 0.0 8.907046865879158 0.0
57849.63032333333 9.69086700072839 0.0 9.69086700072839 0.0
57849.63037 10.160168908933773 0.0 10.160168908933773 0.0
57849.63048722221 9.1872983848846 0.0 9.1872983848846 0.0
57849.63053388889 9.634782418823193 0.0 9.634782418823193 0.0
57849.674308333335 8.996952889191016 0.0 8.996952889191016 0.0
57849.67442555555 8.599137241044744 0.0 8.599137241044744 0.0
57849.674472222214 8.422895065850138 0.0 8.422895065850138 0.0
57849.674518888874 8.481859199719773 0.0 8.481859199719773 0.0
57849.6746361111 8.372188984196235 0.0 8.372188984196235 0.0
57849.67468277777 8.637315891320153 0.0 8.637315891320153 0.0
57849.67472944444 9.13695085724674 0.0 9.13695085724674 0.0
57849.67484666667 9.655518228353385 0.0 9.655518228353385 0.0
57849.67489333334 11.08486326250293 0.0 11.08486326250293 0.0
57849.67493999999 12.179305557829137 0.0 12.179305557829137 0.0
57849.67505722222 11.149135652885905 0.0 11.149135652885905 0.0
57849.67510388889 10.442778026139683 0.0 10.442778026139683 0.0
57849.675150555544 9.889714435356726 0.0 9.889714435356726 0.0
57849.67526777777 9.89574688700216 0.0 9.89574688700216 0.0
57849.67531444443 10.291399478487193 0.0 10.291399478487193 0.0
57849.67536111111 11.209586910750879 0.0 11.209586910750879 0.0
57849.67547833332 10.9036838995197 0.0 10.9036838995197 0.0
57849.67552499999 10.778712592944034 0.0 10.778712592944034 0.0
57849.67557166667 10.352964356537788 0.0 10.352964356537788 0.0
57849.67568888888 10.1153030028126 0.0 10.1153030028126 0.0
57849.67573555555 11.488423345600646 0.0 11.488423345600646 0.0
57849.67578222222 11.507220734489195 0.0 11.507220734489195 0.0
57849.67589944443 9.332219595607743 0.0 9.332219595607743 0.0
57849.6759461111 9.519928164543288 0.0 9.519928164543288 0.0
57849.67599277777 9.559491145858233 0.0 9.559491145858233 0.0
57849.67611 8.560976730528191 0.0 8.560976730528191 0.0
57849.67615666667 8.67235132010661 0.0 8.67235132010661 0.0
57849.676203333336 8.75066817725293 0.0 8.75066817725293 0.0
57849.67632055555 8.451569810281669 0.0 8.451569810281669 0.0
57849.67636722222 8.503889053383638 0.0 8.503889053383638 0.0
57849.67736722222 8.503889053383638 0.0 8.503889053383638 0.0
