57849.34414166667 9.17535267846384 0.0 9.17535267846384 0.0
57849.345141666665 9.17535267846384 0.0 9.17535267846384 0.0
57849.34525888889 9.167262932708942 0.0 9.167262932708942 0.0
57849.345305555544 9.157228768010409 0.0 9.157228768010409 0.0
57849.34535222221 9.157757156041662 0.0 9.157757156041662 0.0
57849.34546944443 9.1443619153394 0.0 9.1443619153394 0.0
57849.3455161111 9.150533212032844 0.0 9.150533212032844 0.0
57849.34556277778 9.146125567868934 0.0 9.146125567868934 0.0
57849.34568 9.145420147670599 0.0 9.145420147670599 0.0
57849.34572666667 9.152119444291616 0.0 9.152119444291616 0.0
57849.34577333332 9.147007266613704 0.0 9.147007266613704 0.0
57849.34589055555 9.125999724290043 0.0 9.125999724290043 0.0
57849.34593722222 9.125822985423852 0.0 9.125822985423852 0.0
57849.345983888874 9.123525068602563 0.0 9.123525068602563 0.0
57849.3461011111 9.12511599572761 0.0 9.12511599572761 0.0
57849.34614777777 9.121226572865536 0.0 9.121226572865536 0.0
57849.34619444444 9.123348281796972 0.0 9.123348281796972 0.0
57849.34631166665 9.115920140062657 0.0 9.115920140062657 0.0
57849.34635833332 9.114504569552155 0.0 9.114504569552155 0.0
57849.346405 9.115920140062657 0.0 9.115920140062657 0.0
57849.34652222221 9.098032399831684 0.0 9.098032399831684 0.0
57849.34656888889 9.103880774773488 0.0 9.103880774773488 0.0
57849.34661555556 9.100691217987855 0.0 9.100691217987855 0.0
57849.34673277777 9.095550134987137 0.0 9.095550134987137 0.0
57849.34677944443 9.086679367925552 0.0 9.086679367925552 0.0
57849.3468261111 9.096259422634722 0.0 9.096259422634722 0.0
57849.34694333333 9.10264052438242 0.0 9.10264052438242 0.0
57849.34699 9.09501813295112 0.0 9.09501813295112 0.0
57849.347036666666 9.105120856224348 0.0 9.105120856224348 0.0
57849.34715388888 9.070512309036745 0.0 9.070512309036745 0.0
57849.34720055555 9.0772668900693 0.0 9.0772668900693 0.0
57849.387502777776 8.242102769592002 0.0 8.242102769592002 0.0
57849.38762 8.233487874567203 0.0 8.233487874567203 0.0
57849.387666666655 8.231920561389805 0.0 8.231920561389805 0.0
57849.38771333332 8.233879656246403 0.0 8.233879656246403 0.0
57849.38783055554 8.227412872868674 0.0 8.227412872868674 0.0
57849.38787722221 8.229373040831318 0.0 8.229373040831318 0.0
57849.38792388889 8.23035294974762 0.0 8.23035294974762 0.0
57849.38804111111 8.233487874567203 0.0 8.233487874567203 0.0
57849.38808777778 8.227412872868674 0.0 8.227412872868674 0.0
57849.38813444443 8.226236547895732 0.0 8.226236547895732 0.0
57849.38825166666 8.233291976736496 0.0 8.233291976736496 0.0
57849.38829833333 8.233291976736496 0.0 8.233291976736496 0.0
57849.388344999985 8.237404852845186 0.0 8.237404852845186 0.0
57849.38846222221 8.233683767737062 0.0 8.233683767737062 0.0
57849.38850888888 8.240145629781066 0.0 8.240145629781066 0.0
57849.38855555555 8.232704255275948 0.0 8.232704255275948 0.0
57849.388672777764 8.250122188733465 0.0 8.250122188733465 0.0
57849.38871944443 8.247189159480827 0.0 8.247189159480827 0.0
57849.38876611111 8.25852443275744 0.0 8.25852443275744 0.0
57849.38888333332 8.24425508675489 0.0 8.24425508675489 0.0
57849.38893 8.242298458013257 0.0 8.242298458013257 0.0
57849.38897666667 8.246993587108362 0.0 8.246993587108362 0.0
57849.38909388888 8.239166885537758 0.0 8.239166885537758 0.0
57849.38914055554 8.242298458013257 0.0 8.242298458013257 0.0
57849.38918722221 8.247775848773589 0.0 8.247775848773589 0.0
57849.38930444444 8.263600714833307 0.0 8.263600714833307 0.0
57849.38935111111 8.258133820273706 0.0 8.258133820273706 0.0
57849.38939777778 8.255594388635952 0.0 8.255594388635952 0.0
57849.38951499999 8.263795894178726 0.0 8.263795894178726 0.0
57849.38956166666 8.27432874189999 0.0 8.27432874189999 0.0
57849.425002777774 8.246993587108362 0.0 8.246993587108362 0.0
57849.42512 8.228393015218902 0.0 8.228393015218902 0.0
57849.42516666665 8.227412872868674 0.0 8.227412872868674 0.0
57849.42521333332 8.233096074244607 0.0 8.233096074244607 0.0
57849.42533055555 8.227412872868674 0.0 8.227412872868674 0.0
57849.42537722221 8.229177045045859 0.0 8.229177045045859 0.0
57849.42542388889 8.227412872868674 0.0 8.227412872868674 0.0
57849.42554111111 8.219175062600712 0.0 8.219175062600712 0.0
57849.425587777776 8.21250030686895 0.0 8.21250030686895 0.0
57849.42563444443 8.218193820872038 0.0 8.218193820872038 0.0
57849.42575166667 8.21367859908289 0.0 8.21367859908289 0.0
57849.42579833333 8.22682473140703 0.0 8.22682473140703 0.0
57849.42584499999 8.243276830437384 0.0 8.243276830437384 0.0
57849.42596222221 8.23035294974762 0.0 8.23035294974762 0.0
57849.42600888888 8.228000972289685 0.0 8.228000972289685 0.0
57849.42605555555 8.225844402189496 0.0 8.225844402189496 0.0
57849.42617277776 8.218193820872038 0.0 8.218193820872038 0.0
57849.42621944443 8.221333382161628 0.0 8.221333382161628 0.0
57849.42626611111 8.223294999278652 0.0 8.223294999278652 0.0
57849.426383333324 8.235838285084556 0.0 8.235838285084556 0.0
57849.42643 8.253249604383601 0.0 8.253249604383601 0.0
57849.42647666667 8.247775848773589 0.0 8.247775848773589 0.0
57849.42659388888 8.244646356781296 0.0 8.244646356781296 0.0
57849.426640555546 8.259305602304474 0.0 8.259305602304474 0.0
57849.426687222214 8.262624748948454 0.0 8.262624748948454 0.0
57849.42680444445 8.23994989023285 0.0 8.23994989023285 0.0
57849.42685111111 8.238383806423169 0.0 8.238383806423169 0.0
57849.426897777776 8.242102769592002 0.0 8.242102769592002 0.0
57849.42701499999 8.290102921653801 0.0 8.290102921653801 0.0
57849.42706166667 8.278616060125493 0.0 8.278616060125493 0.0
57849.46528055555 8.164439020295823 0.0 8.164439020295823 0.0
57849.46539777778 8.150004947554404 0.0 8.150004947554404 0.0
57849.46544444443 8.152775106396831 0.0 8.152775106396831 0.0
57849.4654911111 8.157917191491086 0.0 8.157917191491086 0.0
57849.465608333325 8.150796517578375 0.0 8.150796517578375 0.0
57849.465654999985 8.151785872017603 0.0 8.151785872017603 0.0
57849.46570166667 8.153368589413747 0.0 8.153368589413747 0.0
57849.465818888886 8.167401766345478 0.0 8.167401766345478 0.0
57849.465865555554 8.167401766345478 0.0 8.167401766345478 0.0
57849.46591222221 8.155742089611348 0.0 8.155742089611348 0.0
57849.46602944445 8.15692858072006 0.0 8.15692858072006 0.0
57849.46607611111 8.158312602255997 0.0 8.158312602255997 0.0
57849.46612277777 8.155346554215512 0.0 8.155346554215512 0.0
57849.46623999999 8.154950999635227 0.0 8.154950999635227 0.0
57849.466286666655 8.158312602255997 0.0 8.158312602255997 0.0
57849.46633333333 8.17786153923131 0.0 8.17786153923131 0.0
57849.46645055554 8.181213728079479 0.0 8.181213728079479 0.0
57849.46649722221 8.204640700984903 0.0 8.204640700984903 0.0
57849.46654388889 8.238383806423169 0.0 8.238383806423169 0.0
57849.4666611111 8.169178898210502 0.0 8.169178898210502 0.0
57849.46670777778 8.175494460729539 0.0 8.175494460729539 0.0
57849.466754444446 8.161475198722032 0.0 8.161475198722032 0.0
57849.46687166666 8.197363856359457 0.0 8.197363856359457 0.0
57849.466918333324 8.19756061276768 0.0 8.19756061276768 0.0
57849.466964999985 8.223491135254717 0.0 8.223491135254717 0.0
57849.467082222225 8.190277477673776 0.0 8.190277477673776 0.0
57849.467128888886 8.199921321416404 0.0 8.199921321416404 0.0
57849.467175555554 8.18239652566568 0.0 8.18239652566568 0.0
57849.467292777765 8.17786153923131 0.0 8.17786153923131 0.0
57849.46733944445 8.18968666933818 0.0 8.18968666933818 0.0
57849.509725 8.121655639251188 0.0 8.121655639251188 0.0
57849.50984222222 8.128206563288353 0.0 8.128206563288353 0.0
57849.509888888875 8.128008128012192 0.0 8.128008128012192 0.0
57849.50993555554 8.128404993720201 0.0 8.128404993720201 0.0
57849.51005277777 8.14287735465193 0.0 8.14287735465193 0.0
57849.51009944444 8.142679276899688 0.0 8.142679276899688 0.0
57849.51014611111 8.14287735465193 0.0 8.14287735465193 0.0
57849.51026333333 8.141094481385087 0.0 8.141094481385087 0.0
57849.51031 8.138122157971367 0.0 8.138122157971367 0.0
57849.51035666666 8.146441930624208 0.0 8.146441930624208 0.0
57849.51047388889 8.128603419308083 0.0 8.128603419308083 0.0
57849.51052055555 8.128603419308083 0.0 8.128603419308083 0.0
57849.51056722221 8.128008128012192 0.0 8.128008128012192 0.0
57849.51068444443 8.142481194328912 0.0 8.142481194328912 0.0
57849.5107311111 8.152775106396831 0.0 8.152775106396831 0.0
57849.51077777778 8.133959080458952 0.0 8.133959080458952 0.0
57849.510894999985 8.135545265942138 0.0 8.135545265942138 0.0
57849.51094166665 8.13435565582695 0.0 8.13435565582695 0.0
57849.510988333335 8.146837898346542 0.0 8.146837898346542 0.0
57849.511105555546 8.148817448344982 0.0 8.148817448344982 0.0
57849.51115222222 8.151983728496852 0.0 8.151983728496852 0.0
57849.51119888889 8.157917191491086 0.0 8.157917191491086 0.0
57849.5113161111 8.162265656370252 0.0 8.162265656370252 0.0
57849.51136277777 8.165031655510214 0.0 8.165031655510214 0.0
57849.511409444436 8.146837898346542 0.0 8.146837898346542 0.0
57849.51152666667 8.166809303121287 0.0 8.166809303121287 0.0
57849.51157333334 8.178453201809834 0.0 8.178453201809834 0.0
57849.51162 8.177269833843315 0.0 8.177269833843315 0.0
57849.51173722221 8.145847942950901 0.0 8.145847942950901 0.0
57849.51178388889 8.160487018989539 0.0 8.160487018989539 0.0
57849.56250277778 8.352322450826515 0.0 8.352322450826515 0.0
57849.56262 8.424426849461957 0.0 8.424426849461957 0.0
57849.56266666666 8.416956771323147 0.0 8.416956771323147 0.0
57849.56271333332 8.395083046333653 0.0 8.395083046333653 0.0
57849.562830555544 8.386432976213197 0.0 8.386432976213197 0.0
57849.56287722221 8.436097553696488 0.0 8.436097553696488 0.0
57849.56292388889 8.489842127792409 0.0 8.489842127792409 0.0
57849.56304111111 8.387586834318068 0.0 8.387586834318068 0.0
57849.56308777778 8.437053452938528 0.0 8.437053452938528 0.0
57849.563134444434 8.435332756310057 0.0 8.435332756310057 0.0
57849.56325166667 8.44450575340883 0.0 8.44450575340883 0.0
57849.563298333334 8.534370736672255 0.0 8.534370736672255 0.0
57849.56334499999 8.613380438634135 0.0 8.613380438634135 0.0
57849.56346222221 8.389125064918195 0.0 8.389125064918195 0.0
57849.563508888874 8.448706715307988 0.0 8.448706715307988 0.0
57849.56355555556 8.450806413133488 0.0 8.450806413133488 0.0
57849.56367277777 8.363515235639511 0.0 8.363515235639511 0.0
57849.563719444435 8.422320575172126 0.0 8.422320575172126 0.0
57849.56376611111 8.431699021377408 0.0 8.431699021377408 0.0
57849.56388333332 8.310506370193831 0.0 8.310506370193831 0.0
57849.56393 8.333376343975027 0.0 8.333376343975027 0.0
57849.563976666665 8.37969897064982 0.0 8.37969897064982 0.0
57849.564093888876 8.430168559138298 0.0 8.430168559138298 0.0
57849.56414055554 8.444314750937654 0.0 8.444314750937654 0.0
57849.56418722221 8.418489635435533 0.0 8.418489635435533 0.0
57849.564304444444 8.422703573311301 0.0 8.422703573311301 0.0
57849.56435111111 8.376618765079611 0.0 8.376618765079611 0.0
57849.56439777778 8.365250704840753 0.0 8.365250704840753 0.0
57849.56451499999 8.378351520051446 0.0 8.378351520051446 0.0
57849.564561666666 8.404299974686536 0.0 8.404299974686536 0.0
57849.56556166666 8.404299974686536 0.0 8.404299974686536 0.0
