57849.63233611111 8.307206354687168 0.0 8.307206354687168 0.0
57849.63333611111 8.307206354687168 0.0 8.307206354687168 0.0
57849.633453333336 8.27432874189999 0.0 8.27432874189999 0.0
57849.63349999999 8.320786253171494 0.0 8.320786253171494 0.0
57849.63354666666 8.283485319130955 0.0 8.283485319130955 0.0
57849.633663888875 8.468156671871089 0.0 8.468156671871089 0.0
57849.63371055554 8.48528137423857 0.0 8.48528137423857 0.0
57849.633757222226 8.42806371977076 0.0 8.42806371977076 0.0
57849.633874444444 8.51279871343637 0.0 8.51279871343637 0.0
57849.63392111111 8.636942409993734 0.0 8.636942409993734 0.0
57849.633967777765 8.67699963009364 0.0 8.67699963009364 0.0
57849.634085 8.633767166415305 0.0 8.633767166415305 0.0
57849.634131666666 8.563048899288903 0.0 8.563048899288903 0.0
57849.63417833332 8.459962632419572 0.0 8.459962632419572 0.0
57849.634295555545 8.733879158844044 0.0 8.733879158844044 0.0
57849.63434222221 8.955445270895245 0.0 8.955445270895245 0.0
57849.63438888889 8.848728722251575 0.0 8.848728722251575 0.0
57849.6345061111 8.79405957854322 0.0 8.79405957854322 0.0
57849.63455277777 8.626852302268846 0.0 8.626852302268846 0.0
57849.63459944444 8.519427513705972 0.0 8.519427513705972 0.0
57849.63471666665 8.842711596964858 0.0 8.842711596964858 0.0
57849.634763333335 9.116981673707022 0.0 9.116981673707022 0.0
57849.63481 9.32028658011565 0.0 9.32028658011565 0.0
57849.634927222214 9.103703606491079 0.0 9.103703606491079 0.0
57849.634973888875 8.859294372250734 0.0 8.859294372250734 0.0
57849.63502055554 8.745136897432696 0.0 8.745136897432696 0.0
57849.635137777776 8.564743937192603 0.0 8.564743937192603 0.0
57849.63518444444 8.481098528968078 0.0 8.481098528968078 0.0
57849.63523111111 8.388163703849647 0.0 8.388163703849647 0.0
57849.63534833332 8.291659237042113 0.0 8.291659237042113 0.0
57849.635395 8.328536253690217 0.0 8.328536253690217 0.0
57849.63544166666 8.402956468967028 0.0 8.402956468967028 0.0
57849.63555888889 8.382008382012572 0.0 8.382008382012572 0.0
57849.63560555556 8.334344024731681 0.0 8.334344024731681 0.0
57849.63565222222 8.318459845040328 0.0 8.318459845040328 0.0
57849.635769444445 8.529455604153513 0.0 8.529455604153513 0.0
57849.63581611111 8.448897618490943 0.0 8.448897618490943 0.0
57849.635862777766 8.426341187398693 0.0 8.426341187398693 0.0
57849.63598 8.368335094752391 0.0 8.368335094752391 0.0
57849.63602666667 8.353674099924053 0.0 8.353674099924053 0.0
57849.63607333332 8.489082172357165 0.0 8.489082172357165 0.0
57849.636190555546 8.675698354339199 0.0 8.675698354339199 0.0
57849.63623722222 8.479006332530762 0.0 8.479006332530762 0.0
57849.636283888874 8.377196389893143 0.0 8.377196389893143 0.0
57849.636401111115 9.360004135648383 0.0 9.360004135648383 0.0
57849.636447777775 9.344827791436979 0.0 9.344827791436979 0.0
57849.63649444444 8.993904746029122 0.0 8.993904746029122 0.0
57849.636611666654 8.819150716187963 0.0 8.819150716187963 0.0
57849.63665833334 9.10653788539116 0.0 9.10653788539116 0.0
57849.63670499999 9.287000974306732 0.0 9.287000974306732 0.0
57849.63682222221 8.57848020226457 0.0 8.57848020226457 0.0
57849.63686888889 8.45042468869789 0.0 8.45042468869789 0.0
57849.63691555556 8.468728053179515 0.0 8.468728053179515 0.0
57849.63703277777 8.344401252220827 0.0 8.344401252220827 0.0
57849.63707944443 8.3773889226471 0.0 8.3773889226471 0.0
57849.63712611111 8.369876863471614 0.0 8.369876863471614 0.0
57849.63724333332 8.727782854103733 0.0 8.727782854103733 0.0
57849.63729 9.262654813472668 0.0 9.262654813472668 0.0
57849.63733666667 9.191861758133939 0.0 9.191861758133939 0.0
57849.63745388888 8.579044235810889 0.0 8.579044235810889 0.0
57849.640280555555 8.359078510720371 0.0 8.359078510720371 0.0
57849.64039777778 8.34807298606362 0.0 8.34807298606362 0.0
57849.640444444434 8.425766931686207 0.0 8.425766931686207 0.0
57849.6404911111 8.498386943718279 0.0 8.498386943718279 0.0
57849.64060833332 8.418872807854903 0.0 8.418872807854903 0.0
57849.64065499999 8.57415471240507 0.0 8.57415471240507 0.0
57849.64070166666 8.798276957413584 0.0 8.798276957413584 0.0
57849.64081888889 8.624047399474744 0.0 8.624047399474744 0.0
57849.64086555556 8.560976730528191 0.0 8.560976730528191 0.0
57849.64091222221 8.48718198606087 0.0 8.48718198606087 0.0
57849.64102944444 8.421554526639444 0.0 8.421554526639444 0.0
57849.64107611111 8.700018539097785 0.0 8.700018539097785 0.0
57849.641122777764 9.127236800527488 0.0 9.127236800527488 0.0
57849.64123999999 8.829934424189336 0.0 8.829934424189336 0.0
57849.64128666666 8.535126659679644 0.0 8.535126659679644 0.0
57849.64133333333 8.617499075867698 0.0 8.617499075867698 0.0
57849.641450555544 9.207465414262424 0.0 9.207465414262424 0.0
57849.64149722221 12.316393481336036 0.0 12.316393481336036 0.0
57849.64154388889 9.607960409254737 0.0 9.607960409254737 0.0
57849.6416611111 9.217269905787127 0.0 9.217269905787127 0.0
57849.64170777778 8.998386952222907 0.0 8.998386952222907 0.0
57849.64175444444 8.607573559409479 0.0 8.607573559409479 0.0
57849.64187166665 8.97541444815386 0.0 8.97541444815386 0.0
57849.64191833332 8.99731142637765 0.0 8.99731142637765 0.0
57849.64196499999 9.72724806092194 0.0 9.72724806092194 0.0
57849.64208222222 10.85357084097211 0.0 10.85357084097211 0.0
57849.64212888889 9.292556854990224 0.0 9.292556854990224 0.0
57849.64217555556 9.231957119596284 0.0 9.231957119596284 0.0
57849.64229277777 8.547589737614965 0.0 8.547589737614965 0.0
57849.64233944444 8.795526722293593 0.0 8.795526722293593 0.0
57849.642386111096 9.418752742577249 0.0 9.418752742577249 0.0
57849.642503333336 9.808653190900106 0.0 9.808653190900106 0.0
57849.64255 10.906641953859008 0.0 10.906641953859008 0.0
57849.642596666665 11.806914321974714 0.0 11.806914321974714 0.0
57849.64271388889 9.001791936304468 0.0 9.001791936304468 0.0
57849.64276055556 8.937236348468529 0.0 8.937236348468529 0.0
57849.64280722221 9.80996859683902 0.0 9.80996859683902 0.0
57849.642924444444 9.819500020121254 0.0 9.819500020121254 0.0
57849.64297111111 9.288737543998664 0.0 9.288737543998664 0.0
57849.643017777766 9.196072092773298 0.0 9.196072092773298 0.0
57849.64313499999 8.765217182595334 0.0 8.765217182595334 0.0
57849.643181666666 8.74790297451983 0.0 8.74790297451983 0.0
57849.64322833332 8.622551078235153 0.0 8.622551078235153 0.0
57849.64334555555 8.451951482998926 0.0 8.451951482998926 0.0
57849.64339222222 8.661743845878433 0.0 8.661743845878433 0.0
57849.64343888889 8.587875925001818 0.0 8.587875925001818 0.0
57849.6435561111 8.816406992537523 0.0 8.816406992537523 0.0
57849.643602777775 9.177637618584889 0.0 9.177637618584889 0.0
57849.643649444435 9.411386377595338 0.0 9.411386377595338 0.0
57849.64376666665 8.97667227658949 0.0 8.97667227658949 0.0
57849.643813333336 8.945353812941647 0.0 8.945353812941647 0.0
57849.64386 8.989599725561002 0.0 8.989599725561002 0.0
57849.64397722221 8.532858689756607 0.0 8.532858689756607 0.0
57849.644023888875 8.676627856935085 0.0 8.676627856935085 0.0
57849.64407055556 9.21779485210448 0.0 9.21779485210448 0.0
57849.64418777777 8.543248607771726 0.0 8.543248607771726 0.0
57849.644234444444 8.520374064179833 0.0 8.520374064179833 0.0
57849.64428111111 8.644595552023503 0.0 8.644595552023503 0.0
57849.64439833332 9.15405779933404 0.0 9.15405779933404 0.0
57849.653475 10.18601191387863 0.0 10.18601191387863 0.0
57849.653592222225 8.770000183911426 0.0 8.770000183911426 0.0
57849.65363888888 8.928208287546077 0.0 8.928208287546077 0.0
57849.653685555546 9.718621965238993 0.0 9.718621965238993 0.0
57849.653802777764 10.760291397900986 0.0 10.760291397900986 0.0
57849.65384944443 11.94395514543357 0.0 11.94395514543357 0.0
57849.653896111115 12.208273239237029 0.0 12.208273239237029 0.0
57849.65401333333 13.318069219745611 0.0 13.318069219745611 0.0
57849.654434444434 10.371331454014582 0.0 10.371331454014582 0.0
57849.6544811111 10.155087712649896 0.0 10.155087712649896 0.0
57849.65452777778 10.508061421532977 0.0 10.508061421532977 0.0
57849.65464499999 13.731879555582779 0.0 13.731879555582779 0.0
57849.654691666656 13.301588554173376 0.0 13.301588554173376 0.0
57849.65473833333 12.200740326559249 0.0 12.200740326559249 0.0
57849.65485555554 8.970381370682288 0.0 8.970381370682288 0.0
57849.654902222224 8.816772871689944 0.0 8.816772871689944 0.0
57849.65494888889 8.732032243228044 0.0 8.732032243228044 0.0
57849.655066111096 9.222168242705953 0.0 9.222168242705953 0.0
57849.655112777764 9.004120920355696 0.0 9.004120920355696 0.0
57849.65515944443 8.954904945371847 0.0 8.954904945371847 0.0
57849.655276666665 11.052513945529725 0.0 11.052513945529725 0.0
57849.65532333333 11.945575507004607 0.0 11.945575507004607 0.0
57849.65537 10.745741842326915 0.0 10.745741842326915 0.0
57849.65548722221 12.26613486458261 0.0 12.26613486458261 0.0
57849.65553388889 14.368536415017275 0.0 14.368536415017275 0.0
57849.65558055555 12.647452886495724 0.0 12.647452886495724 0.0
57849.65569777778 9.286479940075214 0.0 9.286479940075214 0.0
57849.65574444445 10.374441298598423 0.0 10.374441298598423 0.0
57849.65579111111 10.755793637579401 0.0 10.755793637579401 0.0
57849.655908333334 9.550375773725076 0.0 9.550375773725076 0.0
57849.655955 9.786264238305415 0.0 9.786264238305415 0.0
57849.656001666655 9.168318521742634 0.0 9.168318521742634 0.0
57849.65611888889 10.250885091605031 0.0 10.250885091605031 0.0
57849.656165555556 9.947442530782766 0.0 9.947442530782766 0.0
57849.65621222221 9.142421504598326 0.0 9.142421504598326 0.0
57849.656329444435 12.10278560310967 0.0 12.10278560310967 0.0
57849.65637611111 12.807004132064208 0.0 12.807004132064208 0.0
57849.65642277776 10.52079354298874 0.0 10.52079354298874 0.0
57849.65654 10.114665175521294 0.0 10.114665175521294 0.0
57849.656586666664 10.128051113360295 0.0 10.128051113360295 0.0
57849.65663333333 9.91772606611922 0.0 9.91772606611922 0.0
57849.65675055554 9.763493557718617 0.0 9.763493557718617 0.0
57849.656797222226 9.34396475910279 0.0 9.34396475910279 0.0
57849.65684388888 8.985651644920972 0.0 8.985651644920972 0.0
57849.6569611111 12.163138389571623 0.0 12.163138389571623 0.0
57849.65700777778 12.767903306287595 0.0 12.767903306287595 0.0
57849.65705444445 12.01034500323676 0.0 12.01034500323676 0.0
57849.65717166666 9.824426438154529 0.0 9.824426438154529 0.0
57849.65721833332 10.262364690082793 0.0 10.262364690082793 0.0
57849.657265 10.46653653778432 0.0 10.46653653778432 0.0
57849.65738222221 8.858201958382066 0.0 8.858201958382066 0.0
57849.65742888889 8.951662307332429 0.0 8.951662307332429 0.0
57849.657475555556 9.189229319364655 0.0 9.189229319364655 0.0
57849.65759277777 8.979905883550192 0.0 8.979905883550192 0.0
57849.660419444444 11.03338043715378 0.0 11.03338043715378 0.0
57849.66053666667 9.156348053532007 0.0 9.156348053532007 0.0
57849.66058333332 9.481220827883758 0.0 9.481220827883758 0.0
57849.66062999999 9.356557128042482 0.0 9.356557128042482 0.0
57849.66074722221 8.95310362478448 0.0 8.95310362478448 0.0
57849.66079388888 8.968223472799087 0.0 8.968223472799087 0.0
57849.66084055555 9.644152498760835 0.0 9.644152498760835 0.0
57849.66095777778 9.156700349488487 0.0 9.156700349488487 0.0
57849.661004444446 8.819516481516544 0.0 8.819516481516544 0.0
57849.6610511111 8.939582150875848 0.0 8.939582150875848 0.0
57849.66116833333 8.868028838691886 0.0 8.868028838691886 0.0
57849.661215 8.847088093940032 0.0 8.847088093940032 0.0
57849.66126166665 9.31266913680567 0.0 9.31266913680567 0.0
57849.66137888888 9.14630191441751 0.0 9.14630191441751 0.0
57849.66142555555 9.333947752433657 0.0 9.333947752433657 0.0
57849.66147222222 9.595361782753972 0.0 9.595361782753972 0.0
57849.66158944443 8.920979260582437 0.0 8.920979260582437 0.0
57849.6616361111 9.254118525144325 0.0 9.254118525144325 0.0
57849.661682777776 9.962348472964305 0.0 9.962348472964305 0.0
57849.66179999999 9.569609153713579 0.0 9.569609153713579 0.0
57849.66184666667 9.617692030835673 0.0 9.617692030835673 0.0
57849.66189333333 9.180800443000248 0.0 9.180800443000248 0.0
57849.66201055554 8.52813181523741 0.0 8.52813181523741 0.0
57849.66205722221 8.739786666031495 0.0 8.739786666031495 0.0
57849.66210388888 8.959226637131348 0.0 8.959226637131348 0.0
57849.66222111111 8.486611847207417 0.0 8.486611847207417 0.0
57849.66226777778 8.650936924831862 0.0 8.650936924831862 0.0
57849.662314444446 8.810184722167277 0.0 8.810184722167277 0.0
57849.66243166666 8.595009805019833 0.0 8.595009805019833 0.0
57849.66247833333 8.832491337431726 0.0 8.832491337431726 0.0
57849.662524999985 8.602137768807728 0.0 8.602137768807728 0.0
57849.662642222225 8.814211398681401 0.0 8.814211398681401 0.0
57849.662688888886 8.955985563820146 0.0 8.955985563820146 0.0
57849.662735555554 8.95310362478448 0.0 8.95310362478448 0.0
57849.66285277778 8.554568671843738 0.0 8.554568671843738 0.0
57849.66289944445 8.818784935689015 0.0 8.818784935689015 0.0
57849.6629461111 9.222343135192151 0.0 9.222343135192151 0.0
57849.66306333333 8.39604361512592 0.0 8.39604361512592 0.0
57849.66311 8.346720429934376 0.0 8.346720429934376 0.0
57849.663156666655 8.369876863471614 0.0 8.369876863471614 0.0
57849.66327388888 8.505406250372227 0.0 8.505406250372227 0.0
57849.663320555555 8.400652816414656 0.0 8.400652816414656 0.0
57849.66336722221 8.434759112762057 0.0 8.434759112762057 0.0
57849.66348444444 8.584494649488505 0.0 8.584494649488505 0.0
57849.66353111111 8.669933214015197 0.0 8.669933214015197 0.0
57849.66357777778 8.555134281859354 0.0 8.555134281859354 0.0
57849.66369499999 8.421171476241181 0.0 8.421171476241181 0.0
57849.66374166666 8.379506490972965 0.0 8.379506490972965 0.0
57849.663788333324 8.512419768936484 0.0 8.512419768936484 0.0
57849.66390555554 8.473297716565162 0.0 8.473297716565162 0.0
57849.663952222225 8.428446456934951 0.0 8.428446456934951 0.0
57849.663998888886 8.48946215857845 0.0 8.48946215857845 0.0
57849.6641161111 8.409288259553128 0.0 8.409288259553128 0.0
57849.664162777764 8.485091289641401 0.0 8.485091289641401 0.0
57849.66420944445 8.485851602482501 0.0 8.485851602482501 0.0
57849.66432666666 8.376618765079611 0.0 8.376618765079611 0.0
57849.66437333333 8.526051160243924 0.0 8.526051160243924 0.0
57849.66442 8.404491886543038 0.0 8.404491886543038 0.0
57849.66453722221 9.421492245341618 0.0 9.421492245341618 0.0
57849.66736388889 8.565685479979724 0.0 8.565685479979724 0.0
57849.66748111111 9.486152896416625 0.0 9.486152896416625 0.0
57849.66752777777 9.356901885946321 0.0 9.356901885946321 0.0
57849.66757444444 8.88783147832455 0.0 8.88783147832455 0.0
57849.667691666655 9.316478636993079 0.0 9.316478636993079 0.0
57849.66773833332 10.300798591026972 0.0 10.300798591026972 0.0
57849.667785 10.506986922688556 0.0 10.506986922688556 0.0
57849.66790222222 9.460955417892787 0.0 9.460955417892787 0.0
57849.66794888889 10.483627788742943 0.0 10.483627788742943 0.0
57849.667995555545 12.326603801953016 0.0 12.326603801953016 0.0
57849.66811277778 9.081707953619667 0.0 9.081707953619667 0.0
57849.668159444445 8.7264891510404 0.0 8.7264891510404 0.0
57849.6682061111 8.983497415063447 0.0 8.983497415063447 0.0
57849.668323333324 10.190602881909106 0.0 10.190602881909106 0.0
57849.668369999985 9.056275671171791 0.0 9.056275671171791 0.0
57849.66841666667 8.592945343560574 0.0 8.592945343560574 0.0
57849.66853388888 9.031307553673072 0.0 9.031307553673072 0.0
57849.668580555546 9.477137174920392 0.0 9.477137174920392 0.0
57849.66862722222 9.600907215197878 0.0 9.600907215197878 0.0
57849.66874444443 9.207815754441548 0.0 9.207815754441548 0.0
57849.66879111111 8.943730909449654 0.0 8.943730909449654 0.0
57849.668837777775 8.979187404860916 0.0 8.979187404860916 0.0
57849.66895499999 8.735171767426879 0.0 8.735171767426879 0.0
57849.669001666654 8.631711974626077 0.0 8.631711974626077 0.0
57849.66904833332 8.791858403861402 0.0 8.791858403861402 0.0
57849.66921222222 15.382751127742544 0.0 15.382751127742544 0.0
57849.66925888889 12.63290633942345 0.0 12.63290633942345 0.0
57849.6693761111 9.40367121171644 0.0 9.40367121171644 0.0
57849.66942277778 9.367755265253113 0.0 9.367755265253113 0.0
57849.66946944443 9.91935221610246 0.0 9.91935221610246 0.0
57849.66958666666 8.446797446178888 0.0 8.446797446178888 0.0
57849.66963333333 8.367756858245206 0.0 8.367756858245206 0.0
57849.66968 8.501233307111121 0.0 8.501233307111121 0.0
57849.669797222225 8.601762760076864 0.0 8.601762760076864 0.0
57849.66984388889 8.799376810778394 0.0 8.799376810778394 0.0
57849.669890555546 8.719832789163316 0.0 8.719832789163316 0.0
57849.67000777778 8.459199992678329 0.0 8.459199992678329 0.0
57849.67005444445 8.479576982754011 0.0 8.479576982754011 0.0
57849.6701011111 8.558338699205738 0.0 8.558338699205738 0.0
57849.67021833332 8.402572570734014 0.0 8.402572570734014 0.0
57849.670265 8.376041100432174 0.0 8.376041100432174 0.0
57849.670311666654 8.357534749959116 0.0 8.357534749959116 0.0
57849.67042888889 8.475201015790983 0.0 8.475201015790983 0.0
57849.670475555555 8.81146613702118 0.0 8.81146613702118 0.0
57849.67052222222 9.380659582009594 0.0 9.380659582009594 0.0
57849.67063944443 9.005732941102108 0.0 9.005732941102108 0.0
57849.67068611111 9.762667536045402 0.0 9.762667536045402 0.0
57849.67073277777 11.692291367364861 0.0 11.692291367364861 0.0
57849.67084999999 9.310590570645534 0.0 9.310590570645534 0.0
57849.67089666667 9.860969002964127 0.0 9.860969002964127 0.0
57849.67094333333 10.37459676635753 0.0 10.37459676635753 0.0
57849.67106055554 9.406929498016085 0.0 9.406929498016085 0.0
57849.67110722221 9.465898045428737 0.0 9.465898045428737 0.0
57849.67115388889 10.270534113070358 0.0 10.270534113070358 0.0
57849.6712711111 9.025590857255864 0.0 9.025590857255864 0.0
57849.67131777778 9.32824361990284 0.0 9.32824361990284 0.0
57849.671364444446 9.668538936224559 0.0 9.668538936224559 0.0
57849.67148166666 10.242699996866374 0.0 10.242699996866374 0.0
57849.672481666654 10.242699996866374 0.0 10.242699996866374 0.0
