57849.36984490741 205.24900460625813 0.0 204.0634211058721 0.0
57849.370844907404 205.24900460625813 0.0 204.0634211058721 0.0
57849.378483796296 194.2427440410492 0.0 193.13007702272347 0.0
57849.39306712963 178.12651475416854 0.0 176.89233526310971 0.0
57849.40903935185 167.99824575379276 0.0 167.03310895867253 0.0
57849.41667824074 162.05747826813257 0.0 160.86470680820634 0.0
57849.429872685185 157.21884713429392 0.0 155.98318980799496 0.0
57849.43751157408 153.97293555730977 0.0 152.51217756939982 0.0
57849.450011574074 149.07119849998597 0.0 147.75737786205815 0.0
57849.457650462966 148.27188336402858 0.0 146.94995445260554 0.0
57849.47292824074 145.64381625088382 0.0 144.2946288560882 0.0
57849.48056712963 144.20886681055885 0.0 142.84439477411047 0.0
57849.49376157407 143.79625118142837 0.0 142.42732995762373 0.0
57849.50140046296 144.62030521243744 0.0 143.26024542037476 0.0
57849.51459490741 144.62030521243744 0.0 143.05247120600177 0.0
57849.52570601852 146.05121233688638 0.0 144.70631194333 0.0
57849.53334490741 145.64381625088382 0.0 144.5006170107183 0.0
57849.54653935185 147.0647651800285 0.0 145.7304316711186 0.0
57849.55417824074 149.27035850663302 0.0 147.95854524978637 0.0
57849.56737268518 151.8356681181785 0.0 150.54926206839966 0.0
57849.57848379629 154.93467467458058 0.0 153.67789270266698 0.0
57849.586122685185 160.58419788638614 0.0 159.7514428664665 0.0
57849.59376157408 169.05595764483112 0.0 167.92111685910737 0.0
57849.60070601852 167.82131232318267 0.0 166.85494025841044 0.0
57849.60170601852 167.82131232318267 0.0 166.85494025841044 0.0
