57849.036412 69.658198955 0.0 68.5684242308 0.0
57849.0397454 70.411417773 0.0 69.3126861723 0.0
57849.0404861 71.3764688089 0.0 69.5617016546 0.0
57849.0425231 70.411417773 0.0 69.3126861723 0.0
57849.0432639 71.3764688089 0.0 69.5617016546 0.0
57849.0458449 68.248968109 0.0 67.1739265228 0.0
57849.0612153 66.4620307813 0.0 65.3783657765 0.0
57849.0649306 66.9507910854 0.0 65.8631070965 0.0
57849.0656481 68.1127064983 0.0 66.1953948521 0.0
57849.0677083 66.9507910854 0.0 65.8631070965 0.0
57849.0684259 68.1127064983 0.0 66.1953948521 0.0
57849.0714583 65.4934633786 0.0 64.411391681 0.0
57849.1000231 63.7161339877 0.0 62.6399556589 0.0
57849.1035532 64.3564741715 0.0 63.2783636867 0.0
57849.1043171 65.2742959201 0.0 63.3260878962 0.0
57849.106331 64.3564741715 0.0 63.2783636867 0.0
57849.1070949 65.2742959201 0.0 63.3260878962 0.0
57849.1098032 63.0716277316 0.0 61.9812527534 0.0
57849.1251273 62.7299565852 0.0 61.6204757666 0.0
57849.1294907 63.3146931962 0.0 62.1598407756 0.0
57849.1302315 64.2233611107 0.0 62.1938542431 0.0
57849.1322685 63.3146931962 0.0 62.1598407756 0.0
57849.1330093 64.2233611107 0.0 62.1938542431 0.0
57849.1351968 62.3565773121 0.0 61.2102770373 0.0
57849.1515741 62.2375014903 0.0 61.089313568 0.0
57849.1548495 62.7552626977 0.0 61.6325419297 0.0
57849.1556366 63.6397091781 0.0 61.6225978784 0.0
57849.1576273 62.7552626977 0.0 61.6325419297 0.0
57849.1584144 63.6397091781 0.0 61.6225978784 0.0
57849.1611574 61.7707217047 0.0 60.6365679338 0.0
57849.1763889 62.0308993318 0.0 60.8831932554 0.0
57849.1822917 62.6038364406 0.0 61.4865059341 0.0
57849.1850694 62.6038364406 0.0 61.4865059341 0.0
57849.1861343 61.6588609292 0.0 60.5006032718 0.0
57849.202963 61.9844434996 0.0 60.824343392 0.0
57849.2064931 62.5784044549 0.0 61.4883533931 0.0
57849.2092708 62.5784044549 0.0 61.4883533931 0.0
57849.2111574 61.562377854 0.0 60.3889859616 0.0
57849.2250347 62.1676819108 0.0 61.0250350788 0.0
57849.2285069 62.8987522429 0.0 61.8213967299 0.0
57849.2292361 63.2171485055 0.0 61.1429304178 0.0
57849.2312847 62.8987522429 0.0 61.8213967299 0.0
57849.2320139 63.2171485055 0.0 61.1429304178 0.0
57849.23375 61.8344337001 0.0 60.6633005199 0.0
57849.250081 62.5626960443 0.0 61.4338522498 0.0
57849.253669 63.4550995817 0.0 62.3493708464 0.0
57849.2543981 63.4692213591 0.0 61.3617236035 0.0
57849.2564468 63.4550995817 0.0 62.3493708464 0.0
57849.2571759 63.4692213591 0.0 61.3617236035 0.0
57849.2583912 62.0800884203 0.0 60.9378132086 0.0
57849.2715162 63.9463123364 0.0 62.8511716301 0.0
57849.2722222 63.0175443736 0.0 61.8996856708 0.0
57849.2722454 63.6626608148 0.0 61.5736272525 0.0
57849.274294 63.9463123364 0.0 62.8511716301 0.0
57849.2750231 63.6626608148 0.0 61.5736272525 0.0
57849.280544 62.415533335 0.0 61.2962652601 0.0
57849.2972338 63.8027945451 0.0 62.7536432235 0.0
57849.300706 65.0092669856 0.0 63.9605877008 0.0
57849.3014236 64.0468651561 0.0 62.0129547297 0.0
57849.3034838 65.0092669856 0.0 63.9605877008 0.0
57849.3042014 64.0468651561 0.0 62.0129547297 0.0
57849.3055787 62.8778710411 0.0 61.8071284206 0.0
57849.3197685 64.8948284846 0.0 63.8007499398 0.0
57849.3229167 66.720809662 0.0 65.6003736744 0.0
57849.3236921 64.7564185646 0.0 62.691155467 0.0
57849.3256944 66.720809662 0.0 65.6003736744 0.0
57849.3264699 64.7564185646 0.0 62.691155467 0.0
57849.3277894 63.7912140405 0.0 62.7255621124 0.0
