57847.9889699 8.48003537728 0.0 8.48003537728 0.0
57847.9890046 8.23759673691 0.0 8.23759673691 0.0
57847.9890509 8.2369897414 0.0 8.2369897414 0.0
57847.9891088 8.34104310024 0.0 8.34104310024 0.0
57847.9891782 8.25021211849 0.0 8.25021211849 0.0
57847.9892245 8.13787441535 0.0 8.13787441535 0.0
57847.9892593 8.13431005064 0.0 8.13431005064 0.0
57847.9893171 8.11313749421 0.0 8.11313749421 0.0
57847.9893866 8.19457137378 0.0 8.19457137378 0.0
57847.9894329 8.16872083009 0.0 8.16872083009 0.0
57847.9894792 8.1137537552 0.0 8.1137537552 0.0
57847.9895255 8.13787441535 0.0 8.13787441535 0.0
57847.9895949 8.14518262533 0.0 8.14518262533 0.0
57847.9896412 8.24724196323 0.0 8.24724196323 0.0
57847.9896875 8.32219922857 0.0 8.32219922857 0.0
57847.9897338 8.35134719671 0.0 8.35134719671 0.0
57847.9898032 8.18791792826 0.0 8.18791792826 0.0
57847.9898495 8.27067107314 0.0 8.27067107314 0.0
57847.9898958 8.1931678855 0.0 8.1931678855 0.0
57847.9899421 8.16425134351 0.0 8.16425134351 0.0
57847.9900116 8.18022004594 0.0 8.18022004594 0.0
57847.9900579 8.24154111802 0.0 8.24154111802 0.0
57847.9901157 8.21054200403 0.0 8.21054200403 0.0
57847.9901505 8.19780458416 0.0 8.19780458416 0.0
57847.9902199 8.14763769445 0.0 8.14763769445 0.0
57847.9902662 8.38915967186 0.0 8.38915967186 0.0
57847.9903241 8.47720472797 0.0 8.47720472797 0.0
57847.9903704 8.51522166476 0.0 8.51522166476 0.0
57847.9904398 8.6861383825 0.0 8.6861383825 0.0
57847.9904861 8.11738874269 0.0 8.11738874269 0.0
57847.9905324 8.12256117244 0.0 8.12256117244 0.0
57847.9905787 8.13590806241 0.0 8.13590806241 0.0
57847.9906481 8.10493676718 0.0 8.10493676718 0.0
57847.9906944 8.11307586554 0.0 8.11307586554 0.0
57847.9907407 8.11486290704 0.0 8.11486290704 0.0
57847.990787 8.13455591904 0.0 8.13455591904 0.0
57847.9908565 8.24524105166 0.0 8.24524105166 0.0
57847.9909028 8.51210902186 0.0 8.51210902186 0.0
57847.9909491 8.57968530891 0.0 8.57968530891 0.0
57847.9909954 8.92462884382 0.0 8.92462884382 0.0
57847.9910648 8.70344759276 0.0 8.70344759276 0.0
57847.9911111 8.67098610309 0.0 8.67098610309 0.0
57847.9911574 8.88448085146 0.0 8.88448085146 0.0
57847.9912037 9.27550537707 0.0 9.27550537707 0.0
57847.9912731 9.3463896773 0.0 9.3463896773 0.0
57847.991331 9.03376997715 0.0 9.03376997715 0.0
57847.9913773 9.30650310267 0.0 9.30650310267 0.0
57847.991412 9.93156583828 0.0 9.93156583828 0.0
57847.9914815 10.7239917941 0.0 10.7239917941 0.0
57847.9915394 8.78157161333 0.0 8.78157161333 0.0
57847.9915856 8.69844813746 0.0 8.69844813746 0.0
57847.9916319 8.59819748552 0.0 8.59819748552 0.0
57848.007662 42.1586645899 0.0 42.1586645899 0.0
57848.0077199 52.3920222935 0.0 52.3920222935 0.0
57848.0077662 62.8881546875 0.0 62.8881546875 0.0
57848.0078009 54.7994708004 0.0 54.7994708004 0.0
57848.0078704 41.1023113705 0.0 41.1023113705 0.0
57848.0079282 9.83946136737 0.0 9.83946136737 0.0
57848.0079745 9.14647473074 0.0 9.14647473074 0.0
57848.0080208 8.78993742867 0.0 8.78993742867 0.0
57848.0080903 9.21384827312 0.0 9.21384827312 0.0
57848.0081366 11.1756431582 0.0 11.1756431582 0.0
57848.0081829 9.69912367176 0.0 9.69912367176 0.0
57848.0082292 9.24499864792 0.0 9.24499864792 0.0
57848.0082986 9.19423732563 0.0 9.19423732563 0.0
57848.0083449 11.4959558106 0.0 11.4959558106 0.0
57848.0083912 10.9817576007 0.0 10.9817576007 0.0
57848.0084375 10.9853083707 0.0 10.9853083707 0.0
57848.0085069 11.9786476699 0.0 11.9786476699 0.0
57848.0085532 8.47655590438 0.0 8.47655590438 0.0
57848.0085995 8.71326574827 0.0 8.71326574827 0.0
57848.0086574 8.46888422403 0.0 8.46888422403 0.0
57848.0087269 9.1958686376 0.0 9.1958686376 0.0
57848.0087616 11.4399300697 0.0 11.4399300697 0.0
57848.0088079 11.3377687399 0.0 11.3377687399 0.0
57848.0088657 10.4356121047 0.0 10.4356121047 0.0
57848.0089352 9.43837909813 0.0 9.43837909813 0.0
57848.0089815 8.74859988798 0.0 8.74859988798 0.0
57848.0090278 9.15729217618 0.0 9.15729217618 0.0
57848.0681366 7.5953933407 0.0 7.5953933407 0.0
57848.0681713 7.21304374034 0.0 7.21304374034 0.0
57848.0682176 7.24803421625 0.0 7.24803421625 0.0
57848.0682755 7.26842486375 0.0 7.26842486375 0.0
57848.0683449 7.32400163845 0.0 7.32400163845 0.0
57848.0683912 7.22454150794 0.0 7.22454150794 0.0
57848.0684259 7.23304914956 0.0 7.23304914956 0.0
57848.0684838 7.38627104837 0.0 7.38627104837 0.0
57848.0685532 7.62345066227 0.0 7.62345066227 0.0
57848.0685995 7.45097309081 0.0 7.45097309081 0.0
57848.0686458 7.48344840298 0.0 7.48344840298 0.0
57848.0686921 7.48151054266 0.0 7.48151054266 0.0
57848.0687616 7.37400840791 0.0 7.37400840791 0.0
57848.0688079 7.15646560811 0.0 7.15646560811 0.0
57848.0688542 7.16309988762 0.0 7.16309988762 0.0
57848.0689005 7.17906679172 0.0 7.17906679172 0.0
57848.0689699 7.21817151362 0.0 7.21817151362 0.0
57848.0690162 7.19722168618 0.0 7.19722168618 0.0
57848.0690625 7.24354885398 0.0 7.24354885398 0.0
57848.0691088 7.31115585937 0.0 7.31115585937 0.0
57848.0691782 7.23187389271 0.0 7.23187389271 0.0
57848.0692245 7.17920608424 0.0 7.17920608424 0.0
57848.0692824 7.17586231752 0.0 7.17586231752 0.0
57848.0693171 7.16944907228 0.0 7.16944907228 0.0
57848.0693866 7.19930552206 0.0 7.19930552206 0.0
57848.0694329 7.25699662395 0.0 7.25699662395 0.0
57848.0694907 7.28107134974 0.0 7.28107134974 0.0
57848.069537 7.33068891715 0.0 7.33068891715 0.0
57848.0696065 7.41120772884 0.0 7.41120772884 0.0
57848.0696528 7.31641988954 0.0 7.31641988954 0.0
57848.0696991 7.29924653646 0.0 7.29924653646 0.0
57848.0697454 7.27399477591 0.0 7.27399477591 0.0
57848.0698148 7.2823759859 0.0 7.2823759859 0.0
57848.0698611 7.38247925835 0.0 7.38247925835 0.0
57848.0699074 7.40803617702 0.0 7.40803617702 0.0
57848.0699537 7.42583328657 0.0 7.42583328657 0.0
57848.0700231 7.22329564673 0.0 7.22329564673 0.0
57848.0700694 7.20034721385 0.0 7.20034721385 0.0
57848.0701157 7.20222187939 0.0 7.20222187939 0.0
57848.070162 7.26126710706 0.0 7.26126710706 0.0
57848.0702315 7.23754101888 0.0 7.23754101888 0.0
57848.0702778 7.176628735 0.0 7.176628735 0.0
57848.0703241 7.20860596787 0.0 7.20860596787 0.0
57848.0703704 7.2311133306 0.0 7.2311133306 0.0
57848.0704398 7.18630642263 0.0 7.18630642263 0.0
57848.0704977 7.1871412954 0.0 7.1871412954 0.0
57848.070544 7.17913643832 0.0 7.17913643832 0.0
57848.0705787 7.23007607152 0.0 7.23007607152 0.0
57848.0706481 7.27488831529 0.0 7.27488831529 0.0
57848.070706 7.19555418297 0.0 7.19555418297 0.0
57848.0707523 7.18901940462 0.0 7.18901940462 0.0
57848.0707986 7.17600167224 0.0 7.17600167224 0.0
57848.1007755 6.97875347036 0.0 6.97875347036 0.0
57848.1008102 6.91433293963 0.0 6.91433293963 0.0
57848.1008565 6.88251407554 0.0 6.88251407554 0.0
57848.1009144 6.86927943819 0.0 6.86927943819 0.0
57848.1009838 6.85412284687 0.0 6.85412284687 0.0
57848.1010301 6.90861780677 0.0 6.90861780677 0.0
57848.1010648 6.92509927727 0.0 6.92509927727 0.0
57848.1011227 6.94629397593 0.0 6.94629397593 0.0
57848.1011921 7.02011395919 0.0 7.02011395919 0.0
57848.1012384 6.90666344916 0.0 6.90666344916 0.0
57848.1012847 6.92459385091 0.0 6.92459385091 0.0
57848.101331 6.92069360686 0.0 6.92069360686 0.0
57848.1014005 6.93051224658 0.0 6.93051224658 0.0
57848.1014468 6.85995626808 0.0 6.85995626808 0.0
57848.1014931 6.86505644551 0.0 6.86505644551 0.0
57848.1015394 6.87269961514 0.0 6.87269961514 0.0
57848.1016088 6.84492512742 0.0 6.84492512742 0.0
57848.1016551 6.84477903223 0.0 6.84477903223 0.0
57848.1017014 6.8610494824 0.0 6.8610494824 0.0
57848.1017477 6.85973760431 0.0 6.85973760431 0.0
57848.1018171 6.84872250861 0.0 6.84872250861 0.0
57848.1018634 6.86687701943 0.0 6.86687701943 0.0
57848.1019213 6.87829920838 0.0 6.87829920838 0.0
57848.101956 6.89129886161 0.0 6.89129886161 0.0
57848.1020255 6.87793573683 0.0 6.87793573683 0.0
57848.1020718 6.8812062896 0.0 6.8812062896 0.0
57848.1021296 6.90253576593 0.0 6.90253576593 0.0
57848.1021759 6.8942729856 0.0 6.8942729856 0.0
57848.1022454 6.87837190038 0.0 6.87837190038 0.0
57848.1022917 6.85842547528 0.0 6.85842547528 0.0
57848.102338 6.9084730585 0.0 6.9084730585 0.0
57848.1023843 6.9744533836 0.0 6.9744533836 0.0
57848.1024537 6.90840068323 0.0 6.90840068323 0.0
57848.1025 6.83783591497 0.0 6.83783591497 0.0
57848.1025463 6.86425524001 0.0 6.86425524001 0.0
57848.1025926 6.90782165375 0.0 6.90782165375 0.0
57848.102662 6.92481046672 0.0 6.92481046672 0.0
57848.1027083 6.82546701699 0.0 6.82546701699 0.0
57848.1027546 6.81593720628 0.0 6.81593720628 0.0
57848.1028009 6.81094707071 0.0 6.81094707071 0.0
57848.1028704 6.80999265785 0.0 6.80999265785 0.0
57848.1029167 6.81292888558 0.0 6.81292888558 0.0
57848.102963 6.82876269905 0.0 6.82876269905 0.0
57848.1030093 6.85470641239 0.0 6.85470641239 0.0
57848.1030787 6.91982658742 0.0 6.91982658742 0.0
57848.1031366 6.92777020404 0.0 6.92777020404 0.0
57848.1031829 6.90659105493 0.0 6.90659105493 0.0
57848.1032176 6.91729716002 0.0 6.91729716002 0.0
57848.103287 6.8906458333 0.0 6.8906458333 0.0
57848.1033449 6.8151302262 0.0 6.8151302262 0.0
57848.1033912 6.83205679133 0.0 6.83205679133 0.0
57848.1034375 6.85755058312 0.0 6.85755058312 0.0
57848.1660532 6.73795221117 0.0 6.73795221117 0.0
57848.166088 6.63829797463 0.0 6.63829797463 0.0
57848.1661343 6.60136349552 0.0 6.60136349552 0.0
57848.1661921 6.63136486705 0.0 6.63136486705 0.0
57848.1662616 6.60037877701 0.0 6.60037877701 0.0
57848.1663079 6.6268393673 0.0 6.6268393673 0.0
57848.1663426 6.60484670526 0.0 6.60484670526 0.0
57848.1664005 6.59575621138 0.0 6.59575621138 0.0
57848.1664699 6.59909084647 0.0 6.59909084647 0.0
57848.1665162 6.57267069006 0.0 6.57267069006 0.0
57848.1665625 6.58710862215 0.0 6.58710862215 0.0
57848.1666088 6.58543848198 0.0 6.58543848198 0.0
57848.1666782 6.61029500098 0.0 6.61029500098 0.0
57848.1667245 6.56825699863 0.0 6.56825699863 0.0
57848.1667708 6.57723346096 0.0 6.57723346096 0.0
57848.1668171 6.58240077783 0.0 6.58240077783 0.0
57848.1668866 6.59507391922 0.0 6.59507391922 0.0
57848.1669329 6.60522520434 0.0 6.60522520434 0.0
57848.1669792 6.61021936096 0.0 6.61021936096 0.0
57848.1670255 6.63528447016 0.0 6.63528447016 0.0
57848.1670949 6.63890051138 0.0 6.63890051138 0.0
57848.1671412 6.59598362642 0.0 6.59598362642 0.0
57848.1671991 6.60128775316 0.0 6.60128775316 0.0
57848.1672338 6.58763994159 0.0 6.58763994159 0.0
57848.1673032 6.60030302335 0.0 6.60030302335 0.0
57848.1673495 6.60189366773 0.0 6.60189366773 0.0
57848.1674074 6.59052349969 0.0 6.59052349969 0.0
57848.1674537 6.57632116004 0.0 6.57632116004 0.0
57848.1675231 6.56932264393 0.0 6.56932264393 0.0
57848.1675694 6.57692937472 0.0 6.57692937472 0.0
57848.1676157 6.58460325304 0.0 6.58460325304 0.0
57848.167662 6.61142949747 0.0 6.61142949747 0.0
57848.1677315 6.59052349969 0.0 6.59052349969 0.0
57848.1677778 6.56604904033 0.0 6.56604904033 0.0
57848.1678241 6.55911579407 0.0 6.55911579407 0.0
57848.1678704 6.55614215831 0.0 6.55614215831 0.0
57848.1679398 6.56262142745 0.0 6.56262142745 0.0
57848.1679861 6.54217089352 0.0 6.54217089352 0.0
57848.1680324 6.54056572477 0.0 6.54056572477 0.0
57848.1680787 6.5485112812 0.0 6.5485112812 0.0
57848.1681481 6.56833312188 0.0 6.56833312188 0.0
57848.1681944 6.5770053976 0.0 6.5770053976 0.0
57848.1682407 6.56795249678 0.0 6.56795249678 0.0
57848.168287 6.595604597 0.0 6.595604597 0.0
57848.1683565 6.56673434821 0.0 6.56673434821 0.0
57848.1684144 6.56422120285 0.0 6.56422120285 0.0
57848.1684606 6.56840924425 0.0 6.56840924425 0.0
57848.1684954 6.56589673997 0.0 6.56589673997 0.0
57848.1685648 6.55087780378 0.0 6.55087780378 0.0
57848.1686227 6.55080147768 0.0 6.55080147768 0.0
57848.168669 6.56048778674 0.0 6.56048778674 0.0
57848.1687153 6.57844966538 0.0 6.57844966538 0.0
