57848.1660648 93.3079662837 0.0 93.6024198352 0.0
57848.1661806 96.5548875045 0.0 96.593185976 0.0
57848.1662963 93.4777442817 0.0 94.6607093255 0.0
57848.166412 101.617882619 0.0 100.119358952 0.0
57848.1665394 93.8695773241 0.0 95.580991515 0.0
57848.1666551 93.6736503132 0.0 93.4841613697 0.0
57848.1666667 93.0463064178 0.0 92.6034533481 0.0
57848.1667708 92.3631771703 0.0 91.6797215201 0.0
57848.1668981 92.5119962221 0.0 93.0876574203 0.0
57848.1670139 91.4132227744 0.0 91.3780013296 0.0
57848.1671296 92.3429369578 0.0 92.5643681067 0.0
57848.1672569 92.8104522023 0.0 92.2279083955 0.0
57848.1673611 92.0712267758 0.0 91.8630519741 0.0
57848.1673727 91.3335343015 0.0 91.4872884176 0.0
57848.1674884 94.3475168725 0.0 94.0637215721 0.0
57848.1676157 90.9318063441 0.0 91.0470361571 0.0
57848.1677315 92.9488663244 0.0 93.4855109683 0.0
57848.1678472 93.4514327392 0.0 93.0823242673 0.0
57848.1679745 91.4114502237 0.0 91.1985396045 0.0
57848.1680556 91.4330265604 0.0 91.334168349 0.0
57848.1680903 91.5050283209 0.0 91.5211184318 0.0
57848.168206 90.6209322784 0.0 90.8206463696 0.0
57848.1683333 91.9986516803 0.0 91.5380901155 0.0
57848.1684491 90.6116640008 0.0 90.7089173841 0.0
57848.1685648 91.1049044509 0.0 90.9767072112 0.0
57848.1686921 91.0939571761 0.0 91.0626216403 0.0
57848.16875 90.8425329623 0.0 90.8073467457 0.0
