57848.118831 7.39912156948 0.0 7.39912156948 0.0
57848.1188657 7.31525802689 0.0 7.31525802689 0.0
57848.118912 7.26966299081 0.0 7.26966299081 0.0
57848.1189699 7.23885350038 0.0 7.23885350038 0.0
57848.1190394 7.26195565946 0.0 7.26195565946 0.0
57848.1190856 7.24251337589 0.0 7.24251337589 0.0
57848.1191204 7.26202451111 0.0 7.26202451111 0.0
57848.1191782 7.25189630373 0.0 7.25189630373 0.0
57848.1192477 7.28333714721 0.0 7.28333714721 0.0
57848.119294 7.45063755661 0.0 7.45063755661 0.0
57848.1193403 7.48338158856 0.0 7.48338158856 0.0
57848.1193866 7.49799973326 0.0 7.49799973326 0.0
57848.119456 7.42778567273 0.0 7.42778567273 0.0
57848.1195023 7.38904594653 0.0 7.38904594653 0.0
57848.1195486 7.41208472698 0.0 7.41208472698 0.0
57848.1195949 7.44237865202 0.0 7.44237865202 0.0
57848.1196644 7.3566296631 0.0 7.3566296631 0.0
57848.1197106 7.31908464222 0.0 7.31908464222 0.0
57848.1197569 7.36077441578 0.0 7.36077441578 0.0
57848.1198032 7.37611008595 0.0 7.37611008595 0.0
57848.1198727 7.3507822713 0.0 7.3507822713 0.0
57848.119919 7.25678992393 0.0 7.25678992393 0.0
57848.1199769 7.28416089883 0.0 7.28416089883 0.0
57848.1200116 7.30082187154 0.0 7.30082187154 0.0
57848.120081 7.25892554033 0.0 7.25892554033 0.0
57848.1201273 7.26078508152 0.0 7.26078508152 0.0
57848.1201852 7.28175802949 0.0 7.28175802949 0.0
57848.1202315 7.31368580129 0.0 7.31368580129 0.0
57848.1203009 7.39479546708 0.0 7.39479546708 0.0
57848.1203472 7.25361978601 0.0 7.25361978601 0.0
57848.1203935 7.27151978612 0.0 7.27151978612 0.0
57848.1204398 7.27530068107 0.0 7.27530068107 0.0
57848.1205093 7.22627151441 0.0 7.22627151441 0.0
57848.1205556 7.22149568995 0.0 7.22149568995 0.0
57848.1206019 7.26333256846 0.0 7.26333256846 0.0
57848.1206481 7.25796114622 0.0 7.25796114622 0.0
57848.1207176 7.24451516666 0.0 7.24451516666 0.0
57848.1207639 7.2066635831 0.0 7.2066635831 0.0
57848.1208102 7.2113105605 0.0 7.2113105605 0.0
57848.1208565 7.22024930318 0.0 7.22024930318 0.0
57848.1209259 7.25754779523 0.0 7.25754779523 0.0
57848.1209722 7.22703258606 0.0 7.22703258606 0.0
57848.1210185 7.23277263572 0.0 7.23277263572 0.0
57848.1210648 7.2196260291 0.0 7.2196260291 0.0
57848.1211343 7.23505355889 0.0 7.23505355889 0.0
57848.1211921 7.26973176947 0.0 7.26973176947 0.0
57848.1212384 7.28889566395 0.0 7.28889566395 0.0
57848.1212731 7.31156617969 0.0 7.31156617969 0.0
57848.1213426 7.38715100699 0.0 7.38715100699 0.0
57848.1214005 7.32809661508 0.0 7.32809661508 0.0
57848.1214468 1.40356688476 0.0 1.40356688476 0.0
57848.1214931 0.53944415837 0.0 0.53944415837 0.0
57848.1723032 7.0432946836 0.0 7.0432946836 0.0
57848.172338 6.98942057684 0.0 6.98942057684 0.0
57848.1723843 6.95974137451 0.0 6.95974137451 0.0
57848.1724421 6.98655852334 0.0 6.98655852334 0.0
57848.1725116 6.98147548875 0.0 6.98147548875 0.0
57848.1725579 6.96957674468 0.0 6.96957674468 0.0
57848.1725926 6.98963518361 0.0 6.98963518361 0.0
57848.1726505 7.02701928274 0.0 7.02701928274 0.0
57848.1727199 6.97603038984 0.0 6.97603038984 0.0
57848.1727662 6.93628142451 0.0 6.93628142451 0.0
57848.1728125 6.94866893729 0.0 6.94866893729 0.0
57848.1728588 6.96397874781 0.0 6.96397874781 0.0
57848.1729282 6.9588792201 0.0 6.9588792201 0.0
57848.1729745 6.99964284803 0.0 6.99964284803 0.0
57848.1730208 7.00749598644 0.0 7.00749598644 0.0
57848.1730671 7.0016426644 0.0 7.0016426644 0.0
57848.1731366 6.99657058851 0.0 6.99657058851 0.0
57848.1731829 7.09380010996 0.0 7.09380010996 0.0
57848.1732292 7.11125867902 0.0 7.11125867902 0.0
57848.1732755 7.13323208651 0.0 7.13323208651 0.0
57848.1733449 7.04506919767 0.0 7.04506919767 0.0
57848.1733912 7.09422300185 0.0 7.09422300185 0.0
57848.1734491 7.1187077479 0.0 7.1187077479 0.0
57848.1734838 7.12762232445 0.0 7.12762232445 0.0
57848.1735532 7.04407552486 0.0 7.04407552486 0.0
57848.1735995 6.99549855264 0.0 6.99549855264 0.0
57848.1736574 7.00828081629 0.0 7.00828081629 0.0
57848.1737037 7.01170450033 0.0 7.01170450033 0.0
57848.1737731 6.99249597783 0.0 6.99249597783 0.0
57848.1738194 7.00285656 0.0 7.00285656 0.0
57848.1738657 7.03789741329 0.0 7.03789741329 0.0
57848.173912 7.05797421361 0.0 7.05797421361 0.0
57848.1739815 6.99242447224 0.0 6.99242447224 0.0
57848.1740278 7.0423007604 0.0 7.0423007604 0.0
57848.1740741 7.02630770747 0.0 7.02630770747 0.0
57848.1741204 7.04514016894 0.0 7.04514016894 0.0
57848.1741898 6.97129830089 0.0 6.97129830089 0.0
57848.1742361 6.99063659476 0.0 6.99063659476 0.0
57848.1742824 6.96627590611 0.0 6.96627590611 0.0
57848.1743287 6.9796131698 0.0 6.9796131698 0.0
57848.1743981 7.00756733824 0.0 7.00756733824 0.0
57848.1744444 6.98963518361 0.0 6.98963518361 0.0
57848.1744907 6.98519863712 0.0 6.98519863712 0.0
57848.174537 6.9732345436 0.0 6.9732345436 0.0
57848.1746065 6.97753538149 0.0 6.97753538149 0.0
57848.1746644 7.00492683759 0.0 7.00492683759 0.0
57848.1747106 6.99571297296 0.0 6.99571297296 0.0
57848.1747454 6.98462597424 0.0 6.98462597424 0.0
57848.1748148 6.96914628918 0.0 6.96914628918 0.0
57848.1748727 7.03285148428 0.0 7.03285148428 0.0
57848.174919 7.03270929301 0.0 7.03270929301 0.0
57848.1749653 7.04620465215 0.0 7.04620465215 0.0
57848.1861921 7.04457237879 0.0 7.04457237879 0.0
57848.1862269 6.9328926142 0.0 6.9328926142 0.0
57848.1862731 6.91411599556 0.0 6.91411599556 0.0
57848.186331 6.92257177644 0.0 6.92257177644 0.0
57848.1864005 6.91628513004 0.0 6.91628513004 0.0
57848.1864468 6.90955859661 0.0 6.90955859661 0.0
57848.1864815 6.91505603737 0.0 6.91505603737 0.0
57848.1865394 6.90007246339 0.0 6.90007246339 0.0
57848.1866088 6.91115041075 0.0 6.91115041075 0.0
57848.1866551 6.92018785872 0.0 6.92018785872 0.0
57848.1867014 6.94334213474 0.0 6.94334213474 0.0
57848.1867477 6.93087296089 0.0 6.93087296089 0.0
57848.1868171 6.90412919925 0.0 6.90412919925 0.0
57848.1868634 6.97610206347 0.0 6.97610206347 0.0
57848.1869097 6.97932661508 0.0 6.97932661508 0.0
57848.186956 6.9674959634 0.0 6.9674959634 0.0
57848.1870255 6.92271622992 0.0 6.92271622992 0.0
57848.1870718 6.95046761017 0.0 6.95046761017 0.0
57848.1871181 6.93736261125 0.0 6.93736261125 0.0
57848.1871644 6.93383011041 0.0 6.93383011041 0.0
57848.1872338 7.03846574191 0.0 7.03846574191 0.0
57848.1872801 7.0843489468 0.0 7.0843489468 0.0
57848.187338 7.05386418922 0.0 7.05386418922 0.0
57848.1873727 7.04854594934 0.0 7.04854594934 0.0
57848.1874421 6.93865981296 0.0 6.93865981296 0.0
57848.1874884 6.96254263901 0.0 6.96254263901 0.0
57848.1875463 6.96591702506 0.0 6.96591702506 0.0
57848.1875926 6.97115485411 0.0 6.97115485411 0.0
57848.187662 6.98884825991 0.0 6.98884825991 0.0
57848.1877083 6.97739206294 0.0 6.97739206294 0.0
57848.1877546 7.11716235588 0.0 7.11716235588 0.0
57848.1878009 7.16519364707 0.0 7.16519364707 0.0
57848.1878704 7.06363928864 0.0 7.06363928864 0.0
57848.1879167 6.97853852895 0.0 6.97853852895 0.0
57848.187963 6.96440952271 0.0 6.96440952271 0.0
57848.1880093 6.97373644469 0.0 6.97373644469 0.0
57848.1880787 6.98047276336 0.0 6.98047276336 0.0
57848.188125 6.97846688034 0.0 6.97846688034 0.0
57848.1881713 6.99792826485 0.0 6.99792826485 0.0
57848.1882176 7.02096859415 0.0 7.02096859415 0.0
57848.188287 7.19590161133 0.0 7.19590161133 0.0
57848.1883333 7.11069616845 0.0 7.11069616845 0.0
57848.1883796 7.11189145024 0.0 7.11189145024 0.0
57848.1884259 7.09992957712 0.0 7.09992957712 0.0
57848.1884954 7.00428440313 0.0 7.00428440313 0.0
57848.1885532 6.94823718651 0.0 6.94823718651 0.0
57848.1885995 6.97696208962 0.0 6.97696208962 0.0
57848.1886343 6.97423830967 0.0 6.97423830967 0.0
57848.1887037 6.96807003409 0.0 6.96807003409 0.0
57848.1887616 7.09161476675 0.0 7.09161476675 0.0
57848.1888079 7.208536606 0.0 7.208536606 0.0
57848.1888542 7.1780916684 0.0 7.1780916684 0.0
57848.2160532 7.00585469447 0.0 7.00585469447 0.0
57848.216088 6.94679782346 0.0 6.94679782346 0.0
57848.2161343 6.910788667 0.0 6.910788667 0.0
57848.2161921 6.93101724136 0.0 6.93101724136 0.0
57848.2162616 6.93635350887 0.0 6.93635350887 0.0
57848.2163079 6.88977503261 0.0 6.88977503261 0.0
57848.2163426 6.9285640648 0.0 6.9285640648 0.0
57848.2164005 6.97861017682 0.0 6.97861017682 0.0
57848.2164699 7.00228534123 0.0 7.00228534123 0.0
57848.2165162 6.92430501928 0.0 6.92430501928 0.0
57848.2165625 6.95312879213 0.0 6.95312879213 0.0
57848.2166088 6.98849053802 0.0 6.98849053802 0.0
57848.2166782 6.98813279782 0.0 6.98813279782 0.0
57848.2167245 6.95952584592 0.0 6.95952584592 0.0
57848.2167708 7.00992154022 0.0 7.00992154022 0.0
57848.2168171 7.02459963272 0.0 7.02459963272 0.0
57848.2168866 6.96720891032 0.0 6.96720891032 0.0
57848.2169329 6.95413546029 0.0 6.95413546029 0.0
57848.2169792 6.92921351959 0.0 6.92921351959 0.0
57848.2170255 6.91989884319 0.0 6.91989884319 0.0
57848.2170949 6.91339279949 0.0 6.91339279949 0.0
57848.2171412 6.97043757593 0.0 6.97043757593 0.0
57848.2171991 6.96203993094 0.0 6.96203993094 0.0
57848.2172338 6.93599307958 0.0 6.93599307958 0.0
57848.2173032 6.92249954857 0.0 6.92249954857 0.0
57848.2173495 6.89789823062 0.0 6.89789823062 0.0
57848.2174074 6.92033236196 0.0 6.92033236196 0.0
57848.2174537 6.91758628425 0.0 6.91758628425 0.0
57848.2175231 6.94413421529 0.0 6.94413421529 0.0
57848.2175694 7.00021428243 0.0 7.00021428243 0.0
57848.2176157 6.96943326247 0.0 6.96943326247 0.0
57848.217662 6.96103440589 0.0 6.96103440589 0.0
57848.2177315 6.89927532426 0.0 6.89927532426 0.0
57848.2177778 6.93678599929 0.0 6.93678599929 0.0
57848.2178241 6.94550214167 0.0 6.94550214167 0.0
57848.2178704 6.91765856342 0.0 6.91765856342 0.0
57848.2179398 6.88207817451 0.0 6.88207817451 0.0
57848.2179861 6.88520152211 0.0 6.88520152211 0.0
57848.2180324 6.88106096471 0.0 6.88106096471 0.0
57848.2180787 6.90608427403 0.0 6.90608427403 0.0
57848.2181481 6.88839603972 0.0 6.88839603972 0.0
57848.2181944 6.86396386937 0.0 6.86396386937 0.0
57848.2182407 6.88759754922 0.0 6.88759754922 0.0
57848.218287 6.88527414124 0.0 6.88527414124 0.0
57848.2183565 6.92177722843 0.0 6.92177722843 0.0
57848.2184144 6.89579582064 0.0 6.89579582064 0.0
57848.2184606 6.9255324705 0.0 6.9255324705 0.0
57848.2184954 6.94146958504 0.0 6.94146958504 0.0
57848.2185648 6.89521573267 0.0 6.89521573267 0.0
57848.2186227 6.87109889319 0.0 6.87109889319 0.0
57848.218669 6.87866266072 0.0 6.87866266072 0.0
57848.2187153 6.87662708019 0.0 6.87662708019 0.0
57848.2292477 7.15408973944 0.0 7.15408973944 0.0
57848.2292824 7.03228270194 0.0 7.03228270194 0.0
57848.2293287 6.9728760207 0.0 6.9728760207 0.0
57848.2293866 7.01534033387 0.0 7.01534033387 0.0
57848.229456 7.0194016839 0.0 7.0194016839 0.0
57848.2295023 7.06788511508 0.0 7.06788511508 0.0
57848.229537 6.98648695698 0.0 6.98648695698 0.0
57848.2295949 6.96103440589 0.0 6.96103440589 0.0
57848.2296644 6.98913442423 0.0 6.98913442423 0.0
57848.2297106 7.07255258022 0.0 7.07255258022 0.0
57848.2297569 7.1601675958 0.0 7.1601675958 0.0
57848.2298032 7.17216843082 0.0 7.17216843082 0.0
57848.2298727 7.02495551587 0.0 7.02495551587 0.0
57848.229919 6.9660605797 0.0 6.9660605797 0.0
57848.2299653 6.99928567784 0.0 6.99928567784 0.0
57848.2300116 7.01163319063 0.0 7.01163319063 0.0
57848.230081 6.97832358092 0.0 6.97832358092 0.0
57848.2301273 7.05329710136 0.0 7.05329710136 0.0
57848.2301736 7.10056335793 0.0 7.10056335793 0.0
57848.2302199 7.22246495319 0.0 7.22246495319 0.0
57848.2302894 7.05379330573 0.0 7.05379330573 0.0
57848.2303356 7.00342773219 0.0 7.00342773219 0.0
57848.2303935 7.11610848709 0.0 7.11610848709 0.0
57848.2304282 7.15227236618 0.0 7.15227236618 0.0
57848.2304977 6.98054439138 0.0 6.98054439138 0.0
57848.230544 7.09683027837 0.0 7.09683027837 0.0
57848.2306019 7.20312432213 0.0 7.20312432213 0.0
57848.2306481 7.35710540906 0.0 7.35710540906 0.0
57848.2307176 7.24334177021 0.0 7.24334177021 0.0
57848.2307639 7.01177580931 0.0 7.01177580931 0.0
57848.2308102 7.02267755205 0.0 7.02267755205 0.0
57848.2308565 7.01177580931 0.0 7.01177580931 0.0
57848.2309259 6.94658189328 0.0 6.94658189328 0.0
57848.2309722 7.04286873369 0.0 7.04286873369 0.0
57848.2310185 6.97603038984 0.0 6.97603038984 0.0
57848.2310648 7.01362958817 0.0 7.01362958817 0.0
57848.2311343 6.97488351157 0.0 6.97488351157 0.0
57848.2311806 6.9738081419 0.0 6.9738081419 0.0
57848.2312269 7.01612428624 0.0 7.01612428624 0.0
57848.2312731 7.14905588172 0.0 7.14905588172 0.0
57848.2313426 7.19986110977 0.0 7.19986110977 0.0
57848.2313889 6.97595871547 0.0 6.97595871547 0.0
57848.2314352 6.94233390151 0.0 6.94233390151 0.0
57848.2314815 6.96864405749 0.0 6.96864405749 0.0
57848.2315509 7.01206103795 0.0 7.01206103795 0.0
57848.2316088 7.03903402464 0.0 7.03903402464 0.0
57848.2316551 7.1393977337 0.0 7.1393977337 0.0
57848.2316898 7.15702452141 0.0 7.15702452141 0.0
57848.2317593 7.16903061787 0.0 7.16903061787 0.0
57848.2318171 7.10366102795 0.0 7.10366102795 0.0
57848.2318634 7.32031420091 0.0 7.32031420091 0.0
57848.2319097 7.4881907027 0.0 7.4881907027 0.0
57848.2424421 7.16484472965 0.0 7.16484472965 0.0
57848.2424769 7.17349287307 0.0 7.17349287307 0.0
57848.2425231 7.14877611903 0.0 7.14877611903 0.0
57848.242581 7.12495614022 0.0 7.12495614022 0.0
57848.2426505 6.97724874145 0.0 6.97724874145 0.0
57848.2426968 7.01291665429 0.0 7.01291665429 0.0
57848.2427315 7.16840289046 0.0 7.16840289046 0.0
57848.2427894 7.33546181232 0.0 7.33546181232 0.0
57848.2428588 7.09450491578 0.0 7.09450491578 0.0
57848.2429051 6.98598597193 0.0 6.98598597193 0.0
57848.2429514 7.04528210933 0.0 7.04528210933 0.0
57848.2429977 7.07057281979 0.0 7.07057281979 0.0
57848.2430671 7.03661850607 0.0 7.03661850607 0.0
57848.2431134 6.97488351157 0.0 6.97488351157 0.0
57848.2431597 6.95104308719 0.0 6.95104308719 0.0
57848.243206 6.97423830967 0.0 6.97423830967 0.0
57848.2432755 6.96074708634 0.0 6.96074708634 0.0
57848.2433218 7.14380850807 0.0 7.14380850807 0.0
57848.2433681 7.11083680026 0.0 7.11083680026 0.0
57848.2434144 7.012346255 0.0 7.012346255 0.0
57848.2434838 7.0313583325 0.0 7.0313583325 0.0
57848.2435301 6.96476848144 0.0 6.96476848144 0.0
57848.243588 6.96548634339 0.0 6.96548634339 0.0
57848.2436227 6.92979076163 0.0 6.92979076163 0.0
57848.2436921 6.9407492391 0.0 6.9407492391 0.0
57848.2437384 7.01690815103 0.0 7.01690815103 0.0
57848.2437963 6.99949998214 0.0 6.99949998214 0.0
57848.2438426 6.95061148389 0.0 6.95061148389 0.0
57848.243912 6.90391193455 0.0 6.90391193455 0.0
57848.2439583 6.94240592302 0.0 6.94240592302 0.0
57848.2440046 6.9618962934 0.0 6.9618962934 0.0
57848.2440509 6.95787323828 0.0 6.95787323828 0.0
57848.2441204 6.96828529841 0.0 6.96828529841 0.0
57848.2441667 6.95586083817 0.0 6.95586083817 0.0
57848.244213 6.92950214662 0.0 6.92950214662 0.0
57848.2442593 6.95902291992 0.0 6.95902291992 0.0
57848.2443287 7.01348700719 0.0 7.01348700719 0.0
57848.244375 7.08103099838 0.0 7.08103099838 0.0
57848.2444213 7.06307298561 0.0 7.06307298561 0.0
57848.2444676 6.96361974838 0.0 6.96361974838 0.0
57848.244537 6.92509927727 0.0 6.92509927727 0.0
57848.2445833 7.02324711227 0.0 7.02324711227 0.0
57848.2446296 6.99456932198 0.0 6.99456932198 0.0
57848.2446759 7.05669894497 0.0 7.05669894497 0.0
57848.2447454 7.11385971186 0.0 7.11385971186 0.0
57848.2448032 7.0142711667 0.0 7.0142711667 0.0
57848.2448495 7.01876057435 0.0 7.01876057435 0.0
57848.2448843 6.99914280466 0.0 6.99914280466 0.0
57848.2449537 6.97818027855 0.0 6.97818027855 0.0
57848.2450116 7.0218943313 0.0 7.0218943313 0.0
57848.2450579 7.05513997026 0.0 7.05513997026 0.0
57848.2451042 7.02004273491 0.0 7.02004273491 0.0
57848.2604398 43.810569501 0.0 43.810569501 0.0
57848.2604977 40.3941084813 0.0 40.3941084813 0.0
57848.2605324 39.9034459665 0.0 39.9034459665 0.0
57848.2605787 40.7439443353 0.0 40.7439443353 0.0
57848.2606481 33.0089684783 0.0 33.0089684783 0.0
57848.260706 7.38234380126 0.0 7.38234380126 0.0
57848.2607523 7.23940605299 0.0 7.23940605299 0.0
57848.260787 7.13295170319 0.0 7.13295170319 0.0
57848.2608565 7.0486168856 0.0 7.0486168856 0.0
57848.2609144 7.01633807623 0.0 7.01633807623 0.0
57848.2609606 7.03874988901 0.0 7.03874988901 0.0
57848.2610069 7.06314377597 0.0 7.06314377597 0.0
57848.2610764 7.02474198814 0.0 7.02474198814 0.0
57848.2716088 6.99857128277 0.0 6.99857128277 0.0
57848.2716435 6.99156634811 0.0 6.99156634811 0.0
57848.2716898 7.02609422083 0.0 7.02609422083 0.0
57848.2717477 7.01669437841 0.0 7.01669437841 0.0
57848.2718171 7.01398602793 0.0 7.01398602793 0.0
57848.2718634 6.90456370816 0.0 6.90456370816 0.0
57848.2718981 6.90557745594 0.0 6.90557745594 0.0
57848.271956 6.93498377792 0.0 6.93498377792 0.0
57848.2720255 6.92834756634 0.0 6.92834756634 0.0
57848.2720718 6.93584890262 0.0 6.93584890262 0.0
57848.2721181 7.02103980903 0.0 7.02103980903 0.0
57848.2721644 7.02103980903 0.0 7.02103980903 0.0
57848.2722338 6.91158447825 0.0 6.91158447825 0.0
57848.2722801 6.99263898682 0.0 6.99263898682 0.0
57848.2723264 6.94773344336 0.0 6.94773344336 0.0
57848.2723727 6.98899134353 0.0 6.98899134353 0.0
57848.2724421 6.9841248557 0.0 6.9841248557 0.0
57848.2724884 6.94154161552 0.0 6.94154161552 0.0
57848.2725347 6.95607648032 0.0 6.95607648032 0.0
57848.272581 7.01049213679 0.0 7.01049213679 0.0
57848.2726505 6.9581606765 0.0 6.9581606765 0.0
57848.2726968 6.95629211578 0.0 6.95629211578 0.0
57848.2727546 6.91932077591 0.0 6.91932077591 0.0
57848.2727894 6.97373644469 0.0 6.97373644469 0.0
57848.2728588 6.96527099257 0.0 6.96527099257 0.0
57848.2729051 6.9808308961 0.0 6.9808308961 0.0
57848.272963 7.03342022063 0.0 7.03342022063 0.0
57848.2730093 7.00606879784 0.0 7.00606879784 0.0
57848.2730787 6.98025787489 0.0 6.98025787489 0.0
57848.273125 6.9197543309 0.0 6.9197543309 0.0
57848.2731713 7.0016426644 0.0 7.0016426644 0.0
57848.2732176 6.98090252045 0.0 6.98090252045 0.0
57848.273287 6.9284918994 0.0 6.9284918994 0.0
57848.2733333 7.01263146044 0.0 7.01263146044 0.0
57848.2733796 7.01462757386 0.0 7.01462757386 0.0
57848.2734259 6.98090252045 0.0 6.98090252045 0.0
57848.2734954 6.95772951472 0.0 6.95772951472 0.0
57848.2735417 6.9076768888 0.0 6.9076768888 0.0
57848.273588 6.95542953382 0.0 6.95542953382 0.0
57848.2736343 6.94132552183 0.0 6.94132552183 0.0
57848.2737037 6.94478221401 0.0 6.94478221401 0.0
57848.27375 7.07120923181 0.0 7.07120923181 0.0
57848.2737963 6.93606516694 0.0 6.93606516694 0.0
57848.2738426 7.01291665429 0.0 7.01291665429 0.0
57848.273912 6.93909215964 0.0 6.93909215964 0.0
57848.2739699 6.92365510406 0.0 6.92365510406 0.0
57848.2740162 6.94283803642 0.0 6.94283803642 0.0
57848.2740509 6.93685807841 0.0 6.93685807841 0.0
57848.2741204 6.95305688169 0.0 6.95305688169 0.0
57848.2741782 6.94852502334 0.0 6.94852502334 0.0
57848.2742245 6.95564518934 0.0 6.95564518934 0.0
57848.2742708 7.00014285569 0.0 7.00014285569 0.0
57848.2848032 7.11786484839 0.0 7.11786484839 0.0
57848.284838 7.03249600071 0.0 7.03249600071 0.0
57848.2848843 7.03917608815 0.0 7.03917608815 0.0
57848.2849421 7.07658109542 0.0 7.07658109542 0.0
57848.2850116 7.05230458786 0.0 7.05230458786 0.0
57848.2850579 7.13582510996 0.0 7.13582510996 0.0
57848.2850926 7.17161069774 0.0 7.17161069774 0.0
57848.2851505 7.27873615403 0.0 7.27873615403 0.0
57848.2852199 7.06696540249 0.0 7.06696540249 0.0
57848.2852662 6.9853417955 0.0 6.9853417955 0.0
57848.2853125 7.04435944568 0.0 7.04435944568 0.0
57848.2853588 7.04854594934 0.0 7.04854594934 0.0
57848.2854282 6.98398167237 0.0 6.98398167237 0.0
57848.2854745 7.00349912544 0.0 7.00349912544 0.0
57848.2855208 6.98913442423 0.0 6.98913442423 0.0
57848.2855671 7.04286873369 0.0 7.04286873369 0.0
57848.2856366 7.03718693797 0.0 7.03718693797 0.0
57848.2856829 7.01904551916 0.0 7.01904551916 0.0
57848.2857292 7.07382499077 0.0 7.07382499077 0.0
57848.2857755 7.10352025407 0.0 7.10352025407 0.0
57848.2858449 6.96261445148 0.0 6.96261445148 0.0
57848.2858912 7.12242936083 0.0 7.12242936083 0.0
57848.2859491 7.14800671516 0.0 7.14800671516 0.0
57848.2859838 7.07085567665 0.0 7.07085567665 0.0
57848.2860532 6.98004297981 0.0 6.98004297981 0.0
57848.2860995 7.02239275461 0.0 7.02239275461 0.0
57848.2861574 7.03114499922 0.0 7.03114499922 0.0
57848.2862037 7.00949356231 0.0 7.00949356231 0.0
57848.2862731 7.05584863783 0.0 7.05584863783 0.0
57848.2863194 7.00892288444 0.0 7.00892288444 0.0
57848.2863657 6.9672806747 0.0 6.9672806747 0.0
57848.286412 6.96247082579 0.0 6.96247082579 0.0
57848.2864815 7.09055710082 0.0 7.09055710082 0.0
57848.2865278 7.11161022554 0.0 7.11161022554 0.0
57848.2865741 6.98934903979 0.0 6.98934903979 0.0
57848.2866204 7.02787307797 0.0 7.02787307797 0.0
57848.2866898 7.03448647735 0.0 7.03448647735 0.0
57848.2867361 7.07043138712 0.0 7.07043138712 0.0
57848.2867824 7.08942874991 0.0 7.08942874991 0.0
57848.2868287 7.00892288444 0.0 7.00892288444 0.0
57848.2868981 7.24665440048 0.0 7.24665440048 0.0
57848.2869444 7.17697707952 0.0 7.17697707952 0.0
57848.2869907 7.18310517812 0.0 7.18310517812 0.0
57848.287037 7.14611782718 0.0 7.14611782718 0.0
57848.2871065 7.02993598833 0.0 7.02993598833 0.0
57848.2871644 7.04045453078 0.0 7.04045453078 0.0
57848.2872106 7.12306113971 0.0 7.12306113971 0.0
57848.2872454 7.27640020889 0.0 7.27640020889 0.0
57848.2873148 7.19312171453 0.0 7.19312171453 0.0
57848.2873727 7.19013212674 0.0 7.19013212674 0.0
57848.287419 7.23685014354 0.0 7.23685014354 0.0
57848.2874653 7.24320371107 0.0 7.24320371107 0.0
57848.2979977 7.04982269281 0.0 7.04982269281 0.0
57848.2980324 7.03327804086 0.0 7.03327804086 0.0
57848.2980787 7.00621152978 0.0 7.00621152978 0.0
57848.2981366 6.99356847396 0.0 6.99356847396 0.0
57848.298206 6.96038792022 0.0 6.96038792022 0.0
57848.2982523 6.95966953238 0.0 6.95966953238 0.0
57848.298287 6.95737019282 0.0 6.95737019282 0.0
57848.2983449 6.9671371452 0.0 6.9671371452 0.0
57848.2984144 6.97832358092 0.0 6.97832358092 0.0
57848.2984606 7.01683689421 0.0 7.01683689421 0.0
57848.2985069 7.0371158865 0.0 7.0371158865 0.0
57848.2985532 7.02324711227 0.0 7.02324711227 0.0
57848.2986227 7.00321354808 0.0 7.00321354808 0.0
57848.298669 7.01519778766 0.0 7.01519778766 0.0
57848.2987153 7.05599036281 0.0 7.05599036281 0.0
57848.2987616 7.06201104502 0.0 7.06201104502 0.0
57848.298831 7.0375421846 0.0 7.0375421846 0.0
57848.2988773 6.98233485304 0.0 6.98233485304 0.0
57848.2989236 7.01398602793 0.0 7.01398602793 0.0
57848.2989699 7.03022048018 0.0 7.03022048018 0.0
57848.2990394 6.97803697325 0.0 6.97803697325 0.0
57848.2990856 6.96426593404 0.0 6.96426593404 0.0
57848.2991435 6.97452507344 0.0 6.97452507344 0.0
57848.2991782 6.99792826485 0.0 6.99792826485 0.0
57848.2992477 6.99077964179 0.0 6.99077964179 0.0
57848.299294 6.97946989391 0.0 6.97946989391 0.0
57848.2993519 7.01569668672 0.0 7.01569668672 0.0
57848.2993981 7.04712707421 0.0 7.04712707421 0.0
57848.2994676 7.07785278174 0.0 7.07785278174 0.0
57848.2995139 6.99949998214 0.0 6.99949998214 0.0
57848.2995602 6.994926733 0.0 6.994926733 0.0
57848.2996065 7.01534033387 0.0 7.01534033387 0.0
57848.2996759 6.977893665 0.0 6.977893665 0.0
57848.2997222 6.98176195527 0.0 6.98176195527 0.0
57848.2997685 6.98126063115 0.0 6.98126063115 0.0
57848.2998148 6.97509856561 0.0 6.97509856561 0.0
57848.2998843 6.97344964849 0.0 6.97344964849 0.0
57848.2999306 6.96763948551 0.0 6.96763948551 0.0
57848.2999769 6.96340433983 0.0 6.96340433983 0.0
57848.3000231 6.97946989391 0.0 6.97946989391 0.0
57848.3000926 6.96110623393 0.0 6.96110623393 0.0
57848.3001389 6.97050930707 0.0 6.97050930707 0.0
57848.3001852 6.96979196246 0.0 6.96979196246 0.0
57848.3002315 6.96548634339 0.0 6.96548634339 0.0
57848.3003009 6.98297930686 0.0 6.98297930686 0.0
57848.3003588 7.0194016839 0.0 7.0194016839 0.0
57848.3004051 7.00963622451 0.0 7.00963622451 0.0
57848.3004398 7.03505508152 0.0 7.03505508152 0.0
57848.3005093 6.98984978379 0.0 6.98984978379 0.0
57848.3005671 7.01854685815 0.0 7.01854685815 0.0
57848.3006134 7.01954414474 0.0 7.01954414474 0.0
57848.3006597 6.97610206347 0.0 6.97610206347 0.0
57848.3167477 7.04663040041 0.0 7.04663040041 0.0
57848.3167824 7.0300782357 0.0 7.0300782357 0.0
57848.3168287 7.00078567019 0.0 7.00078567019 0.0
57848.3168866 6.98398167237 0.0 6.98398167237 0.0
57848.316956 6.95959768952 0.0 6.95959768952 0.0
57848.3170023 6.98484072832 0.0 6.98484072832 0.0
57848.317037 6.98097414406 0.0 6.98097414406 0.0
57848.3170949 6.97266089811 0.0 6.97266089811 0.0
57848.3171644 7.02039884907 0.0 7.02039884907 0.0
57848.3172106 7.0413777061 0.0 7.0413777061 0.0
57848.3172569 7.03569470628 0.0 7.03569470628 0.0
57848.3173032 7.0346997093 0.0 7.0346997093 0.0
57848.3173727 7.00935089719 0.0 7.00935089719 0.0
57848.317419 7.01925922017 0.0 7.01925922017 0.0
57848.3174653 7.06165702934 0.0 7.06165702934 0.0
57848.3175116 7.13876740061 0.0 7.13876740061 0.0
57848.317581 7.10070419043 0.0 7.10070419043 0.0
57848.3176273 7.09535059035 0.0 7.09535059035 0.0
57848.3176736 7.1892976013 0.0 7.1892976013 0.0
57848.3177199 7.124885964 0.0 7.124885964 0.0
57848.3177894 7.07537984846 0.0 7.07537984846 0.0
57848.3178356 7.17418984973 0.0 7.17418984973 0.0
57848.3178935 7.09528012132 0.0 7.09528012132 0.0
57848.3179282 7.04222976052 0.0 7.04222976052 0.0
57848.3179977 7.05613208493 0.0 7.05613208493 0.0
57848.318044 7.00842350319 0.0 7.00842350319 0.0
57848.3181019 7.02068372739 0.0 7.02068372739 0.0
57848.3181481 7.01092005374 0.0 7.01092005374 0.0
57848.3182176 7.01954414474 0.0 7.01954414474 0.0
57848.3182639 7.02801536709 0.0 7.02801536709 0.0
57848.3183102 7.03789741329 0.0 7.03789741329 0.0
57848.3183565 7.01184711756 0.0 7.01184711756 0.0
57848.3184259 7.04932620894 0.0 7.04932620894 0.0
57848.3184722 7.00157125223 0.0 7.00157125223 0.0
57848.3185185 7.00556921313 0.0 7.00556921313 0.0
57848.3185648 6.99914280466 0.0 6.99914280466 0.0
57848.3186343 6.98620068421 0.0 6.98620068421 0.0
57848.3186806 6.98663008896 0.0 6.98663008896 0.0
57848.3187269 7.01070609853 0.0 7.01070609853 0.0
57848.3187731 7.025453722 0.0 7.025453722 0.0
57848.3188426 7.04187475038 0.0 7.04187475038 0.0
57848.3188889 7.0142711667 0.0 7.0142711667 0.0
57848.3189352 7.00599743077 0.0 7.00599743077 0.0
57848.3189815 7.01512651347 0.0 7.01512651347 0.0
57848.3190509 6.98491231155 0.0 6.98491231155 0.0
57848.3191088 6.99549855264 0.0 6.99549855264 0.0
57848.3191551 6.99035049193 0.0 6.99035049193 0.0
57848.3191898 6.99235296592 0.0 6.99235296592 0.0
57848.3192593 6.97853852895 0.0 6.97853852895 0.0
57848.3193171 6.98226324339 0.0 6.98226324339 0.0
57848.3193634 7.00828081629 0.0 7.00828081629 0.0
57848.3194097 6.99385444515 0.0 6.99385444515 0.0
57848.3194792 6.97875347036 0.0 6.97875347036 0.0
57848.3195255 6.97882511602 0.0 6.97882511602 0.0
57848.3195718 7.00228534123 0.0 7.00228534123 0.0
57848.3196181 6.99349697934 0.0 6.99349697934 0.0
57848.3196875 6.99349697934 0.0 6.99349697934 0.0
57848.3197338 6.98841899145 0.0 6.98841899145 0.0
57848.3197801 6.98884825991 0.0 6.98884825991 0.0
57848.3198264 6.9782519301 0.0 6.9782519301 0.0
57848.3198958 6.98913442423 0.0 6.98913442423 0.0
57848.3199421 7.01498396292 0.0 7.01498396292 0.0
57848.3199884 6.98999284692 0.0 6.98999284692 0.0
57848.3200463 6.98455438808 0.0 6.98455438808 0.0
57848.3201157 6.996856437 0.0 6.996856437 0.0
57848.3201505 7.02296233793 0.0 7.02296233793 0.0
57848.3201968 7.03626321281 0.0 7.03626321281 0.0
57848.3202546 7.0216095021 0.0 7.0216095021 0.0
57848.3203241 7.01149056906 0.0 7.01149056906 0.0
57848.3203704 7.01313054206 0.0 7.01313054206 0.0
57848.3204051 7.01612428624 0.0 7.01612428624 0.0
57848.320463 7.04393356016 0.0 7.04393356016 0.0
57848.3205324 7.0729767425 0.0 7.0729767425 0.0
57848.3205787 7.02182312509 0.0 7.02182312509 0.0
57848.320625 7.03157165931 0.0 7.03157165931 0.0
57848.3206713 7.00799543379 0.0 7.00799543379 0.0
57848.3207407 7.02353187506 0.0 7.02353187506 0.0
57848.320787 7.01555414775 0.0 7.01555414775 0.0
57848.3208333 7.01982905775 0.0 7.01982905775 0.0
57848.3208796 7.08336078426 0.0 7.08336078426 0.0
57848.3209491 7.13666588821 0.0 7.13666588821 0.0
57848.3209954 7.04272674466 0.0 7.04272674466 0.0
57848.3210417 7.04258475277 0.0 7.04258475277 0.0
57848.321088 7.05117011566 0.0 7.05117011566 0.0
57848.3211574 7.11259446334 0.0 7.11259446334 0.0
57848.3212037 7.24913787978 0.0 7.24913787978 0.0
57848.3212616 7.60092099683 0.0 7.60092099683 0.0
57848.3212963 7.53259583411 0.0 7.53259583411 0.0
57848.3213773 7.27220736778 0.0 7.27220736778 0.0
57848.321412 7.06144461141 0.0 7.06144461141 0.0
57848.3214699 7.03590790161 0.0 7.03590790161 0.0
57848.3215162 7.02801536709 0.0 7.02801536709 0.0
57848.3299421 7.19124467669 0.0 7.19124467669 0.0
57848.3299769 7.18783694862 0.0 7.18783694862 0.0
57848.3300231 7.10696841136 0.0 7.10696841136 0.0
57848.330081 7.10302752353 0.0 7.10302752353 0.0
57848.3301505 7.10352025407 0.0 7.10352025407 0.0
57848.3301968 7.11118836764 0.0 7.11118836764 0.0
57848.3302315 7.12186773255 0.0 7.12186773255 0.0
57848.3302894 7.1341432562 0.0 7.1341432562 0.0
57848.3303588 7.12572803298 0.0 7.12572803298 0.0
57848.3304051 7.17683774374 0.0 7.17683774374 0.0
57848.3304514 7.10457599016 0.0 7.10457599016 0.0
57848.3304977 7.12860435148 0.0 7.12860435148 0.0
57848.3305671 7.15618613509 0.0 7.15618613509 0.0
57848.3306134 7.14191850976 0.0 7.14191850976 0.0
57848.3306597 7.18066849256 0.0 7.18066849256 0.0
57848.330706 7.20256898613 0.0 7.20256898613 0.0
57848.3307755 7.19958332128 0.0 7.19958332128 0.0
57848.3308218 7.20423486569 0.0 7.20423486569 0.0
57848.3308681 7.26016528737 0.0 7.26016528737 0.0
57848.3309144 7.27406351361 0.0 7.27406351361 0.0
57848.3309838 7.27770568242 0.0 7.27770568242 0.0
57848.3310301 7.20215245604 0.0 7.20215245604 0.0
57848.331088 7.25299937957 0.0 7.25299937957 0.0
57848.3311227 7.22094176683 0.0 7.22094176683 0.0
57848.3311921 7.1902712049 0.0 7.1902712049 0.0
57848.3312384 7.36403422045 0.0 7.36403422045 0.0
57848.3312963 7.3276872204 0.0 7.3276872204 0.0
57848.3313426 7.29712272063 0.0 7.29712272063 0.0
57848.331412 7.21817151362 0.0 7.21817151362 0.0
57848.3314583 7.19312171453 0.0 7.19312171453 0.0
57848.3315046 7.20180532922 0.0 7.20180532922 0.0
57848.3315509 7.20923019469 0.0 7.20923019469 0.0
57848.3316204 7.31566811713 0.0 7.31566811713 0.0
57848.3316667 7.30212297897 0.0 7.30212297897 0.0
57848.331713 7.42738177287 0.0 7.42738177287 0.0
57848.3317593 7.44721424427 0.0 7.44721424427 0.0
57848.3318287 7.28299388988 0.0 7.28299388988 0.0
57848.331875 7.21768660999 0.0 7.21768660999 0.0
57848.3319213 7.25871889523 0.0 7.25871889523 0.0
57848.3319676 7.34186624776 0.0 7.34186624776 0.0
57848.332037 7.42563128629 0.0 7.42563128629 0.0
57848.3320833 7.30410843293 0.0 7.30410843293 0.0
57848.3321296 7.31887969569 0.0 7.31887969569 0.0
57848.3321759 7.5436728455 0.0 7.5436728455 0.0
57848.3322454 7.64408267878 0.0 7.64408267878 0.0
57848.3323032 7.21449928963 0.0 7.21449928963 0.0
57848.3323495 7.2452053111 0.0 7.2452053111 0.0
57848.3323843 7.2162317036 0.0 7.2162317036 0.0
57848.3324537 7.23491534159 0.0 7.23491534159 0.0
57848.3325116 7.22378017384 0.0 7.22378017384 0.0
57848.3325579 7.22945364464 0.0 7.22945364464 0.0
57848.3326042 7.26870002132 0.0 7.26870002132 0.0
57848.3326736 7.2210802516 0.0 7.2210802516 0.0
57848.3327199 7.19569315633 0.0 7.19569315633 0.0
57848.3327662 7.21533090024 0.0 7.21533090024 0.0
57848.3328125 7.195762642 0.0 7.195762642 0.0
57848.3328819 7.17739507064 0.0 7.17739507064 0.0
57848.3329282 7.2478962465 0.0 7.2478962465 0.0
57848.3329745 7.29986301241 0.0 7.29986301241 0.0
57848.3330208 7.21844858678 0.0 7.21844858678 0.0
57848.3330903 7.19381678944 0.0 7.19381678944 0.0
57848.3331366 7.25906330045 0.0 7.25906330045 0.0
57848.3331829 7.23892257176 0.0 7.23892257176 0.0
57848.3332407 7.21519230513 0.0 7.21519230513 0.0
57848.3333102 7.20860596787 0.0 7.20860596787 0.0
57848.3333449 7.21061717192 0.0 7.21061717192 0.0
57848.3333912 7.22945364464 0.0 7.22945364464 0.0
57848.3334491 7.27200110011 0.0 7.27200110011 0.0
57848.3335185 7.18032032712 0.0 7.18032032712 0.0
57848.3335648 7.21553878792 0.0 7.21553878792 0.0
57848.3335995 7.19131420535 0.0 7.19131420535 0.0
57848.3336574 7.24182297491 0.0 7.24182297491 0.0
57848.3337269 7.28553361121 0.0 7.28553361121 0.0
57848.3337731 7.30739351616 0.0 7.30739351616 0.0
57848.3338194 7.39979729452 0.0 7.39979729452 0.0
57848.3338657 7.52661942707 0.0 7.52661942707 0.0
57848.3339352 7.27921699086 0.0 7.27921699086 0.0
57848.3339815 7.28464137758 0.0 7.28464137758 0.0
57848.3340278 7.43827937093 0.0 7.43827937093 0.0
57848.3340741 7.41410817294 0.0 7.41410817294 0.0
57848.3341435 7.260234156 0.0 7.260234156 0.0
57848.3341898 7.3371656653 0.0 7.3371656653 0.0
57848.3342361 7.36308359317 0.0 7.36308359317 0.0
57848.3342824 7.413096519 0.0 7.413096519 0.0
57848.3343519 7.40412047444 0.0 7.40412047444 0.0
57848.3343981 7.53080341 0.0 7.53080341 0.0
57848.334456 7.51278909594 0.0 7.51278909594 0.0
57848.3344907 7.43538835569 0.0 7.43538835569 0.0
57848.3345718 7.57786249545 0.0 7.57786249545 0.0
57848.3346065 7.2928046731 0.0 7.2928046731 0.0
57848.3346644 7.34615545711 0.0 7.34615545711 0.0
57848.3347106 7.33382574104 0.0 7.33382574104 0.0
57848.3431366 7.41936654978 0.0 7.41936654978 0.0
57848.3431713 7.37021030908 0.0 7.37021030908 0.0
57848.3432176 7.55678503069 0.0 7.55678503069 0.0
57848.3432755 7.49319691454 0.0 7.49319691454 0.0
57848.3433449 7.42946835245 0.0 7.42946835245 0.0
57848.3433912 7.36281196283 0.0 7.36281196283 0.0
57848.3434259 7.36254032247 0.0 7.36254032247 0.0
57848.3434838 7.38863992897 0.0 7.38863992897 0.0
57848.3435532 7.38335966888 0.0 7.38335966888 0.0
57848.3435995 7.45399221894 0.0 7.45399221894 0.0
57848.3436458 7.41694006987 0.0 7.41694006987 0.0
57848.3436921 7.42475588824 0.0 7.42475588824 0.0
57848.3437616 7.50666370633 0.0 7.50666370633 0.0
57848.3438079 7.38220834168 0.0 7.38220834168 0.0
57848.3438542 7.57957782465 0.0 7.57957782465 0.0
57848.3439005 7.59631489605 0.0 7.59631489605 0.0
57848.3439699 7.35703744723 0.0 7.35703744723 0.0
57848.3440162 7.39682364262 0.0 7.39682364262 0.0
57848.3440625 7.5271508554 0.0 7.5271508554 0.0
57848.3441088 7.60203920011 0.0 7.60203920011 0.0
57848.3441782 7.58834632842 0.0 7.58834632842 0.0
57848.3442245 7.47214828547 0.0 7.47214828547 0.0
57848.3442824 7.54705240475 0.0 7.54705240475 0.0
57848.3443171 7.60394634384 0.0 7.60394634384 0.0
57848.3443866 7.43760714209 0.0 7.43760714209 0.0
57848.3444329 7.4 0.0 7.4 0.0
57848.3444907 7.457211275 0.0 7.457211275 0.0
57848.344537 7.41370352793 0.0 7.41370352793 0.0
57848.3446065 7.38410454964 0.0 7.38410454964 0.0
57848.3446528 7.35989130355 0.0 7.35989130355 0.0
57848.3446991 7.36736044998 0.0 7.36736044998 0.0
57848.3447454 7.39824303467 0.0 7.39824303467 0.0
57848.3448148 7.45493125387 0.0 7.45493125387 0.0
57848.3448611 7.42105113848 0.0 7.42105113848 0.0
57848.3449074 7.6126210992 0.0 7.6126210992 0.0
57848.3449537 7.51219009344 0.0 7.51219009344 0.0
57848.3450231 7.59934207679 0.0 7.59934207679 0.0
57848.3450694 7.37915984378 0.0 7.37915984378 0.0
57848.3451157 7.45379098178 0.0 7.45379098178 0.0
57848.345162 7.36722471491 0.0 7.36722471491 0.0
57848.3452315 7.51764590813 0.0 7.51764590813 0.0
57848.3452778 7.75138697266 0.0 7.75138697266 0.0
57848.3453241 7.5125228785 0.0 7.5125228785 0.0
57848.3453704 7.57106333351 0.0 7.57106333351 0.0
57848.3454398 7.38769246788 0.0 7.38769246788 0.0
57848.3454977 7.50113324772 0.0 7.50113324772 0.0
57848.345544 7.535847663 0.0 7.535847663 0.0
57848.3455787 7.50139986936 0.0 7.50139986936 0.0
57848.3456481 7.41835561294 0.0 7.41835561294 0.0
57848.345706 7.51964094888 0.0 7.51964094888 0.0
57848.3457523 7.57970975698 0.0 7.57970975698 0.0
57848.3457986 7.54917214004 0.0 7.54917214004 0.0
57848.3458681 7.43485036837 0.0 7.43485036837 0.0
57848.3459144 7.72107505468 0.0 7.72107505468 0.0
57848.3459606 7.42637192713 0.0 7.42637192713 0.0
57848.3460069 7.47515886119 0.0 7.47515886119 0.0
57848.3460764 7.9869894203 0.0 7.9869894203 0.0
57848.3461227 7.6158387588 0.0 7.6158387588 0.0
57848.346169 7.69259384083 0.0 7.69259384083 0.0
57848.3462153 7.66981094943 0.0 7.66981094943 0.0
57848.3462847 7.39689123889 0.0 7.39689123889 0.0
57848.346331 7.42340892044 0.0 7.42340892044 0.0
57848.3463773 7.45117440408 0.0 7.45117440408 0.0
57848.3464352 7.60401209889 0.0 7.60401209889 0.0
57848.3465046 7.5189094954 0.0 7.5189094954 0.0
57848.3465394 7.47442305466 0.0 7.47442305466 0.0
57848.3465856 7.48465096047 0.0 7.48465096047 0.0
57848.3466435 7.41828821225 0.0 7.41828821225 0.0
57848.346713 7.40540343263 0.0 7.40540343263 0.0
57848.3467593 7.38471394165 0.0 7.38471394165 0.0
57848.346794 7.61531351948 0.0 7.61531351948 0.0
57848.3468519 7.4064836461 0.0 7.4064836461 0.0
57848.3469213 7.41147758548 0.0 7.41147758548 0.0
57848.3469676 7.43693485248 0.0 7.43693485248 0.0
57848.3470139 7.42159012611 0.0 7.42159012611 0.0
57848.3470602 7.48705549599 0.0 7.48705549599 0.0
57848.3471296 7.42300478243 0.0 7.42300478243 0.0
57848.3471759 7.60447236828 0.0 7.60447236828 0.0
57848.3472222 7.54373912592 0.0 7.54373912592 0.0
57848.3472685 7.44553557509 0.0 7.44553557509 0.0
57848.347338 7.59848669144 0.0 7.59848669144 0.0
57848.3473843 7.42563128629 0.0 7.42563128629 0.0
57848.3474306 7.52336360945 0.0 7.52336360945 0.0
57848.3474769 7.51212353466 0.0 7.51212353466 0.0
57848.3475463 7.80019230532 0.0 7.80019230532 0.0
57848.3475926 7.58063321893 0.0 7.58063321893 0.0
57848.3476505 7.45875324702 0.0 7.45875324702 0.0
57848.3476852 7.55056289292 0.0 7.55056289292 0.0
57848.3477662 7.4203773489 0.0 7.4203773489 0.0
57848.3478009 7.60322300081 0.0 7.60322300081 0.0
57848.3478588 7.43861546257 0.0 7.43861546257 0.0
57848.3479051 7.54208194068 0.0 7.54208194068 0.0
57848.3535532 7.81127390379 0.0 7.81127390379 0.0
57848.353588 7.96046481055 0.0 7.96046481055 0.0
57848.3536343 7.93133027934 0.0 7.93133027934 0.0
57848.3536921 7.99299693482 0.0 7.99299693482 0.0
57848.3537616 7.87623006266 0.0 7.87623006266 0.0
57848.3538079 7.93504883413 0.0 7.93504883413 0.0
57848.3538426 7.79005776615 0.0 7.79005776615 0.0
57848.3539005 7.60808780181 0.0 7.60808780181 0.0
57848.3539699 7.90094931005 0.0 7.90094931005 0.0
57848.3540162 7.766788268 0.0 7.766788268 0.0
57848.3540625 7.63269284067 0.0 7.63269284067 0.0
57848.3541088 7.64146582797 0.0 7.64146582797 0.0
57848.3541782 7.71161461693 0.0 7.71161461693 0.0
57848.3542245 7.6851805444 0.0 7.6851805444 0.0
57848.3542708 7.87108632909 0.0 7.87108632909 0.0
57848.3543171 8.11332237742 0.0 8.11332237742 0.0
57848.3543866 8.06585395355 0.0 8.06585395355 0.0
57848.3544329 7.74280310999 0.0 7.74280310999 0.0
57848.3544792 7.68576606462 0.0 7.68576606462 0.0
57848.3545255 7.73711832661 0.0 7.73711832661 0.0
57848.3545949 8.01673250146 0.0 8.01673250146 0.0
57848.3546412 7.91391180138 0.0 7.91391180138 0.0
57848.3546991 8.14782179481 0.0 8.14782179481 0.0
57848.3547338 7.81319396918 0.0 7.81319396918 0.0
57848.3548032 7.71433730141 0.0 7.71433730141 0.0
57848.3548495 7.87597612998 0.0 7.87597612998 0.0
57848.3549074 7.82655735301 0.0 7.82655735301 0.0
57848.3549537 7.76047678948 0.0 7.76047678948 0.0
57848.3550231 7.67463354174 0.0 7.67463354174 0.0
57848.3550694 7.65140509972 0.0 7.65140509972 0.0
57848.3551157 7.67111465173 0.0 7.67111465173 0.0
57848.355162 7.74841919362 0.0 7.74841919362 0.0
57848.3552315 8.2953601489 0.0 8.2953601489 0.0
57848.3552778 8.5477482415 0.0 8.5477482415 0.0
57848.3553241 8.90112352459 0.0 8.90112352459 0.0
57848.3553704 8.95444023934 0.0 8.95444023934 0.0
57848.3554398 8.11289097671 0.0 8.11289097671 0.0
57848.3554861 8.17551221637 0.0 8.17551221637 0.0
57848.3555324 8.92227549451 0.0 8.92227549451 0.0
57848.3555787 8.87778125435 0.0 8.87778125435 0.0
57848.3556481 9.11959428922 0.0 9.11959428922 0.0
57848.3556944 8.40238061504 0.0 8.40238061504 0.0
57848.3557407 9.13274328994 0.0 9.13274328994 0.0
57848.355787 8.72255696456 0.0 8.72255696456 0.0
57848.3558565 8.17282081047 0.0 8.17282081047 0.0
57848.3559144 8.14953986431 0.0 8.14953986431 0.0
57848.3559606 8.1643738278 0.0 8.1643738278 0.0
57848.3559954 8.0466763325 0.0 8.0466763325 0.0
57848.3560648 7.96134410762 0.0 7.96134410762 0.0
57848.3561227 7.75802809997 0.0 7.75802809997 0.0
57848.356169 7.91732277983 0.0 7.91732277983 0.0
57848.3562153 7.82464056682 0.0 7.82464056682 0.0
57848.3562847 7.89347832074 0.0 7.89347832074 0.0
57848.356331 7.81184997296 0.0 7.81184997296 0.0
57848.3563773 8.11289097671 0.0 8.11289097671 0.0
57848.3564236 7.90404959499 0.0 7.90404959499 0.0
57848.3564931 7.93259100168 0.0 7.93259100168 0.0
57848.3565394 8.10166649523 0.0 8.10166649523 0.0
57848.3565856 7.94757824749 0.0 7.94757824749 0.0
57848.3566319 7.90803388966 0.0 7.90803388966 0.0
57848.3567014 7.93807281398 0.0 7.93807281398 0.0
57848.3567477 7.77322326966 0.0 7.77322326966 0.0
57848.356794 7.96096727791 0.0 7.96096727791 0.0
57848.3568519 7.73265801649 0.0 7.73265801649 0.0
57848.3569213 7.69766198271 0.0 7.69766198271 0.0
57848.356956 7.72249959534 0.0 7.72249959534 0.0
57848.3570023 7.71129042379 0.0 7.71129042379 0.0
57848.3570602 7.71375394993 0.0 7.71375394993 0.0
57848.3571296 7.67893221744 0.0 7.67893221744 0.0
57848.3571759 7.69382869578 0.0 7.69382869578 0.0
57848.3572106 7.80692000728 0.0 7.80692000728 0.0
57848.3572685 7.97489811847 0.0 7.97489811847 0.0
57848.357338 7.86981575388 0.0 7.86981575388 0.0
57848.3573843 7.78748996789 0.0 7.78748996789 0.0
57848.3574306 7.93958437199 0.0 7.93958437199 0.0
57848.3574769 7.83696369776 0.0 7.83696369776 0.0
57848.3575463 7.73963823444 0.0 7.73963823444 0.0
57848.3575926 7.78556356342 0.0 7.78556356342 0.0
57848.3576389 7.95971105003 0.0 7.95971105003 0.0
57848.3576852 7.93580493712 0.0 7.93580493712 0.0
57848.3577546 7.74002583975 0.0 7.74002583975 0.0
57848.3578009 7.81907922968 0.0 7.81907922968 0.0
57848.3578472 7.98799098647 0.0 7.98799098647 0.0
57848.3578935 8.03330567077 0.0 8.03330567077 0.0
57848.357963 7.90828679298 0.0 7.90828679298 0.0
57848.3580093 7.92584380366 0.0 7.92584380366 0.0
57848.3580671 7.78132379483 0.0 7.78132379483 0.0
57848.3581019 7.7863341824 0.0 7.7863341824 0.0
57848.3581829 7.81684079408 0.0 7.81684079408 0.0
57848.3582176 8.01729380776 0.0 8.01729380776 0.0
57848.3582755 7.79416448377 0.0 7.79416448377 0.0
57848.3583218 8.18217574976 0.0 8.18217574976 0.0
57848.3604977 7.97458462868 0.0 7.97458462868 0.0
57848.3605324 7.98010025 0.0 7.98010025 0.0
57848.3605787 8.01142933564 0.0 8.01142933564 0.0
57848.3606366 7.99011889774 0.0 7.99011889774 0.0
57848.360706 7.89290820927 0.0 7.89290820927 0.0
57848.3607523 7.94015113206 0.0 7.94015113206 0.0
57848.360787 8.00212471785 0.0 8.00212471785 0.0
57848.3608449 8.05357063668 0.0 8.05357063668 0.0
57848.3609144 7.91441722428 0.0 7.91441722428 0.0
57848.3609606 7.92748383789 0.0 7.92748383789 0.0
57848.3610069 8.32826512546 0.0 8.32826512546 0.0
57848.3610532 7.8764205068 0.0 7.8764205068 0.0
57848.3611227 8.02352790236 0.0 8.02352790236 0.0
57848.361169 7.99549873366 0.0 7.99549873366 0.0
57848.3612153 8.1934730121 0.0 8.1934730121 0.0
57848.3612616 8.14542816554 0.0 8.14542816554 0.0
57848.361331 8.22459725458 0.0 8.22459725458 0.0
57848.3613773 8.16565980188 0.0 8.16565980188 0.0
57848.3614236 8.21808980238 0.0 8.21808980238 0.0
57848.3614699 8.05748099594 0.0 8.05748099594 0.0
57848.3615394 8.16394512475 0.0 8.16394512475 0.0
57848.3615856 7.89411172964 0.0 7.89411172964 0.0
57848.3616435 7.92477129008 0.0 7.92477129008 0.0
57848.3616782 8.37490298451 0.0 8.37490298451 0.0
57848.3617477 8.27973429525 0.0 8.27973429525 0.0
57848.361794 8.03753693615 0.0 8.03753693615 0.0
57848.3618519 8.16057596007 0.0 8.16057596007 0.0
57848.3618981 8.09104443196 0.0 8.09104443196 0.0
57848.3619676 8.13769008995 0.0 8.13769008995 0.0
57848.3620139 7.90392307655 0.0 7.90392307655 0.0
57848.3620602 8.15579548542 0.0 8.15579548542 0.0
57848.3621065 7.96887695977 0.0 7.96887695977 0.0
57848.3621759 8.41153969259 0.0 8.41153969259 0.0
57848.3622222 8.15548894917 0.0 8.15548894917 0.0
57848.3622685 7.94210299606 0.0 7.94210299606 0.0
57848.3623148 8.10543027852 0.0 8.10543027852 0.0
57848.3623843 8.3171509545 0.0 8.3171509545 0.0
57848.3624306 7.9723271383 0.0 7.9723271383 0.0
57848.3624769 8.0290099016 0.0 8.0290099016 0.0
57848.3625231 8.02521027762 0.0 8.02521027762 0.0
57848.3625926 7.92281515624 0.0 7.92281515624 0.0
57848.3626389 7.90170867598 0.0 7.90170867598 0.0
57848.3626852 7.90050631289 0.0 7.90050631289 0.0
57848.3627315 8.19298480409 0.0 8.19298480409 0.0
57848.3628009 7.94285842754 0.0 7.94285842754 0.0
57848.3628588 8.52584306682 0.0 8.52584306682 0.0
57848.3629051 8.43777221783 0.0 8.43777221783 0.0
57848.3629398 8.86588969027 0.0 8.86588969027 0.0
57848.3630093 8.12293050567 0.0 8.12293050567 0.0
57848.3630671 8.05232885568 0.0 8.05232885568 0.0
57848.3631134 8.02072315942 0.0 8.02072315942 0.0
57848.3631597 8.19518151111 0.0 8.19518151111 0.0
57848.3632292 8.54090159175 0.0 8.54090159175 0.0
57848.3632755 8.65262965809 0.0 8.65262965809 0.0
57848.3633218 8.38277996848 0.0 8.38277996848 0.0
57848.3633681 8.50928904198 0.0 8.50928904198 0.0
57848.3634375 8.4045820836 0.0 8.4045820836 0.0
57848.3634838 8.04530919232 0.0 8.04530919232 0.0
57848.3635301 8.11436996938 0.0 8.11436996938 0.0
57848.3635764 8.41552137422 0.0 8.41552137422 0.0
57848.3636458 8.78578397185 0.0 8.78578397185 0.0
57848.3636921 8.33816526581 0.0 8.33816526581 0.0
57848.3637384 8.36026315375 0.0 8.36026315375 0.0
57848.3637963 8.07545664344 0.0 8.07545664344 0.0
57848.3638657 8.35601579702 0.0 8.35601579702 0.0
57848.3639005 8.79590813958 0.0 8.79590813958 0.0
57848.3639468 8.18675759993 0.0 8.18675759993 0.0
57848.3640046 8.27611019743 0.0 8.27611019743 0.0
57848.3640741 8.59616193426 0.0 8.59616193426 0.0
57848.3641204 8.40660454643 0.0 8.40660454643 0.0
57848.3641551 8.03548380622 0.0 8.03548380622 0.0
57848.364213 8.32063699485 0.0 8.32063699485 0.0
57848.3642824 8.4727209325 0.0 8.4727209325 0.0
57848.3643287 8.15634722164 0.0 8.15634722164 0.0
57848.364375 8.82570110529 0.0 8.82570110529 0.0
57848.3644213 8.01448688314 0.0 8.01448688314 0.0
57848.3644907 8.47808940741 0.0 8.47808940741 0.0
57848.364537 8.04978260576 0.0 8.04978260576 0.0
57848.3645833 8.04530919232 0.0 8.04530919232 0.0
57848.3646296 8.17116882704 0.0 8.17116882704 0.0
57848.3646991 8.02957034965 0.0 8.02957034965 0.0
57848.3647454 8.13682984952 0.0 8.13682984952 0.0
57848.3647917 8.74699948554 0.0 8.74699948554 0.0
57848.364838 8.43107347851 0.0 8.43107347851 0.0
57848.3649074 8.41510546577 0.0 8.41510546577 0.0
57848.3649537 8.35828929865 0.0 8.35828929865 0.0
57848.3650116 8.07607577973 0.0 8.07607577973 0.0
57848.3650463 8.39785686946 0.0 8.39785686946 0.0
57848.3651273 8.49788208909 0.0 8.49788208909 0.0
57848.365162 8.22903396517 0.0 8.22903396517 0.0
57848.3652199 8.23838576421 0.0 8.23838576421 0.0
57848.3652662 8.56411116229 0.0 8.56411116229 0.0
57848.3674421 8.61347781097 0.0 8.61347781097 0.0
57848.3674769 8.7737107315 0.0 8.7737107315 0.0
57848.3675231 8.80397637434 0.0 8.80397637434 0.0
57848.367581 8.21662947929 0.0 8.21662947929 0.0
57848.3676505 8.20067070428 0.0 8.20067070428 0.0
57848.3676968 8.24736321499 0.0 8.24736321499 0.0
57848.3677315 8.25299945474 0.0 8.25299945474 0.0
57848.3677894 8.26062951596 0.0 8.26062951596 0.0
57848.3678588 8.17080167425 0.0 8.17080167425 0.0
57848.3679051 8.21875903041 0.0 8.21875903041 0.0
57848.3679514 8.22374610503 0.0 8.22374610503 0.0
57848.3679977 8.2316462509 0.0 8.2316462509 0.0
57848.3680671 8.18352002503 0.0 8.18352002503 0.0
57848.3681134 8.23868921613 0.0 8.23868921613 0.0
57848.3681597 8.25481677568 0.0 8.25481677568 0.0
57848.368206 8.30120473184 0.0 8.30120473184 0.0
57848.3682755 8.45901885564 0.0 8.45901885564 0.0
57848.3683218 8.43178510163 0.0 8.43178510163 0.0
57848.3683681 8.72645403357 0.0 8.72645403357 0.0
57848.3684144 8.60726437377 0.0 8.60726437377 0.0
57848.3684838 8.22277325481 0.0 8.22277325481 0.0
57848.3685301 9.08740887162 0.0 9.08740887162 0.0
57848.368588 8.60151149508 0.0 8.60151149508 0.0
57848.3686227 8.80902945846 0.0 8.80902945846 0.0
57848.3686921 8.62751412633 0.0 8.62751412633 0.0
57848.3687384 8.18706296544 0.0 8.18706296544 0.0
57848.3687963 8.19603562706 0.0 8.19603562706 0.0
57848.3688426 8.53024032487 0.0 8.53024032487 0.0
57848.368912 8.2003658455 0.0 8.2003658455 0.0
57848.3689583 8.19963413818 0.0 8.19963413818 0.0
57848.3690046 8.51328373778 0.0 8.51328373778 0.0
57848.3690509 8.33642609276 0.0 8.33642609276 0.0
57848.3691204 8.66383287004 0.0 8.66383287004 0.0
57848.3691667 8.46161923038 0.0 8.46161923038 0.0
57848.369213 9.31509527595 0.0 9.31509527595 0.0
57848.3692593 8.31017448674 0.0 8.31017448674 0.0
57848.3693287 8.3048780846 0.0 8.3048780846 0.0
57848.369375 8.7053431868 0.0 8.7053431868 0.0
57848.3694213 8.52678133882 0.0 8.52678133882 0.0
57848.3694676 8.87473943279 0.0 8.87473943279 0.0
57848.369537 8.51950702799 0.0 8.51950702799 0.0
57848.3695833 8.73973683814 0.0 8.73973683814 0.0
57848.3696296 8.48475102758 0.0 8.48475102758 0.0
57848.3696759 8.48168615312 0.0 8.48168615312 0.0
57848.3697454 8.5412528355 0.0 8.5412528355 0.0
57848.3698032 8.34805366538 0.0 8.34805366538 0.0
57848.3698495 8.39535585904 0.0 8.39535585904 0.0
57848.3698843 8.45493938476 0.0 8.45493938476 0.0
57848.3699537 8.43297100671 0.0 8.43297100671 0.0
57848.3700116 8.31757176104 0.0 8.31757176104 0.0
57848.3700579 8.54113575586 0.0 8.54113575586 0.0
57848.3701042 8.80789418647 0.0 8.80789418647 0.0
57848.3701736 8.66717947201 0.0 8.66717947201 0.0
57848.3702199 8.58248215844 0.0 8.58248215844 0.0
57848.3702662 8.66550633258 0.0 8.66550633258 0.0
57848.3703125 8.61237481767 0.0 8.61237481767 0.0
57848.3703819 8.76584280032 0.0 8.76584280032 0.0
57848.3704282 8.57420550255 0.0 8.57420550255 0.0
57848.3704745 8.30933210312 0.0 8.30933210312 0.0
57848.3705208 8.9342599022 0.0 8.9342599022 0.0
57848.3705903 8.52947829589 0.0 8.52947829589 0.0
57848.3706366 8.37054359047 0.0 8.37054359047 0.0
57848.3706829 8.35553708627 0.0 8.35553708627 0.0
57848.3707407 8.38695415511 0.0 8.38695415511 0.0
57848.3708102 9.17109589962 0.0 9.17109589962 0.0
57848.3708449 8.48304190724 0.0 8.48304190724 0.0
57848.3708912 8.52320362305 0.0 8.52320362305 0.0
57848.3709491 8.47726370948 0.0 8.47726370948 0.0
57848.3710185 9.05941499215 0.0 9.05941499215 0.0
57848.3710648 8.45493938476 0.0 8.45493938476 0.0
57848.3710995 9.01770480777 0.0 9.01770480777 0.0
57848.3711574 8.57403055744 0.0 8.57403055744 0.0
57848.3712269 8.72754260946 0.0 8.72754260946 0.0
57848.3712731 8.89308720299 0.0 8.89308720299 0.0
57848.3713194 8.69724094182 0.0 8.69724094182 0.0
57848.3713657 8.62467390688 0.0 8.62467390688 0.0
57848.3714352 8.37442535342 0.0 8.37442535342 0.0
57848.3714815 8.93347636701 0.0 8.93347636701 0.0
57848.3715278 8.98521006989 0.0 8.98521006989 0.0
57848.3715741 9.00943949422 0.0 9.00943949422 0.0
57848.3716435 8.4512129307 0.0 8.4512129307 0.0
57848.3716898 8.63435000449 0.0 8.63435000449 0.0
57848.3717361 8.38731184588 0.0 8.38731184588 0.0
57848.3717824 8.38826561334 0.0 8.38826561334 0.0
57848.3718519 8.57846140051 0.0 8.57846140051 0.0
57848.3718981 8.42531898506 0.0 8.42531898506 0.0
57848.371956 8.44795833323 0.0 8.44795833323 0.0
57848.3719907 8.75025713908 0.0 8.75025713908 0.0
57848.3720718 9.08096911128 0.0 9.08096911128 0.0
57848.3721065 8.41029131481 0.0 8.41029131481 0.0
57848.3721644 8.5492689746 0.0 8.5492689746 0.0
57848.3722106 8.6074967325 0.0 8.6074967325 0.0
57848.3743866 8.81164002896 0.0 8.81164002896 0.0
57848.3744213 8.64690696145 0.0 8.64690696145 0.0
57848.3744676 8.57869453938 0.0 8.57869453938 0.0
57848.3745255 8.56346892328 0.0 8.56346892328 0.0
57848.3745949 8.76658428352 0.0 8.76658428352 0.0
57848.3746412 8.84680733372 0.0 8.84680733372 0.0
57848.3746759 8.64956646312 0.0 8.64956646312 0.0
57848.3747338 8.63191751582 0.0 8.63191751582 0.0
57848.3748032 8.74945712602 0.0 8.74945712602 0.0
57848.3748495 9.35473142319 0.0 9.35473142319 0.0
57848.3748958 9.85870174009 0.0 9.85870174009 0.0
57848.3749421 9.15106551173 0.0 9.15106551173 0.0
57848.3750116 8.9550544387 0.0 8.9550544387 0.0
57848.3750579 9.13427610706 0.0 9.13427610706 0.0
57848.3751042 9.4120667231 0.0 9.4120667231 0.0
57848.3751505 8.91605293838 0.0 8.91605293838 0.0
57848.3752199 9.14811455984 0.0 9.14811455984 0.0
57848.3752662 8.65655820751 0.0 8.65655820751 0.0
57848.3753125 9.20646511969 0.0 9.20646511969 0.0
57848.3753588 8.98565523487 0.0 8.98565523487 0.0
57848.3754282 8.6747334253 0.0 8.6747334253 0.0
57848.3754745 8.77296985063 0.0 8.77296985063 0.0
57848.3755324 8.86419765123 0.0 8.86419765123 0.0
57848.3755671 9.51230781672 0.0 9.51230781672 0.0
57848.3756366 9.50426220177 0.0 9.50426220177 0.0
57848.3756829 8.93252483904 0.0 8.93252483904 0.0
57848.3757407 8.89966291496 0.0 8.89966291496 0.0
57848.375787 9.33830819796 0.0 9.33830819796 0.0
57848.3758565 9.66886756554 0.0 9.66886756554 0.0
57848.3759028 8.86442327509 0.0 8.86442327509 0.0
57848.3759491 9.01748301911 0.0 9.01748301911 0.0
57848.3759954 9.81055553983 0.0 9.81055553983 0.0
57848.3760648 9.9591666318 0.0 9.9591666318 0.0
57848.3761111 8.66816012773 0.0 8.66816012773 0.0
57848.3761574 8.85048021296 0.0 8.85048021296 0.0
57848.3762037 8.73819203268 0.0 8.73819203268 0.0
57848.3762731 8.78043279116 0.0 8.78043279116 0.0
57848.3763194 8.94673124666 0.0 8.94673124666 0.0
57848.3763657 8.76316152995 0.0 8.76316152995 0.0
57848.376412 8.77747116201 0.0 8.77747116201 0.0
57848.3764815 8.83357232381 0.0 8.83357232381 0.0
57848.3765278 8.60709010061 0.0 8.60709010061 0.0
57848.3765741 8.62722435086 0.0 8.62722435086 0.0
57848.3766204 8.92748564827 0.0 8.92748564827 0.0
57848.3766898 9.11915566267 0.0 9.11915566267 0.0
57848.3767477 9.4297401873 0.0 9.4297401873 0.0
57848.376794 8.66389058103 0.0 8.66389058103 0.0
57848.3768287 8.68654131401 0.0 8.68654131401 0.0
57848.3768981 8.7304639052 0.0 8.7304639052 0.0
57848.376956 9.26212718548 0.0 9.26212718548 0.0
57848.3770023 9.2483512044 0.0 9.2483512044 0.0
57848.3770486 9.20809426537 0.0 9.20809426537 0.0
57848.3771181 8.92020179144 0.0 8.92020179144 0.0
57848.3771644 8.73029209133 0.0 8.73029209133 0.0
57848.3772106 8.73939357164 0.0 8.73939357164 0.0
57848.3772569 8.74402653244 0.0 8.74402653244 0.0
57848.3773264 9.23704498203 0.0 9.23704498203 0.0
57848.3773727 9.09065454189 0.0 9.09065454189 0.0
57848.377419 9.15423399308 0.0 9.15423399308 0.0
57848.3774653 9.05428075553 0.0 9.05428075553 0.0
57848.3775347 9.67894622363 0.0 9.67894622363 0.0
57848.377581 9.16182296271 0.0 9.16182296271 0.0
57848.3776273 9.3757133062 0.0 9.3757133062 0.0
57848.3776852 9.21042887166 0.0 9.21042887166 0.0
57848.3777546 8.86211035815 0.0 8.86211035815 0.0
57848.3777894 9.58441443177 0.0 9.58441443177 0.0
57848.3778356 9.15980349134 0.0 9.15980349134 0.0
57848.3778935 9.37064565545 0.0 9.37064565545 0.0
57848.377963 8.81118607226 0.0 8.81118607226 0.0
57848.3780093 9.86757315656 0.0 9.86757315656 0.0
57848.378044 9.86995440719 0.0 9.86995440719 0.0
57848.3781019 9.76729235766 0.0 9.76729235766 0.0
57848.3781713 8.99066182214 0.0 8.99066182214 0.0
57848.3782176 8.79522597777 0.0 8.79522597777 0.0
57848.3782639 9.17442096265 0.0 9.17442096265 0.0
57848.3783102 9.00649765447 0.0 9.00649765447 0.0
57848.3783796 8.89657237367 0.0 8.89657237367 0.0
57848.3784259 9.0150984465 0.0 9.0150984465 0.0
57848.3784722 8.89044430836 0.0 8.89044430836 0.0
57848.3806366 9.38834383691 0.0 9.38834383691 0.0
57848.3806713 9.05764870151 0.0 9.05764870151 0.0
57848.3807176 9.08465739585 0.0 9.08465739585 0.0
57848.3807755 8.94790478269 0.0 8.94790478269 0.0
57848.3808449 9.03565160904 0.0 9.03565160904 0.0
57848.3808912 9.21547611358 0.0 9.21547611358 0.0
57848.3809259 9.65826071299 0.0 9.65826071299 0.0
57848.3809838 9.55604520709 0.0 9.55604520709 0.0
57848.3810532 9.50899574088 0.0 9.50899574088 0.0
57848.3810995 9.30671800368 0.0 9.30671800368 0.0
57848.3811458 9.7502307665 0.0 9.7502307665 0.0
57848.3811921 9.45658500728 0.0 9.45658500728 0.0
57848.3812616 9.06233965375 0.0 9.06233965375 0.0
57848.3813079 9.16231411817 0.0 9.16231411817 0.0
57848.3813542 9.37187281177 0.0 9.37187281177 0.0
57848.3814005 9.20021738874 0.0 9.20021738874 0.0
57848.3814699 9.41089793803 0.0 9.41089793803 0.0
57848.3815162 9.2418612844 0.0 9.2418612844 0.0
57848.3815625 9.04632522077 0.0 9.04632522077 0.0
57848.3816088 9.36877793525 0.0 9.36877793525 0.0
57848.3816782 9.31461217658 0.0 9.31461217658 0.0
57848.3817245 9.24883776482 0.0 9.24883776482 0.0
57848.3817824 9.56075310841 0.0 9.56075310841 0.0
57848.3818171 9.89732287035 0.0 9.89732287035 0.0
57848.3818866 9.4128635388 0.0 9.4128635388 0.0
57848.3819329 8.97724902183 0.0 8.97724902183 0.0
57848.3819907 9.30064513891 0.0 9.30064513891 0.0
57848.382037 9.6022913932 0.0 9.6022913932 0.0
57848.3821065 9.19113703521 0.0 9.19113703521 0.0
57848.3821528 9.24099561736 0.0 9.24099561736 0.0
57848.3821991 9.08003303959 0.0 9.08003303959 0.0
57848.3822454 9.19227936912 0.0 9.19227936912 0.0
57848.3823148 9.24375464841 0.0 9.24375464841 0.0
57848.3823611 9.12206117059 0.0 9.12206117059 0.0
57848.3824074 9.27566709191 0.0 9.27566709191 0.0
57848.3824537 9.23054711271 0.0 9.23054711271 0.0
57848.3825231 9.06609066798 0.0 9.06609066798 0.0
57848.3825694 9.08041849256 0.0 9.08041849256 0.0
57848.3826157 9.09411897877 0.0 9.09411897877 0.0
57848.382662 9.22735064902 0.0 9.22735064902 0.0
57848.3827315 9.98659100995 0.0 9.98659100995 0.0
57848.3827778 9.63602615189 0.0 9.63602615189 0.0
57848.3828241 9.4445222219 0.0 9.4445222219 0.0
57848.3828704 9.2043467992 0.0 9.2043467992 0.0
57848.3829398 9.07469007735 0.0 9.07469007735 0.0
57848.3829977 9.23060128052 0.0 9.23060128052 0.0
57848.383044 9.70989186346 0.0 9.70989186346 0.0
57848.3830787 9.13684847198 0.0 9.13684847198 0.0
57848.3831481 9.26439420578 0.0 9.26439420578 0.0
57848.383206 9.19989130371 0.0 9.19989130371 0.0
57848.3832523 9.22258098365 0.0 9.22258098365 0.0
57848.3832986 9.25872561425 0.0 9.25872561425 0.0
57848.3833681 9.51078335365 0.0 9.51078335365 0.0
57848.3834144 9.23282188716 0.0 9.23282188716 0.0
57848.3834606 9.32094415818 0.0 9.32094415818 0.0
57848.3835069 9.76616608501 0.0 9.76616608501 0.0
57848.3835764 9.51288599742 0.0 9.51288599742 0.0
57848.3836227 9.32126600843 0.0 9.32126600843 0.0
57848.383669 10.3275360082 0.0 10.3275360082 0.0
57848.3837153 9.96915242134 0.0 9.96915242134 0.0
57848.3837847 10.0918283775 0.0 10.0918283775 0.0
57848.383831 9.2052702296 0.0 9.2052702296 0.0
57848.3838773 9.15286840286 0.0 9.15286840286 0.0
57848.3839352 9.8906015995 0.0 9.8906015995 0.0
57848.3840046 9.60713276686 0.0 9.60713276686 0.0
