57848.1194444 208.737702803 0.0 182.215798993 0.0
57848.1201389 208.92427013 0.0 182.386773273 0.0
57848.1208333 208.880752658 0.0 182.101726958 0.0
57848.1215278 208.607006395 0.0 181.830519062 0.0
57848.1430556 208.276788863 0.0 179.429109107 0.0
57848.14375 208.06467526 0.0 179.631657754 0.0
57848.1444444 208.120844017 0.0 179.68225924 0.0
57848.1451389 207.752350073 0.0 178.878178092 0.0
57848.1729167 232.183313158 0.0 202.304900404 0.0
57848.1736111 231.741010837 0.0 201.900065289 0.0
57848.1743056 231.404520155 0.0 201.603957908 0.0
57848.175 230.561144945 0.0 200.648299917 0.0
57848.1868056 224.990620295 0.0 194.742587342 0.0
57848.1875 224.68448296 0.0 194.635857136 0.0
57848.1881944 224.13469976 0.0 194.148156039 0.0
57848.1888889 224.279510213 0.0 194.208349761 0.0
57848.2166667 246.307800257 0.0 215.755994936 0.0
57848.2173611 245.3092403 0.0 214.542703042 0.0
57848.2180556 245.097383243 0.0 214.566915061 0.0
57848.21875 243.99276123 0.0 213.401639498 0.0
57848.2298611 237.20778332 0.0 207.708587071 0.0
57848.2305556 237.114690864 0.0 207.602267085 0.0
57848.23125 236.516933306 0.0 206.88788607 0.0
57848.2319444 236.582815461 0.0 206.912993823 0.0
57848.2430556 212.181005796 0.0 184.010163469 0.0
57848.24375 212.174884984 0.0 184.073672433 0.0
57848.2444444 211.592600465 0.0 183.685219167 0.0
57848.2451389 211.90539423 0.0 183.826569876 0.0
57848.2590278 246.075693138 0.0 215.442763665 0.0
57848.2597222 245.605533167 0.0 215.135113087 0.0
57848.2604167 245.150364672 0.0 214.645585263 0.0
57848.2611111 244.789864827 0.0 214.112484092 0.0
57848.2722222 236.566346642 0.0 207.195246398 0.0
57848.2729167 235.537517347 0.0 205.666480737 0.0
57848.2736111 235.17332652 0.0 205.786423138 0.0
57848.2743056 234.775383121 0.0 205.331534259 0.0
57848.2854167 227.710228255 0.0 198.527043531 0.0
57848.2861111 228.450455 0.0 199.382162575 0.0
57848.2868056 226.400403836 0.0 197.27362499 0.0
57848.2875 227.396330026 0.0 198.618606 0.0
57848.2986111 222.943706132 0.0 194.148156039 0.0
57848.2993056 223.019421436 0.0 193.987548134 0.0
57848.3 222.541401372 0.0 193.659226746 0.0
57848.3006944 222.226046143 0.0 193.437798318 0.0
57848.3173611 216.728928783 0.0 188.017683612 0.0
57848.3180556 216.710951185 0.0 188.286877004 0.0
57848.31875 216.764879505 0.0 188.217889761 0.0
57848.3194444 216.411104691 0.0 188.30067142 0.0
57848.3201389 216.447108203 0.0 188.486797223 0.0
57848.3208333 215.786089365 0.0 187.588939945 0.0
57848.3215278 215.984607436 0.0 187.360337595 0.0
57848.3305556 214.385258264 0.0 186.387391581 0.0
57848.33125 214.748418194 0.0 186.261929802 0.0
57848.3319444 214.361025727 0.0 186.331641219 0.0
57848.3326389 214.282251054 0.0 185.857087954 0.0
57848.3333333 214.524542234 0.0 186.387391581 0.0
57848.3340278 214.675835356 0.0 186.568465202 0.0
57848.3347222 214.033617944 0.0 185.919966024 0.0
57848.34375 213.212898906 0.0 185.486373638 0.0
57848.3444444 212.822711414 0.0 184.876230974 0.0
57848.3451389 212.877624745 0.0 185.185060125 0.0
57848.3458333 212.871523963 0.0 185.178047 0.0
57848.3465278 212.602916255 0.0 184.742713334 0.0
57848.3472222 212.352316902 0.0 184.461307666 0.0
57848.3479167 213.188533109 0.0 185.199085577 0.0
57848.3541667 212.242204207 0.0 184.573921418 0.0
57848.3548611 212.68841914 0.0 184.8129978 0.0
57848.3555556 212.49293342 0.0 184.404975001 0.0
57848.35625 212.174884984 0.0 184.299304845 0.0
57848.3569444 212.199367173 0.0 184.412017525 0.0
57848.3576389 211.94829068 0.0 184.257019814 0.0
57848.3583333 211.960545214 0.0 184.447226113 0.0
57848.3611111 212.156521489 0.0 184.172420627 0.0
57848.3618056 211.696916405 0.0 183.996047388 0.0
57848.3625 212.113667151 0.0 184.158316984 0.0
57848.3631944 212.364548121 0.0 184.419059781 0.0
57848.3638889 211.451385221 0.0 183.685219167 0.0
57848.3645833 211.187120819 0.0 183.472988918 0.0
57848.3652778 211.482092208 0.0 183.812439696 0.0
57848.3680556 211.874748592 0.0 184.306351407 0.0
57848.36875 211.22401477 0.0 183.876016953 0.0
57848.3694444 212.034057544 0.0 184.693498293 0.0
57848.3701389 211.310075604 0.0 183.988988942 0.0
57848.3708333 210.663762378 0.0 183.295942665 0.0
57848.3715278 210.891736859 0.0 183.508377671 0.0
57848.3722222 211.125616575 0.0 183.720567039 0.0
57848.375 210.095834657 0.0 182.699810562 0.0
57848.3756944 210.102016037 0.0 182.998119357 0.0
57848.3763889 210.50341639 0.0 183.147091549 0.0
57848.3770833 210.491077023 0.0 183.182543262 0.0
57848.3777778 210.102016037 0.0 182.67848415 0.0
57848.3784722 210.151460532 0.0 182.998119357 0.0
57848.38125 209.433372848 0.0 182.443729094 0.0
57848.3819444 209.644101636 0.0 182.714026786 0.0
57848.3826389 209.706040391 0.0 182.685593231 0.0
57848.3833333 209.681267085 0.0 182.799300917 0.0
57848.3840278 209.538763732 0.0 182.479317455 0.0
