57848.1423727 140.519546384 0.0 139.097726877 0.0
57848.1722338 139.420226146 0.0 138.051090918 0.0
57848.1861227 134.211535644 0.0 132.576173007 0.0
57848.2423727 123.565526413 0.0 121.604044304 0.0
57848.2583449 119.606899748 0.0 117.077927005 0.0
57848.2715394 119.475385817 0.0 116.949193809 0.0
57848.2847338 119.397690708 0.0 116.873141488 0.0
57848.2979282 119.361259815 0.0 116.837480891 0.0
57848.3166782 117.098782943 0.0 114.264288759 0.0
57848.3298727 117.144936732 0.0 114.309325349 0.0
57848.3430671 117.23456606 0.0 114.396785109 0.0
57848.3534838 118.360775733 0.0 116.062289444 0.0
57848.3604282 118.458740758 0.0 116.158352054 0.0
57848.3673727 118.578788093 0.0 116.276068151 0.0
57848.3743171 118.723577387 0.0 116.418045734 0.0
