57848.2430556 83.8941252174 0.0 82.3174849774 0.0
57848.24375 83.6491207904 0.0 82.2093294523 0.0
57848.2444444 83.3856502163 0.0 82.0821869957 0.0
57848.2451389 83.3319194607 0.0 82.1609702109 0.0
57848.2584259 99.8801312174 0.0 100.051593391 0.0
57848.2585532 101.250114449 0.0 101.614103539 0.0
57848.258669 97.8959043832 0.0 97.6481743711 0.0
57848.2587847 95.8460306481 0.0 96.0645479248 0.0
57848.258912 98.2221256133 0.0 98.2766115614 0.0
57848.2590278 95.9309514078 0.0 95.4920731318 0.0
57848.2591435 95.575269568 0.0 95.4181452293 0.0
57848.2592708 96.9099524198 0.0 96.871754836 0.0
57848.2593866 96.2542999351 0.0 96.1199825375 0.0
57848.2595023 95.3831406015 0.0 95.4285960758 0.0
57848.2596296 95.148945806 0.0 95.2394742111 0.0
57848.2597222 95.6342211136 0.0 95.6630116032 0.0
57848.2597454 96.0783201872 0.0 96.0435897288 0.0
57848.2598611 95.16516081 0.0 95.198812272 0.0
57848.2599884 95.1468996342 0.0 95.0225481031 0.0
57848.2601042 95.7459901197 0.0 95.6763820543 0.0
57848.2602199 96.9111496578 0.0 96.7791114032 0.0
57848.2603356 96.1682323327 0.0 95.9293629917 0.0
57848.2604167 95.3360752444 0.0 95.2888091436 0.0
57848.260463 94.5442717461 0.0 94.6804342882 0.0
57848.2605787 94.3517211343 0.0 94.4060045654 0.0
57848.2606944 96.3483688393 0.0 96.4070221198 0.0
57848.2608218 97.7423828848 0.0 97.4541721067 0.0
57848.2609375 94.5413796652 0.0 94.5639004166 0.0
57848.2610532 94.4520926131 0.0 94.4239649348 0.0
57848.2611111 96.0102934586 0.0 96.113439721 0.0
57848.2715741 91.1117639715 0.0 91.1794788371 0.0
57848.2716898 91.0110830888 0.0 91.073584628 0.0
57848.2718171 91.9651715053 0.0 91.9426920315 0.0
57848.2719329 91.6071004508 0.0 91.6372637795 0.0
57848.2720486 90.8142693248 0.0 90.8295706309 0.0
57848.2721759 90.8554022665 0.0 90.8626058838 0.0
57848.2722222 91.7664636727 0.0 91.8367436215 0.0
57848.2722917 92.6826568081 0.0 92.8200666666 0.0
57848.2724074 90.8047003629 0.0 90.8437044599 0.0
57848.2725347 90.8830148763 0.0 91.0683918931 0.0
57848.2726505 93.1371705067 0.0 92.8751275638 0.0
57848.2727662 90.9838969928 0.0 91.0133500482 0.0
57848.2728935 91.0884952999 0.0 91.2140725491 0.0
57848.2729167 90.8383555609 0.0 90.9101448629 0.0
57848.2730093 90.59388215 0.0 90.6127702369 0.0
57848.273125 90.3424310222 0.0 90.3775557924 0.0
57848.2732523 91.8656227106 0.0 91.8160137503 0.0
57848.2733681 90.6163017453 0.0 90.6676732634 0.0
57848.2734838 91.0724459592 0.0 90.9548489032 0.0
57848.2736111 91.7763960994 0.0 91.5694651945 0.0
57848.2737269 90.5834533731 0.0 90.6618857128 0.0
57848.2738426 91.2127282017 0.0 90.9868007405 0.0
57848.2739583 92.2902485369 0.0 91.954695046 0.0
57848.2740856 90.2001122782 0.0 90.1571704026 0.0
57848.2742014 91.1679963255 0.0 91.2121602145 0.0
57848.2743056 90.5606127298 0.0 90.5860506149 0.0
57848.284838 87.8521232242 0.0 87.9532344999 0.0
57848.2849537 87.4490608297 0.0 87.4426131814 0.0
57848.285081 87.6118002326 0.0 87.7303816987 0.0
57848.2851968 89.2540999787 0.0 89.2237150538 0.0
57848.2853125 88.0697094295 0.0 88.2041676113 0.0
57848.2854167 87.7461474254 0.0 87.7545104767 0.0
57848.2854398 87.5054216206 0.0 87.3904867305 0.0
57848.2855556 87.5070432137 0.0 87.5849887766 0.0
57848.2856713 90.2838094123 0.0 90.2983120385 0.0
57848.2857986 87.9413882424 0.0 88.1911294632 0.0
57848.2859144 87.5562324281 0.0 87.4702850687 0.0
57848.2860301 88.8963202838 0.0 89.4126032335 0.0
57848.2861111 88.8114866726 0.0 89.1345334368 0.0
57848.2861574 88.6136484521 0.0 88.7457511659 0.0
57848.2862731 87.3377216041 0.0 87.3350179367 0.0
57848.2863889 87.5585127843 0.0 87.5289560146 0.0
57848.2865162 88.0635658033 0.0 87.8871511713 0.0
57848.2866319 87.3795921254 0.0 87.3942600976 0.0
57848.2867477 87.0277781516 0.0 87.1696616891 0.0
57848.2868056 97.104073689 0.0 97.2639549422 0.0
57848.286875 112.042953379 0.0 112.230436825 0.0
57848.2869907 98.8514063785 0.0 98.8149717148 0.0
57848.2871065 88.7039507012 0.0 88.8355764207 0.0
57848.2872222 97.4571371322 0.0 97.4601070336 0.0
57848.2873495 107.331558206 0.0 107.610027014 0.0
57848.2874653 88.4614548886 0.0 88.8595613201 0.0
57848.2875 88.4614295159 0.0 88.6151060599 0.0
57848.2979861 85.5501687023 0.0 85.5518767182 0.0
57848.2981019 85.9597199856 0.0 86.0399730416 0.0
57848.2982176 86.7360836215 0.0 86.8841095771 0.0
57848.2983449 85.5038223882 0.0 85.543195948 0.0
57848.2984606 85.9487291006 0.0 86.036084174 0.0
57848.2985764 85.3294743333 0.0 85.334828013 0.0
57848.2986111 85.2755031589 0.0 85.2762761206 0.0
57848.2987037 85.2105685933 0.0 85.2067742436 0.0
57848.2988194 85.5925978108 0.0 85.522981274 0.0
57848.2989352 85.6275892338 0.0 85.4869892674 0.0
57848.2990625 85.161499294 0.0 85.1403568174 0.0
57848.2991782 85.5597025007 0.0 85.46158812 0.0
57848.299294 85.6713770813 0.0 85.7370274852 0.0
57848.2993056 85.3786175749 0.0 85.3784571716 0.0
57848.2994213 85.1217662998 0.0 85.0571444148 0.0
57848.299537 85.965752553 0.0 85.9836935238 0.0
57848.2996528 85.6703657223 0.0 85.7418088449 0.0
57848.2997801 85.4624480342 0.0 85.4252436403 0.0
57848.2998958 86.7202004899 0.0 86.7478548611 0.0
57848.3 86.6676772217 0.0 86.7163457717 0.0
57848.3000116 86.5863828555 0.0 86.6559835499 0.0
57848.3001389 85.168980527 0.0 85.1277545164 0.0
57848.3002546 86.8869578475 0.0 87.0250713703 0.0
57848.3003704 85.1929681429 0.0 85.1083217318 0.0
57848.3004861 85.1310286793 0.0 85.2044691844 0.0
57848.3006134 85.1047109448 0.0 85.0119555886 0.0
57848.3006944 85.4554909763 0.0 85.3956296774 0.0
57848.3167477 83.3426886115 0.0 83.415752685 0.0
57848.3168634 83.1786376962 0.0 83.2027289036 0.0
57848.3169792 83.1711889358 0.0 83.1539309113 0.0
57848.3171065 83.0417949108 0.0 83.06951563 0.0
57848.3172222 83.2320339112 0.0 83.2757562079 0.0
57848.317338 85.0525399915 0.0 85.0575730667 0.0
57848.3173611 84.0404092387 0.0 84.069229918 0.0
57848.3174653 83.0745920303 0.0 83.1255984941 0.0
57848.317581 83.8280198502 0.0 83.8401232585 0.0
57848.3176968 82.9347583224 0.0 82.8619683993 0.0
57848.3178241 83.1006049075 0.0 83.1421064022 0.0
57848.3179398 82.7989182719 0.0 82.7097161402 0.0
57848.3180556 83.3615629592 0.0 83.2676950984 0.0
57848.3181829 83.155004684 0.0 83.180238242 0.0
57848.3182986 83.2831036886 0.0 83.3546676737 0.0
57848.3184144 82.8794733936 0.0 82.8925168758 0.0
57848.3185301 83.1456164689 0.0 83.2629749709 0.0
57848.3186574 83.0699492356 0.0 82.998805877 0.0
57848.31875 83.0242676029 0.0 83.0522635935 0.0
57848.3187731 82.938714187 0.0 83.0657565547 0.0
57848.3188889 83.1842648702 0.0 83.1737733724 0.0
57848.3190162 82.8331746766 0.0 82.8111235282 0.0
57848.3191319 83.0868188403 0.0 83.200438857 0.0
57848.3192477 83.5406765714 0.0 83.3861927959 0.0
57848.319375 82.6486959123 0.0 82.733540913 0.0
57848.3194444 82.6376904445 0.0 82.6808198073 0.0
57848.3194907 82.6587109445 0.0 82.6601661201 0.0
57848.3196065 82.8021052027 0.0 82.7826411272 0.0
57848.3197338 82.4920432769 0.0 82.4746273772 0.0
57848.3198495 83.9867659277 0.0 84.0454923776 0.0
57848.3199653 84.5656686783 0.0 84.3541676979 0.0
57848.3200926 88.255200657 0.0 88.8151419466 0.0
57848.3201389 86.4946374696 0.0 86.7606868806 0.0
57848.3202083 84.7898480185 0.0 84.7970043044 0.0
57848.3203241 83.7821515837 0.0 83.9761493223 0.0
57848.3204514 84.1743264719 0.0 84.194133507 0.0
57848.3205671 82.8018609392 0.0 82.9444445819 0.0
57848.3206829 84.7251580111 0.0 84.8150898426 0.0
57848.3208102 82.5473440094 0.0 82.5421866139 0.0
57848.3208333 82.4630289948 0.0 82.4654275803 0.0
57848.3209259 82.4341541717 0.0 82.4440860948 0.0
57848.3210417 82.4110755906 0.0 82.4243669857 0.0
57848.321169 83.1018076338 0.0 82.9457619472 0.0
57848.3212847 82.3664583128 0.0 82.4868300518 0.0
57848.3214005 82.5486562035 0.0 82.5630041907 0.0
57848.3215278 82.5229972735 0.0 82.5749308628 0.0
57848.3298843 82.0437310463 0.0 82.0370568463 0.0
57848.3300116 82.0819210302 0.0 82.0010419812 0.0
57848.3301273 82.4348301084 0.0 82.4796693313 0.0
57848.3302431 82.8268595807 0.0 82.6782345058 0.0
57848.3303704 83.9203566127 0.0 83.7077728589 0.0
57848.3304861 82.3084364145 0.0 82.2436103658 0.0
57848.3305556 83.3347203991 0.0 83.2947260815 0.0
57848.3306019 84.4265691119 0.0 84.4134153912 0.0
57848.3307292 83.1564193493 0.0 83.3335843763 0.0
57848.3308449 84.552113983 0.0 84.7467508168 0.0
57848.3309606 87.8279822494 0.0 87.8620281749 0.0
57848.331088 82.6613531222 0.0 82.8532492302 0.0
57848.3312037 82.1831289013 0.0 82.1657355532 0.0
57848.33125 82.5428153203 0.0 82.6677071957 0.0
57848.3313194 82.8890512794 0.0 83.1606765665 0.0
57848.3314468 83.6266902251 0.0 83.7733601153 0.0
57848.3315625 81.8560348172 0.0 81.847717653 0.0
57848.3316782 82.2893273213 0.0 82.3408421866 0.0
57848.3318056 82.7200562802 0.0 82.7233649823 0.0
57848.3319213 82.1065118063 0.0 82.0129268774 0.0
57848.3319444 85.1256021946 0.0 85.3512633181 0.0
57848.332037 88.4880354229 0.0 89.1174485945 0.0
57848.3321528 82.1045693491 0.0 81.9058728541 0.0
57848.3322801 82.9466158803 0.0 82.9639109433 0.0
57848.3323958 88.8462068746 0.0 89.3246799099 0.0
57848.3325116 81.7243815149 0.0 81.6735922376 0.0
57848.3326389 84.9220013483 0.0 84.7666864694 0.0
57848.3327546 81.5138483143 0.0 81.6171135486 0.0
57848.3328704 81.5841403705 0.0 81.6335702637 0.0
57848.3329977 85.7488864359 0.0 85.7205071497 0.0
57848.3331134 83.9921056529 0.0 84.1481700039 0.0
57848.3332292 81.4829360787 0.0 81.4269205914 0.0
57848.3333333 82.2065750716 0.0 82.107587798 0.0
57848.3333565 82.9423136041 0.0 82.798096047 0.0
57848.3334722 82.2881793881 0.0 82.4700640414 0.0
57848.333588 82.4593550242 0.0 82.4802971139 0.0
57848.3337153 83.3239496483 0.0 83.2243348727 0.0
57848.333831 81.8691472656 0.0 81.9973805618 0.0
57848.3339468 82.9644919288 0.0 83.0608673323 0.0
57848.3340278 83.1343475827 0.0 83.2980336563 0.0
57848.3340741 83.2853392501 0.0 83.5173063622 0.0
57848.3341898 81.8606514694 0.0 81.7579480051 0.0
57848.3343056 88.158805187 0.0 88.7592671838 0.0
57848.3344329 81.8313249373 0.0 82.0771969002 0.0
57848.3345486 81.6793972431 0.0 81.7785734652 0.0
57848.3346644 92.9772144614 0.0 93.4649299256 0.0
57848.3347222 88.9564816469 0.0 89.4150523122 0.0
57848.3431481 81.5975026211 0.0 81.7337254198 0.0
57848.3432755 81.7441845393 0.0 81.8052490492 0.0
57848.3433912 81.2832133039 0.0 81.3581516567 0.0
57848.3435069 81.4400349153 0.0 81.3542229267 0.0
57848.3436343 81.0405129796 0.0 81.0348187139 0.0
57848.34375 81.0815929173 0.0 81.0537749337 0.0
57848.3438657 82.5822125279 0.0 82.6273705681 0.0
57848.3439931 81.1597517493 0.0 81.1467020648 0.0
57848.3441088 83.8180640316 0.0 83.9844330337 0.0
57848.3442245 81.058212909 0.0 81.0413384206 0.0
57848.3443519 82.3484071734 0.0 82.4610759571 0.0
57848.3444444 81.9910983888 0.0 82.0709682409 0.0
57848.3444676 81.6916857397 0.0 81.7395954419 0.0
57848.3445833 81.0441800316 0.0 80.9734428686 0.0
57848.3447106 81.0990943723 0.0 81.1129873818 0.0
57848.3448264 81.519296875 0.0 81.754085586 0.0
57848.3449421 81.1773603168 0.0 81.0863834685 0.0
57848.3450694 81.0164067828 0.0 80.9743749466 0.0
57848.3451389 81.0181589275 0.0 81.0060307014 0.0
57848.3451852 81.0354557154 0.0 81.0532556656 0.0
57848.3453009 81.7612460766 0.0 81.8307811768 0.0
57848.3454167 81.4447651234 0.0 81.4574317297 0.0
57848.345544 81.4105451032 0.0 81.4646709439 0.0
57848.3456597 81.0600972489 0.0 81.1031062414 0.0
57848.3457755 82.2712404489 0.0 82.3019940038 0.0
57848.3458333 81.9479767596 0.0 81.965194717 0.0
57848.3459028 81.5671883664 0.0 81.5712048642 0.0
57848.3460185 82.3815274561 0.0 82.4006215693 0.0
57848.3461343 82.8377834807 0.0 82.5062834153 0.0
57848.3462616 84.1092153928 0.0 83.8146799552 0.0
57848.3463773 81.1770477598 0.0 81.1465994728 0.0
57848.3464931 81.3025029197 0.0 81.2962219786 0.0
57848.3465278 81.1167486713 0.0 81.1017463191 0.0
57848.3466204 80.972335887 0.0 80.9487069384 0.0
57848.3467361 82.7891412445 0.0 82.7419677794 0.0
57848.3468519 81.2380207661 0.0 81.1150999814 0.0
57848.3469792 82.5891410901 0.0 82.7316441937 0.0
57848.3470949 82.6610948754 0.0 82.6385493217 0.0
57848.3472106 82.2134108464 0.0 82.2499589179 0.0
57848.3472222 81.7336642578 0.0 81.7269315342 0.0
57848.347338 81.2744405702 0.0 81.2259800926 0.0
57848.3474537 83.9067484533 0.0 83.875259636 0.0
57848.3475694 81.1242036633 0.0 81.2045531482 0.0
57848.3476968 81.6789007761 0.0 81.7340374385 0.0
57848.3478125 81.4781086489 0.0 81.4906530039 0.0
57848.3479167 81.5986666925 0.0 81.6241927556 0.0
57848.3535532 82.3934905681 0.0 82.3811435645 0.0
57848.353669 81.9915679079 0.0 81.9115634755 0.0
57848.3537847 81.7478939301 0.0 81.6295273293 0.0
57848.353912 80.9684927055 0.0 81.0076438924 0.0
57848.3540278 81.3016603828 0.0 81.3361536833 0.0
57848.3541435 81.7222965842 0.0 81.681135472 0.0
57848.3541667 82.6999121825 0.0 82.6643025495 0.0
57848.3542593 83.8055403837 0.0 83.7758994282 0.0
57848.3543866 81.9854809158 0.0 81.9205797282 0.0
57848.3545023 82.0641668879 0.0 81.9352686759 0.0
57848.3546181 81.4937693876 0.0 81.4193366161 0.0
57848.3547454 81.1870350857 0.0 81.2271551699 0.0
57848.3548611 81.0795874064 0.0 81.0949874283 0.0
57848.3549769 81.7908204752 0.0 82.0054894077 0.0
57848.3551042 81.7505386282 0.0 81.8627936489 0.0
57848.3552199 80.9259819465 0.0 80.9709951835 0.0
57848.3553356 82.239827608 0.0 82.3277162018 0.0
57848.355463 81.05638923 0.0 81.0471157969 0.0
57848.3555556 81.0774874981 0.0 81.0889405776 0.0
57848.3555787 81.0906234037 0.0 81.1228625481 0.0
57848.3556944 81.2381343397 0.0 81.2076693299 0.0
57848.3558218 82.0085449755 0.0 81.9884477472 0.0
57848.3559375 82.1766845705 0.0 82.2641431792 0.0
57848.3560532 80.7240570029 0.0 80.7144777534 0.0
57848.3561806 81.1989110457 0.0 81.1769710078 0.0
57848.35625 81.066963635 0.0 81.0571529046 0.0
57848.3562963 80.9449702082 0.0 80.9471900253 0.0
57848.356412 81.0254451885 0.0 81.0252915021 0.0
57848.3565394 80.8857669927 0.0 80.9026677805 0.0
57848.3566551 80.780491463 0.0 80.8259337465 0.0
57848.3567708 81.7704537287 0.0 81.6675528591 0.0
57848.3568981 82.3496534783 0.0 82.2768646644 0.0
57848.3569444 84.1214130528 0.0 83.9893567543 0.0
57848.3570139 86.0189226624 0.0 85.8196144188 0.0
57848.3571296 81.7064246066 0.0 81.6206881311 0.0
57848.3572569 81.3149723298 0.0 81.2872513313 0.0
57848.3573727 80.5727037774 0.0 80.5621075258 0.0
57848.3574884 80.6588845695 0.0 80.6138114221 0.0
57848.3576157 80.8856300711 0.0 80.8422938814 0.0
57848.3576389 80.8105686652 0.0 80.7854330124 0.0
57848.3577315 80.774270396 0.0 80.7672506775 0.0
57848.3578472 80.7243298207 0.0 80.6864870099 0.0
57848.3579745 81.0851929208 0.0 81.0757377395 0.0
57848.3580903 81.4742516873 0.0 81.4676435464 0.0
57848.358206 81.7044944541 0.0 81.5786227329 0.0
57848.3583333 81.6036344718 0.0 82.0018074496 0.0
57848.3604745 80.7869016982 0.0 80.7017890446 0.0
57848.3606019 80.5893490109 0.0 80.6078027551 0.0
57848.3607176 80.8635139912 0.0 80.890940803 0.0
57848.3608333 81.6966376726 0.0 81.7179132259 0.0
57848.3609606 83.0045263766 0.0 83.4365087057 0.0
57848.3610764 83.5757547139 0.0 83.7953950644 0.0
57848.3611111 82.2089930117 0.0 82.3093153841 0.0
57848.3611921 80.8781606492 0.0 80.8706200792 0.0
57848.3613194 82.6395711085 0.0 82.9133437451 0.0
57848.3614352 80.5695563783 0.0 80.634292494 0.0
57848.3615509 82.1560336737 0.0 81.9584330377 0.0
57848.3616782 83.9195512023 0.0 83.9387387146 0.0
57848.361794 81.150223142 0.0 81.329102823 0.0
57848.3618056 81.2321186293 0.0 81.3636971013 0.0
57848.3619097 81.3739724421 0.0 81.4580490068 0.0
57848.362037 81.4111883343 0.0 81.516028338 0.0
57848.3621528 80.8080850844 0.0 80.7922861355 0.0
57848.3622685 80.5738000593 0.0 80.5980618253 0.0
57848.3623958 81.6613110353 0.0 81.7919755722 0.0
57848.3625 81.241112597 0.0 81.4314710539 0.0
57848.3625116 80.7848025869 0.0 81.0329328545 0.0
57848.3626273 81.5050124041 0.0 81.3113582533 0.0
57848.3627546 80.5990992195 0.0 80.6109107503 0.0
57848.3628704 80.7990938872 0.0 80.6418699312 0.0
57848.3629861 80.7087864919 0.0 80.7308674734 0.0
57848.3631134 81.07960706 0.0 80.8535781645 0.0
57848.3631944 80.9370441949 0.0 80.8089672004 0.0
57848.3632292 80.7856885284 0.0 80.754939948 0.0
57848.3633449 80.8215789873 0.0 80.8751385408 0.0
57848.3634606 80.6063841144 0.0 80.6172166041 0.0
57848.363588 80.5948423474 0.0 80.7011049924 0.0
57848.3637037 80.6194106156 0.0 80.6277550351 0.0
57848.3638194 81.1110125076 0.0 81.1517100621 0.0
57848.3638889 80.8710956461 0.0 80.9440658665 0.0
57848.3639468 80.6322638402 0.0 80.7370058461 0.0
57848.3640625 80.4805838697 0.0 80.4314507391 0.0
57848.3641782 80.4430090312 0.0 80.4840234581 0.0
57848.3643056 80.7093369444 0.0 80.6196226548 0.0
57848.3644213 80.5655180148 0.0 80.461147357 0.0
57848.364537 80.6311840481 0.0 80.6289098463 0.0
57848.3645833 80.5201143256 0.0 80.5031057662 0.0
57848.3646644 80.4372805545 0.0 80.4056410272 0.0
57848.3647801 81.1311766462 0.0 81.1394890235 0.0
57848.3648958 81.103051114 0.0 81.084324823 0.0
57848.3650231 81.8432079772 0.0 81.8165866619 0.0
57848.3651389 80.5753855963 0.0 80.5345477419 0.0
57848.3652546 80.3300934955 0.0 80.3119097519 0.0
57848.3652778 81.2639639016 0.0 81.2571526329 0.0
57848.3674074 81.7850274317 0.0 81.8320256318 0.0
57848.3675347 82.9457066279 0.0 83.2371711917 0.0
57848.3676505 81.3983397189 0.0 81.3716621005 0.0
57848.3677662 81.0459687832 0.0 81.0199525549 0.0
57848.3678819 81.5458632182 0.0 81.6427624716 0.0
57848.3680093 81.5880389028 0.0 81.6137350205 0.0
57848.3680556 81.3428207465 0.0 81.3786733426 0.0
57848.368125 81.0785582876 0.0 81.1243717202 0.0
57848.3682407 80.6745438041 0.0 80.6831745595 0.0
57848.3683681 80.8417204666 0.0 80.79114967 0.0
57848.3684838 80.7824625336 0.0 80.7269945929 0.0
57848.3685995 81.0959364395 0.0 81.0524140171 0.0
57848.3687269 80.9864624675 0.0 81.0043821099 0.0
57848.36875 80.8287782105 0.0 80.8572902712 0.0
57848.3688426 80.703878457 0.0 80.7428849249 0.0
57848.3689583 81.3859584634 0.0 81.3624773529 0.0
57848.3690856 80.8000384839 0.0 80.8090774851 0.0
57848.3692014 80.7219667253 0.0 80.6907961542 0.0
57848.3693171 80.6730539276 0.0 80.6818290509 0.0
57848.3694444 80.8019671419 0.0 80.8111945834 0.0
57848.3695602 81.3489935033 0.0 81.3843330992 0.0
57848.3696759 80.7197989281 0.0 80.6994723341 0.0
57848.3698032 81.4383286972 0.0 81.3999877641 0.0
57848.369919 80.7859412522 0.0 80.8235731516 0.0
57848.3700347 80.7098838991 0.0 80.690340153 0.0
57848.3701389 80.6731546551 0.0 80.6600958343 0.0
57848.370162 80.6215279811 0.0 80.6149459096 0.0
57848.3702778 80.5936679523 0.0 80.6185684691 0.0
57848.3703935 80.6937320366 0.0 80.7295102425 0.0
57848.3705208 80.4464995945 0.0 80.4223052579 0.0
57848.3706366 80.4700668075 0.0 80.4978524682 0.0
57848.3707523 80.3873307991 0.0 80.3703452836 0.0
57848.3708333 80.3964425768 0.0 80.3923247705 0.0
57848.3708796 80.4468095265 0.0 80.4556019864 0.0
57848.3709954 80.6129796187 0.0 80.6055284456 0.0
57848.3711111 80.4989127815 0.0 80.4559457964 0.0
57848.3712384 80.4467888234 0.0 80.4472911601 0.0
57848.3713542 80.3374153306 0.0 80.3445801408 0.0
57848.3714699 80.6170334979 0.0 80.552566843 0.0
57848.3715278 80.4823291661 0.0 80.4473931958 0.0
57848.3715972 80.3484931346 0.0 80.3428182229 0.0
57848.371713 80.3762185973 0.0 80.3727071337 0.0
57848.3718287 80.4828229873 0.0 80.4835322659 0.0
57848.371956 80.3946848492 0.0 80.4093280721 0.0
57848.3720718 80.5942361339 0.0 80.6141279677 0.0
57848.3721875 80.4367075594 0.0 80.4166151799 0.0
57848.3722222 80.448351164 0.0 80.4517036551 0.0
57848.3743403 80.2626264958 0.0 80.2596152869 0.0
57848.374456 80.3233679262 0.0 80.3090903323 0.0
57848.3745833 81.0841167615 0.0 81.2449590498 0.0
57848.3746991 80.3095431191 0.0 80.377748544 0.0
57848.3748148 80.2068580235 0.0 80.2046538675 0.0
57848.3749421 80.1615426124 0.0 80.1414679925 0.0
57848.375 80.4526512739 0.0 80.3746303195 0.0
57848.3750579 80.748136028 0.0 80.6110005892 0.0
57848.3751736 80.5175245894 0.0 80.4217810422 0.0
57848.3753009 80.4649492823 0.0 80.4737301484 0.0
57848.3754167 80.49560629 0.0 80.4695351111 0.0
57848.3755324 80.1857915594 0.0 80.1736315942 0.0
57848.3756597 80.3464448311 0.0 80.3638853404 0.0
57848.3756944 80.378516993 0.0 80.3693489335 0.0
57848.3757755 80.4178050994 0.0 80.3819810467 0.0
57848.3758912 80.7253661621 0.0 80.6050039017 0.0
57848.3760185 80.7321706509 0.0 80.7487977496 0.0
57848.3761343 80.4770709519 0.0 80.3566057459 0.0
57848.37625 80.1906877574 0.0 80.202885771 0.0
57848.3763773 80.4916477655 0.0 80.4115732031 0.0
57848.3763889 80.3228943577 0.0 80.289079656 0.0
57848.3764931 80.1510560816 0.0 80.1629976174 0.0
57848.3766088 80.258461828 0.0 80.1822957579 0.0
57848.3767245 80.3362605241 0.0 80.2914935719 0.0
57848.3768519 80.20669737 0.0 80.2033372872 0.0
57848.3769676 80.5467949952 0.0 80.6142653381 0.0
57848.3770833 80.1341260388 0.0 80.1239189631 0.0
57848.3772106 80.2600492649 0.0 80.2547106904 0.0
57848.3773264 80.3428365257 0.0 80.3455559194 0.0
57848.3774421 80.2486929551 0.0 80.318090179 0.0
57848.3775694 80.7003915976 0.0 80.7685770272 0.0
57848.3776852 80.7432789587 0.0 80.6999236865 0.0
57848.3777778 80.5727541108 0.0 80.5963771084 0.0
57848.3778009 80.3763971014 0.0 80.46625251 0.0
57848.3779282 80.2599493209 0.0 80.2874630687 0.0
57848.378044 80.2201641297 0.0 80.2580059932 0.0
57848.3781597 80.1916311968 0.0 80.1961886937 0.0
57848.378287 80.2075195602 0.0 80.1665726659 0.0
57848.3784028 80.3372258919 0.0 80.4136947541 0.0
57848.3784722 80.506783503 0.0 80.5251947902 0.0
57848.3806713 80.0776762025 0.0 80.021984448 0.0
57848.3807986 79.8053372338 0.0 79.7943969023 0.0
57848.3809144 79.8888860543 0.0 79.8642618885 0.0
57848.3810301 79.8279430024 0.0 79.8458273925 0.0
57848.3811458 79.8241790688 0.0 79.8257746846 0.0
57848.38125 79.9145819798 0.0 79.8952720754 0.0
57848.3812731 79.9898570258 0.0 79.9495320437 0.0
57848.3813889 79.8706070842 0.0 79.9534846082 0.0
57848.3815046 79.8094685924 0.0 79.7922698574 0.0
57848.3816319 80.5872289138 0.0 80.7993221135 0.0
57848.3817477 79.7529310057 0.0 79.765534042 0.0
57848.3818634 79.8720186736 0.0 79.8338391974 0.0
57848.3819444 79.8387020874 0.0 79.8278355525 0.0
57848.3819907 79.8166710594 0.0 79.8330893928 0.0
57848.3821065 79.8685605605 0.0 79.8486278029 0.0
57848.3822222 79.8508006159 0.0 79.8772055783 0.0
57848.3823495 80.2115542737 0.0 80.1830907424 0.0
57848.3824653 80.0373222503 0.0 80.1131681498 0.0
57848.382581 79.832106223 0.0 79.7888422149 0.0
57848.3826389 79.8584410379 0.0 79.8458988552 0.0
57848.3827083 79.8941100583 0.0 79.912382401 0.0
57848.3828241 79.893525232 0.0 79.8751539279 0.0
57848.3829398 80.1312348963 0.0 80.0239780628 0.0
57848.3830671 79.9100318233 0.0 79.9093777037 0.0
57848.3831829 80.0705873214 0.0 80.0179227611 0.0
57848.3832986 80.2448020248 0.0 80.190678573 0.0
57848.3833333 80.2786016632 0.0 80.3575538391 0.0
57848.3834259 80.2854135444 0.0 80.4982859507 0.0
57848.3835417 79.9453021009 0.0 79.9253043222 0.0
57848.3836574 79.9093483142 0.0 80.0034501694 0.0
57848.3837847 80.2003300056 0.0 80.2336520358 0.0
57848.3839005 79.8495444884 0.0 79.8444624504 0.0
57848.3840162 80.1019984645 0.0 80.1565223048 0.0
57848.3840278 79.9709743595 0.0 79.9958490986 0.0
