57848.6653125 81.6130724823 0.0 81.7268631235 0.0
57848.6654282 80.7623814037 0.0 80.656770249 0.0
57848.6655556 81.225353271 0.0 81.0960918787 0.0
57848.6656713 80.5082333554 0.0 80.4291594573 0.0
57848.665787 80.7443393124 0.0 80.722291822 0.0
57848.6659144 81.0796698131 0.0 81.1568587428 0.0
57848.6659722 81.5638593557 0.0 81.5177729026 0.0
57848.6660301 81.9881677073 0.0 81.8151898183 0.0
57848.6661458 80.7838183178 0.0 81.1280219838 0.0
57848.6662731 81.6241956408 0.0 81.657671342 0.0
57848.6663889 81.2577931216 0.0 81.4985120171 0.0
57848.6665046 81.4075993197 0.0 81.6030027327 0.0
57848.6666319 80.5786082282 0.0 80.5583391959 0.0
57848.6666667 80.5561318336 0.0 80.513288574 0.0
57848.6667477 80.5920794061 0.0 80.52662397 0.0
57848.6668634 80.6468045554 0.0 80.6597171703 0.0
57848.6669907 80.802030222 0.0 81.3730925859 0.0
57848.6671065 80.4899999876 0.0 80.8755092225 0.0
57848.6672222 81.6543247538 0.0 81.5436923189 0.0
57848.6673495 80.4133245675 0.0 80.5745526392 0.0
57848.6673611 81.0204438213 0.0 81.1418777821 0.0
57848.6674653 81.5666564535 0.0 81.6464502106 0.0
57848.667581 81.995209543 0.0 81.9115905352 0.0
57848.6677083 80.8557560722 0.0 81.126560552 0.0
57848.6678241 80.2932049491 0.0 80.1527209582 0.0
57848.6679398 80.1713330063 0.0 80.1699017712 0.0
57848.6680556 79.9423086857 0.0 80.262248193 0.0
57848.6702083 81.070882942 0.0 81.2912401062 0.0
57848.6703356 81.6980503256 0.0 82.0085373909 0.0
57848.6704514 80.7809514056 0.0 80.7232359485 0.0
57848.6705671 80.6899131986 0.0 80.5573494413 0.0
57848.6706944 80.9139329349 0.0 81.3776921828 0.0
57848.6708102 82.5107883673 0.0 82.769413034 0.0
57848.6708333 82.0092166711 0.0 82.1919587855 0.0
57848.6709259 81.5924244094 0.0 81.7021891445 0.0
57848.6710532 84.5802846886 0.0 83.6355628964 0.0
57848.671169 86.2942355607 0.0 85.419738843 0.0
57848.6712847 81.4122978364 0.0 81.3114648866 0.0
57848.671412 81.5011027778 0.0 80.9952176057 0.0
57848.6715278 81.0812577542 0.0 80.967190139 0.0
57848.6716435 81.5009646201 0.0 81.2753566895 0.0
57848.6717708 80.4208060455 0.0 80.4214585419 0.0
57848.6718866 82.8002350661 0.0 82.1575510711 0.0
57848.6720023 87.5337125626 0.0 86.7487806024 0.0
57848.6721296 81.1829487331 0.0 81.2007004957 0.0
57848.6722222 81.174052215 0.0 81.0968747733 0.0
57848.6722454 81.1692096857 0.0 80.997393384 0.0
57848.6723611 80.7422053637 0.0 80.9756544277 0.0
57848.6724769 83.0615246188 0.0 82.8043080884 0.0
57848.6726042 81.0629064061 0.0 81.6965183836 0.0
57848.6727199 80.704627897 0.0 80.7923969938 0.0
57848.6728356 82.5741269527 0.0 82.2373527602 0.0
57848.6729167 81.3711766659 0.0 81.3340189896 0.0
57848.6751157 81.8831713113 0.0 81.908230899 0.0
57848.6752315 80.7142274509 0.0 81.5318668926 0.0
57848.6753472 82.017183858 0.0 83.0483490504 0.0
57848.6754745 80.7904469848 0.0 80.4237915234 0.0
57848.6755903 81.4691402864 0.0 81.9275960956 0.0
57848.6756944 81.7413337547 0.0 81.749162326 0.0
57848.675706 82.010991428 0.0 81.5663508011 0.0
57848.6758333 81.0394166872 0.0 81.3303734099 0.0
57848.6759491 80.2925260968 0.0 80.2308772356 0.0
57848.6760648 81.0372111317 0.0 80.7661856472 0.0
57848.6761921 83.4190394994 0.0 83.6788948959 0.0
57848.6763079 83.5109212798 0.0 83.7389975639 0.0
57848.6763889 82.2594605805 0.0 82.2324557459 0.0
57848.6764236 81.0470721741 0.0 80.7886984361 0.0
57848.6765509 80.5288084663 0.0 80.4429698917 0.0
57848.6766667 80.9397421234 0.0 80.680498319 0.0
57848.6767824 108.194919922 0.0 107.428149728 0.0
57848.6768981 82.1776715234 0.0 82.5475104288 0.0
57848.6770255 81.5385596635 0.0 81.5336729272 0.0
57848.6770833 83.8052886756 0.0 83.822550176 0.0
57848.6771412 86.3628272059 0.0 86.4063900588 0.0
57848.6772569 80.3919175664 0.0 80.1723569193 0.0
57848.6773843 82.6497383904 0.0 81.5706592348 0.0
57848.6775 85.2713898034 0.0 85.860736108 0.0
57848.6776157 81.6251290535 0.0 81.5223536645 0.0
57848.6777431 83.1157228989 0.0 84.462704817 0.0
57848.6777778 83.2587401958 0.0 83.8709143386 0.0
