57848.4785417 91.7293804569 0.0 91.9277235985 0.0
57848.4786574 92.9316002499 0.0 93.1444683543 0.0
57848.4787847 91.7026252732 0.0 91.6652140891 0.0
57848.4789005 92.851801598 0.0 91.9017470509 0.0
57848.4790162 91.4531748984 0.0 91.6851816162 0.0
57848.4791435 92.107804083 0.0 91.4004355022 0.0
57848.4791667 92.0628273898 0.0 91.5183971942 0.0
57848.4792593 91.9917773771 0.0 91.6108325855 0.0
57848.479375 95.7034222011 0.0 92.8248328897 0.0
57848.4795023 91.5864399516 0.0 91.5026340058 0.0
57848.4796181 91.3910052467 0.0 91.2615560299 0.0
57848.4797338 91.709343379 0.0 92.6653164674 0.0
57848.4798495 91.3063188503 0.0 91.2277288438 0.0
57848.4798611 91.3653385043 0.0 91.4073411002 0.0
57848.4799769 91.43519253 0.0 91.5989320898 0.0
57848.4800926 92.0591792218 0.0 91.5072405605 0.0
57848.4802083 91.5520573827 0.0 91.3481045452 0.0
57848.4803356 91.2126902629 0.0 91.2238234838 0.0
57848.4804514 91.4386528553 0.0 91.9467811563 0.0
57848.4805556 91.3433304407 0.0 91.9500793583 0.0
57848.5160648 90.7826605911 0.0 89.6651118552 0.0
57848.5161806 87.9138072489 0.0 88.4732160939 0.0
57848.5162963 88.8065388978 0.0 87.7390155632 0.0
57848.5164236 87.7369377286 0.0 88.6828857672 0.0
57848.5165394 87.5029518359 0.0 87.4775843116 0.0
57848.5166551 87.5392083126 0.0 88.3900762133 0.0
57848.5166667 87.6693019534 0.0 87.9363267711 0.0
57848.5167824 87.7707981905 0.0 87.460475256 0.0
57848.5168981 87.433963218 0.0 87.5958812102 0.0
57848.5170139 87.9823623972 0.0 87.7411992339 0.0
57848.5171412 87.4541115328 0.0 87.6019008298 0.0
57848.5172569 87.7819826844 0.0 88.1363157047 0.0
57848.5173611 87.6642757114 0.0 87.9075164534 0.0
57848.5173727 87.5667874539 0.0 87.7001309463 0.0
57848.5175 87.6460002567 0.0 87.70441197 0.0
57848.5176157 87.2698831843 0.0 88.7169821455 0.0
57848.5177315 87.2966637335 0.0 87.2934138925 0.0
57848.5178588 87.0778237096 0.0 87.1826488701 0.0
57848.5179745 87.2743191208 0.0 87.3865056573 0.0
57848.5180556 87.6756668295 0.0 87.8112120916 0.0
57848.5583681 82.6132732737 0.0 83.1850211516 0.0
57848.5584838 83.338805091 0.0 83.1597682657 0.0
57848.5585995 83.1798519294 0.0 83.039540714 0.0
57848.5587269 82.7743285385 0.0 83.4525410338 0.0
57848.5588426 83.1578877377 0.0 83.8575400724 0.0
57848.5589583 82.849360589 0.0 82.3969097782 0.0
57848.5590278 83.1378992879 0.0 82.6167713724 0.0
57848.5590856 83.4778301766 0.0 82.8863130076 0.0
57848.5592014 85.2345057708 0.0 84.8883028868 0.0
57848.5593171 83.522382569 0.0 82.7277847219 0.0
57848.5594444 83.7524633906 0.0 83.3089775414 0.0
57848.5595602 85.8422924671 0.0 84.7414681841 0.0
57848.5596759 82.7386876618 0.0 83.0556886673 0.0
57848.5597222 82.7396660375 0.0 83.241853223 0.0
57848.5598032 82.741853315 0.0 83.4303482014 0.0
57848.559919 82.6703360523 0.0 82.655620184 0.0
57848.5600347 83.1273195466 0.0 82.6750370971 0.0
57848.560162 82.6354181632 0.0 82.6315205415 0.0
57848.5602778 82.5288822777 0.0 82.7559561965 0.0
57848.5603935 82.6777454518 0.0 82.5880743873 0.0
57848.5604167 82.6995442309 0.0 82.6917173301 0.0
57848.6049653 81.593462042 0.0 80.5890663055 0.0
57848.605081 80.3031599005 0.0 80.6398813429 0.0
57848.6052083 80.2346764934 0.0 80.2199591311 0.0
57848.6053241 81.5009573931 0.0 81.7153738534 0.0
57848.6054398 80.3749984448 0.0 80.5730722947 0.0
57848.6055556 80.4610100546 0.0 80.3612283692 0.0
57848.6055671 80.5517271572 0.0 80.1552506702 0.0
57848.6056829 80.926567084 0.0 80.4328215904 0.0
57848.6057986 82.6989067642 0.0 85.1218195529 0.0
57848.6059259 82.0851221172 0.0 83.1457650575 0.0
57848.6060417 82.0079306836 0.0 81.5411281195 0.0
57848.6061574 81.4700302136 0.0 81.1921018942 0.0
57848.60625 80.9557249551 0.0 80.8719731798 0.0
57848.6062847 80.4245336511 0.0 80.5291505046 0.0
57848.6064005 81.831248909 0.0 82.0578363351 0.0
57848.6065162 81.1958510947 0.0 81.0806004911 0.0
57848.6066435 81.2371871066 0.0 80.1743206706 0.0
57848.6067593 82.6371091702 0.0 81.9742623938 0.0
57848.606875 89.0972669278 0.0 86.4222972849 0.0
57848.6069444 84.5250286306 0.0 84.2649368361 0.0
