57848.5395949 131.747961561 0.0 131.747961561 0.0
57848.5798727 110.579334236 0.0 110.579334236 0.0
57848.6236227 101.318945858 0.0 101.318945858 0.0
57848.6430671 100.599086326 0.0 100.599086326 0.0
57848.6576505 99.3572616561 0.0 99.3572616561 0.0
57848.6861227 97.3560583522 0.0 97.3560583522 0.0
57848.6909838 97.7285956509 0.0 97.7285956509 0.0
57848.6958449 97.5425048524 0.0 97.5425048524 0.0
57848.700706 97.8524595734 0.0 97.8524595734 0.0
57848.7055671 98.1614355857 0.0 98.1614355857 0.0
57848.7104282 95.8925120542 0.0 95.8925120542 0.0
