57848.2014352 106.495237626 0.0 105.966695924 0.0
57848.2015509 105.057428371 0.0 105.417020414 0.0
57848.2016667 104.297034349 0.0 103.750750638 0.0
57848.201794 103.061826847 0.0 103.8955974 0.0
57848.2019097 105.566438218 0.0 105.015204037 0.0
57848.2020255 103.895598208 0.0 106.160292907 0.0
57848.2020833 104.168269588 0.0 105.541230124 0.0
57848.2021412 104.491815555 0.0 104.978558563 0.0
57848.2022685 104.389555095 0.0 106.354312136 0.0
57848.2023843 107.775728641 0.0 105.365659909 0.0
57848.2025 105.220556404 0.0 104.855277507 0.0
57848.2026273 110.46421999 0.0 104.534217967 0.0
57848.2027431 109.580175474 0.0 104.779436017 0.0
57848.2027778 106.600332673 0.0 104.203191688 0.0
57848.2028588 103.843393372 0.0 103.632625741 0.0
57848.2029861 103.51696601 0.0 103.439132706 0.0
57848.2031019 103.387021642 0.0 103.474462115 0.0
57848.2032176 103.857567924 0.0 105.20243116 0.0
57848.2033449 104.687352202 0.0 104.05213636 0.0
57848.2034606 107.813713548 0.0 102.803582472 0.0
57848.2034722 106.349043301 0.0 102.281174734 0.0
57848.2035764 104.923796472 0.0 101.750189666 0.0
57848.2037037 108.217557508 0.0 104.950145512 0.0
57848.2038194 104.508646283 0.0 106.864251567 0.0
57848.2039352 101.73863167 0.0 105.356130068 0.0
57848.2040625 102.376080287 0.0 103.152698045 0.0
57848.2041667 101.940204429 0.0 104.835685971 0.0
57848.2041782 101.495252416 0.0 106.594520488 0.0
57848.204294 104.116325852 0.0 102.464785527 0.0
57848.2044213 101.822027042 0.0 101.771660604 0.0
57848.204537 103.301617282 0.0 102.108127189 0.0
57848.2046528 104.132203487 0.0 108.842016827 0.0
57848.2047801 102.737067556 0.0 102.426633148 0.0
57848.2048611 103.176830044 0.0 104.961112261 0.0
57848.2048958 103.688523748 0.0 107.770067087 0.0
57848.2050116 108.468714655 0.0 108.280887561 0.0
57848.2051389 105.397132442 0.0 106.543712109 0.0
57848.2052546 102.802158849 0.0 106.152998587 0.0
57848.2053704 110.793367947 0.0 103.51599189 0.0
57848.2054977 101.645027247 0.0 103.430624338 0.0
57848.2055556 106.371973127 0.0 106.513545092 0.0
57848.2056134 111.771309141 0.0 109.833861869 0.0
57848.2057292 101.599182123 0.0 102.591153395 0.0
57848.2058565 106.924051504 0.0 104.520973125 0.0
57848.2059722 100.803148745 0.0 102.991509067 0.0
57848.206088 101.699190449 0.0 104.52740996 0.0
57848.2062153 101.75334194 0.0 104.779207537 0.0
57848.20625 101.044281248 0.0 103.381931666 0.0
57848.2083565 99.7642819199 0.0 103.669271976 0.0
57848.2084838 102.120085395 0.0 100.539049359 0.0
57848.2085995 101.191292264 0.0 101.587688683 0.0
57848.2087153 100.209561729 0.0 100.812094974 0.0
57848.2088426 102.032555947 0.0 98.8441793026 0.0
57848.2089583 99.2095026447 0.0 101.662898636 0.0
57848.2090278 102.195896547 0.0 100.694224184 0.0
57848.2090741 105.488118009 0.0 99.7579920608 0.0
57848.2092014 99.6506598724 0.0 99.7012701875 0.0
57848.2093171 102.397796802 0.0 100.978811649 0.0
57848.2094329 99.6309501912 0.0 99.514086641 0.0
57848.2095602 99.8144133079 0.0 99.3170348782 0.0
57848.2096759 99.205422382 0.0 99.6237970718 0.0
57848.2097222 99.5178957324 0.0 99.0896147081 0.0
57848.2097917 99.8178608767 0.0 98.5463927549 0.0
57848.209919 99.4750488615 0.0 102.64681338 0.0
57848.2100347 99.7024030603 0.0 99.6954915881 0.0
57848.2101505 99.5932272597 0.0 102.550285392 0.0
57848.2102778 98.842356791 0.0 100.229219427 0.0
57848.2103935 101.83621924 0.0 101.561958099 0.0
57848.2104167 101.48832725 0.0 100.87100515 0.0
57848.2105093 101.208353336 0.0 100.256609907 0.0
57848.2106366 101.01308787 0.0 103.20704037 0.0
57848.2107523 97.8042036724 0.0 98.7179498014 0.0
57848.2108681 98.2049277582 0.0 99.1509590725 0.0
57848.2109838 98.3985315795 0.0 98.8926726052 0.0
57848.2111111 100.468945192 0.0 98.0126603608 0.0
57848.2112269 99.8647441843 0.0 98.7500809974 0.0
57848.2113426 100.702160543 0.0 99.8638496604 0.0
57848.2114699 98.641170507 0.0 98.4492818867 0.0
57848.2115856 97.9960381852 0.0 98.684003192 0.0
57848.2117014 99.6903593634 0.0 98.8783211629 0.0
57848.2118056 98.5878427596 0.0 98.8684618116 0.0
57848.2118287 97.5272765743 0.0 98.8675772587 0.0
57848.2119444 98.6681130558 0.0 98.2652595987 0.0
57848.2120602 102.249174623 0.0 99.1593089125 0.0
57848.2121875 97.6689102427 0.0 97.3660535454 0.0
57848.2123032 97.0999535324 0.0 97.5853894751 0.0
57848.212419 99.2712255188 0.0 97.8621419038 0.0
57848.2125 98.6755892356 0.0 98.1583052166 0.0
57848.2125463 98.1019958869 0.0 98.4706491804 0.0
57848.212662 97.677119977 0.0 96.7361563894 0.0
57848.2127778 97.3861972612 0.0 98.7693494511 0.0
57848.2129051 99.2592986929 0.0 100.816370124 0.0
57848.2130208 97.0601691169 0.0 98.3110732573 0.0
57848.2131366 98.2610561616 0.0 99.2248197428 0.0
57848.2131944 100.714845505 0.0 98.4784212049 0.0
57848.2216204 96.0098885793 0.0 94.4095963396 0.0
57848.2217477 96.3826993034 0.0 95.9002158913 0.0
57848.2218634 95.0251943171 0.0 94.2318661866 0.0
57848.2219792 93.8661640688 0.0 94.6866074321 0.0
57848.2221065 94.549542405 0.0 94.2158175627 0.0
57848.2222222 94.497589583 0.0 94.2976230718 0.0
57848.222338 93.9886579008 0.0 95.7477421561 0.0
57848.2224653 93.5444671907 0.0 93.1662915329 0.0
57848.222581 94.5165477152 0.0 94.5680854887 0.0
57848.2226968 94.1861093792 0.0 94.4461797533 0.0
57848.2228241 97.7503743522 0.0 94.5043775759 0.0
57848.2229167 96.6629296783 0.0 94.7715371617 0.0
57848.2229398 95.595110581 0.0 95.0271071484 0.0
57848.2230556 96.2281039562 0.0 95.8763651637 0.0
57848.2231829 93.1811593242 0.0 94.3698452738 0.0
57848.2232986 93.8847752727 0.0 95.8620031817 0.0
57848.2234144 93.8669798278 0.0 93.6814005926 0.0
57848.2235417 95.4427060283 0.0 92.8991228484 0.0
57848.2236111 94.9263343809 0.0 94.6627427978 0.0
57848.2236574 94.3848702017 0.0 96.5017753723 0.0
57848.2237731 93.2739018054 0.0 93.1690099926 0.0
57848.2239005 93.556910787 0.0 96.5109411362 0.0
57848.2240162 93.7211492087 0.0 93.8493858531 0.0
57848.2241319 93.1587492295 0.0 92.5277181065 0.0
57848.2242593 93.1287970501 0.0 93.262680221 0.0
57848.2243056 93.2940386895 0.0 93.408728286 0.0
57848.224375 93.5600355868 0.0 93.6553689812 0.0
57848.2244907 93.382885916 0.0 92.4144991384 0.0
57848.2246065 96.4034326049 0.0 94.2041336407 0.0
57848.2247338 93.128509609 0.0 93.8855510342 0.0
57848.2248495 93.4126104228 0.0 93.4060123761 0.0
57848.2249653 98.6483297629 0.0 93.8331922403 0.0
57848.225 97.5162733445 0.0 94.1051239891 0.0
57848.2250926 96.3958642941 0.0 94.3526966069 0.0
57848.2252083 93.8713021109 0.0 94.2967287556 0.0
57848.2253241 93.4501907275 0.0 95.0263653993 0.0
57848.2254514 92.4697258945 0.0 93.9967053359 0.0
57848.2255671 92.3507214211 0.0 92.8404309178 0.0
57848.2256829 92.5394623445 0.0 92.1239097249 0.0
57848.2256944 92.8210059254 0.0 92.7997704308 0.0
57848.2258102 93.1276814701 0.0 93.513581944 0.0
57848.2259259 92.9130430295 0.0 94.2436073641 0.0
57848.2260417 92.622223262 0.0 92.6817484837 0.0
57848.226169 93.5037837951 0.0 94.448094867 0.0
57848.2262847 93.601119785 0.0 95.5387509391 0.0
57848.2263889 93.9047435596 0.0 94.4342001396 0.0
57848.2347685 90.7640970924 0.0 91.3152702893 0.0
57848.2348843 90.1601665149 0.0 90.2282916163 0.0
57848.2350116 90.5733440036 0.0 90.2869340879 0.0
57848.2351273 90.2154777962 0.0 90.1935009355 0.0
57848.2352431 90.0720139444 0.0 90.9829198147 0.0
57848.2353704 90.9256297256 0.0 91.3827682826 0.0
57848.2354167 90.3479983619 0.0 91.336916288 0.0
57848.2354861 89.7616018964 0.0 91.271438194 0.0
57848.2356019 90.6843146195 0.0 91.1624019429 0.0
57848.2357292 89.84193104 0.0 91.3396462222 0.0
57848.2358449 90.0732775134 0.0 90.0683872288 0.0
57848.2359606 89.8644609231 0.0 89.6095215309 0.0
57848.236088 89.9765013212 0.0 90.3376653894 0.0
57848.2361111 89.988692423 0.0 91.0399238192 0.0
57848.2362037 89.981093153 0.0 91.7396296319 0.0
57848.2363194 89.8616016606 0.0 90.8871519303 0.0
57848.2364468 90.0586741575 0.0 90.8102650035 0.0
57848.2365625 91.4789509177 0.0 90.9407549287 0.0
57848.2366782 90.6228266884 0.0 89.7392147224 0.0
57848.2368056 89.7323832515 0.0 90.2890992922 0.0
57848.2369213 89.6607798706 0.0 90.4472486315 0.0
57848.237037 90.8484118463 0.0 89.9571738329 0.0
57848.2371644 90.3095411626 0.0 90.1715472641 0.0
57848.2372801 91.8177910484 0.0 91.1775565586 0.0
57848.2373958 91.2700440013 0.0 90.4772904214 0.0
57848.2375 91.1809477742 0.0 90.5855218067 0.0
57848.2375231 91.0695345162 0.0 90.6718150971 0.0
57848.2376389 89.4021788717 0.0 89.806563357 0.0
57848.2377546 90.1355199408 0.0 91.0623432765 0.0
57848.2378704 89.2025473571 0.0 90.0248486475 0.0
57848.2379977 90.5680864378 0.0 89.1793858579 0.0
57848.2381134 92.3368801509 0.0 89.4739242517 0.0
57848.2381944 91.1798361975 0.0 89.5381352665 0.0
57848.2382292 90.0914361413 0.0 89.6306108481 0.0
57848.2383565 89.3889396458 0.0 89.7933210545 0.0
57848.2384722 90.3797035125 0.0 89.6673795034 0.0
57848.238588 90.4332780341 0.0 89.6462211306 0.0
57848.2387153 89.3879999441 0.0 89.2054574732 0.0
57848.238831 89.6031921362 0.0 89.7369140544 0.0
57848.2388889 89.5380150551 0.0 89.4908227976 0.0
57848.2389468 89.4887930358 0.0 89.2624240036 0.0
57848.2390741 91.505146276 0.0 90.3469409222 0.0
57848.2391898 89.6146963003 0.0 89.8811373537 0.0
57848.2393056 91.6555204284 0.0 89.7130433215 0.0
57848.2394329 89.9929375229 0.0 90.6039105668 0.0
57848.2395486 92.116840887 0.0 91.4055969129 0.0
57848.2395833 90.5999495916 0.0 90.2234567948 0.0
57848.2480324 87.775151142 0.0 87.4915616217 0.0
57848.2481481 87.4640494832 0.0 88.1645722385 0.0
57848.2482755 88.0147830708 0.0 87.4009513335 0.0
57848.2483912 87.6795834844 0.0 87.6912382282 0.0
57848.2485069 87.6182205994 0.0 87.5191378785 0.0
57848.2486111 87.3612339084 0.0 87.5606238843 0.0
57848.2486343 87.1584455288 0.0 87.6550334949 0.0
57848.24875 87.5707904212 0.0 87.7587939981 0.0
57848.2488657 87.6207379334 0.0 87.3927698497 0.0
57848.2489931 87.8817405096 0.0 89.065131505 0.0
57848.2491088 87.7030370056 0.0 87.3437534801 0.0
57848.2492245 88.0717511408 0.0 88.4081835239 0.0
57848.2493056 88.7160748512 0.0 89.3771961017 0.0
57848.2493519 89.3654042793 0.0 90.3692334426 0.0
57848.2494676 89.4013855541 0.0 89.4680934971 0.0
57848.2495833 88.7211177173 0.0 89.1339031177 0.0
57848.2497106 87.6762050901 0.0 90.05672217 0.0
57848.2498264 88.3916727413 0.0 88.4751251991 0.0
57848.2499421 88.8365787669 0.0 87.875642871 0.0
57848.25 88.1144583482 0.0 88.2910540599 0.0
57848.2500694 87.427411102 0.0 88.7305595159 0.0
57848.2501852 88.6655453319 0.0 88.7937287763 0.0
57848.2503009 87.5539868767 0.0 87.8378530191 0.0
57848.2504282 87.58636697 0.0 87.5972009713 0.0
57848.250544 88.7305073692 0.0 89.6340413794 0.0
57848.2506597 88.7189108082 0.0 90.5462044925 0.0
57848.2506944 88.6451710473 0.0 89.2448532017 0.0
57848.250787 88.5270672111 0.0 87.9545800342 0.0
57848.2509028 90.208239025 0.0 88.8206877535 0.0
57848.2510185 90.9899617046 0.0 88.3217478484 0.0
57848.2511458 88.6393037428 0.0 87.9295168189 0.0
57848.2512616 88.1179519905 0.0 88.4831992188 0.0
57848.2513773 87.9690565881 0.0 88.096208369 0.0
57848.2513889 87.8761825184 0.0 88.1731897518 0.0
57848.2514931 87.756171669 0.0 88.223024234 0.0
57848.2516204 87.8012663747 0.0 88.1536321089 0.0
57848.2517361 88.029465726 0.0 87.940421326 0.0
57848.2518519 87.4070156509 0.0 90.0750720233 0.0
57848.2519792 87.2971796223 0.0 87.9348195825 0.0
57848.2520833 87.3504110008 0.0 87.694020697 0.0
57848.2520949 87.4701107979 0.0 87.520840261 0.0
57848.2522106 87.159221698 0.0 87.7199453032 0.0
57848.252338 87.3735253667 0.0 86.9217698681 0.0
57848.2524537 87.789179225 0.0 89.5808997945 0.0
57848.2525694 87.4016245387 0.0 89.6258713542 0.0
57848.2526968 87.0213245992 0.0 87.74953707 0.0
57848.2527778 87.0489757895 0.0 87.786688991 0.0
57848.2639236 85.9507658081 0.0 85.3455795692 0.0
57848.2640509 85.5457046438 0.0 85.2255665396 0.0
57848.2641667 85.3485021837 0.0 85.3154450788 0.0
57848.2642824 85.0355115643 0.0 85.4723346352 0.0
57848.2644097 85.6444831031 0.0 86.6591371005 0.0
57848.2645255 85.0680243687 0.0 85.6359489642 0.0
57848.2645833 85.0101139218 0.0 85.3689430589 0.0
57848.2646412 84.9716830303 0.0 85.1236818459 0.0
57848.2647569 85.6072908577 0.0 86.3705595501 0.0
57848.2648843 85.5669710285 0.0 84.8149594883 0.0
57848.265 85.2999210316 0.0 85.4942955407 0.0
57848.2651157 85.3174593914 0.0 85.0337018717 0.0
57848.2652431 85.2177540774 0.0 84.819384571 0.0
57848.2652778 85.1186213587 0.0 84.9362085568 0.0
57848.2653588 84.9841812339 0.0 85.0177947373 0.0
57848.2654745 84.7895629072 0.0 84.9777046466 0.0
57848.2656019 84.5409504027 0.0 84.8261321705 0.0
57848.2657176 84.8052624664 0.0 86.0315090476 0.0
57848.2658333 84.7895266705 0.0 85.4423150435 0.0
57848.2659606 85.6785465563 0.0 85.2976584497 0.0
57848.2659722 85.2678711767 0.0 85.2225584866 0.0
57848.2660764 84.8904595759 0.0 85.1756345089 0.0
57848.2661921 85.5831687366 0.0 85.1507993151 0.0
57848.2663194 85.7172123205 0.0 85.0364586633 0.0
57848.2664352 85.2031797587 0.0 84.9510829595 0.0
57848.2665509 85.3654115026 0.0 85.4308699417 0.0
57848.2666667 85.6677006812 0.0 85.0925170329 0.0
57848.2666782 85.9641143559 0.0 84.7490971456 0.0
57848.266794 85.0508989135 0.0 85.8215154434 0.0
57848.2669097 86.8351848792 0.0 85.654461279 0.0
57848.267037 86.5946854836 0.0 85.642481071 0.0
57848.2671528 85.1267125408 0.0 85.1523696734 0.0
57848.2672685 85.2098212943 0.0 85.6622930699 0.0
57848.2673611 84.9687526683 0.0 85.063011515 0.0
57848.2673958 84.7293243452 0.0 84.4755512382 0.0
57848.2675116 84.5608243042 0.0 84.698056548 0.0
57848.2676273 84.6989191017 0.0 85.5770974736 0.0
57848.2677546 85.6300735665 0.0 85.5837743208 0.0
57848.2678704 84.5608281298 0.0 84.6482293849 0.0
57848.2679861 84.5276725517 0.0 85.6200678871 0.0
57848.2680556 84.5568887614 0.0 85.1912830106 0.0
57848.2681134 84.5832196656 0.0 84.7656998084 0.0
57848.2682292 84.5997799406 0.0 84.2035254309 0.0
57848.2683449 84.2434969478 0.0 84.9241022796 0.0
57848.2684722 84.2513636744 0.0 85.5301096457 0.0
57848.268588 84.5465881571 0.0 84.4939211305 0.0
57848.2687037 84.8258272285 0.0 84.5344832775 0.0
57848.26875 84.6179366506 0.0 84.9838776004 0.0
57848.2771875 85.2404542808 0.0 84.2919059163 0.0
57848.2773148 83.2009285585 0.0 83.5158542374 0.0
57848.2774306 83.8966020647 0.0 84.1748140241 0.0
57848.2775463 83.5393240157 0.0 83.4619846038 0.0
57848.2776736 87.7011631223 0.0 84.3010072419 0.0
57848.2777778 85.5493711724 0.0 83.8118538991 0.0
57848.2777894 83.5489497301 0.0 83.3323167625 0.0
57848.2779051 83.5671701029 0.0 83.7921914142 0.0
57848.2780324 83.4782304376 0.0 83.535783189 0.0
57848.2781481 83.7411602021 0.0 85.1422273787 0.0
57848.2782639 83.2190540141 0.0 83.3142748753 0.0
57848.2783796 83.9247182897 0.0 84.2805696469 0.0
57848.2784722 84.0260222491 0.0 84.0260329065 0.0
57848.2785069 84.1154257553 0.0 83.7613948129 0.0
57848.2786227 84.4175522448 0.0 84.0197536119 0.0
57848.2787384 85.1109201102 0.0 83.697813478 0.0
57848.2788657 82.9163315156 0.0 83.6573843961 0.0
57848.2789815 82.893727332 0.0 83.3428600301 0.0
57848.2790972 84.438342736 0.0 83.7351540513 0.0
57848.2791667 84.1976783231 0.0 83.6465214818 0.0
57848.2792245 83.9810075255 0.0 83.5801746648 0.0
57848.2793403 83.8217903114 0.0 83.3830263123 0.0
57848.279456 83.8277851968 0.0 83.7785784792 0.0
57848.2795833 86.0492297583 0.0 85.2547451934 0.0
57848.2796991 83.5419886464 0.0 83.9453036447 0.0
57848.2798148 83.31450657 0.0 83.5663335142 0.0
57848.2798611 83.8413349011 0.0 83.9410457821 0.0
57848.2799421 84.370432463 0.0 84.3129896279 0.0
57848.2800579 87.5595712986 0.0 91.7370012045 0.0
57848.2801736 83.6063528507 0.0 85.0872521651 0.0
57848.2803009 85.4713056645 0.0 83.6270128128 0.0
57848.2804167 83.6501736878 0.0 83.7385915872 0.0
57848.2805324 83.538169725 0.0 85.1962954946 0.0
57848.2805556 83.4510989322 0.0 84.8300490923 0.0
57848.2806597 83.3579507846 0.0 84.4619369894 0.0
57848.2807755 84.7055365487 0.0 85.0582756174 0.0
57848.2808912 83.0866886631 0.0 84.7201340887 0.0
57848.2810185 84.0957145103 0.0 84.0884621634 0.0
57848.2811343 85.0846881818 0.0 86.5096873882 0.0
57848.28125 83.2136357997 0.0 82.982722033 0.0
57848.2813773 83.5695908809 0.0 85.1767540764 0.0
57848.2814931 84.7944735699 0.0 83.4075504496 0.0
57848.2816088 83.7030976727 0.0 85.0139193544 0.0
57848.2817361 83.4910937346 0.0 85.3403788485 0.0
57848.2818519 83.7579077043 0.0 85.8278184914 0.0
57848.2819444 84.0453757859 0.0 85.0736978919 0.0
57848.2903356 81.4098802419 0.0 81.5130631555 0.0
57848.2904514 82.8707922612 0.0 83.051903741 0.0
57848.2905787 81.4578472156 0.0 81.732452447 0.0
57848.2906944 81.8590294897 0.0 82.4031797263 0.0
57848.2908102 84.6401391303 0.0 84.4642165121 0.0
57848.2909375 81.3098869081 0.0 81.4501865375 0.0
57848.2909722 81.4091032256 0.0 81.6298271712 0.0
57848.2910532 81.5202463748 0.0 81.8222834563 0.0
57848.291169 81.519129712 0.0 81.8232244415 0.0
57848.2912963 82.0692305496 0.0 82.4566442441 0.0
57848.291412 81.3652462296 0.0 83.0827717039 0.0
57848.2915278 82.3023871343 0.0 81.6400972623 0.0
57848.2916435 82.4235130712 0.0 81.5547168409 0.0
57848.2916667 81.9329360026 0.0 81.5108289309 0.0
57848.2917708 81.4287726667 0.0 81.4446071081 0.0
57848.2918866 81.6680717784 0.0 81.4814293628 0.0
57848.2920023 81.4030792784 0.0 81.6400254716 0.0
57848.2921296 81.6514957426 0.0 81.262626262 0.0
57848.2922454 82.3636947508 0.0 81.7527404128 0.0
57848.2923611 81.5954144055 0.0 81.9194177286 0.0
57848.2924884 81.2822235117 0.0 83.1207013204 0.0
57848.2926042 81.4003116824 0.0 82.3312128175 0.0
57848.2927199 81.4323714502 0.0 81.3752236187 0.0
57848.2928472 81.359237392 0.0 81.6698943308 0.0
57848.292963 81.7316624816 0.0 81.7811204986 0.0
57848.2930556 81.9073548651 0.0 81.7734402175 0.0
57848.2930787 82.0674224708 0.0 81.7492113112 0.0
57848.293206 81.4349439553 0.0 82.3282774628 0.0
57848.2933218 81.9597762808 0.0 82.3399652417 0.0
57848.2934375 82.5065545942 0.0 82.2052611151 0.0
57848.2935648 83.3384303068 0.0 82.1533062086 0.0
57848.2936806 81.5216843116 0.0 81.698332535 0.0
57848.29375 81.433906857 0.0 81.6901283265 0.0
57848.2937963 81.3344127845 0.0 81.6698794232 0.0
57848.2939236 82.4690877481 0.0 83.6583750559 0.0
57848.2940394 82.4706598797 0.0 81.7812534448 0.0
57848.2941551 81.5553894786 0.0 83.4864557398 0.0
57848.2942824 83.0680691542 0.0 83.7460723855 0.0
57848.2943981 81.5010288953 0.0 81.7048911571 0.0
57848.2944444 81.9504961608 0.0 82.2312940552 0.0
57848.2945139 82.4128901447 0.0 82.773484595 0.0
57848.2946412 81.4150762267 0.0 81.4466019119 0.0
57848.2947569 81.432159323 0.0 81.804836703 0.0
57848.2948727 81.5136906415 0.0 81.6254304675 0.0
57848.295 81.7442657867 0.0 81.4130554825 0.0
57848.2951157 81.7714417569 0.0 81.6095688385 0.0
57848.2951389 81.6289003479 0.0 81.4572693257 0.0
57848.3111227 80.3468046969 0.0 80.2265272525 0.0
57848.31125 80.3910202199 0.0 80.2075386544 0.0
57848.3113657 79.928864905 0.0 79.9973077359 0.0
57848.3114815 79.856047905 0.0 79.8259766242 0.0
57848.3116088 79.9009746874 0.0 79.8192325821 0.0
57848.3117245 80.2378071111 0.0 80.208651653 0.0
57848.3118056 79.9581681068 0.0 80.025913828 0.0
57848.3118403 79.640680635 0.0 79.8035718436 0.0
57848.3119676 80.0297057223 0.0 80.06648152 0.0
57848.3120833 80.3516112471 0.0 79.9614084543 0.0
57848.3121991 80.2610898693 0.0 79.8000933834 0.0
57848.3123264 79.6672506366 0.0 79.9689161675 0.0
57848.3124421 80.0517265148 0.0 80.3017275032 0.0
57848.3125 80.1321559051 0.0 80.4351573629 0.0
57848.3125579 80.2796794276 0.0 80.6365063913 0.0
57848.3126852 80.1673304034 0.0 80.0347570184 0.0
57848.3128009 79.8204993971 0.0 83.1856754916 0.0
57848.3129167 79.7591819855 0.0 79.9173980182 0.0
57848.313044 80.1612939267 0.0 80.9885814976 0.0
57848.3131597 81.0209410029 0.0 81.3421227471 0.0
57848.3131944 80.5457989966 0.0 80.7223805273 0.0
57848.3132755 80.0207715971 0.0 80.0586025172 0.0
57848.3134028 79.6101326779 0.0 80.478028163 0.0
57848.3135185 80.4844041166 0.0 79.8223779526 0.0
57848.3136343 79.4572192189 0.0 79.9194079245 0.0
57848.3137616 81.3155145836 0.0 80.3845177133 0.0
57848.3138773 79.9086077779 0.0 80.448774335 0.0
57848.3138889 80.7556512326 0.0 81.5822892116 0.0
57848.3243866 81.8304681949 0.0 80.3639820442 0.0
57848.3245139 79.4106969809 0.0 79.6760727195 0.0
57848.3246296 79.8246636698 0.0 80.3980581109 0.0
57848.3247454 80.0901686538 0.0 80.1010862099 0.0
57848.3248727 80.5355199772 0.0 79.4109613781 0.0
57848.3249884 82.5690257179 0.0 82.2595376962 0.0
57848.325 81.2633921886 0.0 81.1489477319 0.0
57848.3251042 80.0019461763 0.0 80.0662527848 0.0
57848.3252315 81.2242978055 0.0 80.0169005023 0.0
57848.3253472 80.9757676283 0.0 79.8622177566 0.0
57848.325463 79.8105766111 0.0 79.756493372 0.0
57848.3255903 83.6839024664 0.0 86.7663670036 0.0
57848.3256944 81.698041886 0.0 83.1647901879 0.0
57848.325706 79.8536394474 0.0 79.9832177835 0.0
57848.3258218 81.5978987903 0.0 81.096585224 0.0
57848.3259491 80.5392393495 0.0 79.9664201024 0.0
57848.3260648 81.0777133558 0.0 80.3227990922 0.0
57848.3261806 81.1054439603 0.0 82.2588934219 0.0
57848.3263079 80.8108080457 0.0 81.341002385 0.0
57848.3263889 80.5811336666 0.0 80.838311468 0.0
57848.3264236 80.3599967272 0.0 80.3513633612 0.0
57848.3265394 80.7938529654 0.0 79.6553133444 0.0
57848.3266667 80.6140134964 0.0 80.6101503968 0.0
57848.3267824 79.9234760318 0.0 82.4363891858 0.0
57848.3268981 83.4143581585 0.0 83.0238243819 0.0
57848.3270255 80.0189981379 0.0 80.0141028194 0.0
57848.3270833 80.7381568653 0.0 80.5296166016 0.0
57848.3375347 80.3887528763 0.0 81.3629263055 0.0
57848.3376505 79.4043609067 0.0 79.7203720388 0.0
57848.3377778 79.3626742997 0.0 79.0385066281 0.0
57848.3378935 79.527759927 0.0 79.8441792556 0.0
57848.3380093 80.0745927183 0.0 80.2668836819 0.0
57848.3381366 79.5272772764 0.0 79.3791996558 0.0
57848.3381944 79.7067403486 0.0 79.4958791007 0.0
57848.3382523 79.9022013401 0.0 79.627778231 0.0
57848.3383681 78.9981100027 0.0 78.7074500476 0.0
57848.3384954 80.0611740234 0.0 80.5252547652 0.0
57848.3386111 79.6982016422 0.0 79.2469046651 0.0
57848.3387269 79.9136171312 0.0 79.2618626201 0.0
57848.3388542 79.5874060892 0.0 79.7944395995 0.0
57848.3388889 79.7083688517 0.0 79.653246249 0.0
57848.3389699 79.8372678014 0.0 79.5202498676 0.0
57848.3390856 80.7405679817 0.0 79.8568644701 0.0
57848.339213 80.977333841 0.0 80.8332586007 0.0
57848.3393287 79.612703063 0.0 80.6183532888 0.0
57848.3394444 80.0485659147 0.0 81.5180752287 0.0
57848.3395718 79.0160279564 0.0 80.2594640089 0.0
57848.3395833 79.3326621449 0.0 79.768823114 0.0
57848.3396875 79.6177640731 0.0 79.2524475206 0.0
57848.3398032 79.3782169742 0.0 79.4269033137 0.0
57848.3399306 79.3425287661 0.0 78.9005096561 0.0
57848.3400463 82.7863139595 0.0 81.7073319048 0.0
57848.340162 79.5449611352 0.0 79.2653333495 0.0
57848.3402778 80.2891532712 0.0 80.0493812094 0.0
