57848.0320255 9.54960732177 0.0 9.54960732177 0.0
57848.0320602 10.0739763748 0.0 10.0739763748 0.0
57848.0321065 10.5540987299 0.0 10.5540987299 0.0
57848.0321644 11.1092754039 0.0 11.1092754039 0.0
57848.0322338 10.4301006707 0.0 10.4301006707 0.0
57848.0322801 10.4475834526 0.0 10.4475834526 0.0
57848.0323148 10.4084100611 0.0 10.4084100611 0.0
57848.0323727 9.92748709392 0.0 9.92748709392 0.0
57848.0324421 10.5883426465 0.0 10.5883426465 0.0
57848.0324884 10.1508127753 0.0 10.1508127753 0.0
57848.0325347 10.1705948695 0.0 10.1705948695 0.0
57848.032581 9.7940287931 0.0 9.7940287931 0.0
57848.0326505 9.74869221999 0.0 9.74869221999 0.0
57848.0326968 10.906649348 0.0 10.906649348 0.0
57848.0327431 10.306696852 0.0 10.306696852 0.0
57848.0327894 9.9047968177 0.0 9.9047968177 0.0
57848.0328588 10.0030995196 0.0 10.0030995196 0.0
57848.0329051 9.42093413627 0.0 9.42093413627 0.0
57848.0329514 9.3257171306 0.0 9.3257171306 0.0
57848.0329977 9.21835126256 0.0 9.21835126256 0.0
57848.0330671 9.12096486124 0.0 9.12096486124 0.0
57848.0331134 9.54023060518 0.0 9.54023060518 0.0
57848.0331713 9.39654191711 0.0 9.39654191711 0.0
57848.033206 9.21775460728 0.0 9.21775460728 0.0
57848.0332755 9.35205859691 0.0 9.35205859691 0.0
57848.0333218 9.49863148038 0.0 9.49863148038 0.0
57848.0333796 9.65328959474 0.0 9.65328959474 0.0
57848.0334259 9.77051687476 0.0 9.77051687476 0.0
57848.0334954 9.75807358037 0.0 9.75807358037 0.0
57848.0335417 9.37085908548 0.0 9.37085908548 0.0
57848.033588 9.48103369892 0.0 9.48103369892 0.0
57848.0336343 9.43143679404 0.0 9.43143679404 0.0
57848.0337037 9.48198291498 0.0 9.48198291498 0.0
57848.03375 9.64997409323 0.0 9.64997409323 0.0
57848.0337963 9.80912840165 0.0 9.80912840165 0.0
57848.0338426 9.7573561993 0.0 9.7573561993 0.0
57848.033912 9.29892466901 0.0 9.29892466901 0.0
57848.0339583 9.22160506636 0.0 9.22160506636 0.0
57848.0340046 9.51824563667 0.0 9.51824563667 0.0
57848.0340509 9.844744791 0.0 9.844744791 0.0
57848.0341204 9.66695401872 0.0 9.66695401872 0.0
57848.0341667 9.49805243195 0.0 9.49805243195 0.0
57848.034213 9.81040264209 0.0 9.81040264209 0.0
57848.0342593 10.4029803422 0.0 10.4029803422 0.0
57848.0343287 10.0277116034 0.0 10.0277116034 0.0
57848.0343866 9.23504195984 0.0 9.23504195984 0.0
57848.0344329 9.23628713283 0.0 9.23628713283 0.0
57848.0344676 9.51309623624 0.0 9.51309623624 0.0
57848.034537 10.0641442756 0.0 10.0641442756 0.0
57848.0345949 10.0495771055 0.0 10.0495771055 0.0
57848.0346412 9.96428622632 0.0 9.96428622632 0.0
57848.0346875 9.69040762817 0.0 9.69040762817 0.0
57848.0347569 9.4694772823 0.0 9.4694772823 0.0
57848.0348032 9.79162907794 0.0 9.79162907794 0.0
57848.0348495 10.0823608346 0.0 10.0823608346 0.0
57848.0348958 10.0627034141 0.0 10.0627034141 0.0
57848.0349653 9.78590823583 0.0 9.78590823583 0.0
57848.0350116 9.20304297502 0.0 9.20304297502 0.0
57848.0350579 9.29257768329 0.0 9.29257768329 0.0
57848.0351042 9.6632810163 0.0 9.6632810163 0.0
57848.0351736 9.57120682046 0.0 9.57120682046 0.0
57848.0352199 9.6345212647 0.0 9.6345212647 0.0
57848.0352662 9.76882797474 0.0 9.76882797474 0.0
57848.0353241 9.81116710692 0.0 9.81116710692 0.0
57848.0353935 9.30354771042 0.0 9.30354771042 0.0
57848.0354282 9.22702552289 0.0 9.22702552289 0.0
57848.0354745 9.14570937653 0.0 9.14570937653 0.0
57848.0355324 9.14871575687 0.0 9.14871575687 0.0
57848.0356019 9.13914656847 0.0 9.13914656847 0.0
57848.0356481 9.00372145282 0.0 9.00372145282 0.0
57848.0356829 9.0963179364 0.0 9.0963179364 0.0
57848.0357407 9.55290531723 0.0 9.55290531723 0.0
57848.0358102 10.0545512083 0.0 10.0545512083 0.0
57848.0358565 9.56357673677 0.0 9.56357673677 0.0
57848.0359028 9.31965664604 0.0 9.31965664604 0.0
57848.0359491 9.13641067378 0.0 9.13641067378 0.0
57848.0360185 9.0817399214 0.0 9.0817399214 0.0
57848.0360648 8.95069829678 0.0 8.95069829678 0.0
57848.0361111 8.95605940132 0.0 8.95605940132 0.0
57848.0361574 8.89595413657 0.0 8.89595413657 0.0
57848.0362269 8.98153661686 0.0 8.98153661686 0.0
57848.0362731 9.10153833151 0.0 9.10153833151 0.0
57848.0363194 9.09906588612 0.0 9.09906588612 0.0
57848.0363657 9.2148250119 0.0 9.2148250119 0.0
57848.0364352 9.10384534139 0.0 9.10384534139 0.0
57848.0364815 9.3732598385 0.0 9.3732598385 0.0
57848.0365394 9.34044966798 0.0 9.34044966798 0.0
57848.0365741 9.31890551513 0.0 9.31890551513 0.0
57848.0366551 9.06802073222 0.0 9.06802073222 0.0
57848.0366898 9.28907960995 0.0 9.28907960995 0.0
57848.0367477 9.41148234871 0.0 9.41148234871 0.0
57848.036794 9.49905258434 0.0 9.49905258434 0.0
57848.0591088 8.48457423799 0.0 8.48457423799 0.0
57848.0591435 8.40113087626 0.0 8.40113087626 0.0
57848.0591898 8.37442535342 0.0 8.37442535342 0.0
57848.0592477 8.39601095759 0.0 8.39601095759 0.0
57848.0593171 8.38349569094 0.0 8.38349569094 0.0
57848.0593634 8.47956366802 0.0 8.47956366802 0.0
57848.0593981 8.56253467146 0.0 8.56253467146 0.0
57848.059456 8.69942526837 0.0 8.69942526837 0.0
57848.0595255 8.60592818934 0.0 8.60592818934 0.0
57848.0595718 8.58603517347 0.0 8.58603517347 0.0
57848.0596181 9.0857030548 0.0 9.0857030548 0.0
57848.0596644 9.14352229723 0.0 9.14352229723 0.0
57848.0597338 9.1475679828 0.0 9.1475679828 0.0
57848.0597801 8.67865196906 0.0 8.67865196906 0.0
57848.0598264 8.82400135993 0.0 8.82400135993 0.0
57848.0598727 8.93370024122 0.0 8.93370024122 0.0
57848.0599421 8.88301750533 0.0 8.88301750533 0.0
57848.0599884 8.7626480016 0.0 8.7626480016 0.0
57848.0600347 8.78879969052 0.0 8.78879969052 0.0
57848.060081 8.8268907323 0.0 8.8268907323 0.0
57848.0601505 8.804373913 0.0 8.804373913 0.0
57848.0601968 8.42537832978 0.0 8.42537832978 0.0
57848.0602546 8.44452485342 0.0 8.44452485342 0.0
57848.0602894 8.39398594233 0.0 8.39398594233 0.0
57848.0603588 8.34505841801 0.0 8.34505841801 0.0
57848.0604051 8.36474745584 0.0 8.36474745584 0.0
57848.060463 8.35571660601 0.0 8.35571660601 0.0
57848.0605093 8.40838866847 0.0 8.40838866847 0.0
57848.0605787 8.41035076557 0.0 8.41035076557 0.0
57848.060625 8.34098315548 0.0 8.34098315548 0.0
57848.0606713 8.35864821607 0.0 8.35864821607 0.0
57848.0607176 8.40749665477 0.0 8.40749665477 0.0
57848.060787 8.39589185257 0.0 8.39589185257 0.0
57848.0608333 8.37042412307 0.0 8.37042412307 0.0
57848.0608796 8.40838866847 0.0 8.40838866847 0.0
57848.0609259 8.46788049042 0.0 8.46788049042 0.0
57848.0609954 8.5655706173 0.0 8.5655706173 0.0
57848.0610417 8.58818956475 0.0 8.58818956475 0.0
57848.061088 8.6574245593 0.0 8.6574245593 0.0
57848.0611343 8.63353925108 0.0 8.63353925108 0.0
57848.0612037 8.55891348245 0.0 8.55891348245 0.0
57848.06125 8.42110444063 0.0 8.42110444063 0.0
57848.0612963 8.45363827 0.0 8.45363827 0.0
57848.0613426 8.51175657547 0.0 8.51175657547 0.0
57848.061412 8.41510546577 0.0 8.41510546577 0.0
57848.0614699 8.38820600605 0.0 8.38820600605 0.0
57848.0615162 8.42781110372 0.0 8.42781110372 0.0
57848.0615509 8.4557081312 0.0 8.4557081312 0.0
57848.0616204 8.45369741592 0.0 8.45369741592 0.0
57848.0616782 8.44262992201 0.0 8.44262992201 0.0
57848.0617245 8.48050706031 0.0 8.48050706031 0.0
57848.0617708 8.4598463343 0.0 8.4598463343 0.0
57848.0618403 8.41866972864 0.0 8.41866972864 0.0
57848.0618866 8.41338219743 0.0 8.41338219743 0.0
57848.0619329 8.41896668244 0.0 8.41896668244 0.0
57848.0619792 8.41587785082 0.0 8.41587785082 0.0
57848.0620486 8.41023186363 0.0 8.41023186363 0.0
57848.0620949 8.41641253742 0.0 8.41641253742 0.0
57848.0621412 8.49246725045 0.0 8.49246725045 0.0
57848.0621875 8.50723221735 0.0 8.50723221735 0.0
57848.0622569 8.65898377409 0.0 8.65898377409 0.0
57848.0623032 8.46557735775 0.0 8.46557735775 0.0
57848.0623495 8.63562389176 0.0 8.63562389176 0.0
57848.0624074 8.78578397185 0.0 8.78578397185 0.0
57848.0624769 8.8755281533 0.0 8.8755281533 0.0
57848.0625116 8.61237481767 0.0 8.61237481767 0.0
57848.0625579 8.66314030823 0.0 8.66314030823 0.0
57848.0626157 8.53229160308 0.0 8.53229160308 0.0
57848.0626852 8.38576174238 0.0 8.38576174238 0.0
57848.0627315 8.3839728053 0.0 8.3839728053 0.0
57848.0627662 8.45002958575 0.0 8.45002958575 0.0
57848.0628241 8.45907796394 0.0 8.45907796394 0.0
57848.0628935 8.53434238826 0.0 8.53434238826 0.0
57848.0629398 8.48734351844 0.0 8.48734351844 0.0
57848.0629861 8.71722432888 0.0 8.71722432888 0.0
57848.0630324 8.76053651325 0.0 8.76053651325 0.0
57848.0631019 8.6515316563 0.0 8.6515316563 0.0
57848.0631481 8.37203678922 0.0 8.37203678922 0.0
57848.0631944 8.39434333346 0.0 8.39434333346 0.0
57848.0632407 8.43024317561 0.0 8.43024317561 0.0
57848.0633102 8.49435106409 0.0 8.49435106409 0.0
57848.0633565 8.61707607022 0.0 8.61707607022 0.0
57848.0634028 8.92765366712 0.0 8.92765366712 0.0
57848.0634491 9.13427610706 0.0 9.13427610706 0.0
57848.0635185 8.82377470247 0.0 8.82377470247 0.0
57848.0635648 8.37418652766 0.0 8.37418652766 0.0
57848.0636227 8.40511748877 0.0 8.40511748877 0.0
57848.0636574 8.39892850309 0.0 8.39892850309 0.0
57848.0637384 8.34949100245 0.0 8.34949100245 0.0
57848.0637731 8.36241591886 0.0 8.36241591886 0.0
57848.063831 1.45396010949 0.0 1.45396010949 0.0
57848.0638773 0.53944415837 0.0 0.53944415837 0.0
57848.1084144 7.82515175572 0.0 7.82515175572 0.0
57848.1084491 7.48612049061 0.0 7.48612049061 0.0
57848.1084954 7.41902958614 0.0 7.41902958614 0.0
57848.1085532 7.4390187525 0.0 7.4390187525 0.0
57848.1086227 7.44090048314 0.0 7.44090048314 0.0
57848.108669 7.42030996657 0.0 7.42030996657 0.0
57848.1087037 7.45701012471 0.0 7.45701012471 0.0
57848.1087616 7.49479819608 0.0 7.49479819608 0.0
57848.108831 7.45707717541 0.0 7.45707717541 0.0
57848.1088773 7.42408243489 0.0 7.42408243489 0.0
57848.1089236 7.47348646884 0.0 7.47348646884 0.0
57848.1089699 7.5462573505 0.0 7.5462573505 0.0
57848.1090394 7.54407051929 0.0 7.54407051929 0.0
57848.1090856 7.45613841073 0.0 7.45613841073 0.0
57848.1091319 7.47689775241 0.0 7.47689775241 0.0
57848.1091782 7.48952601972 0.0 7.48952601972 0.0
57848.1092477 7.43995967731 0.0 7.43995967731 0.0
57848.109294 7.38342738842 0.0 7.38342738842 0.0
57848.1093403 7.37773678034 0.0 7.37773678034 0.0
57848.1093866 7.38633874122 0.0 7.38633874122 0.0
57848.109456 7.408846064 0.0 7.408846064 0.0
57848.1095023 7.39445738374 0.0 7.39445738374 0.0
57848.1095602 7.41437792401 0.0 7.41437792401 0.0
57848.1095949 7.42953565171 0.0 7.42953565171 0.0
57848.1096644 7.40067564483 0.0 7.40067564483 0.0
57848.1097106 7.45513246026 0.0 7.45513246026 0.0
57848.1097685 7.47669713176 0.0 7.47669713176 0.0
57848.1098148 7.43444685232 0.0 7.43444685232 0.0
57848.1098843 7.4137709703 0.0 7.4137709703 0.0
57848.1099306 7.37638122659 0.0 7.37638122659 0.0
57848.1099769 7.38193741507 0.0 7.38193741507 0.0
57848.1100231 7.37061734185 0.0 7.37061734185 0.0
57848.1100926 7.43666591962 0.0 7.43666591962 0.0
57848.1101389 7.48865809074 0.0 7.48865809074 0.0
57848.1101852 7.55182097245 0.0 7.55182097245 0.0
57848.1102315 7.4503020073 0.0 7.4503020073 0.0
57848.1103009 7.40391788177 0.0 7.40391788177 0.0
57848.1103472 7.45204669873 0.0 7.45204669873 0.0
57848.1103935 7.46726188104 0.0 7.46726188104 0.0
57848.1104398 7.4880571579 0.0 7.4880571579 0.0
57848.1105093 7.48518536845 0.0 7.48518536845 0.0
57848.1105556 7.38566178484 0.0 7.38566178484 0.0
57848.1106019 7.38830156396 0.0 7.38830156396 0.0
57848.1106481 7.37427962583 0.0 7.37427962583 0.0
57848.1107176 7.37346594215 0.0 7.37346594215 0.0
57848.1107755 7.38180194803 0.0 7.38180194803 0.0
57848.1108218 7.3809213517 0.0 7.3809213517 0.0
57848.1108565 7.37766900857 0.0 7.37766900857 0.0
57848.1109259 7.36674962246 0.0 7.36674962246 0.0
57848.1109838 7.40249957785 0.0 7.40249957785 0.0
57848.1110301 7.39378117069 0.0 7.39378117069 0.0
57848.1110764 7.3770590346 0.0 7.3770590346 0.0
57848.1111458 7.38180194803 0.0 7.38180194803 0.0
57848.1111921 7.35465838772 0.0 7.35465838772 0.0
57848.1112384 7.36858195313 0.0 7.36858195313 0.0
57848.1112847 7.37766900857 0.0 7.37766900857 0.0
57848.1113542 7.38559408579 0.0 7.38559408579 0.0
57848.1114005 7.35669762869 0.0 7.35669762869 0.0
57848.1114468 7.36450948808 0.0 7.36450948808 0.0
57848.1114931 7.35227855838 0.0 7.35227855838 0.0
57848.1115625 7.36070648783 0.0 7.36070648783 0.0
57848.1116088 7.3636947248 0.0 7.3636947248 0.0
57848.1116551 7.38227607178 0.0 7.38227607178 0.0
57848.111713 7.37177047934 0.0 7.37177047934 0.0
57848.1117824 7.39682364262 0.0 7.39682364262 0.0
57848.1118171 7.44694568263 0.0 7.44694568263 0.0
57848.1118634 7.40729370283 0.0 7.40729370283 0.0
57848.1119213 7.37353375255 0.0 7.37353375255 0.0
57848.1119907 7.36206492772 0.0 7.36206492772 0.0
57848.112037 7.43969085379 0.0 7.43969085379 0.0
57848.1120718 7.44419236721 0.0 7.44419236721 0.0
57848.1121296 7.47475752115 0.0 7.47475752115 0.0
57848.1121991 7.67782521291 0.0 7.67782521291 0.0
57848.1122454 7.60322300081 0.0 7.60322300081 0.0
57848.1122917 7.66668115941 0.0 7.66668115941 0.0
57848.112338 7.57806043787 0.0 7.57806043787 0.0
57848.1124074 7.45479711327 0.0 7.45479711327 0.0
57848.1124537 7.38037939404 0.0 7.38037939404 0.0
57848.1125 7.379701891 0.0 7.379701891 0.0
57848.1125463 7.38308878451 0.0 7.38308878451 0.0
57848.1126157 7.45070466466 0.0 7.45070466466 0.0
57848.112662 7.39351066815 0.0 7.39351066815 0.0
57848.1127083 7.40526839487 0.0 7.40526839487 0.0
57848.1127546 7.47930478053 0.0 7.47930478053 0.0
57848.1128241 7.46049596207 0.0 7.46049596207 0.0
57848.1128704 7.36158950227 0.0 7.36158950227 0.0
57848.1129282 7.37604229923 0.0 7.37604229923 0.0
57848.112963 7.43007402386 0.0 7.43007402386 0.0
57848.113044 7.42313949754 0.0 7.42313949754 0.0
57848.1130787 7.3537065484 0.0 7.3537065484 0.0
57848.1131366 1.55724115024 0.0 1.55724115024 0.0
57848.1131829 0.607453701939 0.0 0.607453701939 0.0
57848.1236227 45.6908743624 0.0 45.6908743624 0.0
57848.1236921 41.9570852181 0.0 41.9570852181 0.0
57848.1237384 7.45540072699 0.0 7.45540072699 0.0
57848.1237731 7.45533366121 0.0 7.45533366121 0.0
57848.123831 7.45003355697 0.0 7.45003355697 0.0
57848.1239005 7.37868551979 0.0 7.37868551979 0.0
57848.1239468 7.30301307681 0.0 7.30301307681 0.0
57848.1239931 7.32277269892 0.0 7.32277269892 0.0
57848.1240394 7.29095329844 0.0 7.29095329844 0.0
57848.1241088 7.27640020889 0.0 7.27640020889 0.0
57848.1241551 7.40236448711 0.0 7.40236448711 0.0
57848.1242014 7.45057044796 0.0 7.45057044796 0.0
57848.1242477 7.54744990046 0.0 7.54744990046 0.0
57848.1243171 7.62928568085 0.0 7.62928568085 0.0
57848.1243634 7.29821896082 0.0 7.29821896082 0.0
57848.1244097 7.28724913805 0.0 7.28724913805 0.0
57848.124456 7.28484728735 0.0 7.28484728735 0.0
57848.1245255 7.25258574579 0.0 7.25258574579 0.0
57848.1245718 7.26340140705 0.0 7.26340140705 0.0
57848.1246296 7.33259844803 0.0 7.33259844803 0.0
57848.1246644 7.41181489245 0.0 7.41181489245 0.0
57848.1247338 7.3511903798 0.0 7.3511903798 0.0
57848.1247801 7.26897516848 0.0 7.26897516848 0.0
57848.124838 7.25389550518 0.0 7.25389550518 0.0
57848.1248843 7.26312604875 0.0 7.26312604875 0.0
57848.1249537 7.29835597926 0.0 7.29835597926 0.0
57848.1249884 7.30677767556 0.0 7.30677767556 0.0
57848.1250463 7.30554583861 0.0 7.30554583861 0.0
57848.1250926 7.28868986856 0.0 7.28868986856 0.0
57848.125162 7.24347982671 0.0 7.24347982671 0.0
57848.1252083 7.21449928963 0.0 7.21449928963 0.0
57848.1252546 7.23470801069 0.0 7.23470801069 0.0
57848.1253009 7.24672339751 0.0 7.24672339751 0.0
57848.1253704 7.25203419738 0.0 7.25203419738 0.0
57848.1254167 7.27261988557 0.0 7.27261988557 0.0
57848.125463 7.24982758416 0.0 7.24982758416 0.0
57848.1255093 7.26340140705 0.0 7.26340140705 0.0
57848.1255787 7.27028197527 0.0 7.27028197527 0.0
57848.125625 7.25031033819 0.0 7.25031033819 0.0
57848.1256713 7.25355085458 0.0 7.25355085458 0.0
57848.1257176 7.27378855893 0.0 7.27378855893 0.0
57848.125787 7.32475255555 0.0 7.32475255555 0.0
57848.1258449 7.26663608556 0.0 7.26663608556 0.0
57848.1258796 7.25851224426 0.0 7.25851224426 0.0
57848.1259259 7.29588925355 0.0 7.29588925355 0.0
57848.1259954 7.32338719446 0.0 7.32338719446 0.0
57848.1260532 7.31853810539 0.0 7.31853810539 0.0
57848.1260995 7.30527206886 0.0 7.30527206886 0.0
57848.1261343 7.28930723732 0.0 7.28930723732 0.0
57848.1262153 7.35159846564 0.0 7.35159846564 0.0
57848.1262616 7.44560272913 0.0 7.44560272913 0.0
57848.1263079 7.44929526868 0.0 7.44929526868 0.0
57848.1263542 7.43189074193 0.0 7.43189074193 0.0
57848.1264236 7.25899442072 0.0 7.25899442072 0.0
57848.1264699 7.22668665434 0.0 7.22668665434 0.0
57848.1265162 7.27055706256 0.0 7.27055706256 0.0
57848.1265625 7.31040354563 0.0 7.31040354563 0.0
57848.1266319 7.30883027577 0.0 7.30883027577 0.0
57848.1266782 7.24216818363 0.0 7.24216818363 0.0
57848.1267245 7.24389398045 0.0 7.24389398045 0.0
57848.1267708 7.2810026782 0.0 7.2810026782 0.0
57848.1268519 7.33573445539 0.0 7.33573445539 0.0
57848.1268866 7.28340579674 0.0 7.28340579674 0.0
57848.1269329 7.28553361121 0.0 7.28553361121 0.0
57848.1269907 7.26050962399 0.0 7.26050962399 0.0
57848.1270602 7.21761733538 0.0 7.21761733538 0.0
57848.1271065 7.24893095567 0.0 7.24893095567 0.0
57848.1271412 7.2727573863 0.0 7.2727573863 0.0
57848.1271991 7.24913787978 0.0 7.24913787978 0.0
57848.1272685 7.20312432213 0.0 7.20312432213 0.0
57848.1273148 7.22059554331 0.0 7.22059554331 0.0
57848.1273611 7.23505355889 0.0 7.23505355889 0.0
57848.1274074 7.26326372921 0.0 7.26326372921 0.0
57848.1274769 7.29129618106 0.0 7.29129618106 0.0
57848.1275231 7.23062929488 0.0 7.23062929488 0.0
57848.1275694 7.25465367885 0.0 7.25465367885 0.0
57848.1276157 7.24396300377 0.0 7.24396300377 0.0
57848.1276852 7.23062929488 0.0 7.23062929488 0.0
57848.1277315 7.23726467666 0.0 7.23726467666 0.0
57848.1277778 7.29019889989 0.0 7.29019889989 0.0
57848.1278241 7.26952543155 0.0 7.26952543155 0.0
57848.1278935 7.21269713769 0.0 7.21269713769 0.0
57848.1279398 7.19527622819 0.0 7.19527622819 0.0
57848.1279977 7.19736062734 0.0 7.19736062734 0.0
57848.1280324 7.21463789805 0.0 7.21463789805 0.0
57848.1281134 7.19333024405 0.0 7.19333024405 0.0
57848.1281481 7.17384136987 0.0 7.17384136987 0.0
57848.128206 7.18568020441 0.0 7.18568020441 0.0
57848.1282523 7.18401002226 0.0 7.18401002226 0.0
57848.1283218 7.18922805314 0.0 7.18922805314 0.0
57848.1283681 7.18324439233 0.0 7.18324439233 0.0
57848.1284144 0.972625313263 0.0 0.972625313263 0.0
57848.1284606 0.356370593624 0.0 0.356370593624 0.0
57848.1473032 7.17579263914 0.0 7.17579263914 0.0
57848.147338 7.19659641775 0.0 7.19659641775 0.0
57848.1473843 7.11842679249 0.0 7.11842679249 0.0
57848.1474421 7.08766534199 0.0 7.08766534199 0.0
57848.1475116 7.06569175665 0.0 7.06569175665 0.0
57848.1475579 7.17119236947 0.0 7.17119236947 0.0
57848.1475926 7.14744709669 0.0 7.14744709669 0.0
57848.1476505 7.10577230145 0.0 7.10577230145 0.0
57848.1477199 7.05932008057 0.0 7.05932008057 0.0
57848.1477662 7.0880885999 0.0 7.0880885999 0.0
57848.1478125 7.07608648901 0.0 7.07608648901 0.0
57848.1478588 7.08717150914 0.0 7.08717150914 0.0
57848.1479282 7.07156276929 0.0 7.07156276929 0.0
57848.1479745 7.05549431295 0.0 7.05549431295 0.0
57848.1480208 7.06293140275 0.0 7.06293140275 0.0
57848.1480671 7.04790749088 0.0 7.04790749088 0.0
57848.1481366 7.04109366505 0.0 7.04109366505 0.0
57848.1481829 7.05946173585 0.0 7.05946173585 0.0
57848.1482292 7.0637808573 0.0 7.0637808573 0.0
57848.1482755 7.06130299591 0.0 7.06130299591 0.0
57848.1483449 7.03690272776 0.0 7.03690272776 0.0
57848.1483912 7.07968925872 0.0 7.07968925872 0.0
57848.1484491 7.06526715702 0.0 7.06526715702 0.0
57848.1484838 7.07135064892 0.0 7.07135064892 0.0
57848.1485532 7.05180827873 0.0 7.05180827873 0.0
57848.1485995 7.05131193467 0.0 7.05131193467 0.0
57848.1486574 7.05294264829 0.0 7.05294264829 0.0
57848.1487037 7.05634466278 0.0 7.05634466278 0.0
57848.1487731 7.09217879075 0.0 7.09217879075 0.0
57848.1488194 7.11343798736 0.0 7.11343798736 0.0
57848.1488657 7.08928769341 0.0 7.08928769341 0.0
57848.148912 7.09013399027 0.0 7.09013399027 0.0
57848.1489815 7.11428141136 0.0 7.11428141136 0.0
57848.1490278 7.13246100585 0.0 7.13246100585 0.0
57848.1490741 7.15499825297 0.0 7.15499825297 0.0
57848.1491204 7.20291607615 0.0 7.20291607615 0.0
57848.1491898 7.21449928963 0.0 7.21449928963 0.0
57848.1492361 7.1850539316 0.0 7.1850539316 0.0
57848.1492824 7.21560808248 0.0 7.21560808248 0.0
57848.1493287 7.21865638467 0.0 7.21865638467 0.0
57848.1493981 7.17112264572 0.0 7.17112264572 0.0
57848.1494444 7.05584863783 0.0 7.05584863783 0.0
57848.1494907 7.06788511508 0.0 7.06788511508 0.0
57848.149537 7.11259446334 0.0 7.11259446334 0.0
57848.1496065 7.17202900161 0.0 7.17202900161 0.0
57848.1496644 7.10168993973 0.0 7.10168993973 0.0
57848.1497106 7.09591431741 0.0 7.09591431741 0.0
57848.1497454 7.06781437221 0.0 7.06781437221 0.0
57848.1498148 7.04932620894 0.0 7.04932620894 0.0
57848.1498727 7.06937055189 0.0 7.06937055189 0.0
57848.149919 7.05506909959 0.0 7.05506909959 0.0
57848.1499653 7.05924925187 0.0 7.05924925187 0.0
57848.1500347 7.05237548632 0.0 7.05237548632 0.0
57848.150081 7.07050210381 0.0 7.07050210381 0.0
57848.1501273 7.08618374021 0.0 7.08618374021 0.0
57848.1501736 7.09316572484 0.0 7.09316572484 0.0
57848.1502431 7.11280535373 0.0 7.11280535373 0.0
57848.1502894 7.16477494413 0.0 7.16477494413 0.0
57848.1503356 7.22384938935 0.0 7.22384938935 0.0
57848.1503819 7.20388783922 0.0 7.20388783922 0.0
57848.1504514 7.07000707213 0.0 7.07000707213 0.0
57848.1504977 7.27227612237 0.0 7.27227612237 0.0
57848.150544 7.31587315363 0.0 7.31587315363 0.0
57848.1506019 7.40742870367 0.0 7.40742870367 0.0
57848.1506713 7.2656727149 0.0 7.2656727149 0.0
57848.150706 7.14898594208 0.0 7.14898594208 0.0
57848.1507523 7.20215245604 0.0 7.20215245604 0.0
57848.1508102 7.2391988507 0.0 7.2391988507 0.0
57848.1508796 7.17377167186 0.0 7.17377167186 0.0
57848.1509259 7.07573317756 0.0 7.07573317756 0.0
57848.1509606 7.09549152631 0.0 7.09549152631 0.0
57848.1510185 7.0880885999 0.0 7.0880885999 0.0
57848.151088 7.0659748089 0.0 7.0659748089 0.0
57848.1511343 7.04741087209 0.0 7.04741087209 0.0
57848.1511806 7.05655723423 0.0 7.05655723423 0.0
57848.1512269 7.07269397048 0.0 7.07269397048 0.0
57848.1512963 7.10753121696 0.0 7.10753121696 0.0
57848.1513426 7.07467313733 0.0 7.07467313733 0.0
57848.1513889 7.1030979157 0.0 7.1030979157 0.0
57848.1514352 7.09922530985 0.0 7.09922530985 0.0
57848.1515046 7.07149206321 0.0 7.07149206321 0.0
57848.1515509 7.05152465783 0.0 7.05152465783 0.0
57848.1515972 7.07050210381 0.0 7.07050210381 0.0
57848.1516435 7.06314377597 0.0 7.06314377597 0.0
57848.151713 7.0880885999 0.0 7.0880885999 0.0
57848.1517593 7.06286061026 0.0 7.06286061026 0.0
57848.1518171 7.05131193467 0.0 7.05131193467 0.0
57848.1518519 7.05322621217 0.0 7.05322621217 0.0
57848.1519329 7.05797421361 0.0 7.05797421361 0.0
57848.1519676 7.07226979123 0.0 7.07226979123 0.0
57848.1520255 0.490917508345 0.0 0.490917508345 0.0
57848.1520718 0.170293863659 0.0 0.170293863659 0.0
57848.1771644 7.12544735438 0.0 7.12544735438 0.0
57848.1771991 7.0803248513 0.0 7.0803248513 0.0
57848.1772454 7.01291665429 0.0 7.01291665429 0.0
57848.1773032 7.00878020771 0.0 7.00878020771 0.0
57848.1773727 6.98963518361 0.0 6.98963518361 0.0
57848.177419 7.06420554627 0.0 7.06420554627 0.0
57848.1774537 7.04826219717 0.0 7.04826219717 0.0
57848.1775116 7.06696540249 0.0 7.06696540249 0.0
57848.177581 6.96878755595 0.0 6.96878755595 0.0
57848.1776273 7.07007779307 0.0 7.07007779307 0.0
57848.1776736 7.16142443931 0.0 7.16142443931 0.0
57848.1777199 7.21671670498 0.0 7.21671670498 0.0
57848.1777894 7.216993834 0.0 7.216993834 0.0
57848.1778356 7.10049294063 0.0 7.10049294063 0.0
57848.1778819 7.09816877793 0.0 7.09816877793 0.0
57848.1779282 7.07601582813 0.0 7.07601582813 0.0
57848.1779977 7.09823921829 0.0 7.09823921829 0.0
57848.178044 7.09246078593 0.0 7.09246078593 0.0
57848.1780903 7.05641552065 0.0 7.05641552065 0.0
57848.1781366 7.01990028419 0.0 7.01990028419 0.0
57848.178206 7.03235380225 0.0 7.03235380225 0.0
57848.1782523 7.06533792539 0.0 7.06533792539 0.0
57848.1783102 7.06463020971 0.0 7.06463020971 0.0
57848.1783449 7.1372964069 0.0 7.1372964069 0.0
57848.1784144 7.16728679488 0.0 7.16728679488 0.0
57848.1784606 7.06682389762 0.0 7.06682389762 0.0
57848.1785185 7.13302180005 0.0 7.13302180005 0.0
57848.1785648 7.11385971186 0.0 7.11385971186 0.0
57848.1786343 6.99664205173 0.0 6.99664205173 0.0
57848.1786806 6.98956364876 0.0 6.98956364876 0.0
57848.1787269 6.99077964179 0.0 6.99077964179 0.0
57848.1787731 7.00656834692 0.0 7.00656834692 0.0
57848.1788426 7.03626321281 0.0 7.03626321281 0.0
57848.1788889 7.07771149454 0.0 7.07771149454 0.0
57848.1789352 7.11737311092 0.0 7.11737311092 0.0
57848.1789815 7.10556120233 0.0 7.10556120233 0.0
57848.1790509 7.04528210933 0.0 7.04528210933 0.0
57848.1790972 7.00556921313 0.0 7.00556921313 0.0
57848.1791435 7.04741087209 0.0 7.04741087209 0.0
57848.1791898 7.06101975638 0.0 7.06101975638 0.0
57848.1792593 7.03676061835 0.0 7.03676061835 0.0
57848.1793056 7.05209188823 0.0 7.05209188823 0.0
57848.1793519 7.03938917805 0.0 7.03938917805 0.0
57848.1793981 7.0326381963 0.0 7.0326381963 0.0
57848.1794676 6.96778300466 0.0 6.96778300466 0.0
57848.1795255 6.97939825486 0.0 6.97939825486 0.0
57848.1795718 6.97760703967 0.0 6.97760703967 0.0
57848.1796065 6.96778300466 0.0 6.96778300466 0.0
57848.1796759 7.00235674612 0.0 7.00235674612 0.0
57848.1797338 6.99192391263 0.0 6.99192391263 0.0
57848.1797801 7.01263146044 0.0 7.01263146044 0.0
57848.1798264 6.99156634811 0.0 6.99156634811 0.0
57848.1798958 6.97954153222 0.0 6.97954153222 0.0
57848.1799421 7.02217914895 0.0 7.02217914895 0.0
57848.1799884 7.02950922896 0.0 7.02950922896 0.0
57848.1800347 7.01505523856 0.0 7.01505523856 0.0
57848.1801042 7.01370087757 0.0 7.01370087757 0.0
57848.1801505 7.02146708317 0.0 7.02146708317 0.0
57848.1801968 7.06045324324 0.0 7.06045324324 0.0
57848.1802431 7.05216278882 0.0 7.05216278882 0.0
57848.1803125 7.01320183654 0.0 7.01320183654 0.0
57848.1803588 6.99657058851 0.0 6.99657058851 0.0
57848.1804051 6.998428395 0.0 6.998428395 0.0
57848.180463 6.99049354481 0.0 6.99049354481 0.0
57848.1805324 6.97115485411 0.0 6.97115485411 0.0
57848.1805671 6.99557002681 0.0 6.99557002681 0.0
57848.1806134 7.08900557201 0.0 7.08900557201 0.0
57848.1806713 7.12818349932 0.0 7.12818349932 0.0
57848.1807407 7.11006329086 0.0 7.11006329086 0.0
57848.180787 6.97108312961 0.0 6.97108312961 0.0
57848.1808218 6.98877671699 0.0 6.98877671699 0.0
57848.1808796 7.0721283925 0.0 7.0721283925 0.0
57848.1809491 7.09133273793 0.0 7.09133273793 0.0
57848.1809954 6.99649912456 0.0 6.99649912456 0.0
57848.1810417 6.97946989391 0.0 6.97946989391 0.0
57848.181088 6.98906288425 0.0 6.98906288425 0.0
57848.1811574 6.97810862627 0.0 6.97810862627 0.0
57848.1812037 6.96864405749 0.0 6.96864405749 0.0
57848.18125 6.99678497597 0.0 6.99678497597 0.0
57848.1812963 6.98269289028 0.0 6.98269289028 0.0
57848.1813657 6.97151346553 0.0 6.97151346553 0.0
57848.181412 6.94996402868 0.0 6.94996402868 0.0
57848.1814583 6.95255348775 0.0 6.95255348775 0.0
57848.1815046 6.96562990691 0.0 6.96562990691 0.0
57848.1815741 6.96871580709 0.0 6.96871580709 0.0
57848.1816204 7.0080667805 0.0 7.0080667805 0.0
57848.1816782 6.99757100714 0.0 6.99757100714 0.0
57848.181713 6.98906288425 0.0 6.98906288425 0.0
57848.181794 6.96792652085 0.0 6.96792652085 0.0
57848.1818287 7.03498400851 0.0 7.03498400851 0.0
57848.1818866 7.10584266643 0.0 7.10584266643 0.0
57848.1819329 7.15534765053 0.0 7.15534765053 0.0
57848.1910532 7.11217266382 0.0 7.11217266382 0.0
57848.191088 7.06307298561 0.0 7.06307298561 0.0
57848.1911343 7.04364962218 0.0 7.04364962218 0.0
57848.1911921 7.15590665115 0.0 7.15590665115 0.0
57848.1912616 7.04925527982 0.0 7.04925527982 0.0
57848.1913079 7.00820947176 0.0 7.00820947176 0.0
57848.1913426 6.98476914436 0.0 6.98476914436 0.0
57848.1914005 7.04542404685 0.0 7.04542404685 0.0
57848.1914699 7.09450491578 0.0 7.09450491578 0.0
57848.1915162 7.11561662823 0.0 7.11561662823 0.0
57848.1915625 7.10816431999 0.0 7.10816431999 0.0
57848.1916088 7.22391860419 0.0 7.22391860419 0.0
57848.1916782 7.18602811016 0.0 7.18602811016 0.0
57848.1917245 7.19548469528 0.0 7.19548469528 0.0
57848.1917708 7.15227236618 0.0 7.15227236618 0.0
57848.1918171 7.07502650172 0.0 7.07502650172 0.0
57848.1918866 7.21117188812 0.0 7.21117188812 0.0
57848.1919329 7.11660031195 0.0 7.11660031195 0.0
57848.1919792 7.03697378139 0.0 7.03697378139 0.0
57848.1920255 7.02929583956 0.0 7.02929583956 0.0
57848.1920949 7.05017730274 0.0 7.05017730274 0.0
57848.1921412 7.10928969729 0.0 7.10928969729 0.0
57848.1921991 7.11294594384 0.0 7.11294594384 0.0
57848.1922338 7.08576036851 0.0 7.08576036851 0.0
57848.1923032 6.99564150025 0.0 6.99564150025 0.0
57848.1923495 7.02780193233 0.0 7.02780193233 0.0
57848.1924074 7.12804320975 0.0 7.12804320975 0.0
57848.1924537 7.13028751173 0.0 7.13028751173 0.0
57848.1925231 7.00307075503 0.0 7.00307075503 0.0
57848.1925694 6.99027896439 0.0 6.99027896439 0.0
57848.1926157 7.01683689421 0.0 7.01683689421 0.0
57848.192662 7.09697118495 0.0 7.09697118495 0.0
57848.1927315 7.12593853468 0.0 7.12593853468 0.0
57848.1927778 7.26532862299 0.0 7.26532862299 0.0
57848.1928241 7.26931908778 0.0 7.26931908778 0.0
57848.1928704 7.20825915183 0.0 7.20825915183 0.0
57848.1929398 7.02481316478 0.0 7.02481316478 0.0
57848.1929861 7.24865504766 0.0 7.24865504766 0.0
57848.1930324 7.25706552265 0.0 7.25706552265 0.0
57848.1930787 7.20312432213 0.0 7.20312432213 0.0
57848.1931481 7.2260639355 0.0 7.2260639355 0.0
57848.1931944 6.96627590611 0.0 6.96627590611 0.0
57848.1932407 6.96979196246 0.0 6.96979196246 0.0
57848.193287 6.99049354481 0.0 6.99049354481 0.0
57848.1933565 6.9796131698 0.0 6.9796131698 0.0
57848.1934144 6.95959768952 0.0 6.95959768952 0.0
57848.1934606 6.96720891032 0.0 6.96720891032 0.0
57848.1934954 6.97387983837 0.0 6.97387983837 0.0
57848.1935648 6.99149483301 0.0 6.99149483301 0.0
57848.1936227 6.97646042059 0.0 6.97646042059 0.0
57848.193669 6.9776786971 0.0 6.9776786971 0.0
57848.1937153 6.97344964849 0.0 6.97344964849 0.0
57848.1937847 7.00785273818 0.0 7.00785273818 0.0
57848.193831 6.978395231 0.0 6.978395231 0.0
57848.1938773 6.99013590712 0.0 6.99013590712 0.0
57848.1939236 7.15450906771 0.0 7.15450906771 0.0
57848.1939931 7.13603531381 0.0 7.13603531381 0.0
57848.1940394 7.03796845688 0.0 7.03796845688 0.0
57848.1940856 7.04471433062 0.0 7.04471433062 0.0
57848.1941319 7.05088646909 0.0 7.05088646909 0.0
57848.1942014 7.01562541759 0.0 7.01562541759 0.0
57848.1942477 7.01947291469 0.0 7.01947291469 0.0
57848.194294 7.05563604504 0.0 7.05563604504 0.0
57848.1943519 7.06229424479 0.0 7.06229424479 0.0
57848.1944213 7.00171407585 0.0 7.00171407585 0.0
57848.194456 6.9608907476 0.0 6.9608907476 0.0
57848.1945023 6.99256748269 0.0 6.99256748269 0.0
57848.1945602 7.00599743077 0.0 7.00599743077 0.0
57848.1946296 6.99928567784 0.0 6.99928567784 0.0
57848.1946759 7.03313585821 0.0 7.03313585821 0.0
57848.1947106 6.97603038984 0.0 6.97603038984 0.0
57848.1947685 6.97158518559 0.0 6.97158518559 0.0
57848.194838 7.02438609417 0.0 7.02438609417 0.0
57848.1948843 7.07347156635 0.0 7.07347156635 0.0
57848.1949306 7.06427632529 0.0 7.06427632529 0.0
57848.1949769 7.04953899202 0.0 7.04953899202 0.0
57848.1950463 7.08540753944 0.0 7.08540753944 0.0
57848.1950926 7.01256016017 0.0 7.01256016017 0.0
57848.1951389 6.99349697934 0.0 6.99349697934 0.0
57848.1951852 6.98183357006 0.0 6.98183357006 0.0
57848.1952546 7.01320183654 0.0 7.01320183654 0.0
57848.1953009 7.01362958817 0.0 7.01362958817 0.0
57848.1953472 7.04471433062 0.0 7.04471433062 0.0
57848.1953935 7.02950922896 0.0 7.02950922896 0.0
57848.195463 7.03498400851 0.0 7.03498400851 0.0
57848.1955093 6.99578444494 0.0 6.99578444494 0.0
57848.1955671 7.00214252925 0.0 7.00214252925 0.0
57848.1956019 6.99899992856 0.0 6.99899992856 0.0
57848.1956829 7.03789741329 0.0 7.03789741329 0.0
57848.1957176 7.00421301789 0.0 7.00421301789 0.0
57848.1957755 6.98469755967 0.0 6.98469755967 0.0
57848.1958218 7.0300782357 0.0 7.0300782357 0.0
57848.2014352 7.17216843082 0.0 7.17216843082 0.0
57848.2015046 7.08561923899 0.0 7.08561923899 0.0
57848.2015509 7.12881476825 0.0 7.12881476825 0.0
57848.2016088 7.27942305406 0.0 7.27942305406 0.0
57848.2016551 7.30308154138 0.0 7.30308154138 0.0
57848.2017245 7.13421334136 0.0 7.13421334136 0.0
57848.2017593 7.12214855223 0.0 7.12214855223 0.0
57848.2018171 7.04464335506 0.0 7.04464335506 0.0
57848.2018634 7.12249956125 0.0 7.12249956125 0.0
57848.2019329 7.24886197965 0.0 7.24886197965 0.0
57848.2019792 7.11203205842 0.0 7.11203205842 0.0
57848.2020255 7.03874988901 0.0 7.03874988901 0.0
57848.2020718 7.00249955373 0.0 7.00249955373 0.0
57848.2021412 7.04315270316 0.0 7.04315270316 0.0
57848.2021875 7.04208775861 0.0 7.04208775861 0.0
57848.2022338 7.0868893035 0.0 7.0868893035 0.0
57848.2022801 7.06880470801 0.0 7.06880470801 0.0
57848.2023495 7.03555257247 0.0 7.03555257247 0.0
57848.2023958 7.01640933812 0.0 7.01640933812 0.0
57848.2024421 7.0615154181 0.0 7.0615154181 0.0
57848.2024884 7.07403703694 0.0 7.07403703694 0.0
57848.2025579 7.07255258022 0.0 7.07255258022 0.0
57848.2026157 6.99578444494 0.0 6.99578444494 0.0
57848.2026505 7.00142842569 0.0 7.00142842569 0.0
57848.2026968 6.99771391241 0.0 6.99771391241 0.0
57848.2027662 7.05365153662 0.0 7.05365153662 0.0
57848.2028241 7.08710095878 0.0 7.08710095878 0.0
57848.2028704 7.0193304524 0.0 7.0193304524 0.0
57848.2029051 6.99428338002 0.0 6.99428338002 0.0
57848.2029861 7.02111102319 0.0 7.02111102319 0.0
57848.2030324 7.04073859762 0.0 7.04073859762 0.0
57848.2030787 7.09401155905 0.0 7.09401155905 0.0
57848.203125 7.10344986609 0.0 7.10344986609 0.0
57848.2031944 7.07707566725 0.0 7.07707566725 0.0
57848.2032407 7.02993598833 0.0 7.02993598833 0.0
57848.203287 7.1107664847 0.0 7.1107664847 0.0
57848.2033333 7.19722168618 0.0 7.19722168618 0.0
57848.2034028 7.0509573818 0.0 7.0509573818 0.0
57848.2034491 6.99542707774 0.0 6.99542707774 0.0
57848.2034954 7.01534033387 0.0 7.01534033387 0.0
57848.2035417 7.00749598644 0.0 7.00749598644 0.0
57848.2036227 7.0903455487 0.0 7.0903455487 0.0
57848.2036574 7.12369286255 0.0 7.12369286255 0.0
57848.2037037 7.1996527694 0.0 7.1996527694 0.0
57848.2037616 7.26464039027 0.0 7.26464039027 0.0
57848.203831 7.12411398 0.0 7.12411398 0.0
57848.2038773 7.08978137886 0.0 7.08978137886 0.0
57848.203912 7.13119905766 0.0 7.13119905766 0.0
57848.2039699 7.10105625946 0.0 7.10105625946 0.0
57848.2040394 7.37285562045 0.0 7.37285562045 0.0
57848.2040856 7.28930723732 0.0 7.28930723732 0.0
57848.2041319 7.22938448279 0.0 7.22938448279 0.0
57848.2041782 7.16784486439 0.0 7.16784486439 0.0
57848.2042477 7.02822879537 0.0 7.02822879537 0.0
57848.204294 7.12046346806 0.0 7.12046346806 0.0
57848.2043403 7.14499825052 0.0 7.14499825052 0.0
57848.2043866 7.12453507255 0.0 7.12453507255 0.0
57848.204456 7.12979663104 0.0 7.12979663104 0.0
57848.2045023 7.10668699184 0.0 7.10668699184 0.0
57848.2045486 7.08131343749 0.0 7.08131343749 0.0
57848.2045949 7.10753121696 0.0 7.10753121696 0.0
57848.2046644 7.00321354808 0.0 7.00321354808 0.0
57848.2047106 7.06009914945 0.0 7.06009914945 0.0
57848.2047685 7.09344768078 0.0 7.09344768078 0.0
57848.2048032 7.21339032633 0.0 7.21339032633 0.0
57848.2048727 7.26925030522 0.0 7.26925030522 0.0
57848.204919 7.19305220334 0.0 7.19305220334 0.0
57848.2049769 7.22149568995 0.0 7.22149568995 0.0
57848.2050231 7.30075338578 0.0 7.30075338578 0.0
57848.2050926 7.09013399027 0.0 7.09013399027 0.0
57848.2051389 7.06286061026 0.0 7.06286061026 0.0
57848.2051852 7.03917608815 0.0 7.03917608815 0.0
57848.2052315 7.12923558315 0.0 7.12923558315 0.0
57848.2053009 7.06109056733 0.0 7.06109056733 0.0
57848.2053472 7.03100277343 0.0 7.03100277343 0.0
57848.2053935 7.02630770747 0.0 7.02630770747 0.0
57848.2054398 7.025453722 0.0 7.025453722 0.0
57848.2055093 6.98641538988 0.0 6.98641538988 0.0
57848.2055556 6.97172862352 0.0 6.97172862352 0.0
57848.2056019 6.99807116283 0.0 6.99807116283 0.0
57848.2056481 6.97137002317 0.0 6.97137002317 0.0
57848.2057176 7.07446111022 0.0 7.07446111022 0.0
57848.2057639 7.01070609853 0.0 7.01070609853 0.0
57848.2058102 7.02908244368 0.0 7.02908244368 0.0
57848.2058565 7.02225035156 0.0 7.02225035156 0.0
57848.2059259 6.99142331718 0.0 6.99142331718 0.0
57848.2059838 6.99564150025 0.0 6.99564150025 0.0
57848.2060301 6.95866366481 0.0 6.95866366481 0.0
57848.2060648 7.00592606298 0.0 7.00592606298 0.0
57848.2061343 7.04584984228 0.0 7.04584984228 0.0
57848.2061921 7.01519778766 0.0 7.01519778766 0.0
57848.2062384 7.01947291469 0.0 7.01947291469 0.0
57848.2084144 7.05017730274 0.0 7.05017730274 0.0
57848.2084491 7.06094894472 0.0 7.06094894472 0.0
57848.2084954 7.00071424927 0.0 7.00071424927 0.0
57848.2085532 6.97079622425 0.0 6.97079622425 0.0
57848.2086227 6.96864405749 0.0 6.96864405749 0.0
57848.208669 6.93693015678 0.0 6.93693015678 0.0
57848.2087037 6.9994285481 0.0 6.9994285481 0.0
57848.2087616 7.07248188403 0.0 7.07248188403 0.0
57848.208831 7.0625774332 0.0 7.0625774332 0.0
57848.2088773 6.99871416762 0.0 6.99871416762 0.0
57848.2089236 6.97717707959 0.0 6.97717707959 0.0
57848.2089699 6.97889676095 0.0 6.97889676095 0.0
57848.2090394 7.00242815029 0.0 7.00242815029 0.0
57848.2090856 6.93476747988 0.0 6.93476747988 0.0
57848.2091319 6.92538807577 0.0 6.92538807577 0.0
57848.2091782 6.93837156687 0.0 6.93837156687 0.0
57848.2092477 6.94650991506 0.0 6.94650991506 0.0
57848.209294 6.93685807841 0.0 6.93685807841 0.0
57848.2093403 6.94197378272 0.0 6.94197378272 0.0
57848.2093866 6.93440696816 0.0 6.93440696816 0.0
57848.209456 6.9943548666 0.0 6.9943548666 0.0
57848.2095023 6.9582325342 0.0 6.9582325342 0.0
57848.2095602 6.92647096291 0.0 6.92647096291 0.0
57848.2095949 6.95406356025 0.0 6.95406356025 0.0
57848.2096644 6.96993543729 0.0 6.96993543729 0.0
57848.2097106 7.03228270194 0.0 7.03228270194 0.0
57848.2097685 7.06179863774 0.0 7.06179863774 0.0
57848.2098148 7.05336798983 0.0 7.05336798983 0.0
57848.2098843 7.04570791333 0.0 7.04570791333 0.0
57848.2099306 6.96340433983 0.0 6.96340433983 0.0
57848.2099769 6.99835695003 0.0 6.99835695003 0.0
57848.2100231 7.03086054477 0.0 7.03086054477 0.0
57848.2100926 7.00442717144 0.0 7.00442717144 0.0
57848.2101389 7.08470182859 0.0 7.08470182859 0.0
57848.2101852 7.0949982382 0.0 7.0949982382 0.0
57848.2102315 7.08131343749 0.0 7.08131343749 0.0
57848.2103009 7.02488434068 0.0 7.02488434068 0.0
57848.2103472 7.11519500787 0.0 7.11519500787 0.0
57848.2103935 7.01334442331 0.0 7.01334442331 0.0
57848.2104398 6.96361974838 0.0 6.96361974838 0.0
57848.2105093 6.9777503538 0.0 6.9777503538 0.0
57848.2105556 6.97703375368 0.0 6.97703375368 0.0
57848.2106019 6.99849983925 0.0 6.99849983925 0.0
57848.2106481 7.07905360906 0.0 7.07905360906 0.0
57848.2107176 7.03583683722 0.0 7.03583683722 0.0
57848.2107755 6.94514218717 0.0 6.94514218717 0.0
57848.2108218 6.97316284049 0.0 6.97316284049 0.0
57848.2108565 6.95413546029 0.0 6.95413546029 0.0
57848.2109259 7.04719802475 0.0 7.04719802475 0.0
57848.2109838 7.14814661293 0.0 7.14814661293 0.0
57848.2110301 7.22813945632 0.0 7.22813945632 0.0
57848.2110764 7.03747113671 0.0 7.03747113671 0.0
57848.2111458 6.98297930686 0.0 6.98297930686 0.0
57848.2111921 7.02054128967 0.0 7.02054128967 0.0
57848.2112384 6.98584282675 0.0 6.98584282675 0.0
57848.2112847 7.00756733824 0.0 7.00756733824 0.0
57848.2113542 6.95643586904 0.0 6.95643586904 0.0
57848.2114005 6.96828529841 0.0 6.96828529841 0.0
57848.2114468 6.97237405767 0.0 6.97237405767 0.0
57848.2114931 6.95650774455 0.0 6.95650774455 0.0
57848.2115625 6.9508992224 0.0 6.9508992224 0.0
57848.2116088 6.9746684509 0.0 6.9746684509 0.0
57848.2116551 7.02609422083 0.0 7.02609422083 0.0
57848.211713 7.06448865807 0.0 7.06448865807 0.0
57848.2117824 7.03505508152 0.0 7.03505508152 0.0
57848.2118171 7.0177631764 0.0 7.0177631764 0.0
57848.2118634 7.07403703694 0.0 7.07403703694 0.0
57848.2119213 7.03583683722 0.0 7.03583683722 0.0
57848.2119907 7.03064719638 0.0 7.03064719638 0.0
57848.212037 7.20874468961 0.0 7.20874468961 0.0
57848.2120718 7.20305490747 0.0 7.20305490747 0.0
57848.2121296 7.16930959019 0.0 7.16930959019 0.0
57848.2121991 7.05875343102 0.0 7.05875343102 0.0
57848.2122454 7.13239090348 0.0 7.13239090348 0.0
57848.2122917 7.24127060674 0.0 7.24127060674 0.0
57848.212338 7.31532637686 0.0 7.31532637686 0.0
57848.2124074 7.17628037356 0.0 7.17628037356 0.0
57848.2124537 6.98684478144 0.0 6.98684478144 0.0
57848.2125 6.98484072832 0.0 6.98484072832 0.0
57848.2125463 7.01049213679 0.0 7.01049213679 0.0
57848.2126157 7.02872676948 0.0 7.02872676948 0.0
57848.212662 6.92928567747 0.0 6.92928567747 0.0
57848.2127083 6.96570168755 0.0 6.96570168755 0.0
57848.2127546 7.07947738184 0.0 7.07947738184 0.0
57848.2128241 7.05563604504 0.0 7.05563604504 0.0
57848.2128704 6.99949998214 0.0 6.99949998214 0.0
57848.2129282 7.05896592994 0.0 7.05896592994 0.0
57848.212963 7.05464386061 0.0 7.05464386061 0.0
57848.213044 6.97294772675 0.0 6.97294772675 0.0
57848.2130787 7.0053550945 0.0 7.0053550945 0.0
57848.2131366 6.99735664376 0.0 6.99735664376 0.0
57848.2131829 7.03000711237 0.0 7.03000711237 0.0
57848.2216088 7.18331399843 0.0 7.18331399843 0.0
57848.2216435 7.087383156 0.0 7.087383156 0.0
57848.2216898 7.21124122464 0.0 7.21124122464 0.0
57848.2217477 7.19527622819 0.0 7.19527622819 0.0
57848.2218171 7.07354225265 0.0 7.07354225265 0.0
57848.2218634 6.99871416762 0.0 6.99871416762 0.0
57848.2218981 6.99414040465 0.0 6.99414040465 0.0
57848.221956 7.04109366505 0.0 7.04109366505 0.0
57848.2220255 6.95758578819 0.0 6.95758578819 0.0
57848.2220718 6.92083809954 0.0 6.92083809954 0.0
57848.2221181 6.93238775603 0.0 6.93238775603 0.0
57848.2221644 6.93527216481 0.0 6.93527216481 0.0
57848.2222338 6.93116151882 0.0 6.93116151882 0.0
57848.2222801 6.93426275822 0.0 6.93426275822 0.0
57848.2223264 6.94701374693 0.0 6.94701374693 0.0
57848.2223727 6.96239901183 0.0 6.96239901183 0.0
57848.2224421 6.94507019403 0.0 6.94507019403 0.0
57848.2224884 6.97674709302 0.0 6.97674709302 0.0
57848.2225347 6.99535560211 0.0 6.99535560211 0.0
57848.222581 6.98011461224 0.0 6.98011461224 0.0
57848.2226505 7.04272674466 0.0 7.04272674466 0.0
57848.2226968 7.11132898972 0.0 7.11132898972 0.0
57848.2227546 7.02822879537 0.0 7.02822879537 0.0
57848.2227894 6.94262198308 0.0 6.94262198308 0.0
57848.2228588 7.04655944415 0.0 7.04655944415 0.0
57848.2229051 7.44143803307 0.0 7.44143803307 0.0
57848.222963 7.27096967398 0.0 7.27096967398 0.0
57848.2230093 7.01769192826 0.0 7.01769192826 0.0
57848.2230787 7.02132466134 0.0 7.02132466134 0.0
57848.223125 7.13007713843 0.0 7.13007713843 0.0
57848.2231713 7.15898037433 0.0 7.15898037433 0.0
57848.2232176 7.25237892005 0.0 7.25237892005 0.0
57848.223287 7.16372807971 0.0 7.16372807971 0.0
57848.2233333 7.02616538376 0.0 7.02616538376 0.0
57848.2233796 7.04897155619 0.0 7.04897155619 0.0
57848.2234259 7.03000711237 0.0 7.03000711237 0.0
57848.2234954 7.06519638793 0.0 7.06519638793 0.0
57848.2235417 6.9979997142 0.0 6.9979997142 0.0
57848.223588 7.00478407947 0.0 7.00478407947 0.0
57848.2236343 7.06293140275 0.0 7.06293140275 0.0
57848.2237037 7.24451516666 0.0 7.24451516666 0.0
57848.22375 7.21193455322 0.0 7.21193455322 0.0
57848.2237963 7.24679239388 0.0 7.24679239388 0.0
57848.2238426 7.21997229912 0.0 7.21997229912 0.0
57848.223912 7.03142944215 0.0 7.03142944215 0.0
57848.2239699 6.9929964965 0.0 6.9929964965 0.0
57848.2240162 6.99749955341 0.0 6.99749955341 0.0
57848.2240509 7.01505523856 0.0 7.01505523856 0.0
57848.2241204 7.11744336121 0.0 7.11744336121 0.0
57848.2241782 7.11751361081 0.0 7.11751361081 0.0
57848.2242245 7.16407705151 0.0 7.16407705151 0.0
57848.2242708 7.52030584484 0.0 7.52030584484 0.0
57848.2243403 7.06470098447 0.0 7.06470098447 0.0
57848.2243866 7.09830965794 0.0 7.09830965794 0.0
57848.2244329 7.09041606678 0.0 7.09041606678 0.0
57848.2244792 7.09464586854 0.0 7.09464586854 0.0
57848.2245486 7.18644557483 0.0 7.18644557483 0.0
57848.2245949 7.03924711883 0.0 7.03924711883 0.0
57848.2246412 7.12692079372 0.0 7.12692079372 0.0
57848.2246875 7.12853421118 0.0 7.12853421118 0.0
57848.2247569 7.02943809988 0.0 7.02943809988 0.0
57848.2248032 7.09591431741 0.0 7.09591431741 0.0
57848.2248495 7.1157571628 0.0 7.1157571628 0.0
57848.2249074 7.13659582714 0.0 7.13659582714 0.0
57848.2249769 7.0389629918 0.0 7.0389629918 0.0
57848.2250116 7.01170450033 0.0 7.01170450033 0.0
57848.2250579 7.06314377597 0.0 7.06314377597 0.0
57848.2251157 7.20423486569 0.0 7.20423486569 0.0
57848.2251852 7.22675584201 0.0 7.22675584201 0.0
57848.2252315 7.10619448087 0.0 7.10619448087 0.0
57848.2252662 7.08985190254 0.0 7.08985190254 0.0
57848.2253241 7.05747830319 0.0 7.05747830319 0.0
57848.2253935 6.96519920749 0.0 6.96519920749 0.0
57848.2254398 7.19659641775 0.0 7.19659641775 0.0
57848.2254861 7.24837912916 0.0 7.24837912916 0.0
57848.2255324 7.26636084983 0.0 7.26636084983 0.0
57848.2256019 7.05315532227 0.0 7.05315532227 0.0
57848.2256481 7.05216278882 0.0 7.05216278882 0.0
57848.2256944 7.00114276386 0.0 7.00114276386 0.0
57848.2257407 7.04009943112 0.0 7.04009943112 0.0
57848.2258102 7.03064719638 0.0 7.03064719638 0.0
57848.2258565 7.03448647735 0.0 7.03448647735 0.0
57848.2259028 7.0374000881 0.0 7.0374000881 0.0
57848.2259491 7.02723274127 0.0 7.02723274127 0.0
57848.2260185 6.97846688034 0.0 6.97846688034 0.0
57848.2260648 7.00977888382 0.0 7.00977888382 0.0
57848.2261227 7.04059656563 0.0 7.04059656563 0.0
57848.2261574 7.03796845688 0.0 7.03796845688 0.0
57848.2262384 7.00292795908 0.0 7.00292795908 0.0
57848.2262731 7.09401155905 0.0 7.09401155905 0.0
57848.226331 7.06852176908 0.0 7.06852176908 0.0
57848.2263773 6.98548495095 0.0 6.98548495095 0.0
57848.2348032 7.21456859417 0.0 7.21456859417 0.0
57848.234838 7.18686301525 0.0 7.18686301525 0.0
57848.2348843 7.08759479654 0.0 7.08759479654 0.0
57848.2349421 7.23069844483 0.0 7.23069844483 0.0
57848.2350116 7.30691453351 0.0 7.30691453351 0.0
57848.2350579 7.27165730766 0.0 7.27165730766 0.0
57848.2350926 7.33423479308 0.0 7.33423479308 0.0
57848.2351505 7.34057218478 0.0 7.34057218478 0.0
57848.2352199 7.29801342832 0.0 7.29801342832 0.0
57848.2352662 7.22315720444 0.0 7.22315720444 0.0
57848.2353125 7.28704329615 0.0 7.28704329615 0.0
57848.2353588 7.19604057798 0.0 7.19604057798 0.0
57848.2354282 7.26890638267 0.0 7.26890638267 0.0
57848.2354745 7.25279256563 0.0 7.25279256563 0.0
57848.2355208 7.1822698362 0.0 7.1822698362 0.0
57848.2355671 7.15842161374 0.0 7.15842161374 0.0
57848.2356366 7.0878769741 0.0 7.0878769741 0.0
57848.2356829 7.1630300851 0.0 7.1630300851 0.0
57848.2357292 7.38322422794 0.0 7.38322422794 0.0
57848.2357755 7.45446175119 0.0 7.45446175119 0.0
57848.2358449 7.13834714762 0.0 7.13834714762 0.0
57848.2358912 7.28608262374 0.0 7.28608262374 0.0
57848.2359491 7.43706931526 0.0 7.43706931526 0.0
57848.2359838 7.41039809997 0.0 7.41039809997 0.0
57848.2360532 7.17906679172 0.0 7.17906679172 0.0
57848.2360995 7.14170847907 0.0 7.14170847907 0.0
57848.2361574 7.15632587296 0.0 7.15632587296 0.0
57848.2362037 7.09090967366 0.0 7.09090967366 0.0
57848.2362731 7.07919486947 0.0 7.07919486947 0.0
57848.2363194 7.1718895697 0.0 7.1718895697 0.0
57848.2363657 7.31286537549 0.0 7.31286537549 0.0
57848.236412 7.37990514844 0.0 7.37990514844 0.0
57848.2364815 7.22620232211 0.0 7.22620232211 0.0
57848.2365278 7.04840407468 0.0 7.04840407468 0.0
57848.2365741 7.07396635559 0.0 7.07396635559 0.0
57848.2366204 7.10394256734 0.0 7.10394256734 0.0
57848.2366898 7.18957578721 0.0 7.18957578721 0.0
57848.2367361 7.2534819225 0.0 7.2534819225 0.0
57848.2367824 7.2494137694 0.0 7.2494137694 0.0
57848.2368287 7.22993775907 0.0 7.22993775907 0.0
57848.2368981 7.09464586854 0.0 7.09464586854 0.0
57848.2369444 7.09647799968 0.0 7.09647799968 0.0
57848.2369907 7.07658109542 0.0 7.07658109542 0.0
57848.237037 7.11217266382 0.0 7.11217266382 0.0
57848.2371065 7.16812388286 0.0 7.16812388286 0.0
57848.2371644 7.2 0.0 7.2 0.0
57848.2372106 7.13561489992 0.0 7.13561489992 0.0
57848.2372454 7.10513898527 0.0 7.10513898527 0.0
57848.2373148 7.04435944568 0.0 7.04435944568 0.0
57848.2373727 7.12179752591 0.0 7.12179752591 0.0
57848.237419 7.20381843192 0.0 7.20381843192 0.0
57848.2374653 7.16693797936 0.0 7.16693797936 0.0
57848.2375347 7.1083050019 0.0 7.1083050019 0.0
57848.237581 7.17941501795 0.0 7.17941501795 0.0
57848.2376273 7.43538835569 0.0 7.43538835569 0.0
57848.2376736 7.7300064683 0.0 7.7300064683 0.0
57848.2377431 7.33539364997 0.0 7.33539364997 0.0
57848.2377894 7.19346926038 0.0 7.19346926038 0.0
57848.2378356 7.22903866361 0.0 7.22903866361 0.0
57848.2378819 7.21817151362 0.0 7.21817151362 0.0
57848.2379514 7.13715629645 0.0 7.13715629645 0.0
57848.2379977 7.04769465854 0.0 7.04769465854 0.0
57848.238044 7.09175577696 0.0 7.09175577696 0.0
57848.2381019 7.14345854611 0.0 7.14345854611 0.0
57848.2381713 7.18129514781 0.0 7.18129514781 0.0
57848.238206 7.26931908778 0.0 7.26931908778 0.0
57848.2382523 7.20742672526 0.0 7.20742672526 0.0
57848.2383102 7.12390342439 0.0 7.12390342439 0.0
57848.2383796 7.12671032104 0.0 7.12671032104 0.0
57848.2384259 7.27255113423 0.0 7.27255113423 0.0
57848.2384606 7.36729258276 0.0 7.36729258276 0.0
57848.2385185 7.32488907766 0.0 7.32488907766 0.0
57848.238588 7.11554635991 0.0 7.11554635991 0.0
57848.2386343 7.12235915972 0.0 7.12235915972 0.0
57848.2386806 7.19527622819 0.0 7.19527622819 0.0
57848.2387269 7.20340197407 0.0 7.20340197407 0.0
57848.2387963 7.18853253453 0.0 7.18853253453 0.0
57848.2388426 7.12432452939 0.0 7.12432452939 0.0
57848.2388889 7.17767371786 0.0 7.17767371786 0.0
57848.2389352 7.2823759859 0.0 7.2823759859 0.0
57848.2390046 7.36844624056 0.0 7.36844624056 0.0
57848.2390509 7.16533320928 0.0 7.16533320928 0.0
57848.2390972 7.08265486947 0.0 7.08265486947 0.0
57848.2391435 7.0463465711 0.0 7.0463465711 0.0
57848.239213 7.13827710306 0.0 7.13827710306 0.0
57848.2392593 7.27179482659 0.0 7.27179482659 0.0
57848.2393171 7.39655325135 0.0 7.39655325135 0.0
57848.2393519 7.3608423431 0.0 7.3608423431 0.0
57848.2394329 7.16023742623 0.0 7.16023742623 0.0
57848.2394676 7.06717765448 0.0 7.06717765448 0.0
57848.2395255 7.09915487928 0.0 7.09915487928 0.0
57848.2395718 7.1043648555 0.0 7.1043648555 0.0
57848.2479977 7.40310745566 0.0 7.40310745566 0.0
57848.2480324 7.46699404044 0.0 7.46699404044 0.0
57848.2480787 8.18009779893 0.0 8.18009779893 0.0
57848.2481366 8.49682293566 0.0 8.49682293566 0.0
57848.248206 7.83370921084 0.0 7.83370921084 0.0
57848.2482523 8.13308059717 0.0 8.13308059717 0.0
57848.248287 7.6183987819 0.0 7.6183987819 0.0
57848.2483449 7.17279582868 0.0 7.17279582868 0.0
57848.2484144 7.21560808248 0.0 7.21560808248 0.0
57848.2484606 7.2818266939 0.0 7.2818266939 0.0
57848.2485069 7.23215044091 0.0 7.23215044091 0.0
57848.2485532 7.32393336944 0.0 7.32393336944 0.0
57848.2486227 7.33409844494 0.0 7.33409844494 0.0
57848.248669 7.15220245798 0.0 7.15220245798 0.0
57848.2487153 7.16540298936 0.0 7.16540298936 0.0
57848.2487616 7.25403336083 0.0 7.25403336083 0.0
57848.248831 7.14275857075 0.0 7.14275857075 0.0
57848.2488773 7.18769782336 0.0 7.18769782336 0.0
57848.2489236 7.39648565198 0.0 7.39648565198 0.0
57848.2489699 7.50752955372 0.0 7.50752955372 0.0
57848.2490394 7.38796318345 0.0 7.38796318345 0.0
57848.2490856 7.05237548632 0.0 7.05237548632 0.0
57848.2491435 7.01683689421 0.0 7.01683689421 0.0
57848.2491782 7.03874988901 0.0 7.03874988901 0.0
57848.2492477 7.08124282877 0.0 7.08124282877 0.0
57848.249294 7.2990410329 0.0 7.2990410329 0.0
57848.2493519 7.30896709529 0.0 7.30896709529 0.0
57848.2493981 7.23408598235 0.0 7.23408598235 0.0
57848.2494676 7.07170417933 0.0 7.07170417933 0.0
57848.2495139 7.19312171453 0.0 7.19312171453 0.0
57848.2495602 7.31710325197 0.0 7.31710325197 0.0
57848.2496065 7.4445281919 0.0 7.4445281919 0.0
57848.2496759 7.14758700542 0.0 7.14758700542 0.0
57848.2497222 7.03043384152 0.0 7.03043384152 0.0
57848.2497685 7.04244275802 0.0 7.04244275802 0.0
57848.2498148 7.06675314412 0.0 7.06675314412 0.0
57848.2498843 7.0707849635 0.0 7.0707849635 0.0
57848.2499306 7.01484140947 0.0 7.01484140947 0.0
57848.2499769 7.03519722538 0.0 7.03519722538 0.0
57848.2500231 7.10816431999 0.0 7.10816431999 0.0
57848.2500926 7.02103980903 0.0 7.02103980903 0.0
57848.2501389 7.0239589976 0.0 7.0239589976 0.0
57848.2501852 7.03349130944 0.0 7.03349130944 0.0
57848.2502315 7.10450561264 0.0 7.10450561264 0.0
57848.2503009 7.18122552215 0.0 7.18122552215 0.0
57848.2503588 7.05202098692 0.0 7.05202098692 0.0
57848.2504051 7.00878020771 0.0 7.00878020771 0.0
57848.2504398 7.02552489142 0.0 7.02552489142 0.0
57848.2505093 7.11294594384 0.0 7.11294594384 0.0
57848.2505671 7.17412015511 0.0 7.17412015511 0.0
57848.2506134 7.09570292501 0.0 7.09570292501 0.0
57848.2506597 7.03114499922 0.0 7.03114499922 0.0
57848.2507292 7.04953899202 0.0 7.04953899202 0.0
57848.2507755 7.02111102319 0.0 7.02111102319 0.0
57848.2508218 7.03270929301 0.0 7.03270929301 0.0
57848.2508681 7.08731260775 0.0 7.08731260775 0.0
57848.2509375 7.07007779307 0.0 7.07007779307 0.0
57848.2509838 7.48110954338 0.0 7.48110954338 0.0
57848.2510301 7.25982093443 0.0 7.25982093443 0.0
57848.2510764 7.22038780122 0.0 7.22038780122 0.0
57848.2511458 7.29314746869 0.0 7.29314746869 0.0
57848.2511921 7.17216843082 0.0 7.17216843082 0.0
57848.2512384 7.31696658459 0.0 7.31696658459 0.0
57848.2512963 7.27777438507 0.0 7.27777438507 0.0
57848.2513657 7.20465127539 0.0 7.20465127539 0.0
57848.2514005 7.23367126707 0.0 7.23367126707 0.0
57848.2514468 7.17481707084 0.0 7.17481707084 0.0
57848.2515046 7.13421334136 0.0 7.13421334136 0.0
57848.2515741 7.1367359486 0.0 7.1367359486 0.0
57848.2516204 7.02232155345 0.0 7.02232155345 0.0
57848.2516551 7.04570791333 0.0 7.04570791333 0.0
57848.251713 7.06562099182 0.0 7.06562099182 0.0
57848.2517824 7.03690272776 0.0 7.03690272776 0.0
57848.2518287 7.01954414474 0.0 7.01954414474 0.0
57848.251875 7.0525881774 0.0 7.0525881774 0.0
57848.2519213 7.05960338829 0.0 7.05960338829 0.0
57848.2519907 6.9969278973 0.0 6.9969278973 0.0
57848.252037 7.01975783058 0.0 7.01975783058 0.0
57848.2520833 7.0437915926 0.0 7.0437915926 0.0
57848.2521296 7.04705612295 0.0 7.04705612295 0.0
57848.2521991 7.07502650172 0.0 7.07502650172 0.0
57848.2522454 7.06654087938 0.0 7.06654087938 0.0
57848.2522917 7.05932008057 0.0 7.05932008057 0.0
57848.252338 7.0637808573 0.0 7.0637808573 0.0
57848.2524074 7.17230785731 0.0 7.17230785731 0.0
57848.2524537 7.09415252162 0.0 7.09415252162 0.0
57848.2525116 7.08053670282 0.0 7.08053670282 0.0
57848.2525463 7.09394107672 0.0 7.09394107672 0.0
57848.2526273 7.12460525222 0.0 7.12460525222 0.0
57848.252662 7.15017482304 0.0 7.15017482304 0.0
57848.2527199 7.18853253453 0.0 7.18853253453 0.0
57848.2527662 7.24361788059 0.0 7.24361788059 0.0
57848.2639699 7.1246754312 0.0 7.1246754312 0.0
57848.2640046 7.21373689567 0.0 7.21373689567 0.0
57848.2640509 7.20222187939 0.0 7.20222187939 0.0
57848.2641088 7.28045328259 0.0 7.28045328259 0.0
57848.2641782 7.20312432213 0.0 7.20312432213 0.0
57848.2642245 7.14779686337 0.0 7.14779686337 0.0
57848.2642593 7.13533461023 0.0 7.13533461023 0.0
57848.2643171 7.10344986609 0.0 7.10344986609 0.0
57848.2643866 7.10577230145 0.0 7.10577230145 0.0
57848.2644329 7.07742891169 0.0 7.07742891169 0.0
57848.2644792 7.06441788118 0.0 7.06441788118 0.0
57848.2645255 7.12748202383 0.0 7.12748202383 0.0
57848.2645949 7.14219854107 0.0 7.14219854107 0.0
57848.2646412 7.1056315694 0.0 7.1056315694 0.0
57848.2646875 7.13330218062 0.0 7.13330218062 0.0
57848.2647338 7.18992350446 0.0 7.18992350446 0.0
57848.2648032 7.34356861478 0.0 7.34356861478 0.0
57848.2648495 7.16037708504 0.0 7.16037708504 0.0
57848.2648958 7.20839788025 0.0 7.20839788025 0.0
57848.2649421 7.21907196252 0.0 7.21907196252 0.0
57848.2650116 7.16135462046 0.0 7.16135462046 0.0
57848.2650579 7.31204485763 0.0 7.31204485763 0.0
57848.2651157 7.41208472698 0.0 7.41208472698 0.0
57848.2651505 7.31464284842 0.0 7.31464284842 0.0
57848.2652199 7.29945203423 0.0 7.29945203423 0.0
57848.2652662 7.20714922837 0.0 7.20714922837 0.0
57848.2653241 7.21671670498 0.0 7.21671670498 0.0
57848.2653704 7.17941501795 0.0 7.17941501795 0.0
57848.2654398 7.18073812362 0.0 7.18073812362 0.0
57848.2654861 7.27406351361 0.0 7.27406351361 0.0
57848.2655324 7.28333714721 0.0 7.28333714721 0.0
57848.2655787 7.25230997683 0.0 7.25230997683 0.0
57848.2656481 7.1843580089 0.0 7.1843580089 0.0
57848.2656944 7.17530487157 0.0 7.17530487157 0.0
57848.2657407 7.09985915353 0.0 7.09985915353 0.0
57848.265787 7.13112894288 0.0 7.13112894288 0.0
57848.2658565 7.09203778896 0.0 7.09203778896 0.0
57848.2659028 7.09577338984 0.0 7.09577338984 0.0
57848.2659491 7.11364885273 0.0 7.11364885273 0.0
57848.2659954 7.11765410792 0.0 7.11765410792 0.0
57848.2660648 7.10788294783 0.0 7.10788294783 0.0
57848.2661111 7.20721860359 0.0 7.20721860359 0.0
57848.2661574 7.17056483131 0.0 7.17056483131 0.0
57848.2662037 7.1519927293 0.0 7.1519927293 0.0
57848.2662731 7.13827710306 0.0 7.13827710306 0.0
57848.266331 7.08985190254 0.0 7.08985190254 0.0
57848.2663773 7.09661891326 0.0 7.09661891326 0.0
57848.266412 7.10492786733 0.0 7.10492786733 0.0
57848.2664815 7.11884822145 0.0 7.11884822145 0.0
57848.2665394 7.13098871125 0.0 7.13098871125 0.0
57848.2665856 7.1409383137 0.0 7.1409383137 0.0
57848.2666319 7.14170847907 0.0 7.14170847907 0.0
57848.2667014 7.14744709669 0.0 7.14744709669 0.0
57848.2667477 7.15353059685 0.0 7.15353059685 0.0
57848.266794 7.17823097984 0.0 7.17823097984 0.0
57848.2668403 7.1810862688 0.0 7.1810862688 0.0
57848.2669097 7.2470683728 0.0 7.2470683728 0.0
57848.266956 7.27351359386 0.0 7.27351359386 0.0
57848.2670023 7.17927572949 0.0 7.17927572949 0.0
57848.2670486 7.16351868847 0.0 7.16351868847 0.0
57848.2671181 7.14373851705 0.0 7.14373851705 0.0
57848.2671644 7.1891585043 0.0 7.1891585043 0.0
57848.2672106 7.21200388242 0.0 7.21200388242 0.0
57848.2672685 7.15038460504 0.0 7.15038460504 0.0
57848.267338 7.13498423264 0.0 7.13498423264 0.0
57848.2673727 7.09767567588 0.0 7.09767567588 0.0
57848.267419 7.08632485849 0.0 7.08632485849 0.0
57848.2674769 7.10007042219 0.0 7.10007042219 0.0
57848.2675463 7.16449579524 0.0 7.16449579524 0.0
57848.2675926 7.16735655594 0.0 7.16735655594 0.0
57848.2676273 7.21865638467 0.0 7.21865638467 0.0
57848.2676852 7.23270350561 0.0 7.23270350561 0.0
57848.2677546 7.18741956477 0.0 7.18741956477 0.0
57848.2678009 7.30102732497 0.0 7.30102732497 0.0
57848.2678472 7.55976190101 0.0 7.55976190101 0.0
57848.2678935 7.46143417849 0.0 7.46143417849 0.0
57848.267963 7.19597109499 0.0 7.19597109499 0.0
57848.2680093 7.39837820066 0.0 7.39837820066 0.0
57848.2680556 7.5496357528 0.0 7.5496357528 0.0
57848.2681019 7.74299683585 0.0 7.74299683585 0.0
57848.2681713 7.32461603089 0.0 7.32461603089 0.0
57848.2682176 7.29568365542 0.0 7.29568365542 0.0
57848.2682639 7.36396632257 0.0 7.36396632257 0.0
57848.2683102 7.48311432493 0.0 7.48311432493 0.0
57848.2683796 7.25906330045 0.0 7.25906330045 0.0
57848.2684259 7.16686821422 0.0 7.16686821422 0.0
57848.2684838 7.18985396236 0.0 7.18985396236 0.0
57848.2685185 7.17405045982 0.0 7.17405045982 0.0
57848.2685995 7.12923558315 0.0 7.12923558315 0.0
57848.2686343 7.16107533824 0.0 7.16107533824 0.0
57848.2686921 7.16268106228 0.0 7.16268106228 0.0
57848.2687384 7.16917010539 0.0 7.16917010539 0.0
57848.2771644 7.22038780122 0.0 7.22038780122 0.0
57848.2771991 7.24920685317 0.0 7.24920685317 0.0
57848.2772454 7.27035074807 0.0 7.27035074807 0.0
57848.2773032 7.27612534252 0.0 7.27612534252 0.0
57848.2773727 7.27942305406 0.0 7.27942305406 0.0
57848.277419 7.1921484968 0.0 7.1921484968 0.0
57848.2774537 7.26594797669 0.0 7.26594797669 0.0
57848.2775116 7.51777892732 0.0 7.51777892732 0.0
57848.277581 7.58353479586 0.0 7.58353479586 0.0
57848.2776273 7.41060051548 0.0 7.41060051548 0.0
57848.2776736 7.42792030113 0.0 7.42792030113 0.0
57848.2777199 7.41990565978 0.0 7.41990565978 0.0
57848.2777894 7.33655232381 0.0 7.33655232381 0.0
57848.2778356 7.62830256348 0.0 7.62830256348 0.0
57848.2778819 7.70966925361 0.0 7.70966925361 0.0
57848.2779282 7.59012516366 0.0 7.59012516366 0.0
57848.2779977 7.44137084145 0.0 7.44137084145 0.0
57848.278044 7.38139553201 0.0 7.38139553201 0.0
57848.2780903 7.33075712324 0.0 7.33075712324 0.0
57848.2781366 7.51744637493 0.0 7.51744637493 0.0
57848.278206 7.58722610708 0.0 7.58722610708 0.0
57848.2782523 7.42691052861 0.0 7.42691052861 0.0
57848.2783102 7.41080292546 0.0 7.41080292546 0.0
57848.2783449 7.429266451 0.0 7.429266451 0.0
57848.2784144 7.69551817619 0.0 7.69551817619 0.0
57848.2784606 8.0343014631 0.0 8.0343014631 0.0
57848.2785185 8.00862035559 0.0 8.00862035559 0.0
57848.2785648 7.63374089159 0.0 7.63374089159 0.0
57848.2786343 7.54976820836 0.0 7.54976820836 0.0
57848.2786806 7.97790699369 0.0 7.97790699369 0.0
57848.2787269 8.27888881433 0.0 8.27888881433 0.0
57848.2787731 8.42252931132 0.0 8.42252931132 0.0
57848.2788426 8.13455591904 0.0 8.13455591904 0.0
57848.2788889 7.41700748281 0.0 7.41700748281 0.0
57848.2789352 7.47736584634 0.0 7.47736584634 0.0
57848.2789815 7.41073545608 0.0 7.41073545608 0.0
57848.2790509 7.53133454309 0.0 7.53133454309 0.0
57848.2790972 7.38275016508 0.0 7.38275016508 0.0
57848.2791435 7.26780572112 0.0 7.26780572112 0.0
57848.2791898 7.29691715727 0.0 7.29691715727 0.0
57848.2792593 7.37014246809 0.0 7.37014246809 0.0
57848.2793056 7.24582638489 0.0 7.24582638489 0.0
57848.2793519 7.39574201822 0.0 7.39574201822 0.0
57848.2793981 7.41761417169 0.0 7.41761417169 0.0
57848.2794676 7.29945203423 0.0 7.29945203423 0.0
57848.2795255 7.35180250007 0.0 7.35180250007 0.0
57848.2795718 7.36430580571 0.0 7.36430580571 0.0
57848.2796065 7.32331891972 0.0 7.32331891972 0.0
57848.2796759 7.26725532784 0.0 7.26725532784 0.0
57848.2797338 7.29835597926 0.0 7.29835597926 0.0
57848.2797801 7.2373337632 0.0 7.2373337632 0.0
57848.2798264 7.22011080247 0.0 7.22011080247 0.0
57848.2798958 7.23360214554 0.0 7.23360214554 0.0
57848.2799421 7.33416661932 0.0 7.33416661932 0.0
57848.2799884 7.34145762094 0.0 7.34145762094 0.0
57848.2800347 7.33034787715 0.0 7.33034787715 0.0
57848.2801042 7.23138990789 0.0 7.23138990789 0.0
57848.2801505 7.30376615179 0.0 7.30376615179 0.0
57848.2801968 7.34499829816 0.0 7.34499829816 0.0
57848.2802431 7.33764267323 0.0 7.33764267323 0.0
57848.2803125 7.29657453878 0.0 7.29657453878 0.0
57848.2803588 7.20076384837 0.0 7.20076384837 0.0
57848.2804051 7.21761733538 0.0 7.21761733538 0.0
57848.280463 7.24458418406 0.0 7.24458418406 0.0
57848.2805324 7.28944442327 0.0 7.28944442327 0.0
57848.2805671 7.33730195644 0.0 7.33730195644 0.0
57848.2806134 7.31136102241 0.0 7.31136102241 0.0
57848.2806713 7.25203419738 0.0 7.25203419738 0.0
57848.2807407 7.24879300298 0.0 7.24879300298 0.0
57848.280787 7.21602383588 0.0 7.21602383588 0.0
57848.2808218 7.24272048335 0.0 7.24272048335 0.0
57848.2808796 7.24555035867 0.0 7.24555035867 0.0
57848.2809491 7.36756404791 0.0 7.36756404791 0.0
57848.2809954 7.44580418759 0.0 7.44580418759 0.0
57848.2810417 7.4008107664 0.0 7.4008107664 0.0
57848.281088 7.25279256563 0.0 7.25279256563 0.0
57848.2811574 7.15415962919 0.0 7.15415962919 0.0
57848.2812037 7.27021320183 0.0 7.27021320183 0.0
57848.28125 7.36708897734 0.0 7.36708897734 0.0
57848.2812963 7.35200652883 0.0 7.35200652883 0.0
57848.2813657 7.18080775401 0.0 7.18080775401 0.0
57848.281412 7.203610206 0.0 7.203610206 0.0
57848.2814583 7.25623869508 0.0 7.25623869508 0.0
57848.2815046 7.32249957323 0.0 7.32249957323 0.0
57848.2815741 7.21851785341 0.0 7.21851785341 0.0
57848.2816204 7.30739351616 0.0 7.30739351616 0.0
57848.2816782 7.45372390151 0.0 7.45372390151 0.0
57848.281713 7.50379903782 0.0 7.50379903782 0.0
57848.281794 7.52050530217 0.0 7.52050530217 0.0
57848.2818287 7.31553142294 0.0 7.31553142294 0.0
57848.2818866 1.46184814533 0.0 1.46184814533 0.0
57848.2819329 0.557673739744 0.0 0.557673739744 0.0
57848.2903588 7.4345813601 0.0 7.4345813601 0.0
57848.2903935 7.286494356 0.0 7.286494356 0.0
57848.2904398 7.25575633549 0.0 7.25575633549 0.0
57848.2904977 7.24058008726 0.0 7.24058008726 0.0
57848.2905671 7.21782515721 0.0 7.21782515721 0.0
57848.2906134 7.30178060476 0.0 7.30178060476 0.0
57848.2906481 7.38911361396 0.0 7.38911361396 0.0
57848.290706 7.47161294501 0.0 7.47161294501 0.0
57848.2907755 7.40972334166 0.0 7.40972334166 0.0
57848.2908218 7.29561512143 0.0 7.29561512143 0.0
57848.2908681 7.30855662905 0.0 7.30855662905 0.0
57848.2909144 7.39229328423 0.0 7.39229328423 0.0
57848.2909838 7.35649373003 0.0 7.35649373003 0.0
57848.2910301 7.5909156233 0.0 7.5909156233 0.0
57848.2910764 7.59802605944 0.0 7.59802605944 0.0
57848.2911227 7.50706334061 0.0 7.50706334061 0.0
57848.2911921 7.30287614574 0.0 7.30287614574 0.0
57848.2912384 7.29266755035 0.0 7.29266755035 0.0
57848.2912847 7.37929535931 0.0 7.37929535931 0.0
57848.291331 7.44399086512 0.0 7.44399086512 0.0
57848.2914005 7.49739954918 0.0 7.49739954918 0.0
57848.2914468 7.33212111193 0.0 7.33212111193 0.0
57848.2915046 7.28587674889 0.0 7.28587674889 0.0
57848.2915394 7.29328458241 0.0 7.29328458241 0.0
57848.2916088 7.21782515721 0.0 7.21782515721 0.0
57848.2916551 7.2478962465 0.0 7.2478962465 0.0
57848.291713 7.25603197347 0.0 7.25603197347 0.0
57848.2917593 7.263470245 0.0 7.263470245 0.0
57848.2918287 7.26333256846 0.0 7.26333256846 0.0
57848.291875 7.25065514281 0.0 7.25065514281 0.0
57848.2919213 7.27557557861 0.0 7.27557557861 0.0
57848.2919676 7.24099440685 0.0 7.24099440685 0.0
57848.292037 7.31081390818 0.0 7.31081390818 0.0
57848.2920833 7.26202451111 0.0 7.26202451111 0.0
57848.2921296 7.27000687758 0.0 7.27000687758 0.0
57848.2921759 7.28944442327 0.0 7.28944442327 0.0
57848.2922454 7.276812489 0.0 7.276812489 0.0
57848.2922917 7.27688120007 0.0 7.27688120007 0.0
57848.292338 7.28079665971 0.0 7.28079665971 0.0
57848.2923843 7.25086201772 0.0 7.25086201772 0.0
57848.2924537 7.28642573557 0.0 7.28642573557 0.0
57848.2925 7.36192909501 0.0 7.36192909501 0.0
57848.2925463 7.41498482804 0.0 7.41498482804 0.0
57848.2925926 7.39276673513 0.0 7.39276673513 0.0
57848.292662 7.29095329844 0.0 7.29095329844 0.0
57848.2927199 7.3231140917 0.0 7.3231140917 0.0
57848.2927662 7.42394773689 0.0 7.42394773689 0.0
57848.2928009 7.32932466193 0.0 7.32932466193 0.0
57848.2928704 7.28937583062 0.0 7.28937583062 0.0
57848.2929282 7.32966574954 0.0 7.32966574954 0.0
57848.2929745 7.26656727761 0.0 7.26656727761 0.0
57848.2930208 7.27784308707 0.0 7.27784308707 0.0
57848.2930903 7.38938427746 0.0 7.38938427746 0.0
57848.2931366 7.37983739658 0.0 7.37983739658 0.0
57848.2931829 7.40790118725 0.0 7.40790118725 0.0
57848.2932292 7.34819705778 0.0 7.34819705778 0.0
57848.2932986 7.40398541328 0.0 7.40398541328 0.0
57848.2933449 7.45379098178 0.0 7.45379098178 0.0
57848.2933912 7.48271341159 0.0 7.48271341159 0.0
57848.2934375 7.38755710638 0.0 7.38755710638 0.0
57848.2935069 7.32727780284 0.0 7.32727780284 0.0
57848.2935532 7.38782782691 0.0 7.38782782691 0.0
57848.2935995 7.36790336527 0.0 7.36790336527 0.0
57848.2936574 7.34350052768 0.0 7.34350052768 0.0
57848.2937269 7.31477955922 0.0 7.31477955922 0.0
57848.2937616 7.30924072664 0.0 7.30924072664 0.0
57848.2938079 7.32645889909 0.0 7.32645889909 0.0
57848.2938657 7.30013698502 0.0 7.30013698502 0.0
57848.2939352 7.28210134508 0.0 7.28210134508 0.0
57848.2939815 7.260234156 0.0 7.260234156 0.0
57848.2940162 7.27289488443 0.0 7.27289488443 0.0
57848.2940741 7.26326372921 0.0 7.26326372921 0.0
57848.2941435 7.32980218014 0.0 7.32980218014 0.0
57848.2941898 7.41532197548 0.0 7.41532197548 0.0
57848.2942361 7.39310489578 0.0 7.39310489578 0.0
57848.2942824 7.40769869798 0.0 7.40769869798 0.0
57848.2943519 7.36118197031 0.0 7.36118197031 0.0
57848.2943981 7.38918128076 0.0 7.38918128076 0.0
57848.2944444 7.38065037785 0.0 7.38065037785 0.0
57848.2944907 7.33143914931 0.0 7.33143914931 0.0
57848.2945602 7.2882096567 0.0 7.2882096567 0.0
57848.2946065 7.32529862872 0.0 7.32529862872 0.0
57848.2946528 7.35628982572 0.0 7.35628982572 0.0
57848.2946991 7.34288771533 0.0 7.34288771533 0.0
57848.2947685 7.31935789533 0.0 7.31935789533 0.0
57848.2948148 7.29698567903 0.0 7.29698567903 0.0
57848.2948727 7.30164365058 0.0 7.30164365058 0.0
57848.2949074 7.31785487694 0.0 7.31785487694 0.0
57848.2949884 7.28141469771 0.0 7.28141469771 0.0
57848.2950231 7.28395496966 0.0 7.28395496966 0.0
57848.295081 7.32379682951 0.0 7.32379682951 0.0
57848.2951273 7.39330778475 0.0 7.39330778475 0.0
57848.3111921 7.6084821088 0.0 7.6084821088 0.0
57848.3112269 7.54075593028 0.0 7.54075593028 0.0
57848.3112731 7.60420936061 0.0 7.60420936061 0.0
57848.311331 7.59657817705 0.0 7.59657817705 0.0
57848.3114005 7.51644862951 0.0 7.51644862951 0.0
57848.3114468 7.60236805213 0.0 7.60236805213 0.0
57848.3114815 7.72211111031 0.0 7.72211111031 0.0
57848.3115394 7.72062173662 0.0 7.72062173662 0.0
57848.3116088 7.71608709127 0.0 7.71608709127 0.0
57848.3116551 7.57449668295 0.0 7.57449668295 0.0
57848.3117014 7.55340982603 0.0 7.55340982603 0.0
57848.3117477 7.53790421802 0.0 7.53790421802 0.0
57848.3118171 7.49866654813 0.0 7.49866654813 0.0
57848.3118634 7.54294372245 0.0 7.54294372245 0.0
57848.3119097 7.57436465982 0.0 7.57436465982 0.0
57848.311956 7.67150571922 0.0 7.67150571922 0.0
57848.3120255 7.74848372264 0.0 7.74848372264 0.0
57848.3120718 7.5649190346 0.0 7.5649190346 0.0
57848.3121181 7.59717052593 0.0 7.59717052593 0.0
57848.3121644 7.6156417983 0.0 7.6156417983 0.0
57848.3122338 7.52668585767 0.0 7.52668585767 0.0
57848.3122801 7.5785222834 0.0 7.5785222834 0.0
57848.312338 7.59170600063 0.0 7.59170600063 0.0
57848.3123727 7.5789181286 0.0 7.5789181286 0.0
57848.3124421 7.53916440993 0.0 7.53916440993 0.0
57848.3124884 7.49159529072 0.0 7.49159529072 0.0
57848.3125463 7.51518462847 0.0 7.51518462847 0.0
57848.3125926 7.52675228767 0.0 7.52675228767 0.0
57848.312662 7.51458581693 0.0 7.51458581693 0.0
57848.3127083 7.50006666637 0.0 7.50006666637 0.0
57848.3127546 7.5297410314 0.0 7.5297410314 0.0
57848.3128009 7.55235062745 0.0 7.55235062745 0.0
57848.3128704 7.5909156233 0.0 7.5909156233 0.0
57848.3129167 7.5790500724 0.0 7.5790500724 0.0
57848.312963 7.57898410079 0.0 7.57898410079 0.0
57848.3130093 7.56709984076 0.0 7.56709984076 0.0
57848.3130787 7.56914790449 0.0 7.56914790449 0.0
57848.313125 7.61012483472 0.0 7.61012483472 0.0
57848.3131713 7.59427415886 0.0 7.59427415886 0.0
57848.3132176 7.62456556139 0.0 7.62456556139 0.0
57848.313287 7.68342371603 0.0 7.68342371603 0.0
57848.3133333 7.60144723063 0.0 7.60144723063 0.0
57848.3133796 7.59387911413 0.0 7.59387911413 0.0
57848.3134259 7.60552430803 0.0 7.60552430803 0.0
57848.3134954 7.6026311235 0.0 7.6026311235 0.0
57848.3135532 7.62017060176 0.0 7.62017060176 0.0
57848.3135995 7.69233384611 0.0 7.69233384611 0.0
57848.3136343 7.76466354712 0.0 7.76466354712 0.0
57848.3137037 7.72198161096 0.0 7.72198161096 0.0
57848.3137616 7.54373912592 0.0 7.54373912592 0.0
57848.3138079 1.14280357017 0.0 1.14280357017 0.0
57848.3138542 0.413521462563 0.0 0.413521462563 0.0
57848.3243866 8.26141634346 0.0 8.26141634346 0.0
57848.3244213 8.27852643893 0.0 8.27852643893 0.0
57848.3244676 8.2144385079 0.0 8.2144385079 0.0
57848.3245255 8.15039876325 0.0 8.15039876325 0.0
57848.3245949 8.05834970698 0.0 8.05834970698 0.0
57848.3246412 8.05785331214 0.0 8.05785331214 0.0
57848.3246759 8.06275387197 0.0 8.06275387197 0.0
57848.3247338 8.30283084255 0.0 8.30283084255 0.0
57848.3248032 8.7010918855 0.0 8.7010918855 0.0
57848.3248495 8.35954544219 0.0 8.35954544219 0.0
57848.3248958 8.29186348175 0.0 8.29186348175 0.0
57848.3249421 8.33018607235 0.0 8.33018607235 0.0
57848.3250116 8.07062575021 0.0 8.07062575021 0.0
57848.3250579 8.2888479296 0.0 8.2888479296 0.0
57848.3251042 8.16486374657 0.0 8.16486374657 0.0
57848.3251505 8.46268278975 0.0 8.46268278975 0.0
57848.3252199 8.33720576692 0.0 8.33720576692 0.0
57848.3252662 8.02608248151 0.0 8.02608248151 0.0
57848.3253125 8.14426178361 0.0 8.14426178361 0.0
57848.3253588 8.19914629702 0.0 8.19914629702 0.0
57848.3254282 8.0613894584 0.0 8.0613894584 0.0
57848.3254745 8.31528712673 0.0 8.31528712673 0.0
57848.3255324 8.46457323201 0.0 8.46457323201 0.0
57848.3255671 8.50382266984 0.0 8.50382266984 0.0
57848.3256366 8.0827594298 0.0 8.0827594298 0.0
57848.3256829 8.20609529557 0.0 8.20609529557 0.0
57848.3257407 8.28673639016 0.0 8.28673639016 0.0
57848.325787 8.63197544019 0.0 8.63197544019 0.0
57848.3258565 8.6715627196 0.0 8.6715627196 0.0
57848.3259028 7.99693691359 0.0 7.99693691359 0.0
57848.3259491 8.05164579449 0.0 8.05164579449 0.0
57848.3259954 8.11147335569 0.0 8.11147335569 0.0
57848.3260648 8.02957034965 0.0 8.02957034965 0.0
57848.3261111 7.93933246564 0.0 7.93933246564 0.0
57848.3261574 7.9649231007 0.0 7.9649231007 0.0
57848.3262037 8.07830427751 0.0 8.07830427751 0.0
57848.3262731 8.01648301938 0.0 8.01648301938 0.0
57848.3263194 7.99743708947 0.0 7.99743708947 0.0
57848.3263657 8.07570430365 0.0 8.07570430365 0.0
57848.326412 8.08306872419 0.0 8.08306872419 0.0
57848.3264815 8.13000615006 0.0 8.13000615006 0.0
57848.3265278 7.99237136274 0.0 7.99237136274 0.0
57848.3265741 7.96548805787 0.0 7.96548805787 0.0
57848.3266204 8.01429971988 0.0 8.01429971988 0.0
57848.3266898 8.00812087821 0.0 8.00812087821 0.0
57848.3267477 8.07688058597 0.0 8.07688058597 0.0
57848.326794 8.26873630006 0.0 8.26873630006 0.0
57848.3268287 8.43528304208 0.0 8.43528304208 0.0
57848.3268981 8.98209329722 0.0 8.98209329722 0.0
57848.326956 8.56002336445 0.0 8.56002336445 0.0
57848.3270023 8.67179335547 0.0 8.67179335547 0.0
57848.3270486 8.50975910352 0.0 8.50975910352 0.0
57848.337581 8.67669291839 0.0 8.67669291839 0.0
57848.3376157 8.58719977641 0.0 8.58719977641 0.0
57848.337662 8.71309359527 0.0 8.71309359527 0.0
57848.3377199 8.8424544104 0.0 8.8424544104 0.0
57848.3377894 8.65840631987 0.0 8.65840631987 0.0
57848.3378356 8.64904619019 0.0 8.64904619019 0.0
57848.3378704 8.850762679 0.0 8.850762679 0.0
57848.3379282 9.12754074217 0.0 9.12754074217 0.0
57848.3379977 8.71665073294 0.0 8.71665073294 0.0
57848.338044 8.62218069864 0.0 8.62218069864 0.0
57848.3380903 8.69758587195 0.0 8.69758587195 0.0
57848.3381366 8.49876461611 0.0 8.49876461611 0.0
57848.338206 8.6030227246 0.0 8.6030227246 0.0
57848.3382523 8.55762817608 0.0 8.55762817608 0.0
57848.3382986 8.57053090538 0.0 8.57053090538 0.0
57848.3383449 8.59709253178 0.0 8.59709253178 0.0
57848.3384144 8.50223500028 0.0 8.50223500028 0.0
57848.3384606 8.84528122786 0.0 8.84528122786 0.0
57848.3385069 8.80823478343 0.0 8.80823478343 0.0
57848.3385532 8.7595661993 0.0 8.7595661993 0.0
57848.3386227 8.94231513647 0.0 8.94231513647 0.0
57848.338669 8.57729561109 0.0 8.57729561109 0.0
57848.3387269 8.59901157111 0.0 8.59901157111 0.0
57848.3387616 8.71521657792 0.0 8.71521657792 0.0
57848.338831 8.61649580746 0.0 8.61649580746 0.0
57848.3388773 8.90746877626 0.0 8.90746877626 0.0
57848.3389352 8.76139258337 0.0 8.76139258337 0.0
57848.3389815 8.7521997235 0.0 8.7521997235 0.0
57848.3390509 8.77752812584 0.0 8.77752812584 0.0
57848.3390972 8.62988991819 0.0 8.62988991819 0.0
57848.3391435 8.67922807627 0.0 8.67922807627 0.0
57848.3391898 8.75528411875 0.0 8.75528411875 0.0
57848.3392593 8.63626076494 0.0 8.63626076494 0.0
57848.3393056 8.64262691547 0.0 8.64262691547 0.0
57848.3393519 8.66008083103 0.0 8.66008083103 0.0
57848.3393981 8.75596939236 0.0 8.75596939236 0.0
57848.3394676 8.82524787187 0.0 8.82524787187 0.0
57848.3395139 8.73029209133 0.0 8.73029209133 0.0
57848.3395602 8.69223791667 0.0 8.69223791667 0.0
57848.3396065 8.684584043 0.0 8.684584043 0.0
57848.3396759 8.69010932037 0.0 8.69010932037 0.0
57848.3397222 8.66758328486 0.0 8.66758328486 0.0
57848.3397685 8.72949024858 0.0 8.72949024858 0.0
57848.3398148 8.73252540792 0.0 8.73252540792 0.0
57848.3398843 8.61870059812 0.0 8.61870059812 0.0
57848.3399421 8.82587106183 0.0 8.82587106183 0.0
57848.3399884 8.86724308903 0.0 8.86724308903 0.0
57848.3400231 8.79869308477 0.0 8.79869308477 0.0
57848.3400926 8.68682911079 0.0 8.68682911079 0.0
57848.3401505 9.1110921409 0.0 9.1110921409 0.0
57848.3401968 9.03255224175 0.0 9.03255224175 0.0
57848.3402431 9.19488988515 0.0 9.19488988515 0.0
