57848.0222222 224.059361337 0.0 195.242107445 0.0
57848.0229167 224.464731271 0.0 195.268712624 0.0
57848.0236111 224.279510213 0.0 195.361802219 0.0
57848.0243056 223.966602334 0.0 195.089057253 0.0
57848.025 224.10572644 0.0 194.975855981 0.0
57848.0256944 224.233181043 0.0 195.381744219 0.0
57848.0263889 223.838995941 0.0 195.075742866 0.0
57848.0423611 263.985438402 0.0 230.555512092 0.0
57848.0430556 261.205994243 0.0 228.268468051 0.0
57848.04375 258.718118683 0.0 226.383194273 0.0
57848.0444444 258.250859618 0.0 226.46922901 0.0
57848.0451389 257.450032978 0.0 225.659207483 0.0
57848.0458333 254.859268525 0.0 223.955004757 0.0
57848.0465278 253.3823147 0.0 223.019421436 0.0
57848.0493056 249.263851235 0.0 219.302317574 0.0
57848.05 248.475873558 0.0 218.25756261 0.0
57848.0506944 248.183007466 0.0 218.138523843 0.0
57848.0513889 246.718726225 0.0 216.375095189 0.0
57848.0520833 246.666081665 0.0 216.573073358 0.0
57848.0527778 245.02849026 0.0 215.207541026 0.0
57848.0534722 244.625343008 0.0 214.845157168 0.0
57848.0763889 226.182319288 0.0 198.206241793 0.0
57848.0770833 225.325161869 0.0 197.727347365 0.0
57848.0777778 224.678702775 0.0 196.983749083 0.0
57848.0784722 224.238972712 0.0 196.495266127 0.0
57848.0791667 224.869370449 0.0 197.174851535 0.0
57848.0798611 224.406866113 0.0 196.719854867 0.0
57848.0805556 223.949205744 0.0 196.257186153 0.0
57848.0833333 221.652588818 0.0 194.194974991 0.0
57848.0840278 221.429828233 0.0 194.041098873 0.0
57848.0847222 221.447422742 0.0 194.168222687 0.0
57848.0854167 221.465015853 0.0 194.301947374 0.0
57848.0861111 221.007139804 0.0 193.498213019 0.0
57848.0868056 219.911434357 0.0 192.765249873 0.0
57848.0875 219.633697412 0.0 192.407846048 0.0
57848.09375 216.092813152 0.0 189.243195421 0.0
57848.0944444 215.515088211 0.0 188.431668003 0.0
57848.0951389 215.225644202 0.0 188.624549779 0.0
57848.0958333 214.66373583 0.0 187.734269232 0.0
57848.0965278 214.482161036 0.0 187.644316755 0.0
57848.0972222 214.354967164 0.0 187.277140283 0.0
57848.0979167 213.486822489 0.0 186.526694583 0.0
57848.1326389 207.245384389 0.0 180.569085962 0.0
57848.1333333 207.107475706 0.0 180.273961788 0.0
57848.1340278 206.98829881 0.0 180.461169691 0.0
57848.1347222 207.057304321 0.0 180.468366117 0.0
57848.1354167 206.636640746 0.0 179.963921348 0.0
57848.1361111 206.856497093 0.0 180.288369297 0.0
57848.1368056 206.284383203 0.0 179.740072067 0.0
57848.1569444 205.817975311 0.0 177.200451467 0.0
57848.1576389 205.70436484 0.0 177.1638027 0.0
57848.1583333 205.634905319 0.0 176.907048746 0.0
57848.1590278 205.748554144 0.0 177.244419984 0.0
57848.1597222 204.920003397 0.0 176.355602977 0.0
57848.1604167 205.148030178 0.0 176.37769391 0.0
57848.1611111 204.945352235 0.0 176.399782077 0.0
