57847.9382755 10.6932689109 0.0 10.6932689109 0.0
57847.9383102 10.9653545314 0.0 10.9653545314 0.0
57847.9383565 9.54437006827 0.0 9.54437006827 0.0
57847.9384144 8.80062497781 0.0 8.80062497781 0.0
57847.9384838 8.86938554805 0.0 8.86938554805 0.0
57847.9385301 8.82592771328 0.0 8.82592771328 0.0
57847.9385648 8.99727736596 0.0 8.99727736596 0.0
57847.9386227 9.18182988298 0.0 9.18182988298 0.0
57847.9386921 10.6729564789 0.0 10.6729564789 0.0
57847.9387384 13.6196916265 0.0 13.6196916265 0.0
57847.9387847 12.2024587686 0.0 12.2024587686 0.0
57847.938831 11.7751433112 0.0 11.7751433112 0.0
57847.9389005 10.9303705335 0.0 10.9303705335 0.0
57847.9389468 9.66457448624 0.0 9.66457448624 0.0
57847.9389931 9.37251300346 0.0 9.37251300346 0.0
57847.9390394 9.84601442209 0.0 9.84601442209 0.0
57847.9391088 10.7351292493 0.0 10.7351292493 0.0
57847.9391551 10.2653299996 0.0 10.2653299996 0.0
57847.9392014 8.90241540257 0.0 8.90241540257 0.0
57847.9392477 8.64713825494 0.0 8.64713825494 0.0
57847.9393171 8.52308629547 0.0 8.52308629547 0.0
57847.9393634 8.32550298781 0.0 8.32550298781 0.0
57847.9394213 9.04853579315 0.0 9.04853579315 0.0
57847.939456 11.6642187908 0.0 11.6642187908 0.0
57847.9395255 10.2982522789 0.0 10.2982522789 0.0
57847.9395718 10.1940178536 0.0 10.1940178536 0.0
57847.9396296 11.1337325278 0.0 11.1337325278 0.0
57847.9396759 11.1969192191 0.0 11.1969192191 0.0
57847.9397454 10.3585230607 0.0 10.3585230607 0.0
57847.9397917 8.48492781348 0.0 8.48492781348 0.0
57847.939838 10.3618048621 0.0 10.3618048621 0.0
57847.9398843 11.7688572088 0.0 11.7688572088 0.0
57847.9399537 11.3650780904 0.0 11.3650780904 0.0
57847.94 9.22567070733 0.0 9.22567070733 0.0
57847.9400463 8.96811016881 0.0 8.96811016881 0.0
57847.9400926 8.40589079158 0.0 8.40589079158 0.0
57847.940162 8.55102333057 0.0 8.55102333057 0.0
57847.9402083 8.98303957467 0.0 8.98303957467 0.0
57847.9402546 10.0160371405 0.0 10.0160371405 0.0
57847.9403009 12.0046657596 0.0 12.0046657596 0.0
57847.9403704 13.2845398867 0.0 13.2845398867 0.0
57847.9404167 10.2436321683 0.0 10.2436321683 0.0
57847.940463 10.8750172414 0.0 10.8750172414 0.0
57847.9405093 9.89878780457 0.0 9.89878780457 0.0
57847.9405787 8.75322797601 0.0 8.75322797601 0.0
57847.9406366 11.3765987887 0.0 11.3765987887 0.0
57847.9406829 13.8289912864 0.0 13.8289912864 0.0
57847.9407176 14.4683101985 0.0 14.4683101985 0.0
57847.940787 11.6120626936 0.0 11.6120626936 0.0
57847.9408449 10.432593158 0.0 10.432593158 0.0
57847.9408912 10.4309155878 0.0 10.4309155878 0.0
57847.9409375 9.29607444032 0.0 9.29607444032 0.0
57847.9410069 9.31015574521 0.0 9.31015574521 0.0
57847.9410532 11.963277143 0.0 11.963277143 0.0
57847.9410995 11.4393181615 0.0 11.4393181615 0.0
57847.9411458 10.1540139846 0.0 10.1540139846 0.0
57847.9412153 9.43546501239 0.0 9.43546501239 0.0
57847.9412616 11.1999553571 0.0 11.1999553571 0.0
57847.9413079 11.2875595237 0.0 11.2875595237 0.0
57847.9413542 9.20885443473 0.0 9.20885443473 0.0
57847.9414236 11.2144549578 0.0 11.2144549578 0.0
57847.9414699 14.0210912557 0.0 14.0210912557 0.0
57847.9415162 10.8962837702 0.0 10.8962837702 0.0
57847.9415741 10.2526581919 0.0 10.2526581919 0.0
57847.9416435 9.47359488262 0.0 9.47359488262 0.0
57847.9416782 9.19592300968 0.0 9.19592300968 0.0
57847.9417245 9.22474931909 0.0 9.22474931909 0.0
57847.9417824 9.81753533225 0.0 9.81753533225 0.0
57847.9418519 9.0719898589 0.0 9.0719898589 0.0
57847.9418981 9.3223923968 0.0 9.3223923968 0.0
57847.9419329 10.5048084228 0.0 10.5048084228 0.0
57847.9419907 11.1874930168 0.0 11.1874930168 0.0
57847.9420602 9.01254680986 0.0 9.01254680986 0.0
57847.9421065 8.82502124643 0.0 8.82502124643 0.0
57847.9421528 8.89887633356 0.0 8.89887633356 0.0
57847.9421991 9.02646110056 0.0 9.02646110056 0.0
57847.9422685 8.59790672199 0.0 8.59790672199 0.0
57847.9423148 9.31359221783 0.0 9.31359221783 0.0
57847.9423611 9.43148980808 0.0 9.43148980808 0.0
57847.9424074 9.60926636117 0.0 9.60926636117 0.0
57847.9424769 9.51330647041 0.0 9.51330647041 0.0
57847.9425231 9.54541774885 0.0 9.54541774885 0.0
57847.9425694 9.60577951027 0.0 9.60577951027 0.0
57847.9426157 9.05648938607 0.0 9.05648938607 0.0
57847.9426852 8.79215559462 0.0 8.79215559462 0.0
57847.9427315 8.82541783713 0.0 8.82541783713 0.0
57847.9427894 9.45695511251 0.0 9.45695511251 0.0
57847.9428241 9.88822532106 0.0 9.88822532106 0.0
57847.9429051 8.34787398084 0.0 8.34787398084 0.0
57847.9429398 10.0624549688 0.0 10.0624549688 0.0
57847.9429977 1.63523698588 0.0 1.63523698588 0.0
57847.943044 0.585662018574 0.0 0.585662018574 0.0
57847.9459144 10.2477802474 0.0 10.2477802474 0.0
57847.9459491 9.72136821646 0.0 9.72136821646 0.0
57847.9459954 10.0138404221 0.0 10.0138404221 0.0
57847.9460532 10.3405028891 0.0 10.3405028891 0.0
57847.9461227 9.32839750439 0.0 9.32839750439 0.0
57847.946169 8.55406336194 0.0 8.55406336194 0.0
57847.9462037 9.00705279212 0.0 9.00705279212 0.0
57847.9462616 9.49362944295 0.0 9.49362944295 0.0
57847.946331 9.12584242687 0.0 9.12584242687 0.0
57847.9463773 8.79431634637 0.0 8.79431634637 0.0
57847.9464236 9.37939230441 0.0 9.37939230441 0.0
57847.9464699 9.63696010161 0.0 9.63696010161 0.0
57847.9465394 8.93134928216 0.0 8.93134928216 0.0
57847.9465856 8.2690386382 0.0 8.2690386382 0.0
57847.9466319 8.8440375395 0.0 8.8440375395 0.0
57847.9466782 9.5146728793 0.0 9.5146728793 0.0
57847.9467477 9.11367104958 0.0 9.11367104958 0.0
57847.946794 8.45133125608 0.0 8.45133125608 0.0
57847.9468403 8.30626269751 0.0 8.30626269751 0.0
57847.9468866 8.45239610998 0.0 8.45239610998 0.0
57847.946956 8.29843358713 0.0 8.29843358713 0.0
57847.9470023 8.89617895503 0.0 8.89617895503 0.0
57847.9470602 8.92143486217 0.0 8.92143486217 0.0
57847.9470949 9.11235425123 0.0 9.11235425123 0.0
57847.9471644 9.6216942375 0.0 9.6216942375 0.0
57847.9472106 8.54107721543 0.0 8.54107721543 0.0
57847.9472685 8.55517387316 0.0 8.55517387316 0.0
57847.9473148 8.40725876847 0.0 8.40725876847 0.0
57847.9473843 8.43723888485 0.0 8.43723888485 0.0
57847.9474306 8.38349569094 0.0 8.38349569094 0.0
57847.9474769 8.2107855897 0.0 8.2107855897 0.0
57847.9475231 8.29578206078 0.0 8.29578206078 0.0
57847.9475926 8.3324666216 0.0 8.3324666216 0.0
57847.9476389 8.72335944462 0.0 8.72335944462 0.0
57847.9476852 9.1339476679 0.0 9.1339476679 0.0
57847.9477315 9.25829357927 0.0 9.25829357927 0.0
57847.9478009 8.49270275001 0.0 8.49270275001 0.0
57847.9478472 8.05158369515 0.0 8.05158369515 0.0
57847.9478935 8.55821243017 0.0 8.55821243017 0.0
57847.9479398 9.2870878105 0.0 9.2870878105 0.0
57847.9480093 9.36397351555 0.0 9.36397351555 0.0
57847.9480556 8.56288502784 0.0 8.56288502784 0.0
57847.9481019 8.36630145285 0.0 8.36630145285 0.0
57847.9481481 8.40285665711 0.0 8.40285665711 0.0
57847.9482176 8.65216735853 0.0 8.65216735853 0.0
57847.9482755 9.32534181679 0.0 9.32534181679 0.0
57847.9483218 9.50762851609 0.0 9.50762851609 0.0
57847.9483565 9.33675532506 0.0 9.33675532506 0.0
57847.9484259 8.14751495856 0.0 8.14751495856 0.0
57847.9484838 9.11454880946 0.0 9.11454880946 0.0
57847.9485301 8.88048422103 0.0 8.88048422103 0.0
57847.9485764 8.96292363016 0.0 8.96292363016 0.0
57847.9486458 8.26165842915 0.0 8.26165842915 0.0
57847.9486921 7.99687438941 0.0 7.99687438941 0.0
57847.9487384 8.08715030156 0.0 8.08715030156 0.0
57847.9487847 8.21571664555 0.0 8.21571664555 0.0
57847.9488542 8.11862057249 0.0 8.11862057249 0.0
57847.9489005 8.03703925585 0.0 8.03703925585 0.0
57847.9489468 8.11202810646 0.0 8.11202810646 0.0
57847.9489931 8.16663945574 0.0 8.16663945574 0.0
57847.9490625 8.04027362718 0.0 8.04027362718 0.0
57847.9491088 7.97389490776 0.0 7.97389490776 0.0
57847.9491551 8.11554064742 0.0 8.11554064742 0.0
57847.949213 8.23170699187 0.0 8.23170699187 0.0
57847.9492824 8.29590260309 0.0 8.29590260309 0.0
57847.9493171 8.37705198742 0.0 8.37705198742 0.0
57847.9493634 8.47301599196 0.0 8.47301599196 0.0
57847.9494213 8.21407328918 0.0 8.21407328918 0.0
57847.9494907 8.09907402115 0.0 8.09907402115 0.0
57847.949537 8.50987661485 0.0 8.50987661485 0.0
57847.9495718 8.31925477432 0.0 8.31925477432 0.0
57847.9496296 8.33762556127 0.0 8.33762556127 0.0
57847.9496991 8.08807764552 0.0 8.08807764552 0.0
57847.9497454 8.26202154439 0.0 8.26202154439 0.0
57847.9497917 8.57169761483 0.0 8.57169761483 0.0
57847.949838 8.93370024122 0.0 8.93370024122 0.0
57847.9499074 9.04334009092 0.0 9.04334009092 0.0
57847.9499537 8.87428870389 0.0 8.87428870389 0.0
57847.95 9.71570892936 0.0 9.71570892936 0.0
57847.9500463 9.2518106336 0.0 9.2518106336 0.0
57847.9501157 9.50052630121 0.0 9.50052630121 0.0
57847.950162 10.6576263774 0.0 10.6576263774 0.0
57847.9502083 9.89439235123 0.0 9.89439235123 0.0
57847.9502546 9.02585176036 0.0 9.02585176036 0.0
57847.9503241 8.3220189858 0.0 8.3220189858 0.0
57847.9503704 8.38075175626 0.0 8.38075175626 0.0
57847.9504282 8.54587619849 0.0 8.54587619849 0.0
57847.950463 8.47342905794 0.0 8.47342905794 0.0
57847.950544 8.22186110318 0.0 8.22186110318 0.0
57847.9505787 8.15794091668 0.0 8.15794091668 0.0
57847.9506366 8.29626421951 0.0 8.29626421951 0.0
57847.9506829 9.54206476608 0.0 9.54206476608 0.0
57847.9535532 8.36743688354 0.0 8.36743688354 0.0
57847.953588 8.64569256914 0.0 8.64569256914 0.0
57847.9536343 8.30060238778 0.0 8.30060238778 0.0
57847.9536921 8.13344945272 0.0 8.13344945272 0.0
57847.9537616 8.1965846546 0.0 8.1965846546 0.0
57847.9538079 8.89983145908 0.0 8.89983145908 0.0
57847.9538426 9.16002183404 0.0 9.16002183404 0.0
57847.9539005 9.10159326712 0.0 9.10159326712 0.0
57847.9539699 8.25651258099 0.0 8.25651258099 0.0
57847.9540162 9.65618972473 0.0 9.65618972473 0.0
57847.9540625 9.59140240007 0.0 9.59140240007 0.0
57847.9541088 8.84669429787 0.0 8.84669429787 0.0
57847.9541782 8.54722177084 0.0 8.54722177084 0.0
57847.9542245 8.23516848644 0.0 8.23516848644 0.0
57847.9542708 8.39207959924 0.0 8.39207959924 0.0
57847.9543171 8.71343789787 0.0 8.71343789787 0.0
57847.9543866 8.30752670775 0.0 8.30752670775 0.0
57847.9544329 8.00768380994 0.0 8.00768380994 0.0
57847.9544792 8.08226453415 0.0 8.08226453415 0.0
57847.9545255 8.1912758469 0.0 8.1912758469 0.0
57847.9545949 8.09913575636 0.0 8.09913575636 0.0
57847.9546412 8.3845095265 0.0 8.3845095265 0.0
57847.9546991 9.09197448303 0.0 9.09197448303 0.0
57847.9547338 9.76457884396 0.0 9.76457884396 0.0
57847.9548032 8.56522037078 0.0 8.56522037078 0.0
57847.9548495 8.07180277262 0.0 8.07180277262 0.0
57847.9549074 8.19865842684 0.0 8.19865842684 0.0
57847.9549537 8.30451684326 0.0 8.30451684326 0.0
57847.9550231 8.76550055616 0.0 8.76550055616 0.0
57847.9550694 8.49052412988 0.0 8.49052412988 0.0
57847.9551157 8.5918566096 0.0 8.5918566096 0.0
57847.955162 8.2798550712 0.0 8.2798550712 0.0
57847.9552315 8.14960121724 0.0 8.14960121724 0.0
57847.9552778 8.42757379084 0.0 8.42757379084 0.0
57847.9553241 8.84742900508 0.0 8.84742900508 0.0
57847.9553704 9.4302704097 0.0 9.4302704097 0.0
57847.9554398 9.60744502977 0.0 9.60744502977 0.0
57847.9554861 8.30511890342 0.0 8.30511890342 0.0
57847.9555324 8.23759673691 0.0 8.23759673691 0.0
57847.9555787 8.43712036183 0.0 8.43712036183 0.0
57847.9556481 8.35733211019 0.0 8.35733211019 0.0
57847.9556944 7.99918745874 0.0 7.99918745874 0.0
57847.9557407 8.01086761843 0.0 8.01086761843 0.0
57847.955787 8.22958079127 0.0 8.22958079127 0.0
57847.9558565 8.50346988 0.0 8.50346988 0.0
57847.9559144 8.53082645469 0.0 8.53082645469 0.0
57847.9559606 8.84047510036 0.0 8.84047510036 0.0
57847.9559954 8.87654211954 0.0 8.87654211954 0.0
57847.9560648 8.87214742889 0.0 8.87214742889 0.0
57847.9561227 7.99562380306 0.0 7.99562380306 0.0
57847.956169 8.15696021812 0.0 8.15696021812 0.0
57847.9562153 8.01236544349 0.0 8.01236544349 0.0
57847.9562847 7.87965735296 0.0 7.87965735296 0.0
57847.956331 7.9916831769 0.0 7.9916831769 0.0
57847.9563773 7.9610928898 0.0 7.9610928898 0.0
57847.9564236 7.86860851739 0.0 7.86860851739 0.0
57847.9564931 7.86301468904 0.0 7.86301468904 0.0
57847.9565394 8.17202545273 0.0 8.17202545273 0.0
57847.9565856 8.29463682146 0.0 8.29463682146 0.0
57847.9566319 8.22830480719 0.0 8.22830480719 0.0
57847.9567014 8.07192665973 0.0 8.07192665973 0.0
57847.9567477 7.97991228022 0.0 7.97991228022 0.0
57847.956794 7.95317546644 0.0 7.95317546644 0.0
57847.9568519 7.96774748596 0.0 7.96774748596 0.0
57847.9569213 8.06411805469 0.0 8.06411805469 0.0
57847.956956 7.80788063433 0.0 7.80788063433 0.0
57847.9570023 7.86085237109 0.0 7.86085237109 0.0
57847.9570602 7.90708543017 0.0 7.90708543017 0.0
57847.9571296 7.9109417897 0.0 7.9109417897 0.0
57847.9571759 7.89556837726 0.0 7.89556837726 0.0
57847.9572106 8.02084783548 0.0 8.02084783548 0.0
57847.9572685 7.99474827621 0.0 7.99474827621 0.0
57847.957338 7.85391622059 0.0 7.85391622059 0.0
57847.9573843 7.73291665544 0.0 7.73291665544 0.0
57847.9574306 7.83134726596 0.0 7.83134726596 0.0
57847.9574769 7.98210498553 0.0 7.98210498553 0.0
57847.9575463 7.96460921829 0.0 7.96460921829 0.0
57847.9575926 8.00343676179 0.0 8.00343676179 0.0
57847.9576389 8.22769712617 0.0 8.22769712617 0.0
57847.9576852 8.47838428004 0.0 8.47838428004 0.0
57847.9577546 8.25269652901 0.0 8.25269652901 0.0
57847.9578009 7.90151884134 0.0 7.90151884134 0.0
57847.9578472 7.98461019712 0.0 7.98461019712 0.0
57847.9578935 8.01336383799 0.0 8.01336383799 0.0
57847.957963 7.97709220205 0.0 7.97709220205 0.0
57847.9580093 7.90404959499 0.0 7.90404959499 0.0
57847.9580671 8.0181668728 0.0 8.0181668728 0.0
57847.9581019 7.96065323953 0.0 7.96065323953 0.0
57847.9581829 7.86600279685 0.0 7.86600279685 0.0
57847.9582176 7.89157778901 0.0 7.89157778901 0.0
57847.9582755 8.11664955508 0.0 8.11664955508 0.0
57847.9583218 8.5084076066 0.0 8.5084076066 0.0
57847.9611921 8.73298345355 0.0 8.73298345355 0.0
57847.9612269 7.93914353063 0.0 7.93914353063 0.0
57847.9612731 7.87686485856 0.0 7.87686485856 0.0
57847.961331 7.97408301938 0.0 7.97408301938 0.0
57847.9614005 8.18590251591 0.0 8.18590251591 0.0
57847.9614468 7.98642598413 0.0 7.98642598413 0.0
57847.9614815 8.08640834982 0.0 8.08640834982 0.0
57847.9615394 8.23231437689 0.0 8.23231437689 0.0
57847.9616088 8.24099508555 0.0 8.24099508555 0.0
57847.9616551 7.89081744815 0.0 7.89081744815 0.0
57847.9617014 7.80935336632 0.0 7.80935336632 0.0
57847.9617477 7.91991161567 0.0 7.91991161567 0.0
57847.9618171 8.00449873509 0.0 8.00449873509 0.0
57847.9618634 8.01741853716 0.0 8.01741853716 0.0
57847.9619097 8.00943193991 0.0 8.00943193991 0.0
57847.961956 8.14383202184 0.0 8.14383202184 0.0
57847.9620255 7.99593646798 0.0 7.99593646798 0.0
57847.9620718 7.84652789455 0.0 7.84652789455 0.0
57847.9621181 7.86256955454 0.0 7.86256955454 0.0
57847.9621644 7.9063898209 0.0 7.9063898209 0.0
57847.9622338 8.05897015753 0.0 8.05897015753 0.0
57847.9622801 7.91334316203 0.0 7.91334316203 0.0
57847.962338 7.94216595143 0.0 7.94216595143 0.0
57847.9623727 7.93857669863 0.0 7.93857669863 0.0
57847.9624421 7.74912898331 0.0 7.74912898331 0.0
57847.9624884 7.77026383078 0.0 7.77026383078 0.0
57847.9625463 7.76878368858 0.0 7.76878368858 0.0
57847.9625926 7.76543624016 0.0 7.76543624016 0.0
57847.962662 7.96404419877 0.0 7.96404419877 0.0
57847.9627083 7.88859936871 0.0 7.88859936871 0.0
57847.9627546 7.73912139716 0.0 7.73912139716 0.0
57847.9628009 7.78280155214 0.0 7.78280155214 0.0
57847.9628704 7.97113542728 0.0 7.97113542728 0.0
57847.9629167 8.48840385467 0.0 8.48840385467 0.0
57847.962963 8.9994444273 0.0 8.9994444273 0.0
57847.9630093 8.97011705609 0.0 8.97011705609 0.0
57847.9630787 8.51357739144 0.0 8.51357739144 0.0
57847.963125 7.9351748563 0.0 7.9351748563 0.0
57847.9631713 7.93460774078 0.0 7.93460774078 0.0
57847.9632176 7.99931247046 0.0 7.99931247046 0.0
57847.963287 7.94141045407 0.0 7.94141045407 0.0
57847.9633333 7.75390224339 0.0 7.75390224339 0.0
57847.9633796 7.75164498671 0.0 7.75164498671 0.0
57847.9634259 7.85684415017 0.0 7.85684415017 0.0
57847.9634954 7.97533698348 0.0 7.97533698348 0.0
57847.9635532 7.80410148576 0.0 7.80410148576 0.0
57847.9635995 7.96222330759 0.0 7.96222330759 0.0
57847.9636343 7.76369757268 0.0 7.76369757268 0.0
57847.9637037 7.80083328882 0.0 7.80083328882 0.0
57847.9637616 7.98605033793 0.0 7.98605033793 0.0
57847.9638079 8.12871453552 0.0 8.12871453552 0.0
57847.9638542 8.15088952201 0.0 8.15088952201 0.0
57847.9639236 8.04711128294 0.0 8.04711128294 0.0
57847.9639699 7.8249600638 0.0 7.8249600638 0.0
57847.9640162 8.09493668907 0.0 8.09493668907 0.0
57847.9640625 8.53779831104 0.0 8.53779831104 0.0
57847.9641319 9.09197448303 0.0 9.09197448303 0.0
57847.9641782 9.18477000256 0.0 9.18477000256 0.0
57847.9642245 10.1546541054 0.0 10.1546541054 0.0
57847.9642708 10.4282309142 0.0 10.4282309142 0.0
57847.9643403 8.99499861034 0.0 8.99499861034 0.0
57847.9643866 8.21218606706 0.0 8.21218606706 0.0
57847.9644329 8.18700189325 0.0 8.18700189325 0.0
57847.9644907 8.15340419702 0.0 8.15340419702 0.0
57847.9645602 8.18290901819 0.0 8.18290901819 0.0
57847.9645949 7.91365907782 0.0 7.91365907782 0.0
57847.9646412 7.84155596805 0.0 7.84155596805 0.0
57847.9646991 7.86396846382 0.0 7.86396846382 0.0
57847.9647685 7.85448916226 0.0 7.85448916226 0.0
57847.9648148 8.13885741367 0.0 8.13885741367 0.0
57847.9648495 7.93926948781 0.0 7.93926948781 0.0
57847.9649074 7.73336925279 0.0 7.73336925279 0.0
57847.9649769 7.76279588808 0.0 7.76279588808 0.0
57847.9650231 8.20390151087 0.0 8.20390151087 0.0
57847.9650694 8.3726937123 0.0 8.3726937123 0.0
57847.9651157 8.4401421789 0.0 8.4401421789 0.0
57847.9651852 8.15150292891 0.0 8.15150292891 0.0
57847.9652315 8.24560488988 0.0 8.24560488988 0.0
57847.9652778 8.69879301972 0.0 8.69879301972 0.0
57847.9653241 9.63919083741 0.0 9.63919083741 0.0
57847.9653935 9.19494426302 0.0 9.19494426302 0.0
57847.9654398 9.46894925533 0.0 9.46894925533 0.0
57847.9654861 8.72828734632 0.0 8.72828734632 0.0
57847.9655324 8.46492764293 0.0 8.46492764293 0.0
57847.9656019 8.39398594233 0.0 8.39398594233 0.0
57847.9656481 8.39303282491 0.0 8.39303282491 0.0
57847.965706 8.42045129432 0.0 8.42045129432 0.0
57847.9657407 8.42721780898 0.0 8.42721780898 0.0
57847.9658218 8.28583127996 0.0 8.28583127996 0.0
57847.9658565 7.82738781459 0.0 7.82738781459 0.0
57847.9659144 7.87972080724 0.0 7.87972080724 0.0
57847.9659606 8.10277730164 0.0 8.10277730164 0.0
57847.9724537 49.6194921377 0.0 49.6194921377 0.0
57847.9725 57.6795110936 0.0 57.6795110936 0.0
57847.9725463 76.799921875 0.0 76.799921875 0.0
57847.9725926 105.018246034 0.0 105.018246034 0.0
57847.972662 143.100691822 0.0 143.100691822 0.0
57847.9727083 8.61028454814 0.0 8.61028454814 0.0
57847.9727546 8.58824778404 0.0 8.58824778404 0.0
57847.9728009 8.7693215245 0.0 8.7693215245 0.0
57847.9728704 9.20760555193 0.0 9.20760555193 0.0
57847.9729282 8.35517803521 0.0 8.35517803521 0.0
57847.972963 8.36606239518 0.0 8.36606239518 0.0
57847.9730093 8.09363947801 0.0 8.09363947801 0.0
57847.9730787 7.72560677229 0.0 7.72560677229 0.0
57847.9731366 8.15033741633 0.0 8.15033741633 0.0
57847.9731829 8.07013011048 0.0 8.07013011048 0.0
57847.9732176 8.18406989217 0.0 8.18406989217 0.0
57847.9732986 8.03486154206 0.0 8.03486154206 0.0
57847.9733449 7.89601165146 0.0 7.89601165146 0.0
57847.9733912 8.05561915684 0.0 8.05561915684 0.0
57847.9734375 8.06529602681 0.0 8.06529602681 0.0
57847.9735069 7.79942305559 0.0 7.79942305559 0.0
57847.9735532 8.33714579458 0.0 8.33714579458 0.0
57847.9735995 8.83125132696 0.0 8.83125132696 0.0
57847.9736458 10.2125902689 0.0 10.2125902689 0.0
57847.9737153 11.5247125778 0.0 11.5247125778 0.0
57847.9737616 8.87445772991 0.0 8.87445772991 0.0
57847.9738079 9.46477680667 0.0 9.46477680667 0.0
57847.9738542 9.30472997996 0.0 9.30472997996 0.0
57847.9739352 8.48610629205 0.0 8.48610629205 0.0
57847.9739699 8.40148796345 0.0 8.40148796345 0.0
57847.9740162 8.43279313158 0.0 8.43279313158 0.0
57847.9740741 8.37149926835 0.0 8.37149926835 0.0
57847.9741435 8.28450360613 0.0 8.28450360613 0.0
57847.9741898 7.91504895752 0.0 7.91504895752 0.0
57847.9742245 7.96931615636 0.0 7.96931615636 0.0
57847.9742824 8.02489875326 0.0 8.02489875326 0.0
57847.9743519 7.86434994135 0.0 7.86434994135 0.0
57847.9743981 7.83434745209 0.0 7.83434745209 0.0
57847.9744444 8.15830864824 0.0 8.15830864824 0.0
57847.9744907 8.74231090731 0.0 8.74231090731 0.0
57847.9745602 8.69396342297 0.0 8.69396342297 0.0
57847.9746065 8.08387283423 0.0 8.08387283423 0.0
57847.9746528 8.41183689809 0.0 8.41183689809 0.0
57847.9746991 8.51710044557 0.0 8.51710044557 0.0
57847.9747685 8.05288768083 0.0 8.05288768083 0.0
57847.9748148 7.72107505468 0.0 7.72107505468 0.0
57847.9748611 7.73996124021 0.0 7.73996124021 0.0
57847.9749074 7.84659161675 0.0 7.84659161675 0.0
57847.9749769 7.81012163798 0.0 7.81012163798 0.0
57847.9750231 7.66009138327 0.0 7.66009138327 0.0
57847.975081 7.72871270006 0.0 7.72871270006 0.0
57847.9751157 7.72981241687 0.0 7.72981241687 0.0
57847.9751968 7.68758739788 0.0 7.68758739788 0.0
57847.9752315 7.71835474697 0.0 7.71835474697 0.0
57847.9752894 7.76556501486 0.0 7.76556501486 0.0
57847.9753356 7.76562940141 0.0 7.76562940141 0.0
57847.9754051 8.0330567034 0.0 8.0330567034 0.0
57847.9754514 7.91643859321 0.0 7.91643859321 0.0
57847.9754977 8.00106242945 0.0 8.00106242945 0.0
57847.975544 7.86409562505 0.0 7.86409562505 0.0
57847.9756134 7.89537839499 0.0 7.89537839499 0.0
57847.9756597 8.61713409435 0.0 8.61713409435 0.0
57847.975706 7.92962798623 0.0 7.92962798623 0.0
57847.9757523 7.89088081268 0.0 7.89088081268 0.0
57847.9758218 8.17012851796 0.0 8.17012851796 0.0
57847.9758681 8.63023754018 0.0 8.63023754018 0.0
57847.9759144 8.44926032266 0.0 8.44926032266 0.0
57847.9759606 8.51533910071 0.0 8.51533910071 0.0
57847.9760301 8.42092631484 0.0 8.42092631484 0.0
57847.976088 7.88206825649 0.0 7.88206825649 0.0
57847.9761227 8.19914629702 0.0 8.19914629702 0.0
57847.976169 8.5564595482 0.0 8.5564595482 0.0
57847.9762384 8.02034911958 0.0 8.02034911958 0.0
57847.9762963 7.97238985499 0.0 7.97238985499 0.0
57847.9763426 8.20932396729 0.0 8.20932396729 0.0
57847.9763773 8.2397815505 0.0 8.2397815505 0.0
57847.9792477 8.27490181211 0.0 8.27490181211 0.0
57847.9792824 7.74635398107 0.0 7.74635398107 0.0
57847.9793287 7.69304881045 0.0 7.69304881045 0.0
57847.9793866 7.7557720441 0.0 7.7557720441 0.0
57847.979456 8.22113130901 0.0 8.22113130901 0.0
57847.9795023 8.118127863 0.0 8.118127863 0.0
57847.979537 8.23243584852 0.0 8.23243584852 0.0
57847.9795949 8.5623594879 0.0 8.5623594879 0.0
57847.9796644 8.07855185042 0.0 8.07855185042 0.0
57847.9797106 7.82054985279 0.0 7.82054985279 0.0
57847.9797569 7.94361378719 0.0 7.94361378719 0.0
57847.9798032 8.09456607855 0.0 8.09456607855 0.0
57847.9798727 8.42353844889 0.0 8.42353844889 0.0
57847.979919 8.56527874619 0.0 8.56527874619 0.0
57847.9799653 8.29204438001 0.0 8.29204438001 0.0
57847.9800116 8.12416149519 0.0 8.12416149519 0.0
57847.980081 8.14855815467 0.0 8.14855815467 0.0
57847.9801273 7.81920712093 0.0 7.81920712093 0.0
57847.9801736 7.94575358289 0.0 7.94575358289 0.0
57847.9802199 8.04443907305 0.0 8.04443907305 0.0
57847.9802894 8.00837062079 0.0 8.00837062079 0.0
57847.9803356 7.94877349029 0.0 7.94877349029 0.0
57847.9803935 8.0381589932 0.0 8.0381589932 0.0
57847.9804282 8.11868215907 0.0 8.11868215907 0.0
57847.9804977 7.95405556933 0.0 7.95405556933 0.0
57847.980544 7.85493475466 0.0 7.85493475466 0.0
57847.9806019 7.86148840869 0.0 7.86148840869 0.0
57847.9806481 7.9418511696 0.0 7.9418511696 0.0
57847.9807176 8.14898766719 0.0 8.14898766719 0.0
57847.9807639 8.19182519345 0.0 8.19182519345 0.0
57847.9808102 8.19695065253 0.0 8.19695065253 0.0
57847.9808565 8.34242171075 0.0 8.34242171075 0.0
57847.9809259 8.13074412339 0.0 8.13074412339 0.0
57847.9809722 7.86167920994 0.0 7.86167920994 0.0
57847.9810185 7.95204376246 0.0 7.95204376246 0.0
57847.9810648 7.95575263567 0.0 7.95575263567 0.0
57847.9811343 8.14849679389 0.0 8.14849679389 0.0
57847.9811806 8.20664365012 0.0 8.20664365012 0.0
57847.9812269 8.20780116718 0.0 8.20780116718 0.0
57847.9812731 8.11560225738 0.0 8.11560225738 0.0
57847.9813426 8.04773259993 0.0 8.04773259993 0.0
57847.9813889 8.07409437646 0.0 8.07409437646 0.0
57847.9814352 8.0159216563 0.0 8.0159216563 0.0
57847.9814815 8.09413367816 0.0 8.09413367816 0.0
57847.9815509 8.01579690361 0.0 8.01579690361 0.0
57847.9816088 7.93202370143 0.0 7.93202370143 0.0
57847.9816551 8.30836927441 0.0 8.30836927441 0.0
57847.9816898 8.27713718625 0.0 8.27713718625 0.0
57847.9817593 7.91833315793 0.0 7.91833315793 0.0
57847.9818171 7.88771196229 0.0 7.88771196229 0.0
57847.9818634 7.98761541388 0.0 7.98761541388 0.0
57847.9819097 8.4682938069 0.0 8.4682938069 0.0
57847.9819792 8.46563642026 0.0 8.46563642026 0.0
57847.9820255 8.16755777451 0.0 8.16755777451 0.0
57847.9820718 8.15787962647 0.0 8.15787962647 0.0
57847.9821181 8.01305185307 0.0 8.01305185307 0.0
57847.9821875 7.84799337411 0.0 7.84799337411 0.0
57847.9822338 7.88403450018 0.0 7.88403450018 0.0
57847.9822801 8.01055553629 0.0 8.01055553629 0.0
57847.9823264 8.0184786587 0.0 8.0184786587 0.0
57847.9823958 7.61774244773 0.0 7.61774244773 0.0
57847.9824421 7.92060603742 0.0 7.92060603742 0.0
57847.9824884 8.31125742593 0.0 8.31125742593 0.0
57847.9825463 8.99383121923 0.0 8.99383121923 0.0
57847.9826157 9.7165837618 0.0 9.7165837618 0.0
57847.9826505 8.50570396851 0.0 8.50570396851 0.0
57847.9826968 8.18156464254 0.0 8.18156464254 0.0
57847.9827546 7.94355084329 0.0 7.94355084329 0.0
57847.9828241 7.59934207679 0.0 7.59934207679 0.0
57847.9828704 7.72838922415 0.0 7.72838922415 0.0
57847.9829051 7.8344750941 0.0 7.8344750941 0.0
57847.982963 8.10943894483 0.0 8.10943894483 0.0
57847.9830324 8.08325429515 0.0 8.08325429515 0.0
57847.9830787 7.73252869377 0.0 7.73252869377 0.0
57847.983125 8.06306393377 0.0 8.06306393377 0.0
57847.9831713 8.42484421221 0.0 8.42484421221 0.0
57847.9832407 8.17557337439 0.0 8.17557337439 0.0
57847.983287 7.91707016516 0.0 7.91707016516 0.0
57847.9833333 8.07217442824 0.0 8.07217442824 0.0
57847.9833796 8.22660318722 0.0 8.22660318722 0.0
57847.9834491 7.69285382677 0.0 7.69285382677 0.0
57847.9834954 7.74138230551 0.0 7.74138230551 0.0
57847.9835417 7.9041761114 0.0 7.9041761114 0.0
57847.983588 8.09487492183 0.0 8.09487492183 0.0
57847.9836574 7.67600156331 0.0 7.67600156331 0.0
57847.9837037 7.67958332203 0.0 7.67958332203 0.0
57847.9837616 7.71310572986 0.0 7.71310572986 0.0
57847.9837963 7.63616395843 0.0 7.63616395843 0.0
57847.9838773 7.70986381203 0.0 7.70986381203 0.0
57847.983912 8.02371485037 0.0 8.02371485037 0.0
57847.9839699 0.948683298051 0.0 0.948683298051 0.0
57847.9840162 0.334664010614 0.0 0.334664010614 0.0
57847.9966088 7.78280155214 0.0 7.78280155214 0.0
57847.9966435 7.6388480807 0.0 7.6388480807 0.0
57847.9966898 7.7455793844 0.0 7.7455793844 0.0
57847.9967477 7.93221280602 0.0 7.93221280602 0.0
57847.9968171 7.98586250821 0.0 7.98586250821 0.0
57847.9968634 8.09919749111 0.0 8.09919749111 0.0
57847.9968981 8.41064801308 0.0 8.41064801308 0.0
57847.996956 8.48392597799 0.0 8.48392597799 0.0
57847.9970255 8.096912992 0.0 8.096912992 0.0
57847.9970718 7.63740793725 0.0 7.63740793725 0.0
57847.9971181 7.66876782802 0.0 7.66876782802 0.0
57847.9971644 7.79794844815 0.0 7.79794844815 0.0
57847.9972338 8.00843305522 0.0 8.00843305522 0.0
57847.9972801 7.75248347306 0.0 7.75248347306 0.0
57847.9973264 7.74099476812 0.0 7.74099476812 0.0
57847.9973727 7.79416448377 0.0 7.79416448377 0.0
57847.9974421 7.67039764289 0.0 7.67039764289 0.0
57847.9974884 7.56234090742 0.0 7.56234090742 0.0
57847.9975347 7.55532924498 0.0 7.55532924498 0.0
57847.997581 7.45848510088 0.0 7.45848510088 0.0
57847.9976505 7.4033100705 0.0 7.4033100705 0.0
57847.9976968 7.57416662082 0.0 7.57416662082 0.0
57847.9977546 7.69668759922 0.0 7.69668759922 0.0
57847.9977894 8.02963261924 0.0 8.02963261924 0.0
57847.9978588 8.16480250833 0.0 8.16480250833 0.0
57847.9979051 7.93719093886 0.0 7.93719093886 0.0
57847.997963 8.24354292765 0.0 8.24354292765 0.0
57847.9980093 8.35344240418 0.0 8.35344240418 0.0
57847.9980787 8.42276676633 0.0 8.42276676633 0.0
57847.998125 8.13277320476 0.0 8.13277320476 0.0
57847.9981713 8.50682079275 0.0 8.50682079275 0.0
57847.9982176 8.15512109046 0.0 8.15512109046 0.0
57847.998287 8.20487659871 0.0 8.20487659871 0.0
57847.9983333 8.76761084903 0.0 8.76761084903 0.0
57847.9983796 8.27000604595 0.0 8.27000604595 0.0
57847.9984259 7.98717722353 0.0 7.98717722353 0.0
57847.9984954 7.85251552052 0.0 7.85251552052 0.0
57847.9985417 7.53783788629 0.0 7.53783788629 0.0
57847.998588 7.603420283 0.0 7.603420283 0.0
57847.9986343 7.59677563181 0.0 7.59677563181 0.0
57847.9987037 7.75351533177 0.0 7.75351533177 0.0
57847.99875 7.75719021296 0.0 7.75719021296 0.0
57847.9987963 7.98354557825 0.0 7.98354557825 0.0
57847.9988426 8.01903984277 0.0 8.01903984277 0.0
57847.998912 7.96272566399 0.0 7.96272566399 0.0
57847.9989699 8.25287828579 0.0 8.25287828579 0.0
57847.9990162 8.49264387573 0.0 8.49264387573 0.0
57847.9990509 8.24069171854 0.0 8.24069171854 0.0
57847.9991204 7.86771885619 0.0 7.86771885619 0.0
57847.9991782 7.67196193943 0.0 7.67196193943 0.0
57847.9992245 7.81895133634 0.0 7.81895133634 0.0
57847.9992708 7.73950902836 0.0 7.73950902836 0.0
57847.9993403 7.64251267582 0.0 7.64251267582 0.0
57847.9993866 7.7692341965 0.0 7.7692341965 0.0
57847.9994329 8.15131891169 0.0 8.15131891169 0.0
57847.9994792 8.71521657792 0.0 8.71521657792 0.0
57847.9995486 8.93588272081 0.0 8.93588272081 0.0
57847.9995949 8.26353435281 0.0 8.26353435281 0.0
57847.9996412 8.21322104902 0.0 8.21322104902 0.0
57847.9996875 8.22982381342 0.0 8.22982381342 0.0
57847.9997569 8.24966665993 0.0 8.24966665993 0.0
57847.9998032 7.59736796529 0.0 7.59736796529 0.0
57847.9998495 7.60651036941 0.0 7.60651036941 0.0
57847.9999074 7.5305378294 0.0 7.5305378294 0.0
57847.9999769 7.83339007072 0.0 7.83339007072 0.0
57848.0000116 8.63324967784 0.0 8.63324967784 0.0
57848.0000579 8.92619739867 0.0 8.92619739867 0.0
57848.0001157 8.52062204302 0.0 8.52062204302 0.0
57848.0001852 7.75222548692 0.0 7.75222548692 0.0
57848.0002315 7.92975409455 0.0 7.92975409455 0.0
57848.0002662 8.10820572013 0.0 8.10820572013 0.0
57848.0003241 8.26311079437 0.0 8.26311079437 0.0
57848.0003935 8.02701688051 0.0 8.02701688051 0.0
57848.0004398 8.01267745513 0.0 8.01267745513 0.0
57848.0004861 8.38486732155 0.0 8.38486732155 0.0
57848.0005324 8.59808118129 0.0 8.59808118129 0.0
57848.0006019 8.5761296632 0.0 8.5761296632 0.0
57848.0006481 8.21419503056 0.0 8.21419503056 0.0
57848.0006944 8.41967932881 0.0 8.41967932881 0.0
57848.0007407 8.91986546984 0.0 8.91986546984 0.0
57848.0008102 8.21748136597 0.0 8.21748136597 0.0
57848.0008565 7.57330839198 0.0 7.57330839198 0.0
57848.0009028 7.68069007316 0.0 7.68069007316 0.0
57848.0009491 7.70720442184 0.0 7.70720442184 0.0
57848.0010185 7.59137668674 0.0 7.59137668674 0.0
57848.0010648 7.81287399105 0.0 7.81287399105 0.0
57848.0011227 7.92237338176 0.0 7.92237338176 0.0
57848.0011574 7.95462129834 0.0 7.95462129834 0.0
57848.0012384 7.65891637244 0.0 7.65891637244 0.0
57848.0012731 7.68355386524 0.0 7.68355386524 0.0
57848.001331 7.66289762427 0.0 7.66289762427 0.0
57848.0013773 7.72340598441 0.0 7.72340598441 0.0
57848.0139699 7.89689812521 0.0 7.89689812521 0.0
57848.0140046 8.42508160198 0.0 8.42508160198 0.0
57848.0140509 8.85928891052 0.0 8.85928891052 0.0
57848.0141088 8.092094908 0.0 8.092094908 0.0
57848.0141782 7.86600279685 0.0 7.86600279685 0.0
57848.0142245 8.55908873654 0.0 8.55908873654 0.0
57848.0142593 8.58131691525 0.0 8.58131691525 0.0
57848.0143171 9.05693104755 0.0 9.05693104755 0.0
57848.0143866 8.84273713281 0.0 8.84273713281 0.0
57848.0144329 8.0161087817 0.0 8.0161087817 0.0
57848.0144792 8.24287571179 0.0 8.24287571179 0.0
57848.0145255 8.00262456948 0.0 8.00262456948 0.0
57848.0145949 8.23498633879 0.0 8.23498633879 0.0
57848.0146412 8.53955502354 0.0 8.53955502354 0.0
57848.0146875 8.09919749111 0.0 8.09919749111 0.0
57848.0147338 7.73589038185 0.0 7.73589038185 0.0
57848.0148032 7.94487256034 0.0 7.94487256034 0.0
57848.0148495 7.67521986656 0.0 7.67521986656 0.0
57848.0148958 7.82470446726 0.0 7.82470446726 0.0
57848.0149421 8.07353701918 0.0 8.07353701918 0.0
57848.0150116 8.38063243437 0.0 8.38063243437 0.0
57848.0150579 8.08974659677 0.0 8.08974659677 0.0
57848.0151157 8.4835134231 0.0 8.4835134231 0.0
57848.0151505 9.15204895092 0.0 9.15204895092 0.0
57848.0152199 8.75648331238 0.0 8.75648331238 0.0
57848.0152662 8.16174001056 0.0 8.16174001056 0.0
57848.0153241 7.86206079854 0.0 7.86206079854 0.0
57848.0153704 7.54168416204 0.0 7.54168416204 0.0
57848.0154398 7.78106676491 0.0 7.78106676491 0.0
57848.0154861 8.1020984936 0.0 8.1020984936 0.0
57848.0155324 8.25863184795 0.0 8.25863184795 0.0
57848.0155787 8.25542246042 0.0 8.25542246042 0.0
57848.0156481 7.93000630517 0.0 7.93000630517 0.0
57848.0156944 7.89860747221 0.0 7.89860747221 0.0
57848.0157407 8.10333264774 0.0 8.10333264774 0.0
57848.015787 8.25524075966 0.0 8.25524075966 0.0
57848.0158565 8.45032543752 0.0 8.45032543752 0.0
57848.0159028 7.7982690387 0.0 7.7982690387 0.0
57848.0159491 7.84964967371 0.0 7.84964967371 0.0
57848.0159954 7.88955005054 0.0 7.88955005054 0.0
57848.0160648 8.13240431853 0.0 8.13240431853 0.0
57848.0161111 7.46840009641 0.0 7.46840009641 0.0
57848.0161574 7.37563556583 0.0 7.37563556583 0.0
57848.0162037 7.39168451708 0.0 7.39168451708 0.0
57848.0162731 7.39587722992 0.0 7.39587722992 0.0
57848.016331 7.54327515076 0.0 7.54327515076 0.0
57848.0163773 7.7728373198 0.0 7.7728373198 0.0
57848.016412 7.85289755441 0.0 7.85289755441 0.0
57848.0164815 8.12336137322 0.0 8.12336137322 0.0
57848.0165394 7.67971353632 0.0 7.67971353632 0.0
57848.0165856 7.59723633962 0.0 7.59723633962 0.0
57848.0166319 7.65225456973 0.0 7.65225456973 0.0
57848.0167014 7.56062166756 0.0 7.56062166756 0.0
57848.0167477 7.34894550259 0.0 7.34894550259 0.0
57848.016794 7.35608591576 0.0 7.35608591576 0.0
57848.0168403 7.41060051548 0.0 7.41060051548 0.0
57848.0169097 7.38505247104 0.0 7.38505247104 0.0
57848.016956 7.28299388988 0.0 7.28299388988 0.0
57848.0170023 7.33089353353 0.0 7.33089353353 0.0
57848.0170486 7.62135158617 0.0 7.62135158617 0.0
57848.0171181 7.67352591707 0.0 7.67352591707 0.0
57848.0171644 7.71777169914 0.0 7.71777169914 0.0
57848.0172106 7.72062173662 0.0 7.72062173662 0.0
57848.0172685 7.65225456973 0.0 7.65225456973 0.0
57848.017338 7.56412585829 0.0 7.56412585829 0.0
57848.0173727 7.92363552923 0.0 7.92363552923 0.0
57848.017419 7.81639303004 0.0 7.81639303004 0.0
57848.0174769 7.7048685907 0.0 7.7048685907 0.0
57848.0175463 7.92742076592 0.0 7.92742076592 0.0
57848.0175926 8.590110593 0.0 8.590110593 0.0
57848.0176273 8.11751193408 0.0 8.11751193408 0.0
57848.0176852 7.7992307313 0.0 7.7992307313 0.0
57848.0177546 7.68713210502 0.0 7.68713210502 0.0
57848.0178009 7.68238244297 0.0 7.68238244297 0.0
57848.0178472 7.69226884606 0.0 7.69226884606 0.0
57848.0178935 7.62003936998 0.0 7.62003936998 0.0
57848.017963 7.44345349955 0.0 7.44345349955 0.0
57848.0180093 7.80852098672 0.0 7.80852098672 0.0
57848.0180556 7.9061368569 0.0 7.9061368569 0.0
57848.0181019 8.0330567034 0.0 8.0330567034 0.0
57848.0181713 7.93208673679 0.0 7.93208673679 0.0
57848.0182176 7.51870999574 0.0 7.51870999574 0.0
57848.0182639 8.04499844624 0.0 8.04499844624 0.0
57848.0183102 8.77986332468 0.0 8.77986332468 0.0
57848.0183796 8.58807312498 0.0 8.58807312498 0.0
57848.0184259 7.65029411199 0.0 7.65029411199 0.0
57848.0184838 7.73653669286 0.0 7.73653669286 0.0
57848.0185185 7.66426774063 0.0 7.66426774063 0.0
57848.0185995 7.30246533713 0.0 7.30246533713 0.0
57848.0186343 7.68173157563 0.0 7.68173157563 0.0
57848.0186921 7.64885612363 0.0 7.64885612363 0.0
57848.0187384 7.73996124021 0.0 7.73996124021 0.0
57848.0216088 8.10320924079 0.0 8.10320924079 0.0
57848.0216435 8.33852504943 0.0 8.33852504943 0.0
57848.0216898 9.21314278626 0.0 9.21314278626 0.0
57848.0217477 10.4657059007 0.0 10.4657059007 0.0
57848.0218171 9.96549045456 0.0 9.96549045456 0.0
57848.0218634 7.78601310043 0.0 7.78601310043 0.0
57848.0218981 7.76981338257 0.0 7.76981338257 0.0
57848.021956 7.93208673679 0.0 7.93208673679 0.0
57848.0220255 8.00936951326 0.0 8.00936951326 0.0
57848.0220718 8.35104783845 0.0 8.35104783845 0.0
57848.0221181 9.01326799779 0.0 9.01326799779 0.0
57848.0221644 8.91543605215 0.0 8.91543605215 0.0
57848.0222338 7.79223972937 0.0 7.79223972937 0.0
57848.0222801 7.98404659305 0.0 7.98404659305 0.0
57848.0223264 7.85620773656 0.0 7.85620773656 0.0
57848.0223727 7.81370590693 0.0 7.81370590693 0.0
57848.0224421 7.38051488719 0.0 7.38051488719 0.0
57848.0224884 7.36681749469 0.0 7.36681749469 0.0
57848.0225347 7.70824234181 0.0 7.70824234181 0.0
57848.022581 7.64611012215 0.0 7.64611012215 0.0
57848.0226505 7.60933637054 0.0 7.60933637054 0.0
57848.0226968 8.11104185663 0.0 8.11104185663 0.0
57848.0227546 7.6725484684 0.0 7.6725484684 0.0
57848.0227894 7.39425452632 0.0 7.39425452632 0.0
57848.0228588 7.14191850976 0.0 7.14191850976 0.0
57848.0229051 7.30410843293 0.0 7.30410843293 0.0
57848.022963 7.35866835779 0.0 7.35866835779 0.0
57848.0230093 7.28114002063 0.0 7.28114002063 0.0
57848.0230787 7.23035268849 0.0 7.23035268849 0.0
57848.023125 7.08463125364 0.0 7.08463125364 0.0
57848.0231713 7.12811335488 0.0 7.12811335488 0.0
57848.0232176 7.10605375718 0.0 7.10605375718 0.0
57848.023287 7.16247164043 0.0 7.16247164043 0.0
57848.0233333 7.23228871105 0.0 7.23228871105 0.0
57848.0233796 7.21761733538 0.0 7.21761733538 0.0
57848.0234259 7.26973176947 0.0 7.26973176947 0.0
57848.0234954 7.49326364143 0.0 7.49326364143 0.0
57848.0235417 7.58775329067 0.0 7.58775329067 0.0
57848.023588 7.80730427228 0.0 7.80730427228 0.0
57848.0236343 7.77598868312 0.0 7.77598868312 0.0
57848.0237037 7.85047769247 0.0 7.85047769247 0.0
57848.02375 7.5444018981 0.0 7.5444018981 0.0
57848.0237963 7.84735624271 0.0 7.84735624271 0.0
57848.0238426 8.02278006678 0.0 8.02278006678 0.0
57848.023912 7.62961335849 0.0 7.62961335849 0.0
57848.0239699 7.16135462046 0.0 7.16135462046 0.0
57848.0240162 7.4306796459 0.0 7.4306796459 0.0
57848.0240509 7.68420457822 0.0 7.68420457822 0.0
57848.0241204 7.79256055479 0.0 7.79256055479 0.0
57848.0241782 7.70421962304 0.0 7.70421962304 0.0
57848.0242245 7.73879835633 0.0 7.73879835633 0.0
57848.0242708 7.59407663907 0.0 7.59407663907 0.0
57848.0243403 7.25982093443 0.0 7.25982093443 0.0
57848.0243866 7.32707308548 0.0 7.32707308548 0.0
57848.0244329 7.54082223633 0.0 7.54082223633 0.0
57848.0244792 7.47321885134 0.0 7.47321885134 0.0
57848.0245486 7.2113105605 0.0 7.2113105605 0.0
57848.0245949 7.21609312578 0.0 7.21609312578 0.0
57848.0246412 7.27866746046 0.0 7.27866746046 0.0
57848.0246875 7.49526517209 0.0 7.49526517209 0.0
57848.0247569 7.47475752115 0.0 7.47475752115 0.0
57848.0248032 7.46170221866 0.0 7.46170221866 0.0
57848.0248495 7.56994055459 0.0 7.56994055459 0.0
57848.0249074 7.45016778335 0.0 7.45016778335 0.0
57848.0249769 7.7907637623 0.0 7.7907637623 0.0
57848.0250116 8.62218069864 0.0 8.62218069864 0.0
57848.0250579 8.21510803337 0.0 8.21510803337 0.0
57848.0251157 7.89810103759 0.0 7.89810103759 0.0
57848.0251852 7.97778164655 0.0 7.97778164655 0.0
57848.0252315 10.7073339352 0.0 10.7073339352 0.0
57848.0252662 12.5031596007 0.0 12.5031596007 0.0
57848.0253241 12.9118162936 0.0 12.9118162936 0.0
57848.0253935 9.79780587683 0.0 9.79780587683 0.0
57848.0254398 8.69102985842 0.0 8.69102985842 0.0
57848.0254861 8.76578576056 0.0 8.76578576056 0.0
57848.0255324 8.64094902195 0.0 8.64094902195 0.0
57848.0256019 8.41837276438 0.0 8.41837276438 0.0
57848.0256481 8.5487425976 0.0 8.5487425976 0.0
57848.0256944 8.79948862151 0.0 8.79948862151 0.0
57848.0257407 9.27248618225 0.0 9.27248618225 0.0
57848.0258102 8.88695673445 0.0 8.88695673445 0.0
57848.0258565 9.12682858391 0.0 9.12682858391 0.0
57848.0259028 9.97657255775 0.0 9.97657255775 0.0
57848.0259491 11.3676294802 0.0 11.3676294802 0.0
57848.0260185 11.3758076636 0.0 11.3758076636 0.0
57848.0260648 9.2152590848 0.0 9.2152590848 0.0
57848.0261227 10.5467056468 0.0 10.5467056468 0.0
57848.0261574 12.634437067 0.0 12.634437067 0.0
57848.0262384 10.1581002161 0.0 10.1581002161 0.0
57848.0262731 8.15530502189 0.0 8.15530502189 0.0
57848.026331 7.91290085872 0.0 7.91290085872 0.0
57848.0263773 7.79018613385 0.0 7.79018613385 0.0
57848.0434491 93.3011039592 0.0 93.3011039592 0.0
57848.0434838 82.0591128395 0.0 82.0591128395 0.0
57848.0435301 100.211366621 0.0 100.211366621 0.0
57848.043588 81.4013206281 0.0 81.4013206281 0.0
57848.0436574 74.5298866228 0.0 74.5298866228 0.0
57848.0437037 7.14905588172 0.0 7.14905588172 0.0
57848.0437384 7.23069844483 0.0 7.23069844483 0.0
57848.0437963 7.26780572112 0.0 7.26780572112 0.0
57848.0438657 7.10823466129 0.0 7.10823466129 0.0
57848.043912 6.97889676095 0.0 6.97889676095 0.0
57848.0439583 7.02616538376 0.0 7.02616538376 0.0
57848.0440046 7.1495454401 0.0 7.1495454401 0.0
57848.0440741 7.17565328036 0.0 7.17565328036 0.0
57848.0441204 7.12551752506 0.0 7.12551752506 0.0
57848.0441667 7.15667520571 0.0 7.15667520571 0.0
57848.044213 7.17962394558 0.0 7.17962394558 0.0
57848.0442824 7.22717095411 0.0 7.22717095411 0.0
57848.0443287 7.35540617505 0.0 7.35540617505 0.0
57848.044375 7.4881239306 0.0 7.4881239306 0.0
57848.0444213 7.39053448676 0.0 7.39053448676 0.0
57848.0444907 6.9588792201 0.0 6.9588792201 0.0
57848.044537 7.03064719638 0.0 7.03064719638 0.0
57848.0445949 7.04506919767 0.0 7.04506919767 0.0
57848.0446296 7.16212259041 0.0 7.16212259041 0.0
57848.0447106 7.40736120356 0.0 7.40736120356 0.0
57848.0447454 7.65284260912 0.0 7.65284260912 0.0
57848.0448032 7.99299693482 0.0 7.99299693482 0.0
57848.0448495 7.75370878999 0.0 7.75370878999 0.0
57848.044919 7.21740950757 0.0 7.21740950757 0.0
57848.0449653 7.16449579524 0.0 7.16449579524 0.0
57848.0450116 7.1763500472 0.0 7.1763500472 0.0
57848.0450579 7.04315270316 0.0 7.04315270316 0.0
57848.0451273 7.25217208842 0.0 7.25217208842 0.0
57848.0451736 7.42886263165 0.0 7.42886263165 0.0
57848.0452199 7.85315223334 0.0 7.85315223334 0.0
57848.0452662 8.05983870806 0.0 8.05983870806 0.0
57848.0453356 7.18950624174 0.0 7.18950624174 0.0
57848.0453819 7.17237756954 0.0 7.17237756954 0.0
57848.0454282 7.19805529292 0.0 7.19805529292 0.0
57848.0454745 7.21706311459 0.0 7.21706311459 0.0
57848.045544 7.0442174867 0.0 7.0442174867 0.0
57848.0456019 7.32516211425 0.0 7.32516211425 0.0
57848.0456366 7.26112938874 0.0 7.26112938874 0.0
57848.0456829 7.3177182236 0.0 7.3177182236 0.0
57848.0457523 7.02901131028 0.0 7.02901131028 0.0
57848.0458102 7.42845879035 0.0 7.42845879035 0.0
57848.0458565 7.78870977762 0.0 7.78870977762 0.0
57848.0458912 7.77367352029 0.0 7.77367352029 0.0
57848.0459722 7.43585906268 0.0 7.43585906268 0.0
57848.0460185 6.99185240119 0.0 6.99185240119 0.0
57848.0460648 7.20111102539 0.0 7.20111102539 0.0
57848.0461111 7.14947550524 0.0 7.14947550524 0.0
57848.0461806 7.18018105621 0.0 7.18018105621 0.0
57848.0462269 7.35173448922 0.0 7.35173448922 0.0
57848.0462731 7.23705741307 0.0 7.23705741307 0.0
57848.0463194 7.2004860947 0.0 7.2004860947 0.0
57848.0463889 7.12846407019 0.0 7.12846407019 0.0
57848.0464352 7.49199572878 0.0 7.49199572878 0.0
57848.0464815 1.01931349447 0.0 1.01931349447 0.0
57848.0465278 0.372827037646 0.0 0.372827037646 0.0
57848.0486921 8.4351052157 0.0 8.4351052157 0.0
57848.0487269 7.21151856408 0.0 7.21151856408 0.0
57848.0487731 7.12053368786 0.0 7.12053368786 0.0
57848.048831 7.24451516666 0.0 7.24451516666 0.0
57848.0489005 7.05641552065 0.0 7.05641552065 0.0
57848.0489468 7.13925766449 0.0 7.13925766449 0.0
57848.0489815 7.0381105419 0.0 7.0381105419 0.0
57848.0490394 7.09267227496 0.0 7.09267227496 0.0
57848.0491088 7.21914122316 0.0 7.21914122316 0.0
57848.0491551 7.15457895337 0.0 7.15457895337 0.0
57848.0492014 7.27096967398 0.0 7.27096967398 0.0
57848.0492477 7.3731946943 0.0 7.3731946943 0.0
57848.0493171 7.86002544525 0.0 7.86002544525 0.0
57848.0493634 7.65650050611 0.0 7.65650050611 0.0
57848.0494097 8.1835811232 0.0 8.1835811232 0.0
57848.049456 8.28070045346 0.0 8.28070045346 0.0
57848.0495255 7.34540672802 0.0 7.34540672802 0.0
57848.0495718 7.66498532288 0.0 7.66498532288 0.0
57848.0496181 8.00143737087 0.0 8.00143737087 0.0
57848.0496644 8.36020334681 0.0 8.36020334681 0.0
57848.0497338 8.05599155908 0.0 8.05599155908 0.0
57848.0497801 7.13841719151 0.0 7.13841719151 0.0
57848.049838 7.16344889002 0.0 7.16344889002 0.0
57848.0498727 7.23740284909 0.0 7.23740284909 0.0
57848.0499421 7.19103608668 0.0 7.19103608668 0.0
57848.0499884 7.06137380401 0.0 7.06137380401 0.0
57848.0500463 7.05074464153 0.0 7.05074464153 0.0
57848.0500926 7.1947897815 0.0 7.1947897815 0.0
57848.050162 7.1432485607 0.0 7.1432485607 0.0
57848.0502083 6.89594083501 0.0 6.89594083501 0.0
57848.0502546 6.92278845553 0.0 6.92278845553 0.0
57848.0503009 6.91917625155 0.0 6.91917625155 0.0
57848.0503704 6.91375440698 0.0 6.91375440698 0.0
57848.0504167 6.97093967841 0.0 6.97093967841 0.0
57848.050463 7.12172731857 0.0 7.12172731857 0.0
57848.0505093 7.07021923281 0.0 7.07021923281 0.0
57848.0505787 6.95808881806 0.0 6.95808881806 0.0
57848.050625 6.9328926142 0.0 6.9328926142 0.0
57848.0506713 6.93772296939 0.0 6.93772296939 0.0
57848.0507176 6.95981321588 0.0 6.95981321588 0.0
57848.050787 6.9979997142 0.0 6.9979997142 0.0
57848.0508333 6.85784222624 0.0 6.85784222624 0.0
57848.0508796 6.85164213893 0.0 6.85164213893 0.0
57848.0509259 6.90043476891 0.0 6.90043476891 0.0
57848.0509954 7.00728192668 0.0 7.00728192668 0.0
57848.0510532 6.94233390151 0.0 6.94233390151 0.0
57848.0510995 7.04606273035 0.0 7.04606273035 0.0
57848.0511343 7.0423007604 0.0 7.0423007604 0.0
57848.0512037 6.98025787489 0.0 6.98025787489 0.0
57848.0512616 7.20846724346 0.0 7.20846724346 0.0
57848.0513079 7.37441523105 0.0 7.37441523105 0.0
57848.0513542 7.8266212378 0.0 7.8266212378 0.0
57848.0514236 8.6435525104 0.0 8.6435525104 0.0
57848.0514699 7.90936154187 0.0 7.90936154187 0.0
57848.0515162 8.14014741881 0.0 8.14014741881 0.0
57848.0515625 8.35451973485 0.0 8.35451973485 0.0
57848.0516319 7.62849919709 0.0 7.62849919709 0.0
57848.0516782 7.12839392851 0.0 7.12839392851 0.0
57848.0517245 7.13421334136 0.0 7.13421334136 0.0
57848.0517708 7.11863751009 0.0 7.11863751009 0.0
57848.0518403 7.07509717248 0.0 7.07509717248 0.0
57848.0518866 7.10978199384 0.0 7.10978199384 0.0
57848.0519329 7.09464586854 0.0 7.09464586854 0.0
57848.0519907 7.13183005967 0.0 7.13183005967 0.0
57848.0520602 7.11624901194 0.0 7.11624901194 0.0
57848.0520949 7.25610088133 0.0 7.25610088133 0.0
57848.0521412 7.46686011654 0.0 7.46686011654 0.0
57848.0521991 7.54161786356 0.0 7.54161786356 0.0
57848.0522685 7.38390140779 0.0 7.38390140779 0.0
57848.0523148 6.96627590611 0.0 6.96627590611 0.0
57848.0523495 6.95485441976 0.0 6.95485441976 0.0
57848.0524074 6.97273260637 0.0 6.97273260637 0.0
57848.0524769 7.0374000881 0.0 7.0374000881 0.0
57848.0525231 6.94758951004 0.0 6.94758951004 0.0
57848.0525694 6.97524193129 0.0 6.97524193129 0.0
57848.0526157 6.93902010373 0.0 6.93902010373 0.0
57848.0526852 6.92076585357 0.0 6.92076585357 0.0
57848.0527315 7.00892288444 0.0 7.00892288444 0.0
57848.0527778 7.06632860827 0.0 7.06632860827 0.0
57848.0528241 7.02488434068 0.0 7.02488434068 0.0
57848.0528935 7.15136350635 0.0 7.15136350635 0.0
57848.0529398 7.01377216625 0.0 7.01377216625 0.0
57848.0529861 7.03938917805 0.0 7.03938917805 0.0
57848.0530324 7.08667764189 0.0 7.08667764189 0.0
57848.0531019 7.03100277343 0.0 7.03100277343 0.0
57848.0531481 6.92878055649 0.0 6.92878055649 0.0
57848.053206 6.96390694941 0.0 6.96390694941 0.0
57848.0532407 6.95248157135 0.0 6.95248157135 0.0
57848.0533218 6.88541937721 0.0 6.88541937721 0.0
57848.0533565 6.8812062896 0.0 6.8812062896 0.0
57848.0534144 0.986407623653 0.0 0.986407623653 0.0
57848.0534606 0.37148351242 0.0 0.37148351242 0.0
57848.0757755 7.18038996156 0.0 7.18038996156 0.0
57848.0758102 7.00963622451 0.0 7.00963622451 0.0
57848.0758565 6.96247082579 0.0 6.96247082579 0.0
57848.0759144 6.97330624596 0.0 6.97330624596 0.0
57848.0759838 6.97309113665 0.0 6.97309113665 0.0
57848.0760301 6.95384785568 0.0 6.95384785568 0.0
57848.0760648 6.96038792022 0.0 6.96038792022 0.0
57848.0761227 6.97925497457 0.0 6.97925497457 0.0
57848.0761921 6.99614179387 0.0 6.99614179387 0.0
57848.0762384 6.99928567784 0.0 6.99928567784 0.0
57848.0762847 6.99199542334 0.0 6.99199542334 0.0
57848.076331 7.05428947521 0.0 7.05428947521 0.0
57848.0764005 7.09013399027 0.0 7.09013399027 0.0
57848.0764468 7.07615714919 0.0 7.07615714919 0.0
57848.0764931 7.08547810666 0.0 7.08547810666 0.0
57848.0765394 7.11322711573 0.0 7.11322711573 0.0
57848.0766088 7.23000691563 0.0 7.23000691563 0.0
57848.0766551 7.06668238992 0.0 7.06668238992 0.0
57848.0767014 7.07580384126 0.0 7.07580384126 0.0
57848.0767477 7.1368760673 0.0 7.1368760673 0.0
57848.0768171 7.09492776566 0.0 7.09492776566 0.0
57848.0768634 6.98949211317 0.0 6.98949211317 0.0
57848.0769213 6.99757100714 0.0 6.99757100714 0.0
57848.076956 7.00556921313 0.0 7.00556921313 0.0
57848.0770255 7.02524020942 0.0 7.02524020942 0.0
57848.0770718 7.22481833682 0.0 7.22481833682 0.0
57848.0771296 7.49486490872 0.0 7.49486490872 0.0
57848.0771759 7.68674183253 0.0 7.68674183253 0.0
57848.0772454 7.77135766774 0.0 7.77135766774 0.0
57848.0772917 7.20596974737 0.0 7.20596974737 0.0
57848.077338 7.13105882741 0.0 7.13105882741 0.0
57848.0773843 7.17307465457 0.0 7.17307465457 0.0
57848.0774537 7.15492837141 0.0 7.15492837141 0.0
57848.0775 7.09344768078 0.0 7.09344768078 0.0
57848.0775463 7.06873397434 0.0 7.06873397434 0.0
57848.0775926 7.02637886824 0.0 7.02637886824 0.0
57848.077662 7.18073812362 0.0 7.18073812362 0.0
57848.0777083 7.08519583357 0.0 7.08519583357 0.0
57848.0777546 7.20472067467 0.0 7.20472067467 0.0
57848.0778009 7.39459261893 0.0 7.39459261893 0.0
57848.0778704 7.41046557242 0.0 7.41046557242 0.0
57848.0779167 7.07276466454 0.0 7.07276466454 0.0
57848.077963 7.04918434998 0.0 7.04918434998 0.0
57848.0780093 7.0381105419 0.0 7.0381105419 0.0
57848.0780787 7.03022048018 0.0 7.03022048018 0.0
57848.0781366 7.0083521601 0.0 7.0083521601 0.0
57848.0781829 7.01006419371 0.0 7.01006419371 0.0
57848.0782176 6.97832358092 0.0 6.97832358092 0.0
57848.078287 6.96297350275 0.0 6.96297350275 0.0
57848.0783449 6.9522658177 0.0 6.9522658177 0.0
57848.0783912 6.95212197822 0.0 6.95212197822 0.0
57848.0784375 6.98834744414 0.0 6.98834744414 0.0
57848.0785069 6.94543015227 0.0 6.94543015227 0.0
57848.0785532 6.93202712055 0.0 6.93202712055 0.0
57848.0785995 6.96972022394 0.0 6.96972022394 0.0
57848.0786458 7.0346286327 0.0 7.0346286327 0.0
57848.0787153 7.07410771759 0.0 7.07410771759 0.0
57848.0787616 6.97925497457 0.0 6.97925497457 0.0
57848.0788079 7.03697378139 0.0 7.03697378139 0.0
57848.0788542 7.06130299591 0.0 7.06130299591 0.0
57848.0789236 7.02737504336 0.0 7.02737504336 0.0
57848.0789699 7.0463465711 0.0 7.0463465711 0.0
57848.0790162 7.07855917543 0.0 7.07855917543 0.0
57848.0790741 7.19513724678 0.0 7.19513724678 0.0
57848.0791435 7.04208775861 0.0 7.04208775861 0.0
57848.0791782 7.01484140947 0.0 7.01484140947 0.0
57848.0792245 7.15367038659 0.0 7.15367038659 0.0
57848.0792824 7.24334177021 0.0 7.24334177021 0.0
57848.0793519 7.11400028114 0.0 7.11400028114 0.0
57848.0793981 7.11421112984 0.0 7.11421112984 0.0
57848.0794329 7.07142135642 0.0 7.07142135642 0.0
57848.0794907 7.09351816802 0.0 7.09351816802 0.0
57848.0795602 7.0787004457 0.0 7.0787004457 0.0
57848.0796065 7.03242490184 0.0 7.03242490184 0.0
57848.0796528 7.0218943313 0.0 7.0218943313 0.0
57848.0796991 7.0052123451 0.0 7.0052123451 0.0
57848.0797685 7.00428440313 0.0 7.00428440313 0.0
57848.0798148 7.08230188569 0.0 7.08230188569 0.0
57848.0798611 7.07410771759 0.0 7.07410771759 0.0
57848.0799074 7.10232356345 0.0 7.10232356345 0.0
57848.0799769 7.05591950067 0.0 7.05591950067 0.0
57848.0800231 6.98240646196 0.0 6.98240646196 0.0
57848.0800694 6.98677321802 0.0 6.98677321802 0.0
57848.0801157 7.06087813236 0.0 7.06087813236 0.0
57848.0801852 7.08731260775 0.0 7.08731260775 0.0
57848.0802315 7.11610848709 0.0 7.11610848709 0.0
57848.0802894 7.08794751674 0.0 7.08794751674 0.0
57848.0803241 7.0850546928 0.0 7.0850546928 0.0
57848.0804051 7.0177631764 0.0 7.0177631764 0.0
57848.0804398 7.09542105868 0.0 7.09542105868 0.0
57848.0804977 1.14673449412 0.0 1.14673449412 0.0
57848.080544 0.428952211791 0.0 0.428952211791 0.0
57848.0827199 7.17460800323 0.0 7.17460800323 0.0
57848.0827546 7.16868188721 0.0 7.16868188721 0.0
57848.0828009 7.13077835864 0.0 7.13077835864 0.0
57848.0828588 7.22156492735 0.0 7.22156492735 0.0
57848.0829282 7.22979944397 0.0 7.22979944397 0.0
57848.0829745 7.25313725225 0.0 7.25313725225 0.0
57848.0830093 7.23429333107 0.0 7.23429333107 0.0
57848.0830671 7.2196260291 0.0 7.2196260291 0.0
57848.0831366 7.1065462779 0.0 7.1065462779 0.0
57848.0831829 7.00863752808 0.0 7.00863752808 0.0
57848.0832292 7.11505446219 0.0 7.11505446219 0.0
57848.0832755 7.20208303201 0.0 7.20208303201 0.0
57848.0833449 7.26594797669 0.0 7.26594797669 0.0
57848.0833912 7.00185689657 0.0 7.00185689657 0.0
57848.0834375 7.02552489142 0.0 7.02552489142 0.0
57848.0834838 7.17948466117 0.0 7.17948466117 0.0
57848.0835532 7.1025347588 0.0 7.1025347588 0.0
57848.0835995 7.02958035732 0.0 7.02958035732 0.0
57848.0836458 7.03363348491 0.0 7.03363348491 0.0
57848.0836921 7.09083916049 0.0 7.09083916049 0.0
57848.0837616 7.07502650172 0.0 7.07502650172 0.0
57848.0838079 6.99585591618 0.0 6.99585591618 0.0
57848.0838657 7.09894358338 0.0 7.09894358338 0.0
57848.0839005 7.22675584201 0.0 7.22675584201 0.0
57848.0839699 7.53352507131 0.0 7.53352507131 0.0
57848.0840162 7.31826482166 0.0 7.31826482166 0.0
57848.0840741 7.41114026314 0.0 7.41114026314 0.0
57848.0841204 7.22218803411 0.0 7.22218803411 0.0
57848.0841898 7.06746064722 0.0 7.06746064722 0.0
57848.0842361 7.16379787543 0.0 7.16379787543 0.0
57848.0842824 7.25940768934 0.0 7.25940768934 0.0
57848.0843287 7.42960295036 0.0 7.42960295036 0.0
57848.0843981 7.44392369655 0.0 7.44392369655 0.0
57848.0844444 7.27640020889 0.0 7.27640020889 0.0
57848.0844907 7.26980054747 0.0 7.26980054747 0.0
57848.084537 7.24299661742 0.0 7.24299661742 0.0
57848.0846065 7.10696841136 0.0 7.10696841136 0.0
57848.0846528 6.96491205975 0.0 6.96491205975 0.0
57848.0846991 7.02837107728 0.0 7.02837107728 0.0
57848.0847454 7.12334191233 0.0 7.12334191233 0.0
57848.0848148 7.09626662408 0.0 7.09626662408 0.0
57848.0848611 7.02474198814 0.0 7.02474198814 0.0
57848.0849074 7.15884068827 0.0 7.15884068827 0.0
57848.0849537 7.17621069925 0.0 7.17621069925 0.0
57848.0850231 7.1844276042 0.0 7.1844276042 0.0
57848.085081 7.10014084367 0.0 7.10014084367 0.0
57848.0851273 7.11519500787 0.0 7.11519500787 0.0
57848.085162 7.09746433594 0.0 7.09746433594 0.0
57848.0852315 6.96641945335 0.0 6.96641945335 0.0
57848.0852894 6.98269289028 0.0 6.98269289028 0.0
57848.0853356 7.03427323894 0.0 7.03427323894 0.0
57848.0853819 7.05358065099 0.0 7.05358065099 0.0
57848.0854514 7.01391474143 0.0 7.01391474143 0.0
57848.0854977 7.01198973188 0.0 7.01198973188 0.0
57848.085544 7.01341571561 0.0 7.01341571561 0.0
57848.0855903 7.02602305718 0.0 7.02602305718 0.0
57848.0856597 7.08568980411 0.0 7.08568980411 0.0
57848.085706 7.03356239753 0.0 7.03356239753 0.0
57848.0857523 7.04052554857 0.0 7.04052554857 0.0
57848.0857986 7.07764084989 0.0 7.07764084989 0.0
57848.0858681 7.04812031679 0.0 7.04812031679 0.0
57848.0859144 7.10823466129 0.0 7.10823466129 0.0
57848.0859606 7.31682991466 0.0 7.31682991466 0.0
57848.0860185 7.53836852376 0.0 7.53836852376 0.0
57848.086088 7.2148458057 0.0 7.2148458057 0.0
57848.0861227 7.32229472228 0.0 7.32229472228 0.0
57848.086169 7.30828297208 0.0 7.30828297208 0.0
57848.0862269 7.22585635063 0.0 7.22585635063 0.0
57848.0862963 7.04677231078 0.0 7.04677231078 0.0
57848.0863426 7.0194016839 0.0 7.0194016839 0.0
57848.0863773 7.0719162891 0.0 7.0719162891 0.0
57848.0864352 7.13694612562 0.0 7.13694612562 0.0
57848.0865046 7.26718652575 0.0 7.26718652575 0.0
57848.0865509 7.14065823296 0.0 7.14065823296 0.0
57848.0865972 7.1506643048 0.0 7.1506643048 0.0
57848.0866435 7.16212259041 0.0 7.16212259041 0.0
57848.086713 7.0489006235 0.0 7.0489006235 0.0
57848.0867593 7.00228534123 0.0 7.00228534123 0.0
57848.0868056 7.04556598152 0.0 7.04556598152 0.0
57848.0868519 7.06562099182 0.0 7.06562099182 0.0
57848.0869213 6.99049354481 0.0 6.99049354481 0.0
57848.0869676 6.98183357006 0.0 6.98183357006 0.0
57848.0870139 7.02431491321 0.0 7.02431491321 0.0
57848.0870602 7.06887544097 0.0 7.06887544097 0.0
57848.0871296 7.02986486357 0.0 7.02986486357 0.0
57848.0871759 6.98240646196 0.0 6.98240646196 0.0
57848.0872338 6.99678497597 0.0 6.99678497597 0.0
57848.0872685 6.96857230715 0.0 6.96857230715 0.0
57848.0873495 7.02922470832 0.0 7.02922470832 0.0
57848.0873843 7.10197155725 0.0 7.10197155725 0.0
57848.0874421 7.2325652434 0.0 7.2325652434 0.0
57848.0874884 7.23754101888 0.0 7.23754101888 0.0
57848.0939815 45.9099117838 0.0 45.9099117838 0.0
57848.0940278 50.343539804 0.0 50.343539804 0.0
57848.0940741 52.0769142711 0.0 52.0769142711 0.0
57848.0941204 52.9048296472 0.0 52.9048296472 0.0
57848.0941898 48.3228000017 0.0 48.3228000017 0.0
57848.0942361 8.07570430365 0.0 8.07570430365 0.0
57848.0942824 7.76363317011 0.0 7.76363317011 0.0
57848.0943287 7.33941414556 0.0 7.33941414556 0.0
57848.0943981 7.00671106868 0.0 7.00671106868 0.0
57848.094456 7.3446579226 0.0 7.3446579226 0.0
57848.0944907 7.36491683592 0.0 7.36491683592 0.0
57848.094537 7.26044075797 0.0 7.26044075797 0.0
57848.0946065 6.98104576693 0.0 6.98104576693 0.0
57848.0946644 6.97180034138 0.0 6.97180034138 0.0
57848.0947106 6.99256748269 0.0 6.99256748269 0.0
57848.0947454 6.98247807014 0.0 6.98247807014 0.0
57848.0948264 6.8587170812 0.0 6.8587170812 0.0
57848.0948727 6.93469537903 0.0 6.93469537903 0.0
57848.094919 6.94823718651 0.0 6.94823718651 0.0
57848.0949653 6.94852502334 0.0 6.94852502334 0.0
57848.0950347 6.93029580898 0.0 6.93029580898 0.0
57848.095081 6.94910066124 0.0 6.94910066124 0.0
57848.0951273 7.02986486357 0.0 7.02986486357 0.0
57848.0951736 7.16289047801 0.0 7.16289047801 0.0
57848.0952431 7.10703876449 0.0 7.10703876449 0.0
57848.0952894 6.91353744475 0.0 6.91353744475 0.0
57848.0953356 6.98247807014 0.0 6.98247807014 0.0
57848.0953819 7.00514096932 0.0 7.00514096932 0.0
57848.095463 7.08879397359 0.0 7.08879397359 0.0
57848.0954977 7.08921716412 0.0 7.08921716412 0.0
57848.095544 7.0189030482 0.0 7.0189030482 0.0
57848.0956019 6.97359304806 0.0 6.97359304806 0.0
57848.0956713 7.06052405987 0.0 7.06052405987 0.0
57848.0957176 7.19861097713 0.0 7.19861097713 0.0
57848.0957523 7.31689824994 0.0 7.31689824994 0.0
57848.0958102 7.38146326957 0.0 7.38146326957 0.0
57848.0958796 7.12649984214 0.0 7.12649984214 0.0
57848.0959259 6.9522658177 0.0 6.9522658177 0.0
57848.0959722 6.96053158889 0.0 6.96053158889 0.0
57848.0960185 6.99414040465 0.0 6.99414040465 0.0
57848.096088 6.90695301852 0.0 6.90695301852 0.0
57848.0961343 6.90463612365 0.0 6.90463612365 0.0
57848.0961806 6.96950500394 0.0 6.96950500394 0.0
57848.0962269 7.02324711227 0.0 7.02324711227 0.0
57848.0962963 7.0142711667 0.0 7.0142711667 0.0
57848.0963426 7.05776168484 0.0 7.05776168484 0.0
57848.0963889 7.04336567274 0.0 7.04336567274 0.0
57848.0964352 7.08357254498 0.0 7.08357254498 0.0
57848.0965046 6.98111738907 0.0 6.98111738907 0.0
57848.0965509 6.90637386767 0.0 6.90637386767 0.0
57848.0966088 6.91505603737 0.0 6.91505603737 0.0
57848.0966435 6.95521387162 0.0 6.95521387162 0.0
57848.0967245 6.95456684489 0.0 6.95456684489 0.0
57848.0967593 6.91773084183 0.0 6.91773084183 0.0
57848.0968171 6.97581536453 0.0 6.97581536453 0.0
57848.0968634 7.05230458786 0.0 7.05230458786 0.0
57848.0969329 7.14730718523 0.0 7.14730718523 0.0
57848.0969792 6.92062135939 0.0 6.92062135939 0.0
57848.0970255 6.96347614342 0.0 6.96347614342 0.0
57848.0970718 6.97072449606 0.0 6.97072449606 0.0
57848.0971412 6.95413546029 0.0 6.95413546029 0.0
57848.0971875 7.01241755745 0.0 7.01241755745 0.0
57848.0972338 7.00863752808 0.0 7.00863752808 0.0
57848.0972801 7.05457298495 0.0 7.05457298495 0.0
57848.0973495 7.22080327941 0.0 7.22080327941 0.0
57848.0973958 7.18651514992 0.0 7.18651514992 0.0
57848.0974421 7.22807028189 0.0 7.22807028189 0.0
57848.0974884 7.11884822145 0.0 7.11884822145 0.0
57848.0975579 6.95327261079 0.0 6.95327261079 0.0
57848.0976157 6.93527216481 0.0 6.93527216481 0.0
57848.0976505 6.93390222025 0.0 6.93390222025 0.0
57848.0976968 6.91650200607 0.0 6.91650200607 0.0
57848.0977662 6.86447375987 0.0 6.86447375987 0.0
57848.0978241 6.894418032 0.0 6.894418032 0.0
57848.0978704 6.9249548735 0.0 6.9249548735 0.0
57848.0979051 6.92141604009 0.0 6.92141604009 0.0
57848.1320255 6.8905007075 0.0 6.8905007075 0.0
57848.1320602 6.83812839891 0.0 6.83812839891 0.0
57848.1321065 6.86738669364 0.0 6.86738669364 0.0
57848.1321644 6.88469316673 0.0 6.88469316673 0.0
57848.1322338 6.87109889319 0.0 6.87109889319 0.0
57848.1322801 6.86949779824 0.0 6.86949779824 0.0
57848.1323148 6.87240860252 0.0 6.87240860252 0.0
57848.1323727 6.87488181717 0.0 6.87488181717 0.0
57848.1324421 6.86491077874 0.0 6.86491077874 0.0
57848.1324884 6.85266371567 0.0 6.85266371567 0.0
57848.1325347 6.88164224586 0.0 6.88164224586 0.0
57848.132581 7.00556921313 0.0 7.00556921313 0.0
57848.1326505 6.96045975493 0.0 6.96045975493 0.0
57848.1326968 6.89021044671 0.0 6.89021044671 0.0
57848.1327431 6.8833857948 0.0 6.8833857948 0.0
57848.1327894 6.90796641567 0.0 6.90796641567 0.0
57848.1328588 6.9153452553 0.0 6.9153452553 0.0
57848.1329051 6.96649122586 0.0 6.96649122586 0.0
57848.1329514 7.03732903878 0.0 7.03732903878 0.0
57848.1329977 6.89521573267 0.0 6.89521573267 0.0
57848.1330671 6.93029580898 0.0 6.93029580898 0.0
57848.1331134 6.90347738462 0.0 6.90347738462 0.0
57848.1331713 6.90514301083 0.0 6.90514301083 0.0
57848.133206 6.90253576593 0.0 6.90253576593 0.0
57848.1332755 6.87240860252 0.0 6.87240860252 0.0
57848.1333218 6.92971860901 0.0 6.92971860901 0.0
57848.1333796 6.87968022513 0.0 6.87968022513 0.0
57848.1334259 6.88265936975 0.0 6.88265936975 0.0
57848.1334954 6.90383951146 0.0 6.90383951146 0.0
57848.1335417 6.91382672621 0.0 6.91382672621 0.0
57848.133588 6.89673835954 0.0 6.89673835954 0.0
57848.1336343 6.88672636308 0.0 6.88672636308 0.0
57848.1337037 6.90202868728 0.0 6.90202868728 0.0
57848.13375 6.89216946977 0.0 6.89216946977 0.0
57848.1337963 6.90391193455 0.0 6.90391193455 0.0
57848.1338426 6.92163275535 0.0 6.92163275535 0.0
57848.133912 6.95966953238 0.0 6.95966953238 0.0
57848.1339583 6.96641945335 0.0 6.96641945335 0.0
57848.1340046 6.96498384779 0.0 6.96498384779 0.0
57848.1340509 7.04201675658 0.0 7.04201675658 0.0
57848.1341204 7.0259518928 0.0 7.0259518928 0.0
57848.1341667 6.88955731524 0.0 6.88955731524 0.0
57848.134213 6.89463559588 0.0 6.89463559588 0.0
57848.1342593 6.95981321588 0.0 6.95981321588 0.0
57848.1343287 7.01241755745 0.0 7.01241755745 0.0
57848.1343866 6.92271622992 0.0 6.92271622992 0.0
57848.1344329 6.94586207753 0.0 6.94586207753 0.0
57848.1344676 6.94766147707 0.0 6.94766147707 0.0
57848.134537 6.98047276336 0.0 6.98047276336 0.0
57848.1345949 6.92661533507 0.0 6.92661533507 0.0
57848.1346412 6.94182972998 0.0 6.94182972998 0.0
57848.1346875 6.93736261125 0.0 6.93736261125 0.0
57848.1347569 6.89420046126 0.0 6.89420046126 0.0
57848.1348032 6.91288651722 0.0 6.91288651722 0.0
57848.1348495 6.92293290448 0.0 6.92293290448 0.0
57848.1348958 6.9263987757 0.0 6.9263987757 0.0
57848.1349653 6.97689042482 0.0 6.97689042482 0.0
57848.1350116 6.92372731988 0.0 6.92372731988 0.0
57848.1350579 6.90398435688 0.0 6.90398435688 0.0
57848.1351042 6.94643793609 0.0 6.94643793609 0.0
57848.1351736 6.91360976625 0.0 6.91360976625 0.0
57848.1352199 6.95183429032 0.0 6.95183429032 0.0
57848.1352662 6.97029411144 0.0 6.97029411144 0.0
57848.1353241 6.96117806122 0.0 6.96117806122 0.0
57848.1353935 6.96900279811 0.0 6.96900279811 0.0
57848.1354282 6.96878755595 0.0 6.96878755595 0.0
57848.1354745 6.98713102783 0.0 6.98713102783 0.0
57848.1355324 7.10668699184 0.0 7.10668699184 0.0
57848.1356019 7.07848853923 0.0 7.07848853923 0.0
57848.1356481 6.98018624393 0.0 6.98018624393 0.0
57848.1356829 6.95312879213 0.0 6.95312879213 0.0
57848.1357407 6.98047276336 0.0 6.98047276336 0.0
57848.1358102 7.00257095644 0.0 7.00257095644 0.0
57848.1358565 6.95758578819 0.0 6.95758578819 0.0
57848.1359028 7.00199971437 0.0 7.00199971437 0.0
57848.1359491 7.1043648555 0.0 7.1043648555 0.0
57848.1360185 7.20020833032 0.0 7.20020833032 0.0
57848.1360648 7.00264235842 0.0 7.00264235842 0.0
57848.1361111 6.97093967841 0.0 6.97093967841 0.0
57848.1361574 7.00249955373 0.0 7.00249955373 0.0
57848.1362269 7.1373664611 0.0 7.1373664611 0.0
57848.1362731 6.99557002681 0.0 6.99557002681 0.0
57848.1363194 7.01084873607 0.0 7.01084873607 0.0
57848.1363657 7.03256709886 0.0 7.03256709886 0.0
57848.1364352 7.01441373174 0.0 7.01441373174 0.0
57848.1364815 7.11498418832 0.0 7.11498418832 0.0
57848.1365394 7.28594537449 0.0 7.28594537449 0.0
57848.1365741 7.32720956436 0.0 7.32720956436 0.0
57848.1366551 7.16156407498 0.0 7.16156407498 0.0
57848.1366898 7.02645002829 0.0 7.02645002829 0.0
57848.1367477 7.1157571628 0.0 7.1157571628 0.0
57848.136794 7.19909716562 0.0 7.19909716562 0.0
57848.156331 7.93933246564 0.0 7.93933246564 0.0
57848.1563657 7.50533143838 0.0 7.50533143838 0.0
57848.156412 7.5496357528 0.0 7.5496357528 0.0
57848.1564699 7.57489273851 0.0 7.57489273851 0.0
57848.1565394 7.5541379389 0.0 7.5541379389 0.0
57848.1565856 7.44177398206 0.0 7.44177398206 0.0
57848.1566204 7.37766900857 0.0 7.37766900857 0.0
57848.1566782 7.40918349078 0.0 7.40918349078 0.0
57848.1567477 7.43162162654 0.0 7.43162162654 0.0
57848.156794 7.61800498818 0.0 7.61800498818 0.0
57848.1568403 7.64107322305 0.0 7.64107322305 0.0
57848.1568866 7.5876214982 0.0 7.5876214982 0.0
57848.156956 7.50759615323 0.0 7.50759615323 0.0
57848.1570023 7.59710471166 0.0 7.59710471166 0.0
57848.1570486 7.73653669286 0.0 7.73653669286 0.0
57848.1570949 7.73084730156 0.0 7.73084730156 0.0
57848.1571644 7.43404331437 0.0 7.43404331437 0.0
57848.1572106 7.67561072489 0.0 7.67561072489 0.0
57848.1572569 7.72340598441 0.0 7.72340598441 0.0
57848.1573032 7.66531147443 0.0 7.66531147443 0.0
57848.1573727 7.52469268475 0.0 7.52469268475 0.0
57848.157419 7.59210115844 0.0 7.59210115844 0.0
57848.1574769 7.5649190346 0.0 7.5649190346 0.0
57848.1575116 7.63033419976 0.0 7.63033419976 0.0
57848.157581 7.66185356164 0.0 7.66185356164 0.0
57848.1576273 7.40459316911 0.0 7.40459316911 0.0
57848.1576852 7.38586487827 0.0 7.38586487827 0.0
57848.1577315 7.4 0.0 7.4 0.0
57848.1578009 7.3586004104 0.0 7.3586004104 0.0
57848.1578472 7.42495791234 0.0 7.42495791234 0.0
57848.1578935 7.41781639029 0.0 7.41781639029 0.0
57848.1579398 7.38369826036 0.0 7.38369826036 0.0
57848.1580093 7.38166647851 0.0 7.38166647851 0.0
57848.1580556 7.37746568952 0.0 7.37746568952 0.0
57848.1581019 7.37156699759 0.0 7.37156699759 0.0
57848.1581481 7.38532328338 0.0 7.38532328338 0.0
57848.1582176 7.37929535931 0.0 7.37929535931 0.0
57848.1582639 7.42084900803 0.0 7.42084900803 0.0
57848.1583102 7.45238216948 0.0 7.45238216948 0.0
57848.1583565 7.46029490034 0.0 7.46029490034 0.0
57848.1584259 7.40222939391 0.0 7.40222939391 0.0
57848.1584722 7.44969798046 0.0 7.44969798046 0.0
57848.1585185 7.48418332218 0.0 7.48418332218 0.0
57848.1585648 7.54579353017 0.0 7.54579353017 0.0
57848.1586343 7.5870284038 0.0 7.5870284038 0.0
57848.1586921 7.43505211818 0.0 7.43505211818 0.0
57848.1587384 7.431823464 0.0 7.431823464 0.0
57848.1587731 7.40783369144 0.0 7.40783369144 0.0
57848.1588426 7.42489057158 0.0 7.42489057158 0.0
57848.1589005 7.52960822354 0.0 7.52960822354 0.0
57848.1589468 7.45741241987 0.0 7.45741241987 0.0
57848.1589931 7.41545683016 0.0 7.41545683016 0.0
57848.1590625 7.47669713176 0.0 7.47669713176 0.0
57848.1591088 7.4556019207 0.0 7.4556019207 0.0
57848.1591551 7.47442305466 0.0 7.47442305466 0.0
57848.1592014 7.59526168081 0.0 7.59526168081 0.0
57848.1592708 7.50373240461 0.0 7.50373240461 0.0
57848.1593171 7.46237227696 0.0 7.46237227696 0.0
57848.1593634 7.46190324247 0.0 7.46190324247 0.0
57848.1594097 7.41916437343 0.0 7.41916437343 0.0
57848.1594792 7.51045937343 0.0 7.51045937343 0.0
57848.1595255 7.59894729551 0.0 7.59894729551 0.0
57848.1595718 7.59038865935 0.0 7.59038865935 0.0
57848.1596296 7.52010638223 0.0 7.52010638223 0.0
57848.1596991 7.40303991614 0.0 7.40303991614 0.0
57848.1597338 7.50319931762 0.0 7.50319931762 0.0
57848.1597801 7.54135266381 0.0 7.54135266381 0.0
57848.159838 7.57040289549 0.0 7.57040289549 0.0
57848.1599074 7.5133215025 0.0 7.5133215025 0.0
57848.1599537 7.44459535502 0.0 7.44459535502 0.0
57848.1599884 7.46773057896 0.0 7.46773057896 0.0
57848.1600463 7.46063000021 0.0 7.46063000021 0.0
57848.1601157 7.42623727065 0.0 7.42623727065 0.0
57848.160162 7.44936238882 0.0 7.44936238882 0.0
57848.1602083 7.42664123275 0.0 7.42664123275 0.0
57848.1602546 7.43693485248 0.0 7.43693485248 0.0
57848.1603241 7.45908841615 0.0 7.45908841615 0.0
57848.1603704 7.49479819608 0.0 7.49479819608 0.0
57848.1604167 7.52582221422 0.0 7.52582221422 0.0
57848.160463 7.51591644445 0.0 7.51591644445 0.0
57848.1605324 7.48445054764 0.0 7.48445054764 0.0
57848.1605787 7.44634138353 0.0 7.44634138353 0.0
57848.160625 7.44472967944 0.0 7.44472967944 0.0
57848.1606713 7.46431510589 0.0 7.46431510589 0.0
57848.1607407 7.44284891691 0.0 7.44284891691 0.0
57848.160787 7.4568760215 0.0 7.4568760215 0.0
57848.1608449 7.46906955383 0.0 7.46906955383 0.0
57848.1608796 7.4637122131 0.0 7.4637122131 0.0
57848.1609606 7.42421713045 0.0 7.42421713045 0.0
57848.1609954 7.45097309081 0.0 7.45097309081 0.0
57848.1610532 2.68365422512 0.0 2.68365422512 0.0
57848.1610995 1.23247718032 0.0 1.23247718032 0.0
