57847.938206 152.788015285 0.0 151.720301189 0.0
57847.9458449 151.810304069 0.0 150.74942242 0.0
57847.9534838 150.918602721 0.0 149.863952464 0.0
57847.9611227 150.109838178 0.0 149.060839734 0.0
57847.9715394 132.412041457 0.0 130.764182963 0.0
57847.9791782 131.858632643 0.0 130.217661282 0.0
57847.9965394 128.511980437 0.0 126.615020544 0.0
57848.0139005 123.54715704 0.0 120.605136025 0.0
57848.0215394 123.351737964 0.0 120.414370452 0.0
57848.0416782 121.151811042 0.0 118.172212047 0.0
57848.0486227 121.149209852 0.0 118.16967483 0.0
57848.075706 117.257346178 0.0 113.369275898 0.0
57848.0826505 117.428922517 0.0 113.535163033 0.0
57848.0930671 115.144388207 0.0 110.878290105 0.0
57848.131956 134.754209167 0.0 133.151298325 0.0
57848.1562616 115.970102847 0.0 111.399366433 0.0
