57848.4708912 117.093698011 0.0 122.631873031 0.0
57848.4710069 118.943563849 0.0 121.271973477 0.0
57848.4711343 119.454870872 0.0 117.173914529 0.0
57848.47125 135.223198283 0.0 131.628901359 0.0
57848.4713657 123.599438097 0.0 119.39802784 0.0
57848.4714931 119.52175968 0.0 114.780633366 0.0
57848.4715278 120.74930471 0.0 116.850189854 0.0
57848.4716088 122.03985762 0.0 119.062416824 0.0
57848.4717245 135.713281016 0.0 137.135704005 0.0
57848.4718519 127.921800245 0.0 134.618488511 0.0
57848.4719676 115.756330043 0.0 117.171971081 0.0
57848.4720833 113.37300516 0.0 113.217018398 0.0
57848.4722106 114.801030762 0.0 117.118377811 0.0
57848.4722222 114.320114245 0.0 115.45339309 0.0
57848.4723264 113.783304456 0.0 113.793266528 0.0
57848.4724421 112.618242408 0.0 113.519622119 0.0
57848.4725694 116.56358479 0.0 114.79558975 0.0
57848.4726852 121.205566465 0.0 126.209039605 0.0
57848.4728009 115.246140434 0.0 114.861550873 0.0
57848.4729167 114.198152362 0.0 116.064868233 0.0
57848.4729282 113.204173629 0.0 117.343647885 0.0
57848.473044 111.961774923 0.0 112.96433033 0.0
57848.4731597 114.039605177 0.0 115.210638016 0.0
57848.473287 113.038612629 0.0 111.97870577 0.0
57848.4734028 114.135023779 0.0 115.224336917 0.0
57848.4735185 112.242293032 0.0 112.182063647 0.0
57848.4736111 111.41930703 0.0 111.147078077 0.0
57848.4736458 110.630259663 0.0 110.155589609 0.0
57848.4737616 118.301093368 0.0 119.872486001 0.0
57848.4738773 109.940052101 0.0 110.522046968 0.0
57848.4740046 114.584772566 0.0 114.663510826 0.0
57848.4741204 110.706926048 0.0 110.367746018 0.0
57848.4742361 115.385616066 0.0 115.293224311 0.0
57848.4743056 114.646464411 0.0 114.041215484 0.0
57848.4743634 113.923485419 0.0 112.829979274 0.0
57848.4744792 120.86397944 0.0 115.261753535 0.0
57848.4745949 118.683530871 0.0 116.696445289 0.0
57848.4747222 110.358908458 0.0 109.937673629 0.0
57848.474838 115.050773696 0.0 115.387144223 0.0
57848.4749537 113.31375402 0.0 114.542808591 0.0
57848.475 111.08507262 0.0 111.674165544 0.0
57848.475081 108.963834464 0.0 108.990362523 0.0
57848.4751968 111.792549108 0.0 113.323026597 0.0
57848.4753125 111.012414306 0.0 110.259661559 0.0
57848.4754282 115.069045447 0.0 114.922319516 0.0
57848.4755556 111.567136658 0.0 109.941895599 0.0
57848.4756713 109.1532055 0.0 109.559498251 0.0
57848.4756944 109.473401468 0.0 109.597405845 0.0
57848.4834375 109.181402615 0.0 154.343954439 0.0
57848.4835648 144.399397807 0.0 146.70989742 0.0
57848.4836806 137.651031238 0.0 113.179682788 0.0
57848.4837963 151.238484626 0.0 156.017401347 0.0
57848.4839236 108.179608083 0.0 110.110632289 0.0
57848.4840278 113.506476441 0.0 126.654228907 0.0
57848.4840394 119.669989279 0.0 153.911417429 0.0
57848.4841551 104.517590768 0.0 147.925897976 0.0
57848.4842708 151.455439678 0.0 142.084400625 0.0
57848.4843981 144.657612375 0.0 143.557325355 0.0
57848.4845139 131.209159635 0.0 109.912352309 0.0
57848.4846296 157.928426441 0.0 140.211448637 0.0
57848.4847222 147.128602158 0.0 125.141600413 0.0
57848.4847569 138.330342434 0.0 114.112262461 0.0
57848.4848727 153.985303455 0.0 127.280039979 0.0
57848.4849884 160.323854223 0.0 132.651364068 0.0
57848.4851157 135.766970041 0.0 139.716005314 0.0
57848.4852315 145.875233525 0.0 110.999213119 0.0
57848.4853472 120.010449841 0.0 104.433530999 0.0
57848.4854167 131.091920525 0.0 122.573968913 0.0
57848.4854745 145.899124298 0.0 155.3205495 0.0
57848.4855903 159.859834346 0.0 160.126931867 0.0
57848.485706 126.754180191 0.0 132.986864505 0.0
57848.4858333 142.939542765 0.0 109.42885317 0.0
57848.4859491 112.182885415 0.0 107.661025636 0.0
57848.4860648 113.279764384 0.0 109.002508999 0.0
57848.4861111 113.758163285 0.0 108.908216017 0.0
57848.4861921 114.237369096 0.0 108.808244375 0.0
57848.4863079 107.139704326 0.0 106.843183245 0.0
57848.4864236 103.704562007 0.0 106.681392056 0.0
57848.4865509 116.088592868 0.0 114.297786908 0.0
57848.4866667 104.057734311 0.0 103.300570821 0.0
57848.4867824 108.014290957 0.0 106.247696253 0.0
57848.4868056 111.179621177 0.0 111.363093487 0.0
57848.4869097 114.719147443 0.0 117.381668458 0.0
57848.4870255 141.493370438 0.0 139.154295528 0.0
57848.4871412 110.660881914 0.0 112.412822809 0.0
57848.4872685 110.870825698 0.0 110.194246692 0.0
57848.4873843 107.429221448 0.0 108.073103254 0.0
57848.4875 104.522914693 0.0 104.199121234 0.0
57848.4876273 122.987016059 0.0 135.343267328 0.0
57848.4877431 105.785537409 0.0 105.566267169 0.0
57848.4878588 104.839638887 0.0 104.848403498 0.0
57848.4879861 106.188720616 0.0 106.773345218 0.0
57848.4881019 109.830071351 0.0 109.116504989 0.0
57848.4881944 106.788794684 0.0 106.133647747 0.0
57848.4882176 103.960366799 0.0 103.356396382 0.0
57848.4883449 106.455649512 0.0 106.680050675 0.0
57848.4884606 150.278561382 0.0 150.252907446 0.0
57848.4885764 108.248397323 0.0 110.064064499 0.0
57848.4886921 111.447305521 0.0 110.737316818 0.0
57848.4888194 109.666745411 0.0 110.010346527 0.0
57848.4888889 111.137131135 0.0 109.943887652 0.0
57848.4973032 105.262202452 0.0 105.395989103 0.0
57848.497419 104.905262366 0.0 105.366791353 0.0
57848.4975463 104.782499555 0.0 104.673924165 0.0
57848.497662 102.7970327 0.0 102.175182858 0.0
57848.4977778 102.745717137 0.0 103.290183357 0.0
57848.4978935 104.616109558 0.0 103.134358131 0.0
57848.4979167 103.296283312 0.0 102.582599031 0.0
57848.4980208 102.055890099 0.0 102.070701648 0.0
57848.4981366 104.174238898 0.0 104.709111289 0.0
57848.4982523 101.898030776 0.0 102.115446819 0.0
57848.4983796 102.931055911 0.0 103.247303786 0.0
57848.4984954 103.353794081 0.0 102.26807452 0.0
57848.4986111 102.709042153 0.0 102.370617362 0.0
57848.4987384 103.275608127 0.0 103.127472489 0.0
57848.4988542 104.156587146 0.0 102.488613216 0.0
57848.4989699 102.217837695 0.0 102.082809047 0.0
57848.4990972 105.771931905 0.0 104.746149285 0.0
57848.499213 101.894539343 0.0 102.134409633 0.0
57848.4993056 102.261923085 0.0 102.4540065 0.0
57848.4993287 102.648620678 0.0 102.791815341 0.0
57848.499456 101.709718361 0.0 101.565271397 0.0
57848.4995718 103.420660368 0.0 102.717215651 0.0
57848.4996875 102.591609915 0.0 102.369628626 0.0
57848.4998148 102.219932376 0.0 102.755326456 0.0
57848.4999306 101.887702634 0.0 102.012867463 0.0
57848.5 102.108327114 0.0 102.378357894 0.0
57848.5000463 102.361101181 0.0 102.778978327 0.0
57848.5001736 102.366470712 0.0 102.163329145 0.0
57848.5002894 102.449287997 0.0 103.802164732 0.0
57848.5004051 101.410666919 0.0 101.216515031 0.0
57848.5005324 101.237989949 0.0 101.496860114 0.0
57848.5006481 101.201764288 0.0 101.464253479 0.0
57848.5006944 101.852010221 0.0 102.142877241 0.0
57848.5007639 102.565526548 0.0 102.886064533 0.0
57848.5008912 101.832199205 0.0 101.462655948 0.0
57848.5010069 101.268906151 0.0 101.700523927 0.0
57848.5011227 104.691674148 0.0 104.859956885 0.0
57848.50125 103.96025556 0.0 103.369611942 0.0
57848.5013657 102.532426524 0.0 103.090661973 0.0
57848.5013889 102.88914712 0.0 102.683516589 0.0
57848.5014815 103.106127194 0.0 102.139626365 0.0
57848.5016088 103.60117773 0.0 102.626830337 0.0
57848.5017245 101.019923292 0.0 101.503236308 0.0
57848.5018403 100.902628068 0.0 101.038337551 0.0
57848.5019676 101.74650452 0.0 101.902764791 0.0
57848.5020833 103.574521476 0.0 101.79080708 0.0
57848.5021991 101.067559226 0.0 101.919490467 0.0
57848.5023148 100.871559555 0.0 100.771077091 0.0
57848.5024421 100.821440111 0.0 100.650772471 0.0
57848.5025579 101.012712056 0.0 100.729337037 0.0
57848.5026736 100.532209276 0.0 100.741612956 0.0
57848.5027778 101.098954322 0.0 100.860209934 0.0
57848.5028009 101.632040957 0.0 100.936509123 0.0
57848.5029167 101.455055133 0.0 101.104827091 0.0
57848.5030324 100.844949412 0.0 100.683912265 0.0
57848.5031597 101.282040175 0.0 100.804107649 0.0
57848.5032755 101.579005715 0.0 101.927909603 0.0
57848.5033912 100.54568483 0.0 100.46260679 0.0
57848.5034722 100.573812019 0.0 100.891499949 0.0
57848.5035185 100.604008568 0.0 101.328391332 0.0
57848.5036343 100.580835386 0.0 100.782468967 0.0
57848.50375 101.763918473 0.0 101.738562001 0.0
57848.5038773 100.689269483 0.0 100.322011104 0.0
57848.5039931 101.276720533 0.0 101.123348911 0.0
57848.5041088 103.961071267 0.0 102.606441333 0.0
57848.5041667 102.706669701 0.0 101.647235368 0.0
57848.5062616 99.9771598116 0.0 100.255304917 0.0
57848.5063889 100.540932853 0.0 100.860943883 0.0
57848.5065046 100.677925808 0.0 100.10200467 0.0
57848.5066204 99.9719476053 0.0 100.287526941 0.0
57848.5067361 99.9043242808 0.0 99.9467903587 0.0
57848.5068634 100.865327452 0.0 101.250351441 0.0
57848.5069444 103.879423636 0.0 103.985869016 0.0
57848.5069792 107.358821002 0.0 107.131652148 0.0
57848.5070949 102.531834656 0.0 104.727199972 0.0
57848.5072222 100.218160729 0.0 100.014680352 0.0
57848.507338 99.3929536889 0.0 99.7701179512 0.0
57848.5074537 100.91299835 0.0 101.652941113 0.0
57848.507581 99.2339698238 0.0 99.9849318047 0.0
57848.5076389 102.067812419 0.0 105.507097046 0.0
57848.5076968 105.082184332 0.0 111.971344776 0.0
57848.5078125 101.93127782 0.0 100.844847518 0.0
57848.5079398 107.521562005 0.0 116.050885542 0.0
57848.5080556 101.649015101 0.0 102.033732118 0.0
57848.5081713 105.136976312 0.0 105.330813103 0.0
57848.5082986 109.355296163 0.0 107.859104836 0.0
57848.5083333 105.85893079 0.0 104.65532717 0.0
57848.5084144 102.656307132 0.0 101.700031726 0.0
57848.5085301 106.377253983 0.0 105.9868774 0.0
57848.5086574 100.495260256 0.0 102.263036866 0.0
57848.5087731 99.6279896264 0.0 101.177839995 0.0
57848.5088889 101.147265539 0.0 101.294680502 0.0
57848.5090162 99.6740002558 0.0 100.678399049 0.0
57848.5090278 101.548660666 0.0 102.306453408 0.0
57848.5091319 103.590070214 0.0 104.072598728 0.0
57848.5092477 99.0472262307 0.0 100.067285533 0.0
57848.509375 100.695031993 0.0 99.9870016352 0.0
57848.5094907 99.4095639765 0.0 99.3582450932 0.0
57848.5096065 101.392540056 0.0 101.691188202 0.0
57848.5097222 100.608082131 0.0 101.49493977 0.0
57848.5097338 99.8007909538 0.0 101.258509173 0.0
57848.5098495 99.7495278385 0.0 98.9101205287 0.0
57848.5099653 99.5921146427 0.0 100.665489891 0.0
57848.5100926 98.8207088266 0.0 98.9506563394 0.0
57848.5102083 98.642566025 0.0 98.7636732053 0.0
57848.5103241 99.4704444245 0.0 99.0983717222 0.0
57848.5104167 99.3728172138 0.0 99.0621949232 0.0
57848.5104514 99.2627094784 0.0 99.0134278419 0.0
57848.5105671 98.408985357 0.0 98.8690797166 0.0
57848.5106829 99.0809460038 0.0 98.2659524352 0.0
57848.5108102 98.9344729505 0.0 98.9725822236 0.0
57848.5109259 99.879701246 0.0 98.9436454099 0.0
57848.5110417 98.0574832942 0.0 98.0408949725 0.0
57848.5111111 98.4889039791 0.0 98.4145497119 0.0
57848.5111574 98.9655071831 0.0 98.8317591061 0.0
57848.5112847 98.3118270301 0.0 98.1264788933 0.0
57848.5114005 98.0479868942 0.0 97.9475674889 0.0
57848.5115162 97.9381880933 0.0 97.9010462763 0.0
57848.5116435 98.0127115174 0.0 98.4246614625 0.0
57848.5117593 97.8595911344 0.0 97.8297902431 0.0
57848.5118056 98.2954520413 0.0 98.6490458089 0.0
57848.511875 98.7574672417 0.0 99.5099619284 0.0
57848.5120023 98.2480734977 0.0 98.6096742769 0.0
57848.5121181 99.199257966 0.0 99.2673748419 0.0
57848.5122338 99.2416907353 0.0 99.9707481616 0.0
57848.5123611 99.6771277475 0.0 99.1402373408 0.0
57848.5124769 99.7117389579 0.0 100.117104108 0.0
57848.5125 99.603984082 0.0 100.198624916 0.0
57848.5125926 99.4631594662 0.0 100.246654498 0.0
57848.5127199 97.896933001 0.0 98.4794739679 0.0
57848.5128356 98.7852653081 0.0 98.917796508 0.0
57848.5129514 98.154971489 0.0 98.0270017342 0.0
57848.5130787 98.6955289869 0.0 98.4923707147 0.0
57848.5131944 98.4623450056 0.0 98.5243708683 0.0
57848.5208449 96.54123447 0.0 96.8712019075 0.0
57848.5209606 97.6670809843 0.0 98.9231316073 0.0
57848.5210764 96.8809327061 0.0 98.0844662064 0.0
57848.5212037 95.6401158197 0.0 95.6863902026 0.0
57848.5213194 96.6529566283 0.0 96.6312705081 0.0
57848.5214352 96.8805336949 0.0 97.8042510221 0.0
57848.5215278 96.6744468978 0.0 97.0617438026 0.0
57848.5215625 96.5419141772 0.0 96.4063991808 0.0
57848.5216782 96.8007905391 0.0 97.3183654661 0.0
57848.521794 97.9596658682 0.0 98.4761111184 0.0
57848.5219213 97.0742653075 0.0 97.4962848831 0.0
57848.522037 101.415563608 0.0 102.354179626 0.0
57848.5221528 96.0805340431 0.0 95.5613326717 0.0
57848.5222222 96.1930662522 0.0 95.71172144 0.0
57848.5222801 96.2846925217 0.0 95.8416247462 0.0
57848.5223958 100.987544138 0.0 101.122086682 0.0
57848.5225116 95.640831066 0.0 95.5397709124 0.0
57848.5226389 96.1295089762 0.0 96.7131530765 0.0
57848.5227546 95.751617036 0.0 95.4445369207 0.0
57848.5228704 95.3194225014 0.0 95.48618432 0.0
57848.5229167 96.3128278476 0.0 96.1307523792 0.0
57848.5229977 97.3272709881 0.0 96.7775345315 0.0
57848.5231134 98.8889642073 0.0 97.6273289505 0.0
57848.5232292 95.2514327924 0.0 95.2799582651 0.0
57848.5233565 96.6771311945 0.0 96.9177500874 0.0
57848.5234722 98.2507353662 0.0 98.4480539523 0.0
57848.523588 95.7218929138 0.0 95.98775225 0.0
57848.5236111 96.1555591113 0.0 96.0642780538 0.0
57848.5237153 96.6180296115 0.0 96.1631675695 0.0
57848.523831 94.858467076 0.0 94.8117983692 0.0
57848.5239468 94.8667995455 0.0 95.023298743 0.0
57848.5240741 94.8519291633 0.0 94.9253559698 0.0
57848.5241898 96.2607452755 0.0 96.7654859286 0.0
57848.5243056 96.1537528337 0.0 95.529196448 0.0
57848.5244329 95.0397504837 0.0 94.9932225267 0.0
57848.5245486 94.989115187 0.0 95.1383169233 0.0
57848.5246644 96.6220310902 0.0 96.5132527946 0.0
57848.5247801 97.2683313057 0.0 99.0224842144 0.0
57848.5249074 95.7599920478 0.0 95.4813801482 0.0
57848.525 95.3888175102 0.0 95.2699871471 0.0
57848.5250231 94.9328029872 0.0 94.9706748686 0.0
57848.5251389 96.3359271404 0.0 98.1200032409 0.0
57848.5252662 94.7334925092 0.0 94.7355969686 0.0
57848.5253819 95.1724238842 0.0 95.7278643604 0.0
57848.5254977 94.6082118106 0.0 95.1642557844 0.0
57848.525625 94.5643194656 0.0 94.8396478694 0.0
57848.5256944 94.5016753449 0.0 94.7763240425 0.0
57848.5257407 94.4530166538 0.0 94.7270268297 0.0
57848.5258565 94.7000360507 0.0 95.4161315449 0.0
57848.5259838 96.1652132738 0.0 96.5008549029 0.0
57848.5260995 95.2618663999 0.0 95.5522951006 0.0
57848.5262153 97.4890976674 0.0 96.8855456557 0.0
57848.5263426 94.9718247113 0.0 95.7250995716 0.0
57848.5263889 94.6287581605 0.0 95.0941084137 0.0
57848.5264583 94.3946072241 0.0 94.5802542395 0.0
57848.5265741 96.552108092 0.0 97.6721424819 0.0
57848.5267014 96.6940178294 0.0 96.0532876741 0.0
57848.5268171 95.5552512686 0.0 95.5868096026 0.0
57848.5269329 94.8088303693 0.0 94.8270566189 0.0
57848.5270602 96.7994351843 0.0 95.438320265 0.0
57848.5270833 97.3154266496 0.0 96.9306309481 0.0
57848.5271759 97.7110119894 0.0 98.3632128389 0.0
57848.5272917 95.11902858 0.0 94.8213685832 0.0
57848.527419 102.803128411 0.0 105.232126729 0.0
57848.5275347 95.2899120684 0.0 95.5283145879 0.0
57848.5276505 95.4833392011 0.0 95.5502370641 0.0
57848.5277778 94.4829467735 0.0 94.4333162607 0.0
57848.529919 95.8156601397 0.0 96.7086950331 0.0
57848.5300463 94.9892702309 0.0 94.891575664 0.0
57848.530162 93.9998343988 0.0 94.5893129851 0.0
57848.5302778 96.3602907478 0.0 97.452388139 0.0
57848.5304051 93.4355706088 0.0 93.9954849926 0.0
57848.5305208 94.3657353439 0.0 94.5330064528 0.0
57848.5305556 95.036257097 0.0 95.6283577502 0.0
57848.5306366 95.7355932451 0.0 96.7772817608 0.0
57848.5307639 96.0609885802 0.0 95.8986574463 0.0
57848.5308796 97.1420632424 0.0 97.1079464153 0.0
57848.5309954 93.7213022477 0.0 93.7620498869 0.0
57848.5311227 95.7849008769 0.0 95.6973937785 0.0
57848.5312384 96.9599530012 0.0 95.761128027 0.0
57848.53125 95.383903857 0.0 94.819835562 0.0
57848.5313542 93.830273377 0.0 93.8535548501 0.0
57848.5314815 95.4569145583 0.0 94.5578903054 0.0
57848.5315972 94.6457735242 0.0 94.0978806031 0.0
57848.531713 94.99774091 0.0 95.1780870106 0.0
57848.5318403 97.4849265579 0.0 95.9887281143 0.0
57848.5319444 98.3675687257 0.0 96.4886051407 0.0
57848.531956 99.3438932899 0.0 97.0632947823 0.0
57848.5320718 95.5239621927 0.0 95.752514484 0.0
57848.5321991 94.6579354254 0.0 93.5986829288 0.0
57848.5323148 123.309863648 0.0 132.497448319 0.0
57848.5324306 93.9764686983 0.0 93.7573323373 0.0
57848.5325579 110.910741567 0.0 108.513007893 0.0
57848.5326389 104.530141648 0.0 103.143800313 0.0
57848.5326736 99.088484886 0.0 98.4508469542 0.0
57848.5327894 112.442317946 0.0 115.787867154 0.0
57848.5329167 94.61523826 0.0 94.8434046521 0.0
57848.5330324 99.2507182241 0.0 97.8238081399 0.0
57848.5331481 93.8743659579 0.0 93.4878788667 0.0
57848.5332755 96.4463953966 0.0 96.692625815 0.0
57848.5333333 96.4437456241 0.0 95.8907759224 0.0
57848.5333912 96.4456804009 0.0 95.1119922512 0.0
57848.5335069 94.3015214989 0.0 94.4056698191 0.0
57848.5336227 94.3293555846 0.0 94.6264334898 0.0
57848.53375 100.157435905 0.0 98.5051873609 0.0
57848.5338657 94.0068356132 0.0 95.4752872999 0.0
57848.5339815 97.3600997124 0.0 98.2216323067 0.0
57848.5340278 95.2371752469 0.0 95.4636532142 0.0
57848.5341088 93.2700766216 0.0 92.9477064106 0.0
57848.5342245 93.3047639995 0.0 93.2972162071 0.0
57848.5343403 94.7748993088 0.0 94.3767353271 0.0
57848.5344676 94.7018861375 0.0 94.8161656206 0.0
57848.5345833 92.98459937 0.0 93.0697568655 0.0
57848.5346991 94.2043782581 0.0 93.4611467188 0.0
57848.5347222 94.0420617224 0.0 93.5708013485 0.0
57848.5348264 93.8190491958 0.0 93.6194838962 0.0
57848.5349421 93.9242247453 0.0 94.7314744106 0.0
57848.5350579 92.7590423948 0.0 92.8577186991 0.0
57848.5351852 93.0225399137 0.0 93.0357124066 0.0
57848.5353009 93.9578036301 0.0 93.6131146261 0.0
57848.5354167 95.0549882016 0.0 94.2891605488 0.0
57848.535544 92.4607472661 0.0 92.4369307204 0.0
57848.5356597 93.2665108171 0.0 92.9526041378 0.0
57848.5357755 92.8083047577 0.0 92.7392554693 0.0
57848.5359028 94.4240816476 0.0 93.9716794997 0.0
57848.5360185 92.8043008756 0.0 93.4295173754 0.0
57848.5361111 92.9582411355 0.0 93.3764784622 0.0
57848.5361343 93.1029100351 0.0 93.3133272207 0.0
57848.5362616 92.4820026167 0.0 92.4476268435 0.0
57848.5363773 92.6949131021 0.0 92.8623714806 0.0
57848.5364931 94.2309795503 0.0 93.1374875601 0.0
57848.5366204 95.693378773 0.0 95.0817507569 0.0
57848.5367361 92.6920662085 0.0 92.3218840904 0.0
57848.5368056 92.685222177 0.0 92.8515008172 0.0
57848.5486806 90.2586974923 0.0 90.289539311 0.0
57848.5488079 90.1088798232 0.0 90.0186241619 0.0
57848.5489236 90.3412726388 0.0 90.9939504528 0.0
57848.5490394 90.3320766838 0.0 90.2196615711 0.0
57848.5491667 90.1046557787 0.0 90.4109122673 0.0
57848.5492824 90.163511694 0.0 90.2642547025 0.0
57848.5493056 90.2707552145 0.0 90.4867385477 0.0
57848.5493981 90.305223592 0.0 90.6372786827 0.0
57848.5495255 90.3468189091 0.0 90.2602518332 0.0
57848.5496412 89.842144665 0.0 90.0710229208 0.0
57848.5497569 89.7879829376 0.0 89.782495109 0.0
57848.5498843 89.9544122653 0.0 90.1652855594 0.0
57848.55 89.7345401615 0.0 89.7645176726 0.0
57848.5501157 89.610051713 0.0 89.6972604431 0.0
57848.5502431 91.3909870775 0.0 91.7677440608 0.0
57848.5503588 91.0888487467 0.0 91.1330060242 0.0
57848.5504745 89.8629618753 0.0 90.13762924 0.0
57848.5506019 91.9938937104 0.0 91.9712813872 0.0
57848.5506944 90.8852153818 0.0 90.9380252535 0.0
57848.5507176 89.7931184446 0.0 89.9162237363 0.0
57848.5508333 89.9515393976 0.0 90.040515164 0.0
57848.5509606 90.2336921056 0.0 90.9618898825 0.0
57848.5510764 90.9899569183 0.0 91.2661001303 0.0
57848.5511921 90.097009007 0.0 90.8747496888 0.0
57848.5513194 89.9591885857 0.0 89.9005215891 0.0
57848.5513889 89.7361798329 0.0 89.826960474 0.0
57848.5514352 89.5001067988 0.0 89.7389465227 0.0
57848.5515509 89.5212751752 0.0 89.6067573791 0.0
57848.5516667 89.7354387909 0.0 89.5759058006 0.0
57848.551794 90.1681709474 0.0 90.8969296621 0.0
57848.5519097 90.1683617795 0.0 89.8473053352 0.0
57848.5520255 89.4549490079 0.0 89.7092952653 0.0
57848.5520833 89.4850177907 0.0 89.5304501887 0.0
57848.5521528 89.5318657406 0.0 89.3690808446 0.0
57848.5522685 89.3294558754 0.0 89.2683660879 0.0
57848.5523843 89.7691707603 0.0 90.4381344345 0.0
57848.5525116 89.2821845275 0.0 89.4007038507 0.0
57848.5526273 91.7084069592 0.0 92.9414912996 0.0
57848.5527431 89.5693000977 0.0 89.5504523272 0.0
57848.5527778 89.4654219014 0.0 89.833200405 0.0
57848.5528704 89.3428011761 0.0 90.0996724078 0.0
57848.5529861 90.2870764285 0.0 89.6430953727 0.0
57848.5531019 89.382858228 0.0 89.3445780896 0.0
57848.5532292 91.1077637252 0.0 90.8285818451 0.0
57848.5533449 89.1245290759 0.0 89.5389521828 0.0
57848.5534606 89.3930522804 0.0 89.9397347172 0.0
57848.5534722 90.6968852828 0.0 89.9730206006 0.0
57848.553588 92.1241579012 0.0 90.0674186984 0.0
57848.5537037 89.0932737528 0.0 89.1631150869 0.0
57848.5538194 91.0081809619 0.0 90.6474574271 0.0
57848.5539468 89.1570973843 0.0 89.0314220767 0.0
57848.5540625 89.5327483718 0.0 89.8015934547 0.0
57848.5541667 89.3475543538 0.0 89.4678205055 0.0
57848.5541782 89.1326518903 0.0 89.1070518927 0.0
57848.5543056 89.7710774136 0.0 89.7652354701 0.0
57848.5544213 90.5258668834 0.0 89.9236666679 0.0
57848.554537 89.3798385935 0.0 89.128041676 0.0
57848.5546644 90.1926909844 0.0 90.4267704941 0.0
57848.5547801 89.177536325 0.0 89.4994912444 0.0
57848.5548611 89.5057182028 0.0 89.7989813138 0.0
57848.5548958 89.8156470165 0.0 90.0795202252 0.0
57848.5550231 89.6260051994 0.0 89.5510090507 0.0
57848.5551389 89.2629197876 0.0 89.165047799 0.0
57848.5552546 89.6413945005 0.0 89.4891856204 0.0
57848.5553819 89.2892422244 0.0 89.2359005502 0.0
57848.5554977 88.9205990421 0.0 88.8030728297 0.0
57848.5555556 89.4699305689 0.0 89.4616963287 0.0
57848.5632639 92.0123306465 0.0 91.1514326986 0.0
57848.5633796 89.7581015174 0.0 90.9562747808 0.0
57848.5635069 88.4249662143 0.0 88.3621441399 0.0
57848.5636227 88.3305250183 0.0 89.3742196777 0.0
57848.5637384 90.1425773816 0.0 88.781859628 0.0
57848.5638657 88.1752888796 0.0 88.5359842268 0.0
57848.5638889 88.5299862928 0.0 88.4819310481 0.0
57848.5639815 88.8269460468 0.0 88.3667831597 0.0
57848.5640972 89.8427036492 0.0 88.5875212205 0.0
57848.5642245 89.2069685339 0.0 89.6155710912 0.0
57848.5643403 88.902341589 0.0 89.1430169559 0.0
57848.564456 88.9181527586 0.0 89.0717217247 0.0
57848.5645833 88.8710955317 0.0 88.9774705529 0.0
57848.5646991 88.4108618949 0.0 88.2281994376 0.0
57848.5648148 88.7787524862 0.0 88.7152863153 0.0
57848.5649306 88.3416483432 0.0 88.3274954304 0.0
57848.5650579 88.4942345184 0.0 88.4746470408 0.0
57848.5651736 88.1738936988 0.0 88.7655837529 0.0
57848.5652778 88.6771850196 0.0 88.9004692114 0.0
57848.5652894 89.1429807108 0.0 88.9899210697 0.0
57848.5654167 88.6227881642 0.0 88.626780095 0.0
57848.5655324 88.6257775086 0.0 88.3168934349 0.0
57848.5656481 90.7642512612 0.0 90.8784188518 0.0
57848.5657755 91.1044981217 0.0 90.5034917116 0.0
57848.5658912 88.3861085578 0.0 88.4005929957 0.0
57848.5659722 92.0566995063 0.0 91.7494422817 0.0
57848.5660069 96.3139920157 0.0 95.5965390692 0.0
57848.5661343 88.1163718159 0.0 88.6123609098 0.0
57848.56625 90.5524123367 0.0 90.0007047028 0.0
57848.5663657 89.6497158835 0.0 89.2110829942 0.0
57848.5664931 88.4330023351 0.0 88.7108565002 0.0
57848.5666088 92.4227452362 0.0 91.863849092 0.0
57848.5666667 90.8209291518 0.0 90.6783904081 0.0
57848.5667245 89.2026405159 0.0 89.4399194991 0.0
57848.5668519 89.7172602513 0.0 89.4609546171 0.0
57848.5669676 88.2294570141 0.0 88.4712995383 0.0
57848.5670833 88.3993147881 0.0 88.0902813993 0.0
57848.5672106 89.7439766391 0.0 89.8482641012 0.0
57848.5673264 88.85364185 0.0 88.1418889178 0.0
57848.5673611 93.6713656834 0.0 92.9114900107 0.0
57848.5674421 99.4900663132 0.0 98.6702886131 0.0
57848.5675694 88.8799615661 0.0 89.3635416543 0.0
57848.5676852 87.5472337084 0.0 87.5446474263 0.0
57848.5678009 88.865237039 0.0 88.7967765237 0.0
57848.5679282 88.1795399455 0.0 87.9105470464 0.0
57848.568044 88.1760281199 0.0 88.2191259478 0.0
57848.5680556 88.3306931932 0.0 88.4607292984 0.0
57848.5681597 88.4683510415 0.0 88.6863695502 0.0
57848.568287 90.5310981542 0.0 90.1300828636 0.0
57848.5684028 88.0461854256 0.0 88.1678887464 0.0
57848.5685185 89.0082126379 0.0 88.5897156277 0.0
57848.5686458 87.7308041739 0.0 87.6023056603 0.0
57848.56875 88.6715741768 0.0 88.5933709653 0.0
57848.5687616 89.6333487269 0.0 89.6089194612 0.0
57848.5688773 88.9215682891 0.0 88.9387733163 0.0
57848.5690046 87.7010272688 0.0 87.8672180907 0.0
57848.5691204 88.0214838491 0.0 88.5225698113 0.0
57848.5692361 88.9283729639 0.0 88.7895714935 0.0
57848.5693519 92.5735797569 0.0 92.0404995152 0.0
57848.5694444 91.6203787157 0.0 91.1693265084 0.0
57848.5694792 90.6955194979 0.0 90.3219420518 0.0
57848.5695949 90.3056630893 0.0 89.7739956279 0.0
57848.5697106 94.2319031061 0.0 92.5331677508 0.0
57848.569838 88.3838695012 0.0 87.4861270431 0.0
57848.5699537 88.0048011872 0.0 87.9920632955 0.0
57848.5700694 89.7531850577 0.0 90.8760010894 0.0
57848.5701389 89.3723406541 0.0 90.9592273274 0.0
57848.5723495 90.4912961671 0.0 89.4317311696 0.0
57848.5724653 87.7671760113 0.0 87.3696929719 0.0
57848.572581 88.6489697346 0.0 88.4507436317 0.0
57848.5727083 90.1498359067 0.0 89.4137140768 0.0
57848.5728241 87.2696894575 0.0 87.8315910365 0.0
57848.5729167 89.1106242095 0.0 89.1836401029 0.0
57848.5729398 90.9669828234 0.0 90.4961544045 0.0
57848.5730671 87.230210323 0.0 87.2215233128 0.0
57848.5731829 87.0488622499 0.0 87.0936613365 0.0
57848.5732986 87.1088954355 0.0 87.1364332527 0.0
57848.5734259 87.8559434529 0.0 89.0453587224 0.0
57848.5735417 89.9195764725 0.0 89.4230857665 0.0
57848.5736111 89.6620210792 0.0 89.630104658 0.0
57848.5736574 89.4538510295 0.0 89.8866428397 0.0
57848.5737731 94.8225731458 0.0 96.3885106068 0.0
57848.5739005 94.2994863613 0.0 95.5474721487 0.0
57848.5740162 89.3155445541 0.0 89.4592469731 0.0
57848.5741319 90.1997007201 0.0 90.2723931775 0.0
57848.5742593 87.8238608807 0.0 88.088692952 0.0
57848.5743056 87.5469775778 0.0 87.6525816391 0.0
57848.574375 87.2737556829 0.0 87.2240443456 0.0
57848.5744907 87.2732000158 0.0 87.087504006 0.0
57848.5746181 87.4104508683 0.0 87.1687179956 0.0
57848.5747338 88.5773899875 0.0 89.0936201588 0.0
57848.5748495 88.6857876325 0.0 88.0781134278 0.0
57848.5749769 87.3355031645 0.0 87.4550240409 0.0
57848.575 87.5486730339 0.0 87.4452045512 0.0
57848.5750926 87.7074776345 0.0 87.3798176411 0.0
57848.5752083 89.7268067915 0.0 89.0421943968 0.0
57848.5753356 87.1326613389 0.0 87.1937097731 0.0
57848.5754514 87.694874645 0.0 87.3288395835 0.0
57848.5755671 87.2454173811 0.0 87.0347399548 0.0
57848.5756944 88.4202116713 0.0 88.2673465105 0.0
57848.5758102 87.8194864765 0.0 87.2389426059 0.0
57848.5759259 87.8912211145 0.0 88.7553311864 0.0
57848.5760532 87.1912362913 0.0 87.1904040362 0.0
57848.576169 87.3633304997 0.0 86.9831780576 0.0
57848.5762847 87.6254458705 0.0 87.8602823635 0.0
57848.5763889 87.3764504486 0.0 87.3362220387 0.0
57848.576412 87.2018685637 0.0 86.8930997836 0.0
57848.5765278 87.1412966279 0.0 87.7626751472 0.0
57848.5766435 88.0454886067 0.0 89.1208024706 0.0
57848.5767708 87.2445051393 0.0 88.0144975331 0.0
57848.5768866 87.4702734705 0.0 87.5469921642 0.0
57848.5770023 88.1311798571 0.0 88.9545992009 0.0
57848.5770833 87.9134616313 0.0 88.0329070064 0.0
57848.5847685 89.5105738502 0.0 88.3215744708 0.0
57848.5848958 89.8185785626 0.0 89.2146554216 0.0
57848.5850116 88.5327297557 0.0 87.922065251 0.0
57848.5851273 86.7038112484 0.0 86.7281877592 0.0
57848.5852546 87.7150171749 0.0 87.972132184 0.0
57848.5853704 89.0250435833 0.0 88.3172393081 0.0
57848.5854167 88.5610773196 0.0 88.1826853583 0.0
57848.5854861 88.1347791397 0.0 88.0794378445 0.0
57848.5856134 90.6405666244 0.0 91.0381478118 0.0
57848.5857292 88.0934608867 0.0 87.4762081711 0.0
57848.5858449 90.0672895007 0.0 90.400046333 0.0
57848.5859722 88.2491065507 0.0 87.7025970311 0.0
57848.586088 89.330777451 0.0 89.0351315156 0.0
57848.5861111 90.5701553217 0.0 89.4313671538 0.0
57848.5862037 91.8439693829 0.0 89.8153236035 0.0
57848.586331 86.9681874423 0.0 86.6934924317 0.0
57848.5864468 93.7885650813 0.0 92.7920840482 0.0
57848.5865625 87.5474270553 0.0 87.5348980864 0.0
57848.5866898 89.5085604565 0.0 89.4709133294 0.0
57848.5868056 87.6440974567 0.0 87.3311480172 0.0
57848.5869213 88.8054253016 0.0 88.4993979754 0.0
57848.5870486 87.4026421168 0.0 88.6600768836 0.0
57848.5871644 105.877268127 0.0 111.135410743 0.0
57848.5872801 92.9993851324 0.0 94.2198793727 0.0
57848.5873958 99.7123918127 0.0 102.104493868 0.0
57848.5875 92.6982715103 0.0 93.8364170565 0.0
57848.5875231 87.0230354964 0.0 87.3376987102 0.0
57848.5876389 95.2071386294 0.0 95.005131072 0.0
57848.5877546 89.958208875 0.0 90.0053817669 0.0
57848.5878819 93.1583122539 0.0 94.2034628557 0.0
57848.5879977 91.7694532674 0.0 91.3733586392 0.0
57848.5881134 88.2254840395 0.0 87.8836470795 0.0
57848.5881944 89.4284624938 0.0 88.6096067139 0.0
57848.5882407 90.6692418078 0.0 89.3414754635 0.0
57848.5883565 90.8981468568 0.0 91.4699875806 0.0
57848.5884722 90.7658258322 0.0 89.6317923451 0.0
57848.5885995 89.6341622653 0.0 90.4883862659 0.0
57848.5887153 87.4885778716 0.0 87.5330290233 0.0
57848.588831 87.2491542767 0.0 87.7317699753 0.0
57848.5888889 87.1827837649 0.0 87.3622843795 0.0
57848.5889583 87.1029661493 0.0 86.9838136724 0.0
57848.5890741 94.1218270382 0.0 94.064665906 0.0
57848.5891898 88.669033422 0.0 88.8826474853 0.0
57848.5893171 87.5323204822 0.0 87.6079099454 0.0
57848.5894329 90.9210618834 0.0 91.6964564855 0.0
57848.5895486 87.4936789431 0.0 87.6495404266 0.0
57848.5895833 87.0441063772 0.0 87.1002035417 0.0
57848.5896759 86.6045130002 0.0 86.5641147994 0.0
57848.5897917 93.03841778 0.0 91.7681151 0.0
57848.5899074 92.9088275892 0.0 92.4449642328 0.0
57848.5900347 86.9841453829 0.0 87.0892426308 0.0
57848.5901505 87.1150896171 0.0 87.2593510519 0.0
57848.5902662 86.8806347468 0.0 86.7252312191 0.0
57848.5902778 87.064961724 0.0 86.9093168711 0.0
57848.5903935 87.235740405 0.0 87.0798796164 0.0
57848.5905093 86.2836940621 0.0 86.3972479596 0.0
57848.590625 86.7073779617 0.0 87.0619408754 0.0
57848.5907523 86.9597716016 0.0 87.6240511275 0.0
57848.5908681 92.2592998564 0.0 90.7062366985 0.0
57848.5909722 91.2303326531 0.0 91.8178223604 0.0
57848.5965972 86.1461940134 0.0 86.0146748468 0.0
57848.5967245 86.2120096622 0.0 86.9500458022 0.0
57848.5968403 87.3856136615 0.0 86.5573464473 0.0
57848.596956 88.2429441712 0.0 89.1017375757 0.0
57848.5970833 85.4979321387 0.0 86.031988667 0.0
57848.5971991 88.9811920296 0.0 89.4603733001 0.0
57848.5972222 89.3455474996 0.0 90.6499316878 0.0
57848.5973148 89.718759627 0.0 91.8935332328 0.0
57848.5974421 85.6146399747 0.0 85.7205919602 0.0
57848.5975579 86.6299929816 0.0 88.3048895362 0.0
57848.5976736 89.6998922352 0.0 89.0709823848 0.0
57848.5978009 91.4654361822 0.0 92.3353153891 0.0
57848.5979167 87.3973044092 0.0 86.0941182195 0.0
57848.5980324 87.1043137336 0.0 86.5159515985 0.0
57848.5981597 85.7772503348 0.0 85.6542597715 0.0
57848.5982755 85.4465284374 0.0 85.6515261102 0.0
57848.5983912 90.5314277475 0.0 89.29563958 0.0
57848.5985185 86.6059106066 0.0 87.3599192136 0.0
57848.5986111 88.9504217753 0.0 90.5907737686 0.0
57848.5986343 91.5015191841 0.0 94.2155227285 0.0
57848.59875 88.1006567058 0.0 88.3269051139 0.0
57848.5988773 86.9907887595 0.0 86.2799845967 0.0
57848.5989931 86.0331026524 0.0 85.6574799127 0.0
57848.5991088 84.9655749878 0.0 85.0854628242 0.0
57848.5992361 85.7795082231 0.0 85.5893179725 0.0
57848.5993056 86.7857799527 0.0 86.595888101 0.0
57848.5993519 87.835430135 0.0 87.6459286505 0.0
57848.5994676 87.0038898843 0.0 86.5944577615 0.0
57848.5995949 87.2091804972 0.0 86.9991248519 0.0
57848.5997106 87.8380727418 0.0 86.4713276237 0.0
57848.5998264 85.0878183173 0.0 85.0301851051 0.0
57848.5999537 87.2116481039 0.0 87.8405260856 0.0
57848.6 88.9192276957 0.0 89.0571776894 0.0
57848.6000694 90.7120937417 0.0 90.3063415437 0.0
57848.6001852 86.9004687214 0.0 86.6453174846 0.0
57848.6003125 84.9082421441 0.0 85.0622374735 0.0
57848.6004282 86.5911760632 0.0 85.6755064648 0.0
57848.600544 86.4386103544 0.0 86.4207494529 0.0
57848.6006597 85.9624971368 0.0 85.6418491627 0.0
57848.6006944 85.6973308102 0.0 85.6425382506 0.0
57848.600787 85.4889310086 0.0 85.6981449741 0.0
57848.6009028 90.8369677995 0.0 88.7344385118 0.0
57848.6010185 87.8591692028 0.0 87.4724495598 0.0
57848.6011458 86.9317072132 0.0 87.3966833295 0.0
57848.6012616 90.987432341 0.0 90.5935748936 0.0
57848.6013773 87.2477699887 0.0 86.6460546188 0.0
57848.6013889 86.6856955789 0.0 86.2972134602 0.0
57848.6015046 86.1039984495 0.0 85.9221044144 0.0
57848.6016204 85.3541276448 0.0 85.9808470591 0.0
57848.6017361 86.1565020123 0.0 87.1423929956 0.0
57848.6018634 89.3559817192 0.0 88.7792985667 0.0
57848.6019792 88.9161832121 0.0 88.8502807593 0.0
57848.6020833 87.4831231553 0.0 87.518406304 0.0
57848.6097454 84.8037740198 0.0 84.9423922903 0.0
57848.6098611 86.94221083 0.0 87.0391540285 0.0
57848.6099884 84.7649341532 0.0 85.199971561 0.0
57848.6101042 86.684167026 0.0 86.7133258848 0.0
57848.6102199 86.8236982108 0.0 86.2065667394 0.0
57848.6103472 84.3667482661 0.0 84.6979262379 0.0
57848.6104167 86.062280617 0.0 85.8049087698 0.0
57848.610463 87.8787834178 0.0 86.9713955332 0.0
57848.6105787 84.9816004439 0.0 84.5506284483 0.0
57848.610706 87.7738179812 0.0 88.2341385349 0.0
57848.6108218 86.6033094749 0.0 86.1048714069 0.0
57848.6109375 115.020114871 0.0 122.513333683 0.0
57848.6110648 137.298450599 0.0 174.594441435 0.0
57848.6111111 105.645366907 0.0 111.704753413 0.0
57848.6111806 89.0197492863 0.0 88.5603315768 0.0
57848.6112963 108.285737574 0.0 112.343757259 0.0
57848.6114236 84.5577490299 0.0 84.5711317708 0.0
57848.6115394 85.6981144833 0.0 86.0744085545 0.0
57848.6116551 87.1436566079 0.0 87.6283134951 0.0
57848.6117824 94.5078020377 0.0 96.1628407702 0.0
57848.6118056 91.8827491535 0.0 94.961814473 0.0
57848.6118981 89.3839289358 0.0 93.7197336477 0.0
57848.6120139 92.3749314425 0.0 93.4520095343 0.0
57848.6121412 90.2444405878 0.0 90.4303665867 0.0
57848.6122569 85.7995434662 0.0 85.9415807569 0.0
57848.6123727 84.8733096444 0.0 85.4521568833 0.0
57848.6125 87.4155248054 0.0 86.8634768588 0.0
57848.6126157 85.9248807157 0.0 86.6401496248 0.0
57848.6127315 89.6957331817 0.0 87.9836593067 0.0
57848.6128588 86.5724429943 0.0 87.5398741374 0.0
57848.6129745 94.0523026459 0.0 98.5498809588 0.0
57848.6130903 88.9868802465 0.0 88.9922344927 0.0
57848.6131944 88.5306790158 0.0 88.9383630274 0.0
57848.6132176 88.0238429177 0.0 88.8250992119 0.0
57848.6133333 89.4582174873 0.0 88.169726647 0.0
57848.6134491 85.4275405944 0.0 85.6260887405 0.0
57848.6135764 88.1530629417 0.0 88.6477433779 0.0
57848.6136921 87.3653949799 0.0 87.1683022262 0.0
57848.6138079 89.8365800384 0.0 90.0187719479 0.0
57848.6138889 88.5129774779 0.0 88.2300082398 0.0
57848.6139352 87.1748712818 0.0 86.473378707 0.0
57848.6140509 90.4588835825 0.0 89.2693069313 0.0
57848.6141667 94.1188378541 0.0 90.9646752756 0.0
57848.6142824 91.7744556671 0.0 89.2507630612 0.0
57848.6144097 88.5646717151 0.0 88.0665177295 0.0
57848.6145255 91.8210407641 0.0 92.5627579807 0.0
57848.6145833 96.8257946004 0.0 98.4827981172 0.0
57848.6146412 102.8474218 0.0 105.81060788 0.0
57848.6147685 91.8992681092 0.0 93.1939368843 0.0
57848.6148843 97.8478210335 0.0 98.7551597082 0.0
57848.615 89.954459706 0.0 89.9777506887 0.0
57848.6151273 86.7951247191 0.0 85.5615812091 0.0
57848.6152431 84.9875758744 0.0 85.1285638843 0.0
57848.6152778 84.8637642931 0.0 84.7464406568 0.0
57848.6173958 101.527053858 0.0 99.3281022219 0.0
57848.6175116 91.4467251245 0.0 94.2928662201 0.0
57848.6176389 87.6763088069 0.0 86.8430887693 0.0
57848.6177546 93.2243949457 0.0 91.9673485265 0.0
57848.6178704 100.166838679 0.0 99.6574886348 0.0
57848.6179977 120.01372272 0.0 114.005325661 0.0
57848.6180556 105.698252289 0.0 103.430879707 0.0
57848.6181134 95.6247330454 0.0 95.4457727561 0.0
57848.6182292 85.5064353543 0.0 85.0972182683 0.0
57848.6183565 107.615522208 0.0 103.410847124 0.0
57848.6184722 121.904079919 0.0 120.493061008 0.0
57848.618588 86.3926819181 0.0 87.0913961709 0.0
57848.6187037 84.7847346932 0.0 84.7830621823 0.0
57848.61875 87.2987481182 0.0 86.9534445954 0.0
57848.618831 90.033080737 0.0 89.2830423709 0.0
57848.6189468 84.9663943745 0.0 85.319761732 0.0
57848.6190625 86.1219979564 0.0 86.2041492911 0.0
57848.6191898 86.2323641854 0.0 85.1260695204 0.0
57848.6193056 84.9120902051 0.0 84.9779714573 0.0
57848.6194213 85.7104414468 0.0 85.7349154721 0.0
57848.6194444 85.9924513838 0.0 86.8340768823 0.0
57848.6195486 86.2499576464 0.0 87.9475299085 0.0
57848.6196644 92.5278367844 0.0 93.5235410472 0.0
57848.6197801 89.7008467017 0.0 90.5576544418 0.0
57848.6199074 87.6180289666 0.0 89.5003201614 0.0
57848.6200231 91.4472308985 0.0 90.5472251811 0.0
57848.6201389 87.2197209237 0.0 87.6230490225 0.0
57848.6202662 85.5625696435 0.0 85.5380366621 0.0
57848.6203819 92.808918106 0.0 92.3333311378 0.0
57848.6204977 86.9844964922 0.0 86.2522031255 0.0
57848.620625 85.9084254599 0.0 86.2049560466 0.0
57848.6207407 85.7840708407 0.0 87.0054907578 0.0
57848.6208333 85.8533680819 0.0 86.2519283495 0.0
57848.6285069 95.9416356698 0.0 99.0152415338 0.0
57848.6286227 93.5991599962 0.0 95.7759105569 0.0
57848.62875 87.6601699006 0.0 87.347432498 0.0
57848.6288657 85.3540414626 0.0 86.090681174 0.0
57848.6289815 90.8511297343 0.0 90.4878644792 0.0
57848.6291088 103.75524368 0.0 106.90703974 0.0
57848.6291667 92.8863886369 0.0 94.0005592856 0.0
57848.6292245 84.8573627625 0.0 84.8763736678 0.0
57848.6293403 91.6885645596 0.0 90.7505595685 0.0
57848.6294676 86.6910798814 0.0 86.6342330837 0.0
57848.6295833 86.7303197042 0.0 86.7058453912 0.0
57848.6296991 85.5550355444 0.0 85.3753481926 0.0
57848.6298264 87.5231234303 0.0 87.3454098966 0.0
57848.6298611 86.1466740565 0.0 85.9069328576 0.0
57848.6299421 84.8770878035 0.0 84.5809868351 0.0
57848.6300579 92.0506928056 0.0 92.6994096637 0.0
57848.6301852 89.194270612 0.0 89.1520432183 0.0
57848.6303009 85.9860844556 0.0 86.2258445131 0.0
57848.6304167 85.1138967267 0.0 85.1075493772 0.0
57848.630544 89.4140440088 0.0 89.8167105499 0.0
57848.6305556 87.4190445155 0.0 87.5438618694 0.0
57848.6306597 85.5133601609 0.0 85.3971727694 0.0
57848.6307755 85.4121330257 0.0 85.6658663354 0.0
57848.6309028 85.7726812453 0.0 85.9755951768 0.0
57848.6310185 90.8102832393 0.0 89.7597290437 0.0
57848.6311343 91.5210251527 0.0 89.8196925401 0.0
57848.63125 88.9978055347 0.0 87.9858975518 0.0
57848.6312616 86.7025076166 0.0 86.290143064 0.0
57848.6313773 86.9737864589 0.0 87.7112973111 0.0
57848.6314931 85.9670361185 0.0 84.8228595309 0.0
57848.6316204 85.7217798929 0.0 85.8765939648 0.0
57848.6317361 84.9156058331 0.0 85.7496628215 0.0
57848.6318519 85.67003559 0.0 85.2451742857 0.0
57848.6319444 86.5233511891 0.0 86.1341525877 0.0
57848.6341204 86.5173058931 0.0 86.7900611188 0.0
57848.6342477 89.8575059191 0.0 89.0076025854 0.0
57848.6343634 85.2783318786 0.0 85.2045960556 0.0
57848.6344792 86.4978770664 0.0 86.4370221375 0.0
57848.6346065 89.1198565472 0.0 90.0830975933 0.0
57848.6347222 87.4790335509 0.0 87.4156361928 0.0
57848.634838 88.4831734004 0.0 88.206052213 0.0
57848.6349653 86.5420806487 0.0 86.5100111028 0.0
57848.635081 85.5517084926 0.0 85.4349689354 0.0
57848.6351968 86.2627525761 0.0 86.1558214516 0.0
57848.6353241 92.5744626719 0.0 90.3489630433 0.0
57848.6354167 91.2719008403 0.0 90.8755425018 0.0
57848.6354398 90.0539446832 0.0 91.4457650414 0.0
57848.6355556 86.6579745263 0.0 86.3928243317 0.0
57848.6356829 94.5222512004 0.0 94.8267488845 0.0
57848.6357986 89.9938189878 0.0 89.551096593 0.0
57848.6359144 86.8987727301 0.0 85.8904235174 0.0
57848.6360417 92.7408992408 0.0 91.8963809135 0.0
57848.6361111 94.3279343143 0.0 93.0363601126 0.0
57848.6361574 96.0454337228 0.0 94.2650581552 0.0
57848.6362731 91.6246781058 0.0 90.8089942517 0.0
57848.6364005 85.6773637725 0.0 85.6104270226 0.0
57848.6365162 92.3206320602 0.0 91.2049802313 0.0
57848.6366319 88.3818189335 0.0 86.6158806398 0.0
57848.6367477 88.5340707299 0.0 90.2075593063 0.0
57848.6368056 87.5127415923 0.0 88.6447076029 0.0
57848.636875 86.5045499497 0.0 87.1396628637 0.0
57848.6369907 86.2520364745 0.0 85.9561542939 0.0
57848.6371065 93.7811033844 0.0 90.4062393699 0.0
57848.6372338 85.4070329071 0.0 85.3852085727 0.0
57848.6373495 87.2948944269 0.0 87.230039092 0.0
57848.6374653 86.9014185903 0.0 88.2853833429 0.0
57848.6375 86.6246950413 0.0 87.5869615925 0.0
57848.6375926 86.271440964 0.0 86.8254919998 0.0
57848.6377083 87.5435272821 0.0 87.8940882483 0.0
57848.6378241 85.0095789779 0.0 85.3101521743 0.0
57848.6379514 86.1911084219 0.0 86.0890313687 0.0
57848.6380671 85.8551838738 0.0 85.4710046741 0.0
57848.6381829 87.0789229205 0.0 86.0256791197 0.0
57848.6381944 87.4426955669 0.0 87.3060124104 0.0
57848.6383102 87.9157752966 0.0 88.7539315636 0.0
57848.6384259 85.3993020697 0.0 86.0894161962 0.0
57848.6385417 86.3439238742 0.0 86.1635974179 0.0
57848.638669 89.7927524302 0.0 91.0267762419 0.0
57848.6387847 85.6613475203 0.0 85.4566059998 0.0
57848.6388889 85.651935378 0.0 85.5243376589 0.0
57848.6389005 85.6802839631 0.0 85.6298315659 0.0
57848.6390278 91.2729039201 0.0 91.5527380694 0.0
57848.6391435 90.4663696409 0.0 90.9456258541 0.0
57848.6392593 86.5429293415 0.0 86.5090012831 0.0
57848.6393866 88.2299515471 0.0 88.0104943402 0.0
57848.6395023 87.5441888363 0.0 87.0724683583 0.0
57848.6395833 93.531473243 0.0 93.2246774626 0.0
57848.6396181 100.78547567 0.0 100.738353466 0.0
57848.6397454 89.3204133275 0.0 93.2766232987 0.0
57848.6398611 89.704382942 0.0 89.0978244852 0.0
57848.6399769 86.4662476346 0.0 87.2933423979 0.0
57848.6401042 92.7449148687 0.0 90.8419978974 0.0
57848.6402199 88.8770301765 0.0 89.1063964427 0.0
57848.6402778 87.4467676132 0.0 87.495734536 0.0
57848.6479861 86.4807906012 0.0 85.9410142365 0.0
57848.6481019 89.1643099564 0.0 89.4820969915 0.0
57848.6482292 85.3078175492 0.0 85.6003326804 0.0
57848.6483449 88.1308997117 0.0 87.5181326812 0.0
57848.6484606 85.997988366 0.0 86.3072409824 0.0
57848.648588 86.4351278301 0.0 86.058212066 0.0
57848.6486111 86.6663688867 0.0 86.5707717477 0.0
57848.6487037 86.855844173 0.0 87.0483657227 0.0
57848.6488194 90.8731417362 0.0 92.1909660976 0.0
57848.6489468 88.3598382807 0.0 88.6516014407 0.0
57848.6490625 86.1191728595 0.0 86.3618455975 0.0
57848.6491782 85.8236928243 0.0 86.1678244358 0.0
57848.6493056 92.2706784033 0.0 90.4180586498 0.0
57848.6494213 85.6198013254 0.0 85.6925476865 0.0
57848.649537 88.2183473717 0.0 89.4173732113 0.0
57848.6496644 85.4317495548 0.0 85.3270695559 0.0
57848.6497801 85.9133642456 0.0 86.0174903668 0.0
57848.6498958 86.0469312062 0.0 86.1134515334 0.0
57848.65 85.7357581176 0.0 85.7170587806 0.0
57848.6500116 85.4604607816 0.0 85.3585367143 0.0
57848.6501389 88.987216374 0.0 88.3397703359 0.0
57848.6502546 87.321778595 0.0 86.2378784758 0.0
57848.6503704 86.024986841 0.0 85.8367616992 0.0
57848.6504977 87.5136639446 0.0 87.2147337667 0.0
57848.6506134 85.6836688874 0.0 85.6231893473 0.0
57848.6506944 86.5393835141 0.0 86.2898017902 0.0
57848.6507292 87.3734832944 0.0 86.9249106356 0.0
57848.6508565 86.0329436728 0.0 86.5014388609 0.0
57848.6509722 89.5437070151 0.0 89.0659997362 0.0
57848.651088 89.297355532 0.0 88.4024655312 0.0
57848.6512153 92.7034838612 0.0 91.5747573461 0.0
57848.651331 98.1046139537 0.0 95.9953157659 0.0
57848.6513889 92.8070165074 0.0 92.8064832757 0.0
57848.6514468 88.2848459193 0.0 89.917934835 0.0
57848.6515741 86.9767333486 0.0 88.3451175787 0.0
57848.6516898 86.2384212054 0.0 86.4214512202 0.0
57848.6518056 87.08822487 0.0 86.2144599125 0.0
57848.6519329 85.572160543 0.0 85.6926575793 0.0
57848.6520486 85.6091122194 0.0 85.8630236481 0.0
57848.6520833 85.6384996657 0.0 85.9244596783 0.0
57848.6521644 85.7044236315 0.0 86.0226975745 0.0
57848.6522917 85.358471876 0.0 85.3174736089 0.0
57848.6524074 85.2560405602 0.0 85.2510059823 0.0
57848.6525231 85.763457358 0.0 85.5619579954 0.0
57848.6526505 85.6870312649 0.0 85.3871827677 0.0
57848.6527662 86.9539697426 0.0 86.7244726418 0.0
57848.6527778 86.516111488 0.0 86.1145227357 0.0
57848.6528819 86.0825311837 0.0 85.5151448867 0.0
57848.6530093 88.7768964258 0.0 88.1513126505 0.0
57848.653125 87.2693704572 0.0 87.0933217187 0.0
57848.6532407 86.078451839 0.0 85.9512951211 0.0
57848.6533681 85.9794540574 0.0 85.7761845911 0.0
57848.6534722 85.9063108101 0.0 85.6860763018 0.0
57848.6534838 85.7962347192 0.0 85.5592465313 0.0
57848.6535995 86.5680104946 0.0 86.2585194169 0.0
57848.6537269 86.484445694 0.0 86.0067694661 0.0
57848.6538426 85.5672415355 0.0 85.7386785587 0.0
57848.6539583 86.2629160822 0.0 85.8945549089 0.0
57848.6540856 86.7726921906 0.0 87.4494714106 0.0
57848.6541667 86.0425280138 0.0 86.443768422 0.0
57848.6542014 85.4060248694 0.0 85.5473802696 0.0
57848.6543171 85.9822653516 0.0 86.059876923 0.0
57848.6544329 85.4811536773 0.0 85.6669873872 0.0
57848.6545602 88.6023461145 0.0 88.7643080635 0.0
57848.6546759 86.3080249803 0.0 86.319872822 0.0
57848.6547917 89.4916350728 0.0 89.4765535545 0.0
57848.6548611 89.0723190166 0.0 88.7811477736 0.0
