57847.9423495 77.8943957637 0.0 76.7742205192 0.0
57847.9451273 77.8943957637 0.0 76.7742205192 0.0
57847.95 77.7496587658 0.0 76.1496587277 0.0
57847.9527778 77.7496587658 0.0 76.1496587277 0.0
57847.9576389 76.2789175226 0.0 75.1128117859 0.0
57847.9604167 76.2789175226 0.0 75.1128117859 0.0
57847.9652662 75.6377350685 0.0 74.5930402111 0.0
57847.968044 75.6377350685 0.0 74.5930402111 0.0
57847.9757176 74.1624065603 0.0 73.090537207 0.0
57847.9784954 74.1624065603 0.0 73.090537207 0.0
57847.9833565 73.5891693301 0.0 72.5468341561 0.0
57847.9937731 74.0829404109 0.0 73.0928922596 0.0
57848.025706 68.7315861619 0.0 67.8684533955 0.0
57848.0269792 76.9988382129 0.0 76.0606236131 0.0
57848.0284838 68.7315861619 0.0 67.8684533955 0.0
57848.0297569 76.9988382129 0.0 76.0606236131 0.0
57848.0360764 74.3631971719 0.0 73.5167651393 0.0
57848.0378935 67.4900300585 0.0 67.2952775611 0.0
57848.0388542 74.3631971719 0.0 73.5167651393 0.0
57848.0406713 67.4900300585 0.0 67.2952775611 0.0
57848.0458681 68.5612326444 0.0 68.4549916379 0.0
57848.0486458 68.5612326444 0.0 68.4549916379 0.0
57848.0527894 68.4455025292 0.0 68.3305068384 0.0
57848.0711227 69.785931907 0.0 68.4178172361 0.0
57848.0729051 68.6549408191 0.0 67.2702064376 0.0
57848.0739005 69.785931907 0.0 68.4178172361 0.0
57848.0798611 68.3417626116 0.0 68.2948827602 0.0
57848.0826389 68.3417626116 0.0 68.2948827602 0.0
57848.086794 68.1709535936 0.0 68.1543481264 0.0
57848.0878819 65.9825819713 0.0 65.9125345419 0.0
57848.0891204 65.7388739679 0.0 65.5901700866 0.0
57848.0895718 68.1709535936 0.0 68.1543481264 0.0
57848.0906597 65.9825819713 0.0 65.9125345419 0.0
57848.0918981 65.7388739679 0.0 65.5901700866 0.0
57848.0972338 67.4578000976 0.0 67.4418181765 0.0
57848.1236343 57.3917580767 0.0 63.1780709715 0.0
57848.1277662 64.2454950402 0.0 62.7835208227 0.0
57848.1287731 64.884494896 0.0 64.3236933648 0.0
57848.130544 64.2454950402 0.0 62.7835208227 0.0
57848.1315509 64.884494896 0.0 64.3236933648 0.0
57848.1361343 68.3808986733 0.0 67.6181822943 0.0
57848.1472338 63.5096763396 0.0 62.8971215766 0.0
57848.1513773 64.0862743635 0.0 63.6640886197 0.0
57848.1523843 66.2097877395 0.0 65.6251296414 0.0
57848.1541551 64.0862743635 0.0 63.6640886197 0.0
57848.155162 66.2097877395 0.0 65.6251296414 0.0
