57850.17539166667 10.320352582124064 0.0 10.320352582124064 0.0
57850.17639166667 10.320352582124064 0.0 10.320352582124064 0.0
57850.176508888886 10.344860029611713 0.0 10.344860029611713 0.0
57850.17655555555 10.376928503236893 0.0 10.376928503236893 0.0
57850.17660222221 10.413235994203133 0.0 10.413235994203133 0.0
57850.17671944443 10.312222625790763 0.0 10.312222625790763 0.0
57850.1767661111 10.251986432221399 0.0 10.251986432221399 0.0
57850.176812777776 10.27194739208717 0.0 10.27194739208717 0.0
57850.17693 10.277755497408767 0.0 10.277755497408767 0.0
57850.17697666667 10.362618924178479 0.0 10.362618924178479 0.0
57850.17702333332 10.35810419819405 0.0 10.35810419819405 0.0
57850.177140555556 10.530906893520616 0.0 10.530906893520616 0.0
57850.17718722222 10.58361484681895 0.0 10.58361484681895 0.0
57850.17723388888 10.454818305759867 0.0 10.454818305759867 0.0
57850.1773511111 10.445248958567316 0.0 10.445248958567316 0.0
57850.17739777776 10.578889508157577 0.0 10.578889508157577 0.0
57850.177444444445 10.715680400777773 0.0 10.715680400777773 0.0
57850.17756166666 10.288107760434988 0.0 10.288107760434988 0.0
57850.177608333324 10.27273246308228 0.0 10.27273246308228 0.0
57850.177655 10.351406324902225 0.0 10.351406324902225 0.0
57850.17777222221 10.267706971452435 0.0 10.267706971452435 0.0
57850.177818888886 10.221577430186121 0.0 10.221577430186121 0.0
57850.17786555555 10.260635709413444 0.0 10.260635709413444 0.0
57850.177982777765 10.291242753883266 0.0 10.291242753883266 0.0
57850.17802944443 10.245848884052444 0.0 10.245848884052444 0.0
57850.1780761111 10.214790036210779 0.0 10.214790036210779 0.0
57850.17819333333 10.278853958962419 0.0 10.278853958962419 0.0
57850.17824 10.4040934871964 0.0 10.4040934871964 0.0
57850.17828666667 10.471158545754266 0.0 10.471158545754266 0.0
57850.17840388888 10.23450835606296 0.0 10.23450835606296 0.0
57850.178450555555 10.280579875699871 0.0 10.280579875699871 0.0
57850.19861388889 9.426455564851988 0.0 9.426455564851988 0.0
57850.19873111111 9.477988081049487 0.0 9.477988081049487 0.0
57850.19877777777 9.478838910793568 0.0 9.478838910793568 0.0
57850.19882444444 9.405043259319834 0.0 9.405043259319834 0.0
57850.198941666655 9.38512893684953 0.0 9.38512893684953 0.0
57850.19898833332 9.440133952029392 0.0 9.440133952029392 0.0
57850.199035 9.433126256323613 0.0 9.433126256323613 0.0
57850.19915222222 9.446453507585149 0.0 9.446453507585149 0.0
57850.19919888889 9.424744370624218 0.0 9.424744370624218 0.0
57850.199245555545 9.396293023349429 0.0 9.396293023349429 0.0
57850.19936277778 9.478158253108445 0.0 9.478158253108445 0.0
57850.199409444445 9.520944653592636 0.0 9.520944653592636 0.0
57850.1994561111 9.60611364469725 0.0 9.60611364469725 0.0
57850.199573333324 9.422519353535016 0.0 9.422519353535016 0.0
57850.199619999985 9.426284459408034 0.0 9.426284459408034 0.0
57850.19966666667 9.504328385768039 0.0 9.504328385768039 0.0
57850.19978388888 9.322882013211261 0.0 9.322882013211261 0.0
57850.199830555546 9.360176452706778 0.0 9.360176452706778 0.0
57850.19987722222 9.368788264679008 0.0 9.368788264679008 0.0
57850.19999444443 9.310244097836012 0.0 9.310244097836012 0.0
57850.20004111111 9.464364402768265 0.0 9.464364402768265 0.0
57850.200087777775 9.62959148967725 0.0 9.62959148967725 0.0
57850.20020499999 9.417896484541991 0.0 9.417896484541991 0.0
57850.200251666654 9.448843588571584 0.0 9.448843588571584 0.0
57850.20029833332 9.466409204434722 0.0 9.466409204434722 0.0
57850.200415555555 9.277617881136683 0.0 9.277617881136683 0.0
57850.20046222222 9.301751482659665 0.0 9.301751482659665 0.0
57850.20050888889 9.307471851048732 0.0 9.307471851048732 0.0
57850.2006261111 9.276053109503124 0.0 9.276053109503124 0.0
57850.20067277778 9.273096709333144 0.0 9.273096709333144 0.0
57850.22083611111 8.906141411335758 0.0 8.906141411335758 0.0
57850.22095333333 8.837237927856666 0.0 8.837237927856666 0.0
57850.22099999999 8.871120233293448 0.0 8.871120233293448 0.0
57850.22104666666 8.880024702087118 0.0 8.880024702087118 0.0
57850.22116388888 8.832126109431591 0.0 8.832126109431591 0.0
57850.221210555545 8.828655689872756 0.0 8.828655689872756 0.0
57850.22125722222 8.847270400998665 0.0 8.847270400998665 0.0
57850.221374444445 8.84508246829659 0.0 8.84508246829659 0.0
57850.22142111111 8.835412617927489 0.0 8.835412617927489 0.0
57850.22146777777 8.816955805572544 0.0 8.816955805572544 0.0
57850.221585 8.863844647526482 0.0 8.863844647526482 0.0
57850.22163166667 8.891460201571451 0.0 8.891460201571451 0.0
57850.22167833332 8.893092643967764 0.0 8.893092643967764 0.0
57850.221795555546 9.012536072139346 0.0 9.012536072139346 0.0
57850.221842222214 9.139774826053854 0.0 9.139774826053854 0.0
57850.22188888889 9.056988034554562 0.0 9.056988034554562 0.0
57850.2220061111 8.934528888061918 0.0 8.934528888061918 0.0
57850.22205277777 8.868938184254585 0.0 8.868938184254585 0.0
57850.22209944444 8.834134676575344 0.0 8.834134676575344 0.0
57850.222216666654 8.789473175889293 0.0 8.789473175889293 0.0
57850.22226333334 8.788188554219586 0.0 8.788188554219586 0.0
57850.22231 8.79534334270863 0.0 8.79534334270863 0.0
57850.22242722221 8.922425534536831 0.0 8.922425534536831 0.0
57850.222473888876 8.87566444582256 0.0 8.87566444582256 0.0
57850.222520555544 8.876027882321118 0.0 8.876027882321118 0.0
57850.22263777778 8.797176966541322 0.0 8.797176966541322 0.0
57850.222684444445 8.81329640647511 0.0 8.81329640647511 0.0
57850.22273111111 8.814211398681401 0.0 8.814211398681401 0.0
57850.222848333324 8.821162237812342 0.0 8.821162237812342 0.0
57850.222895 8.823904482856818 0.0 8.823904482856818 0.0
57850.26736388889 8.520563361656317 0.0 8.520563361656317 0.0
57850.267481111114 8.51147233387518 0.0 8.51147233387518 0.0
57850.26752777777 8.527753552088692 0.0 8.527753552088692 0.0
57850.267574444435 8.701686896154657 0.0 8.701686896154657 0.0
57850.26769166665 8.501612750227965 0.0 8.501612750227965 0.0
57850.26773833332 8.505406250372227 0.0 8.505406250372227 0.0
57850.267785 8.491741718832175 0.0 8.491741718832175 0.0
57850.26790222222 8.567379996241558 0.0 8.567379996241558 0.0
57850.26794888889 8.544758816128542 0.0 8.544758816128542 0.0
57850.26799555554 8.564743937192603 0.0 8.564743937192603 0.0
57850.268112777776 8.765033168882644 0.0 8.765033168882644 0.0
57850.268159444444 8.654478609367521 0.0 8.654478609367521 0.0
57850.2682061111 8.553814466978102 0.0 8.553814466978102 0.0
57850.26832333332 8.630030090030898 0.0 8.630030090030898 0.0
57850.26836999999 8.592194507319588 0.0 8.592194507319588 0.0
57850.268416666666 8.564178961834145 0.0 8.564178961834145 0.0
57850.26853388888 8.466823298864432 0.0 8.466823298864432 0.0
57850.268580555545 8.443550697846065 0.0 8.443550697846065 0.0
57850.26862722222 8.461678320522472 0.0 8.461678320522472 0.0
57850.26874444443 8.592945343560574 0.0 8.592945343560574 0.0
57850.26879111111 8.59482214719627 0.0 8.59482214719627 0.0
57850.26883777778 8.632646213367098 0.0 8.632646213367098 0.0
57850.268954999985 8.432081593533116 0.0 8.432081593533116 0.0
57850.26900166665 8.472917005414674 0.0 8.472917005414674 0.0
57850.26904833332 8.462250139256982 0.0 8.462250139256982 0.0
57850.26916555555 8.57415471240507 0.0 8.57415471240507 0.0
57850.26921222222 8.610571147367112 0.0 8.610571147367112 0.0
57850.26925888889 8.604387477965398 0.0 8.604387477965398 0.0
57850.2693761111 9.030950366164628 0.0 9.030950366164628 0.0
57850.269422777776 9.385644494686826 0.0 9.385644494686826 0.0
57850.30555833333 8.342661445845685 0.0 8.342661445845685 0.0
57850.30567555556 8.287767900598661 0.0 8.287767900598661 0.0
57850.30572222221 8.360429067550802 0.0 8.360429067550802 0.0
57850.30576888888 8.334731065576372 0.0 8.334731065576372 0.0
57850.3058861111 8.280564107322874 0.0 8.280564107322874 0.0
57850.30593277777 8.308953584984055 0.0 8.308953584984055 0.0
57850.30597944444 8.391047456626309 0.0 8.391047456626309 0.0
57850.30609666667 8.196970329374455 0.0 8.196970329374455 0.0
57850.306143333335 8.198937775417086 0.0 8.198937775417086 0.0
57850.30618999999 8.276862425635889 0.0 8.276862425635889 0.0
57850.30630722222 8.260477218113234 0.0 8.260477218113234 0.0
57850.30635388889 8.27842123019336 0.0 8.27842123019336 0.0
57850.30640055554 8.264186239040622 0.0 8.264186239040622 0.0
57850.30651777777 8.20955383644863 0.0 8.20955383644863 0.0
57850.306564444436 8.18771700032551 0.0 8.18771700032551 0.0
57850.30661111111 8.2223142492186 0.0 8.2223142492186 0.0
57850.30672833332 8.3773889226471 0.0 8.3773889226471 0.0
57850.30677499999 8.43514154612866 0.0 8.43514154612866 0.0
57850.306821666665 8.508629395710475 0.0 8.508629395710475 0.0
57850.306938888876 8.478816107254902 0.0 8.478816107254902 0.0
57850.30698555556 8.594634485275325 0.0 8.594634485275325 0.0
57850.30703222222 8.586185453690206 0.0 8.586185453690206 0.0
57850.30714944443 8.328342591571305 0.0 8.328342591571305 0.0
57850.3071961111 8.248558036252113 0.0 8.248558036252113 0.0
57850.307242777766 8.190080546297375 0.0 8.190080546297375 0.0
57850.30736 8.171942557390521 0.0 8.171942557390521 0.0
57850.30740666667 8.18909581837828 0.0 8.18909581837828 0.0
57850.307453333335 8.190671326221896 0.0 8.190671326221896 0.0
57850.307570555546 8.21505305973087 0.0 8.21505305973087 0.0
57850.30761722222 8.243668146894866 0.0 8.243668146894866 0.0
57850.35278055556 8.087026647662292 0.0 8.087026647662292 0.0
57850.352897777775 8.05825563450104 0.0 8.05825563450104 0.0
57850.352944444436 8.071055413257362 0.0 8.071055413257362 0.0
57850.352991111096 8.076449235775863 0.0 8.076449235775863 0.0
57850.35310833332 8.052849625863766 0.0 8.052849625863766 0.0
57850.35315499999 8.084832473776576 0.0 8.084832473776576 0.0
57850.353201666665 8.10177200848181 0.0 8.10177200848181 0.0
57850.35331888889 8.076249528810566 0.0 8.076249528810566 0.0
57850.35336555556 8.084632973894402 0.0 8.084632973894402 0.0
57850.35341222221 8.103563533130586 0.0 8.103563533130586 0.0
57850.353529444445 8.121059838667968 0.0 8.121059838667968 0.0
57850.35357611111 8.122052815359174 0.0 8.122052815359174 0.0
57850.353622777766 8.139113053049611 0.0 8.139113053049611 0.0
57850.35373999999 8.070256021841223 0.0 8.070256021841223 0.0
57850.35378666665 8.112714036144627 0.0 8.112714036144627 0.0
57850.353833333334 8.133760785524064 0.0 8.133760785524064 0.0
57850.353950555545 8.145649937434449 0.0 8.145649937434449 0.0
57850.35399722221 8.180227932781461 0.0 8.180227932781461 0.0
57850.35404388889 8.16345119933175 0.0 8.16345119933175 0.0
57850.3541611111 8.107543281692434 0.0 8.107543281692434 0.0
57850.354207777775 8.132174251976906 0.0 8.132174251976906 0.0
57850.35425444444 8.151588010735956 0.0 8.151588010735956 0.0
57850.35437166665 8.100179209487063 0.0 8.100179209487063 0.0
57850.35441833332 8.115496923946225 0.0 8.115496923946225 0.0
57850.35446499999 8.11788149704096 0.0 8.11788149704096 0.0
57850.35458222222 8.179044821588178 0.0 8.179044821588178 0.0
57850.35462888889 8.146441930624208 0.0 8.146441930624208 0.0
57850.35467555556 8.143867671147493 0.0 8.143867671147493 0.0
57850.35479277777 8.094601944824792 0.0 8.094601944824792 0.0
57850.354839444444 8.094601944824792 0.0 8.094601944824792 0.0
57850.409725 8.002217434621965 0.0 8.002217434621965 0.0
57850.40984222222 7.9866824635885925 0.0 7.9866824635885925 0.0
57850.40988888888 8.010477010483449 0.0 8.010477010483449 0.0
57850.409935555545 7.998790231109348 0.0 7.998790231109348 0.0
57850.41005277776 7.980823791257189 0.0 7.980823791257189 0.0
57850.41009944443 7.969700686491185 0.0 7.969700686491185 0.0
57850.41014611111 7.970510162973541 0.0 7.970510162973541 0.0
57850.41026333333 7.987894066204386 0.0 7.987894066204386 0.0
57850.41031 7.98425870677887 0.0 7.98425870677887 0.0
57850.41035666665 7.975971980408286 0.0 7.975971980408286 0.0
57850.410473888885 7.995765008084976 0.0 7.995765008084976 0.0
57850.41052055555 7.977185209769655 0.0 7.977185209769655 0.0
57850.410567222214 7.981632139663117 0.0 7.981632139663117 0.0
57850.41068444443 7.973544967882146 0.0 7.973544967882146 0.0
57850.4107311111 7.971117216389391 0.0 7.971117216389391 0.0
57850.410777777775 7.974758566473872 0.0 7.974758566473872 0.0
57850.410894999986 7.990720424544072 0.0 7.990720424544072 0.0
57850.410941666654 7.98446071461472 0.0 7.98446071461472 0.0
57850.41098833334 7.99455459833795 0.0 7.99455459833795 0.0
57850.41110555554 8.044433058072299 0.0 8.044433058072299 0.0
57850.41115222222 8.05485227433069 0.0 8.05485227433069 0.0
57850.41119888889 8.047439985646408 0.0 8.047439985646408 0.0
57850.4113161111 8.022347818196929 0.0 8.022347818196929 0.0
57850.41136277777 8.045034533497125 0.0 8.045034533497125 0.0
57850.41140944443 8.039619634719525 0.0 8.039619634719525 0.0
57850.41152666666 7.989912995610113 0.0 7.989912995610113 0.0
57850.41157333333 7.992335037699478 0.0 7.992335037699478 0.0
57850.41162 7.997781950580565 0.0 7.997781950580565 0.0
57850.41173722221 7.991325942706919 0.0 7.991325942706919 0.0
57850.41178388889 8.029582401867925 0.0 8.029582401867925 0.0
57850.456252777774 8.66788659734979 0.0 8.66788659734979 0.0
57850.45637 8.386625296921745 0.0 8.386625296921745 0.0
57850.45641666665 8.369298733485536 0.0 8.369298733485536 0.0
57850.45646333332 8.416765143680259 0.0 8.416765143680259 0.0
57850.45658055555 8.476913619716143 0.0 8.476913619716143 0.0
57850.45662722221 8.501043579201548 0.0 8.501043579201548 0.0
57850.45667388889 8.428637818999636 0.0 8.428637818999636 0.0
57850.45679111111 8.525294432527847 0.0 8.525294432527847 0.0
57850.456837777776 8.654664973668918 0.0 8.654664973668918 0.0
57850.45688444443 8.658205133226648 0.0 8.658205133226648 0.0
57850.45700166667 8.478055163469906 0.0 8.478055163469906 0.0
57850.45704833333 8.463012504135941 0.0 8.463012504135941 0.0
57850.45709499999 8.44412374414608 0.0 8.44412374414608 0.0
57850.45721222221 8.399692774719645 0.0 8.399692774719645 0.0
57850.45725888888 8.414081898433624 0.0 8.414081898433624 0.0
57850.45730555555 8.402380615040002 0.0 8.402380615040002 0.0
57850.45742277776 8.391816290003094 0.0 8.391816290003094 0.0
57850.45746944443 8.413123389163523 0.0 8.413123389163523 0.0
57850.45751611111 8.413123389163523 0.0 8.413123389163523 0.0
57850.457633333324 8.42423539174232 0.0 8.42423539174232 0.0
57850.45768 8.453478001543546 0.0 8.453478001543546 0.0
57850.45772666667 8.476533070968685 0.0 8.476533070968685 0.0
57850.45784388888 8.435523962157244 0.0 8.435523962157244 0.0
57850.457890555546 8.457865207661312 0.0 8.457865207661312 0.0
57850.457937222214 8.512419768936484 0.0 8.512419768936484 0.0
57850.45805444445 8.46834713659085 0.0 8.46834713659085 0.0
57850.45810111111 8.444887745391176 0.0 8.444887745391176 0.0
57850.458147777776 8.4205968679722 0.0 8.4205968679722 0.0
57850.45826499999 8.419639100379847 0.0 8.419639100379847 0.0
57850.45831166667 8.431316431862438 0.0 8.431316431862438 0.0
57850.498613888885 8.254812867889312 0.0 8.254812867889312 0.0
57850.49873111111 8.217801291374483 0.0 8.217801291374483 0.0
57850.498777777764 8.26730833444442 0.0 8.26730833444442 0.0
57850.49882444443 8.243276830437384 0.0 8.243276830437384 0.0
57850.49894166666 8.225256148575399 0.0 8.225256148575399 0.0
57850.49898833332 8.253640448018151 0.0 8.253640448018151 0.0
57850.499035 8.239558397186414 0.0 8.239558397186414 0.0
57850.49915222222 8.21073255149978 0.0 8.21073255149978 0.0
57850.49919888889 8.251295108511265 0.0 8.251295108511265 0.0
57850.49924555555 8.247384727215632 0.0 8.247384727215632 0.0
57850.49936277778 8.222510408589024 0.0 8.222510408589024 0.0
57850.49940944444 8.24425508675489 0.0 8.24425508675489 0.0
57850.4994561111 8.231332742009487 0.0 8.231332742009487 0.0
57850.49957333332 8.211321845574737 0.0 8.211321845574737 0.0
57850.49961999999 8.2450376082399 0.0 8.2450376082399 0.0
57850.49966666667 8.263210342311899 0.0 8.263210342311899 0.0
57850.499783888874 8.23994989023285 0.0 8.23994989023285 0.0
57850.49983055554 8.240928541481624 0.0 8.240928541481624 0.0
57850.499877222224 8.220352398065858 0.0 8.220352398065858 0.0
57850.499994444435 8.279784943443726 0.0 8.279784943443726 0.0
57850.50004111111 8.249144628188683 0.0 8.249144628188683 0.0
57850.50008777778 8.270819283051905 0.0 8.270819283051905 0.0
57850.50020499999 8.2123039083969 0.0 8.2123039083969 0.0
57850.50025166666 8.218390078590268 0.0 8.218390078590268 0.0
57850.500298333325 8.220156187198361 0.0 8.220156187198361 0.0
57850.50041555556 8.244450724089232 0.0 8.244450724089232 0.0
57850.50046222222 8.26730833444442 0.0 8.26730833444442 0.0
57850.50050888889 8.28562688655637 0.0 8.28562688655637 0.0
57850.5006261111 8.232508338798516 0.0 8.232508338798516 0.0
57850.50067277778 8.24816695178487 0.0 8.24816695178487 0.0
57850.543752777776 8.91193473075074 0.0 8.91193473075074 0.0
57850.54387 9.200105188739473 0.0 9.200105188739473 0.0
57850.543916666655 9.316651759081692 0.0 9.316651759081692 0.0
57850.54396333332 9.21779485210448 0.0 9.21779485210448 0.0
57850.54408055554 9.123525068602563 0.0 9.123525068602563 0.0
57850.54412722221 9.50975729821575 0.0 9.50975729821575 0.0
57850.54417388889 9.62439776079857 0.0 9.62439776079857 0.0
57850.54429111111 8.64160976640572 0.0 8.64160976640572 0.0
57850.54433777778 8.685917412128816 0.0 8.685917412128816 0.0
57850.54438444443 8.786903744741648 0.0 8.786903744741648 0.0
57850.54450166666 9.015577916101126 0.0 9.015577916101126 0.0
57850.54454833333 9.109017156004652 0.0 9.109017156004652 0.0
57850.544594999985 8.988164260525812 0.0 8.988164260525812 0.0
57850.54471222221 8.668630877498625 0.0 8.668630877498625 0.0
57850.54475888888 8.676627856935085 0.0 8.676627856935085 0.0
57850.54480555555 8.71946284228934 0.0 8.71946284228934 0.0
57850.544922777764 8.670119246119715 0.0 8.670119246119715 0.0
57850.54496944443 8.80120959428763 0.0 8.80120959428763 0.0
57850.54501611111 9.076556118250023 0.0 9.076556118250023 0.0
57850.54513333332 9.46078493640476 0.0 9.46078493640476 0.0
57850.54518 9.404014242384351 0.0 9.404014242384351 0.0
57850.54522666667 9.50381926622983 0.0 9.50381926622983 0.0
57850.54534388888 9.799604995330993 0.0 9.799604995330993 0.0
57850.54539055554 9.686039171855011 0.0 9.686039171855011 0.0
57850.54543722221 9.597210616262583 0.0 9.597210616262583 0.0
57850.54555444444 8.733140439468718 0.0 8.733140439468718 0.0
57850.54560111111 8.769632353348868 0.0 8.769632353348868 0.0
57850.54564777778 8.817138735659714 0.0 8.817138735659714 0.0
57850.54576499999 8.89164159886017 0.0 8.89164159886017 0.0
57850.54581166666 8.750852493033962 0.0 8.750852493033962 0.0
57850.56736388889 12.237304151782197 0.0 12.237304151782197 0.0
57850.56748111111 9.25272409757291 0.0 9.25272409757291 0.0
57850.56752777776 9.21481976089638 0.0 9.21481976089638 0.0
57850.56757444443 9.217269905787127 0.0 9.217269905787127 0.0
57850.567691666656 9.045405178249876 0.0 9.045405178249876 0.0
57850.567738333324 9.29654809333082 0.0 9.29654809333082 0.0
57850.567785 9.616182597160657 0.0 9.616182597160657 0.0
57850.567902222225 9.378596084496284 0.0 9.378596084496284 0.0
57850.567948888885 9.259345758257856 0.0 9.259345758257856 0.0
57850.567995555546 9.301231274718766 0.0 9.301231274718766 0.0
57850.56811277778 9.895257906303305 0.0 9.895257906303305 0.0
57850.56815944445 10.327539131667768 0.0 10.327539131667768 0.0
57850.5682061111 10.38593962699013 0.0 10.38593962699013 0.0
57850.56832333332 9.000537618351185 0.0 9.000537618351185 0.0
57850.568369999986 9.259868319275528 0.0 9.259868319275528 0.0
57850.56841666667 9.450721085306563 0.0 9.450721085306563 0.0
57850.56853388888 9.727579681072415 0.0 9.727579681072415 0.0
57850.56858055554 10.043935740599414 0.0 10.043935740599414 0.0
57850.56862722222 10.240495199719781 0.0 10.240495199719781 0.0
57850.568744444434 9.26665893091655 0.0 9.26665893091655 0.0
57850.56879111111 9.755230193543985 0.0 9.755230193543985 0.0
57850.56883777778 10.277127752378565 0.0 10.277127752378565 0.0
57850.56895499999 10.38904509878151 0.0 10.38904509878151 0.0
57850.569001666656 10.463762353027958 0.0 10.463762353027958 0.0
57850.569048333324 10.395873871319676 0.0 10.395873871319676 0.0
57850.56916555556 9.410186656130994 0.0 9.410186656130994 0.0
57850.569212222224 9.729071831869543 0.0 9.729071831869543 0.0
57850.56925888889 9.765806046708867 0.0 9.765806046708867 0.0
57850.569376111096 9.2951600308978 0.0 9.2951600308978 0.0
57850.56942277778 9.426455564851988 0.0 9.426455564851988 0.0
57850.570422777775 9.426455564851988 0.0 9.426455564851988 0.0
