57850.60184722223 77.455592274025 0.0 83.889129560331 0.0
57850.602847222224 77.455592274025 0.0 83.889129560331 0.0
57850.60296296296 77.44711955850909 0.0 83.59788966810108 0.0
57850.60309027778 77.65228626170642 0.0 83.96110975642235 0.0
57850.60320601852 77.42255453922972 0.0 83.72591436359474 0.0
57850.603321759256 77.63417225429791 0.0 83.60589316830483 0.0
57850.60344907407 77.33862843249807 0.0 83.65569588683128 0.0
57850.603472222225 77.45438244960707 0.0 83.54221085205968 0.0
57850.60356481482 77.55128063733055 0.0 83.41874244311047 0.0
57850.603680555556 77.364262396277 0.0 83.42231990252968 0.0
57850.60380787037 77.2451718616769 0.0 83.42707643517181 0.0
57850.60392361111 77.27184218225938 0.0 83.38270601065906 0.0
57850.60403935185 77.48385441929176 0.0 83.59728518079999 0.0
57850.604166666664 77.40729803254987 0.0 83.63864064641415 0.0
57850.60428240741 77.17772198827846 0.0 83.42626609365902 0.0
57850.60439814815 77.18892484074384 0.0 83.4330650180131 0.0
57850.604525462964 77.18020648851622 0.0 83.30366755917773 0.0
57850.6046412037 77.2133864891963 0.0 83.43259728529371 0.0
57850.60475694444 77.21245087898713 0.0 83.4482727167555 0.0
57850.60486111111 77.12199532539339 0.0 83.35161785982322 0.0
57850.62578703704 75.40875393540196 0.0 81.51841729198378 0.0
57850.625914351855 75.4029755982481 0.0 81.54756690104249 0.0
57850.62603009259 75.43619423830977 0.0 81.54373272906999 0.0
57850.62614583333 75.44778885169532 0.0 81.51108321578116 0.0
57850.62627314815 75.60673973284392 0.0 81.46944384270707 0.0
57850.626388888886 75.69042337105797 0.0 81.47267026758114 0.0
57850.62650462963 75.51776158196162 0.0 81.47770633541423 0.0
57850.62663194445 75.48458237209768 0.0 81.50468027561362 0.0
57850.626747685186 75.58508186282529 0.0 81.42024438663887 0.0
57850.626863425925 75.44502946112488 0.0 81.42525442238421 0.0
57850.62699074074 75.37225881164767 0.0 81.33696984987823 0.0
57850.62708333333 75.36435854036044 0.0 81.34733256419659 0.0
57850.62710648148 75.36410546354278 0.0 81.36882347914342 0.0
57850.627222222225 75.40150929835556 0.0 81.33213264485323 0.0
57850.62734953704 75.39676042277944 0.0 81.3068441042327 0.0
57850.62746527778 75.28879894313629 0.0 81.44871232923207 0.0
57850.62758101852 75.43099090267872 0.0 81.2992445565763 0.0
57850.62770833333 75.24473275545604 0.0 81.31804785070779 0.0
57850.62777777778 75.23877414319028 0.0 81.3288610037052 0.0
57850.65219907407 74.05339427298387 0.0 80.10318257285412 0.0
57850.65231481481 74.02369418922565 0.0 80.06584703480004 0.0
57850.65244212963 74.14421937669854 0.0 80.16095265358315 0.0
57850.65255787037 74.00550248015347 0.0 80.11920685004314 0.0
57850.65267361111 74.00351844703061 0.0 80.09526208696742 0.0
57850.65277777778 74.04790815850237 0.0 80.16645432099389 0.0
57850.65280092593 74.08608685158099 0.0 80.23116312443688 0.0
57850.652916666666 74.11026481385693 0.0 80.20677304218141 0.0
57850.653032407405 74.08564069055487 0.0 80.35480534790685 0.0
57850.65315972222 74.24027951947649 0.0 80.27771745303923 0.0
57850.653275462966 74.15893522159013 0.0 80.20876753154856 0.0
57850.653391203705 74.1244152816061 0.0 80.17755686792907 0.0
57850.65347222222 74.15891121787051 0.0 80.23556844361482 0.0
57850.65351851852 74.17983291690538 0.0 80.27996292556443 0.0
57850.65363425926 74.10357912064707 0.0 80.13124246116492 0.0
57850.65375 74.09217622617113 0.0 80.2204425815515 0.0
57850.65387731481 74.07151794563143 0.0 80.41110774457718 0.0
57850.65399305556 74.0055715502556 0.0 80.13446845577751 0.0
57850.6541087963 74.13238805016334 0.0 80.2473822885208 0.0
57850.65416666667 74.24882166849518 0.0 80.17022187670432 0.0
57850.65423611111 74.38068747443788 0.0 80.0969648567285 0.0
57850.65435185185 74.0937841006248 0.0 80.1110545756951 0.0
57850.65446759259 74.24234038161782 0.0 80.42711560158054 0.0
57850.654594907406 74.39979621188488 0.0 80.64885989758318 0.0
57850.654710648145 74.14712678270143 0.0 80.17827932158434 0.0
57850.65482638889 74.09689758437933 0.0 80.24040403063783 0.0
57850.654861111114 74.16878666669693 0.0 80.22405015187154 0.0
57850.654953703706 74.2186010241368 0.0 80.20987984288469 0.0
57850.655069444445 74.0390708779493 0.0 80.13181551774551 0.0
57850.655185185184 74.03393892560358 0.0 80.19102632676551 0.0
57850.6553125 74.01313509607601 0.0 80.17386929343002 0.0
57850.65542824074 73.97973082986988 0.0 80.523100697688 0.0
57850.655543981484 73.95976979426045 0.0 80.03528359030159 0.0
57850.65555555555 73.97786249588454 0.0 80.15588847795276 0.0
57850.65769675926 73.82947204071014 0.0 79.7450186982234 0.0
57850.6578125 73.8519457787674 0.0 79.97268530760986 0.0
57850.65793981482 73.83074772945213 0.0 79.75859103964913 0.0
57850.658055555556 73.76833904413193 0.0 79.78971513848134 0.0
57850.658171296294 73.77068726628484 0.0 79.83652830296418 0.0
57850.65829861111 73.7759032532981 0.0 79.7516200247995 0.0
57850.65833333333 73.76600985813181 0.0 79.74763037990533 0.0
57850.65841435185 73.77198589566368 0.0 79.78143327335 0.0
57850.658530092594 73.93330878230732 0.0 79.90643050843906 0.0
57850.65865740741 73.8835042120364 0.0 79.98991865685325 0.0
57850.65877314815 74.01640531084983 0.0 80.07351976908471 0.0
57850.65888888889 73.83853095281623 0.0 79.79448265744945 0.0
57850.6590162037 73.8263981994923 0.0 80.01292078858265 0.0
57850.65902777778 73.8577037105135 0.0 80.0318028768564 0.0
57850.65913194444 73.866875163364 0.0 80.00083504932932 0.0
57850.65924768519 73.86148667749654 0.0 79.92185502902194 0.0
57850.659375 73.82212768100091 0.0 80.01790056306152 0.0
57850.65949074074 73.95185281316486 0.0 79.88146039275946 0.0
57850.65960648148 73.98591477071835 0.0 80.08014150711773 0.0
57850.65972222222 74.03374185342788 0.0 80.02673275356179 0.0
57850.659733796296 74.1097268344716 0.0 80.02884561825192 0.0
57850.659849537034 74.03528776394403 0.0 80.35091221380128 0.0
57850.65996527778 74.10335865728354 0.0 79.92670343890082 0.0
57850.66008101852 73.95024601466854 0.0 79.94467869439467 0.0
57850.660208333335 73.91898125102915 0.0 80.22125001107874 0.0
57850.66032407407 74.00134025428189 0.0 80.04836838268473 0.0
57850.660416666666 74.03821588328557 0.0 80.08216519338123 0.0
57850.66043981481 74.06197632780265 0.0 80.08143892450984 0.0
57850.66056712963 73.99696484039058 0.0 79.91829299365696 0.0
57850.66068287037 74.08628237926371 0.0 80.1130047504149 0.0
57850.66079861111 74.0598579505119 0.0 79.87930598277629 0.0
57850.66092592593 74.16432817675894 0.0 80.25379505954844 0.0
57850.661041666666 73.92086238640618 0.0 79.88860120486527 0.0
57850.66111111111 74.08336105138589 0.0 79.95849593013865 0.0
57850.663310185184 73.95180507911893 0.0 80.13247982715873 0.0
57850.6634375 74.32828239687771 0.0 80.67688966519471 0.0
57850.66355324074 74.07303104106109 0.0 80.29227150118497 0.0
57850.663668981484 73.99747206452393 0.0 80.13989207236307 0.0
57850.6637962963 74.02193766012884 0.0 80.40450973975278 0.0
57850.66388888889 73.97725500327786 0.0 80.2418820010473 0.0
57850.66391203704 73.93098828718577 0.0 80.0697665484295 0.0
57850.66402777778 73.99522625176573 0.0 80.10860303825052 0.0
57850.66415509259 74.01240294815457 0.0 80.22474303436564 0.0
57850.66427083333 73.92735485075873 0.0 80.05203789567133 0.0
57850.66438657408 73.94489400147924 0.0 80.08199018730741 0.0
57850.664502314816 73.9707287027105 0.0 80.09142959849075 0.0
57850.66458333333 73.94153552165386 0.0 80.01995418306612 0.0
57850.66462962963 73.91251432849515 0.0 79.94867344215288 0.0
57850.66474537037 73.99240906187607 0.0 80.204108742196 0.0
57850.66486111111 74.16252705787471 0.0 80.09247126603098 0.0
57850.664988425924 73.88269501886082 0.0 79.96789901723065 0.0
57850.66510416667 73.89676106731606 0.0 79.96824425689238 0.0
57850.66521990741 73.96470942125035 0.0 79.94808629986086 0.0
57850.66527777778 74.08431993755494 0.0 80.11241607847063 0.0
57850.665347222224 74.1949856784136 0.0 80.2689677356698 0.0
57850.66546296296 73.9331871509676 0.0 79.97135904366013 0.0
57850.6655787037 73.941853941391 0.0 79.8632417480658 0.0
57850.66570601852 74.23800455992874 0.0 80.41382592918957 0.0
57850.665821759256 73.90864794021061 0.0 79.91075402528749 0.0
57850.6659375 74.0911388918405 0.0 80.04563778076854 0.0
57850.665972222225 74.0176611529978 0.0 79.96600973057241 0.0
57850.66606481482 73.95778918809026 0.0 79.88571248721513 0.0
57850.666180555556 73.86537103819353 0.0 79.79854675568973 0.0
57850.666296296295 73.87271108325456 0.0 79.80430283017326 0.0
57850.66642361111 73.70697831460737 0.0 79.63624296662921 0.0
57850.66653935185 73.74158969340165 0.0 79.6385115694034 0.0
57850.666655092595 74.14259345174 0.0 79.7901490686037 0.0
57850.666666666664 74.17680389670345 0.0 79.76200450534077 0.0
57850.66766666666 74.17680389670345 0.0 79.76200450534077 0.0
