57848.66497222223 210.61443815285207 0.0 182.1302516646495 0.0
57848.665972222225 210.61443815285207 0.0 182.1302516646495 0.0
57848.666666666664 210.24413761766917 0.0 181.873368248136 0.0
57848.66736111111 210.61443815285207 0.0 182.1801591546412 0.0
57848.66805555556 210.0092762329705 0.0 181.92334620961626 0.0
57848.67083333333 210.1143782515893 0.0 181.98044707298396 0.0
57848.67152777778 211.03948051884117 0.0 182.66426515942786 0.0
57848.67222222222 210.76237619836047 0.0 182.59315359634857 0.0
57848.67291666667 210.2811970152867 0.0 181.91620734147492 0.0
57848.67569444444 210.03401085130406 0.0 181.85194491709422 0.0
57848.67638888889 209.99690783128523 0.0 182.0660647898228 0.0
57848.677083333336 209.76796085817634 0.0 181.83051906194862 0.0
57848.677777777775 210.44788354438654 0.0 182.47931745461264 0.0
57848.67877777777 210.44788354438654 0.0 182.47931745461264 0.0
