57848.11787 8.249144628188683 0.0 8.249144628188683 0.0
57848.11887 8.249144628188683 0.0 8.249144628188683 0.0
57848.11891666665 8.231528686466993 0.0 8.231528686466993 0.0
57848.11896333332 8.195986429246153 0.0 8.195986429246153 0.0
57848.119080555545 8.200511392393416 0.0 8.200511392393416 0.0
57848.11912722221 8.2223142492186 0.0 8.2223142492186 0.0
57848.11917388889 8.211125418915564 0.0 8.211125418915564 0.0
57848.119291111114 8.434185430198209 0.0 8.434185430198209 0.0
57848.119337777774 8.472345906612308 0.0 8.472345906612308 0.0
57848.119384444435 8.488132132381905 0.0 8.488132132381905 0.0
57848.11950166667 8.368142353689551 0.0 8.368142353689551 0.0
57848.119548333336 8.391624088262633 0.0 8.391624088262633 0.0
57848.11959499999 8.42480975184833 0.0 8.42480975184833 0.0
57848.11971222221 8.286794780971439 0.0 8.286794780971439 0.0
57848.119758888875 8.3335698891156 0.0 8.3335698891156 0.0
57848.11980555556 8.345174383071392 0.0 8.345174383071392 0.0
57848.11992277777 8.215838362577493 0.0 8.215838362577493 0.0
57848.11996944443 8.247384727215632 0.0 8.247384727215632 0.0
57848.12001611111 8.266332806300273 0.0 8.266332806300273 0.0
57848.12013333332 8.220352398065858 0.0 8.220352398065858 0.0
57848.12018 8.243668146894866 0.0 8.243668146894866 0.0
57848.120226666666 8.279979741287358 0.0 8.279979741287358 0.0
57848.12034388888 8.213874964685296 0.0 8.213874964685296 0.0
57848.120390555545 8.234467293814653 0.0 8.234467293814653 0.0
57848.12043722221 8.238971122736766 0.0 8.238971122736766 0.0
57848.120554444446 8.176480826717409 0.0 8.176480826717409 0.0
57848.12060111111 8.224471744973714 0.0 8.224471744973714 0.0
57848.12064777778 8.218586331621916 0.0 8.218586331621916 0.0
57848.120764999985 8.160487018989539 0.0 8.160487018989539 0.0
57848.12081166667 8.16601928529084 0.0 8.16601928529084 0.0
57848.12085833332 8.175889021404497 0.0 8.175889021404497 0.0
57848.120975555554 8.18239652566568 0.0 8.18239652566568 0.0
57848.12102222222 8.18909581837828 0.0 8.18909581837828 0.0
57848.12106888889 8.174113348385747 0.0 8.174113348385747 0.0
57848.12118611111 8.23113679288747 0.0 8.23113679288747 0.0
57848.121232777776 8.252272414311102 0.0 8.252272414311102 0.0
57848.12127944444 8.277641864607919 0.0 8.277641864607919 0.0
57848.12139666667 8.298464685050618 0.0 8.298464685050618 0.0
57848.12144333333 8.325243384992108 0.0 8.325243384992108 0.0
57848.12148999999 8.382393222047762 0.0 8.382393222047762 0.0
57848.17234222222 8.095598166745887 0.0 8.095598166745887 0.0
57848.172388888874 8.090615830462415 0.0 8.090615830462415 0.0
57848.17243555554 8.121258443719016 0.0 8.121258443719016 0.0
57848.17255277777 8.102170159304395 0.0 8.102170159304395 0.0
57848.172599444435 8.125626526712443 0.0 8.125626526712443 0.0
57848.17264611111 8.168784013429692 0.0 8.168784013429692 0.0
57848.172763333336 8.063057932683261 0.0 8.063057932683261 0.0
57848.17281 8.077248014260238 0.0 8.077248014260238 0.0
57848.17285666666 8.095598166745887 0.0 8.095598166745887 0.0
57848.17297388889 8.136932924594797 0.0 8.136932924594797 0.0
57848.17302055556 8.145847942950901 0.0 8.145847942950901 0.0
57848.17306722221 8.139509377304371 0.0 8.139509377304371 0.0
57848.17318444443 8.245820055464272 0.0 8.245820055464272 0.0
57848.1732311111 8.266527921138822 0.0 8.266527921138822 0.0
57848.17327777778 8.291853755926804 0.0 8.291853755926804 0.0
57848.17339499999 8.246993587108362 0.0 8.246993587108362 0.0
57848.17344166666 8.275108419521684 0.0 8.275108419521684 0.0
57848.173488333334 8.284848198815677 0.0 8.284848198815677 0.0
57848.173605555545 8.132174251976906 0.0 8.132174251976906 0.0
57848.17365222222 8.147035874990799 0.0 8.147035874990799 0.0
57848.17369888889 8.150796517578375 0.0 8.150796517578375 0.0
57848.1738161111 8.140500103524591 0.0 8.140500103524591 0.0
57848.17386277777 8.181805148246381 0.0 8.181805148246381 0.0
57848.173909444435 8.19756061276768 0.0 8.19756061276768 0.0
57848.17402666667 8.18712600721795 0.0 8.18712600721795 0.0
57848.174073333335 8.168586563880737 0.0 8.168586563880737 0.0
57848.17412 8.19047440431517 0.0 8.19047440431517 0.0
57848.17423722221 8.126618945408413 0.0 8.126618945408413 0.0
57848.17428388889 8.098187770192188 0.0 8.098187770192188 0.0
57848.17433055554 8.113708034216916 0.0 8.113708034216916 0.0
57848.174447777776 8.125626526712443 0.0 8.125626526712443 0.0
57848.17449444444 8.120265369889049 0.0 8.120265369889049 0.0
57848.17454111111 8.106150591948982 0.0 8.106150591948982 0.0
57848.17465833333 8.143075427585996 0.0 8.143075427585996 0.0
57848.174705 8.132372585596883 0.0 8.132372585596883 0.0
57848.17475166666 8.119272174595533 0.0 8.119272174595533 0.0
57848.17486888889 8.17431066443585 0.0 8.17431066443585 0.0
57848.17491555556 8.17312669668102 0.0 8.17312669668102 0.0
57848.17496222221 8.186534971446081 0.0 8.186534971446081 0.0
57848.18623111111 8.030787532184922 0.0 8.030787532184922 0.0
57848.186277777764 8.037412518964048 0.0 8.037412518964048 0.0
57848.18632444443 8.047840824437563 0.0 8.047840824437563 0.0
57848.18644166666 8.031390029531103 0.0 8.031390029531103 0.0
57848.18648833332 8.038415828523556 0.0 8.038415828523556 0.0
57848.186535 8.02134249885086 0.0 8.02134249885086 0.0
57848.18665222222 8.044433058072299 0.0 8.044433058072299 0.0
57848.18669888889 8.071055413257362 0.0 8.071055413257362 0.0
57848.18674555555 8.056454034679478 0.0 8.056454034679478 0.0
57848.18686277778 8.109532423576114 0.0 8.109532423576114 0.0
57848.18690944444 8.113509244344554 0.0 8.113509244344554 0.0
57848.1869561111 8.099183551046883 0.0 8.099183551046883 0.0
57848.18707333332 8.080043117099905 0.0 8.080043117099905 0.0
57848.18711999999 8.06465806326712 0.0 8.06465806326712 0.0
57848.18716666667 8.060056831625461 0.0 8.060056831625461 0.0
57848.187283888874 8.23525074534526 0.0 8.23525074534526 0.0
57848.18733055554 8.200118016459944 0.0 8.200118016459944 0.0
57848.187377222224 8.193427735967173 0.0 8.193427735967173 0.0
57848.187494444435 8.094601944824792 0.0 8.094601944824792 0.0
57848.18754111111 8.098785253397274 0.0 8.098785253397274 0.0
57848.18758777778 8.104956667413168 0.0 8.104956667413168 0.0
57848.18770499999 8.112515221915238 0.0 8.112515221915238 0.0
57848.18775166666 8.274523668192863 0.0 8.274523668192863 0.0
57848.187798333325 8.328923564419084 0.0 8.328923564419084 0.0
57848.18791555556 8.112117578838662 0.0 8.112117578838662 0.0
57848.18796222222 8.095996621190167 0.0 8.095996621190167 0.0
57848.18800888889 8.107145394749802 0.0 8.107145394749802 0.0
57848.1881261111 8.112117578838662 0.0 8.112117578838662 0.0
57848.18817277778 8.134157370559796 0.0 8.134157370559796 0.0
57848.18821944443 8.161475198722032 0.0 8.161475198722032 0.0
57848.188336666666 8.264186239040622 0.0 8.264186239040622 0.0
57848.188383333334 8.266137686856208 0.0 8.266137686856208 0.0
57848.18843 8.252858742239253 0.0 8.252858742239253 0.0
57848.18854722222 8.077048327044935 0.0 8.077048327044935 0.0
57848.18859388889 8.11072567454614 0.0 8.11072567454614 0.0
57848.18864055554 8.107145394749802 0.0 8.107145394749802 0.0
57848.188757777774 8.244450724089232 0.0 8.244450724089232 0.0
57848.18880444444 8.379314006874695 0.0 8.379314006874695 0.0
57848.1888511111 8.341114646639687 0.0 8.341114646639687 0.0
57848.216092222225 8.047640407537619 0.0 8.047640407537619 0.0
57848.21613888888 8.03400032924586 0.0 8.03400032924586 0.0
57848.216185555546 8.056454034679478 0.0 8.056454034679478 0.0
57848.216302777764 8.007456202734405 0.0 8.007456202734405 0.0
57848.21634944443 8.052649333624469 0.0 8.052649333624469 0.0
57848.216396111115 8.111123385860012 0.0 8.111123385860012 0.0
57848.21651333333 8.049644351991484 0.0 8.049644351991484 0.0
57848.21656 8.083036797576005 0.0 8.083036797576005 0.0
57848.216606666654 8.124236936873002 0.0 8.124236936873002 0.0
57848.21672388889 8.090217111006712 0.0 8.090217111006712 0.0
57848.216770555555 8.149411219579392 0.0 8.149411219579392 0.0
57848.21681722221 8.165821768890765 0.0 8.165821768890765 0.0
57848.216934444434 8.084034444708026 0.0 8.084034444708026 0.0
57848.2169811111 8.055452971785334 0.0 8.055452971785334 0.0
57848.21702777778 8.044433058072299 0.0 8.044433058072299 0.0
57848.21714499999 8.102767348855416 0.0 8.102767348855416 0.0
57848.217191666656 8.092609133069825 0.0 8.092609133069825 0.0
57848.21723833333 8.062857894032042 0.0 8.062857894032042 0.0
57848.21735555554 8.01892921819688 0.0 8.01892921819688 0.0
57848.217402222224 8.044834046685468 0.0 8.044834046685468 0.0
57848.21744888889 8.040823260691496 0.0 8.040823260691496 0.0
57848.217566111096 8.138122157971367 0.0 8.138122157971367 0.0
57848.217612777764 8.10177200848181 0.0 8.10177200848181 0.0
57848.21765944443 8.091413210430888 0.0 8.091413210430888 0.0
57848.217776666665 8.06345799509799 0.0 8.06345799509799 0.0
57848.21782333333 8.073453112596265 0.0 8.073453112596265 0.0
57848.21787 8.041425006118768 0.0 8.041425006118768 0.0
57848.21798722221 8.00403124238232 0.0 8.00403124238232 0.0
57848.21803388889 7.998991871963737 0.0 7.998991871963737 0.0
57848.21808055555 8.0275734492978 0.0 8.0275734492978 0.0
57848.21819777778 7.979206848771617 0.0 7.979206848771617 0.0
57848.21824444445 8.00685190442254 0.0 8.00685190442254 0.0
57848.21829111111 8.003426685469007 0.0 8.003426685469007 0.0
57848.218408333334 8.015911595675032 0.0 8.015911595675032 0.0
57848.218455 8.050846479237947 0.0 8.050846479237947 0.0
57848.218501666655 8.07065572744667 0.0 8.07065572744667 0.0
57848.21861888889 7.988095982107052 0.0 7.988095982107052 0.0
57848.218665555556 7.9943528455626005 0.0 7.9943528455626005 0.0
57848.21871222221 7.985268694855061 0.0 7.985268694855061 0.0
57848.22928666667 8.143867671147493 0.0 8.143867671147493 0.0
57848.22933333332 8.1053546617991 0.0 8.1053546617991 0.0
57848.22937999999 8.153962029234227 0.0 8.153962029234227 0.0
57848.22949722221 8.217801291374483 0.0 8.217801291374483 0.0
57848.229543888876 8.122251396129986 0.0 8.122251396129986 0.0
57848.22959055556 8.093207028119323 0.0 8.093207028119323 0.0
57848.22970777778 8.221333382161628 0.0 8.221333382161628 0.0
57848.229754444445 8.323693348973276 0.0 8.323693348973276 0.0
57848.2298011111 8.338600485963825 0.0 8.338600485963825 0.0
57848.22991833333 8.098187770192188 0.0 8.098187770192188 0.0
57848.229965 8.136338242723197 0.0 8.136338242723197 0.0
57848.23001166665 8.149411219579392 0.0 8.149411219579392 0.0
57848.23012888888 8.19952791717402 0.0 8.19952791717402 0.0
57848.230175555545 8.255008255012383 0.0 8.255008255012383 0.0
57848.23022222222 8.396235715697147 0.0 8.396235715697147 0.0
57848.23033944443 8.141292597695426 0.0 8.141292597695426 0.0
57848.2303861111 8.271014292053597 0.0 8.271014292053597 0.0
57848.230432777775 8.311864819292573 0.0 8.311864819292573 0.0
57848.230549999986 8.269454091277243 0.0 8.269454091277243 0.0
57848.23059666667 8.37238163210137 0.0 8.37238163210137 0.0
57848.230643333336 8.551740060626033 0.0 8.551740060626033 0.0
57848.23076055555 8.150400742176087 0.0 8.150400742176087 0.0
57848.23080722221 8.163056037475656 0.0 8.163056037475656 0.0
57848.230853888876 8.150796517578375 0.0 8.150796517578375 0.0
57848.23097111111 8.18712600721795 0.0 8.18712600721795 0.0
57848.231017777776 8.110129071006645 0.0 8.110129071006645 0.0
57848.231064444444 8.152181580174048 0.0 8.152181580174048 0.0
57848.231181666655 8.107941149109271 0.0 8.107941149109271 0.0
57848.23122833333 8.157719478921434 0.0 8.157719478921434 0.0
57848.23127499999 8.321173924625718 0.0 8.321173924625718 0.0
57848.231392222224 8.108338997003184 0.0 8.108338997003184 0.0
57848.23143888889 8.069856296438077 0.0 8.069856296438077 0.0
57848.23148555555 8.100577438597181 0.0 8.100577438597181 0.0
57848.23160277778 8.182790753534459 0.0 8.182790753534459 0.0
57848.231649444446 8.299436436366648 0.0 8.299436436366648 0.0
57848.2316961111 8.31904150806469 0.0 8.31904150806469 0.0
57848.23181333333 8.257743189312995 0.0 8.257743189312995 0.0
57848.23186 8.50730236610802 0.0 8.50730236610802 0.0
57848.23190666665 8.698349862047435 0.0 8.698349862047435 0.0
57848.24248111111 8.317102473120498 0.0 8.317102473120498 0.0
57848.242527777766 8.310894521165306 0.0 8.310894521165306 0.0
57848.24257444443 8.281927467724236 0.0 8.281927467724236 0.0
57848.24269166665 8.153566407486379 0.0 8.153566407486379 0.0
57848.24273833332 8.334731065576372 0.0 8.334731065576372 0.0
57848.242785 8.53077918764676 0.0 8.53077918764676 0.0
57848.24290222222 8.121854229733028 0.0 8.121854229733028 0.0
57848.24294888889 8.18968666933818 0.0 8.18968666933818 0.0
57848.24299555554 8.218586331621916 0.0 8.218586331621916 0.0
57848.243112777775 8.106946443955412 0.0 8.106946443955412 0.0
57848.24315944444 8.0802427303049 0.0 8.0802427303049 0.0
57848.2432061111 8.106946443955412 0.0 8.106946443955412 0.0
57848.24332333332 8.30196245746518 0.0 8.30196245746518 0.0
57848.24336999999 8.26516202054179 0.0 8.26516202054179 0.0
57848.243416666664 8.151390144651561 0.0 8.151390144651561 0.0
57848.243533888875 8.0934063166538 0.0 8.0934063166538 0.0
57848.24358055554 8.08363540063025 0.0 8.08363540063025 0.0
57848.243627222226 8.055653194316198 0.0 8.055653194316198 0.0
57848.24374444443 8.15633535674036 0.0 8.15633535674036 0.0
57848.24379111111 8.136338242723197 0.0 8.136338242723197 0.0
57848.24383777778 8.080641941921964 0.0 8.080641941921964 0.0
57848.24395499999 8.069456551234294 0.0 8.069456551234294 0.0
57848.24400166665 8.092808436327699 0.0 8.092808436327699 0.0
57848.24404833332 8.08802380265155 0.0 8.08802380265155 0.0
57848.24416555555 8.086428295647293 0.0 8.086428295647293 0.0
57848.24421222222 8.056454034679478 0.0 8.056454034679478 0.0
57848.24425888889 8.090017743909725 0.0 8.090017743909725 0.0
57848.2443761111 8.233096074244607 0.0 8.233096074244607 0.0
57848.244422777774 8.211911097361426 0.0 8.211911097361426 0.0
57848.244469444435 8.095996621190167 0.0 8.095996621190167 0.0
57848.24458666667 8.166216796913584 0.0 8.166216796913584 0.0
57848.244633333336 8.13296755743699 0.0 8.13296755743699 0.0
57848.24468 8.20562356341772 0.0 8.20562356341772 0.0
57848.24479722222 8.151983728496852 0.0 8.151983728496852 0.0
57848.24484388889 8.15692858072006 0.0 8.15692858072006 0.0
57848.24489055554 8.135347009669712 0.0 8.135347009669712 0.0
57848.245007777776 8.163056037475656 0.0 8.163056037475656 0.0
57848.245054444444 8.196773558796995 0.0 8.196773558796995 0.0
57848.2451011111 8.155544324311313 0.0 8.155544324311313 0.0
57848.2609111111 8.117285419439503 0.0 8.117285419439503 0.0
57848.26095777778 8.183382059728352 0.0 8.183382059728352 0.0
57848.261004444445 8.212107505227836 0.0 8.212107505227836 0.0
57848.27164777778 8.104160620004931 0.0 8.104160620004931 0.0
57848.27169444443 8.167401766345478 0.0 8.167401766345478 0.0
57848.2717411111 8.155742089611348 0.0 8.155742089611348 0.0
57848.27185833332 8.027171598450337 0.0 8.027171598450337 0.0
57848.27190499999 8.024961059095553 0.0 8.024961059095553 0.0
57848.27195166667 8.043631020876083 0.0 8.043631020876083 0.0
57848.27206888889 8.063658018862238 0.0 8.063658018862238 0.0
57848.272115555556 8.141688815853474 0.0 8.141688815853474 0.0
57848.27216222221 8.16246325882162 0.0 8.16246325882162 0.0
57848.27227944444 8.129198667011524 0.0 8.129198667011524 0.0
57848.27232611111 8.07305354549238 0.0 8.07305354549238 0.0
57848.27237277776 8.124832504477029 0.0 8.124832504477029 0.0
57848.27248999999 8.069256671206242 0.0 8.069256671206242 0.0
57848.27253666666 8.086428295647293 0.0 8.086428295647293 0.0
57848.27258333333 8.150400742176087 0.0 8.150400742176087 0.0
57848.27270055554 8.086627751238261 0.0 8.086627751238261 0.0
57848.27274722221 8.043229972287053 0.0 8.043229972287053 0.0
57848.272793888886 8.106946443955412 0.0 8.106946443955412 0.0
57848.2729111111 8.115695665131378 0.0 8.115695665131378 0.0
57848.27295777778 8.176480826717409 0.0 8.176480826717409 0.0
57848.27300444445 8.144263764028306 0.0 8.144263764028306 0.0
57848.27312166666 8.045034533497125 0.0 8.045034533497125 0.0
57848.27316833332 8.139311217589249 0.0 8.139311217589249 0.0
57848.27321499999 8.115496923946225 0.0 8.115496923946225 0.0
57848.27333222222 8.150994398073117 0.0 8.150994398073117 0.0
57848.27337888889 8.15317076654151 0.0 8.15317076654151 0.0
57848.273425555555 8.081041133817575 0.0 8.081041133817575 0.0
57848.273542777766 8.029582401867925 0.0 8.029582401867925 0.0
57848.27358944444 8.085630424081891 0.0 8.085630424081891 0.0
57848.2736361111 8.077048327044935 0.0 8.077048327044935 0.0
57848.273753333335 8.154357631787851 0.0 8.154357631787851 0.0
57848.2738 8.062857894032042 0.0 8.062857894032042 0.0
57848.27384666666 8.119272174595533 0.0 8.119272174595533 0.0
57848.27396388889 8.050646137162312 0.0 8.050646137162312 0.0
57848.27401055556 8.065058046308321 0.0 8.065058046308321 0.0
57848.27405722221 8.063057932683261 0.0 8.063057932683261 0.0
57848.27417444444 8.077847046288126 0.0 8.077847046288126 0.0
57848.27422111111 8.0838349251314 0.0 8.0838349251314 0.0
57848.274267777764 8.130190649671139 0.0 8.130190649671139 0.0
57848.28484222222 8.160882305241266 0.0 8.160882305241266 0.0
57848.28488888888 8.183973323199355 0.0 8.183973323199355 0.0
57848.284935555545 8.227216830386418 0.0 8.227216830386418 0.0
57848.28505277776 8.316714611881538 0.0 8.316714611881538 0.0
57848.28509944443 8.3756559685332 0.0 8.3756559685332 0.0
57848.28514611111 8.461678320522472 0.0 8.461678320522472 0.0
57848.28526333333 8.120662613994167 0.0 8.120662613994167 0.0
57848.28531 8.189883610185623 0.0 8.189883610185623 0.0
57848.28535666665 8.194215111303986 0.0 8.194215111303986 0.0
57848.285473888885 8.141688815853474 0.0 8.141688815853474 0.0
57848.28552055555 8.124236936873002 0.0 8.124236936873002 0.0
57848.285567222214 8.186929000034928 0.0 8.186929000034928 0.0
57848.28568444443 8.159498719580677 0.0 8.159498719580677 0.0
57848.2857311111 8.222706563279905 0.0 8.222706563279905 0.0
57848.285777777775 8.258133820273706 0.0 8.258133820273706 0.0
57848.285894999986 8.279395334006837 0.0 8.279395334006837 0.0
57848.285941666654 8.309730013858802 0.0 8.309730013858802 0.0
57848.28598833334 8.219567526493146 0.0 8.219567526493146 0.0
57848.28610555554 8.164241465664608 0.0 8.164241465664608 0.0
57848.28615222222 8.174113348385747 0.0 8.174113348385747 0.0
57848.28619888889 8.148817448344982 0.0 8.148817448344982 0.0
57848.2863161111 8.148025686057032 0.0 8.148025686057032 0.0
57848.28636277777 8.084832473776576 0.0 8.084832473776576 0.0
57848.28640944443 8.093605600281201 0.0 8.093605600281201 0.0
57848.28652666666 8.269259045482269 0.0 8.269259045482269 0.0
57848.28657333333 8.12522952529402 0.0 8.12522952529402 0.0
57848.28662 8.176086294601726 0.0 8.176086294601726 0.0
57848.28673722221 8.219567526493146 0.0 8.219567526493146 0.0
57848.28678388889 8.158114899269158 0.0 8.158114899269158 0.0
57848.286830555546 8.146837898346542 0.0 8.146837898346542 0.0
57848.28694777778 8.34884577689944 0.0 8.34884577689944 0.0
57848.28699444445 8.347493345986585 0.0 8.347493345986585 0.0
57848.287041111114 8.307982946850654 0.0 8.307982946850654 0.0
57848.28715833333 8.184761608052195 0.0 8.184761608052195 0.0
57848.287205 8.286794780971439 0.0 8.286794780971439 0.0
57848.287251666654 8.458437284175048 0.0 8.458437284175048 0.0
57848.28736888889 8.356955766151891 0.0 8.356955766151891 0.0
57848.287415555555 8.412931674204819 0.0 8.412931674204819 0.0
57848.28746222221 8.40756188048554 0.0 8.40756188048554 0.0
57848.29803666667 8.15059863227948 0.0 8.15059863227948 0.0
57848.29808333332 8.144857867232513 0.0 8.144857867232513 0.0
57848.29812999999 8.129595474600514 0.0 8.129595474600514 0.0
57848.298247222214 8.090217111006712 0.0 8.090217111006712 0.0
57848.298293888874 8.086827201909806 0.0 8.086827201909806 0.0
57848.29834055556 8.098386936158455 0.0 8.098386936158455 0.0
57848.298457777775 8.157126312459514 0.0 8.157126312459514 0.0
57848.29850444444 8.180227932781461 0.0 8.180227932781461 0.0
57848.2985511111 8.164241465664608 0.0 8.164241465664608 0.0
57848.29866833334 8.155148779323602 0.0 8.155148779323602 0.0
57848.298715 8.20287125183576 0.0 8.20287125183576 0.0
57848.29876166666 8.20994676026901 0.0 8.20994676026901 0.0
57848.298878888876 8.115099426974227 0.0 8.115099426974227 0.0
57848.298925555544 8.152181580174048 0.0 8.152181580174048 0.0
57848.29897222222 8.171547806161762 0.0 8.171547806161762 0.0
57848.29908944443 8.088622036639672 0.0 8.088622036639672 0.0
57848.2991361111 8.123045670667002 0.0 8.123045670667002 0.0
57848.29918277778 8.122251396129986 0.0 8.122251396129986 0.0
57848.29929999999 8.112515221915238 0.0 8.112515221915238 0.0
57848.29934666667 8.153962029234227 0.0 8.153962029234227 0.0
57848.299393333335 8.19047440431517 0.0 8.19047440431517 0.0
57848.299510555546 8.134553936260764 0.0 8.134553936260764 0.0
57848.29955722221 8.131777570224907 0.0 8.131777570224907 0.0
57848.299603888874 8.139905682262482 0.0 8.139905682262482 0.0
57848.299721111114 8.116291859487747 0.0 8.116291859487747 0.0
57848.299767777775 8.11529817789396 0.0 8.11529817789396 0.0
57848.29981444444 8.102170159304395 0.0 8.102170159304395 0.0
57848.299931666654 8.097590242901617 0.0 8.097590242901617 0.0
57848.299978333336 8.09519969268925 0.0 8.09519969268925 0.0
57848.30002499999 8.110129071006645 0.0 8.110129071006645 0.0
57848.30014222222 8.104160620004931 0.0 8.104160620004931 0.0
57848.30018888889 8.103165450771732 0.0 8.103165450771732 0.0
57848.30023555556 8.09778942356413 0.0 8.09778942356413 0.0
57848.30035277778 8.160091713589594 0.0 8.160091713589594 0.0
57848.300399444444 8.145451927104732 0.0 8.145451927104732 0.0
57848.3004461111 8.17746707372983 0.0 8.17746707372983 0.0
57848.30056333333 8.158510300451955 0.0 8.158510300451955 0.0
57848.30061 8.157917191491086 0.0 8.157917191491086 0.0
57848.30065666665 8.10993019340706 0.0 8.10993019340706 0.0
57848.31678666667 8.136338242723197 0.0 8.136338242723197 0.0
57848.31683333332 8.141688815853474 0.0 8.141688815853474 0.0
57848.31687999999 8.11947082337346 0.0 8.11947082337346 0.0
57848.31699722221 8.112117578838662 0.0 8.112117578838662 0.0
57848.31704388888 8.114900671186666 0.0 8.114900671186666 0.0
57848.31709055555 8.105155667049017 0.0 8.105155667049017 0.0
57848.31720777778 8.184170401530647 0.0 8.184170401530647 0.0
57848.317254444446 8.176875339797022 0.0 8.176875339797022 0.0
57848.3173011111 8.175691743447215 0.0 8.175691743447215 0.0
57848.31741833333 8.160487018989539 0.0 8.160487018989539 0.0
57848.317465 8.208767932384369 0.0 8.208767932384369 0.0
57848.31751166665 8.297492819929055 0.0 8.297492819929055 0.0
57848.31762888888 8.249926685891253 0.0 8.249926685891253 0.0
57848.31767555555 8.359850284197293 0.0 8.359850284197293 0.0
57848.31772222222 8.284264134976896 0.0 8.284264134976896 0.0
57848.31783944443 8.342661445845685 0.0 8.342661445845685 0.0
57848.3178861111 8.247384727215632 0.0 8.247384727215632 0.0
57848.317932777776 8.18771700032551 0.0 8.18771700032551 0.0
57848.31804999999 8.147431813847252 0.0 8.147431813847252 0.0
57848.31809666667 8.161672820311193 0.0 8.161672820311193 0.0
57848.31814333333 8.150400742176087 0.0 8.150400742176087 0.0
57848.31826055554 8.169376333443047 0.0 8.169376333443047 0.0
57848.31830722221 8.17746707372983 0.0 8.17746707372983 0.0
57848.31835388888 8.15059863227948 0.0 8.15059863227948 0.0
57848.31847111111 8.137527563007678 0.0 8.137527563007678 0.0
57848.31851777778 8.142481194328912 0.0 8.142481194328912 0.0
57848.318564444446 8.13435565582695 0.0 8.13435565582695 0.0
57848.31868166666 8.121655639251188 0.0 8.121655639251188 0.0
57848.31872833333 8.150796517578375 0.0 8.150796517578375 0.0
57848.318774999985 8.169376333443047 0.0 8.169376333443047 0.0
57848.318892222225 8.147035874990799 0.0 8.147035874990799 0.0
57848.318938888886 8.151983728496852 0.0 8.151983728496852 0.0
57848.318985555554 8.146639916891127 0.0 8.146639916891127 0.0
57848.31910277778 8.131975913519698 0.0 8.131975913519698 0.0
57848.31914944445 8.126221992473978 0.0 8.126221992473978 0.0
57848.3191961111 8.129198667011524 0.0 8.129198667011524 0.0
57848.31931333333 8.116291859487747 0.0 8.116291859487747 0.0
57848.31936 8.133364181150737 0.0 8.133364181150737 0.0
57848.319406666655 8.129793871132083 0.0 8.129793871132083 0.0
57848.31952388888 8.111918749990757 0.0 8.111918749990757 0.0
57848.319570555555 8.139113053049611 0.0 8.139113053049611 0.0
57848.31961722221 8.129397073227114 0.0 8.129397073227114 0.0
57848.31973444444 8.122449972045818 0.0 8.122449972045818 0.0
57848.31978111111 8.123442778812759 0.0 8.123442778812759 0.0
57848.31982777778 8.111322234204284 0.0 8.111322234204284 0.0
57848.31994499999 8.154950999635227 0.0 8.154950999635227 0.0
57848.31999166666 8.123244227166479 0.0 8.123244227166479 0.0
57848.320038333324 8.12284710931397 0.0 8.12284710931397 0.0
57848.32015555554 8.165426721757234 0.0 8.165426721757234 0.0
57848.320202222225 8.17391602757249 0.0 8.17391602757249 0.0
57848.320248888886 8.164439020295823 0.0 8.164439020295823 0.0
57848.3203661111 8.153962029234227 0.0 8.153962029234227 0.0
57848.320412777764 8.157126312459514 0.0 8.157126312459514 0.0
57848.32045944445 8.189489723754702 0.0 8.189489723754702 0.0
57848.32057666666 8.166216796913584 0.0 8.166216796913584 0.0
57848.32062333333 8.16799418659551 0.0 8.16799418659551 0.0
57848.32067 8.14782773346329 0.0 8.14782773346329 0.0
57848.32078722221 8.151983728496852 0.0 8.151983728496852 0.0
57848.32083388889 8.160684664508755 0.0 8.160684664508755 0.0
57848.320880555555 8.220352398065858 0.0 8.220352398065858 0.0
57848.32099777778 8.187520007362899 0.0 8.187520007362899 0.0
57848.321044444434 8.181410872885417 0.0 8.181410872885417 0.0
57848.3210911111 8.195986429246153 0.0 8.195986429246153 0.0
57848.321208333335 8.429403223815873 0.0 8.429403223815873 0.0
57848.32125499999 8.83687289603314 0.0 8.83687289603314 0.0
57848.321301666656 8.759142688937159 0.0 8.759142688937159 0.0
57848.321418888874 8.20699937307646 0.0 8.20699937307646 0.0
57848.32146555556 8.188307950777999 0.0 8.188307950777999 0.0
57848.32151222221 8.179636398575624 0.0 8.179636398575624 0.0
57848.329981111114 8.289130076151226 0.0 8.289130076151226 0.0
57848.33002777777 8.255399015385374 0.0 8.255399015385374 0.0
57848.330074444435 8.256571185542791 0.0 8.256571185542791 0.0
57848.33019166665 8.2675034262603 0.0 8.2675034262603 0.0
57848.33023833332 8.280564107322874 0.0 8.280564107322874 0.0
57848.330285 8.293604220587207 0.0 8.293604220587207 0.0
57848.33040222222 8.335311593146276 0.0 8.335311593146276 0.0
57848.33044888889 8.259305602304474 0.0 8.259305602304474 0.0
57848.33049555554 8.286989414038556 0.0 8.286989414038556 0.0
57848.330612777776 8.30157388886337 0.0 8.30157388886337 0.0
57848.330659444444 8.343821357070732 0.0 8.343821357070732 0.0
57848.3307061111 8.370069564593178 0.0 8.370069564593178 0.0
57848.33082333332 8.375848536696292 0.0 8.375848536696292 0.0
57848.33086999999 8.424618302830526 0.0 8.424618302830526 0.0
57848.330916666666 8.442977612651944 0.0 8.442977612651944 0.0
57848.33103388888 8.372766914613807 0.0 8.372766914613807 0.0
57848.331080555545 8.426915403978281 0.0 8.426915403978281 0.0
57848.33112722222 8.393353745480658 0.0 8.393353745480658 0.0
57848.33124444443 8.547023628329677 0.0 8.547023628329677 0.0
57848.33129111111 8.519048864068518 0.0 8.519048864068518 0.0
57848.33133777778 8.483190209410152 0.0 8.483190209410152 0.0
57848.331454999985 8.361200716365733 0.0 8.361200716365733 0.0
57848.33150166665 8.371418348242448 0.0 8.371418348242448 0.0
57848.33154833332 8.380276383154944 0.0 8.380276383154944 0.0
57848.33166555555 8.48718198606087 0.0 8.48718198606087 0.0
57848.33171222222 8.632833048982985 0.0 8.632833048982985 0.0
57848.33175888889 8.656528396012327 0.0 8.656528396012327 0.0
57848.3318761111 8.389509578499924 0.0 8.389509578499924 0.0
57848.331922777776 8.404491886543038 0.0 8.404491886543038 0.0
57848.331969444436 8.480908350619814 0.0 8.480908350619814 0.0
57848.33208666667 8.490981933413142 0.0 8.490981933413142 0.0
57848.33213333334 8.508629395710475 0.0 8.508629395710475 0.0
57848.33218 8.771471351912366 0.0 8.771471351912366 0.0
57848.33229722222 8.385663649271278 0.0 8.385663649271278 0.0
57848.33234388889 8.388355984877625 0.0 8.388355984877625 0.0
57848.332390555544 8.387971418413931 0.0 8.387971418413931 0.0
57848.33250777778 8.383162849118385 0.0 8.383162849118385 0.0
57848.332554444445 8.404108058447637 0.0 8.404108058447637 0.0
57848.3326011111 8.435332756310057 0.0 8.435332756310057 0.0
57848.332718333324 8.364672255114595 0.0 8.364672255114595 0.0
57848.332765 8.35444637265381 0.0 8.35444637265381 0.0
57848.33281166665 8.365057892709835 0.0 8.365057892709835 0.0
57848.332928888885 8.419064387524918 0.0 8.419064387524918 0.0
57848.33297555555 8.454431935667747 0.0 8.454431935667747 0.0
57848.33302222222 8.374693061298888 0.0 8.374693061298888 0.0
57848.33313944443 8.416765143680259 0.0 8.416765143680259 0.0
57848.333186111115 8.413506805975352 0.0 8.413506805975352 0.0
57848.33323277777 8.38547130650735 0.0 8.38547130650735 0.0
57848.333349999986 8.357727735648357 0.0 8.357727735648357 0.0
57848.33339666667 8.367178581777424 0.0 8.367178581777424 0.0
57848.33344333334 8.379506490972965 0.0 8.379506490972965 0.0
57848.33356055555 8.339954358968484 0.0 8.339954358968484 0.0
57848.33360722221 8.360043216434061 0.0 8.360043216434061 0.0
57848.33365388889 8.397580296651512 0.0 8.397580296651512 0.0
57848.3337711111 8.494210552089335 0.0 8.494210552089335 0.0
57848.33381777778 8.60082516671436 0.0 8.60082516671436 0.0
57848.333864444445 8.747349829077265 0.0 8.747349829077265 0.0
57848.333981666656 8.468728053179515 0.0 8.468728053179515 0.0
57848.33402833333 8.625730450602523 0.0 8.625730450602523 0.0
57848.334075 8.619370533113006 0.0 8.619370533113006 0.0
57848.334192222224 8.529455604153513 0.0 8.529455604153513 0.0
57848.33423888888 8.558904060081373 0.0 8.558904060081373 0.0
57848.334285555546 8.617124735645726 0.0 8.617124735645726 0.0
57848.33440277778 8.720572635829265 0.0 8.720572635829265 0.0
57848.33444944443 8.661371417893916 0.0 8.661371417893916 0.0
57848.3344961111 8.620493212444776 0.0 8.620493212444776 0.0
57848.334613333325 8.477484410807483 0.0 8.477484410807483 0.0
57848.33466 8.52226684973338 0.0 8.52226684973338 0.0
57848.334706666654 8.540793949646753 0.0 8.540793949646753 0.0
57848.34317555556 8.547401038685914 0.0 8.547401038685914 0.0
57848.34322222221 8.56512056672763 0.0 8.56512056672763 0.0
57848.34326888888 8.635261544127305 0.0 8.635261544127305 0.0
57848.3433861111 8.559846245227508 0.0 8.559846245227508 0.0
57848.343432777765 8.557961771205767 0.0 8.557961771205767 0.0
57848.34347944445 8.587688111288987 0.0 8.587688111288987 0.0
57848.343596666666 8.568885951604962 0.0 8.568885951604962 0.0
57848.34364333333 8.619557656489594 0.0 8.619557656489594 0.0
57848.34368999999 8.628160944855084 0.0 8.628160944855084 0.0
57848.34380722222 8.581863847485241 0.0 8.581863847485241 0.0
57848.34385388889 8.61132038131653 0.0 8.61132038131653 0.0
57848.34390055554 8.61469112770774 0.0 8.61469112770774 0.0
57848.34401777777 8.598762101455032 0.0 8.598762101455032 0.0
57848.344064444434 8.688702341955143 0.0 8.688702341955143 0.0
57848.34411111111 8.797176966541322 0.0 8.797176966541322 0.0
57848.34422833332 8.700760070617486 0.0 8.700760070617486 0.0
57848.34427499999 8.71872290144939 0.0 8.71872290144939 0.0
57848.344321666664 8.661185197896305 0.0 8.661185197896305 0.0
57848.344438888875 8.603637640275263 0.0 8.603637640275263 0.0
57848.34448555556 8.670119246119715 0.0 8.670119246119715 0.0
57848.344532222225 8.618621998979322 0.0 8.618621998979322 0.0
57848.344649444436 8.55645389316196 0.0 8.55645389316196 0.0
57848.3446961111 8.564555616214177 0.0 8.564555616214177 0.0
57848.344742777765 8.600450100749603 0.0 8.600450100749603 0.0
57848.34486 8.627039263363352 0.0 8.627039263363352 0.0
57848.344906666665 8.697237232815427 0.0 8.697237232815427 0.0
57848.34495333333 8.733140439468718 0.0 8.733140439468718 0.0
57848.345070555544 8.57810415929662 0.0 8.57810415929662 0.0
57848.34511722222 8.565308875284783 0.0 8.565308875284783 0.0
57848.34516388888 8.563990628431991 0.0 8.563990628431991 0.0
57848.34528111111 8.749930875302995 0.0 8.749930875302995 0.0
57848.34532777778 8.730554429425505 0.0 8.730554429425505 0.0
57848.34537444444 8.674210943012108 0.0 8.674210943012108 0.0
57848.34549166667 8.720942535625229 0.0 8.720942535625229 0.0
57848.345538333335 8.760799786733276 0.0 8.760799786733276 0.0
57848.34558499999 8.720572635829265 0.0 8.720572635829265 0.0
57848.34570222222 8.629095568052346 0.0 8.629095568052346 0.0
57848.34574888889 8.810733922782171 0.0 8.810733922782171 0.0
57848.34579555554 8.774964387392123 0.0 8.774964387392123 0.0
57848.34591277777 8.674768752146989 0.0 8.674768752146989 0.0
57848.34595944444 8.633019880555384 0.0 8.633019880555384 0.0
57848.346006111096 8.68925922081115 0.0 8.68925922081115 0.0
57848.34612333334 8.851097981825246 0.0 8.851097981825246 0.0
57848.34617 8.79277562694548 0.0 8.79277562694548 0.0
57848.346216666665 8.69593898545233 0.0 8.69593898545233 0.0
57848.346333888876 8.628534806282339 0.0 8.628534806282339 0.0
57848.34638055556 8.661557633887872 0.0 8.661557633887872 0.0
57848.34642722221 8.6992769443695 0.0 8.6992769443695 0.0
57848.34654444443 8.59988747113176 0.0 8.59988747113176 0.0
57848.34659111111 8.617499075867698 0.0 8.617499075867698 0.0
57848.34663777778 8.623299271310295 0.0 8.623299271310295 0.0
57848.34675499999 8.584494649488505 0.0 8.584494649488505 0.0
57848.34680166665 8.613005919407112 0.0 8.613005919407112 0.0
57848.346848333334 8.610383828693083 0.0 8.610383828693083 0.0
57848.346965555545 8.644595552023503 0.0 8.644595552023503 0.0
57848.34701222222 8.627974008066493 0.0 8.627974008066493 0.0
57848.34705888889 8.64086315879567 0.0 8.64086315879567 0.0
57848.3471761111 8.652987550458345 0.0 8.652987550458345 0.0
57848.347222777775 8.667328345295411 0.0 8.667328345295411 0.0
57848.34726944444 8.652801150028557 0.0 8.652801150028557 0.0
57848.34738666667 8.632459373707452 0.0 8.632459373707452 0.0
57848.34743333332 8.66286103376492 0.0 8.66286103376492 0.0
57848.34747999999 8.734063828925336 0.0 8.734063828925336 0.0
57848.34759722222 8.68183123242943 0.0 8.68183123242943 0.0
57848.347643888876 8.670305274232685 0.0 8.670305274232685 0.0
57848.34769055554 8.658763973477225 0.0 8.658763973477225 0.0
57848.34780777777 8.638249523989781 0.0 8.638249523989781 0.0
57848.347854444444 8.646274603326512 0.0 8.646274603326512 0.0
57848.3479011111 8.655224042496325 0.0 8.655224042496325 0.0
57848.353475 8.917905149644984 0.0 8.917905149644984 0.0
57848.35359222222 8.879298141400083 0.0 8.879298141400083 0.0
57848.353638888875 8.97792992880049 0.0 8.97792992880049 0.0
57848.35368555554 8.916096353985212 0.0 8.916096353985212 0.0
57848.35380277777 9.05520702102102 0.0 9.05520702102102 0.0
57848.35384944444 9.054672648649069 0.0 9.054672648649069 0.0
57848.35389611111 8.843623545773239 0.0 8.843623545773239 0.0
57848.35401333333 9.0282710094101 0.0 9.0282710094101 0.0
57848.35406 8.873665279007934 0.0 8.873665279007934 0.0
57848.35410666666 8.882567196480982 0.0 8.882567196480982 0.0
57848.35422388889 8.93507044577533 0.0 8.93507044577533 0.0
57848.35427055555 9.151943209839592 0.0 9.151943209839592 0.0
57848.35431722221 9.433297237667938 0.0 9.433297237667938 0.0
57848.35443444443 9.000358415802296 0.0 9.000358415802296 0.0
57848.3544811111 8.93254289553905 0.0 8.93254289553905 0.0
57848.35452777778 8.993187385729195 0.0 8.993187385729195 0.0
57848.354644999985 9.200280500632717 0.0 9.200280500632717 0.0
57848.35469166665 9.02273115078549 0.0 9.02273115078549 0.0
57848.354738333335 8.942107711416847 0.0 8.942107711416847 0.0
57848.354855555546 8.97595353906669 0.0 8.97595353906669 0.0
57848.35490222222 9.013430838691278 0.0 9.013430838691278 0.0
57848.35494888889 9.019512897225981 0.0 9.019512897225981 0.0
57848.3550661111 8.893818077743664 0.0 8.893818077743664 0.0
57848.35511277777 8.919713578505796 0.0 8.919713578505796 0.0
57848.355159444436 9.010925268447652 0.0 9.010925268447652 0.0
57848.35527666667 9.936573044614915 0.0 9.936573044614915 0.0
57848.35532333334 10.093274669223417 0.0 10.093274669223417 0.0
57848.35537 10.190602881909106 0.0 10.190602881909106 0.0
57848.35548722221 9.503988975772904 0.0 9.503988975772904 0.0
57848.35553388889 10.473160782409172 0.0 10.473160782409172 0.0
57848.355580555544 10.349224686560015 0.0 10.349224686560015 0.0
57848.35569777778 9.765145391448558 0.0 9.765145391448558 0.0
57848.355744444445 10.466074224723393 0.0 10.466074224723393 0.0
57848.35579111111 10.137283468909818 0.0 10.137283468909818 0.0
57848.35590833333 9.471859850750434 0.0 9.471859850750434 0.0
57848.355955 9.487513015843849 0.0 9.487513015843849 0.0
57848.35600166665 9.350176813922445 0.0 9.350176813922445 0.0
57848.35611888889 9.018439890830129 0.0 9.018439890830129 0.0
57848.35616555555 9.010030253072978 0.0 9.010030253072978 0.0
57848.356212222214 9.095372804432643 0.0 9.095372804432643 0.0
57848.35632944443 9.08064229645288 0.0 9.08064229645288 0.0
57848.356376111115 9.267877231982347 0.0 9.267877231982347 0.0
57848.35642277777 9.187825043624745 0.0 9.187825043624745 0.0
57848.35654 9.135538545489753 0.0 9.135538545489753 0.0
57848.35658666667 9.148946704755232 0.0 9.148946704755232 0.0
57848.35663333334 9.190633380539333 0.0 9.190633380539333 0.0
57848.35675055555 9.034878652094035 0.0 9.034878652094035 0.0
57848.35679722222 8.980983493812301 0.0 8.980983493812301 0.0
57848.356843888876 8.989240880792059 0.0 8.989240880792059 0.0
57848.3569611111 8.977211291968414 0.0 8.977211291968414 0.0
57848.35700777778 8.96372618372372 0.0 8.96372618372372 0.0
57848.357054444445 8.966065055566192 0.0 8.966065055566192 0.0
57848.357171666656 8.94391124660217 0.0 8.94391124660217 0.0
57848.35721833332 9.076023002856873 0.0 9.076023002856873 0.0
57848.357265 9.092712431108701 0.0 9.092712431108701 0.0
57848.35738222221 9.052000313600267 0.0 9.052000313600267 0.0
57848.35742888889 9.08099752940349 0.0 9.08099752940349 0.0
57848.35747555555 9.107777605059635 0.0 9.107777605059635 0.0
57848.357592777764 9.049505422236994 0.0 9.049505422236994 0.0
57848.357639444446 9.042908467323283 0.0 9.042908467323283 0.0
57848.357686111114 9.025054731314697 0.0 9.025054731314697 0.0
57848.35780333333 9.086679367925552 0.0 9.086679367925552 0.0
57848.357849999986 9.116273998345115 0.0 9.116273998345115 0.0
57848.357896666654 9.122287489016012 0.0 9.122287489016012 0.0
57848.35801388889 9.016651263079881 0.0 9.016651263079881 0.0
57848.35806055555 9.046118397661845 0.0 9.046118397661845 0.0
57848.35810722221 9.052178493814125 0.0 9.052178493814125 0.0
57848.35822444443 9.162335242544566 0.0 9.162335242544566 0.0
57848.35827111111 9.065887853963625 0.0 9.065887853963625 0.0
57848.35831777777 9.191159848182313 0.0 9.191159848182313 0.0
57848.36053666667 9.24505098644326 0.0 9.24505098644326 0.0
57848.36058333332 9.314054589877912 0.0 9.314054589877912 0.0
57848.36062999999 9.288911183111933 0.0 9.288911183111933 0.0
57848.360747222214 9.230908807877741 0.0 9.230908807877741 0.0
57848.360793888874 9.3020982717914 0.0 9.3020982717914 0.0
57848.36084055556 9.362416285856842 0.0 9.362416285856842 0.0
57848.360957777775 9.215519868765567 0.0 9.215519868765567 0.0
57848.36100444444 9.201507590361693 0.0 9.201507590361693 0.0
57848.3610511111 9.155995744020208 0.0 9.155995744020208 0.0
57848.36116833334 9.13624472865824 0.0 9.13624472865824 0.0
57848.361215 9.21779485210448 0.0 9.21779485210448 0.0
57848.36126166666 9.332219595607743 0.0 9.332219595607743 0.0
57848.361378888876 9.303832023557852 0.0 9.303832023557852 0.0
57848.361425555544 9.331009695391163 0.0 9.331009695391163 0.0
57848.36147222222 9.366033346361805 0.0 9.366033346361805 0.0
57848.36158944443 9.176758862790633 0.0 9.176758862790633 0.0
57848.3616361111 9.211843708841842 0.0 9.211843708841842 0.0
57848.36168277778 9.27483588238419 0.0 9.27483588238419 0.0
57848.36179999999 9.34379214307035 0.0 9.34379214307035 0.0
57848.36184666667 9.265614545362105 0.0 9.265614545362105 0.0
57848.361893333335 9.25690675013231 0.0 9.25690675013231 0.0
57848.362010555546 9.188527208321501 0.0 9.188527208321501 0.0
57848.36205722221 9.504837478035643 0.0 9.504837478035643 0.0
57848.362103888874 9.263699532706038 0.0 9.263699532706038 0.0
57848.362221111114 9.215869902755578 0.0 9.215869902755578 0.0
57848.362267777775 9.234402717468363 0.0 9.234402717468363 0.0
57848.36231444444 9.423717504939503 0.0 9.423717504939503 0.0
57848.362431666654 9.268573332120926 0.0 9.268573332120926 0.0
57848.362478333336 9.335502820053444 0.0 9.335502820053444 0.0
57848.36252499999 9.33291089673804 0.0 9.33291089673804 0.0
57848.36264222222 9.18571822748982 0.0 9.18571822748982 0.0
57848.36268888889 9.183962178184457 0.0 9.183962178184457 0.0
57848.36273555556 9.23178240924324 0.0 9.23178240924324 0.0
57848.36285277778 9.344482588068196 0.0 9.344482588068196 0.0
57848.362899444444 9.472370688038602 0.0 9.472370688038602 0.0
57848.3629461111 9.57112593235003 0.0 9.57112593235003 0.0
57848.36306333333 9.36344987429244 0.0 9.36344987429244 0.0
57848.36311 9.325995579474991 0.0 9.325995579474991 0.0
57848.36315666665 9.528226318376026 0.0 9.528226318376026 0.0
57848.36327388888 9.457545204244205 0.0 9.457545204244205 0.0
57848.36332055555 9.515013603299144 0.0 9.515013603299144 0.0
57848.36336722221 9.699185200231362 0.0 9.699185200231362 0.0
57848.363484444446 9.350521807071312 0.0 9.350521807071312 0.0
57848.363531111114 9.431416272396515 0.0 9.431416272396515 0.0
57848.363577777774 9.50890923496011 0.0 9.50890923496011 0.0
57848.363694999985 9.372230773802967 0.0 9.372230773802967 0.0
57848.36374166667 9.42200581343416 0.0 9.42200581343416 0.0
57848.36378833332 9.388393658335325 0.0 9.388393658335325 0.0
57848.36390555555 9.512640147753155 0.0 9.512640147753155 0.0
57848.36395222222 9.512979249086397 0.0 9.512979249086397 0.0
57848.36399888889 9.617356621603298 0.0 9.617356621603298 0.0
57848.3641161111 9.319075130629786 0.0 9.319075130629786 0.0
57848.36416277777 9.339130304193729 0.0 9.339130304193729 0.0
57848.364209444444 9.426284459408034 0.0 9.426284459408034 0.0
57848.364326666655 9.480880590651564 0.0 9.480880590651564 0.0
57848.36437333333 9.382206907311994 0.0 9.382206907311994 0.0
57848.36442 9.316997993608414 0.0 9.316997993608414 0.0
57848.36453722221 9.359314835689009 0.0 9.359314835689009 0.0
57848.36458388889 9.353971038737955 0.0 9.353971038737955 0.0
57848.36463055555 9.3242659487957 0.0 9.3242659487957 0.0
57848.36474777778 9.463512271674245 0.0 9.463512271674245 0.0
57848.36479444443 9.584261292146046 0.0 9.584261292146046 0.0
57848.3648411111 9.808159868191384 0.0 9.808159868191384 0.0
57848.36495833333 9.741000809680365 0.0 9.741000809680365 0.0
57848.365004999985 9.38908082347135 0.0 9.38908082347135 0.0
57848.36505166665 9.480880590651564 0.0 9.480880590651564 0.0
57848.36516888888 9.563539633555175 0.0 9.563539633555175 0.0
57848.365215555554 9.580389917312443 0.0 9.580389917312443 0.0
57848.36526222221 9.62171602962999 0.0 9.62171602962999 0.0
57848.36748111111 9.577022232338697 0.0 9.577022232338697 0.0
57848.367527777766 9.601243199072814 0.0 9.601243199072814 0.0
57848.36757444443 9.550882411521446 0.0 9.550882411521446 0.0
57848.36769166665 9.584934415108716 0.0 9.584934415108716 0.0
57848.36773833332 9.591663046625438 0.0 9.591663046625438 0.0
57848.367785 9.601243199072814 0.0 9.601243199072814 0.0
57848.36790222222 9.552739853553923 0.0 9.552739853553923 0.0
57848.36794888889 9.557972520868503 0.0 9.557972520868503 0.0
57848.36799555554 9.570114773303063 0.0 9.570114773303063 0.0
57848.368112777775 9.576516977448264 0.0 9.576516977448264 0.0
57848.36815944444 9.59569796079674 0.0 9.59569796079674 0.0
57848.3682061111 9.651341207147025 0.0 9.651341207147025 0.0
57848.36832333332 9.803883364884452 0.0 9.803883364884452 0.0
57848.36836999999 9.89134519048948 0.0 9.89134519048948 0.0
57848.368416666664 10.007416604537566 0.0 10.007416604537566 0.0
57848.368533888875 9.829186295202998 0.0 9.829186295202998 0.0
57848.36858055554 9.99806432878788 0.0 9.99806432878788 0.0
57848.368627222226 9.868980402936687 0.0 9.868980402936687 0.0
57848.36874444443 9.51755593457385 0.0 9.51755593457385 0.0
57848.36879111111 9.527887759692089 0.0 9.527887759692089 0.0
57848.36883777778 9.544800983071967 0.0 9.544800983071967 0.0
57848.36895499999 9.532288084664263 0.0 9.532288084664263 0.0
57848.36900166665 9.552571010111667 0.0 9.552571010111667 0.0
57848.36904833332 9.693695989429619 0.0 9.693695989429619 0.0
57848.36916555555 9.562359001701378 0.0 9.562359001701378 0.0
57848.36921222222 9.65869155634681 0.0 9.65869155634681 0.0
57848.36925888889 9.662197706325875 0.0 9.662197706325875 0.0
57848.3693761111 9.794501419904748 0.0 9.794501419904748 0.0
57848.369422777774 9.91463564635635 0.0 9.91463564635635 0.0
57848.369469444435 10.008705887795239 0.0 10.008705887795239 0.0
57848.36958666667 9.738185563261572 0.0 9.738185563261572 0.0
57848.369633333336 9.864893766901803 0.0 9.864893766901803 0.0
57848.36968 9.861950340380396 0.0 9.861950340380396 0.0
57848.36979722222 9.704006488841806 0.0 9.704006488841806 0.0
57848.36984388889 9.758040522497827 0.0 9.758040522497827 0.0
57848.36989055554 9.82738110357173 0.0 9.82738110357173 0.0
57848.370007777776 9.667037441906686 0.0 9.667037441906686 0.0
57848.370054444444 9.926341625418507 0.0 9.926341625418507 0.0
57848.3701011111 9.947928946397871 0.0 9.947928946397871 0.0
57848.37021833332 9.702344246158646 0.0 9.702344246158646 0.0
57848.370265 9.78263768111648 0.0 9.78263768111648 0.0
57848.37031166666 9.775875507364233 0.0 9.775875507364233 0.0
57848.37042888889 9.651842545137642 0.0 9.651842545137642 0.0
57848.37047555556 9.65952646939296 0.0 9.65952646939296 0.0
57848.37052222222 9.659693443342539 0.0 9.659693443342539 0.0
57848.37063944443 9.729403389858014 0.0 9.729403389858014 0.0
57848.37068611111 9.711483060058667 0.0 9.711483060058667 0.0
57848.37073277777 9.750103390684236 0.0 9.750103390684236 0.0
57848.37084999999 9.860805437233195 0.0 9.860805437233195 0.0
57848.37089666667 9.907637978982711 0.0 9.907637978982711 0.0
57848.370943333335 9.852623688560682 0.0 9.852623688560682 0.0
57848.371060555546 9.830991155360389 0.0 9.830991155360389 0.0
57848.371107222214 9.83459988198349 0.0 9.83459988198349 0.0
57848.37115388889 9.967042464235364 0.0 9.967042464235364 0.0
57848.3712711111 9.988057384826174 0.0 9.988057384826174 0.0
57848.371317777775 9.840338310470637 0.0 9.840338310470637 0.0
57848.37136444444 9.762667536045402 0.0 9.762667536045402 0.0
57848.371481666654 10.008222426037118 0.0 10.008222426037118 0.0
57848.37152833334 10.007577774028329 0.0 10.007577774028329 0.0
57848.371575 9.859333223545253 0.0 9.859333223545253 0.0
57848.37169222222 9.770429382712953 0.0 9.770429382712953 0.0
57848.371738888876 9.751592094991299 0.0 9.751592094991299 0.0
57848.371785555544 9.752584438281295 0.0 9.752584438281295 0.0
57848.37190277778 9.792525128234127 0.0 9.792525128234127 0.0
57848.37194944443 9.819828524880895 0.0 9.819828524880895 0.0
57848.3719961111 9.794666092877682 0.0 9.794666092877682 0.0
57848.372113333324 9.775875507364233 0.0 9.775875507364233 0.0
57848.37216 9.942901504218005 0.0 9.942901504218005 0.0
57848.37220666665 10.024486150454056 0.0 10.024486150454056 0.0
57848.37442555556 10.015955013812198 0.0 10.015955013812198 0.0
57848.37447222221 9.97108723485866 0.0 9.97108723485866 0.0
57848.37451888888 9.954574244391207 0.0 9.954574244391207 0.0
57848.3746361111 10.281207409951985 0.0 10.281207409951985 0.0
57848.374682777765 10.055009985397906 0.0 10.055009985397906 0.0
57848.37472944445 10.032366973789097 0.0 10.032366973789097 0.0
57848.374846666666 10.366198170791884 0.0 10.366198170791884 0.0
57848.37489333333 10.481319788849543 0.0 10.481319788849543 0.0
57848.37493999999 10.35000389590078 0.0 10.35000389590078 0.0
57848.37505722222 10.384541861700946 0.0 10.384541861700946 0.0
57848.37510388889 10.43613449634521 0.0 10.43613449634521 0.0
57848.37515055554 10.365264573440436 0.0 10.365264573440436 0.0
57848.37526777777 10.064790112068902 0.0 10.064790112068902 0.0
57848.375314444434 10.023037978705892 0.0 10.023037978705892 0.0
57848.37536111111 10.061424256262933 0.0 10.061424256262933 0.0
57848.37547833332 10.195508182370027 0.0 10.195508182370027 0.0
57848.37552499999 10.301581463307526 0.0 10.301581463307526 0.0
57848.375571666664 10.273046474681585 0.0 10.273046474681585 0.0
57848.375688888875 10.388579337193383 0.0 10.388579337193383 0.0
57848.37573555556 10.35015973072942 0.0 10.35015973072942 0.0
57848.375782222225 10.329413061425532 0.0 10.329413061425532 0.0
57848.375899444436 10.302677384559928 0.0 10.302677384559928 0.0
57848.3759461111 10.479626932537307 0.0 10.479626932537307 0.0
57848.375992777765 11.397226600956408 0.0 11.397226600956408 0.0
57848.37611 10.075681358534007 0.0 10.075681358534007 0.0
57848.376156666665 10.059821071967432 0.0 10.059821071967432 0.0
57848.37620333333 10.16143881099903 0.0 10.16143881099903 0.0
57848.376320555544 10.396339306108759 0.0 10.396339306108759 0.0
57848.37636722222 10.18442834159882 0.0 10.18442834159882 0.0
57848.37641388888 10.201201700242587 0.0 10.201201700242587 0.0
57848.37653111111 10.005643568796884 0.0 10.005643568796884 0.0
57848.37657777778 10.030598348344252 0.0 10.030598348344252 0.0
57848.37662444444 10.081122569340405 0.0 10.081122569340405 0.0
57848.37674166667 10.132509162862071 0.0 10.132509162862071 0.0
57848.376788333335 10.07055753333737 0.0 10.07055753333737 0.0
57848.37683499999 10.095192084641404 0.0 10.095192084641404 0.0
57848.37695222222 10.202466494953324 0.0 10.202466494953324 0.0
57848.37699888889 10.226152431309984 0.0 10.226152431309984 0.0
57848.37704555554 10.376773070412531 0.0 10.376773070412531 0.0
57848.37716277777 10.14730219986987 0.0 10.14730219986987 0.0
57848.37720944444 10.158581308113275 0.0 10.158581308113275 0.0
57848.377256111096 10.165564897113162 0.0 10.165564897113162 0.0
57848.37737333334 10.231513620561815 0.0 10.231513620561815 0.0
57848.37742 10.334408546211051 0.0 10.334408546211051 0.0
57848.377466666665 10.528456064246754 0.0 10.528456064246754 0.0
57848.377583888876 10.354522153738337 0.0 10.354522153738337 0.0
57848.37763055556 10.529375192074973 0.0 10.529375192074973 0.0
57848.37767722221 10.378171882027356 0.0 10.378171882027356 0.0
57848.37779444443 10.687496462930937 0.0 10.687496462930937 0.0
57848.37784111111 10.650458115241623 0.0 10.650458115241623 0.0
57848.37788777778 10.55492546695159 0.0 10.55492546695159 0.0
57848.37800499999 11.111023297144033 0.0 11.111023297144033 0.0
57848.37805166665 11.47409424354173 0.0 11.47409424354173 0.0
57848.378098333334 11.059516410124198 0.0 11.059516410124198 0.0
57848.378215555545 10.224890566493814 0.0 10.224890566493814 0.0
57848.37826222222 10.270691153675761 0.0 10.270691153675761 0.0
57848.37830888889 10.470234307388393 0.0 10.470234307388393 0.0
57848.3784261111 10.222050801118392 0.0 10.222050801118392 0.0
57848.38055833333 10.73583087218353 0.0 10.73583087218353 0.0
57848.380675555556 10.479319111099636 0.0 10.479319111099636 0.0
57848.38072222221 10.559814270116442 0.0 10.559814270116442 0.0
57848.38076888888 10.403163290634867 0.0 10.403163290634867 0.0
57848.3808861111 10.71282017626695 0.0 10.71282017626695 0.0
57848.38093277776 10.84851706827459 0.0 10.84851706827459 0.0
57848.380979444446 11.110152288378757 0.0 11.110152288378757 0.0
57848.381096666664 10.531825807461386 0.0 10.531825807461386 0.0
57848.38114333333 10.607057905911274 0.0 10.607057905911274 0.0
57848.381189999986 10.737333122365403 0.0 10.737333122365403 0.0
57848.381307222226 10.647277404530804 0.0 10.647277404530804 0.0
57848.381353888886 10.890807014145226 0.0 10.890807014145226 0.0
57848.38140055555 10.692626340825537 0.0 10.692626340825537 0.0
57848.381517777765 10.44030650891055 0.0 10.44030650891055 0.0
57848.38156444443 10.515426455849857 0.0 10.515426455849857 0.0
57848.38161111111 10.545752852490262 0.0 10.545752852490262 0.0
57848.38172833332 10.748593306312978 0.0 10.748593306312978 0.0
57848.38177499999 10.666801074421999 0.0 10.666801074421999 0.0
57848.38182166667 10.707248072699285 0.0 10.707248072699285 0.0
57848.38193888888 10.437061754369193 0.0 10.437061754369193 0.0
57848.381985555556 10.438916023320406 0.0 10.438916023320406 0.0
57848.382032222224 10.47916519699 0.0 10.47916519699 0.0
57848.382149444435 10.4814736713203 0.0 10.4814736713203 0.0
57848.3821961111 10.555536691173485 0.0 10.555536691173485 0.0
57848.38224277776 10.688854611380295 0.0 10.688854611380295 0.0
57848.38236 10.60432048286102 0.0 10.60432048286102 0.0
57848.382406666664 10.782303302918585 0.0 10.782303302918585 0.0
57848.38245333333 10.730421030130689 0.0 10.730421030130689 0.0
57848.38257055554 10.553702912309513 0.0 10.553702912309513 0.0
57848.382617222225 10.570195469245803 0.0 10.570195469245803 0.0
57848.38266388888 10.724557288403942 0.0 10.724557288403942 0.0
57848.38278111111 11.196917778653885 0.0 11.196917778653885 0.0
57848.38282777778 10.974163205662476 0.0 10.974163205662476 0.0
57848.38287444445 10.696396740295604 0.0 10.696396740295604 0.0
57848.382991666665 10.729970086841629 0.0 10.729970086841629 0.0
57848.38303833333 10.590927340676256 0.0 10.590927340676256 0.0
57848.38308499999 10.618608134293188 0.0 10.618608134293188 0.0
57848.38320222222 10.69458711444192 0.0 10.69458711444192 0.0
57848.38324888889 10.722451573308014 0.0 10.722451573308014 0.0
57848.38329555554 10.762839294415732 0.0 10.762839294415732 0.0
57848.383412777766 10.732675462374011 0.0 10.732675462374011 0.0
57848.38345944444 10.83676537860665 0.0 10.83676537860665 0.0
57848.3835061111 10.943844933819369 0.0 10.943844933819369 0.0
57848.383623333335 10.834234867367897 0.0 10.834234867367897 0.0
57848.38367 11.163592900657607 0.0 11.163592900657607 0.0
57848.38371666666 11.342753833004094 0.0 11.342753833004094 0.0
57848.383833888875 10.6994121032344 0.0 10.6994121032344 0.0
57848.38388055556 10.638336032875964 0.0 10.638336032875964 0.0
57848.38392722221 10.618911918015923 0.0 10.618911918015923 0.0
57848.38492722221 10.618911918015923 0.0 10.618911918015923 0.0
