57848.47816666667 236.7254972303597 0.0 208.270553311368 0.0
57848.479166666664 236.7254972303597 0.0 208.270553311368 0.0
57848.47986111111 236.40708891298434 0.0 207.85234519388374 0.0
57848.48055555556 236.0717478434684 0.0 207.54595798358653 0.0
57848.51666666667 227.19063452436683 0.0 199.04316571583615 0.0
57848.51736111111 227.07627873390115 0.0 198.96485364760525 0.0
57848.518055555556 226.7042240338834 0.0 198.5662897587892 0.0
57848.55902777778 215.7258963074724 0.0 187.8725735601232 0.0
57848.55972222222 215.74997554588958 0.0 187.969326041425 0.0
57848.56041666667 216.1048326653032 0.0 188.25238654253772 0.0
57848.60555555556 209.19760123776842 0.0 181.92334620961626 0.0
57848.60625 209.2596721530701 0.0 181.7876597757759 0.0
57848.606944444444 209.11688150378995 0.0 181.79480369182903 0.0
57848.60794444444 209.11688150378995 0.0 181.79480369182903 0.0
