57848.47754166667 101.8287007778259 0.0 113.14207883541826 0.0
57848.478541666664 101.8287007778259 0.0 113.14207883541826 0.0
57848.47865740741 103.34070562609875 0.0 114.63961435254394 0.0
57848.478784722225 101.77281670318455 0.0 112.81898945124442 0.0
57848.478900462964 102.4319108271441 0.0 113.11010762482724 0.0
57848.4790162037 102.11246964009831 0.0 112.84356492684906 0.0
57848.47914351852 101.53535954385546 0.0 112.49310734973943 0.0
57848.479166666664 101.66162543949413 0.0 112.63829131117002 0.0
57848.47925925926 101.76988861004025 0.0 112.75205821314304 0.0
57848.479375 103.57147340315286 0.0 114.24621593558362 0.0
57848.47950231482 101.45659476938894 0.0 112.61889041808217 0.0
57848.47961805556 101.47149041824507 0.0 112.32217836785395 0.0
57848.479733796295 101.5439006139709 0.0 114.04988757118527 0.0
57848.479849537034 101.44165541236006 0.0 112.28054481030986 0.0
57848.47986111111 101.62660737621816 0.0 112.5016065671953 0.0
57848.47997685185 101.8217276174393 0.0 112.7374114147562 0.0
57848.480092592596 101.78315758316796 0.0 112.62456003732046 0.0
57848.480208333334 101.6808393051513 0.0 112.4286998670713 0.0
57848.48033564815 102.10570194215404 0.0 112.27573820242733 0.0
57848.48045138889 102.00518929691764 0.0 113.16553434637244 0.0
57848.48055555556 101.68750198426551 0.0 113.16959368134181 0.0
57848.516064814816 98.60895683942712 0.0 110.35731939386713 0.0
57848.516180555554 99.18244343032693 0.0 108.89036732649954 0.0
57848.51629629629 97.29511900018417 0.0 107.98673378614616 0.0
57848.51642361111 97.29361944043401 0.0 109.14842291393862 0.0
57848.516539351855 97.0415875288528 0.0 107.66497149166018 0.0
57848.51665509259 97.27011728244189 0.0 108.78804107989076 0.0
57848.51666666667 97.44656663720893 0.0 108.22957891907369 0.0
57848.51678240741 97.59686277826762 0.0 107.6439141428813 0.0
57848.51689814815 96.97579069824592 0.0 107.81056801584899 0.0
57848.517013888886 98.0887642879652 0.0 107.98942138700438 0.0
57848.5171412037 97.09099229315765 0.0 107.81797679561605 0.0
57848.51725694445 97.86151022858783 0.0 108.47571972197281 0.0
57848.51736111111 97.57970360618032 0.0 108.19411998301942 0.0
57848.517372685186 97.31032718992368 0.0 107.93887568387953 0.0
57848.5175 96.96166804541886 0.0 107.94414464851718 0.0
57848.51761574074 97.36135912804423 0.0 109.1903877852808 0.0
57848.51773148148 97.13098625588026 0.0 107.43829967520894 0.0
57848.517858796295 97.39333877534952 0.0 107.3019731743084 0.0
57848.51797453704 96.94414416276003 0.0 107.55287442369915 0.0
57848.518055555556 96.93103748088123 0.0 108.07559126000653 0.0
57848.55836805556 92.17908315447708 0.0 102.38180445079097 0.0
57848.558483796296 92.3825924543688 0.0 102.35072390315567 0.0
57848.558599537035 92.53810803885067 0.0 102.20275118508307 0.0
57848.55872685185 93.58348277623568 0.0 102.71106046234749 0.0
57848.558842592596 92.71916795199363 0.0 103.20952198561913 0.0
57848.558958333335 91.48903720413719 0.0 101.41181894877934 0.0
57848.55902777778 92.0774910959785 0.0 101.68241846799279 0.0
57848.55908564815 92.71369345954243 0.0 102.01416279664309 0.0
57848.55920138889 94.58215148737102 0.0 104.47815611504636 0.0
57848.55931712963 92.256786923402 0.0 101.8190506030183 0.0
57848.55944444444 92.47868872221319 0.0 102.53436651874337 0.0
57848.55956018518 94.43201812346277 0.0 104.29743605765196 0.0
57848.55967592593 92.53779529954234 0.0 102.22262563542378 0.0
57848.55972222222 92.41489771627732 0.0 102.45175177955718 0.0
57848.55980324074 92.28487641742822 0.0 102.68374614270752 0.0
57848.55991898148 92.0440512693243 0.0 101.73023250194605 0.0
57848.56003472222 91.72011577462165 0.0 101.75413029700563 0.0
57848.560162037036 91.53179749070812 0.0 101.70057133418672 0.0
57848.560277777775 91.70234890088693 0.0 101.85372326822423 0.0
57848.56039351852 91.74038625490957 0.0 101.64709901910629 0.0
57848.56041666667 91.74360875908468 0.0 101.77465986285584 0.0
57848.60496527778 90.0867300965575 0.0 99.18677561348589 0.0
57848.60508101852 89.00533214077683 0.0 99.24931734450368 0.0
57848.605208333334 88.78923186760882 0.0 98.73248879563403 0.0
57848.60532407407 89.97217035450461 0.0 100.57300353673445 0.0
57848.60543981481 90.06457791135203 0.0 99.16709063086402 0.0
57848.60555555556 89.60977044195572 0.0 98.90635903454337 0.0
57848.60556712963 89.14503558549966 0.0 98.65284742626541 0.0
57848.60568287037 88.9392923142522 0.0 98.99447397496489 0.0
57848.60579861111 93.69813670399215 0.0 104.76556191611822 0.0
57848.60592592593 90.9888916185377 0.0 102.33348914504967 0.0
57848.606041666666 90.95453445507816 0.0 100.35854674615412 0.0
57848.606157407405 89.64518522486303 0.0 99.9289750005973 0.0
57848.60625 89.4190399560966 0.0 99.53496950559638 0.0
57848.60628472222 89.19049826388459 0.0 99.11303291646362 0.0
57848.606400462966 91.37462804340163 0.0 100.99449680997475 0.0
57848.606516203705 90.65779301681683 0.0 99.7917421828079 0.0
57848.60664351852 89.65112047381226 0.0 98.67631825108799 0.0
57848.60675925926 90.51727621758181 0.0 100.89163633324618 0.0
57848.606875 97.80680280951832 0.0 106.36615364532085 0.0
57848.606944444444 94.06255181856379 0.0 103.71093456236908 0.0
57848.60794444444 94.06255181856379 0.0 103.71093456236908 0.0
