57848.041361111114 119.58254106055783 0.0 128.68714340679102 0.0
57848.04236111111 119.58254106055783 0.0 128.68714340679102 0.0
57848.04305555556 120.1244559783727 0.0 126.06434888381409 0.0
57848.04375 121.06307107082655 0.0 123.60650580005893 0.0
57848.044444444444 122.51883061595062 0.0 121.90680786075895 0.0
57848.04513888889 124.04500966060665 0.0 120.26884236492842 0.0
57848.04583333333 125.01250735266451 0.0 118.09952620015035 0.0
57848.04652777778 126.01644297828756 0.0 115.69500067850815 0.0
57848.049305555556 131.51308837830553 0.0 108.8654526610715 0.0
57848.049791666665 133.66325467158129 0.0 107.68686629111276 0.0
57848.04990740741 128.4206676434911 0.0 115.83435530920868 0.0
57848.05 123.97014041534356 0.0 114.14786367251907 0.0
57848.05002314815 119.9006119842597 0.0 112.51779780017026 0.0
57848.050150462965 127.49632071671715 0.0 106.60484818478004 0.0
57848.0502662037 151.16468636391238 0.0 114.26687701517007 0.0
57848.05038194444 157.45713428866918 0.0 144.36632795877298 0.0
57848.05050925926 122.7410769151876 0.0 114.1774113399844 0.0
57848.050625 140.70004458421468 0.0 109.77326171021794 0.0
57848.05069444444 145.80638369941147 0.0 110.28627652341882 0.0
57848.05074074074 151.39767241671848 0.0 110.71424424481252 0.0
57848.050983796296 373.9209287509861 0.0 132.0303680605337 0.0
57848.051099537035 405.5249831268106 0.0 132.95297780719318 0.0
57848.05122685185 274.8560242010351 0.0 137.7788123264967 0.0
57848.05134259259 223.85577630452156 0.0 189.17270399214576 0.0
57848.05138888889 271.8999724463024 0.0 160.84741344267863 0.0
57848.051458333335 376.6002869528912 0.0 142.42791956214202 0.0
57848.05158564815 248.98824714110503 0.0 181.6459893796172 0.0
57848.05170138889 373.2458061197741 0.0 143.24562489619012 0.0
57848.05181712963 339.15862954523215 0.0 131.8667638918162 0.0
57848.05194444444 465.567025695549 0.0 476.2110729928484 0.0
57848.05206018518 1047.8890601394787 0.0 299.19542160651457 0.0
57848.052083333336 252.20831979496631 0.0 204.3180457333615 0.0
57848.05217592593 180.85932832535897 0.0 164.87113821072504 0.0
57848.052303240744 244.4769334777823 0.0 509.83902438809054 0.0
57848.05241898148 1076.6289209611639 0.0 803.943307068353 0.0
57848.05253472222 182.15194675517472 0.0 584.3303343999864 0.0
57848.05266203704 144.11258333122754 0.0 218.7935737433803 0.0
57848.052777777775 161.55632555737333 0.0 189.9984046104072 0.0
57848.05289351852 129.5062877990872 0.0 582.1955420269036 0.0
57848.05302083334 362.25408313778877 0.0 1643.5737242271794 0.0
57848.053136574075 242.13826642168726 0.0 2912.6671695904424 0.0
57848.053252314814 324.02679922037316 0.0 328.3516396761253 0.0
57848.05337962963 498.71887353698577 0.0 305.7948087311163 0.0
57848.05347222222 604.4570735825663 0.0 220.10479785593046 0.0
57848.07571759259 92.05979154641835 0.0 101.03769654836753 0.0
57848.075844907406 84.74108424831488 0.0 93.73227405461792 0.0
57848.07596064815 85.13458214257001 0.0 93.61616998029774 0.0
57848.07607638889 84.7898918355838 0.0 93.66523836023694 0.0
57848.076203703706 92.06836211565837 0.0 101.93943995186554 0.0
57848.076319444444 94.9755586312605 0.0 103.36226387468494 0.0
57848.07638888889 89.50586455221803 0.0 98.28934945409904 0.0
57848.07643518518 84.84108791841368 0.0 93.85700282317778 0.0
57848.07655092593 85.11258864104651 0.0 94.74983355710975 0.0
57848.07667824074 86.38545816652245 0.0 95.7200113298677 0.0
57848.07679398148 85.18307353189364 0.0 94.34409687866008 0.0
57848.07690972222 85.05831023791855 0.0 94.02286546191836 0.0
57848.07703703704 84.67704215618303 0.0 93.25229741743631 0.0
57848.07708333333 84.67748812016096 0.0 93.34172304596696 0.0
57848.077152777776 84.6690391352707 0.0 93.42791165288882 0.0
57848.07726851852 85.08908801468023 0.0 94.25682770261261 0.0
57848.07739583333 84.8720707533403 0.0 93.64674803371445 0.0
57848.077511574076 84.41093497989463 0.0 92.87833009157734 0.0
57848.077627314815 84.28729548567803 0.0 92.88589858616861 0.0
57848.07775462963 83.74165201654431 0.0 92.67509402120939 0.0
57848.07777777778 83.7960635374956 0.0 92.657459045562 0.0
57848.07787037037 83.89637097437529 0.0 92.66265285507424 0.0
57848.07798611111 84.27527779841488 0.0 92.94948122560986 0.0
57848.07811342592 84.05542440574553 0.0 92.67911019528619 0.0
57848.07822916667 84.38054492452629 0.0 92.9449644592433 0.0
57848.07834490741 85.33683562694365 0.0 93.62478385534463 0.0
57848.07847222222 83.79603832276321 0.0 92.49412392098213 0.0
57848.07858796296 83.89500311657423 0.0 92.417032124333 0.0
57848.0787037037 86.43742830510404 0.0 95.72139324388253 0.0
57848.078831018516 85.58190310608897 0.0 94.43979011433687 0.0
57848.07894675926 100.58868344401372 0.0 111.07941052328285 0.0
57848.0790625 90.9308728105037 0.0 101.7352504695398 0.0
57848.07916666667 94.32261089325296 0.0 106.18860037970177 0.0
57848.079189814816 98.02846972395315 0.0 111.16366323803835 0.0
57848.079305555555 86.99621380117642 0.0 94.6772685868155 0.0
57848.079421296294 84.44378700686036 0.0 93.31462133347593 0.0
57848.07954861111 84.35394664276237 0.0 92.75832122984977 0.0
57848.079664351855 84.0966229214943 0.0 92.50846762026707 0.0
57848.079780092594 84.1206352013583 0.0 92.63712801652477 0.0
57848.07986111111 84.85989247241596 0.0 93.56211053770645 0.0
57848.07990740741 85.61997163629523 0.0 94.51676926778656 0.0
57848.08002314815 85.2541199511789 0.0 94.18042465900226 0.0
57848.08013888889 86.0348534510288 0.0 95.23256910117463 0.0
57848.0802662037 84.41271011713816 0.0 93.43147484916419 0.0
57848.08038194444 85.96675921366351 0.0 94.20390109905216 0.0
57848.08049768519 85.94128231659101 0.0 95.42287814916295 0.0
57848.080555555556 84.89758740229313 0.0 94.05887971005184 0.0
57848.082650462966 83.42300945518568 0.0 91.90193614385934 0.0
57848.082766203705 84.31596252483868 0.0 93.46042442060703 0.0
57848.08289351852 83.14031228146789 0.0 91.71786442961915 0.0
57848.08300925926 82.91702196985851 0.0 91.67819690428036 0.0
57848.083125 87.60067502222799 0.0 96.69303881650426 0.0
57848.08325231481 91.55293710176643 0.0 101.76964892491277 0.0
57848.083333333336 87.91176009766839 0.0 97.34186973209421 0.0
57848.08336805556 84.6649491318574 0.0 93.4472674648114 0.0
57848.0834837963 86.89878344815881 0.0 97.86119655813535 0.0
57848.08361111111 90.81999548458478 0.0 99.71044573528894 0.0
57848.08372685185 84.84152574470829 0.0 92.59433139771569 0.0
57848.08384259259 84.52560080656038 0.0 92.95557354747481 0.0
57848.083969907406 83.8970923255985 0.0 92.40434714032668 0.0
57848.084027777775 84.58880256150928 0.0 93.28861695110503 0.0
57848.084085648145 85.3134739249903 0.0 94.18961822223297 0.0
57848.08420138889 83.85057135971108 0.0 92.29867336180949 0.0
57848.084328703706 87.18774029581223 0.0 96.65826628850736 0.0
57848.084444444445 84.14036867812025 0.0 92.81560274571297 0.0
57848.08456018518 82.73587412029923 0.0 90.9271501820001 0.0
57848.0846875 84.05012245975611 0.0 92.4762883783189 0.0
57848.08472222222 84.63316569590198 0.0 93.2290506926355 0.0
57848.08480324074 85.23169489028128 0.0 94.03506339791556 0.0
57848.08491898148 83.00649567196534 0.0 91.63754994924297 0.0
57848.0850462963 87.3398325469542 0.0 95.5420499831357 0.0
57848.08516203704 83.43355968158137 0.0 91.72844412961554 0.0
57848.085277777776 84.78235334779284 0.0 93.24169464670834 0.0
57848.08540509259 83.80705971474002 0.0 92.31475208621859 0.0
57848.08541666667 83.40758438493468 0.0 92.02520373587879 0.0
57848.08552083333 82.96395871346786 0.0 91.69048219237371 0.0
57848.08563657408 82.66601708090211 0.0 91.28736400455432 0.0
57848.085752314815 83.82671524054847 0.0 92.35737295408526 0.0
57848.08587962963 83.36975618190328 0.0 91.78284197190672 0.0
57848.08599537037 84.17946910601184 0.0 92.76256499752473 0.0
57848.08611111111 83.8894811975256 0.0 92.03164167018863 0.0
57848.08623842592 83.10459397175345 0.0 91.36721709776434 0.0
57848.08635416667 82.47862826296276 0.0 90.89649469605524 0.0
57848.08646990741 82.33199155844586 0.0 90.9469615428685 0.0
57848.086597222224 82.10106009419124 0.0 90.66936487232057 0.0
57848.08671296296 82.51571642856892 0.0 90.95168527449066 0.0
57848.086805555555 82.3468398225457 0.0 90.83813974768528 0.0
57848.0868287037 82.24708283544165 0.0 90.79357108876157 0.0
57848.08695601852 85.19332709754914 0.0 93.52612543829666 0.0
57848.08707175926 82.04842108547854 0.0 90.25856027923335 0.0
57848.0871875 82.20828701110369 0.0 90.43588734954724 0.0
57848.08731481482 82.31580905524771 0.0 90.9833324278134 0.0
57848.087430555555 82.08503700291546 0.0 90.10331118083286 0.0
57848.0875 82.3983883518361 0.0 90.58048060128628 0.0
57848.0931712963 82.01043562504714 0.0 90.63302187872806 0.0
57848.09328703704 82.95786504262269 0.0 91.72772834132545 0.0
57848.09340277778 80.89351579100763 0.0 89.37390307718466 0.0
57848.09353009259 81.06623714346189 0.0 89.83531366572947 0.0
57848.09364583333 84.61947531502426 0.0 92.74481243535942 0.0
57848.09375 82.48051022956878 0.0 90.9660273763233 0.0
57848.09376157408 80.51201507787518 0.0 89.28555331978404 0.0
57848.09388888889 80.69991319196075 0.0 89.54719728204786 0.0
57848.09400462963 80.59930975746629 0.0 89.4307757691948 0.0
57848.09412037037 80.32453496385772 0.0 89.24945801835437 0.0
57848.094247685185 80.69148067856977 0.0 90.0511084227729 0.0
57848.094363425924 81.21102434226525 0.0 90.34335381841876 0.0
57848.09444444445 81.13321288726337 0.0 90.31003552778617 0.0
57848.09447916667 81.05356579639171 0.0 90.26012664388412 0.0
57848.09459490741 82.07519176133553 0.0 91.55609800401064 0.0
57848.094722222224 84.80561743292716 0.0 93.49898655953443 0.0
57848.09483796296 81.58643145413335 0.0 89.80018752435876 0.0
57848.0949537037 79.95391221847746 0.0 88.54788796922261 0.0
57848.09508101852 80.31732669063382 0.0 88.777742835071 0.0
57848.095138888886 80.36007632898315 0.0 89.06692133059276 0.0
57848.09519675926 80.4110355735455 0.0 89.3714861875979 0.0
57848.0953125 81.0015021179237 0.0 90.13223893868387 0.0
57848.09543981482 82.41186744662446 0.0 90.91795504640433 0.0
57848.095555555556 80.26581857658962 0.0 88.65305828757404 0.0
57848.095671296294 81.72966823375708 0.0 90.55024573379136 0.0
57848.09579861111 80.58915425043249 0.0 88.76297163705145 0.0
57848.09583333333 80.8058346498568 0.0 89.14189283199006 0.0
57848.09591435185 81.01898582085559 0.0 89.53424973349584 0.0
57848.096030092594 79.7810180996708 0.0 88.63100882885176 0.0
57848.09615740741 80.25951085036588 0.0 88.592612227657 0.0
57848.09627314815 79.86262557636081 0.0 88.26237698883936 0.0
57848.09638888889 79.70850350326495 0.0 88.2824048328431 0.0
57848.0965162037 79.64044112741968 0.0 88.02330642738887 0.0
57848.09652777778 80.14606093689197 0.0 88.68853232013709 0.0
57848.09663194444 80.68981056961282 0.0 89.38864414309012 0.0
57848.09674768519 80.17318856644034 0.0 88.74252465165728 0.0
57848.096875 81.82162958545864 0.0 89.69121525617768 0.0
57848.09699074074 84.03121684624114 0.0 93.5334992316122 0.0
57848.09710648148 89.44723998397043 0.0 96.66486755791888 0.0
57848.09722222222 88.4728912876707 0.0 96.55373721943651 0.0
57848.097233796296 87.45720819206385 0.0 96.36173111780423 0.0
57848.097349537034 80.14388533824649 0.0 89.0544396667005 0.0
57848.09746527778 80.58251181770149 0.0 88.85888317185851 0.0
57848.097592592596 82.27147363758594 0.0 91.40493063144898 0.0
57848.097708333335 79.13281330901866 0.0 87.56723442977973 0.0
57848.09782407407 81.66881036601427 0.0 90.60981554793057 0.0
57848.097916666666 81.93769389829079 0.0 91.08699486408584 0.0
57848.132002314815 88.31885652747096 0.0 97.38994828738744 0.0
57848.13211805555 88.47686819395226 0.0 97.5818771356649 0.0
57848.13224537037 88.44236074201095 0.0 97.69618518028224 0.0
57848.132361111115 88.95585270627222 0.0 97.94790041991712 0.0
57848.13247685185 90.15059040499956 0.0 100.00467222835141 0.0
57848.13260416667 88.39933408442623 0.0 97.57796208540124 0.0
57848.13263888889 88.70239814830262 0.0 98.0668758681034 0.0
57848.13271990741 88.98288302050007 0.0 98.51293072769685 0.0
57848.132835648146 88.63106829148569 0.0 98.32264482244159 0.0
57848.13296296296 88.39994508765263 0.0 97.74283305434726 0.0
57848.1330787037 89.8275017368289 0.0 99.31088210070435 0.0
57848.13319444445 88.54054694477553 0.0 97.80958461970893 0.0
57848.13332175926 88.98324550110543 0.0 97.81977272269651 0.0
57848.13333333333 88.72967943405408 0.0 97.75572529841922 0.0
57848.1334375 88.47149742289886 0.0 97.72567549436535 0.0
57848.13355324074 88.77999388471481 0.0 97.85650252231581 0.0
57848.133680555555 89.39929868936333 0.0 98.75642046672206 0.0
57848.13379629629 89.37448638056613 0.0 98.37445370272711 0.0
57848.13391203704 88.44758999339666 0.0 97.84963947843652 0.0
57848.13402777778 88.39557838619531 0.0 97.74198193406966 0.0
57848.134039351855 88.34956083908963 0.0 97.60523250943056 0.0
57848.13415509259 89.54516877219005 0.0 98.43821214955095 0.0
57848.13427083333 88.66303158391325 0.0 98.02650920368428 0.0
57848.13439814815 88.51517837727042 0.0 97.64548870797873 0.0
57848.13451388889 88.7644898452078 0.0 97.99604880621463 0.0
57848.13462962963 89.59678694238984 0.0 98.26802388920824 0.0
57848.134722222225 88.85385112154678 0.0 97.85927949106308 0.0
57848.13475694445 88.11651109235999 0.0 97.43040548021958 0.0
57848.13487268519 88.60738714768651 0.0 97.53404422190233 0.0
57848.134988425925 88.5088277592128 0.0 97.5891911727933 0.0
57848.135104166664 88.08387435932868 0.0 97.20571501527058 0.0
57848.13523148148 88.17938052940721 0.0 97.30127116394729 0.0
57848.135347222225 88.01290436282625 0.0 97.17561581492551 0.0
57848.135416666664 87.97388003822499 0.0 97.06494594970937 0.0
57848.135462962964 87.95115034438152 0.0 97.0160471868443 0.0
57848.13559027778 88.8181429365082 0.0 98.20728411650533 0.0
57848.13570601852 89.04259439167302 0.0 98.12310258807555 0.0
57848.13582175926 88.53142533603534 0.0 97.89269270180486 0.0
57848.13594907407 87.95959858855656 0.0 97.2147440574731 0.0
57848.13606481482 88.3694214283425 0.0 97.45875025547988 0.0
57848.13611111111 88.44029948716818 0.0 97.51152673863741 0.0
57848.13618055556 88.4952947142954 0.0 97.5064119470612 0.0
57848.13630787037 88.11381588281148 0.0 97.29201312009121 0.0
57848.13642361111 88.02861318702004 0.0 97.19710755418599 0.0
57848.13653935185 88.65430845350947 0.0 97.98707452832745 0.0
57848.136666666665 88.23821267109845 0.0 97.59275924473086 0.0
57848.136782407404 87.74646223483884 0.0 96.8827868280016 0.0
57848.13680555556 87.7331804727835 0.0 96.86547800919583 0.0
57848.15626157408 87.06044071316202 0.0 96.70257635120173 0.0
57848.156377314815 86.49781192706553 0.0 96.00012252210931 0.0
57848.15650462963 87.3357165212492 0.0 96.66954860621829 0.0
57848.15662037037 86.6048280534059 0.0 95.96167852773314 0.0
57848.15673611111 86.39245321450248 0.0 95.96265813731922 0.0
57848.156863425924 87.08254329669064 0.0 96.48894485395724 0.0
57848.15694444445 87.03209110701638 0.0 96.51058555132695 0.0
57848.15697916667 86.94242798605293 0.0 96.47727063277651 0.0
57848.15709490741 86.31137603074116 0.0 95.87957253659405 0.0
57848.15721064815 86.37798528479348 0.0 95.83714665718091 0.0
57848.15733796296 86.53491801481064 0.0 96.11312667003399 0.0
57848.1574537037 86.4150257906575 0.0 96.04722792282972 0.0
57848.15756944445 86.33083129270794 0.0 95.88618085871394 0.0
57848.157638888886 86.3800234052411 0.0 95.93312893771369 0.0
57848.15769675926 86.4411423505613 0.0 95.99009135238907 0.0
57848.1578125 86.30311196335855 0.0 95.63868385303094 0.0
57848.15792824074 86.36614066305151 0.0 95.98232706847652 0.0
57848.158055555556 87.19565395167353 0.0 96.33244023126373 0.0
57848.158171296294 86.13999841467377 0.0 95.54752394164906 0.0
57848.15828703704 86.13709600433486 0.0 95.67262772209196 0.0
57848.15833333333 86.78705697527714 0.0 96.02929459956478 0.0
57848.15841435185 87.45625347263625 0.0 96.39457992594812 0.0
57848.158530092594 86.23048119093387 0.0 95.51821173697715 0.0
57848.15864583333 87.1198043353519 0.0 96.41483071353701 0.0
57848.15877314815 86.07510378436962 0.0 95.51155265908936 0.0
57848.15888888889 86.09997300167986 0.0 95.48212044461518 0.0
57848.159004629626 86.24240637661961 0.0 95.597222531515 0.0
57848.15902777778 86.15948243228948 0.0 95.52724119061536 0.0
57848.15913194444 86.04667006160088 0.0 95.41404976752638 0.0
57848.15924768519 86.34413634920439 0.0 95.69626047291503 0.0
57848.159363425926 86.2046529640367 0.0 95.5901563707791 0.0
57848.15949074074 85.9569037426314 0.0 95.33548443989783 0.0
57848.15960648148 86.42676767379422 0.0 95.80920481921348 0.0
57848.15972222222 86.0944051998154 0.0 95.21822077748566 0.0
57848.159849537034 86.16822836713077 0.0 95.55373053826837 0.0
57848.15996527778 86.4316784355713 0.0 95.92822523168039 0.0
57848.16008101852 86.50587431770168 0.0 95.77929637369445 0.0
57848.160208333335 85.93443485722123 0.0 95.12716444728078 0.0
57848.16032407407 85.97680018952788 0.0 95.29705942005766 0.0
57848.160416666666 86.84653548380615 0.0 96.12054342985166 0.0
57848.16043981481 87.76571394673435 0.0 96.96356565772527 0.0
57848.16056712963 85.97596545523639 0.0 95.65953714167762 0.0
57848.16068287037 86.46567690251433 0.0 95.7588073738912 0.0
57848.16079861111 86.27869113744134 0.0 95.5570363891116 0.0
57848.16092592593 85.82503424491016 0.0 95.34825188507652 0.0
57848.161041666666 86.83133754860626 0.0 96.18733968506457 0.0
57848.16111111111 86.83468453342823 0.0 96.17543436033965 0.0
57848.16211111111 86.83468453342823 0.0 96.17543436033965 0.0
