57850.8174421 8.40351117093 0.0 8.40351117093 0.0
57850.8174769 8.7716589081 0.0 8.7716589081 0.0
57850.8175231 10.116867104 0.0 10.116867104 0.0
57850.817581 10.0432066592 0.0 10.0432066592 0.0
57850.8176505 10.7259498414 0.0 10.7259498414 0.0
57850.8176968 8.20737473252 0.0 8.20737473252 0.0
57850.8177315 8.81271808241 0.0 8.81271808241 0.0
57850.8177894 11.5548691035 0.0 11.5548691035 0.0
57850.8178588 9.72399095022 0.0 9.72399095022 0.0
57850.8179051 7.91839630228 0.0 7.91839630228 0.0
57850.8179514 8.09314524768 0.0 8.09314524768 0.0
57850.8179977 8.07211248683 0.0 8.07211248683 0.0
57850.8180671 8.16823114266 0.0 8.16823114266 0.0
57850.8181134 8.64748518357 0.0 8.64748518357 0.0
57850.8181597 9.02972867809 0.0 9.02972867809 0.0
57850.818206 11.328503873 0.0 11.328503873 0.0
57850.8182755 18.8324188569 0.0 18.8324188569 0.0
57850.8183218 11.4338532438 0.0 11.4338532438 0.0
57850.8183681 15.379109207 0.0 15.379109207 0.0
57850.8184144 16.2585362195 0.0 16.2585362195 0.0
57850.8184838 11.7619301137 0.0 11.7619301137 0.0
57850.8185301 10.5801228726 0.0 10.5801228726 0.0
57850.818588 8.79158688747 0.0 8.79158688747 0.0
57850.8186227 8.51469318296 0.0 8.51469318296 0.0
57850.8186921 9.34098495877 0.0 9.34098495877 0.0
57850.8187384 7.8131299746 0.0 7.8131299746 0.0
57850.8187963 8.3048780846 0.0 8.3048780846 0.0
57850.8188426 8.696895998 0.0 8.696895998 0.0
57850.818912 9.68725967444 0.0 9.68725967444 0.0
57850.8189583 10.9663576451 0.0 10.9663576451 0.0
57850.8190046 11.3534135836 0.0 11.3534135836 0.0
57850.8190509 12.0871005622 0.0 12.0871005622 0.0
57850.8191204 15.0274082928 0.0 15.0274082928 0.0
57850.8191667 10.0503731274 0.0 10.0503731274 0.0
57850.819213 11.2322304107 0.0 11.2322304107 0.0
57850.8192593 14.9217961385 0.0 14.9217961385 0.0
57850.8193287 25.3564784621 0.0 25.3564784621 0.0
57850.819375 11.8009321666 0.0 11.8009321666 0.0
57850.8194213 9.23910168793 0.0 9.23910168793 0.0
57850.8194676 9.53535526344 0.0 9.53535526344 0.0
57850.819537 9.61899163114 0.0 9.61899163114 0.0
57850.8195833 8.16541487005 0.0 8.16541487005 0.0
57850.8196296 8.37072278839 0.0 8.37072278839 0.0
57850.8196759 9.89590824533 0.0 9.89590824533 0.0
57850.8197454 8.77633180777 0.0 8.77633180777 0.0
57850.8198032 9.07816060664 0.0 9.07816060664 0.0
57850.8198495 8.95013966371 0.0 8.95013966371 0.0
57850.8198843 8.00936951326 0.0 8.00936951326 0.0
57850.8199537 8.42603109417 0.0 8.42603109417 0.0
57850.8200116 8.70339014408 0.0 8.70339014408 0.0
57850.8200579 7.72178735786 0.0 7.72178735786 0.0
57850.8201042 7.97991228022 0.0 7.97991228022 0.0
57850.8201736 8.27115469569 0.0 8.27115469569 0.0
57850.8202199 8.8606433175 0.0 8.8606433175 0.0
57850.8202662 9.3033864802 0.0 9.3033864802 0.0
57850.8203125 9.11844284952 0.0 9.11844284952 0.0
57850.8203819 15.1267643599 0.0 15.1267643599 0.0
57850.8204282 7.97433382798 0.0 7.97433382798 0.0
57850.8204745 7.85283388338 0.0 7.85283388338 0.0
57850.8205208 7.91612278834 0.0 7.91612278834 0.0
57850.8205903 8.52179558544 0.0 8.52179558544 0.0
57850.8206366 7.93019545787 0.0 7.93019545787 0.0
57850.8206829 8.13603097339 0.0 8.13603097339 0.0
57850.8207407 9.56660859448 0.0 9.56660859448 0.0
57850.8208102 8.08368727747 0.0 8.08368727747 0.0
