57850.6722801 73.7976119668 0.0 73.4301813834 0.0
57850.6723958 73.5355251494 0.0 73.6837017053 0.0
57850.6725116 73.7693164466 0.0 73.3895328777 0.0
57850.6726389 73.530260961 0.0 73.6408133171 0.0
57850.6727546 73.6545950705 0.0 74.0921330709 0.0
57850.6728704 73.5070315412 0.0 73.5713408944 0.0
57850.6729167 73.64458272 0.0 73.6274868307 0.0
57850.6729977 73.7781754044 0.0 73.6790254618 0.0
57850.6731134 73.676477162 0.0 73.6468399118 0.0
57850.6732292 73.9281710311 0.0 74.3172828621 0.0
57850.6733449 73.7279656915 0.0 73.7111003988 0.0
57850.6734722 73.5274435704 0.0 73.6237989647 0.0
57850.673588 73.6924520762 0.0 73.3682532776 0.0
57850.6736111 73.7123716482 0.0 73.4287466119 0.0
57850.6737037 73.7393691796 0.0 73.4964436146 0.0
57850.673831 73.312733437 0.0 73.474516943 0.0
57850.6739468 73.5297999657 0.0 73.4112535583 0.0
57850.6740625 74.1302302708 0.0 74.1166925935 0.0
57850.6741898 73.7452956873 0.0 73.3521955977 0.0
57850.6743056 73.6778060748 0.0 73.4705706661 0.0
57850.6744213 73.3800586127 0.0 73.3625958987 0.0
57850.6745486 73.4207631941 0.0 73.4787949003 0.0
57850.6746644 73.3916021081 0.0 73.3782345045 0.0
57850.6747801 73.5120071485 0.0 73.8041014714 0.0
57850.6749074 73.3481960378 0.0 73.2948492529 0.0
57850.675 73.5194154493 0.0 73.3673599089 0.0
57850.6750231 73.7051408248 0.0 73.4532028301 0.0
57850.6751389 73.2355497351 0.0 73.3261448666 0.0
57850.6752662 73.1330900619 0.0 73.3551295071 0.0
57850.6753819 73.3685176966 0.0 73.281167997 0.0
57850.6754977 74.0286499877 0.0 73.874810619 0.0
57850.675625 73.1691642292 0.0 73.6354551829 0.0
57850.6756944 73.2245030437 0.0 73.5928231283 0.0
57850.6917477 72.7572771274 0.0 72.4993632869 0.0
57850.691875 72.3904243599 0.0 72.331184803 0.0
57850.6919907 72.483164466 0.0 72.4823839426 0.0
57850.6921065 72.5054584704 0.0 72.3783606266 0.0
57850.6922338 72.309399147 0.0 72.2920656781 0.0
57850.6923495 72.5743966286 0.0 72.4667351341 0.0
57850.6923611 72.4292894898 0.0 72.3413263633 0.0
57850.6924653 72.3221295801 0.0 72.2536272653 0.0
57850.6925926 72.3523734234 0.0 72.2940103536 0.0
57850.6927083 72.3723382378 0.0 72.5470466111 0.0
57850.6928241 72.3491567332 0.0 72.3070179512 0.0
57850.6929514 72.4287787692 0.0 72.2883245414 0.0
57850.6930556 72.5104086804 0.0 72.5118702696 0.0
57850.6930671 72.534832267 0.0 72.67972868 0.0
57850.6931829 72.39058407 0.0 72.3348435472 0.0
57850.6933102 72.3899964636 0.0 72.5390561077 0.0
57850.6934259 72.9254219254 0.0 72.6223557247 0.0
57850.6935417 72.5892681255 0.0 72.3505961828 0.0
57850.693669 72.8273706514 0.0 73.2373059649 0.0
57850.69375 72.4861651283 0.0 72.9371966078 0.0
57850.6937847 72.2071507955 0.0 72.6986618584 0.0
57850.6939005 72.3213221464 0.0 72.3812477372 0.0
57850.6940278 72.5140521347 0.0 72.1385791169 0.0
57850.6941435 72.5120178936 0.0 72.4757698338 0.0
57850.6942593 72.900857567 0.0 72.8248966563 0.0
57850.6943866 72.3981595139 0.0 72.5240066323 0.0
57850.6944444 72.4598812792 0.0 72.4544886394 0.0
57850.6945023 72.5237918962 0.0 72.3873524243 0.0
57850.6946181 72.8675189368 0.0 72.3295009453 0.0
57850.6947454 72.3767668454 0.0 72.2863645233 0.0
57850.6948611 72.6433790101 0.0 72.489557448 0.0
57850.6949769 72.4379803625 0.0 72.5292507131 0.0
57850.6951042 72.5127901477 0.0 72.4480869244 0.0
57850.6951389 72.6863905143 0.0 72.7327939584 0.0
57850.7112269 172.585507627 0.0 169.802799244 0.0
57850.7113542 137.690154724 0.0 191.761206862 0.0
57850.7114699 80.8210008104 0.0 77.1797883646 0.0
57850.7115856 75.3216546685 0.0 72.4755982659 0.0
57850.711713 82.6844665763 0.0 80.3527215158 0.0
57850.7118056 80.4394642511 0.0 79.3811973392 0.0
57850.7118287 78.3910207677 0.0 78.4688299773 0.0
57850.7119444 73.0754775215 0.0 74.4365643753 0.0
57850.7120718 72.9716008115 0.0 72.742344147 0.0
57850.7121875 73.0556103527 0.0 71.5060354586 0.0
57850.7123032 71.8107682524 0.0 71.423195665 0.0
57850.7124306 71.4595330309 0.0 71.3941432192 0.0
57850.7125 71.5226828076 0.0 71.4780280086 0.0
57850.7125463 71.5956299295 0.0 71.5718396578 0.0
57850.712662 71.5935309298 0.0 72.1653524969 0.0
57850.7127894 72.0882792276 0.0 71.7865885594 0.0
57850.7129051 71.2429224625 0.0 71.2756504355 0.0
57850.7130208 71.7040955664 0.0 71.602360436 0.0
57850.7131481 71.4192971612 0.0 71.458500572 0.0
57850.7131944 71.4240386845 0.0 71.5562611866 0.0
57850.7132639 71.4266303699 0.0 71.6522358339 0.0
57850.7133796 71.3345177176 0.0 71.3644282609 0.0
57850.7135069 72.1684810426 0.0 71.4140758744 0.0
57850.7136227 72.141549616 0.0 71.8687804196 0.0
57850.7137384 71.6236478197 0.0 71.6883596897 0.0
57850.7138542 71.6525179948 0.0 71.7148940458 0.0
57850.7138889 71.5488099831 0.0 71.754327967 0.0
57850.7139815 71.4445508349 0.0 71.7927927929 0.0
57850.7140972 71.7461035388 0.0 71.8603866397 0.0
57850.714213 71.3976196942 0.0 71.5990480733 0.0
57850.7143403 71.3095661325 0.0 71.3266914346 0.0
57850.714456 71.6822103663 0.0 71.4265166167 0.0
57850.7145718 71.8563975509 0.0 71.6909805136 0.0
57850.7145833 71.9569066525 0.0 72.4606891563 0.0
57850.7327431 70.8226805268 0.0 70.7287465392 0.0
57850.7328588 70.7293913236 0.0 70.6219201382 0.0
57850.7329745 70.5329442388 0.0 70.7666316211 0.0
57850.7331019 70.9278732164 0.0 70.5712234909 0.0
57850.7332176 70.4763102964 0.0 70.817436504 0.0
57850.7333333 70.4588764174 0.0 70.8867628969 0.0
57850.7334606 70.7000836138 0.0 70.4108282937 0.0
57850.7335764 70.4341512407 0.0 70.4397682421 0.0
57850.7336921 70.5201050836 0.0 70.6699071388 0.0
57850.7338194 71.0410150265 0.0 70.5165207026 0.0
57850.7339352 70.740035786 0.0 70.8248026542 0.0
57850.7340278 70.9417222514 0.0 70.8255670362 0.0
57850.7340509 71.1025863665 0.0 70.7842830789 0.0
57850.7341782 70.8231221212 0.0 70.6663632501 0.0
57850.734294 71.3037242716 0.0 71.378043753 0.0
57850.7344097 70.6468281524 0.0 70.8877163548 0.0
57850.734537 70.8280126645 0.0 71.1254238441 0.0
57850.7346528 70.7318642551 0.0 70.7867835263 0.0
57850.7347222 70.5935955948 0.0 70.7185692941 0.0
57850.7347685 70.4878417672 0.0 70.6824037933 0.0
57850.7348958 70.7634448003 0.0 71.050390006 0.0
57850.7350116 70.5993315691 0.0 71.0956586931 0.0
57850.7351273 70.5872615703 0.0 70.7628662859 0.0
57850.7352546 70.6508636041 0.0 71.2797623663 0.0
57850.7353704 71.1072222563 0.0 71.1227544039 0.0
57850.7354167 71.1657022729 0.0 71.3527759236 0.0
57850.7354861 71.184207167 0.0 71.5445555161 0.0
57850.7356134 70.5647517958 0.0 70.8344657635 0.0
57850.7357292 70.4539804837 0.0 70.5369275841 0.0
57850.7358449 70.6165023631 0.0 70.5264091245 0.0
57850.7359722 70.4746649229 0.0 70.8101976907 0.0
57850.736088 70.605497548 0.0 70.4897381184 0.0
57850.7361111 71.0889928259 0.0 70.7893850376 0.0
57850.7520949 70.9787074903 0.0 71.2891430374 0.0
57850.7522222 70.9279030636 0.0 70.8765739719 0.0
57850.752338 70.3356798361 0.0 69.9843610173 0.0
57850.7524537 70.2872466383 0.0 70.4264574219 0.0
57850.752581 70.7717606747 0.0 70.6785746602 0.0
57850.7526968 71.2086605477 0.0 71.2117338225 0.0
57850.7527778 70.9710213608 0.0 70.8282514255 0.0
57850.7528125 70.7409203502 0.0 70.4561092028 0.0
57850.7529398 70.3537985542 0.0 70.4994644093 0.0
57850.7530556 70.3558314143 0.0 71.47133035 0.0
57850.7531713 72.3358609267 0.0 71.0188936059 0.0
57850.7532986 70.7382910806 0.0 70.5474108171 0.0
57850.7534144 71.8044759468 0.0 70.6693748805 0.0
57850.7534722 71.0749542807 0.0 70.5331453999 0.0
57850.7535301 70.3537803533 0.0 70.3838661911 0.0
57850.7536574 70.9615318183 0.0 70.4933285709 0.0
57850.7537731 70.8972005371 0.0 70.4516608534 0.0
57850.7538889 70.7759350133 0.0 70.9203045538 0.0
57850.7540046 71.9817668441 0.0 72.573714546 0.0
57850.7541319 70.5381537113 0.0 70.9615355739 0.0
57850.7541667 70.8949219479 0.0 71.2961121941 0.0
57850.7542477 71.2539401998 0.0 71.6322276214 0.0
57850.7543634 71.5754161357 0.0 70.6793934821 0.0
57850.7544907 70.2213644413 0.0 70.3448095029 0.0
57850.7546065 70.1182807975 0.0 70.1716252911 0.0
57850.7547222 70.2013677431 0.0 70.4322995081 0.0
57850.7548495 70.0815678834 0.0 70.4735274624 0.0
57850.7548611 80.685104251 0.0 80.9484377181 0.0
57850.7549653 97.9963032211 0.0 97.871955406 0.0
57850.755081 69.7388395946 0.0 86.4178958665 0.0
57850.7552083 82.3300386858 0.0 76.543314744 0.0
57850.7553241 97.3424931055 0.0 73.8024681769 0.0
57850.7554398 96.1546672034 0.0 86.2010487117 0.0
57850.7555556 93.5487582494 0.0 90.2989027951 0.0
