57850.1777315 80.5827391627 0.0 79.3945608639 0.0
57850.1999769 76.3500068683 0.0 75.0929847632 0.0
57850.2221759 73.8270181749 0.0 72.5269745818 0.0
57850.2687037 69.8603267469 0.0 68.4896340418 0.0
57850.3069213 67.8905701723 0.0 66.3780584584 0.0
57850.3541319 67.5066936284 0.0 65.9977880538 0.0
57850.4110764 67.6374142201 0.0 66.1679114617 0.0
57850.4575926 68.4914685783 0.0 67.1421137718 0.0
57850.4999537 69.8295401447 0.0 68.580816609 0.0
57850.5450926 72.3862742847 0.0 71.2371109589 0.0
57850.5687384 75.8085476681 0.0 74.7764798796 0.0
