57850.4563426 84.4888658818 0.0 83.901430548 0.0
57850.4564699 85.7576588883 0.0 84.5044143285 0.0
57850.4565856 84.6549512669 0.0 85.1404234368 0.0
57850.4567014 84.2537483914 0.0 84.7528935258 0.0
57850.4568287 84.9011797503 0.0 84.641970328 0.0
57850.4569444 84.7323325538 0.0 84.2504140405 0.0
57850.4570602 84.3905653198 0.0 84.3068313424 0.0
57850.4571875 85.0383707041 0.0 83.830651244 0.0
57850.4573032 84.4242531326 0.0 84.1541343429 0.0
57850.457419 84.448764988 0.0 83.6221391439 0.0
57850.4575463 83.6463692458 0.0 85.2103150446 0.0
57850.4576389 83.7177375112 0.0 84.1124874855 0.0
57850.457662 84.0063757937 0.0 83.261325566 0.0
57850.4577778 83.8016974947 0.0 83.4494389795 0.0
57850.4579051 83.3525082646 0.0 83.8943727374 0.0
57850.4580208 83.3258059367 0.0 84.0794183615 0.0
57850.4581366 84.6350922727 0.0 83.6384484971 0.0
57850.4582639 83.416376192 0.0 84.2829271027 0.0
57850.4583333 83.8553464962 0.0 83.9778324857 0.0
57850.4986458 75.5954952163 0.0 75.8251120276 0.0
57850.4987616 76.1962835708 0.0 75.7925515404 0.0
57850.4988889 76.4827916855 0.0 76.3498890569 0.0
57850.4990046 76.3470728843 0.0 77.2166818181 0.0
57850.4991204 75.526730725 0.0 75.4770092545 0.0
57850.4992477 83.3823895256 0.0 86.0127616985 0.0
57850.4993056 82.0962791849 0.0 83.1753739998 0.0
57850.4993634 80.8660658187 0.0 80.5995433052 0.0
57850.4994792 79.3543659164 0.0 77.6216467231 0.0
57850.4996065 79.4657606897 0.0 79.1135628385 0.0
57850.4997222 75.6056335467 0.0 75.2571860223 0.0
57850.499838 75.8314079323 0.0 75.7709104406 0.0
57850.4999653 75.6295117861 0.0 75.466471224 0.0
57850.5 76.1632304068 0.0 76.3104543362 0.0
57850.500081 76.6956145422 0.0 77.1705782925 0.0
57850.5001968 75.70690417 0.0 75.8595717889 0.0
57850.5003241 75.8480257159 0.0 76.1519838481 0.0
57850.5004398 78.119274235 0.0 78.258547514 0.0
57850.5005556 75.6303682921 0.0 75.3612100752 0.0
57850.5006829 75.1098873119 0.0 75.3028783978 0.0
57850.5006944 77.675059337 0.0 78.5844262688 0.0
57850.5438194 72.1020020249 0.0 71.6902746542 0.0
57850.5439352 71.9922735438 0.0 72.0272152106 0.0
57850.5440509 72.2178182999 0.0 71.837396097 0.0
57850.5441782 71.6400569374 0.0 71.6930163545 0.0
57850.544294 72.6767105406 0.0 73.1583592148 0.0
57850.5444097 71.9874737229 0.0 71.9182250754 0.0
57850.5444444 73.5076369094 0.0 72.3948976448 0.0
57850.544537 75.1194874383 0.0 72.8726717501 0.0
57850.5446528 72.6474624884 0.0 73.1280607428 0.0
57850.5447685 77.9489819626 0.0 74.8474696032 0.0
57850.5448958 73.2722550015 0.0 73.3560305496 0.0
57850.5450116 74.0427142196 0.0 73.7605975369 0.0
57850.5451273 72.8094706683 0.0 72.2425682406 0.0
57850.5451389 72.3615039921 0.0 71.9072853958 0.0
57850.5452546 71.9136513883 0.0 71.5686527399 0.0
57850.5453704 71.8041956295 0.0 71.6051628655 0.0
57850.5454861 71.8942408542 0.0 72.0879541324 0.0
57850.5456134 72.0388767333 0.0 72.7653368164 0.0
57850.5457292 71.5139613153 0.0 71.8218638926 0.0
57850.5458333 71.9401361481 0.0 71.958751629 0.0
57850.5674769 73.4834076306 0.0 74.5316665116 0.0
57850.5675926 71.8509782466 0.0 71.9547045856 0.0
57850.5677199 71.5285539557 0.0 71.6485441373 0.0
57850.5678356 72.4162288441 0.0 71.8318233793 0.0
57850.5679514 71.5428224213 0.0 71.23371974 0.0
57850.5680556 71.8569290674 0.0 71.3665558578 0.0
57850.5680787 72.1674360082 0.0 71.4924898783 0.0
57850.5681944 71.514552547 0.0 71.3968071765 0.0
57850.5683102 70.9251277757 0.0 70.9772427754 0.0
57850.5684375 72.2844262549 0.0 71.7986041229 0.0
57850.5685532 71.2295441794 0.0 71.374047167 0.0
57850.568669 72.232532989 0.0 71.9412914883 0.0
57850.56875 71.5716602923 0.0 71.3679023511 0.0
57850.5687963 70.9264568479 0.0 70.8058809846 0.0
57850.568912 71.3846330172 0.0 71.5396919898 0.0
57850.5690278 72.1991043989 0.0 72.2821856476 0.0
57850.5691551 71.5907243992 0.0 71.4310995015 0.0
57850.5692708 71.2607650113 0.0 71.4845235698 0.0
57850.5693866 72.3959978728 0.0 71.7652064653 0.0
57850.5694444 72.2365812383 0.0 71.9446260815 0.0
