57850.2674074 100.95020547 0.0 100.95020547 0.0
57850.267419 100.883227986 0.0 100.883227986 0.0
57850.2674306 100.868514427 0.0 100.868514427 0.0
57850.2674421 100.837535689 0.0 100.837535689 0.0
57850.2674537 100.964738419 0.0 100.964738419 0.0
57850.2674653 100.997800304 0.0 100.997800304 0.0
57850.2674769 100.85618424 0.0 100.85618424 0.0
57850.2674884 100.96458258 0.0 100.96458258 0.0
57850.2675 100.701168972 0.0 100.701168972 0.0
57850.2675116 100.820966738 0.0 100.820966738 0.0
57850.2675231 100.854994044 0.0 100.854994044 0.0
57850.2675347 100.859362604 0.0 100.859362604 0.0
57850.2675463 100.715134724 0.0 100.715134724 0.0
57850.2675579 100.732864251 0.0 100.732864251 0.0
57850.2675694 100.939697554 0.0 100.939697554 0.0
57850.267581 101.034043515 0.0 101.034043515 0.0
57850.2675926 101.088686637 0.0 101.088686637 0.0
57850.2676042 101.060239355 0.0 101.060239355 0.0
57850.2676157 101.068486965 0.0 101.068486965 0.0
57850.2676273 101.222284735 0.0 101.222284735 0.0
57850.2676389 101.270151191 0.0 101.270151191 0.0
57850.2676505 101.241124612 0.0 101.241124612 0.0
57850.267662 101.274774751 0.0 101.274774751 0.0
57850.2676736 101.31994041 0.0 101.31994041 0.0
57850.2676852 101.37515099 0.0 101.37515099 0.0
57850.2676968 101.451483144 0.0 101.451483144 0.0
57850.2677083 101.397393182 0.0 101.397393182 0.0
57850.2677199 101.343223827 0.0 101.343223827 0.0
57850.2677315 101.321769751 0.0 101.321769751 0.0
57850.2677431 101.341132294 0.0 101.341132294 0.0
57850.2677546 101.365942953 0.0 101.365942953 0.0
57850.2677662 101.431531917 0.0 101.431531917 0.0
57850.2677778 101.302097607 0.0 101.302097607 0.0
57850.2677894 101.426853232 0.0 101.426853232 0.0
57850.2678009 101.375359406 0.0 101.375359406 0.0
57850.2678125 101.454983314 0.0 101.454983314 0.0
57850.2678241 101.649482518 0.0 101.649482518 0.0
57850.2678356 101.499620818 0.0 101.499620818 0.0
57850.2678472 101.48394929 0.0 101.48394929 0.0
57850.2678588 101.456989688 0.0 101.456989688 0.0
57850.2678704 101.610215076 0.0 101.610215076 0.0
57850.2678819 101.642202335 0.0 101.642202335 0.0
57850.2678935 101.551688346 0.0 101.551688346 0.0
57850.2679051 101.544117226 0.0 101.544117226 0.0
57850.2679167 101.704661808 0.0 101.704661808 0.0
57850.2679282 101.726144888 0.0 101.726144888 0.0
57850.2679398 101.750595897 0.0 101.750595897 0.0
57850.2679514 101.553421627 0.0 101.553421627 0.0
57850.267963 101.61490235 0.0 101.61490235 0.0
57850.2679745 101.6194059 0.0 101.6194059 0.0
57850.2679861 101.683851586 0.0 101.683851586 0.0
57850.2679977 101.684598412 0.0 101.684598412 0.0
57850.2680093 101.679580089 0.0 101.679580089 0.0
57850.2680208 101.739806332 0.0 101.739806332 0.0
57850.2680324 101.880452338 0.0 101.880452338 0.0
57850.268044 102.091500858 0.0 102.091500858 0.0
57850.2680556 102.100487313 0.0 102.100487313 0.0
57850.2680671 102.014966203 0.0 102.014966203 0.0
57850.2680787 102.006696886 0.0 102.006696886 0.0
57850.2680903 102.090817152 0.0 102.090817152 0.0
57850.2681019 102.144319131 0.0 102.144319131 0.0
57850.2681134 102.229879756 0.0 102.229879756 0.0
57850.268125 102.085105261 0.0 102.085105261 0.0
57850.2681366 102.041427348 0.0 102.041427348 0.0
57850.2681481 102.195338024 0.0 102.195338024 0.0
57850.2681597 102.277145366 0.0 102.277145366 0.0
57850.2681713 102.227141384 0.0 102.227141384 0.0
57850.2681829 102.112394077 0.0 102.112394077 0.0
57850.2681944 102.053871341 0.0 102.053871341 0.0
57850.268206 102.243321735 0.0 102.243321735 0.0
57850.2682176 102.344093516 0.0 102.344093516 0.0
57850.2682292 102.41799409 0.0 102.41799409 0.0
57850.2682407 102.186481337 0.0 102.186481337 0.0
57850.2682523 102.145214006 0.0 102.145214006 0.0
57850.2682639 102.225423838 0.0 102.225423838 0.0
57850.2682755 102.227109327 0.0 102.227109327 0.0
57850.268287 102.317635504 0.0 102.317635504 0.0
57850.2682986 102.24804373 0.0 102.24804373 0.0
57850.2683102 102.226270796 0.0 102.226270796 0.0
57850.2683218 102.190307521 0.0 102.190307521 0.0
57850.2683333 102.330019323 0.0 102.330019323 0.0
57850.2683449 102.283085305 0.0 102.283085305 0.0
57850.2683565 102.138164856 0.0 102.138164856 0.0
57850.2683681 102.094685397 0.0 102.094685397 0.0
57850.2683796 102.08605665 0.0 102.08605665 0.0
57850.2683912 102.112266055 0.0 102.112266055 0.0
57850.2684028 102.104260073 0.0 102.104260073 0.0
57850.2684144 101.831814259 0.0 101.831814259 0.0
57850.2684259 101.843396325 0.0 101.843396325 0.0
57850.2684375 102.038625474 0.0 102.038625474 0.0
57850.2684491 102.046646023 0.0 102.046646023 0.0
57850.2684606 102.052609004 0.0 102.052609004 0.0
57850.2684722 101.78666504 0.0 101.78666504 0.0
57850.2684838 101.754295023 0.0 101.754295023 0.0
57850.2684954 101.810573015 0.0 101.810573015 0.0
57850.2685069 101.699313813 0.0 101.699313813 0.0
57850.2685185 101.603427268 0.0 101.603427268 0.0
57850.2685301 101.493735245 0.0 101.493735245 0.0
57850.2685417 101.442248651 0.0 101.442248651 0.0
57850.2685532 101.506470668 0.0 101.506470668 0.0
57850.2685648 101.554954369 0.0 101.554954369 0.0
57850.2685764 101.521744456 0.0 101.521744456 0.0
57850.268588 101.303841546 0.0 101.303841546 0.0
57850.2685995 101.321006687 0.0 101.321006687 0.0
57850.2686111 101.350380495 0.0 101.350380495 0.0
57850.2686227 101.426834878 0.0 101.426834878 0.0
57850.2686343 101.338017606 0.0 101.338017606 0.0
57850.2686458 101.28644569 0.0 101.28644569 0.0
57850.2686574 101.192520715 0.0 101.192520715 0.0
57850.268669 101.160130779 0.0 101.160130779 0.0
57850.2686806 101.314970768 0.0 101.314970768 0.0
57850.2686921 101.220720791 0.0 101.220720791 0.0
57850.2687037 101.135871142 0.0 101.135871142 0.0
57850.2687153 101.111888789 0.0 101.111888789 0.0
57850.2687269 101.12773047 0.0 101.12773047 0.0
57850.2687384 101.303796572 0.0 101.303796572 0.0
57850.26875 101.202340335 0.0 101.202340335 0.0
57850.2687616 101.037666183 0.0 101.037666183 0.0
57850.2687731 101.085624358 0.0 101.085624358 0.0
57850.2687847 101.051366923 0.0 101.051366923 0.0
57850.2687963 101.054110704 0.0 101.054110704 0.0
57850.2688079 100.987351787 0.0 100.987351787 0.0
57850.2688194 100.66561096 0.0 100.66561096 0.0
57850.268831 100.646131829 0.0 100.646131829 0.0
57850.2688426 100.925330374 0.0 100.925330374 0.0
57850.2688542 100.89343784 0.0 100.89343784 0.0
57850.2688657 100.919370574 0.0 100.919370574 0.0
57850.2688773 100.786757019 0.0 100.786757019 0.0
57850.2688889 100.800014855 0.0 100.800014855 0.0
57850.2689005 100.780185237 0.0 100.780185237 0.0
57850.268912 100.965814374 0.0 100.965814374 0.0
57850.2689236 101.01066567 0.0 101.01066567 0.0
57850.2689352 100.87920075 0.0 100.87920075 0.0
57850.2689468 100.975429058 0.0 100.975429058 0.0
57850.2689583 100.997869966 0.0 100.997869966 0.0
57850.2689699 101.010325594 0.0 101.010325594 0.0
57850.2689815 101.090609762 0.0 101.090609762 0.0
57850.2689931 100.934565143 0.0 100.934565143 0.0
57850.2690046 101.004445022 0.0 101.004445022 0.0
57850.2690162 100.961169146 0.0 100.961169146 0.0
57850.2690278 100.992398398 0.0 100.992398398 0.0
57850.2690394 100.921095336 0.0 100.921095336 0.0
57850.2690509 100.801040388 0.0 100.801040388 0.0
57850.2690625 100.783044401 0.0 100.783044401 0.0
57850.2690741 100.690292624 0.0 100.690292624 0.0
57850.2690856 100.858508405 0.0 100.858508405 0.0
57850.2690972 100.925960017 0.0 100.925960017 0.0
57850.2691088 100.752219687 0.0 100.752219687 0.0
57850.2691204 100.933728281 0.0 100.933728281 0.0
57850.2691319 101.005145026 0.0 101.005145026 0.0
57850.2691435 101.077305049 0.0 101.077305049 0.0
57850.2691551 101.054714914 0.0 101.054714914 0.0
57850.2691667 100.873935212 0.0 100.873935212 0.0
57850.2691782 100.806557012 0.0 100.806557012 0.0
57850.2691898 100.903160488 0.0 100.903160488 0.0
57850.2692014 100.896332965 0.0 100.896332965 0.0
57850.269213 100.799968541 0.0 100.799968541 0.0
57850.2692245 100.680636592 0.0 100.680636592 0.0
57850.2692361 100.681516762 0.0 100.681516762 0.0
57850.2692477 100.651897434 0.0 100.651897434 0.0
57850.2692593 100.66846724 0.0 100.66846724 0.0
57850.2692708 100.521395227 0.0 100.521395227 0.0
57850.2692824 100.31230137 0.0 100.31230137 0.0
57850.269294 100.331713698 0.0 100.331713698 0.0
57850.2693056 100.340894222 0.0 100.340894222 0.0
57850.2693171 100.550262159 0.0 100.550262159 0.0
57850.2693287 100.534467637 0.0 100.534467637 0.0
57850.2693403 100.451752391 0.0 100.451752391 0.0
57850.2693519 100.559905717 0.0 100.559905717 0.0
57850.2693634 100.557175718 0.0 100.557175718 0.0
57850.269375 100.520253378 0.0 100.520253378 0.0
57850.2693866 100.436649215 0.0 100.436649215 0.0
57850.2693981 100.351007954 0.0 100.351007954 0.0
57850.2694097 100.307219927 0.0 100.307219927 0.0
57850.2694213 100.286464145 0.0 100.286464145 0.0
57850.2694329 100.329347264 0.0 100.329347264 0.0
57850.2694444 100.155585094 0.0 100.155585094 0.0
57850.3056019 77.6822299714 0.0 77.6822299714 0.0
57850.3056134 77.6862993705 0.0 77.6862993705 0.0
57850.305625 77.6691619005 0.0 77.6691619005 0.0
57850.3056366 77.7755182738 0.0 77.7755182738 0.0
57850.3056481 77.7709295359 0.0 77.7709295359 0.0
57850.3056597 77.7434863213 0.0 77.7434863213 0.0
57850.3056713 77.7102258924 0.0 77.7102258924 0.0
57850.3056829 77.7979080586 0.0 77.7979080586 0.0
57850.3056944 77.8051743501 0.0 77.8051743501 0.0
57850.305706 77.8008900769 0.0 77.8008900769 0.0
57850.3057176 77.7372415286 0.0 77.7372415286 0.0
57850.3057292 77.7608648747 0.0 77.7608648747 0.0
57850.3057407 77.7965019487 0.0 77.7965019487 0.0
57850.3057523 77.8459175849 0.0 77.8459175849 0.0
57850.3057639 77.823402808 0.0 77.823402808 0.0
57850.3057755 77.7680971468 0.0 77.7680971468 0.0
57850.305787 77.6736438957 0.0 77.6736438957 0.0
57850.3057986 77.713209893 0.0 77.713209893 0.0
57850.3058102 77.7527738553 0.0 77.7527738553 0.0
57850.3058218 77.6633639743 0.0 77.6633639743 0.0
57850.3058333 77.602220113 0.0 77.602220113 0.0
57850.3058449 77.6681079287 0.0 77.6681079287 0.0
57850.3058565 77.6282233639 0.0 77.6282233639 0.0
57850.3058681 77.6659666233 0.0 77.6659666233 0.0
57850.3058796 77.5949396362 0.0 77.5949396362 0.0
57850.3058912 77.5524850321 0.0 77.5524850321 0.0
57850.3059028 77.5534548492 0.0 77.5534548492 0.0
57850.3059144 77.6053735246 0.0 77.6053735246 0.0
57850.3059259 77.5938259863 0.0 77.5938259863 0.0
57850.3059375 77.5956305759 0.0 77.5956305759 0.0
57850.3059491 77.5780201001 0.0 77.5780201001 0.0
57850.3059606 77.5361689917 0.0 77.5361689917 0.0
57850.3059722 77.5045004093 0.0 77.5045004093 0.0
57850.3059838 77.5508715764 0.0 77.5508715764 0.0
57850.3059954 77.467117359 0.0 77.467117359 0.0
57850.3060069 77.3932026578 0.0 77.3932026578 0.0
57850.3060185 77.4300634648 0.0 77.4300634648 0.0
57850.3060301 77.4146655138 0.0 77.4146655138 0.0
57850.3060417 77.4394180226 0.0 77.4394180226 0.0
57850.3060532 77.4350441317 0.0 77.4350441317 0.0
57850.3060648 77.4359978559 0.0 77.4359978559 0.0
57850.3060764 77.2390281829 0.0 77.2390281829 0.0
57850.306088 77.2988682153 0.0 77.2988682153 0.0
57850.3060995 77.4225430285 0.0 77.4225430285 0.0
57850.3061111 77.3780022286 0.0 77.3780022286 0.0
57850.3061227 77.3041581278 0.0 77.3041581278 0.0
57850.3061343 77.3467340704 0.0 77.3467340704 0.0
57850.3061458 77.3847975228 0.0 77.3847975228 0.0
57850.3061574 77.3543787349 0.0 77.3543787349 0.0
57850.306169 77.3651639857 0.0 77.3651639857 0.0
57850.3061806 77.2849476685 0.0 77.2849476685 0.0
57850.3061921 77.3069793791 0.0 77.3069793791 0.0
57850.3062037 77.3157825067 0.0 77.3157825067 0.0
57850.3062153 77.3524200504 0.0 77.3524200504 0.0
57850.3062269 77.2958427341 0.0 77.2958427341 0.0
57850.3062384 77.2118775221 0.0 77.2118775221 0.0
57850.30625 77.2253619611 0.0 77.2253619611 0.0
57850.3062616 77.2318181333 0.0 77.2318181333 0.0
57850.3062731 77.182697784 0.0 77.182697784 0.0
57850.3062847 77.2200976662 0.0 77.2200976662 0.0
57850.3062963 77.2128657699 0.0 77.2128657699 0.0
57850.3063079 77.2319818516 0.0 77.2319818516 0.0
57850.3063194 77.1880546007 0.0 77.1880546007 0.0
57850.306331 77.217073638 0.0 77.217073638 0.0
57850.3063426 77.2559138325 0.0 77.2559138325 0.0
57850.3063542 77.214254012 0.0 77.214254012 0.0
57850.3063657 77.1933588317 0.0 77.1933588317 0.0
57850.3063773 77.1670450325 0.0 77.1670450325 0.0
57850.3063889 77.1944686877 0.0 77.1944686877 0.0
57850.3064005 77.2027856659 0.0 77.2027856659 0.0
57850.306412 77.0731580689 0.0 77.0731580689 0.0
57850.3064236 77.089165462 0.0 77.089165462 0.0
57850.3064352 77.0531534878 0.0 77.0531534878 0.0
57850.3064468 77.1142416325 0.0 77.1142416325 0.0
57850.3064583 77.0297058576 0.0 77.0297058576 0.0
57850.3064699 76.9991554428 0.0 76.9991554428 0.0
57850.3064815 76.9343489099 0.0 76.9343489099 0.0
57850.3064931 76.938506828 0.0 76.938506828 0.0
57850.3065046 76.9693629401 0.0 76.9693629401 0.0
57850.3065162 76.9663719642 0.0 76.9663719642 0.0
57850.3065278 76.8580378471 0.0 76.8580378471 0.0
57850.3065394 76.8536385235 0.0 76.8536385235 0.0
57850.3065509 76.8106887704 0.0 76.8106887704 0.0
57850.3065625 76.7611851405 0.0 76.7611851405 0.0
57850.3065741 76.7151906708 0.0 76.7151906708 0.0
57850.3065856 76.7146154611 0.0 76.7146154611 0.0
57850.3065972 76.6222161747 0.0 76.6222161747 0.0
57850.3066088 76.6742779892 0.0 76.6742779892 0.0
57850.3066204 76.6767967909 0.0 76.6767967909 0.0
57850.3066319 76.6774806351 0.0 76.6774806351 0.0
57850.3066435 76.6429438471 0.0 76.6429438471 0.0
57850.3066551 76.6260894108 0.0 76.6260894108 0.0
57850.3066667 76.6667770526 0.0 76.6667770526 0.0
57850.3066782 76.6663293648 0.0 76.6663293648 0.0
57850.3066898 76.6628470178 0.0 76.6628470178 0.0
57850.3067014 76.6437717329 0.0 76.6437717329 0.0
57850.306713 76.6465452672 0.0 76.6465452672 0.0
57850.3067245 76.6306401878 0.0 76.6306401878 0.0
57850.3067361 76.6686766922 0.0 76.6686766922 0.0
57850.3067477 76.6263229352 0.0 76.6263229352 0.0
57850.3067593 76.5469120182 0.0 76.5469120182 0.0
57850.3067708 76.5226563107 0.0 76.5226563107 0.0
57850.3067824 76.5144658848 0.0 76.5144658848 0.0
57850.306794 76.542487633 0.0 76.542487633 0.0
57850.3068056 76.5559459167 0.0 76.5559459167 0.0
57850.3068171 76.4334859148 0.0 76.4334859148 0.0
57850.3068287 76.4224270998 0.0 76.4224270998 0.0
57850.3068403 76.4715049312 0.0 76.4715049312 0.0
57850.3068519 76.5236931422 0.0 76.5236931422 0.0
57850.3068634 76.5098623797 0.0 76.5098623797 0.0
57850.306875 76.421648825 0.0 76.421648825 0.0
57850.3068866 76.3651430713 0.0 76.3651430713 0.0
57850.3068981 76.3987037225 0.0 76.3987037225 0.0
57850.3069097 76.3911233167 0.0 76.3911233167 0.0
57850.3069213 76.4055785898 0.0 76.4055785898 0.0
57850.3069329 76.3740904621 0.0 76.3740904621 0.0
57850.3069444 76.3602217145 0.0 76.3602217145 0.0
57850.306956 76.382630264 0.0 76.382630264 0.0
57850.3069676 76.4159705509 0.0 76.4159705509 0.0
57850.3069792 76.3571424983 0.0 76.3571424983 0.0
57850.3069907 76.3379430445 0.0 76.3379430445 0.0
57850.3070023 76.3716642525 0.0 76.3716642525 0.0
57850.3070139 76.3398564684 0.0 76.3398564684 0.0
57850.3070255 76.3776725934 0.0 76.3776725934 0.0
57850.307037 76.3552884367 0.0 76.3552884367 0.0
57850.3070486 76.2753282334 0.0 76.2753282334 0.0
57850.3070602 76.2208626681 0.0 76.2208626681 0.0
57850.3070718 76.2847271253 0.0 76.2847271253 0.0
57850.3070833 76.2415833498 0.0 76.2415833498 0.0
57850.3070949 76.2448047215 0.0 76.2448047215 0.0
57850.3071065 76.2622016275 0.0 76.2622016275 0.0
57850.3071181 76.2259748375 0.0 76.2259748375 0.0
57850.3071296 76.2835347016 0.0 76.2835347016 0.0
57850.3071412 76.3822230077 0.0 76.3822230077 0.0
57850.3071528 76.4003696436 0.0 76.4003696436 0.0
57850.3071644 76.3328294051 0.0 76.3328294051 0.0
57850.3071759 76.3267558116 0.0 76.3267558116 0.0
57850.3071875 76.3363172755 0.0 76.3363172755 0.0
57850.3071991 76.3398259995 0.0 76.3398259995 0.0
57850.3072106 76.2968398271 0.0 76.2968398271 0.0
57850.3072222 76.0994338384 0.0 76.0994338384 0.0
57850.3072338 76.16983959 0.0 76.16983959 0.0
57850.3072454 76.1243699367 0.0 76.1243699367 0.0
57850.3072569 76.1545463061 0.0 76.1545463061 0.0
57850.3072685 76.1840514158 0.0 76.1840514158 0.0
57850.3072801 76.1175687225 0.0 76.1175687225 0.0
57850.3072917 76.0715007252 0.0 76.0715007252 0.0
57850.3073032 76.0244031527 0.0 76.0244031527 0.0
57850.3073148 76.056536281 0.0 76.056536281 0.0
57850.3073264 76.036008539 0.0 76.036008539 0.0
57850.307338 75.9999267908 0.0 75.9999267908 0.0
57850.3073495 76.0298929044 0.0 76.0298929044 0.0
57850.3073611 75.9404331462 0.0 75.9404331462 0.0
57850.3073727 76.0006261625 0.0 76.0006261625 0.0
57850.3073843 76.0039761794 0.0 76.0039761794 0.0
57850.3073958 75.9483459865 0.0 75.9483459865 0.0
57850.3074074 75.9561587877 0.0 75.9561587877 0.0
57850.307419 75.9652053903 0.0 75.9652053903 0.0
57850.3074306 76.0795684074 0.0 76.0795684074 0.0
57850.3074421 76.0532304879 0.0 76.0532304879 0.0
57850.3074537 75.8753182398 0.0 75.8753182398 0.0
57850.3074653 75.8889200682 0.0 75.8889200682 0.0
57850.3074769 75.9524440433 0.0 75.9524440433 0.0
57850.3074884 75.9281363031 0.0 75.9281363031 0.0
57850.3075 75.9753125821 0.0 75.9753125821 0.0
57850.3075116 75.9442238458 0.0 75.9442238458 0.0
57850.3075231 75.9633326429 0.0 75.9633326429 0.0
57850.3075347 76.1714818286 0.0 76.1714818286 0.0
57850.3075463 76.2259772719 0.0 76.2259772719 0.0
57850.3075579 76.1566528867 0.0 76.1566528867 0.0
57850.3075694 76.1331986604 0.0 76.1331986604 0.0
57850.307581 76.1084461228 0.0 76.1084461228 0.0
57850.3075926 76.2026827288 0.0 76.2026827288 0.0
57850.3076042 76.2148915337 0.0 76.2148915337 0.0
57850.3076157 76.2664442145 0.0 76.2664442145 0.0
57850.3076273 76.197430724 0.0 76.197430724 0.0
57850.3076389 76.1148880125 0.0 76.1148880125 0.0
57850.3528241 65.5178495982 0.0 68.679580326 0.0
57850.3528356 65.5417507793 0.0 68.6887571681 0.0
57850.3528472 65.5880934356 0.0 68.6924325094 0.0
57850.3528588 65.5949991772 0.0 68.6718568314 0.0
57850.3528704 65.572084118 0.0 68.7339281615 0.0
57850.3528819 65.5446540328 0.0 68.6797314785 0.0
57850.3528935 65.555129675 0.0 68.7038285975 0.0
57850.3529051 65.6132214344 0.0 68.7233715192 0.0
57850.3529167 65.629768614 0.0 68.7414286835 0.0
57850.3529282 68.8139962152 0.0 68.8139962152 0.0
57850.3529398 65.5926661572 0.0 68.7641019885 0.0
57850.3529514 65.6000807834 0.0 68.7554429153 0.0
57850.352963 65.6555479452 0.0 68.8008568506 0.0
57850.3529745 65.6994885813 0.0 68.8287155121 0.0
57850.3529861 65.6979165046 0.0 68.7924315929 0.0
57850.3529977 65.6754939228 0.0 68.8460566085 0.0
57850.3530093 65.7069997772 0.0 68.8486648916 0.0
57850.3530208 65.7795313518 0.0 68.9386104248 0.0
57850.3530324 65.8112201118 0.0 69.0202013291 0.0
57850.353044 65.8319100554 0.0 69.0097587427 0.0
57850.3530556 69.0158271705 0.0 69.0158271705 0.0
57850.3530671 65.856641955 0.0 69.0409031795 0.0
57850.3530787 65.8736271838 0.0 69.0848056373 0.0
57850.3530903 65.9197767089 0.0 69.1197096431 0.0
57850.3531019 69.1417519589 0.0 69.1417519589 0.0
57850.3531134 65.8492281417 0.0 69.0508382104 0.0
57850.353125 65.8687195134 0.0 68.9745830249 0.0
57850.3531366 65.9083220604 0.0 69.0638937495 0.0
57850.3531481 65.9279312966 0.0 69.0452158484 0.0
57850.3531597 65.9163385086 0.0 69.096551777 0.0
57850.3531713 65.8738511342 0.0 69.0651015402 0.0
57850.3531829 65.9228468566 0.0 69.0920320062 0.0
57850.3531944 65.9708763361 0.0 69.1014655955 0.0
57850.353206 66.0090643896 0.0 69.1690415067 0.0
57850.3532176 69.2246123976 0.0 69.2246123976 0.0
57850.3532292 65.9438514282 0.0 69.1271330458 0.0
57850.3532407 65.9711286294 0.0 69.1556937154 0.0
57850.3532523 66.0039088402 0.0 69.2075481078 0.0
57850.3532639 66.0181727802 0.0 69.2254694536 0.0
57850.3532755 66.0089280621 0.0 69.1815249975 0.0
57850.353287 69.1954140153 0.0 69.1954140153 0.0
57850.3532986 65.997920981 0.0 69.147547474 0.0
57850.3533102 66.0461671444 0.0 69.2023383362 0.0
57850.3533218 69.2457972828 0.0 69.2457972828 0.0
57850.3533449 66.0435130161 0.0 69.180181407 0.0
57850.3533565 66.0739111749 0.0 69.2075353526 0.0
57850.3533681 66.0975439863 0.0 69.2563698549 0.0
57850.3533796 66.0319200827 0.0 69.2095008236 0.0
57850.3533912 66.0339485097 0.0 69.1894385001 0.0
57850.3534028 66.0607969222 0.0 69.224743449 0.0
57850.3534144 66.1136687191 0.0 69.2313495778 0.0
57850.3534259 66.1431917665 0.0 69.2707211972 0.0
57850.3534375 66.1274182203 0.0 69.2132069082 0.0
57850.3534491 66.1086856009 0.0 69.1863581228 0.0
57850.3534606 66.1612214475 0.0 69.2240789158 0.0
57850.3534722 66.1864392474 0.0 69.2212549856 0.0
57850.3534838 66.2148475385 0.0 69.3355504408 0.0
57850.3534954 66.1991376525 0.0 69.3792233576 0.0
57850.3535069 66.1837650063 0.0 69.2682406077 0.0
57850.3535185 66.2231954062 0.0 69.2244407553 0.0
57850.3535301 66.2854135603 0.0 69.3799945602 0.0
57850.3535417 66.3022205571 0.0 69.3761676388 0.0
57850.3535532 66.2640415452 0.0 69.3761943513 0.0
57850.3535648 66.2563636659 0.0 69.3335303819 0.0
57850.3535764 66.2717876843 0.0 69.4108484581 0.0
57850.353588 66.3113993046 0.0 69.4292970447 0.0
57850.3535995 66.3502786625 0.0 69.4667769939 0.0
57850.3536111 66.2938624964 0.0 69.4810953999 0.0
57850.3536227 66.2962467414 0.0 69.4338963331 0.0
57850.3536343 66.3282902777 0.0 69.3980265152 0.0
57850.3536458 66.364726311 0.0 69.4187710315 0.0
57850.3536574 66.3771537473 0.0 69.4554127044 0.0
57850.353669 66.3361954925 0.0 69.5063436536 0.0
57850.3536806 66.323279891 0.0 69.4623889795 0.0
57850.3536921 66.3597109591 0.0 69.4577570625 0.0
57850.3537037 66.423131942 0.0 69.5233133332 0.0
57850.3537153 66.4554616975 0.0 69.5529505658 0.0
57850.3537269 66.4003112606 0.0 69.576395026 0.0
57850.3537384 66.3825982344 0.0 69.6055374608 0.0
57850.35375 66.4279058044 0.0 69.5878178105 0.0
57850.3537616 66.4812673124 0.0 69.6020142413 0.0
57850.3537731 66.4756281333 0.0 69.6268853294 0.0
57850.3537847 66.4649285911 0.0 69.600113591 0.0
57850.3537963 66.4406091739 0.0 69.5758911768 0.0
57850.3538079 66.4800206737 0.0 69.5966534019 0.0
57850.3538194 66.5260228728 0.0 69.5931421194 0.0
57850.353831 66.5536565562 0.0 69.6756109642 0.0
57850.3538426 66.4740026077 0.0 69.6705747901 0.0
57850.3538542 66.4706701822 0.0 69.5866622094 0.0
57850.3538657 66.4831497396 0.0 69.5689550596 0.0
57850.3538773 66.5071997723 0.0 69.5902803425 0.0
57850.3538889 66.5166154646 0.0 69.5944921512 0.0
57850.3539005 66.4873049896 0.0 69.6270424948 0.0
57850.353912 66.4488647382 0.0 69.5169784561 0.0
57850.3539236 66.4638065484 0.0 69.5532902694 0.0
57850.3539352 66.4746824525 0.0 69.6132652148 0.0
57850.3539468 66.5040881575 0.0 69.5812905188 0.0
57850.3539583 66.4310730351 0.0 69.5709959362 0.0
57850.3539699 66.4125084874 0.0 69.4905103181 0.0
57850.3539815 66.4074888038 0.0 69.5708016207 0.0
57850.3539931 66.4635984287 0.0 69.5467348817 0.0
57850.3540046 66.4698862956 0.0 69.5993198207 0.0
57850.3540162 66.4181898112 0.0 69.5685664365 0.0
57850.3540278 66.4004808305 0.0 69.4744619817 0.0
57850.3540394 66.4007770131 0.0 69.4742736573 0.0
57850.3540509 66.4642408862 0.0 69.5047947488 0.0
57850.3540625 66.4432870786 0.0 69.5015749139 0.0
57850.3540741 66.372455441 0.0 69.5050994115 0.0
57850.3540856 66.3250614625 0.0 69.3501424519 0.0
57850.3540972 66.3292663963 0.0 69.3640199713 0.0
57850.3541088 66.3647986386 0.0 69.358614361 0.0
57850.3541204 66.3544076697 0.0 69.4038930254 0.0
57850.3541319 66.301337285 0.0 69.3860749474 0.0
57850.3541435 66.2581125971 0.0 69.3581614868 0.0
57850.3541551 66.2935101157 0.0 69.3573300613 0.0
57850.3541667 66.3113801014 0.0 69.3310297419 0.0
57850.3541782 66.3065398773 0.0 69.4109390781 0.0
57850.3541898 66.2330181231 0.0 69.3785683044 0.0
57850.3542014 66.21626853 0.0 69.3278094136 0.0
57850.354213 66.1977924791 0.0 69.3170300388 0.0
57850.3542245 66.2110959335 0.0 69.2947817602 0.0
57850.3542361 66.2129164175 0.0 69.3125379902 0.0
57850.3542477 66.1251084797 0.0 69.2682208838 0.0
57850.3542593 66.1117945275 0.0 69.1027259419 0.0
57850.3542708 66.1121384654 0.0 69.1051030332 0.0
57850.3542824 66.1435831715 0.0 69.1549276245 0.0
57850.354294 66.1356583213 0.0 69.1348791039 0.0
57850.3543056 66.0568676669 0.0 69.164396943 0.0
57850.3543171 66.0342550306 0.0 69.1272176295 0.0
57850.3543287 66.0429089426 0.0 69.1109567893 0.0
57850.3543403 66.0667857399 0.0 69.1199749626 0.0
57850.3543519 66.0760440425 0.0 69.143643202 0.0
57850.3543634 65.9971571707 0.0 69.1551374007 0.0
57850.354375 65.9440777643 0.0 69.0716490934 0.0
57850.3543866 65.9694526913 0.0 69.0145342874 0.0
57850.3543981 65.9965905123 0.0 69.0199408885 0.0
57850.3544097 65.9875311084 0.0 69.0753758434 0.0
57850.3544213 65.9177176044 0.0 68.9993356969 0.0
57850.3544329 65.866304578 0.0 68.9684938068 0.0
57850.3544444 65.8754244258 0.0 68.9072680685 0.0
57850.354456 65.8811246889 0.0 68.8812836239 0.0
57850.3544676 65.8737926144 0.0 68.8053839386 0.0
57850.3544792 65.8277735766 0.0 68.8698975491 0.0
57850.3544907 65.7805298955 0.0 68.8460577642 0.0
57850.3545023 65.8003225928 0.0 68.8366086154 0.0
57850.3545139 65.8033277738 0.0 68.7985234938 0.0
57850.3545255 65.8039351175 0.0 68.7684069593 0.0
57850.354537 65.744470715 0.0 68.776314098 0.0
57850.3545486 65.7140574084 0.0 68.7029411018 0.0
57850.3545602 65.7371088953 0.0 68.6940573157 0.0
57850.3545718 65.79267952 0.0 68.8103652273 0.0
57850.3545833 65.7878584302 0.0 68.8036638768 0.0
57850.3545949 65.7370526914 0.0 68.8001603036 0.0
57850.3546065 65.7338367476 0.0 68.7688619475 0.0
57850.3546181 65.7635929004 0.0 68.7142898279 0.0
57850.3546296 65.7790219628 0.0 68.8126041102 0.0
57850.3546412 65.7978966846 0.0 68.8743963486 0.0
57850.3546528 65.7140517891 0.0 68.7893314866 0.0
57850.3546644 65.7245906927 0.0 68.7942242437 0.0
57850.3546759 65.7211851431 0.0 68.7496074706 0.0
57850.3546875 65.7738989582 0.0 68.7166432835 0.0
57850.3546991 65.7423236108 0.0 68.783579664 0.0
57850.3547106 65.6824766489 0.0 68.7927630925 0.0
57850.3547222 65.6661052468 0.0 68.7605004034 0.0
57850.3547338 65.6844114367 0.0 68.7216216063 0.0
57850.3547454 65.7297441609 0.0 68.6638743161 0.0
57850.3547569 65.7518093837 0.0 68.7712985924 0.0
57850.3547685 65.6806609883 0.0 68.7425658717 0.0
57850.3547801 65.6519287074 0.0 68.6769519218 0.0
57850.3547917 65.7052343113 0.0 68.6881502007 0.0
57850.3548032 65.7093282996 0.0 68.7321192022 0.0
57850.3548148 65.6918890925 0.0 68.7201325869 0.0
57850.3548264 65.6386512493 0.0 68.7456334536 0.0
57850.354838 65.6211056231 0.0 68.7080342036 0.0
57850.3548495 65.6451083948 0.0 68.6933372281 0.0
57850.4097685 66.1075557013 0.0 66.9776325698 0.0
57850.4097801 66.0673290037 0.0 66.9327405772 0.0
57850.4097917 66.0581889256 0.0 66.8803723222 0.0
57850.4098032 66.0500428083 0.0 66.8006512965 0.0
57850.4098148 66.0981284101 0.0 66.8530346614 0.0
57850.4098264 66.0647169792 0.0 66.8685102898 0.0
57850.409838 66.051067615 0.0 66.7445841707 0.0
57850.4098495 66.0012153689 0.0 66.6718690915 0.0
57850.4098611 66.0440705953 0.0 66.6542469687 0.0
57850.4098727 66.0892652984 0.0 66.7949424368 0.0
57850.4098843 66.1219120363 0.0 66.8461406758 0.0
57850.4098958 66.0319751969 0.0 66.8227131847 0.0
57850.4099074 66.0180808162 0.0 66.7186447068 0.0
57850.409919 66.0559568962 0.0 66.7408118394 0.0
57850.4099306 66.062232396 0.0 66.7878191118 0.0
57850.4099421 66.0550547477 0.0 66.8023908266 0.0
57850.4099537 66.0074961155 0.0 66.7510781855 0.0
57850.4099653 65.9982333877 0.0 66.7588893614 0.0
57850.4099769 65.998714611 0.0 66.7341620713 0.0
57850.4099884 66.0883769202 0.0 66.7959926855 0.0
57850.41 66.0701678205 0.0 66.8400824553 0.0
57850.4100116 66.0225119319 0.0 66.7901088295 0.0
57850.4100231 65.9978993357 0.0 66.7614183498 0.0
57850.4100347 66.0346086906 0.0 66.8024390492 0.0
57850.4100463 66.0711776098 0.0 66.8175784391 0.0
57850.4100579 66.0731025445 0.0 66.7591021658 0.0
57850.4100694 66.0300088778 0.0 66.7491043139 0.0
57850.410081 65.9978923276 0.0 66.706135496 0.0
57850.4100926 66.0523378269 0.0 66.7331899704 0.0
57850.4101042 66.1118031408 0.0 66.8694988433 0.0
57850.4101157 66.1308583082 0.0 66.8907136242 0.0
57850.4101273 66.115819235 0.0 66.940878635 0.0
57850.4101389 66.0983516915 0.0 66.9156538482 0.0
57850.4101505 66.166107513 0.0 66.9093906135 0.0
57850.410162 66.1972699422 0.0 66.8869811838 0.0
57850.4101736 66.1855950465 0.0 66.9872417189 0.0
57850.4101852 66.1530848848 0.0 66.9978248588 0.0
57850.4101968 66.1416903998 0.0 66.9295896062 0.0
57850.4102083 66.1880799148 0.0 66.9735580274 0.0
57850.4102199 66.257604011 0.0 67.0103025225 0.0
57850.4102315 66.2527179806 0.0 67.0532661265 0.0
57850.4102431 66.2124447261 0.0 67.0397889676 0.0
57850.4102546 66.2092010947 0.0 67.0188809769 0.0
57850.4102662 66.2329254531 0.0 67.0043144863 0.0
57850.4102778 66.278674589 0.0 67.0648692731 0.0
57850.4102894 66.2536755047 0.0 67.0415227329 0.0
57850.4103009 66.2179539577 0.0 66.9852107361 0.0
57850.4103125 66.2115624306 0.0 66.9651031418 0.0
57850.4103241 66.2489277611 0.0 66.9188585915 0.0
57850.4103356 66.3120291253 0.0 66.907637676 0.0
57850.4103472 66.3364714714 0.0 66.9698994275 0.0
57850.4103588 66.2481528766 0.0 66.9323249172 0.0
57850.4103704 66.2380295196 0.0 66.9048958957 0.0
57850.4103819 66.2599920834 0.0 66.8825050063 0.0
57850.4103935 66.2923283686 0.0 66.8724351334 0.0
57850.4104051 66.3087382117 0.0 66.9177565828 0.0
57850.4104167 66.2702812558 0.0 66.9080320552 0.0
57850.4104282 66.254545243 0.0 66.8618071817 0.0
57850.4104398 66.2837607593 0.0 66.8756268901 0.0
57850.4104514 66.3203680857 0.0 66.9461331792 0.0
57850.410463 66.3437812815 0.0 67.0410135618 0.0
57850.4104745 66.2772602424 0.0 66.9929684851 0.0
57850.4104861 66.2430869913 0.0 66.9619642285 0.0
57850.4104977 66.230999051 0.0 67.0238999096 0.0
57850.4105093 66.2422969298 0.0 67.0081803979 0.0
57850.4105208 66.2059575536 0.0 66.979618653 0.0
57850.4105324 66.1381423493 0.0 66.9337214467 0.0
57850.410544 66.0953041117 0.0 66.8242071862 0.0
57850.4105556 66.1189562105 0.0 66.8284587274 0.0
57850.4105671 66.1345710192 0.0 66.8419367143 0.0
57850.4105787 66.120848024 0.0 66.8342033833 0.0
57850.4105903 66.0446968981 0.0 66.8086764086 0.0
57850.4106019 65.9836784819 0.0 66.7321273689 0.0
57850.4106134 65.9970922421 0.0 66.76364875 0.0
57850.410625 66.0225890369 0.0 66.7439376108 0.0
57850.4106366 66.0056318305 0.0 66.7152152324 0.0
57850.4106481 65.9345435941 0.0 66.7204734885 0.0
57850.4106597 65.882494515 0.0 66.6566091933 0.0
57850.4106713 65.9142527343 0.0 66.6330748693 0.0
57850.4106829 65.9216097073 0.0 66.6027130077 0.0
57850.4106944 65.9218023043 0.0 66.6811998931 0.0
57850.410706 65.9095946063 0.0 66.6007769128 0.0
57850.4107176 65.8855984208 0.0 66.5526773607 0.0
57850.4107292 65.9650302367 0.0 66.636472525 0.0
57850.4107407 65.9903320293 0.0 66.721225695 0.0
57850.4107523 66.0377750371 0.0 66.7067007549 0.0
57850.4107639 66.0305743518 0.0 66.7421695822 0.0
57850.4107755 65.9988968223 0.0 66.7506819977 0.0
57850.410787 66.065593491 0.0 66.7480827106 0.0
57850.4107986 66.0920625651 0.0 66.7947977784 0.0
57850.4108102 66.10673733 0.0 66.7346957312 0.0
57850.4108218 66.0313466254 0.0 66.7809902162 0.0
57850.4108333 65.9503054809 0.0 66.7260681432 0.0
57850.4108449 65.9995847893 0.0 66.7090981422 0.0
57850.4108565 66.0181882918 0.0 66.5958164788 0.0
57850.4108681 66.0362549464 0.0 66.5866499255 0.0
57850.4108796 65.9990977222 0.0 66.6043450354 0.0
57850.4108912 65.9716091593 0.0 66.5554107111 0.0
57850.4109028 66.0330641055 0.0 66.5997613272 0.0
57850.4109144 66.0770962716 0.0 66.6039493546 0.0
57850.4109259 66.1202821136 0.0 66.6367990246 0.0
57850.4109375 66.0687384694 0.0 66.6590395985 0.0
57850.4109491 66.0196310451 0.0 66.7078947415 0.0
57850.4109606 66.0669854052 0.0 66.790954402 0.0
57850.4109722 66.0735045992 0.0 66.78802021 0.0
57850.4109838 66.0710408669 0.0 66.7645458606 0.0
57850.4109954 66.0266371205 0.0 66.8240954295 0.0
57850.4110069 66.0092739888 0.0 66.6783836545 0.0
57850.4110185 66.0228997939 0.0 66.7035630741 0.0
57850.4110301 66.0207525497 0.0 66.6119465982 0.0
57850.4110417 66.0429243299 0.0 66.5722969565 0.0
57850.4110532 65.9627929731 0.0 66.597805323 0.0
57850.4110648 65.9328158807 0.0 66.5078193135 0.0
57850.4110764 65.9292904903 0.0 66.4922738506 0.0
57850.411088 65.9702277185 0.0 66.4380793605 0.0
57850.4110995 65.9285574091 0.0 66.4280120931 0.0
57850.4111111 65.8540660725 0.0 66.5344691996 0.0
57850.4111227 65.8185570592 0.0 66.5315462577 0.0
57850.4111343 65.8353170371 0.0 66.5124533275 0.0
57850.4111458 65.8817745606 0.0 66.5474033163 0.0
57850.4111574 65.8991877233 0.0 66.5067928167 0.0
57850.411169 65.8688756354 0.0 66.5689997948 0.0
57850.4111806 65.860588631 0.0 66.5069042645 0.0
57850.4111921 65.8884713569 0.0 66.5149405207 0.0
57850.4112037 65.9427494116 0.0 66.5709764372 0.0
57850.4112153 65.9871202471 0.0 66.5443920322 0.0
57850.4112269 65.9531461374 0.0 66.5532641629 0.0
57850.4112384 65.9203981037 0.0 66.6182240789 0.0
57850.41125 65.9832872459 0.0 66.6283702279 0.0
57850.4112616 66.0284036007 0.0 66.6439986961 0.0
57850.4112731 66.0668194499 0.0 66.7373170482 0.0
57850.4112847 66.009407155 0.0 66.7376414846 0.0
57850.4112963 65.9893614778 0.0 66.6638441759 0.0
57850.4113079 66.0344077298 0.0 66.646828185 0.0
57850.4113194 66.0309867756 0.0 66.6789076553 0.0
57850.411331 66.0545545958 0.0 66.669893061 0.0
57850.4113426 66.0033459025 0.0 66.6571131252 0.0
57850.4113542 65.9795279431 0.0 66.7007122072 0.0
57850.4113657 65.9971062582 0.0 66.6609367364 0.0
57850.4113773 66.0713003278 0.0 66.6184906387 0.0
57850.4113889 66.0629826738 0.0 66.6861064467 0.0
57850.4114005 65.9785563131 0.0 66.6210576296 0.0
57850.411412 65.9813509389 0.0 66.5636862697 0.0
57850.4114236 65.9560534156 0.0 66.6065359811 0.0
57850.4114352 65.9780961931 0.0 66.593010553 0.0
57850.4114468 65.9876925218 0.0 66.6163393896 0.0
57850.4114583 65.9303714431 0.0 66.5446443386 0.0
57850.4114699 65.9078427497 0.0 66.4984908458 0.0
57850.4114815 65.9335921812 0.0 66.5173245224 0.0
57850.4114931 66.0110740836 0.0 66.5241823217 0.0
57850.4115046 65.9800581388 0.0 66.5733921187 0.0
57850.4115162 65.9472138784 0.0 66.5398576515 0.0
57850.4115278 65.9290126659 0.0 66.5329132606 0.0
57850.4115394 65.9239850935 0.0 66.6053665322 0.0
57850.4115509 65.9661955923 0.0 66.6258394783 0.0
57850.4115625 65.9624029743 0.0 66.6311112512 0.0
57850.4115741 65.8643453031 0.0 66.6345523028 0.0
57850.4115856 65.8620959521 0.0 66.5440869181 0.0
57850.4115972 65.8501685755 0.0 66.5189529928 0.0
57850.4116088 65.8613609556 0.0 66.5021860112 0.0
57850.4116204 65.8330355808 0.0 66.4846942619 0.0
57850.4116319 65.7817540989 0.0 66.4715302794 0.0
57850.4116435 65.7445779677 0.0 66.3431123678 0.0
57850.4116551 65.7676443987 0.0 66.3601960624 0.0
57850.4116667 65.7863570488 0.0 66.3988856158 0.0
57850.4116782 65.8242239282 0.0 66.3283703034 0.0
57850.4116898 65.7436455671 0.0 66.2678718993 0.0
57850.4117014 65.7051659666 0.0 66.247345223 0.0
57850.411713 65.7232138505 0.0 66.2149371882 0.0
57850.4117245 65.778482709 0.0 66.2958541872 0.0
57850.4117361 65.8179249619 0.0 66.3789439285 0.0
57850.4117477 65.7852109582 0.0 66.4496096692 0.0
57850.4117593 65.76126918 0.0 66.416446428 0.0
57850.4117708 65.7997891729 0.0 66.487889311 0.0
57850.4117824 65.8565929232 0.0 66.4839166257 0.0
57850.411794 65.8854735629 0.0 66.5325870559 0.0
57850.4118056 65.8312312088 0.0 66.5512948664 0.0
57850.4562963 66.8535535211 0.0 65.9646817879 0.0
57850.4563079 66.868177074 0.0 65.9362810919 0.0
57850.4563194 66.8555566029 0.0 65.9415189967 0.0
57850.456331 66.8015983355 0.0 65.8831414432 0.0
57850.4563426 66.7553550625 0.0 65.8956733755 0.0
57850.4563542 66.7851551977 0.0 65.8996890728 0.0
57850.4563657 66.8289770059 0.0 65.9146480517 0.0
57850.4563773 66.8499808744 0.0 65.9225181266 0.0
57850.4563889 66.8099107495 0.0 65.8744229379 0.0
57850.4564005 66.7970923595 0.0 65.9296465854 0.0
57850.456412 66.8698057028 0.0 65.9460780589 0.0
57850.4564236 66.9505365422 0.0 66.0309978692 0.0
57850.4564352 66.9382610327 0.0 66.0229843765 0.0
57850.4564468 66.8901483826 0.0 66.0202286493 0.0
57850.4564583 66.8153731381 0.0 65.9331557093 0.0
57850.4564699 66.8010867844 0.0 65.9366515762 0.0
57850.4564815 66.8283110959 0.0 65.9415141378 0.0
57850.4564931 66.823686556 0.0 65.9111880572 0.0
57850.4565046 66.7434430556 0.0 65.8922564371 0.0
57850.4565162 66.7248227864 0.0 65.8400432707 0.0
57850.4565278 66.7863812844 0.0 65.8970953077 0.0
57850.4565394 66.8384580771 0.0 65.8679849401 0.0
57850.4565509 66.8291606216 0.0 65.8557181463 0.0
57850.4565625 66.7244742357 0.0 65.9011304828 0.0
57850.4565741 66.7289345424 0.0 65.822426389 0.0
57850.4565856 66.7775652559 0.0 65.8784391251 0.0
57850.4565972 66.8418846775 0.0 65.9299223071 0.0
57850.4566088 66.8843982769 0.0 66.0014520431 0.0
57850.4566204 66.8571005673 0.0 66.0199806735 0.0
57850.4566319 66.8645182547 0.0 65.9927284098 0.0
57850.4566435 66.9105657493 0.0 66.0040201572 0.0
57850.4566551 66.958709106 0.0 66.0486593921 0.0
57850.4566667 66.9747091337 0.0 66.0983720268 0.0
57850.4566782 66.9514948181 0.0 66.08302353 0.0
57850.4566898 66.9260481073 0.0 66.0511057357 0.0
57850.4567014 66.9341478453 0.0 66.0652145482 0.0
57850.456713 66.956100047 0.0 66.0131433119 0.0
57850.4567245 66.9447184372 0.0 66.0505792568 0.0
57850.4567361 66.8902157444 0.0 66.0190459067 0.0
57850.4567477 66.8756469165 0.0 65.9392109859 0.0
57850.4567593 66.9162571512 0.0 66.0301359548 0.0
57850.4567708 66.9771997278 0.0 66.0006523294 0.0
57850.4567824 66.9787723111 0.0 66.0444343414 0.0
57850.456794 66.9032883731 0.0 65.941164289 0.0
57850.4568056 66.883918196 0.0 65.9211165346 0.0
57850.4568171 66.9006205676 0.0 65.9931391765 0.0
57850.4568287 66.9393490858 0.0 66.0677329852 0.0
57850.4568403 66.9689608748 0.0 66.1055464583 0.0
57850.4568519 66.8922586646 0.0 66.0155524487 0.0
57850.4568634 66.8481443964 0.0 65.894353459 0.0
57850.456875 66.8797457416 0.0 65.8985682581 0.0
57850.4568866 66.9100867829 0.0 65.9462226203 0.0
57850.4568981 66.8717392706 0.0 65.9373731127 0.0
57850.4569097 66.8233071024 0.0 65.8634483236 0.0
57850.4569213 66.8140023147 0.0 65.8388769024 0.0
57850.4569329 66.8443772606 0.0 65.7760811473 0.0
57850.4569444 66.8792387383 0.0 65.9290696366 0.0
57850.456956 66.8942942727 0.0 65.9467364832 0.0
57850.4569676 66.8201442217 0.0 65.9304154499 0.0
57850.4569792 66.7732963648 0.0 65.9041445076 0.0
57850.4569907 66.7968561739 0.0 65.8538051027 0.0
57850.4570023 66.8239411579 0.0 65.8734007016 0.0
57850.4570139 66.7731654497 0.0 65.8493637081 0.0
57850.4570255 66.7022841332 0.0 65.7490513697 0.0
57850.457037 66.6965801645 0.0 65.7412619716 0.0
57850.4570486 66.7449855037 0.0 65.803460474 0.0
57850.4570602 66.8210622315 0.0 65.8236411365 0.0
57850.4570718 66.8180536352 0.0 65.8679800841 0.0
57850.4570833 66.7391008274 0.0 65.8290026786 0.0
57850.4570949 66.7335564698 0.0 65.8245877017 0.0
57850.4571065 66.7386702831 0.0 65.8225926424 0.0
57850.4571181 66.7560939463 0.0 65.8206716411 0.0
57850.4571296 66.7392255877 0.0 65.8518095498 0.0
57850.4571412 66.6447695887 0.0 65.7590984245 0.0
57850.4571528 66.6274349463 0.0 65.6448458095 0.0
57850.4571644 66.6444701666 0.0 65.7229686622 0.0
57850.4571759 66.6764589783 0.0 65.7428736547 0.0
57850.4571875 66.6451105642 0.0 65.7599583581 0.0
57850.4571991 66.5681259044 0.0 65.6985233803 0.0
57850.4572106 66.5760696277 0.0 65.71699721 0.0
57850.4572222 66.652223618 0.0 65.7650052877 0.0
57850.4572338 66.7091732923 0.0 65.7871277147 0.0
57850.4572454 66.722522371 0.0 65.8677093633 0.0
57850.4572569 66.6769601923 0.0 65.8208488136 0.0
57850.4572685 66.6618293851 0.0 65.7922534492 0.0
57850.4572801 66.7161117817 0.0 65.8438458815 0.0
57850.4572917 66.7450160838 0.0 65.8447865398 0.0
57850.4573032 66.7860741496 0.0 65.9051390798 0.0
57850.4573148 66.7575900784 0.0 65.8657378546 0.0
57850.4573264 66.7365934186 0.0 65.8736981448 0.0
57850.457338 66.7966285552 0.0 65.8746487537 0.0
57850.4573495 66.8122704497 0.0 65.8960255177 0.0
57850.4573611 66.8026079825 0.0 65.9118049951 0.0
57850.4573727 66.725958947 0.0 65.8690386936 0.0
57850.4573843 66.7331235002 0.0 65.8476206976 0.0
57850.4573958 66.7831582465 0.0 65.8296446722 0.0
57850.4574074 66.8156326172 0.0 65.8834656223 0.0
57850.457419 66.7901391628 0.0 65.9009495466 0.0
57850.4574306 66.7191763949 0.0 65.8012704284 0.0
57850.4574421 66.7035582418 0.0 65.8246071184 0.0
57850.4574537 66.7272076358 0.0 65.8307648321 0.0
57850.4574653 66.7311225657 0.0 65.8516456828 0.0
57850.4574769 66.6900707733 0.0 65.7999163817 0.0
57850.4574884 66.6642703731 0.0 65.7526291102 0.0
57850.4575 66.6698810533 0.0 65.7450056212 0.0
57850.4575116 66.7191372612 0.0 65.7790689321 0.0
57850.4575231 66.7817902572 0.0 65.8527332778 0.0
57850.4575347 66.8123328698 0.0 65.8922625084 0.0
57850.4575463 66.804830461 0.0 65.8807811547 0.0
57850.4575579 66.8149937121 0.0 65.8998457205 0.0
57850.4575694 66.8742692448 0.0 65.9040291426 0.0
57850.457581 66.8927938961 0.0 65.8875938238 0.0
57850.4576042 66.7476778043 0.0 65.7922194791 0.0
57850.4576157 66.6887552463 0.0 65.711841997 0.0
57850.4576273 66.7075848605 0.0 65.6656320976 0.0
57850.4576389 66.7682433979 0.0 65.7487760701 0.0
57850.4576505 66.7990773167 0.0 65.7806071309 0.0
57850.457662 66.7253315501 0.0 65.8097760404 0.0
57850.4576736 66.6425636605 0.0 65.7069270521 0.0
57850.4576852 66.6172382427 0.0 65.6210768477 0.0
57850.4576968 66.5992297398 0.0 65.5732504123 0.0
57850.4577083 66.61647093 0.0 65.5688861129 0.0
57850.4577199 66.5572811162 0.0 65.5908593921 0.0
57850.4577315 66.5096005959 0.0 65.5772333988 0.0
57850.4577431 66.5187513029 0.0 65.5066855584 0.0
57850.4577546 66.5222013177 0.0 65.5079830144 0.0
57850.4577662 66.5250935011 0.0 65.5095455479 0.0
57850.4577778 66.474834288 0.0 65.4541371078 0.0
57850.4577894 66.4076076343 0.0 65.3936164431 0.0
57850.4578009 66.4167563583 0.0 65.4264497595 0.0
57850.4578125 66.419995968 0.0 65.4371240354 0.0
57850.4578241 66.4624254304 0.0 65.438828379 0.0
57850.4578356 66.4293396282 0.0 65.4424766507 0.0
57850.4578472 66.3937182272 0.0 65.3768331999 0.0
57850.4578588 66.4701995719 0.0 65.4495642442 0.0
57850.4578704 66.5020825691 0.0 65.4687908037 0.0
57850.4578819 66.5710998509 0.0 65.4885553258 0.0
57850.4578935 66.5368509926 0.0 65.5708865987 0.0
57850.4579051 66.5189014605 0.0 65.5382242675 0.0
57850.4579167 66.5565117613 0.0 65.5274308092 0.0
57850.4579282 66.6238913516 0.0 65.5683872076 0.0
57850.4579398 66.6120064449 0.0 65.5984536136 0.0
57850.4579514 66.5618631587 0.0 65.5700352983 0.0
57850.457963 66.5914114587 0.0 65.585812591 0.0
57850.4579745 66.6237019557 0.0 65.5874403336 0.0
57850.4579861 66.6954663036 0.0 65.6344352483 0.0
57850.4579977 66.7254220516 0.0 65.6605833358 0.0
57850.4580093 66.6846632715 0.0 65.6771471311 0.0
57850.4580208 66.6625053271 0.0 65.6120275226 0.0
57850.4580324 66.6760360043 0.0 65.6469239111 0.0
57850.458044 66.7245916421 0.0 65.669870266 0.0
57850.4580556 66.7347795567 0.0 65.6264886001 0.0
57850.4580671 66.7007850563 0.0 65.6723717896 0.0
57850.4580787 66.6871133039 0.0 65.6581426527 0.0
57850.4580903 66.7405306866 0.0 65.6472292679 0.0
57850.4581019 66.7792256273 0.0 65.7065209176 0.0
57850.4581134 66.8022604182 0.0 65.7255440574 0.0
57850.458125 66.7623538539 0.0 65.7526776227 0.0
57850.4581366 66.7894771505 0.0 65.7284966157 0.0
57850.4581481 66.8144894447 0.0 65.7587636707 0.0
57850.4581597 66.8495548089 0.0 65.8323583172 0.0
57850.4581713 66.8683827943 0.0 65.8046155725 0.0
57850.4581829 66.7682140351 0.0 65.7862966994 0.0
57850.4581944 66.7890562056 0.0 65.6703053625 0.0
57850.458206 66.6910892167 0.0 65.7007248617 0.0
57850.4582176 66.6922494953 0.0 65.6654672762 0.0
57850.4582292 66.7239911583 0.0 65.7121414589 0.0
57850.4582407 66.7339955564 0.0 65.7622240524 0.0
57850.4582523 66.7051857466 0.0 65.6584322842 0.0
57850.4582639 66.6477895183 0.0 65.5653611253 0.0
57850.4582755 66.6637508796 0.0 65.5785679531 0.0
57850.458287 66.7065198042 0.0 65.5855509917 0.0
57850.4582986 66.7500093072 0.0 65.6139293986 0.0
57850.4986574 68.6847183916 0.0 66.6100261547 0.0
57850.498669 68.7136058571 0.0 66.6592674879 0.0
57850.4986806 68.7440535736 0.0 66.6793627162 0.0
57850.4986921 68.6813374398 0.0 66.6520159852 0.0
57850.4987037 68.6799525024 0.0 66.6376500796 0.0
57850.4987153 68.7127588386 0.0 66.6465876574 0.0
57850.4987269 68.774056531 0.0 66.7249991765 0.0
57850.4987384 68.8933633847 0.0 66.8598154487 0.0
57850.49875 68.8828375026 0.0 66.9069270866 0.0
57850.4987616 68.796742507 0.0 66.806289737 0.0
57850.4987731 68.7451416811 0.0 66.7085809054 0.0
57850.4987847 68.7621674929 0.0 66.6801797882 0.0
57850.4987963 68.7489729943 0.0 66.6903742819 0.0
57850.4988079 68.6613970479 0.0 66.6672067307 0.0
57850.4988194 68.5989239651 0.0 66.5745566386 0.0
57850.498831 68.5633681412 0.0 66.5076533143 0.0
57850.4988426 68.5847135477 0.0 66.5452902017 0.0
57850.4988542 68.6151371308 0.0 66.5954014207 0.0
57850.4988657 68.5665086474 0.0 66.5429835473 0.0
57850.4988773 68.6027821419 0.0 66.5308492483 0.0
57850.4988889 68.6157860042 0.0 66.649257553 0.0
57850.4989005 68.6725096947 0.0 66.6500453234 0.0
57850.498912 68.6905745159 0.0 66.6419569963 0.0
57850.4989236 68.660763943 0.0 66.6474129794 0.0
57850.4989352 68.6142415438 0.0 66.5992379315 0.0
57850.4989468 68.7014358542 0.0 66.6218973999 0.0
57850.4989583 68.8164448143 0.0 66.7555597585 0.0
57850.4989699 68.8806374757 0.0 66.8374244307 0.0
57850.4989815 68.8265229021 0.0 66.8508891084 0.0
57850.4989931 68.835358386 0.0 66.8250355645 0.0
57850.4990046 68.9003737944 0.0 66.9056723207 0.0
57850.4990162 69.0215963312 0.0 66.9495524106 0.0
57850.4990278 69.1309004135 0.0 67.0643991181 0.0
57850.4990394 69.1719676072 0.0 67.1260472691 0.0
57850.4990509 69.0556286775 0.0 66.8948828775 0.0
57850.4990625 68.9019570133 0.0 66.7484913822 0.0
57850.4990741 68.8494326377 0.0 66.695780435 0.0
57850.4990856 68.87600755 0.0 66.7791225531 0.0
57850.4990972 68.8852910994 0.0 66.8649418543 0.0
57850.4991088 68.8263832312 0.0 66.8202738688 0.0
57850.4991204 68.8437804628 0.0 66.804474183 0.0
57850.4991319 68.9092920763 0.0 66.8585004937 0.0
57850.4991435 68.949348183 0.0 66.9086106567 0.0
57850.4991551 68.8932458889 0.0 66.8817651774 0.0
57850.4991667 68.935702476 0.0 66.9072222562 0.0
57850.4991782 69.0624812968 0.0 67.0326427804 0.0
57850.4991898 69.2695455681 0.0 67.1703416122 0.0
57850.4992014 69.4370411394 0.0 67.3557701777 0.0
57850.499213 69.4597610773 0.0 67.3852744684 0.0
57850.4992245 69.4502119885 0.0 67.3502336534 0.0
57850.4992361 69.5595636864 0.0 67.4042532892 0.0
57850.4992477 69.6189060692 0.0 67.4471282218 0.0
57850.4992593 69.5510583664 0.0 67.40427037 0.0
57850.4992708 69.3689219213 0.0 67.2690513125 0.0
57850.4992824 69.2234468122 0.0 67.0705979402 0.0
57850.499294 69.1945313316 0.0 67.0669705662 0.0
57850.4993056 69.2880160249 0.0 67.0723703111 0.0
57850.4993171 69.3036650643 0.0 67.1393551682 0.0
57850.4993287 69.2221292556 0.0 67.0819977996 0.0
57850.4993403 69.0907424897 0.0 66.9834125846 0.0
57850.4993519 69.1007337667 0.0 66.951901308 0.0
57850.4993634 69.2945422801 0.0 67.1658612351 0.0
57850.499375 69.629549075 0.0 67.5028237029 0.0
57850.4993866 69.8596549773 0.0 67.7232748958 0.0
57850.4993981 69.8959662465 0.0 67.7622019709 0.0
57850.4994097 69.8316143681 0.0 67.6481334034 0.0
57850.4994213 69.6194789158 0.0 67.3972186603 0.0
57850.4994329 69.2504739885 0.0 67.0355917029 0.0
57850.4994444 68.9183669762 0.0 66.7275277924 0.0
57850.499456 68.6937446589 0.0 66.6579318099 0.0
57850.4994676 68.6692365035 0.0 66.5474067945 0.0
57850.4994792 68.6637295718 0.0 66.5719308686 0.0
57850.4994907 68.6795501086 0.0 66.5886021348 0.0
57850.4995023 68.6024392421 0.0 66.5787533927 0.0
57850.4995139 68.541212106 0.0 66.5103659843 0.0
57850.4995255 68.5430674116 0.0 66.4763103254 0.0
57850.499537 68.5489676187 0.0 66.4262206094 0.0
57850.4995486 68.5454121691 0.0 66.4566123038 0.0
57850.4995602 68.4532615683 0.0 66.4512282706 0.0
57850.4995718 68.3976230232 0.0 66.3846116343 0.0
57850.4995833 68.3959425635 0.0 66.3397504426 0.0
57850.4995949 68.3975393074 0.0 66.3437295575 0.0
57850.4996065 68.418338522 0.0 66.4079545971 0.0
57850.4996181 68.3850072848 0.0 66.3748806429 0.0
57850.4996296 68.3188749825 0.0 66.3312427022 0.0
57850.4996412 68.3203635623 0.0 66.3397601122 0.0
57850.4996528 68.3693393693 0.0 66.3242885504 0.0
57850.4996644 68.4258598742 0.0 66.3825536452 0.0
57850.4996759 68.4618225557 0.0 66.4202888585 0.0
57850.4996875 68.6605763571 0.0 66.6139903696 0.0
57850.4996991 68.9796117999 0.0 66.8582649446 0.0
57850.4997106 69.2992537993 0.0 67.1904689819 0.0
57850.4997222 69.5007188527 0.0 67.3988619861 0.0
57850.4997338 69.4782760987 0.0 67.4203884904 0.0
57850.4997454 69.4461004278 0.0 67.4009506429 0.0
57850.4997569 69.4675725786 0.0 67.3701676419 0.0
57850.4997685 69.4860230581 0.0 67.3971405815 0.0
57850.4997801 69.595024891 0.0 67.4806146952 0.0
57850.4997917 69.6612865047 0.0 67.5983671767 0.0
57850.4998032 69.6330675076 0.0 67.4901856748 0.0
57850.4998148 69.6231526805 0.0 67.481588971 0.0
57850.4998264 69.6147978546 0.0 67.4822336092 0.0
57850.499838 69.5593620598 0.0 67.3936222154 0.0
57850.4998495 69.4495157346 0.0 67.2431715151 0.0
57850.4998611 69.2908203906 0.0 67.202522773 0.0
57850.4998727 69.2406671223 0.0 67.1735960847 0.0
57850.4998843 69.3078530189 0.0 67.1245369326 0.0
57850.4998958 69.3585338619 0.0 67.2369047239 0.0
57850.4999074 69.332884882 0.0 67.1947153056 0.0
57850.499919 69.2883958947 0.0 67.131807666 0.0
57850.4999306 69.3025662658 0.0 67.1306611617 0.0
57850.4999421 69.2705968576 0.0 67.0574003068 0.0
57850.4999537 69.2074536279 0.0 67.0287770719 0.0
57850.4999653 69.1122416906 0.0 66.9617555413 0.0
57850.4999769 69.1019122616 0.0 66.9585642753 0.0
57850.4999884 69.2612063706 0.0 67.0750112805 0.0
57850.5 69.3681802381 0.0 67.117018411 0.0
57850.5000116 69.3472599633 0.0 67.1580684816 0.0
57850.5000231 69.1651153571 0.0 67.0205803583 0.0
57850.5000347 68.9065719832 0.0 66.7527042128 0.0
57850.5000463 68.654484929 0.0 66.4773982373 0.0
57850.5000579 68.5271756872 0.0 66.3018892014 0.0
57850.5000694 68.4825614299 0.0 66.2942481163 0.0
57850.500081 68.427272341 0.0 66.2738670984 0.0
57850.5000926 68.3548858801 0.0 66.2269560122 0.0
57850.5001042 68.3798348623 0.0 66.2105927307 0.0
57850.5001273 68.4105800577 0.0 66.1946313281 0.0
57850.5001389 68.3922838064 0.0 66.2512467833 0.0
57850.5001505 68.3431179964 0.0 66.2117228244 0.0
57850.500162 68.3569275157 0.0 66.2238659868 0.0
57850.5001736 68.399431547 0.0 66.2094529891 0.0
57850.5001852 68.4298768941 0.0 66.2427225773 0.0
57850.5001968 68.4244104833 0.0 66.2743744662 0.0
57850.5002083 68.3851586945 0.0 66.213407119 0.0
57850.5002199 68.3809254573 0.0 66.2448433047 0.0
57850.5002315 68.4921745581 0.0 66.3041535918 0.0
57850.5002431 68.5957418134 0.0 66.3946300414 0.0
57850.5002546 68.5705469278 0.0 66.4541017402 0.0
57850.5002662 68.5477150614 0.0 66.4657391158 0.0
57850.5002778 68.6203911442 0.0 66.4753664281 0.0
57850.5002894 68.749201494 0.0 66.6359474742 0.0
57850.5003009 68.8521055331 0.0 66.6949547647 0.0
57850.5003125 68.8392782222 0.0 66.7104543537 0.0
57850.5003241 68.8062688115 0.0 66.7234917357 0.0
57850.5003356 68.8368108472 0.0 66.687989545 0.0
57850.5003472 68.7546646366 0.0 66.596936252 0.0
57850.5003588 68.5390720721 0.0 66.3488088084 0.0
57850.5003704 68.393362216 0.0 66.2697732042 0.0
57850.5003819 68.3311742156 0.0 66.1894187818 0.0
57850.5003935 68.3303683314 0.0 65.9660700406 0.0
57850.5004051 68.3244578768 0.0 65.9497877807 0.0
57850.5004167 68.32573 0.0 65.7903623002 0.0
57850.5004282 68.281513386 0.0 65.9111651333 0.0
57850.5004398 68.2156246466 0.0 65.8801217887 0.0
57850.5004514 68.2208888223 0.0 65.8705470951 0.0
57850.500463 68.2535193559 0.0 65.9079220631 0.0
57850.5004745 68.2638524292 0.0 66.0266794026 0.0
57850.5004861 68.2623806071 0.0 66.0593471128 0.0
57850.5004977 68.1985691358 0.0 66.0039815726 0.0
57850.5005093 68.2582296107 0.0 66.0342065396 0.0
57850.5005208 68.3604053991 0.0 66.0985287966 0.0
57850.5005324 68.4046196788 0.0 66.1767674359 0.0
57850.500544 68.2910472146 0.0 66.1261214751 0.0
57850.5005671 68.3713345056 0.0 66.1451094761 0.0
57850.5005787 68.4335430782 0.0 66.1699794158 0.0
57850.5005903 68.4888255144 0.0 66.2357580231 0.0
57850.5006019 68.4697214371 0.0 66.263436348 0.0
57850.5006134 68.469781802 0.0 66.23607442 0.0
57850.500625 68.492899089 0.0 66.2562954175 0.0
57850.5006366 68.519467342 0.0 66.1828460908 0.0
57850.5006481 68.4952587767 0.0 66.2892473684 0.0
57850.5006597 68.4018901537 0.0 66.2327100296 0.0
57850.5006713 68.3126871381 0.0 66.1586649152 0.0
57850.5006829 68.2601931992 0.0 66.1264641173 0.0
57850.5437963 66.2743554025 0.0 66.2743554025 0.0
57850.5438079 66.2710921704 0.0 66.2710921704 0.0
57850.5438194 66.2558838685 0.0 66.2558838685 0.0
57850.543831 66.1049357297 0.0 66.1049357297 0.0
57850.5438426 66.1690341203 0.0 66.1690341203 0.0
57850.5438542 66.2274928825 0.0 66.2274928825 0.0
57850.5438657 66.2393595248 0.0 66.2393595248 0.0
57850.5438773 66.2247462635 0.0 66.2247462635 0.0
57850.5438889 66.1829552516 0.0 66.1829552516 0.0
57850.5439005 66.1532108317 0.0 66.1532108317 0.0
57850.543912 66.1786857936 0.0 66.1786857936 0.0
57850.5439236 66.1699974887 0.0 66.1699974887 0.0
57850.5439352 66.1813141996 0.0 66.1813141996 0.0
57850.5439468 66.1852436951 0.0 66.1852436951 0.0
57850.5439583 66.1850081734 0.0 66.1850081734 0.0
57850.5439699 66.1927667814 0.0 66.1927667814 0.0
57850.5439815 66.189479386 0.0 66.189479386 0.0
57850.5439931 66.1755259917 0.0 66.1755259917 0.0
57850.5440046 66.154526629 0.0 66.154526629 0.0
57850.5440162 66.1359393768 0.0 66.1359393768 0.0
57850.5440278 66.1241071727 0.0 66.1241071727 0.0
57850.5440394 66.1423702338 0.0 66.1423702338 0.0
57850.5440509 66.1767891466 0.0 66.1767891466 0.0
57850.5440625 66.1327517771 0.0 66.1327517771 0.0
57850.5440741 66.1208393339 0.0 66.1208393339 0.0
57850.5440856 66.1389256274 0.0 66.1389256274 0.0
57850.5440972 66.1529955208 0.0 66.1529955208 0.0
57850.5441088 66.1713764416 0.0 66.1713764416 0.0
57850.5441204 66.126828763 0.0 66.126828763 0.0
57850.5441319 66.0455834677 0.0 66.0455834677 0.0
57850.5441435 66.0885711844 0.0 66.0885711844 0.0
57850.5441551 66.0923780052 0.0 66.0923780052 0.0
57850.5441667 66.1139250595 0.0 66.1139250595 0.0
57850.5441782 66.0994181188 0.0 66.0994181188 0.0
57850.5441898 66.0856793417 0.0 66.0856793417 0.0
57850.5442014 66.1143467266 0.0 66.1143467266 0.0
57850.544213 66.172331014 0.0 66.172331014 0.0
57850.5442245 66.1140735868 0.0 66.1140735868 0.0
57850.5442361 66.1570134634 0.0 66.1570134634 0.0
57850.5442477 66.1140798803 0.0 66.1140798803 0.0
57850.5442593 66.1406932417 0.0 66.1406932417 0.0
57850.5442708 66.1708084873 0.0 66.1708084873 0.0
57850.5442824 66.1447988935 0.0 66.1447988935 0.0
57850.544294 66.0825824564 0.0 66.0825824564 0.0
57850.5443056 66.0256073376 0.0 66.0256073376 0.0
57850.5443171 66.0291882245 0.0 66.0291882245 0.0
57850.5443287 66.0916631944 0.0 66.0916631944 0.0
57850.5443403 66.1304819872 0.0 66.1304819872 0.0
57850.5443519 66.1176420762 0.0 66.1176420762 0.0
57850.5443634 66.079008745 0.0 66.079008745 0.0
57850.544375 66.1156004086 0.0 66.1156004086 0.0
57850.5443866 66.1042711861 0.0 66.1042711861 0.0
57850.5443981 66.1024600723 0.0 66.1024600723 0.0
57850.5444097 66.0188621844 0.0 66.0188621844 0.0
57850.5444213 66.0072329572 0.0 66.0072329572 0.0
57850.5444329 66.0476666858 0.0 66.0476666858 0.0
57850.5444444 66.0683989885 0.0 66.0683989885 0.0
57850.544456 66.0949264422 0.0 66.0949264422 0.0
57850.5444676 66.0044261184 0.0 66.0044261184 0.0
57850.5444792 66.0471873914 0.0 66.0471873914 0.0
57850.5444907 66.0550739832 0.0 66.0550739832 0.0
57850.5445023 66.0239156675 0.0 66.0239156675 0.0
57850.5445139 65.9854791978 0.0 65.9854791978 0.0
57850.5445255 65.9543833498 0.0 65.9543833498 0.0
57850.544537 65.9139854901 0.0 65.9139854901 0.0
57850.5445486 65.9667792162 0.0 65.9667792162 0.0
57850.5445602 65.9610896012 0.0 65.9610896012 0.0
57850.5445718 65.9503610394 0.0 65.9503610394 0.0
57850.5445833 65.938336409 0.0 65.938336409 0.0
57850.5445949 65.9102623562 0.0 65.9102623562 0.0
57850.5446065 65.9506551662 0.0 65.9506551662 0.0
57850.5446181 65.9949899986 0.0 65.9949899986 0.0
57850.5446296 66.0360031545 0.0 66.0360031545 0.0
57850.5446412 66.0214681345 0.0 66.0214681345 0.0
57850.5446528 66.0101228641 0.0 66.0101228641 0.0
57850.5446644 66.0632177704 0.0 66.0632177704 0.0
57850.5446759 66.0345452946 0.0 66.0345452946 0.0
57850.5446875 66.0563106752 0.0 66.0563106752 0.0
57850.5446991 66.0126179497 0.0 66.0126179497 0.0
57850.5447106 65.9817802022 0.0 65.9817802022 0.0
57850.5447222 65.9989798858 0.0 65.9989798858 0.0
57850.5447338 65.9840571704 0.0 65.9840571704 0.0
57850.5447454 65.9761238059 0.0 65.9761238059 0.0
57850.5447569 65.9682852629 0.0 65.9682852629 0.0
57850.5447685 65.9945964243 0.0 65.9945964243 0.0
57850.5447801 66.0475069208 0.0 66.0475069208 0.0
57850.5447917 66.0601416094 0.0 66.0601416094 0.0
57850.5448032 66.0643413129 0.0 66.0643413129 0.0
57850.5448148 66.0449117133 0.0 66.0449117133 0.0
57850.5448264 66.0032704548 0.0 66.0032704548 0.0
57850.544838 66.0467131308 0.0 66.0467131308 0.0
57850.5448495 66.0209235465 0.0 66.0209235465 0.0
57850.5448611 66.0798908376 0.0 66.0798908376 0.0
57850.5448727 65.995741943 0.0 65.995741943 0.0
57850.5448843 65.9746516034 0.0 65.9746516034 0.0
57850.5448958 66.0300397546 0.0 66.0300397546 0.0
57850.5449074 66.0835765715 0.0 66.0835765715 0.0
57850.544919 66.0889738836 0.0 66.0889738836 0.0
57850.5449306 66.0648357756 0.0 66.0648357756 0.0
57850.5449421 66.0222227641 0.0 66.0222227641 0.0
57850.5449537 65.9986843806 0.0 65.9986843806 0.0
57850.5449653 66.0994583924 0.0 66.0994583924 0.0
57850.5449769 66.0847607122 0.0 66.0847607122 0.0
57850.5449884 66.0688129422 0.0 66.0688129422 0.0
57850.545 66.0534284358 0.0 66.0534284358 0.0
57850.5450116 66.0610009134 0.0 66.0610009134 0.0
57850.5450231 66.1023140769 0.0 66.1023140769 0.0
57850.5450347 66.1441001293 0.0 66.1441001293 0.0
57850.5450463 66.1049734879 0.0 66.1049734879 0.0
57850.5450579 66.0746801703 0.0 66.0746801703 0.0
57850.5450694 66.1077172882 0.0 66.1077172882 0.0
57850.545081 66.1321751985 0.0 66.1321751985 0.0
57850.5450926 66.0981620932 0.0 66.0981620932 0.0
57850.5451042 66.1003406392 0.0 66.1003406392 0.0
57850.5451157 66.1137123384 0.0 66.1137123384 0.0
57850.5451273 66.0796077116 0.0 66.0796077116 0.0
57850.5451389 66.0918129519 0.0 66.0918129519 0.0
57850.5451505 66.1328033924 0.0 66.1328033924 0.0
57850.545162 66.0461357182 0.0 66.0461357182 0.0
57850.5451736 66.0641098094 0.0 66.0641098094 0.0
57850.5451852 66.0578153556 0.0 66.0578153556 0.0
57850.5451968 66.0653906332 0.0 66.0653906332 0.0
57850.5452083 66.1337727564 0.0 66.1337727564 0.0
57850.5452199 66.1122535104 0.0 66.1122535104 0.0
57850.5452315 66.0622326352 0.0 66.0622326352 0.0
57850.5452431 66.0990216764 0.0 66.0990216764 0.0
57850.5452546 66.11848418 0.0 66.11848418 0.0
57850.5452662 66.1266135008 0.0 66.1266135008 0.0
57850.5452778 66.087296399 0.0 66.087296399 0.0
57850.5452894 66.0712362996 0.0 66.0712362996 0.0
57850.5453009 66.1071005569 0.0 66.1071005569 0.0
57850.5453125 66.113080471 0.0 66.113080471 0.0
57850.5453241 66.1597924849 0.0 66.1597924849 0.0
57850.5453356 66.1320543439 0.0 66.1320543439 0.0
57850.5453472 66.109710989 0.0 66.109710989 0.0
57850.5453588 66.1380644916 0.0 66.1380644916 0.0
57850.5453704 66.1526454841 0.0 66.1526454841 0.0
57850.5453819 66.1369729734 0.0 66.1369729734 0.0
57850.5453935 66.1001178744 0.0 66.1001178744 0.0
57850.5454051 66.0456878794 0.0 66.0456878794 0.0
57850.5454167 66.0946634157 0.0 66.0946634157 0.0
57850.5454282 66.129749319 0.0 66.129749319 0.0
57850.5454398 66.1489966028 0.0 66.1489966028 0.0
57850.5454514 66.0788011208 0.0 66.0788011208 0.0
57850.545463 66.1036368525 0.0 66.1036368525 0.0
57850.5454745 66.0765789353 0.0 66.0765789353 0.0
57850.5454861 66.1011524128 0.0 66.1011524128 0.0
57850.5454977 66.0988429632 0.0 66.0988429632 0.0
57850.5455093 66.0606385706 0.0 66.0606385706 0.0
57850.5455208 66.0801299223 0.0 66.0801299223 0.0
57850.5455324 66.0733023582 0.0 66.0733023582 0.0
57850.545544 66.102077464 0.0 66.102077464 0.0
57850.5455556 66.1389583607 0.0 66.1389583607 0.0
57850.5455671 66.1042976167 0.0 66.1042976167 0.0
57850.5455787 66.1294157174 0.0 66.1294157174 0.0
57850.5455903 66.1922062802 0.0 66.1922062802 0.0
57850.5456134 66.154692836 0.0 66.154692836 0.0
57850.545625 66.1559670977 0.0 66.1559670977 0.0
57850.5456366 66.1289977724 0.0 66.1289977724 0.0
57850.5456481 66.1540997802 0.0 66.1540997802 0.0
57850.5456597 66.2042746549 0.0 66.2042746549 0.0
57850.5456713 66.2150454219 0.0 66.2150454219 0.0
57850.5456829 66.180085 0.0 66.180085 0.0
57850.5456944 66.1213466233 0.0 66.1213466233 0.0
57850.545706 66.1341693166 0.0 66.1341693166 0.0
57850.5457176 66.1353174607 0.0 66.1353174607 0.0
57850.5457292 66.1531806126 0.0 66.1531806126 0.0
57850.5457407 66.1102308169 0.0 66.1102308169 0.0
57850.5457523 66.0487422748 0.0 66.0487422748 0.0
57850.5457639 66.0641374891 0.0 66.0641374891 0.0
57850.5457755 66.1015173981 0.0 66.1015173981 0.0
57850.545787 66.1060093279 0.0 66.1060093279 0.0
57850.5457986 66.093026121 0.0 66.093026121 0.0
57850.5458102 66.1170982993 0.0 66.1170982993 0.0
57850.5458218 66.0935710444 0.0 66.0935710444 0.0
