57850.8333565 106.191980931 0.0 107.657477999 0.0
57850.8334722 117.232165027 0.0 98.4233063812 0.0
57850.8335995 102.158667924 0.0 135.723198257 0.0
57850.8337153 135.642492136 0.0 226.32774584 0.0
57850.833831 153.13045111 0.0 133.734207554 0.0
57850.8339583 104.164021495 0.0 110.388243183 0.0
57850.8340278 104.29057979 0.0 124.379690392 0.0
57850.8340741 104.496540397 0.0 145.665210823 0.0
57850.8341898 114.894941259 0.0 98.3264112332 0.0
57850.8343171 110.771447837 0.0 103.368036297 0.0
57850.8344329 148.930294769 0.0 101.131478561 0.0
57850.8345486 217.32734859 0.0 166.937352893 0.0
57850.8346644 285.986022034 0.0 143.526232696 0.0
57850.8347222 157.254832473 0.0 166.819196042 0.0
57850.8347917 120.612868265 0.0 206.72022573 0.0
57850.8349074 211.507002726 0.0 130.47655809 0.0
57850.8350231 183.257348117 0.0 299.777582948 0.0
57850.8351505 111.666560859 0.0 124.868057405 0.0
57850.8352662 122.915704827 0.0 129.463260055 0.0
57850.8353819 217.460703091 0.0 148.995285496 0.0
57850.8354167 154.868215529 0.0 178.820549043 0.0
57850.8355093 126.630169095 0.0 239.160421174 0.0
57850.835625 175.063708846 0.0 154.47744055 0.0
57850.8357407 108.2971436 0.0 108.367093469 0.0
57850.8358681 129.126353337 0.0 167.29852765 0.0
57850.8359838 104.018674501 0.0 100.99211494 0.0
57850.8360995 175.280941411 0.0 111.515857491 0.0
57850.8361111 151.012097578 0.0 135.68827212 0.0
57850.8362269 134.656271406 0.0 188.825461686 0.0
57850.8363426 112.536918631 0.0 259.424700087 0.0
57850.8364583 98.4480269787 0.0 150.251611832 0.0
57850.8365856 104.856385685 0.0 354.576406061 0.0
57850.8367014 108.996240701 0.0 230.338941966 0.0
57850.8368056 114.171856852 0.0 226.461948232 0.0
57850.8368171 120.249992262 0.0 222.886758523 0.0
57850.8369444 99.4833239593 0.0 126.641104196 0.0
57850.8370602 162.05773216 0.0 112.342427773 0.0
57850.8371759 140.143348882 0.0 137.950409956 0.0
57850.8373032 99.5978028372 0.0 100.957996434 0.0
57850.837419 131.273767254 0.0 118.211722608 0.0
57850.8375 122.522035643 0.0 109.319260311 0.0
57850.8396875 125.124847708 0.0 123.018015831 0.0
57850.8398032 104.876278705 0.0 99.27480141 0.0
57850.8399306 124.965033121 0.0 123.273879504 0.0
57850.8400463 102.98391657 0.0 108.412572929 0.0
57850.840162 144.913738997 0.0 94.3073352131 0.0
57850.8402778 114.987461782 0.0 95.086292377 0.0
57850.8402894 98.2492566231 0.0 95.9138896824 0.0
57850.8404051 192.545465015 0.0 96.8399092265 0.0
57850.8405208 93.3599837725 0.0 94.9381268195 0.0
57850.8406481 101.565583807 0.0 101.398333832 0.0
57850.8407639 93.4270056354 0.0 185.182233308 0.0
57850.8408796 96.0168395387 0.0 138.714545506 0.0
57850.8409722 111.930883844 0.0 165.202036855 0.0
57850.8410069 139.721580366 0.0 216.484019678 0.0
57850.8411227 127.376134735 0.0 99.1586367091 0.0
57850.8412384 150.893047686 0.0 121.522823823 0.0
57850.8413657 116.476144781 0.0 95.7191796768 0.0
57850.8414815 101.072044211 0.0 95.7390677414 0.0
57850.8415972 124.153210087 0.0 97.7719627705 0.0
57850.8416667 107.615549234 0.0 94.8823846085 0.0
57850.8417245 96.2485665244 0.0 92.1872293271 0.0
57850.8418403 99.8863477058 0.0 112.20909882 0.0
57850.841956 101.095536118 0.0 94.3356458397 0.0
57850.8420833 105.078323802 0.0 107.855200343 0.0
57850.8421991 106.758524737 0.0 93.3122465757 0.0
57850.8423148 147.790109723 0.0 119.676917967 0.0
57850.8423611 138.057093776 0.0 114.297901402 0.0
57850.8424421 130.058105468 0.0 109.618659757 0.0
57850.8425579 113.35070661 0.0 106.432743233 0.0
57850.8426736 98.7231776585 0.0 103.362089583 0.0
57850.8428009 110.328283269 0.0 96.5416908853 0.0
57850.8429167 109.301467122 0.0 103.424278924 0.0
57850.8430324 142.351240086 0.0 102.077994245 0.0
57850.8430556 149.568479584 0.0 108.56796604 0.0
57850.8431597 157.906434036 0.0 116.405388784 0.0
57850.8432755 100.096176311 0.0 96.3798783512 0.0
57850.8433912 98.9180894781 0.0 99.6701167803 0.0
57850.8435185 102.173617133 0.0 104.077711221 0.0
57850.8436343 206.802241975 0.0 94.265480108 0.0
57850.84375 118.034236466 0.0 92.7310048851 0.0
57850.8459028 102.362976754 0.0 224.445431312 0.0
57850.8460185 100.450816672 0.0 151.801265996 0.0
57850.8461458 116.224859565 0.0 147.82202729 0.0
57850.8462616 150.472136105 0.0 129.484414622 0.0
57850.8463773 186.726225914 0.0 98.8815334731 0.0
57850.8465046 134.706023258 0.0 138.857579181 0.0
57850.8465278 124.255199686 0.0 119.80064269 0.0
57850.8466204 115.850518022 0.0 106.849640697 0.0
57850.8467361 117.428458701 0.0 109.148244191 0.0
57850.8468634 94.5452996875 0.0 104.773681213 0.0
57850.8469792 103.695835143 0.0 112.180451171 0.0
57850.8470949 100.835880777 0.0 169.660805539 0.0
57850.8472222 107.548354781 0.0 146.18028823 0.0
57850.847338 99.3618258236 0.0 197.784648484 0.0
57850.8474537 94.5147524146 0.0 125.260190655 0.0
57850.847581 99.021348481 0.0 325.557884598 0.0
57850.8476968 95.4261008896 0.0 118.220044273 0.0
57850.8478125 115.974042255 0.0 102.066888392 0.0
57850.8479167 101.201770602 0.0 97.0855026716 0.0
57850.8479398 90.9121610127 0.0 92.7453093315 0.0
57850.8480556 105.764506088 0.0 93.6543079682 0.0
57850.8481713 94.9007158456 0.0 92.6119331728 0.0
57850.848287 100.184586559 0.0 90.174030979 0.0
57850.8484144 94.2448298104 0.0 122.718656952 0.0
57850.8485301 94.626633085 0.0 120.943729209 0.0
57850.8486111 93.5405451556 0.0 113.234263776 0.0
57850.8486458 92.4866397216 0.0 106.822612105 0.0
57850.8487731 114.294920587 0.0 131.279551991 0.0
57850.8488889 106.694455212 0.0 95.8202193851 0.0
57850.8490046 103.538430643 0.0 108.428699282 0.0
57850.8491319 101.853564169 0.0 103.073434744 0.0
57850.8492477 99.1672378157 0.0 105.458635962 0.0
57850.8493056 100.033312361 0.0 103.933328504 0.0
57850.8493634 100.918246274 0.0 102.464909203 0.0
57850.8494907 92.4669687186 0.0 95.7546635836 0.0
57850.8496065 104.800968521 0.0 95.8376544423 0.0
57850.8497222 101.185107689 0.0 92.6438622954 0.0
57850.8498495 96.4366503099 0.0 100.364653036 0.0
57850.8499653 96.0506225383 0.0 93.9304194604 0.0
57850.85 115.783701655 0.0 97.5659174507 0.0
57850.8521181 105.851155029 0.0 96.8204557054 0.0
57850.8522338 90.7723359675 0.0 90.4694744817 0.0
57850.8523611 108.331045121 0.0 92.5050872601 0.0
57850.8524769 90.4486802668 0.0 98.8573596502 0.0
57850.8525926 100.192673659 0.0 91.4079201875 0.0
57850.8527083 102.847574245 0.0 93.7146459898 0.0
57850.8527778 104.491058991 0.0 98.3692679143 0.0
57850.8528356 106.31321765 0.0 103.898884797 0.0
57850.8529514 91.7063722759 0.0 105.644647176 0.0
57850.8530671 118.573506497 0.0 90.7154662282 0.0
57850.8531944 95.7385645025 0.0 94.4300578047 0.0
57850.8533102 100.324086515 0.0 99.4932453386 0.0
57850.8534259 93.426404378 0.0 88.8504257277 0.0
57850.8534722 116.339997868 0.0 90.2830872257 0.0
57850.8535532 173.286089352 0.0 91.7083965185 0.0
57850.853669 108.735490112 0.0 95.1649662481 0.0
57850.8537847 140.464556537 0.0 90.3975794587 0.0
57850.853912 101.689013359 0.0 87.2337946498 0.0
57850.8540278 100.064632213 0.0 94.0201960964 0.0
57850.8541435 92.101893911 0.0 88.4869431498 0.0
57850.8541667 106.465041507 0.0 97.9940104547 0.0
57850.8542708 130.761346288 0.0 111.462904928 0.0
57850.8543866 113.030008352 0.0 89.1323421941 0.0
57850.8545023 96.5059786335 0.0 95.3611917029 0.0
57850.8546296 91.2832290402 0.0 92.4109080683 0.0
57850.8547454 93.319917665 0.0 94.9187714101 0.0
57850.8548611 106.371764096 0.0 109.165320446 0.0
57850.8549884 89.6711528363 0.0 91.8797256581 0.0
57850.8551042 101.22231539 0.0 94.1184333433 0.0
57850.8552199 107.706140986 0.0 109.41416103 0.0
57850.8553472 106.295891454 0.0 97.5480192982 0.0
57850.855463 111.390940915 0.0 91.8137428657 0.0
57850.8555556 103.797187722 0.0 92.2470175453 0.0
57850.8555787 97.741935166 0.0 92.8586199499 0.0
57850.855706 93.1807711709 0.0 95.3072917882 0.0
57850.8558218 91.3706015467 0.0 90.9524845895 0.0
57850.8559375 88.9024323289 0.0 93.496301745 0.0
57850.8560648 92.9108633638 0.0 109.841651581 0.0
57850.8561806 114.849140672 0.0 290.252329741 0.0
57850.85625 128.900244367 0.0 258.67971325 0.0
