57850.1721759 80.853021431 0.0 79.7046534565 0.0
57850.1871181 78.0157651569 0.0 76.8214361938 0.0
57850.1944329 76.6336993635 0.0 75.3671761392 0.0
57850.2100347 75.0905546366 0.0 73.7706648484 0.0
57850.2166435 74.344255878 0.0 73.0482704432 0.0
57850.2346991 72.1033060512 0.0 70.8643782661 0.0
57850.2374769 72.1033060512 0.0 70.8643782661 0.0
57850.2409491 71.9244285711 0.0 70.601200836 0.0
57850.2555093 70.6960506449 0.0 69.2383090024 0.0
57850.2631597 70.2209434392 0.0 68.7678875267 0.0
57850.2791204 69.3213633762 0.0 67.8790799409 0.0
57850.2853819 69.1322245481 0.0 67.7027604393 0.0
57850.3020486 68.101304616 0.0 66.5751945196 0.0
57850.3197454 67.5459013228 0.0 66.0310031103 0.0
57850.3320255 67.4399334773 0.0 65.8893460915 0.0
57850.3464931 67.231403602 0.0 66.0319916352 0.0
57850.3638426 67.344333716 0.0 65.8184514154 0.0
57850.3671528 76.685728175 0.0 73.0425771265 0.0
57850.3679977 76.5206212436 0.0 72.8738585431 0.0
57850.3687153 76.8622534844 0.0 73.1940967053 0.0
57850.3699306 76.685728175 0.0 73.0425771265 0.0
57850.3704861 77.1111333304 0.0 73.4695109604 0.0
57850.3714931 76.8622534844 0.0 73.1940967053 0.0
57850.3789005 77.8239211342 0.0 74.1871788461 0.0
57850.3793171 78.3917409383 0.0 74.7620534473 0.0
57850.3805208 78.2038639661 0.0 74.5563875179 0.0
57850.3809028 78.9105319087 0.0 75.3076033169 0.0
57850.3841898 79.4955128184 0.0 75.8934029041 0.0
57850.3852431 79.1902436489 0.0 75.5862287356 0.0
57850.3869676 79.4955128184 0.0 75.8934029041 0.0
57850.4055324 67.2849427739 0.0 65.8326696025 0.0
57850.4214931 67.3948688023 0.0 65.9606651377 0.0
57850.4270486 67.6309674356 0.0 66.2263164437 0.0
57850.4339931 67.6553193741 0.0 66.2800525684 0.0
57850.4457986 67.8661697968 0.0 66.4924388301 0.0
57850.4534144 67.953662196 0.0 66.5945839894 0.0
57850.4673495 68.2134234619 0.0 66.9223599726 0.0
57850.4763657 68.4573984116 0.0 67.1191741034 0.0
57850.4874653 68.7302332076 0.0 67.3974896701 0.0
57850.4957986 68.9290946595 0.0 67.6487714471 0.0
57850.5076042 69.2459946927 0.0 68.0273323729 0.0
57850.5187153 69.6047749908 0.0 68.4144412828 0.0
57850.5319329 70.1683589679 0.0 68.9947692243 0.0
57850.5409375 70.693097241 0.0 69.5296143415 0.0
57850.5534375 71.6081197054 0.0 70.4739565431 0.0
57850.5645718 72.4096668962 0.0 71.3172061032 0.0
57850.5777431 73.8047637035 0.0 72.7049061335 0.0
57850.5853819 74.6290436357 0.0 73.535846416 0.0
57850.5943981 75.8040601634 0.0 74.6815663495 0.0
57850.5999653 76.6465644495 0.0 75.5897324871 0.0
57850.6152662 80.6385196553 0.0 79.9038169743 0.0
57850.6228819 83.4367627114 0.0 82.423109621 0.0
57850.6421875 76.4488468429 0.0 73.2396692785 0.0
57850.6474653 76.8296214811 0.0 73.6173588279 0.0
