57850.4639931 99.1720598657 0.0 98.6856554824 0.0
57850.4641088 97.3247995631 0.0 98.1479405897 0.0
57850.4642361 98.176434703 0.0 100.257628987 0.0
57850.4643519 98.5579995079 0.0 98.1880027447 0.0
57850.4644676 98.7709876786 0.0 97.6297375342 0.0
57850.4645833 98.8265139525 0.0 98.0138075477 0.0
57850.4645949 98.8741918602 0.0 98.3958112625 0.0
57850.4647106 100.283051579 0.0 99.6172826271 0.0
57850.4648264 99.5520808421 0.0 97.5969379848 0.0
57850.4649537 97.6835309047 0.0 97.1298724389 0.0
57850.4650694 97.2232459394 0.0 97.3294355373 0.0
57850.4651852 96.3931633883 0.0 96.3108993105 0.0
57850.4652778 96.9212483514 0.0 96.5710453604 0.0
57850.4653125 97.5420030756 0.0 96.9154895308 0.0
57850.4654282 97.1315998993 0.0 96.7361631863 0.0
57850.465544 96.2074204311 0.0 96.3315165924 0.0
57850.4656713 100.360842962 0.0 102.642406582 0.0
57850.465787 98.4793463118 0.0 99.9588985133 0.0
57850.4659028 97.5785794219 0.0 101.581353707 0.0
57850.4659722 97.6696297935 0.0 99.6432890916 0.0
57850.4660301 97.6706604667 0.0 97.7196735054 0.0
57850.4661458 96.3625231664 0.0 95.8189013087 0.0
57850.4662616 96.2933454451 0.0 96.162972193 0.0
57850.4663889 95.8591017327 0.0 97.5869384498 0.0
57850.4665046 95.4946984864 0.0 95.6449237231 0.0
57850.4666204 96.5770110792 0.0 96.2824890517 0.0
57850.4666667 96.7142047323 0.0 97.1082658737 0.0
57850.4667477 96.9298017433 0.0 98.0382106936 0.0
57850.4668634 96.5422819753 0.0 95.6381858099 0.0
57850.4669792 97.4933660666 0.0 96.4659497854 0.0
57850.4671065 95.2634253163 0.0 95.849891904 0.0
57850.4672222 98.5077075462 0.0 96.5983677709 0.0
57850.467338 95.3329701782 0.0 95.8166793831 0.0
57850.4673611 97.948575227 0.0 98.5355726121 0.0
57850.4674537 100.871800321 0.0 101.580503247 0.0
57850.467581 97.2314182042 0.0 95.9291922357 0.0
57850.4676968 102.354413422 0.0 100.961205728 0.0
57850.4678125 99.8433229615 0.0 100.629028446 0.0
57850.4679398 96.3178985963 0.0 96.8591266428 0.0
57850.4680556 95.8236226825 0.0 97.7081151133 0.0
57850.4702083 94.6983466223 0.0 94.7885691421 0.0
57850.4703241 95.091951936 0.0 94.7252373816 0.0
57850.4704514 93.0427045931 0.0 93.4871202519 0.0
57850.4705671 93.9262221214 0.0 94.0587460101 0.0
57850.4706829 93.20554476 0.0 94.1603595203 0.0
57850.4708102 97.5558256641 0.0 99.9634467593 0.0
57850.4708333 95.5617662666 0.0 96.7524074946 0.0
57850.4709259 93.4846650473 0.0 93.6341964669 0.0
57850.4710417 98.4842589656 0.0 100.492353709 0.0
57850.471169 100.605750213 0.0 99.0056983057 0.0
57850.4712847 92.5486111133 0.0 93.6554342897 0.0
57850.4714005 94.0336041583 0.0 95.8969797022 0.0
57850.4715278 95.1866442837 0.0 93.0734813091 0.0
57850.4716435 92.5611897179 0.0 92.8270200696 0.0
57850.4717593 92.0774317735 0.0 93.5478698314 0.0
57850.471875 92.0611419493 0.0 93.1685875604 0.0
57850.4720023 96.4683560604 0.0 98.1259953071 0.0
57850.4721181 91.4669888211 0.0 92.6684447857 0.0
57850.4722222 91.6584287777 0.0 92.304367421 0.0
57850.4722338 92.0002616301 0.0 92.0917840581 0.0
57850.4723611 91.9452973077 0.0 92.4518563253 0.0
57850.4724769 91.6269733375 0.0 92.0506965101 0.0
57850.4725926 95.1355258828 0.0 93.3835070609 0.0
57850.4727199 93.4769639056 0.0 93.3352988478 0.0
57850.4728356 92.668805377 0.0 93.8588422899 0.0
57850.4729167 92.8199027472 0.0 93.4447365612 0.0
57850.4729514 92.8470475513 0.0 92.9126523838 0.0
57850.4730787 95.1967029419 0.0 99.8779177897 0.0
57850.4731944 92.1711788034 0.0 92.1762620472 0.0
57850.4733102 95.4503405337 0.0 98.1705441209 0.0
57850.4734375 93.1714086724 0.0 91.8183954064 0.0
57850.4735532 91.6312483272 0.0 92.4327278674 0.0
57850.4736111 91.6696531574 0.0 91.8988677787 0.0
57850.473669 91.7491436527 0.0 91.4133813345 0.0
57850.4737963 91.8442434179 0.0 91.9768487501 0.0
57850.473912 92.1078791201 0.0 92.0393798219 0.0
57850.4740278 91.5387866699 0.0 91.6566667079 0.0
57850.4741551 93.0412037594 0.0 92.8574443542 0.0
57850.4742708 93.6184369609 0.0 93.8247792643 0.0
57850.4743056 93.946079881 0.0 93.2345112606 0.0
57850.4743866 94.2491680759 0.0 92.6265976704 0.0
57850.4745139 95.2604543869 0.0 94.537619073 0.0
57850.4746296 97.8422679929 0.0 98.695571775 0.0
57850.4747454 91.9567572232 0.0 92.3140778755 0.0
57850.4748727 100.228367297 0.0 98.7868076466 0.0
57850.4749884 92.6275438679 0.0 92.6730902204 0.0
57850.475 96.1474318378 0.0 94.1745399617 0.0
57850.4751042 100.149903774 0.0 95.791531656 0.0
57850.4752315 94.8864316222 0.0 97.7859789745 0.0
57850.4753472 92.0429837739 0.0 94.2537266956 0.0
57850.475463 93.983837137 0.0 92.3668357475 0.0
57850.4755903 91.7562261375 0.0 91.2859873858 0.0
57850.4756944 91.4000413457 0.0 91.0932938037 0.0
57850.475706 91.0264153969 0.0 90.8804484309 0.0
57850.4758218 92.7800745527 0.0 93.091971367 0.0
57850.4759491 90.8614534497 0.0 91.0589825772 0.0
57850.4760648 91.713307475 0.0 91.69810341 0.0
57850.4761806 92.6220535078 0.0 91.8133873191 0.0
57850.4762963 91.9010050652 0.0 91.0088717544 0.0
57850.4763889 91.645021185 0.0 91.7544745939 0.0
57850.4764236 91.3851553372 0.0 92.5146237197 0.0
57850.4765394 90.5453244072 0.0 90.6057273631 0.0
57850.4766551 91.1812498763 0.0 90.202515996 0.0
57850.4767824 92.0797485118 0.0 92.4030418655 0.0
57850.4768981 90.8886127136 0.0 91.3840619255 0.0
57850.4770139 90.6240281051 0.0 91.3151848599 0.0
57850.4770833 91.5899961786 0.0 92.204091997 0.0
57850.4833565 91.7660381841 0.0 90.8770781716 0.0
57850.4834722 90.8092725221 0.0 91.3671743845 0.0
57850.483588 88.730840315 0.0 88.330612655 0.0
57850.4837153 87.8057789157 0.0 88.667243292 0.0
57850.483831 88.376331577 0.0 88.1380172797 0.0
57850.4839468 88.1334658799 0.0 87.8147764217 0.0
57850.4840278 88.2985982052 0.0 88.0214933014 0.0
57850.4840741 88.4063080838 0.0 88.1714729207 0.0
57850.4841898 88.7387852182 0.0 89.3474918674 0.0
57850.4843056 91.6632244687 0.0 90.9140399883 0.0
57850.4844329 88.0331751273 0.0 88.2238534468 0.0
57850.4845486 89.5648149387 0.0 88.9665232995 0.0
57850.4846644 90.1481280504 0.0 89.2339436201 0.0
57850.4847222 88.8979154424 0.0 88.6714020753 0.0
57850.4847917 87.7090889133 0.0 88.1318115609 0.0
57850.4849074 88.2329184432 0.0 87.3040381483 0.0
57850.4850231 91.3416028215 0.0 90.1598586623 0.0
57850.4851505 88.3816421719 0.0 87.2870927056 0.0
57850.4852662 87.8435515505 0.0 88.514431298 0.0
57850.4853819 94.2916576904 0.0 92.8363724464 0.0
57850.4854167 90.6354625409 0.0 90.0245277799 0.0
57850.4854977 87.4126553824 0.0 87.4934845803 0.0
57850.485625 90.9247846574 0.0 88.9998976404 0.0
57850.4857407 89.4390349624 0.0 92.1878555397 0.0
57850.4858565 88.588574077 0.0 88.2701215531 0.0
57850.4859838 90.9006661087 0.0 89.646891491 0.0
57850.4860995 94.5721137175 0.0 94.8343375313 0.0
57850.4861111 91.4163627421 0.0 91.6577839357 0.0
57850.4862153 88.5488849902 0.0 88.772501463 0.0
57850.4863426 87.9052176552 0.0 88.623035036 0.0
57850.4864583 94.8353677696 0.0 96.6804665742 0.0
57850.4865741 91.7086439819 0.0 92.4952369963 0.0
57850.4867014 90.8871701232 0.0 91.2323901583 0.0
57850.4868056 89.7440678207 0.0 89.7746657248 0.0
57850.4868171 88.6012938055 0.0 88.3429496734 0.0
57850.4869329 89.3164224709 0.0 89.4628369101 0.0
57850.4870602 88.3385261367 0.0 87.9347018304 0.0
57850.4871759 91.0601161047 0.0 90.0358948198 0.0
57850.4872917 87.6143691354 0.0 87.173251792 0.0
57850.487419 88.1335625287 0.0 88.2966140178 0.0
57850.4875 87.7557657821 0.0 87.7542259552 0.0
57850.4875347 87.3961755399 0.0 87.2347306066 0.0
57850.4876505 87.9201792594 0.0 87.7629292526 0.0
57850.4877778 88.8248568251 0.0 87.6923308448 0.0
57850.4878935 89.2871280757 0.0 88.9788689128 0.0
57850.4880093 88.661102593 0.0 88.373034575 0.0
57850.4881366 95.9967002558 0.0 93.4576950015 0.0
57850.4881944 91.6176052732 0.0 90.1148383675 0.0
57850.4904051 86.283875168 0.0 86.3220872141 0.0
57850.4905208 86.5309365892 0.0 87.7794059959 0.0
57850.4906366 90.3885911551 0.0 87.506582821 0.0
57850.4907639 87.6655879351 0.0 87.2679349532 0.0
57850.4908796 86.6047721202 0.0 85.5525419961 0.0
57850.4909722 87.7229758558 0.0 86.0106355517 0.0
57850.4909954 88.8995491215 0.0 86.4881957379 0.0
57850.4911227 85.5830723391 0.0 86.2666116177 0.0
57850.4912384 85.5730983487 0.0 86.4704598808 0.0
57850.4913542 85.1151486282 0.0 85.4237603129 0.0
57850.4914815 85.2508350458 0.0 85.6037970069 0.0
57850.4915972 85.7956671983 0.0 85.6898553622 0.0
57850.4916667 87.7750134549 0.0 86.8528198161 0.0
57850.491713 89.9114923077 0.0 88.0761072823 0.0
57850.4918403 87.0912937842 0.0 86.9814511548 0.0
57850.491956 102.476233337 0.0 100.448344944 0.0
57850.4920718 87.1128765281 0.0 86.583323094 0.0
57850.4921991 95.3442520449 0.0 95.4438352226 0.0
57850.4923148 87.0201742069 0.0 85.6181570171 0.0
57850.4923611 86.6819158821 0.0 86.0175165766 0.0
57850.4924306 86.3380879045 0.0 86.4139911415 0.0
57850.4925579 85.2309924323 0.0 85.4185547408 0.0
57850.4926736 85.1916306746 0.0 84.7427536784 0.0
57850.4927894 86.7142064658 0.0 85.517807438 0.0
57850.4929167 87.4013292977 0.0 88.2726658768 0.0
57850.4930324 90.954771645 0.0 89.4740378378 0.0
57850.4930556 88.2221283409 0.0 87.1108116252 0.0
57850.4931481 85.720274078 0.0 84.924368829 0.0
57850.4932755 89.6305299717 0.0 92.0324947451 0.0
57850.4933912 85.0884606806 0.0 85.2975624916 0.0
57850.4935069 85.821926266 0.0 85.9316503216 0.0
57850.4936343 86.1800826874 0.0 86.0320320753 0.0
57850.49375 86.7772000413 0.0 87.9712145932 0.0
57850.4938657 84.95581295 0.0 86.0942260085 0.0
57850.4939931 85.6440563904 0.0 84.6404145311 0.0
57850.4941088 84.7133932858 0.0 84.8321430002 0.0
57850.4942245 85.0691191973 0.0 84.7241525245 0.0
57850.4943403 86.6852338925 0.0 86.7647264273 0.0
57850.4944444 87.8321741049 0.0 86.6337901226 0.0
57850.4944676 89.0427957782 0.0 86.5181135254 0.0
57850.4945833 87.1348477419 0.0 87.0592843067 0.0
57850.4946991 85.4037378339 0.0 85.2404867243 0.0
57850.4948264 86.9205620495 0.0 87.6358361574 0.0
57850.4949421 86.244335785 0.0 86.4126634065 0.0
57850.4950579 84.6888535464 0.0 84.2854720756 0.0
57850.4951389 85.3123855076 0.0 85.137520718 0.0
57850.4951852 85.9218864493 0.0 85.9880787726 0.0
57850.4953009 84.8084777838 0.0 85.7047415841 0.0
57850.4954167 84.9503418239 0.0 84.5501821228 0.0
57850.495544 86.8751488286 0.0 85.9667996264 0.0
57850.4956597 87.6486928368 0.0 88.3490974657 0.0
57850.4957755 87.6783544154 0.0 87.3456256317 0.0
57850.4958333 86.4111322689 0.0 85.8687673895 0.0
57850.4959028 85.2290390125 0.0 84.4954374271 0.0
57850.4960185 84.9762877278 0.0 84.6985020765 0.0
57850.4961343 85.9838883338 0.0 86.3488231883 0.0
57850.4962616 85.2381421137 0.0 84.6587813815 0.0
57850.4963773 86.5757491622 0.0 87.3663032067 0.0
57850.4964931 85.9982095453 0.0 86.3354850626 0.0
57850.4965278 86.2187304186 0.0 85.7437690039 0.0
57850.5028356 83.1792191836 0.0 83.3469179634 0.0
57850.5029514 86.5759887555 0.0 86.3838160826 0.0
57850.5030671 82.8034414744 0.0 83.2003141641 0.0
57850.5031829 84.2509901069 0.0 85.1657275669 0.0
57850.5033102 87.4755967685 0.0 85.6244609034 0.0
57850.5034259 83.4893935659 0.0 83.2426506245 0.0
57850.5034722 83.9616952008 0.0 83.4169374648 0.0
57850.5035417 84.4597806414 0.0 83.6093223211 0.0
57850.503669 85.0306843204 0.0 85.1633390961 0.0
57850.5037847 83.4760797235 0.0 83.4608740788 0.0
57850.5039005 84.1723638019 0.0 84.1164269807 0.0
57850.5040278 84.1764487906 0.0 84.5747835469 0.0
57850.5041435 98.0894358481 0.0 100.856569498 0.0
57850.5041667 94.8128627983 0.0 95.7016045634 0.0
57850.5042593 91.8027908399 0.0 91.2218159653 0.0
57850.5043866 88.1591189611 0.0 86.9019109686 0.0
57850.5045023 110.061070038 0.0 106.777256113 0.0
57850.5046181 87.0290402509 0.0 89.7043031967 0.0
57850.5047454 95.2195574974 0.0 94.9014533082 0.0
57850.5048611 84.7377674948 0.0 85.0102975821 0.0
57850.5049769 83.8766809548 0.0 83.4535057682 0.0
57850.5051042 84.3028780292 0.0 84.1353925587 0.0
57850.5052199 83.3535477469 0.0 83.6050205131 0.0
57850.5053356 82.3443531822 0.0 82.9589628732 0.0
57850.505463 84.5727975061 0.0 84.4834064003 0.0
57850.5055556 84.2451164875 0.0 84.0248388811 0.0
57850.5055787 83.921431637 0.0 83.5735822614 0.0
57850.5056944 82.0055201557 0.0 81.7306965344 0.0
57850.5058218 81.8217935455 0.0 82.6604622719 0.0
57850.5059375 81.8226586161 0.0 82.8265788017 0.0
57850.5060532 81.7123107861 0.0 81.5658071008 0.0
57850.5061806 83.6409714673 0.0 83.4764092723 0.0
57850.50625 84.3674202877 0.0 84.4214859618 0.0
57850.5062963 85.1706280357 0.0 85.4576509214 0.0
57850.506412 84.4673020997 0.0 84.4412312321 0.0
57850.5065394 85.7450274943 0.0 85.3472789666 0.0
57850.5066551 131.790995019 0.0 130.299797678 0.0
57850.5067708 96.3172452887 0.0 92.3906691068 0.0
57850.5068981 106.022955486 0.0 100.944214218 0.0
57850.5069444 95.2300077497 0.0 92.5307361421 0.0
57850.5070139 87.1591569372 0.0 85.902314445 0.0
57850.5071296 83.3889822339 0.0 82.5397623997 0.0
57850.5072569 83.124746935 0.0 81.7634245247 0.0
57850.5073727 82.1943420985 0.0 81.9578782119 0.0
57850.5074884 82.9395585472 0.0 83.9400246188 0.0
57850.5076157 83.1113224296 0.0 81.9976559055 0.0
57850.5076389 84.9086011603 0.0 83.5232693086 0.0
57850.5077315 86.8248747652 0.0 85.1342844687 0.0
57850.5078472 82.2683764821 0.0 82.4749832798 0.0
57850.507963 84.3586338083 0.0 82.6891882896 0.0
57850.5080903 84.9344976909 0.0 84.2704904163 0.0
57850.508206 88.2566978591 0.0 86.5901847555 0.0
57850.5083218 86.0254137276 0.0 85.2035354431 0.0
57850.5083333 95.0887889028 0.0 92.8310786052 0.0
57850.5139468 86.8505638612 0.0 85.2283469862 0.0
57850.5140625 85.4370772908 0.0 89.5137469443 0.0
57850.5141782 84.4351690648 0.0 83.7939815679 0.0
57850.5143056 85.2785629159 0.0 87.4285559757 0.0
57850.5144213 82.2104805484 0.0 81.9486645651 0.0
57850.514537 81.4871731195 0.0 81.2463591553 0.0
57850.5145833 81.3298645333 0.0 81.2563050107 0.0
57850.5146644 81.1975211383 0.0 81.2906530174 0.0
57850.5147801 81.5788354477 0.0 81.6917873534 0.0
57850.5148958 80.8385311222 0.0 80.7463526978 0.0
57850.5150231 83.8361767497 0.0 84.3881325898 0.0
57850.5151389 80.362165165 0.0 80.3331759487 0.0
57850.5152546 83.7658182136 0.0 83.2194285969 0.0
57850.5152778 83.1812086291 0.0 83.2927908465 0.0
57850.5153819 82.6179043186 0.0 83.3761285081 0.0
57850.5154977 80.8739912766 0.0 80.5790147247 0.0
57850.5156134 82.5988768991 0.0 83.8415536831 0.0
57850.5157407 80.9398480849 0.0 81.4384418564 0.0
57850.5158565 80.4235661482 0.0 81.2971938323 0.0
57850.5159722 84.4832424094 0.0 83.1851381257 0.0
57850.5160995 84.4033920231 0.0 82.1299531292 0.0
57850.5162153 84.0610349508 0.0 84.2083361194 0.0
57850.516331 92.4664983981 0.0 88.2006639941 0.0
57850.5164583 82.4987447905 0.0 81.6167462044 0.0
57850.5165741 80.0977196617 0.0 80.3385319632 0.0
57850.5166667 80.156987512 0.0 80.4070704229 0.0
57850.5166898 80.2099869343 0.0 80.4693744228 0.0
57850.5168056 80.5367102631 0.0 81.1667330068 0.0
57850.5169329 82.0371043248 0.0 82.3549401615 0.0
57850.5170486 90.5144815817 0.0 91.8291252218 0.0
57850.5171644 83.3766487633 0.0 81.4916186611 0.0
57850.5172917 82.9995208781 0.0 82.8059817103 0.0
57850.5173611 83.380090897 0.0 83.1947378564 0.0
57850.5174074 83.8142803763 0.0 83.6372693241 0.0
57850.5175231 81.7080963491 0.0 80.9455877056 0.0
57850.5176505 82.2791973284 0.0 84.2075767672 0.0
57850.5177662 80.8117114037 0.0 80.129528365 0.0
57850.5178819 80.4735757501 0.0 80.5774702941 0.0
57850.5180093 80.9899034139 0.0 81.2517413475 0.0
57850.5180556 81.2841981322 0.0 82.205533214 0.0
57850.518125 81.528827828 0.0 83.1392637867 0.0
57850.5182407 82.6581730321 0.0 84.1720082272 0.0
57850.5183681 82.3541154284 0.0 83.6203545018 0.0
57850.5184838 80.5784304451 0.0 81.6259744567 0.0
57850.5185995 80.8997175829 0.0 81.3197883175 0.0
57850.5187269 80.2129561792 0.0 80.8010939901 0.0
57850.51875 80.1232954202 0.0 80.4834689921 0.0
57850.5188426 80.071919947 0.0 80.2071930752 0.0
57850.5189583 81.7782339134 0.0 81.5094052303 0.0
57850.5190856 81.1761181075 0.0 82.2946687277 0.0
57850.5192014 81.8201977815 0.0 80.7313030738 0.0
57850.5193171 85.2066647804 0.0 84.7107253127 0.0
57850.5194444 79.5291360257 0.0 80.0351083838 0.0
57850.5257755 79.2952165014 0.0 79.5354910402 0.0
57850.5258912 78.8370182275 0.0 78.9099230452 0.0
57850.5260069 79.2646991668 0.0 79.2472131876 0.0
57850.5261343 80.710284419 0.0 80.2151012279 0.0
57850.52625 81.0719200402 0.0 81.9154509662 0.0
57850.5263657 84.5590541279 0.0 83.4104083373 0.0
57850.5263889 82.3812047739 0.0 82.3815888533 0.0
57850.5264931 80.3954108703 0.0 81.4230663878 0.0
57850.5266088 79.3958885271 0.0 78.7062236357 0.0
57850.5267245 79.7397347186 0.0 80.2806772642 0.0
57850.5268519 80.4561064743 0.0 80.5739241256 0.0
57850.5269676 81.1904186958 0.0 81.4398714267 0.0
57850.5270833 83.4725738911 0.0 84.4423053392 0.0
57850.5272106 85.7495869378 0.0 85.1467628099 0.0
57850.5273264 78.9816630681 0.0 78.5626567206 0.0
57850.5274421 83.8160247924 0.0 84.1409332192 0.0
57850.5275694 79.7137329511 0.0 79.6254097697 0.0
57850.5276852 82.1991969365 0.0 83.3047267266 0.0
57850.5277778 86.2274581383 0.0 86.8625713009 0.0
57850.5278009 90.9771490101 0.0 90.9822606391 0.0
57850.5279282 80.6776790507 0.0 81.6378093716 0.0
57850.528044 85.1317656342 0.0 84.340444189 0.0
57850.5281597 78.8185933077 0.0 79.3249133438 0.0
57850.528287 78.6797791176 0.0 78.4275719884 0.0
57850.5284028 80.1990096261 0.0 80.713022611 0.0
57850.5284722 82.1689821952 0.0 81.8248828658 0.0
57850.5285185 84.2945113338 0.0 82.9873936933 0.0
57850.5286458 80.974204164 0.0 81.872324854 0.0
57850.5287616 78.5009715545 0.0 78.5894629578 0.0
57850.5288773 80.3752879186 0.0 79.9779804446 0.0
57850.5290046 78.4355197599 0.0 78.446103517 0.0
57850.5291204 81.1080768913 0.0 80.3905119028 0.0
57850.5291667 80.0728059893 0.0 79.7010912598 0.0
57850.5292361 79.0282670568 0.0 78.9809737152 0.0
57850.5293634 78.7830478529 0.0 78.5310008595 0.0
57850.5294792 79.1487802938 0.0 79.8567585994 0.0
57850.5295949 79.2346965918 0.0 78.9035344392 0.0
57850.5297222 78.5239517409 0.0 78.9118452515 0.0
57850.529838 78.8586214754 0.0 78.3799651761 0.0
57850.5298611 78.5958372053 0.0 78.351119239 0.0
57850.5299537 78.3771903426 0.0 78.3642254922 0.0
57850.5300694 78.1509699748 0.0 78.2017752484 0.0
57850.5301968 80.059512995 0.0 79.005074413 0.0
57850.5303125 78.5179414529 0.0 78.8023960232 0.0
57850.5304282 81.5719585458 0.0 81.9784337921 0.0
57850.5305556 80.2257577403 0.0 79.108544804 0.0
57850.5306713 80.1854292001 0.0 79.844979216 0.0
57850.530787 78.4665430932 0.0 78.4095473906 0.0
57850.5309144 79.5629753152 0.0 78.7862703204 0.0
57850.5310301 82.3887748726 0.0 81.1403658606 0.0
57850.5311458 80.3584782521 0.0 78.8500710716 0.0
57850.53125 82.7081022996 0.0 81.0694338762 0.0
57850.5312731 85.3205160791 0.0 83.5302177119 0.0
57850.5313889 79.2892264687 0.0 80.4517261468 0.0
57850.5315046 81.4469060247 0.0 79.9624194982 0.0
57850.5316319 80.5690224962 0.0 80.9889658225 0.0
57850.5317477 78.2981614791 0.0 79.1343940521 0.0
57850.5318634 79.6426768259 0.0 78.8388940181 0.0
57850.5319444 80.0989196244 0.0 79.8271184122 0.0
57850.5319907 80.5000995217 0.0 80.7898030942 0.0
57850.5321065 79.2470539011 0.0 78.7478241604 0.0
57850.5322222 79.1806983614 0.0 78.7801938497 0.0
57850.5323495 82.8664960464 0.0 81.6800468658 0.0
57850.5324653 78.1486448891 0.0 78.0464367989 0.0
57850.532581 81.7630786358 0.0 81.5265602488 0.0
57850.5326389 80.3819737006 0.0 80.5177131444 0.0
57850.5347338 83.5130436339 0.0 84.4857116144 0.0
57850.5348495 79.0095177115 0.0 78.8248806469 0.0
57850.5349769 81.1918982843 0.0 82.2307162926 0.0
57850.5350926 77.8818996558 0.0 78.0325205027 0.0
57850.5352083 80.5979697697 0.0 81.3305054761 0.0
57850.5353356 77.8693009536 0.0 77.9915708907 0.0
57850.5354167 79.5819019878 0.0 80.2352463447 0.0
57850.5354514 81.4359578135 0.0 82.7087878705 0.0
57850.5355671 78.5208197805 0.0 78.523390356 0.0
57850.5356944 79.3703985753 0.0 79.2485886057 0.0
57850.5358102 78.1150044934 0.0 78.7457934051 0.0
57850.5359259 77.7139361633 0.0 78.1743181358 0.0
57850.5360532 77.879307104 0.0 78.0697929356 0.0
57850.5361111 78.7059445849 0.0 78.6122434866 0.0
57850.536169 79.5554049704 0.0 79.162051963 0.0
57850.5362847 79.2688260794 0.0 79.3086466534 0.0
57850.536412 91.2107405956 0.0 91.5754876809 0.0
57850.5365278 79.4498867148 0.0 79.6787331036 0.0
57850.5366435 79.2852176638 0.0 79.7147664677 0.0
57850.5367708 90.2148780911 0.0 89.3956204968 0.0
57850.5368056 84.2576067664 0.0 83.8024119044 0.0
57850.5368866 79.3758125628 0.0 79.1751900029 0.0
57850.5370023 83.1129487505 0.0 82.5884798322 0.0
57850.5371296 86.8919387918 0.0 88.0437499429 0.0
57850.5372454 78.9042761515 0.0 79.4580671801 0.0
57850.5373611 77.8649988891 0.0 77.8401133542 0.0
57850.5374884 81.2045559436 0.0 80.443386341 0.0
57850.5375 79.8088059866 0.0 79.4316864041 0.0
57850.5376042 78.4377170881 0.0 78.4118845839 0.0
57850.5377199 78.8919906771 0.0 79.0590479325 0.0
57850.5378472 78.2560540725 0.0 77.9833497485 0.0
57850.537963 78.1231655657 0.0 77.8674538174 0.0
57850.5380787 78.2241375344 0.0 78.0519518398 0.0
57850.5381944 78.007059501 0.0 77.8418108667 0.0
57850.538206 77.8128584104 0.0 77.6544020323 0.0
57850.5383218 78.8693491225 0.0 78.6195562376 0.0
57850.5384375 78.3108465348 0.0 77.9950640874 0.0
57850.5385648 78.0790443205 0.0 78.9791003494 0.0
57850.5386806 77.9799201269 0.0 78.4240226908 0.0
57850.5387963 77.5529067927 0.0 77.5017429546 0.0
57850.5388889 77.624024142 0.0 77.5851385898 0.0
57850.5389236 77.695383814 0.0 77.6688507382 0.0
57850.5390394 77.4668645616 0.0 77.5136980669 0.0
57850.5391551 77.9918016974 0.0 77.8891652799 0.0
57850.5392708 77.3548780298 0.0 77.4473539574 0.0
57850.5393981 77.8231694613 0.0 77.8755768133 0.0
57850.5395139 81.2164093518 0.0 81.5738601391 0.0
57850.5395833 79.7284363888 0.0 80.1543655268 0.0
57850.5396296 78.3007309289 0.0 78.7877421431 0.0
57850.5397569 81.2881939767 0.0 80.6024014469 0.0
57850.5398727 79.923820692 0.0 79.4888048784 0.0
57850.5399884 78.1683111817 0.0 78.823233618 0.0
57850.5401157 78.1843302011 0.0 77.8004484177 0.0
57850.5402315 78.0198023838 0.0 77.8816556835 0.0
57850.5402778 78.1231483749 0.0 78.2084414498 0.0
57850.5403472 78.2296617147 0.0 78.5423699986 0.0
57850.5404745 78.1691225357 0.0 78.7900019355 0.0
57850.5405903 78.4546152116 0.0 78.6779046938 0.0
57850.540706 78.1277304291 0.0 78.7060759281 0.0
57850.5408333 83.157820432 0.0 83.5639543942 0.0
57850.5409491 78.4923166813 0.0 77.9467706194 0.0
57850.5409722 78.2649886475 0.0 78.1982856334 0.0
57850.5410648 78.0424078691 0.0 78.4554672091 0.0
57850.5411921 81.3635457745 0.0 80.9263827129 0.0
57850.5413079 77.9965356795 0.0 77.6713315323 0.0
57850.5414236 82.3663637597 0.0 81.6710365674 0.0
57850.5415509 82.8793875641 0.0 81.7291842795 0.0
57850.5416667 81.1810202695 0.0 82.384550724 0.0
57850.5479977 78.6273054797 0.0 78.6263053755 0.0
57850.5481134 76.4755755258 0.0 76.7702558417 0.0
57850.5482407 79.9332907117 0.0 80.4302578449 0.0
57850.5483565 80.8330694085 0.0 80.7839662866 0.0
57850.5484722 79.1363363317 0.0 80.5455147479 0.0
57850.5485995 83.9170020794 0.0 83.7763196017 0.0
57850.5486111 84.3110158224 0.0 85.228957315 0.0
57850.5487153 84.7342861892 0.0 86.7845561837 0.0
57850.548831 83.4535702352 0.0 85.7249350189 0.0
57850.5489583 76.9752893986 0.0 77.4202773309 0.0
57850.5490741 80.0210724559 0.0 81.1643516514 0.0
57850.5491898 77.4640696323 0.0 77.3759474191 0.0
57850.5493056 76.9794798112 0.0 76.9578150547 0.0
57850.5493171 76.4954850563 0.0 76.5379523374 0.0
57850.5494329 76.7285816629 0.0 76.6705049155 0.0
57850.5495486 76.6975481746 0.0 76.7871612185 0.0
57850.5496759 76.6031963563 0.0 77.0362787523 0.0
57850.5497917 78.2919187464 0.0 77.5213513427 0.0
57850.5499074 77.213478111 0.0 77.7081039017 0.0
57850.55 77.7472833545 0.0 78.2046414671 0.0
57850.5500347 78.2656120784 0.0 78.6839853719 0.0
57850.5501505 77.0880900334 0.0 76.885450171 0.0
57850.5502662 79.3225548567 0.0 79.1752507922 0.0
57850.5503935 80.162940964 0.0 82.503886363 0.0
57850.5505093 77.6254713416 0.0 77.4966664122 0.0
57850.550625 77.0956240522 0.0 76.9627016613 0.0
57850.5506944 78.5138560064 0.0 78.1622299644 0.0
57850.5507523 80.0334915145 0.0 79.4393631583 0.0
57850.5508681 76.4641298584 0.0 76.3394804803 0.0
57850.5509838 78.4682017317 0.0 77.3168838353 0.0
57850.5511111 78.6623219718 0.0 78.0519820696 0.0
57850.5512269 78.1390928473 0.0 77.4739110604 0.0
57850.5513426 77.9914517559 0.0 77.076872757 0.0
57850.5513889 78.0681646319 0.0 77.07191035 0.0
57850.5514699 78.146161019 0.0 77.0679701887 0.0
57850.5515856 81.9786274281 0.0 83.1296422463 0.0
57850.5517014 79.4928941227 0.0 78.953286784 0.0
57850.5518287 80.2703110745 0.0 80.5671487642 0.0
57850.5519444 80.0744708506 0.0 81.0313595591 0.0
57850.5520602 77.6740828205 0.0 77.8409020503 0.0
57850.5520833 78.4154093658 0.0 78.2383271166 0.0
57850.5521875 79.1660677184 0.0 78.6296007048 0.0
57850.5523032 77.8846357056 0.0 78.2037497375 0.0
57850.552419 77.6764874592 0.0 77.0328966871 0.0
57850.5525347 76.3767290541 0.0 76.4641406674 0.0
57850.552662 77.4840045945 0.0 76.8411661026 0.0
57850.5527778 76.9866007627 0.0 77.3075104696 0.0
57850.5528935 77.5815737208 0.0 77.8037084849 0.0
57850.5530208 76.9335411183 0.0 77.0139005375 0.0
57850.5531366 76.7300507037 0.0 76.4451586433 0.0
57850.5532523 77.5740368551 0.0 77.5581927845 0.0
57850.5533796 77.3132806509 0.0 77.4517988945 0.0
57850.5534722 77.3687077377 0.0 77.7211784458 0.0
57850.5534954 77.4193610862 0.0 77.9885758108 0.0
57850.5536111 77.4652278316 0.0 77.3137528581 0.0
57850.5537384 77.2165071342 0.0 77.4022044906 0.0
57850.5538542 78.5616922934 0.0 79.9144238483 0.0
57850.5539699 77.7178428548 0.0 77.1436594413 0.0
57850.5540972 76.2759328491 0.0 75.9698362312 0.0
57850.5541667 77.6552079387 0.0 76.7491779891 0.0
57850.5598264 75.8385730944 0.0 75.8698302226 0.0
57850.5599537 75.8189394808 0.0 76.0431195704 0.0
57850.5600694 76.8669335931 0.0 76.5010158037 0.0
57850.5601852 75.8819178329 0.0 75.9562929124 0.0
57850.5603125 75.8374548821 0.0 75.9955499158 0.0
57850.5604167 75.7432543531 0.0 75.8569950829 0.0
57850.5604282 75.6244142986 0.0 75.6942013565 0.0
57850.560544 76.6750648907 0.0 77.4938304706 0.0
57850.5606713 76.3544093684 0.0 76.9822636586 0.0
57850.560787 76.4479003897 0.0 76.3446223384 0.0
57850.5609028 75.7994606247 0.0 76.8669950759 0.0
57850.5610301 75.9971931521 0.0 75.828677715 0.0
57850.5611111 75.8418559504 0.0 75.6634787794 0.0
57850.5611458 75.6999715918 0.0 75.5118188895 0.0
57850.5612616 76.482605833 0.0 76.5399972171 0.0
57850.5613773 75.8572593296 0.0 75.903500387 0.0
57850.5615046 77.0082210806 0.0 77.1285808893 0.0
57850.5616204 75.5706883256 0.0 75.720674614 0.0
57850.5617361 75.7887064608 0.0 75.9824830208 0.0
57850.5618056 76.7444047732 0.0 76.9448229318 0.0
57850.5618634 77.7258473289 0.0 77.9333036192 0.0
57850.5619792 75.5994538406 0.0 75.6830967456 0.0
57850.5620949 75.7249417101 0.0 75.8852383076 0.0
57850.5622222 75.8954788443 0.0 75.6964666943 0.0
57850.562338 78.7616596829 0.0 79.9242380258 0.0
57850.5624537 76.6206998271 0.0 75.9053848617 0.0
57850.5625 76.552027981 0.0 76.3591531187 0.0
57850.562581 76.506468171 0.0 76.8446433527 0.0
57850.5626968 75.8144855948 0.0 75.8513420382 0.0
57850.5628125 76.0598123782 0.0 76.0508797254 0.0
57850.5629398 75.8388613311 0.0 75.5778851583 0.0
57850.5630556 75.5750489712 0.0 75.7175275481 0.0
57850.5631713 75.8608426463 0.0 76.2342087255 0.0
57850.5631944 76.0383642907 0.0 76.5729763363 0.0
57850.5632986 76.2108103027 0.0 76.9098600961 0.0
57850.5634144 76.1900927286 0.0 76.3140680674 0.0
57850.5635301 75.9930907254 0.0 76.1976547999 0.0
57850.5636574 75.519581315 0.0 75.3394873157 0.0
57850.5637731 75.7490861331 0.0 75.6203228107 0.0
57850.5638889 75.5045906816 0.0 75.7744802556 0.0
57850.5640162 75.6162542645 0.0 75.9040439832 0.0
57850.5641319 75.5354424426 0.0 75.377453897 0.0
57850.5642477 75.8010828485 0.0 75.6841240618 0.0
57850.564375 75.7897327215 0.0 76.3427908057 0.0
57850.5644907 76.5005228217 0.0 76.2329375992 0.0
57850.5645833 76.1145960772 0.0 75.9532502662 0.0
57850.5646065 75.6729708549 0.0 75.6150949414 0.0
57850.5647338 78.7143627999 0.0 78.4433844374 0.0
57850.5648495 76.3199424069 0.0 75.9962043394 0.0
57850.5649653 75.7268429026 0.0 75.3647568894 0.0
57850.5650926 76.9571094247 0.0 76.238297115 0.0
57850.5652083 76.1369464452 0.0 75.8130617044 0.0
57850.5652778 75.8030382636 0.0 75.6102965806 0.0
57850.5715394 75.6825659515 0.0 75.4834263332 0.0
57850.5716551 75.5315130657 0.0 76.4908812016 0.0
57850.5717824 75.1810987682 0.0 75.2221486 0.0
57850.5718981 75.4858426395 0.0 75.8333948139 0.0
57850.5720139 75.9596210759 0.0 75.9835302023 0.0
57850.5721412 75.8597978642 0.0 75.6720979159 0.0
57850.5722222 75.862297019 0.0 76.2117161859 0.0
57850.5722569 75.8010517869 0.0 76.6973054351 0.0
57850.5723727 75.4066237542 0.0 75.7122434221 0.0
57850.5725 75.3378830934 0.0 75.2596396085 0.0
57850.5726157 75.4783159987 0.0 75.764239005 0.0
57850.5727315 76.1561029662 0.0 75.2636630719 0.0
57850.5728588 75.1876894777 0.0 75.3335512902 0.0
57850.5729167 75.4163282917 0.0 75.1814179768 0.0
57850.5729745 75.6662419577 0.0 75.0487885112 0.0
57850.5730903 76.3746607194 0.0 75.9679164714 0.0
57850.5732176 76.6642097331 0.0 77.2686407154 0.0
57850.5733333 75.6898999801 0.0 75.8632078876 0.0
57850.5734491 75.7577728817 0.0 75.7048295817 0.0
57850.5735764 75.5095363911 0.0 75.9912924485 0.0
57850.5736111 75.4834898571 0.0 75.8779947679 0.0
57850.5736921 75.4413215353 0.0 75.7489752076 0.0
57850.5738079 75.334529374 0.0 75.1052136206 0.0
57850.5739352 75.7852257765 0.0 75.8118191247 0.0
57850.5740509 79.7192562371 0.0 78.2296341868 0.0
57850.5741667 76.2321425188 0.0 77.1717489046 0.0
57850.574294 80.2630408033 0.0 78.8331589434 0.0
57850.5743056 77.5060115475 0.0 76.9402273391 0.0
57850.5744097 75.0228445475 0.0 75.1860888263 0.0
57850.5745255 74.8944957524 0.0 75.0529058731 0.0
57850.5746528 74.8378429005 0.0 75.0589616235 0.0
57850.5747685 74.9547028278 0.0 74.8942376755 0.0
57850.5748843 75.3413710255 0.0 75.5106733714 0.0
57850.575 75.2664990882 0.0 75.6573975299 0.0
57850.5751273 75.1409498077 0.0 74.9843153533 0.0
57850.5752431 75.9284287932 0.0 76.0917649749 0.0
57850.5753588 79.4118026807 0.0 79.874199996 0.0
57850.5754861 75.7541756869 0.0 76.0671004837 0.0
57850.5756019 77.4686482779 0.0 76.9616282052 0.0
57850.5756944 76.6476083645 0.0 76.4263889897 0.0
57850.5757176 75.8486810301 0.0 75.8986642175 0.0
57850.5758449 76.4955662571 0.0 75.5495674045 0.0
57850.5759606 75.6333057984 0.0 75.7264789819 0.0
57850.5760764 75.0902240175 0.0 75.1600795569 0.0
57850.5762037 75.8885440828 0.0 75.8234039199 0.0
57850.5763194 75.0832989419 0.0 75.1999958378 0.0
57850.5763889 76.376830289 0.0 76.7809014534 0.0
57850.5764352 77.7232974661 0.0 78.4494462696 0.0
57850.5765625 75.0209352581 0.0 74.6742233974 0.0
57850.5766782 75.3614678599 0.0 76.0459378534 0.0
57850.576794 76.5499022926 0.0 76.5412834554 0.0
57850.5769213 75.9477563856 0.0 75.4143398234 0.0
57850.577037 76.2769304836 0.0 76.1589815124 0.0
57850.5770833 77.0677005885 0.0 77.1054181883 0.0
57850.5771528 77.8914039994 0.0 78.0960339582 0.0
57850.5772801 74.8128270285 0.0 74.9752834073 0.0
57850.5773958 75.1685321062 0.0 75.4680554407 0.0
57850.5775116 75.6470924293 0.0 74.9720312383 0.0
57850.5776389 74.6353801625 0.0 74.6629955935 0.0
57850.5777546 74.8843325002 0.0 74.7479189811 0.0
57850.5777778 75.0361339356 0.0 74.9781622074 0.0
57850.5778704 75.2172222832 0.0 75.2389596818 0.0
57850.5779977 75.5850005887 0.0 75.7397623973 0.0
57850.5781134 75.3007220749 0.0 75.4200628348 0.0
57850.5782292 75.1271153779 0.0 75.2336603656 0.0
57850.5783565 74.8229592572 0.0 74.7763992915 0.0
57850.5784722 74.8490726863 0.0 74.790206304 0.0
57850.580625 74.751731398 0.0 74.5474504192 0.0
57850.5807407 74.7448161213 0.0 74.8098978278 0.0
57850.5808565 74.8722413181 0.0 74.684601753 0.0
57850.5809838 76.1722158992 0.0 75.1379598073 0.0
57850.5810995 74.5634209247 0.0 74.659205273 0.0
57850.5812153 76.1658477403 0.0 75.1279007826 0.0
57850.58125 75.703665968 0.0 75.0712365357 0.0
57850.5813426 75.2484390403 0.0 75.0132822106 0.0
57850.5814583 75.0528523509 0.0 75.0376812741 0.0
57850.5815741 75.0466439423 0.0 74.7123535167 0.0
57850.5817014 75.0264582198 0.0 74.6681084935 0.0
57850.5818171 75.0171793058 0.0 74.7711664882 0.0
57850.5819329 75.1809558931 0.0 75.0810743463 0.0
57850.5819444 75.0162505795 0.0 75.0544642776 0.0
57850.5820602 74.8548079284 0.0 75.030060729 0.0
57850.5821759 74.6075292514 0.0 74.7341666709 0.0
57850.5822917 74.9285705456 0.0 75.3425514965 0.0
57850.582419 74.6371204696 0.0 74.6594336839 0.0
57850.5825347 74.5883675247 0.0 74.8596077401 0.0
57850.5826389 74.6518115386 0.0 74.949013269 0.0
57850.5826505 74.6780074185 0.0 75.001163251 0.0
57850.5827778 74.7739660243 0.0 75.2485221051 0.0
57850.5828935 74.6588221445 0.0 75.0009059012 0.0
57850.5830093 75.7588999392 0.0 75.0009611072 0.0
57850.5831366 74.8982732912 0.0 75.0590079537 0.0
57850.5832523 75.5852871795 0.0 75.1719849745 0.0
57850.5833333 75.0357778063 0.0 74.8096943651 0.0
57850.5833681 74.520877417 0.0 74.4757073078 0.0
57850.5834954 74.5215673279 0.0 74.4090836122 0.0
57850.5836111 74.776834033 0.0 74.7489895116 0.0
57850.5837269 74.4624456757 0.0 74.6348748575 0.0
57850.5838426 74.5405616561 0.0 74.6312280282 0.0
57850.5839699 75.6585394057 0.0 76.0620272212 0.0
57850.5840278 75.0827312436 0.0 75.455347332 0.0
57850.5840856 74.5490857154 0.0 74.8922874601 0.0
57850.5842014 74.4762492611 0.0 74.4482679584 0.0
57850.5843287 74.373991973 0.0 74.3914456238 0.0
57850.5844444 74.4886199161 0.0 74.4684702676 0.0
57850.5845602 74.8024357959 0.0 74.4717369812 0.0
57850.5846875 74.7526289437 0.0 74.5841576342 0.0
57850.5847222 74.962040107 0.0 74.8279153859 0.0
57850.5848032 75.1449861335 0.0 75.0458477532 0.0
57850.584919 74.6855217228 0.0 74.9343572535 0.0
57850.5850463 74.4291127785 0.0 74.5149602496 0.0
57850.585162 74.7865007271 0.0 74.9800192051 0.0
57850.5852778 75.0394375712 0.0 75.7589229464 0.0
57850.5854051 74.3871170567 0.0 74.354121641 0.0
57850.5854167 74.6291728683 0.0 74.5972022264 0.0
57850.5855208 74.8943915323 0.0 74.8634590571 0.0
57850.5856366 75.0345213352 0.0 74.879813261 0.0
57850.5857639 74.6125075038 0.0 74.6507143368 0.0
57850.5858796 74.6618555623 0.0 74.6470688038 0.0
57850.5859954 74.7426878765 0.0 74.3554080817 0.0
57850.5861111 74.6892538991 0.0 74.4436438321 0.0
57850.5882639 74.4249408935 0.0 74.5237698389 0.0
57850.5883912 74.4927763411 0.0 74.4296734105 0.0
57850.5885069 74.8064763172 0.0 74.6073913899 0.0
57850.5886227 74.3221832093 0.0 74.3356603388 0.0
57850.58875 74.3884448419 0.0 74.4801153396 0.0
57850.5888657 75.071135405 0.0 74.6992637179 0.0
57850.5888889 74.920381566 0.0 74.5581194103 0.0
57850.5889815 74.7650182104 0.0 74.4122821919 0.0
57850.5891088 74.2979596557 0.0 74.4210480442 0.0
57850.5892245 74.4473600136 0.0 74.3569608914 0.0
57850.5893403 74.5996604148 0.0 74.63154784 0.0
57850.5894676 74.597136996 0.0 74.4860375104 0.0
57850.5895833 74.4938207504 0.0 74.4625763051 0.0
57850.5896991 74.4892560911 0.0 74.4596109109 0.0
57850.5898264 74.669426039 0.0 74.6369394201 0.0
57850.5899421 74.9065416502 0.0 74.746271693 0.0
57850.5900579 74.5459497894 0.0 74.2885825413 0.0
57850.5901852 74.3374849453 0.0 74.5017427783 0.0
57850.5902778 74.3487208969 0.0 74.4461168228 0.0
57850.5903009 74.3615571381 0.0 74.3921367888 0.0
57850.5904167 74.5984669145 0.0 74.4546266326 0.0
57850.590544 74.4352782087 0.0 74.4777692201 0.0
57850.5906597 74.3103314082 0.0 74.4454833687 0.0
57850.5907755 74.1655954402 0.0 74.2368163043 0.0
57850.5909028 74.0917992898 0.0 74.0971871396 0.0
57850.5909722 74.1538228617 0.0 74.0828449845 0.0
57850.5910185 74.247017031 0.0 74.0993834522 0.0
57850.5911343 74.1494378468 0.0 74.7464954296 0.0
57850.5912616 74.5955845141 0.0 74.4191434914 0.0
57850.5913773 74.2817691968 0.0 74.318144191 0.0
57850.5914931 74.2287812981 0.0 74.5361618478 0.0
57850.5916204 74.3316362998 0.0 74.3055995804 0.0
57850.5916667 74.4188658003 0.0 74.3641954102 0.0
57850.5917361 74.5266438531 0.0 74.4431654418 0.0
57850.5918519 74.3218449246 0.0 74.3309862776 0.0
57850.5919792 74.9360238003 0.0 74.6938727206 0.0
57850.5920949 75.0722431129 0.0 74.7043857079 0.0
57850.5922106 74.4069522491 0.0 74.3839098125 0.0
57850.592338 75.1511596917 0.0 74.8192166692 0.0
57850.5923611 74.8178293991 0.0 74.98213948 0.0
57850.5924537 74.4330697137 0.0 75.0889888599 0.0
57850.5925694 74.4500846138 0.0 74.6356739301 0.0
57850.5926968 74.2547503262 0.0 74.509349306 0.0
57850.5928125 74.3725378013 0.0 74.2466388061 0.0
57850.5929282 74.2830594348 0.0 74.3536434346 0.0
57850.593044 74.2770706881 0.0 74.1755771059 0.0
57850.5930556 74.3040969732 0.0 74.1603554738 0.0
57850.5931713 74.3931023348 0.0 74.2068790544 0.0
57850.593287 74.3376987134 0.0 74.4800573577 0.0
57850.5934028 74.32646084 0.0 74.3824300087 0.0
57850.5935301 74.3772327463 0.0 74.3556862385 0.0
57850.5936458 74.3452736695 0.0 74.598028801 0.0
57850.59375 74.4964988573 0.0 74.5838847741 0.0
57850.5937616 74.6208481324 0.0 74.5422839803 0.0
57850.5938889 74.5921205021 0.0 74.5766915732 0.0
57850.5940046 74.502212739 0.0 74.4554150683 0.0
57850.5941204 74.6191951913 0.0 74.5531138518 0.0
57850.5942477 74.5792120969 0.0 74.646381982 0.0
57850.5943634 74.4217761546 0.0 74.6323785766 0.0
57850.5944444 74.4453432258 0.0 74.6180901458 0.0
57850.5944792 74.4552878109 0.0 74.5901541425 0.0
57850.5946065 74.6297955109 0.0 75.025517619 0.0
57850.5947222 75.3410600868 0.0 74.8990053138 0.0
57850.594838 75.1822809244 0.0 75.1092700404 0.0
57850.5949653 76.153355343 0.0 76.4326812561 0.0
57850.595081 74.5464275402 0.0 74.5396504486 0.0
57850.5951389 74.7171858076 0.0 74.6281573603 0.0
57850.5972338 74.6338266204 0.0 74.7676582955 0.0
57850.5973495 74.4271118545 0.0 74.8605341619 0.0
57850.5974653 74.672435048 0.0 74.5363773201 0.0
57850.5975926 74.3133182882 0.0 74.3620679043 0.0
57850.5977083 74.539060304 0.0 74.6508330027 0.0
57850.5978241 74.4101869168 0.0 74.3268737873 0.0
57850.5979167 74.3794516046 0.0 74.2530651085 0.0
57850.5979514 74.4031591399 0.0 74.2336768118 0.0
57850.5980671 74.4032152061 0.0 74.793805051 0.0
57850.5981829 74.3904421549 0.0 74.3226511435 0.0
57850.5983102 74.4344156422 0.0 74.445396184 0.0
57850.5984259 74.5257328042 0.0 74.6301062575 0.0
57850.5985417 74.3294456121 0.0 74.3749229512 0.0
57850.5986111 74.4781344154 0.0 74.4387494118 0.0
57850.598669 74.5755353786 0.0 74.4507340662 0.0
57850.5987847 74.5458309834 0.0 74.428929772 0.0
57850.5989005 74.5809773401 0.0 74.4848054102 0.0
57850.5990278 74.2663903256 0.0 74.2452897631 0.0
57850.5991435 74.2707341151 0.0 74.4227266431 0.0
57850.5992593 74.5850660655 0.0 74.5518922563 0.0
57850.5993056 74.4296199036 0.0 74.3377480827 0.0
57850.5993866 74.3203372369 0.0 74.1704405205 0.0
57850.5995023 74.5195431816 0.0 74.3905974771 0.0
57850.5996181 74.2168625448 0.0 74.2957699536 0.0
57850.5997454 74.2912360511 0.0 74.2086851858 0.0
57850.5998611 74.3686685708 0.0 74.297451706 0.0
57850.5999769 74.3644511511 0.0 74.2286117006 0.0
57850.6 74.5713311334 0.0 74.3128971579 0.0
57850.6001042 74.7581705568 0.0 74.3758816956 0.0
57850.6002199 74.399929086 0.0 74.3824147497 0.0
57850.6003356 74.1953942573 0.0 74.225539668 0.0
57850.600463 74.3215677849 0.0 74.4862555845 0.0
57850.6005787 74.643410111 0.0 74.4220056704 0.0
57850.6006944 74.2614381291 0.0 74.4264185488 0.0
57850.6104977 74.3312921655 0.0 74.2944293874 0.0
57850.6106134 74.3686611618 0.0 74.2819942651 0.0
57850.6107292 74.5773692952 0.0 74.2267682578 0.0
57850.6108565 74.3949160965 0.0 74.3473616681 0.0
57850.6109722 74.6683911438 0.0 74.3060194803 0.0
57850.611088 74.4408341235 0.0 74.1880147194 0.0
57850.6111111 74.2655761979 0.0 74.1477293584 0.0
57850.6112153 74.1242705192 0.0 74.1404574102 0.0
57850.611331 74.1212399721 0.0 74.0612768388 0.0
57850.6114468 74.2256422606 0.0 74.0893606869 0.0
57850.6115741 74.0395163409 0.0 74.091702113 0.0
57850.6116898 74.3467971133 0.0 74.0693821359 0.0
57850.6118056 74.2183387176 0.0 74.242449771 0.0
57850.6119329 74.7765330167 0.0 74.4927293902 0.0
57850.6120486 74.6131552811 0.0 74.2351828448 0.0
57850.6121644 74.0469628952 0.0 74.1678193289 0.0
57850.6122917 74.3528711618 0.0 74.2757679058 0.0
57850.6124074 74.1236657081 0.0 74.1148955271 0.0
57850.6125 74.0900380078 0.0 74.0407160959 0.0
57850.6125231 74.0753885106 0.0 73.9856360384 0.0
57850.6126505 74.0097694294 0.0 74.2354891208 0.0
57850.6127662 74.1424868547 0.0 73.9408438348 0.0
57850.6128819 74.0598121386 0.0 74.1876116141 0.0
57850.6130093 74.2256698656 0.0 74.7172204314 0.0
57850.613125 74.5503958205 0.0 74.8794990435 0.0
57850.6131944 74.3448691908 0.0 74.5162534552 0.0
57850.6132407 74.1404854651 0.0 74.1577271699 0.0
57850.6133681 74.1351645375 0.0 74.2797095982 0.0
57850.6134838 74.0336926203 0.0 74.1420725432 0.0
57850.6135995 74.2327832362 0.0 74.1929124715 0.0
57850.6137269 74.2277714875 0.0 74.090985889 0.0
57850.6138426 74.2766955377 0.0 74.0124299696 0.0
57850.6138889 74.343360719 0.0 74.0423863405 0.0
57850.6139583 74.3973749873 0.0 74.0596128197 0.0
57850.6140856 73.9660717086 0.0 74.0116383348 0.0
57850.6142014 74.0620890605 0.0 73.9622621003 0.0
57850.6143171 73.9925065057 0.0 74.0587508131 0.0
57850.6144444 73.9407912319 0.0 74.0024738641 0.0
57850.6145602 74.0946446445 0.0 74.1061266226 0.0
57850.6145833 74.0563133703 0.0 74.0842697204 0.0
57850.6146759 74.0290515946 0.0 74.0734576012 0.0
57850.6148032 73.9797616514 0.0 73.9210300862 0.0
57850.614919 74.1993275037 0.0 74.138942129 0.0
57850.6150347 73.9956297155 0.0 74.0011539302 0.0
57850.6151505 74.3394747089 0.0 74.4948711255 0.0
57850.6152778 74.1504750288 0.0 74.0400265127 0.0
57850.6153935 74.0029634474 0.0 73.9961516364 0.0
57850.6155093 74.151524691 0.0 74.1735136959 0.0
57850.6156366 74.0247725562 0.0 74.1411675994 0.0
57850.6157523 74.0604512206 0.0 74.1289540733 0.0
57850.6158681 74.0774069606 0.0 74.1827294052 0.0
57850.6159722 74.0792648857 0.0 74.2377878846 0.0
57850.6181481 74.3639571903 0.0 74.520422429 0.0
57850.6182639 74.197094276 0.0 74.2106807138 0.0
57850.6183796 74.3907988934 0.0 74.2194321388 0.0
57850.6185069 74.1526765195 0.0 74.1498084826 0.0
57850.6186227 74.2455889329 0.0 74.3229789903 0.0
57850.6187384 74.2134461402 0.0 74.4514076898 0.0
57850.61875 74.203550252 0.0 74.3512995448 0.0
57850.6188657 74.1700354186 0.0 74.2279974942 0.0
57850.6189815 74.1893470587 0.0 74.2392142267 0.0
57850.6190972 74.3476521956 0.0 74.3409292718 0.0
57850.6192245 74.3593955529 0.0 74.2348261936 0.0
57850.6193403 74.273200887 0.0 74.1198811858 0.0
57850.6194444 74.4896708746 0.0 74.2853040446 0.0
57850.619456 74.6943983107 0.0 74.4381992327 0.0
57850.6195718 74.0550129566 0.0 74.1288094131 0.0
57850.6196991 73.9742416926 0.0 74.0439685322 0.0
57850.6198148 74.0070318821 0.0 74.2798782915 0.0
57850.6199306 74.1750251432 0.0 74.4411467469 0.0
57850.6200579 74.0687479373 0.0 73.9494989503 0.0
57850.6201389 74.2044688075 0.0 74.0048132556 0.0
57850.6201736 74.398417295 0.0 74.1173856055 0.0
57850.6202894 73.9911624385 0.0 74.3802611316 0.0
57850.6204167 74.3636434019 0.0 74.1494512589 0.0
57850.6205324 73.9789040132 0.0 73.9610076256 0.0
57850.6206481 74.2812780046 0.0 74.0641994489 0.0
57850.6207755 74.0733489522 0.0 74.2501299123 0.0
57850.6208333 74.0919082761 0.0 74.197712431 0.0
57850.6208912 74.066030034 0.0 74.1010328605 0.0
57850.6210069 74.0358844818 0.0 74.1011579262 0.0
57850.6211343 74.4404599193 0.0 74.3042988729 0.0
57850.62125 74.3351393488 0.0 74.1727643883 0.0
57850.6213657 74.1199549379 0.0 74.1268066896 0.0
57850.6214931 74.3178324563 0.0 74.4172863655 0.0
57850.6215278 74.3102284615 0.0 74.3632975264 0.0
57850.6216088 74.3324614956 0.0 74.3392160101 0.0
57850.6217245 73.9886099613 0.0 73.955604169 0.0
57850.6218519 74.0937912986 0.0 74.0918664902 0.0
57850.6219676 74.0362076149 0.0 74.0792656416 0.0
57850.6220833 73.9625399848 0.0 74.0476070309 0.0
57850.6222106 74.1063239002 0.0 74.1361296737 0.0
57850.6222222 74.0510785337 0.0 74.1634827931 0.0
57850.6223264 73.9988567277 0.0 74.193726972 0.0
57850.6224421 74.2392416112 0.0 74.0398956374 0.0
57850.6225694 74.055224684 0.0 74.2674936968 0.0
57850.6226852 74.147749777 0.0 74.2166361876 0.0
57850.6228009 74.32344032 0.0 74.1442006228 0.0
57850.6229167 74.2742155058 0.0 74.1508486533 0.0
57850.6229282 74.2230567412 0.0 74.1554286347 0.0
57850.623044 74.1136407822 0.0 74.1671600845 0.0
57850.6231597 74.5789267823 0.0 74.2309113779 0.0
57850.623287 74.3923504535 0.0 74.1938718898 0.0
57850.6234028 74.1464463478 0.0 74.263397532 0.0
57850.6235185 74.1833368891 0.0 74.2281100662 0.0
57850.6236111 74.2549409265 0.0 74.2189430065 0.0
57850.6299769 74.2075510241 0.0 74.1366412781 0.0
57850.6300926 73.9869695284 0.0 74.1983673405 0.0
57850.6302083 74.0543999368 0.0 73.9896586423 0.0
57850.6303356 74.3399306564 0.0 74.0409756216 0.0
57850.6304514 74.1824372274 0.0 74.0894131573 0.0
57850.6305556 74.147726951 0.0 73.9876149298 0.0
57850.6305671 74.140413298 0.0 73.913445421 0.0
57850.6306944 73.9946181759 0.0 73.9388796304 0.0
57850.6308102 74.0232824049 0.0 73.8610812404 0.0
57850.6309259 73.8701133409 0.0 73.9389126983 0.0
57850.6310532 74.2435884572 0.0 74.144259879 0.0
57850.631169 74.2696611208 0.0 74.0062617351 0.0
57850.63125 74.2705034317 0.0 74.0588597873 0.0
57850.6312847 74.2836266616 0.0 74.1237906343 0.0
57850.631412 73.9557864606 0.0 74.0344669259 0.0
57850.6315278 74.0996509911 0.0 73.9865004443 0.0
57850.6316435 74.0932052215 0.0 74.1394498226 0.0
57850.6317708 74.1081364494 0.0 74.2562231937 0.0
57850.6318866 74.219549069 0.0 74.1507467461 0.0
57850.6319444 74.1525397138 0.0 74.1441865759 0.0
57850.6320023 74.0600320213 0.0 74.11185277 0.0
57850.6321296 74.0871531846 0.0 74.3598523062 0.0
57850.6322454 74.4651542334 0.0 74.4076988355 0.0
57850.6323611 74.1212171176 0.0 74.197419315 0.0
57850.6324884 74.1033808338 0.0 74.2837325732 0.0
57850.6326042 74.1768766935 0.0 74.1156267531 0.0
57850.6326389 74.2169937211 0.0 74.1682673992 0.0
57850.6327199 74.2669601909 0.0 74.2308013833 0.0
57850.6328472 74.5266807794 0.0 74.229210214 0.0
57850.632963 74.4995688511 0.0 74.5546669834 0.0
57850.6330787 74.3275455064 0.0 74.1900431257 0.0
57850.6331944 74.1484492892 0.0 74.2044356154 0.0
57850.6333218 74.5084548021 0.0 74.7168131681 0.0
57850.6333333 74.3581281905 0.0 74.4563413216 0.0
57850.6334375 74.1904397547 0.0 74.1803517584 0.0
57850.6335532 74.1848772729 0.0 74.2766875271 0.0
57850.6336806 74.1004898634 0.0 74.18820723 0.0
57850.6337963 74.0912318632 0.0 74.0951823333 0.0
57850.633912 74.0849263076 0.0 74.0810358391 0.0
57850.6340278 74.1609021116 0.0 74.0663222794 0.0
57850.6340394 74.2517251584 0.0 74.0661393891 0.0
57850.6341551 74.0304150671 0.0 74.1077002949 0.0
57850.6342708 74.224733243 0.0 74.3704662484 0.0
57850.6343981 74.3486860408 0.0 74.3615641511 0.0
57850.6345139 74.1604512594 0.0 74.2995563177 0.0
57850.6346296 74.1467692958 0.0 74.5279361314 0.0
57850.6347222 74.2702585225 0.0 74.5666768604 0.0
57850.6347569 74.3846122394 0.0 74.5957109759 0.0
57850.6348727 74.290668445 0.0 74.1211105489 0.0
57850.6349884 74.3889901464 0.0 74.2674306611 0.0
57850.6351157 74.1148186532 0.0 74.2202414979 0.0
57850.6352315 74.1615127812 0.0 74.2234005823 0.0
57850.6353472 74.2030774429 0.0 74.2675071279 0.0
57850.6354167 74.247473324 0.0 74.1995518989 0.0
57850.6376157 74.6911231941 0.0 74.8769384991 0.0
57850.6377431 74.3768642321 0.0 74.5280740661 0.0
57850.6378588 74.5372467361 0.0 74.3369071458 0.0
57850.6379745 74.256274947 0.0 74.2746747755 0.0
57850.6381019 74.3208158997 0.0 74.3792159074 0.0
57850.6381944 74.3724554455 0.0 74.5435009977 0.0
57850.6382176 74.4548023502 0.0 74.7396956242 0.0
57850.6383333 74.317243746 0.0 74.3368259815 0.0
57850.6384606 74.5849738687 0.0 74.7313716119 0.0
57850.6385764 74.4456848649 0.0 74.355544178 0.0
57850.6386921 74.3390634996 0.0 74.4810744283 0.0
57850.6388194 74.3049202745 0.0 74.5774720006 0.0
57850.6388889 74.4296138039 0.0 74.6006021088 0.0
57850.6389352 74.5447531085 0.0 74.6136375805 0.0
57850.6390509 74.4380321408 0.0 74.39600662 0.0
57850.6391782 74.3209777385 0.0 74.3354428116 0.0
57850.639294 74.3540137518 0.0 74.5553022461 0.0
57850.6394097 74.4929742795 0.0 74.4606566718 0.0
57850.639537 74.4003499925 0.0 74.4610876566 0.0
57850.6395833 74.4439930082 0.0 74.4749040416 0.0
57850.6396528 74.4822209725 0.0 74.4832421958 0.0
57850.6397685 74.3683791473 0.0 74.4629550851 0.0
57850.6398958 74.5031253103 0.0 74.3496493536 0.0
57850.6400116 74.3724683939 0.0 74.5245304246 0.0
57850.6401273 74.53945902 0.0 74.4181124794 0.0
57850.6402546 74.4038671172 0.0 74.4370031033 0.0
57850.6402778 74.4118963204 0.0 74.6341188063 0.0
57850.6403704 74.4275591095 0.0 74.8405039601 0.0
57850.6404861 74.6454480997 0.0 74.7011648169 0.0
57850.6406134 74.6036080964 0.0 74.843469989 0.0
57850.6407292 74.6589478629 0.0 75.1364550069 0.0
57850.6408449 74.7454407305 0.0 74.4124614967 0.0
57850.6409722 74.6942802362 0.0 74.4986364171 0.0
57850.641088 74.6868513729 0.0 74.7798275473 0.0
57850.6412037 74.8818987273 0.0 75.1784342747 0.0
57850.641331 74.454525121 0.0 74.7530583053 0.0
57850.6414468 74.671611058 0.0 74.8105044028 0.0
57850.6415625 74.576609054 0.0 74.7146985071 0.0
57850.6416667 74.5544245233 0.0 74.6288320088 0.0
57850.6416898 74.5050425743 0.0 74.5161134722 0.0
57850.6418056 74.5227215888 0.0 74.465919245 0.0
57850.6419213 74.4510327531 0.0 74.5949054427 0.0
57850.642037 74.6845462797 0.0 74.6507761112 0.0
57850.6421644 74.6178942547 0.0 74.5749921354 0.0
57850.6422801 74.6672736813 0.0 74.6057786301 0.0
57850.6423611 74.5837380064 0.0 74.62667239 0.0
57850.6423958 74.4893558571 0.0 74.6364671592 0.0
57850.6425231 74.5531312689 0.0 74.4942060633 0.0
57850.6426389 74.6119342264 0.0 74.397676207 0.0
57850.6427546 74.4775176547 0.0 74.6170042752 0.0
57850.6428819 74.4145812862 0.0 74.4440086709 0.0
57850.6429977 74.3895121842 0.0 74.4792188533 0.0
57850.6430556 74.4514923893 0.0 74.4779687827 0.0
57850.6431134 74.532626547 0.0 74.4956508059 0.0
57850.6432407 74.5268810028 0.0 74.4556140529 0.0
57850.6433565 74.6551215524 0.0 74.4575226488 0.0
57850.6434722 74.4192977527 0.0 74.4200515587 0.0
57850.6435995 74.3724237873 0.0 74.3638388331 0.0
57850.6437153 74.4233973962 0.0 74.3787566312 0.0
57850.64375 74.4902171765 0.0 74.3843832333 0.0
57850.643831 74.5537217046 0.0 74.38652995 0.0
57850.6439583 74.4416757133 0.0 74.3568385826 0.0
57850.6440741 74.3868926425 0.0 74.4126568266 0.0
57850.6441898 74.4055002134 0.0 74.3262592292 0.0
57850.6443171 74.5236185783 0.0 74.4221627205 0.0
57850.6444329 74.550612915 0.0 74.3835652547 0.0
57850.6444444 75.0696803643 0.0 74.6980138223 0.0
57850.6465856 74.2876708815 0.0 74.3192616688 0.0
57850.6467014 74.4561769768 0.0 74.2615146694 0.0
57850.6468171 74.2848906844 0.0 74.3126567484 0.0
57850.6469444 74.3522110162 0.0 74.2710357407 0.0
57850.6470602 74.2249550017 0.0 74.2437146565 0.0
57850.6471759 74.6716585058 0.0 74.6482669859 0.0
57850.6472222 74.4217974118 0.0 74.5822914572 0.0
57850.6473032 74.2008233108 0.0 74.5432344281 0.0
57850.647419 74.1690864714 0.0 74.3106601841 0.0
57850.6475347 75.3130312562 0.0 75.0861440747 0.0
57850.647662 75.1347792637 0.0 76.0943678665 0.0
57850.6477778 74.2921515909 0.0 74.6684872553 0.0
57850.6478935 74.9035075881 0.0 75.2989194146 0.0
57850.6479167 74.6893226439 0.0 75.0599364108 0.0
57850.6480208 74.487906703 0.0 74.8342117551 0.0
57850.6481366 74.3011499709 0.0 75.0093735276 0.0
57850.6482523 74.1986464095 0.0 74.3760298147 0.0
57850.6483796 74.2846512343 0.0 74.2688432925 0.0
57850.6484954 74.400100504 0.0 74.2530989118 0.0
57850.6486111 74.2817807743 0.0 74.5205143501 0.0
57850.6487384 74.2231703715 0.0 74.4207332603 0.0
57850.6488542 74.4020123451 0.0 74.3856491469 0.0
57850.6489699 74.4146051189 0.0 74.6386218723 0.0
57850.6490972 74.4707164998 0.0 74.8286299487 0.0
57850.649213 74.1087767272 0.0 74.3996191321 0.0
57850.6493056 74.0939259656 0.0 74.309796299 0.0
57850.6493287 74.1282866455 0.0 74.2695083194 0.0
57850.649456 74.2110020886 0.0 74.2423667457 0.0
57850.6495718 74.5132971086 0.0 74.1897270988 0.0
57850.6496875 74.4146723167 0.0 74.2228462537 0.0
57850.6498148 74.2711527378 0.0 74.2984211003 0.0
57850.6499306 74.3882742642 0.0 74.3841321385 0.0
57850.65 74.3916744199 0.0 74.4067529933 0.0
