57850.3666782 221.281631784 0.0 219.349004098 0.0
57850.3777894 204.095780916 0.0 202.897724053 0.0
57850.3840394 195.340793431 0.0 193.744700281 0.0
57850.400706 176.979209102 0.0 176.023074559 0.0
57850.4152894 166.269730739 0.0 164.864891904 0.0
57850.4243171 163.388712299 0.0 161.970556538 0.0
57850.4298727 160.385490136 0.0 158.94702619 0.0
57850.4409838 156.883956765 0.0 155.4245394 0.0
57850.4486227 153.606729152 0.0 152.122571359 0.0
57850.4639005 142.397212139 0.0 140.806131897 0.0
57850.4701505 150.795173624 0.0 149.296816776 0.0
57850.4833449 148.847291318 0.0 147.11645001 0.0
57850.4902894 149.420344301 0.0 147.914269268 0.0
57850.5027894 146.792268731 0.0 145.259719845 0.0
57850.5139005 146.854719311 0.0 145.101167246 0.0
57850.525706 143.711244133 0.0 142.366023475 0.0
57850.5347338 142.782931647 0.0 141.197663614 0.0
57850.5479282 142.04206551 0.0 140.43960576 0.0
57850.5597338 147.00644172 0.0 145.224479602 0.0
57850.5715394 148.500500262 0.0 146.721987 0.0
57850.5805671 151.261130892 0.0 149.723214524 0.0
57850.588206 153.118818621 0.0 151.808219747 0.0
57850.5972338 156.026849507 0.0 154.510938547 0.0
57850.6104282 160.317063168 0.0 159.032793645 0.0
57850.6180671 168.720866971 0.0 167.07477037 0.0
57850.6298727 178.377510763 0.0 177.189633993 0.0
57850.6375116 190.758125396 0.0 189.256069538 0.0
57850.6465394 206.798552756 0.0 200.921884789 0.0
