57854.1736227 139.173881779 0.0 139.173881779 0.0
57854.1798727 130.48765086 0.0 130.48765086 0.0
57854.1972338 118.726981332 0.0 118.726981332 0.0
57854.2034838 110.227719518 0.0 110.227719518 0.0
57854.2187616 111.769819238 0.0 111.769819238 0.0
57854.2250116 104.551092443 0.0 104.551092443 0.0
57854.2326505 95.2316600142 0.0 95.2316600142 0.0
57854.2402894 101.015861152 0.0 101.015861152 0.0
57854.2465394 97.1979806758 0.0 97.1979806758 0.0
57854.2541782 88.9714331452 0.0 88.9714331452 0.0
57854.2639005 93.6096296476 0.0 93.6096296476 0.0
57854.2701505 90.8749594677 0.0 90.8749594677 0.0
57854.2777894 87.4393826925 0.0 87.4393826925 0.0
57854.2854282 88.5315640765 0.0 88.5315640765 0.0
57854.2916782 88.4976374364 0.0 88.4976374364 0.0
57854.2993171 86.5418366427 0.0 86.5418366427 0.0
57854.3090394 86.6458741517 0.0 86.6458741517 0.0
57854.3166782 87.8163521886 0.0 87.8163521886 0.0
57854.3229282 87.0952672973 0.0 87.0952672973 0.0
57854.3291782 86.7497868904 0.0 86.7497868904 0.0
57854.3354282 86.9917672402 0.0 86.9917672402 0.0
57854.3416782 86.8881438952 0.0 86.8881438952 0.0
57854.3479282 87.1986445055 0.0 87.1986445055 0.0
57854.3541782 88.2257546513 0.0 88.2257546513 0.0
57854.3604282 88.2597858019 0.0 88.2597858019 0.0
