57853.9274306 23.5501592351 0.0 23.5501592351 0.0
57853.9274769 42.8245256833 0.0 42.8245256833 0.0
57853.9275231 66.9020104332 0.0 66.9020104332 0.0
57853.9275694 65.8282310259 0.0 65.8282310259 0.0
57853.9276389 57.7297843405 0.0 57.7297843405 0.0
57853.9276852 8.53873526935 0.0 8.53873526935 0.0
57853.9277315 8.60703200877 0.0 8.60703200877 0.0
57853.9277778 8.62716639459 0.0 8.62716639459 0.0
57853.9278588 8.55096485784 0.0 8.55096485784 0.0
57853.9278935 8.27157784223 0.0 8.27157784223 0.0
57853.9279398 8.34224190491 0.0 8.34224190491 0.0
57853.9279977 8.36797466535 0.0 8.36797466535 0.0
57853.9280671 8.46982880583 0.0 8.46982880583 0.0
57853.9281134 8.18352002503 0.0 8.18352002503 0.0
57853.9281481 8.2913207633 0.0 8.2913207633 0.0
57853.928206 8.48310084816 0.0 8.48310084816 0.0
57853.9282755 9.11136652759 0.0 9.11136652759 0.0
57853.9283218 9.16073141185 0.0 9.16073141185 0.0
57853.9283681 9.97040621038 0.0 9.97040621038 0.0
57853.9284144 10.5047132279 0.0 10.5047132279 0.0
57853.9284838 10.4469612807 0.0 10.4469612807 0.0
57853.9285301 8.57321409974 0.0 8.57321409974 0.0
57853.9285764 8.6987355403 0.0 8.6987355403 0.0
57853.9286227 8.82949602186 0.0 8.82949602186 0.0
57853.9286921 8.96353724821 0.0 8.96353724821 0.0
57853.9287384 8.41451127517 0.0 8.41451127517 0.0
57853.9287847 8.71303621019 0.0 8.71303621019 0.0
57853.928831 8.93739335601 0.0 8.93739335601 0.0
57853.9289005 8.91072387632 0.0 8.91072387632 0.0
57853.9289468 8.19139792709 0.0 8.19139792709 0.0
57853.9290046 8.29065739251 0.0 8.29065739251 0.0
57853.9290394 8.26359485938 0.0 8.26359485938 0.0
57853.9291088 8.21772474594 0.0 8.21772474594 0.0
57853.9291551 8.13351092702 0.0 8.13351092702 0.0
57853.929213 8.15131891169 0.0 8.15131891169 0.0
57853.9292593 8.16780264208 0.0 8.16780264208 0.0
57853.9293287 8.12428458389 0.0 8.12428458389 0.0
57853.929375 8.22617772723 0.0 8.22617772723 0.0
57853.9294213 8.27339108226 0.0 8.27339108226 0.0
57853.9294676 8.21614264725 0.0 8.21614264725 0.0
57853.929537 8.23504705512 0.0 8.23504705512 0.0
57853.9295833 8.19646265166 0.0 8.19646265166 0.0
57853.9296296 8.27695596219 0.0 8.27695596219 0.0
57853.9296759 8.27568728264 0.0 8.27568728264 0.0
57853.9297454 8.27296802846 0.0 8.27296802846 0.0
57853.9297917 8.24815130802 0.0 8.24815130802 0.0
57853.929838 8.53738835945 0.0 8.53738835945 0.0
57853.9298843 9.1131772725 0.0 9.1131772725 0.0
57853.9299537 9.41583772163 0.0 9.41583772163 0.0
57853.93 8.42229184961 0.0 8.42229184961 0.0
57853.9300463 8.40684245124 0.0 8.40684245124 0.0
57853.9300926 8.49888227945 0.0 8.49888227945 0.0
57853.930162 8.63770802933 0.0 8.63770802933 0.0
57853.9302199 8.44097150807 0.0 8.44097150807 0.0
57853.9302662 8.50488095155 0.0 8.50488095155 0.0
57853.9303009 8.60981997489 0.0 8.60981997489 0.0
57853.9303704 8.97279220756 0.0 8.97279220756 0.0
57853.9304282 8.64158550267 0.0 8.64158550267 0.0
57853.9304745 8.72009174264 0.0 8.72009174264 0.0
57853.9305208 8.84047510036 0.0 8.84047510036 0.0
57853.9305903 9.08949943616 0.0 9.08949943616 0.0
57853.9306366 9.18117639521 0.0 9.18117639521 0.0
57853.9306829 9.82975075981 0.0 9.82975075981 0.0
57853.9307292 10.3806069187 0.0 10.3806069187 0.0
57853.9307986 10.5463263746 0.0 10.5463263746 0.0
57853.9308449 8.33846508657 0.0 8.33846508657 0.0
57853.9308912 8.55973130419 0.0 8.55973130419 0.0
57853.9309375 8.77040477971 0.0 8.77040477971 0.0
57853.9310069 8.87755596997 0.0 8.87755596997 0.0
57853.9310532 8.54066742123 0.0 8.54066742123 0.0
57853.9310995 8.58487041253 0.0 8.58487041253 0.0
57853.9311574 8.65875279703 0.0 8.65875279703 0.0
57853.9312269 8.58591870448 0.0 8.58591870448 0.0
57853.9312616 8.21614264725 0.0 8.21614264725 0.0
57853.9313079 3.30030301639 0.0 3.30030301639 0.0
57853.9313657 1.50399468084 0.0 1.50399468084 0.0
57853.9336806 18.2503150658 0.0 18.2503150658 0.0
57853.9337269 38.8723552155 0.0 38.8723552155 0.0
57853.9337731 73.2675849199 0.0 73.2675849199 0.0
57853.9338194 60.3386609066 0.0 60.3386609066 0.0
57853.9338889 47.3276346335 0.0 47.3276346335 0.0
57853.9339352 8.47785350192 0.0 8.47785350192 0.0
57853.9339815 8.62455795969 0.0 8.62455795969 0.0
57853.9340278 8.98960510812 0.0 8.98960510812 0.0
57853.9341088 9.21205731637 0.0 9.21205731637 0.0
57853.9341435 8.7834503471 0.0 8.7834503471 0.0
57853.9341898 9.07347783377 0.0 9.07347783377 0.0
57853.9342477 9.49463006125 0.0 9.49463006125 0.0
57853.9343171 10.0519152404 0.0 10.0519152404 0.0
57853.9343634 9.06239482698 0.0 9.06239482698 0.0
57853.9343981 9.58530124722 0.0 9.58530124722 0.0
57853.934456 10.0451480825 0.0 10.0451480825 0.0
57853.9345255 10.0687139199 0.0 10.0687139199 0.0
57853.9345718 8.63620286932 0.0 8.63620286932 0.0
57853.9346181 9.14472525558 0.0 9.14472525558 0.0
57853.9346644 9.9191229451 0.0 9.9191229451 0.0
57853.9347338 10.6692548943 0.0 10.6692548943 0.0
57853.9347801 9.60062497966 0.0 9.60062497966 0.0
57853.9348264 10.7328467799 0.0 10.7328467799 0.0
57853.9348727 11.5470342513 0.0 11.5470342513 0.0
57853.9349421 10.3635418656 0.0 10.3635418656 0.0
57853.9349884 9.65634506426 0.0 9.65634506426 0.0
57853.9350347 10.9663576451 0.0 10.9663576451 0.0
57853.935081 11.4930848774 0.0 11.4930848774 0.0
57853.9351505 10.9905413879 0.0 10.9905413879 0.0
57853.9351968 8.37573877339 0.0 8.37573877339 0.0
57853.9352546 8.48080184888 0.0 8.48080184888 0.0
57853.9352894 8.51845056334 0.0 8.51845056334 0.0
57853.9353588 8.59685989184 0.0 8.59685989184 0.0
57853.9354051 8.18565818979 0.0 8.18565818979 0.0
57853.935463 8.23601845554 0.0 8.23601845554 0.0
57853.9355093 8.24245109176 0.0 8.24245109176 0.0
57853.9355787 8.30475767256 0.0 8.30475767256 0.0
57853.935625 8.45257357259 0.0 8.45257357259 0.0
57853.9356713 8.5062330088 0.0 8.5062330088 0.0
57853.9357176 8.59511489161 0.0 8.59511489161 0.0
57853.935787 8.42223248314 0.0 8.42223248314 0.0
57853.9358333 8.09234205901 0.0 8.09234205901 0.0
57853.9358796 8.09975308266 0.0 8.09975308266 0.0
57853.9359259 8.16241385866 0.0 8.16241385866 0.0
57853.9359954 8.18455863196 0.0 8.18455863196 0.0
57853.9360417 8.31889415728 0.0 8.31889415728 0.0
57853.936088 8.59912786275 0.0 8.59912786275 0.0
57853.9361343 8.60772908496 0.0 8.60772908496 0.0
57853.9362037 8.52924381173 0.0 8.52924381173 0.0
57853.93625 8.23589703675 0.0 8.23589703675 0.0
57853.9362963 8.33798536818 0.0 8.33798536818 0.0
57853.9363426 8.39094750311 0.0 8.39094750311 0.0
57853.936412 8.35751159138 0.0 8.35751159138 0.0
57853.9364699 8.35062871885 0.0 8.35062871885 0.0
57853.9365162 8.69131750657 0.0 8.69131750657 0.0
57853.9365509 8.92485293996 0.0 8.92485293996 0.0
57853.9366204 8.58055942232 0.0 8.58055942232 0.0
57853.9366782 8.07811859284 0.0 8.07811859284 0.0
57853.9367245 8.19097063845 0.0 8.19097063845 0.0
57853.9367708 8.34913169138 0.0 8.34913169138 0.0
57853.9368403 8.57461369392 0.0 8.57461369392 0.0
57853.9368866 8.39064955769 0.0 8.39064955769 0.0
57853.9369329 8.57461369392 0.0 8.57461369392 0.0
57853.9369792 8.71745375669 0.0 8.71745375669 0.0
57853.9370486 8.82298135553 0.0 8.82298135553 0.0
57853.9370949 8.25130292742 0.0 8.25130292742 0.0
57853.9371412 8.31372359415 0.0 8.31372359415 0.0
57853.9371875 8.43842402348 0.0 8.43842402348 0.0
57853.9372569 8.63133825082 0.0 8.63133825082 0.0
57853.9373032 9.06360855289 0.0 9.06360855289 0.0
57853.9373495 9.5822231241 0.0 9.5822231241 0.0
57853.9374074 9.74817931719 0.0 9.74817931719 0.0
57853.9374769 9.45288315806 0.0 9.45288315806 0.0
57853.9375116 8.8322703763 0.0 8.8322703763 0.0
57853.9375579 9.06073948417 0.0 9.06073948417 0.0
57853.9376157 9.62798005814 0.0 9.62798005814 0.0
57853.9399306 8.85691819992 0.0 8.85691819992 0.0
57853.9399769 8.86194109662 0.0 8.86194109662 0.0
57853.9400231 8.66337116832 0.0 8.66337116832 0.0
57853.9400694 8.57962703152 0.0 8.57962703152 0.0
57853.9401389 8.20749657326 0.0 8.20749657326 0.0
57853.9401852 8.23607916426 0.0 8.23607916426 0.0
57853.9402315 8.37538058837 0.0 8.37538058837 0.0
57853.9402778 8.5028818644 0.0 8.5028818644 0.0
57853.9403588 8.41391704261 0.0 8.41391704261 0.0
57853.9403935 8.26897817146 0.0 8.26897817146 0.0
57853.9404398 8.39476027055 0.0 8.39476027055 0.0
57853.9404977 8.54587619849 0.0 8.54587619849 0.0
57853.9405671 8.58288995619 0.0 8.58288995619 0.0
57853.9406134 8.12489999938 0.0 8.12489999938 0.0
57853.9406481 8.05394313365 0.0 8.05394313365 0.0
57853.940706 8.07960395069 0.0 8.07960395069 0.0
57853.9407755 8.1689656628 0.0 8.1689656628 0.0
57853.9408218 8.07991336587 0.0 8.07991336587 0.0
57853.9408681 8.21328192625 0.0 8.21328192625 0.0
57853.9409144 8.39738054396 0.0 8.39738054396 0.0
57853.9409838 8.34919157763 0.0 8.34919157763 0.0
57853.9410301 7.97596389159 0.0 7.97596389159 0.0
57853.9410764 7.97552506109 0.0 7.97552506109 0.0
57853.9411227 7.99499843652 0.0 7.99499843652 0.0
57853.9411921 7.98116532845 0.0 7.98116532845 0.0
57853.9412384 8.01117968841 0.0 8.01117968841 0.0
57853.9412847 8.09178595861 0.0 8.09178595861 0.0
57853.941331 8.12939112111 0.0 8.12939112111 0.0
57853.9414005 8.21328192625 0.0 8.21328192625 0.0
57853.9414468 7.99574887049 0.0 7.99574887049 0.0
57853.9415046 8.04735981549 0.0 8.04735981549 0.0
57853.9415394 8.09685123983 0.0 8.09685123983 0.0
57853.9416088 8.17759133242 0.0 8.17759133242 0.0
57853.9416551 8.04711128294 0.0 8.04711128294 0.0
57853.941713 8.10074070687 0.0 8.10074070687 0.0
57853.9417593 8.13793585622 0.0 8.13793585622 0.0
57853.9418287 8.15787962647 0.0 8.15787962647 0.0
57853.941875 8.06653581161 0.0 8.06653581161 0.0
57853.9419213 8.07768531202 0.0 8.07768531202 0.0
57853.9419676 8.04164162345 0.0 8.04164162345 0.0
57853.942037 8.08869581577 0.0 8.08869581577 0.0
57853.9420833 7.93939544298 0.0 7.93939544298 0.0
57853.9421296 7.96737095911 0.0 7.96737095911 0.0
57853.9421759 8.06572997316 0.0 8.06572997316 0.0
57853.9422454 8.13836592935 0.0 8.13836592935 0.0
57853.9422917 8.01380059647 0.0 8.01380059647 0.0
57853.942338 8.03498599874 0.0 8.03498599874 0.0
57853.9423843 8.0880158259 0.0 8.0880158259 0.0
57853.9424537 8.14241978775 0.0 8.14241978775 0.0
57853.9425 8.0667217629 0.0 8.0667217629 0.0
57853.9425463 8.13584660622 0.0 8.13584660622 0.0
57853.9425926 8.13848880321 0.0 8.13848880321 0.0
57853.942662 8.06746552518 0.0 8.06746552518 0.0
57853.9427199 8.00337428839 0.0 8.00337428839 0.0
57853.9427662 8.11443158823 0.0 8.11443158823 0.0
57853.9428009 8.14941715707 0.0 8.14941715707 0.0
57853.9428704 8.08461501866 0.0 8.08461501866 0.0
57853.9429282 7.95625540063 0.0 7.95625540063 0.0
57853.9429745 8.02620707433 0.0 8.02620707433 0.0
57853.9430208 8.03666597539 0.0 8.03666597539 0.0
57853.9430903 7.95084901127 0.0 7.95084901127 0.0
57853.9431366 7.94172525337 0.0 7.94172525337 0.0
57853.9431829 7.93977329651 0.0 7.93977329651 0.0
57853.9432292 7.99431047683 0.0 7.99431047683 0.0
57853.9432986 7.93341036377 0.0 7.93341036377 0.0
57853.9433449 7.8984808666 0.0 7.8984808666 0.0
57853.9433912 7.96241169496 0.0 7.96241169496 0.0
57853.9434375 8.00762136967 0.0 8.00762136967 0.0
57853.9435069 8.10401135241 0.0 8.10401135241 0.0
57853.9435532 8.02932126646 0.0 8.02932126646 0.0
57853.9435995 8.07229830965 0.0 8.07229830965 0.0
57853.9436574 8.05673631193 0.0 8.05673631193 0.0
57853.9437269 8.11424673029 0.0 8.11424673029 0.0
57853.9437616 7.97621464104 0.0 7.97621464104 0.0
57853.9438079 2.28538836962 0.0 2.28538836962 0.0
57853.9438657 0.964883412646 0.0 0.964883412646 0.0
57853.9461806 8.0403980001 0.0 8.0403980001 0.0
57853.9462269 17.8449992995 0.0 17.8449992995 0.0
57853.9462731 40.9608959863 0.0 40.9608959863 0.0
57853.9463194 40.6072776729 0.0 40.6072776729 0.0
57853.9463889 40.5192053229 0.0 40.5192053229 0.0
57853.9464352 8.16786385783 0.0 8.16786385783 0.0
57853.9464815 8.18736831955 0.0 8.18736831955 0.0
57853.9465278 8.15781833581 0.0 8.15781833581 0.0
57853.9466088 8.12803789361 0.0 8.12803789361 0.0
57853.9466435 7.9702572104 0.0 7.9702572104 0.0
57853.9466898 8.00256208973 0.0 8.00256208973 0.0
57853.9467477 7.97157449943 0.0 7.97157449943 0.0
57853.9468171 8.02315399329 0.0 8.02315399329 0.0
57853.9468634 7.99074464615 0.0 7.99074464615 0.0
57853.9468981 8.01991271773 0.0 8.01991271773 0.0
57853.946956 8.00943193991 0.0 8.00943193991 0.0
57853.9470255 8.01186619958 0.0 8.01186619958 0.0
57853.9470718 7.97320512717 0.0 7.97320512717 0.0
57853.9471181 8.00012499902 0.0 8.00012499902 0.0
57853.9471644 8.01074278703 0.0 8.01074278703 0.0
57853.9472338 8.05164579449 0.0 8.05164579449 0.0
57853.9472801 8.06008684817 0.0 8.06008684817 0.0
57853.9473264 8.10666392544 0.0 8.10666392544 0.0
57853.9473727 8.17031211154 0.0 8.17031211154 0.0
57853.9474421 8.19786557587 0.0 8.19786557587 0.0
57853.9474884 8.15610201015 0.0 8.15610201015 0.0
57853.9475347 8.21346455523 0.0 8.21346455523 0.0
57853.947581 8.24827254642 0.0 8.24827254642 0.0
57853.9476505 8.24057036861 0.0 8.24057036861 0.0
57853.9476968 8.22076638763 0.0 8.22076638763 0.0
57853.9477546 8.27967390662 0.0 8.27967390662 0.0
57853.9477894 8.28275316546 0.0 8.28275316546 0.0
57853.9478588 8.22015814933 0.0 8.22015814933 0.0
57853.9479051 8.07347508821 0.0 8.07347508821 0.0
57853.947963 8.15003067479 0.0 8.15003067479 0.0
57853.9480093 8.19664565539 0.0 8.19664565539 0.0
57853.9480787 8.15683762251 0.0 8.15683762251 0.0
57853.948125 7.99249648108 0.0 7.99249648108 0.0
57853.9481713 8.11363050675 0.0 8.11363050675 0.0
57853.9482176 8.24414944066 0.0 8.24414944066 0.0
57853.948287 8.18229796573 0.0 8.18229796573 0.0
57853.9483333 7.93107811082 0.0 7.93107811082 0.0
57853.9483796 7.97257800213 0.0 7.97257800213 0.0
57853.9484259 8.0189151386 0.0 8.0189151386 0.0
57853.9484954 8.0613894584 0.0 8.0613894584 0.0
57853.9485417 7.95927132343 0.0 7.95927132343 0.0
57853.948588 7.96165811876 0.0 7.96165811876 0.0
57853.9486343 7.99205855834 0.0 7.99205855834 0.0
57853.9487037 7.97897236491 0.0 7.97897236491 0.0
57853.94875 7.94625698049 0.0 7.94625698049 0.0
57853.9487963 7.98285663156 0.0 7.98285663156 0.0
57853.9488426 7.97916035683 0.0 7.97916035683 0.0
57853.948912 7.98711462294 0.0 7.98711462294 0.0
57853.9489699 7.91675438548 0.0 7.91675438548 0.0
57853.9490162 7.96875147059 0.0 7.96875147059 0.0
57853.9490509 8.027826605 0.0 8.027826605 0.0
57853.9491204 8.02707916991 0.0 8.02707916991 0.0
57853.9491782 7.9724525712 0.0 7.9724525712 0.0
57853.9492245 8.04506059642 0.0 8.04506059642 0.0
57853.9492708 8.04829174422 0.0 8.04829174422 0.0
57853.9493403 7.98736502233 0.0 7.98736502233 0.0
57853.9493866 7.91915399522 0.0 7.91915399522 0.0
57853.9494329 7.92224715595 0.0 7.92224715595 0.0
57853.9494792 7.92041665571 0.0 7.92041665571 0.0
57853.9495486 7.94738950851 0.0 7.94738950851 0.0
57853.9495949 7.94052894964 0.0 7.94052894964 0.0
57853.9496412 7.94355084329 0.0 7.94355084329 0.0
57853.9496875 8.00287448358 0.0 8.00287448358 0.0
57853.9497569 7.9337254805 0.0 7.9337254805 0.0
57853.9498032 7.91605962585 0.0 7.91605962585 0.0
57853.9498495 7.96981806568 0.0 7.96981806568 0.0
57853.9499074 7.99868739232 0.0 7.99868739232 0.0
57853.9499769 8.09302168538 0.0 8.09302168538 0.0
57853.9500116 7.9443061371 0.0 7.9443061371 0.0
57853.9500579 2.31926712562 0.0 2.31926712562 0.0
57853.9501157 0.968504001024 0.0 0.968504001024 0.0
57853.9524306 9.87552530248 0.0 9.87552530248 0.0
57853.9524769 20.6666397849 0.0 20.6666397849 0.0
57853.9525231 49.5887588068 0.0 49.5887588068 0.0
57853.9525694 46.5794589921 0.0 46.5794589921 0.0
57853.9526389 52.0262433777 0.0 52.0262433777 0.0
57853.9526852 7.99524858901 0.0 7.99524858901 0.0
57853.9527315 7.94581650933 0.0 7.94581650933 0.0
57853.9527778 7.92521293089 0.0 7.92521293089 0.0
57853.9528588 7.91814372186 0.0 7.91814372186 0.0
57853.9528935 7.96931615636 0.0 7.96931615636 0.0
57853.9529398 7.97677879849 0.0 7.97677879849 0.0
57853.9529977 8.02689230026 0.0 8.02689230026 0.0
57853.9530671 7.96046481055 0.0 7.96046481055 0.0
57853.9531134 7.94487256034 0.0 7.94487256034 0.0
57853.9531481 7.9492137976 0.0 7.9492137976 0.0
57853.953206 7.96743371482 0.0 7.96743371482 0.0
57853.9532755 7.94367673058 0.0 7.94367673058 0.0
57853.9533218 7.8231707127 0.0 7.8231707127 0.0
57853.9533681 7.87222967145 0.0 7.87222967145 0.0
57853.9534144 7.94260662503 0.0 7.94260662503 0.0
57853.9534838 7.97264071685 0.0 7.97264071685 0.0
57853.9535301 7.93000630517 0.0 7.93000630517 0.0
57853.9535764 7.97640269796 0.0 7.97640269796 0.0
57853.9536227 7.97803233887 0.0 7.97803233887 0.0
57853.9536921 7.98961826372 0.0 7.98961826372 0.0
57853.9537384 7.89271816297 0.0 7.89271816297 0.0
57853.9537847 7.93479678379 0.0 7.93479678379 0.0
57853.953831 7.99806226532 0.0 7.99806226532 0.0
57853.9539005 7.92710539857 0.0 7.92710539857 0.0
57853.9539468 7.83326241103 0.0 7.83326241103 0.0
57853.9540046 7.83479419002 0.0 7.83479419002 0.0
57853.9540394 7.8322410586 0.0 7.8322410586 0.0
57853.9541088 7.82540733764 0.0 7.82540733764 0.0
57853.9541551 7.81856764376 0.0 7.81856764376 0.0
57853.954213 7.82138095224 0.0 7.82138095224 0.0
57853.9542593 7.83396451358 0.0 7.83396451358 0.0
57853.9543287 7.8710228052 0.0 7.8710228052 0.0
57853.954375 7.88777535177 0.0 7.88777535177 0.0
57853.9544213 7.88010152219 0.0 7.88010152219 0.0
57853.9544676 7.8685449735 0.0 7.8685449735 0.0
57853.954537 7.83358155635 0.0 7.83358155635 0.0
57853.9545833 7.85175139698 0.0 7.85175139698 0.0
57853.9546296 7.8623787749 0.0 7.8623787749 0.0
57853.9546759 7.86485854927 0.0 7.86485854927 0.0
57853.9547454 7.86727398786 0.0 7.86727398786 0.0
57853.9547917 7.80615142051 0.0 7.80615142051 0.0
57853.954838 7.82221196338 0.0 7.82221196338 0.0
57853.9548843 7.80672786768 0.0 7.80672786768 0.0
57853.9549537 7.83874990033 0.0 7.83874990033 0.0
57853.955 7.85945290717 0.0 7.85945290717 0.0
57853.9550463 7.90278431947 0.0 7.90278431947 0.0
57853.9550926 7.94940249327 0.0 7.94940249327 0.0
57853.955162 7.96617850666 0.0 7.96617850666 0.0
57853.9552199 7.87000635324 0.0 7.87000635324 0.0
57853.9552662 7.88327343177 0.0 7.88327343177 0.0
57853.9553009 7.87591264553 0.0 7.87591264553 0.0
57853.9553704 7.84646417184 0.0 7.84646417184 0.0
57853.9554282 7.79891018028 0.0 7.79891018028 0.0
57853.9554745 7.78742576209 0.0 7.78742576209 0.0
57853.9555208 7.78215908344 0.0 7.78215908344 0.0
57853.9555903 7.81511356283 0.0 7.81511356283 0.0
57853.9556366 7.82086951688 0.0 7.82086951688 0.0
57853.9556829 7.84506214125 0.0 7.84506214125 0.0
57853.9557292 7.83498564134 0.0 7.83498564134 0.0
57853.9557986 7.86568496699 0.0 7.86568496699 0.0
57853.9558449 7.91334316203 0.0 7.91334316203 0.0
57853.9558912 7.98028821535 0.0 7.98028821535 0.0
57853.9559375 7.97847103147 0.0 7.97847103147 0.0
57853.9560069 7.86644773707 0.0 7.86644773707 0.0
57853.9560532 7.85907119194 0.0 7.85907119194 0.0
57853.9560995 7.82106130906 0.0 7.82106130906 0.0
57853.9561574 7.86746464879 0.0 7.86746464879 0.0
57853.9693866 38.9637010562 0.0 38.9637010562 0.0
57853.9694329 37.114781422 0.0 37.114781422 0.0
57853.9694792 38.2373639259 0.0 38.2373639259 0.0
57853.9695255 41.3809013918 0.0 41.3809013918 0.0
57853.9695949 36.7206753751 0.0 36.7206753751 0.0
57853.9696412 7.76073450132 0.0 7.76073450132 0.0
57853.9696875 7.79012195026 0.0 7.79012195026 0.0
57853.9697338 7.78286579609 0.0 7.78286579609 0.0
57853.9698032 7.80928934027 0.0 7.80928934027 0.0
57853.9698495 7.77817459305 0.0 7.77817459305 0.0
57853.9698958 7.84104584861 0.0 7.84104584861 0.0
57853.9699421 7.93252797033 0.0 7.93252797033 0.0
57853.9700116 7.98805358019 0.0 7.98805358019 0.0
57853.9700579 7.82489616545 0.0 7.82489616545 0.0
57853.9701157 7.91934340713 0.0 7.91934340713 0.0
57853.9701505 8.18370331818 0.0 8.18370331818 0.0
57853.9702315 8.13953315615 0.0 8.13953315615 0.0
57853.9702662 7.67717395921 0.0 7.67717395921 0.0
57853.9703241 7.70940983474 0.0 7.70940983474 0.0
57853.9703704 7.72521844351 0.0 7.72521844351 0.0
57853.9704398 7.78016709332 0.0 7.78016709332 0.0
57853.9704861 7.67977864264 0.0 7.67977864264 0.0
57853.9705324 7.75731912454 0.0 7.75731912454 0.0
57853.9705787 7.80653572335 0.0 7.80653572335 0.0
57853.9706481 7.90537791633 0.0 7.90537791633 0.0
57853.9706944 7.70700979628 0.0 7.70700979628 0.0
57853.9707407 7.71770691333 0.0 7.71770691333 0.0
57853.970787 7.74396539248 0.0 7.74396539248 0.0
57853.9708565 7.66915901517 0.0 7.66915901517 0.0
57853.9709028 7.7236001968 0.0 7.7236001968 0.0
57853.9709491 7.94984276574 0.0 7.94984276574 0.0
57853.9709954 8.19469340488 0.0 8.19469340488 0.0
57853.9710648 8.47962263311 0.0 8.47962263311 0.0
57853.9711227 7.86377771812 0.0 7.86377771812 0.0
57853.9711574 7.98961826372 0.0 7.98961826372 0.0
57853.9712037 8.24554425129 0.0 8.24554425129 0.0
57853.9712731 8.37012544709 0.0 8.37012544709 0.0
57853.971331 7.90303739078 0.0 7.90303739078 0.0
57853.9713773 7.94355084329 0.0 7.94355084329 0.0
57853.971412 8.00631001148 0.0 8.00631001148 0.0
57853.9714815 7.95864310043 0.0 7.95864310043 0.0
57853.9715394 7.6918138303 0.0 7.6918138303 0.0
57853.9715856 7.749838708 0.0 7.749838708 0.0
57853.9716319 7.83607044379 0.0 7.83607044379 0.0
57853.9717014 7.91365907782 0.0 7.91365907782 0.0
57853.9717477 7.81364191655 0.0 7.81364191655 0.0
57853.971794 7.91068897126 0.0 7.91068897126 0.0
57853.9718403 7.94373967348 0.0 7.94373967348 0.0
57853.9719097 7.92931270666 0.0 7.92931270666 0.0
57853.971956 7.98104003248 0.0 7.98104003248 0.0
57853.9720023 8.03293221682 0.0 8.03293221682 0.0
57853.9720486 8.0877067207 0.0 8.0877067207 0.0
57853.9721181 7.85970737369 0.0 7.85970737369 0.0
57853.9721644 7.65035946868 0.0 7.65035946868 0.0
57853.9722106 7.72871270006 0.0 7.72871270006 0.0
57853.9722685 7.76884804846 0.0 7.76884804846 0.0
57853.972338 7.79390787731 0.0 7.79390787731 0.0
57853.9723727 7.59526168081 0.0 7.59526168081 0.0
57853.972419 7.65636989702 0.0 7.65636989702 0.0
57853.9724769 7.74138230551 0.0 7.74138230551 0.0
57853.9725463 7.80864905089 0.0 7.80864905089 0.0
57853.9725926 7.68023437142 0.0 7.68023437142 0.0
57853.9726389 7.75235448106 0.0 7.75235448106 0.0
57853.9726852 7.81888738888 0.0 7.81888738888 0.0
57853.9727546 7.82540733764 0.0 7.82540733764 0.0
57853.9728009 7.66009138327 0.0 7.66009138327 0.0
57853.9728472 7.68355386524 0.0 7.68355386524 0.0
57853.9728935 7.79807668595 0.0 7.79807668595 0.0
57853.972963 7.78832459519 0.0 7.78832459519 0.0
57853.9730093 7.70824234181 0.0 7.70824234181 0.0
57853.9730556 2.70203626919 0.0 2.70203626919 0.0
57853.9731019 1.17643529359 0.0 1.17643529359 0.0
57853.9753472 5.81437872863 0.0 5.81437872863 0.0
57853.9753935 14.2638003351 0.0 14.2638003351 0.0
57853.9754398 42.1850091857 0.0 42.1850091857 0.0
57853.9754861 41.0094867073 0.0 41.0094867073 0.0
57853.9755556 35.2053973135 0.0 35.2053973135 0.0
57853.9756019 7.97069633094 0.0 7.97069633094 0.0
57853.9756481 7.96969259131 0.0 7.96969259131 0.0
57853.9756944 7.88802890461 0.0 7.88802890461 0.0
57853.9757755 7.81773624523 0.0 7.81773624523 0.0
57853.9758102 7.71589268977 0.0 7.71589268977 0.0
57853.9758565 7.68498536108 0.0 7.68498536108 0.0
57853.9759144 7.72683635131 0.0 7.72683635131 0.0
57853.9759838 7.80884114322 0.0 7.80884114322 0.0
57853.9760301 7.77103596697 0.0 7.77103596697 0.0
57853.9760648 7.73647206419 0.0 7.73647206419 0.0
57853.9761227 7.65218922923 0.0 7.65218922923 0.0
57853.9761921 7.6297444256 0.0 7.6297444256 0.0
57853.9762384 7.6705931974 0.0 7.6705931974 0.0
57853.9762847 7.70811260945 0.0 7.70811260945 0.0
57853.976331 7.79634529764 0.0 7.79634529764 0.0
57853.9764005 7.78562778458 0.0 7.78562778458 0.0
57853.9764468 7.64565235935 0.0 7.64565235935 0.0
57853.9764931 7.67645751633 0.0 7.67645751633 0.0
57853.9765394 7.67430778637 0.0 7.67430778637 0.0
57853.9766088 7.68225227391 0.0 7.68225227391 0.0
57853.9766551 7.66400678497 0.0 7.66400678497 0.0
57853.9767014 7.74499838606 0.0 7.74499838606 0.0
57853.9767477 7.82074165281 0.0 7.82074165281 0.0
57853.9768171 7.82585458592 0.0 7.82585458592 0.0
57853.9768634 7.79858961608 0.0 7.79858961608 0.0
57853.9769213 7.89765788066 0.0 7.89765788066 0.0
57853.976956 7.91049935213 0.0 7.91049935213 0.0
57853.9770255 7.77740316558 0.0 7.77740316558 0.0
57853.9770718 7.64682940832 0.0 7.64682940832 0.0
57853.9771296 7.71038261048 0.0 7.71038261048 0.0
57853.9771759 7.72191686047 0.0 7.72191686047 0.0
57853.9772454 7.75854367778 0.0 7.75854367778 0.0
57853.9772917 7.69909085542 0.0 7.69909085542 0.0
57853.977338 7.76305352294 0.0 7.76305352294 0.0
57853.9773843 7.91814372186 0.0 7.91814372186 0.0
57853.9774537 7.81907922968 0.0 7.81907922968 0.0
57853.9775 7.65062088984 0.0 7.65062088984 0.0
57853.9775463 7.70142843893 0.0 7.70142843893 0.0
57853.9775926 7.75596544603 0.0 7.75596544603 0.0
57853.977662 7.74286768581 0.0 7.74286768581 0.0
57853.9777083 7.72010362625 0.0 7.72010362625 0.0
57853.9777546 7.79615289742 0.0 7.79615289742 0.0
57853.9778009 7.87057812362 0.0 7.87057812362 0.0
57853.9778704 7.86466782515 0.0 7.86466782515 0.0
57853.9779167 7.67723908707 0.0 7.67723908707 0.0
57853.977963 7.78190208111 0.0 7.78190208111 0.0
57853.9780093 7.89442841503 0.0 7.89442841503 0.0
57853.9780787 7.93567892496 0.0 7.93567892496 0.0
57853.9781366 7.66270187336 0.0 7.66270187336 0.0
57853.9781829 7.66283237452 0.0 7.66283237452 0.0
57853.9782176 7.72495954682 0.0 7.72495954682 0.0
57853.978287 7.72703047749 0.0 7.72703047749 0.0
57853.9783449 7.66883302726 0.0 7.66883302726 0.0
57853.9783912 7.74151148032 0.0 7.74151148032 0.0
57853.9784375 7.82866527577 0.0 7.82866527577 0.0
57853.9785069 7.68986345783 0.0 7.68986345783 0.0
57853.9785532 7.65571681817 0.0 7.65571681817 0.0
57853.9785995 7.66896342409 0.0 7.66896342409 0.0
57853.9786458 7.75557863734 0.0 7.75557863734 0.0
57853.9787153 7.83670849273 0.0 7.83670849273 0.0
57853.9787616 7.72159309987 0.0 7.72159309987 0.0
57853.9788079 7.70837207197 0.0 7.70837207197 0.0
57853.9788542 7.67313495255 0.0 7.67313495255 0.0
57853.9789236 7.68361893902 0.0 7.68361893902 0.0
57853.9789699 7.67443809018 0.0 7.67443809018 0.0
57853.9790162 7.63354439301 0.0 7.63354439301 0.0
57853.9790741 7.66524624523 0.0 7.66524624523 0.0
57853.9791435 7.65382257437 0.0 7.65382257437 0.0
57853.9791782 7.61990813593 0.0 7.61990813593 0.0
57853.9792245 7.6733304373 0.0 7.6733304373 0.0
57853.9792824 7.74648307298 0.0 7.74648307298 0.0
57853.9815972 42.9911618824 0.0 42.9911618824 0.0
57853.9816435 39.5844792817 0.0 39.5844792817 0.0
57853.9816898 38.2475620138 0.0 38.2475620138 0.0
57853.9817361 37.9952760222 0.0 37.9952760222 0.0
57853.9818056 35.4860958687 0.0 35.4860958687 0.0
57853.9818519 7.8009614792 0.0 7.8009614792 0.0
57853.9818981 7.77759602962 0.0 7.77759602962 0.0
57853.9819444 7.74331970152 0.0 7.74331970152 0.0
57853.9820255 7.61656090372 0.0 7.61656090372 0.0
57853.9820602 7.58129276575 0.0 7.58129276575 0.0
57853.9821065 7.60841639239 0.0 7.60841639239 0.0
57853.9821644 7.69889602476 0.0 7.69889602476 0.0
57853.9822338 7.76479233463 0.0 7.76479233463 0.0
57853.9822801 7.6 0.0 7.6 0.0
57853.9823148 7.63701512372 0.0 7.63701512372 0.0
57853.9823727 7.71854908645 0.0 7.71854908645 0.0
57853.9824421 7.70915040715 0.0 7.70915040715 0.0
57853.9824884 7.64624090648 0.0 7.64624090648 0.0
57853.9825347 7.67886710394 0.0 7.67886710394 0.0
57853.982581 7.72897147103 0.0 7.72897147103 0.0
57853.9826505 7.67430778637 0.0 7.67430778637 0.0
57853.9826968 7.63747340421 0.0 7.63747340421 0.0
57853.9827431 7.65160113963 0.0 7.65160113963 0.0
57853.9827894 7.65251592615 0.0 7.65251592615 0.0
57853.9828588 7.72120456924 0.0 7.72120456924 0.0
57853.9829051 7.65983028533 0.0 7.65983028533 0.0
57853.9829514 7.68140612128 0.0 7.68140612128 0.0
57853.9829977 7.71109590136 0.0 7.71109590136 0.0
57853.9830671 7.7274187152 0.0 7.7274187152 0.0
57853.9831134 7.64558696242 0.0 7.64558696242 0.0
57853.9831713 7.70272678991 0.0 7.70272678991 0.0
57853.983206 7.81939895388 0.0 7.81939895388 0.0
57853.9832755 7.84136467715 0.0 7.84136467715 0.0
57853.9833218 7.63832442359 0.0 7.63832442359 0.0
57853.9833796 7.69870118916 0.0 7.69870118916 0.0
57853.9834259 7.8060873682 0.0 7.8060873682 0.0
57853.9834954 8.01043070003 0.0 8.01043070003 0.0
57853.9835417 7.67971353632 0.0 7.67971353632 0.0
57853.983588 7.75777029822 0.0 7.75777029822 0.0
57853.9836343 7.77019948264 0.0 7.77019948264 0.0
57853.9837037 7.73537329416 0.0 7.73537329416 0.0
57853.98375 7.61012483472 0.0 7.61012483472 0.0
57853.9837963 7.6422509773 0.0 7.6422509773 0.0
57853.9838426 7.63354439301 0.0 7.63354439301 0.0
57853.983912 7.57726863718 0.0 7.57726863718 0.0
57853.9839583 7.61314652427 0.0 7.61314652427 0.0
57853.9840046 7.62804037745 0.0 7.62804037745 0.0
57853.9840509 7.63596752219 0.0 7.63596752219 0.0
57853.9841204 7.63433035701 0.0 7.63433035701 0.0
57853.9841667 7.5638614477 0.0 7.5638614477 0.0
57853.984213 7.56511731568 0.0 7.56511731568 0.0
57853.9842593 7.57344043352 0.0 7.57344043352 0.0
57853.9843287 7.61235837307 0.0 7.61235837307 0.0
57853.9843866 7.57825837511 0.0 7.57825837511 0.0
57853.9844329 7.58860988588 0.0 7.58860988588 0.0
57853.9844676 7.62469671528 0.0 7.62469671528 0.0
57853.984537 7.64794089935 0.0 7.64794089935 0.0
57853.9845949 7.58050130268 0.0 7.58050130268 0.0
57853.9846412 7.61183289359 0.0 7.61183289359 0.0
57853.9846875 7.61340922321 0.0 7.61340922321 0.0
57853.9847569 7.66902862167 0.0 7.66902862167 0.0
57853.9848032 7.64336313412 0.0 7.64336313412 0.0
57853.9848495 7.68452991405 0.0 7.68452991405 0.0
57853.9848958 7.7193911677 0.0 7.7193911677 0.0
57853.9849653 7.65989556065 0.0 7.65989556065 0.0
57853.9850116 7.56313427092 0.0 7.56313427092 0.0
57853.9850579 7.5895322649 0.0 7.5895322649 0.0
57853.9851042 7.57753257994 0.0 7.57753257994 0.0
57853.9851736 7.5618780736 0.0 7.5618780736 0.0
57853.9852199 7.5736384915 0.0 7.5736384915 0.0
57853.9852662 7.62128598073 0.0 7.62128598073 0.0
57853.9853241 7.63838988269 0.0 7.63838988269 0.0
57853.9853935 7.57192181682 0.0 7.57192181682 0.0
57853.9854282 7.68420457822 0.0 7.68420457822 0.0
57853.9854745 2.25654603321 0.0 2.25654603321 0.0
57853.9855324 0.926282894153 0.0 0.926282894153 0.0
57853.9878472 7.85728960902 0.0 7.85728960902 0.0
57853.9878935 16.8991124027 0.0 16.8991124027 0.0
57853.9879398 36.115453756 0.0 36.115453756 0.0
57853.9879861 37.3539957702 0.0 37.3539957702 0.0
57853.9880556 31.9958591071 0.0 31.9958591071 0.0
57853.9881019 7.80992957715 0.0 7.80992957715 0.0
57853.9881481 7.8551257151 0.0 7.8551257151 0.0
57853.9881944 7.95543839144 0.0 7.95543839144 0.0
57853.9882755 7.79948716263 0.0 7.79948716263 0.0
57853.9883102 7.65251592615 0.0 7.65251592615 0.0
57853.9883565 7.62023621681 0.0 7.62023621681 0.0
57853.9884144 7.73162337417 0.0 7.73162337417 0.0
57853.9884838 7.65473709542 0.0 7.65473709542 0.0
57853.9885301 7.61518220399 0.0 7.61518220399 0.0
57853.9885648 7.70123366741 0.0 7.70123366741 0.0
57853.9886227 7.71368913037 0.0 7.71368913037 0.0
57853.9886921 7.68726219144 0.0 7.68726219144 0.0
57853.9887384 7.62692598627 0.0 7.62692598627 0.0
57853.9887847 7.6828380173 0.0 7.6828380173 0.0
57853.988831 7.83823959828 0.0 7.83823959828 0.0
57853.9889005 7.8882190639 0.0 7.8882190639 0.0
57853.9889468 7.81639303004 0.0 7.81639303004 0.0
57853.9889931 8.00593529826 0.0 8.00593529826 0.0
57853.9890394 8.03722588957 0.0 8.03722588957 0.0
57853.9891088 8.02882307689 0.0 8.02882307689 0.0
57853.9891551 7.77618158224 0.0 7.77618158224 0.0
57853.9892014 7.90632658066 0.0 7.90632658066 0.0
57853.9892477 8.0254594884 0.0 8.0254594884 0.0
57853.9893171 7.89347832074 0.0 7.89347832074 0.0
57853.9893634 7.67215745407 0.0 7.67215745407 0.0
57853.9894213 7.72327650677 0.0 7.72327650677 0.0
57853.989456 7.78556356342 0.0 7.78556356342 0.0
57853.9895255 7.7422219033 0.0 7.7422219033 0.0
57853.9895718 7.59038865935 0.0 7.59038865935 0.0
57853.9896296 7.59664399587 0.0 7.59664399587 0.0
57853.9896759 7.57713666235 0.0 7.57713666235 0.0
57853.9897454 7.57819239661 0.0 7.57819239661 0.0
57853.9897917 7.67951821405 0.0 7.67951821405 0.0
57853.989838 7.68212210265 0.0 7.68212210265 0.0
57853.9898843 7.70305134346 0.0 7.70305134346 0.0
57853.9899537 7.63465781813 0.0 7.63465781813 0.0
57853.99 7.71615189068 0.0 7.71615189068 0.0
57853.9900463 7.83511327295 0.0 7.83511327295 0.0
57853.9900926 7.89632826065 0.0 7.89632826065 0.0
57853.990162 7.79294552785 0.0 7.79294552785 0.0
57853.9902083 7.63171016221 0.0 7.63171016221 0.0
57853.9902546 7.63766980171 0.0 7.63766980171 0.0
57853.9903009 7.62692598627 0.0 7.62692598627 0.0
57853.9903704 7.60269688992 0.0 7.60269688992 0.0
57853.9904167 7.62482786691 0.0 7.62482786691 0.0
57853.990463 7.67228779439 0.0 7.67228779439 0.0
57853.9905093 7.65591274767 0.0 7.65591274767 0.0
57853.9905787 7.62200760955 0.0 7.62200760955 0.0
57853.9906366 7.54400424178 0.0 7.54400424178 0.0
57853.9906829 7.53724087448 0.0 7.53724087448 0.0
57853.9907176 7.54241340686 0.0 7.54241340686 0.0
57853.990787 7.57205388253 0.0 7.57205388253 0.0
57853.9908449 7.57093125051 0.0 7.57093125051 0.0
57853.9908912 7.55857129357 0.0 7.55857129357 0.0
57853.9909375 7.56115070608 0.0 7.56115070608 0.0
57853.9910069 7.54903967402 0.0 7.54903967402 0.0
57853.9910532 7.61045333735 0.0 7.61045333735 0.0
57853.9910995 7.69246384457 0.0 7.69246384457 0.0
57853.9911458 7.6827729369 0.0 7.6827729369 0.0
57853.9912153 7.67626211121 0.0 7.67626211121 0.0
57853.9912616 7.61097891207 0.0 7.61097891207 0.0
57853.9913079 7.66472439165 0.0 7.66472439165 0.0
57853.9913542 7.6800390624 0.0 7.6800390624 0.0
57853.9914236 7.72418280467 0.0 7.72418280467 0.0
57853.9914699 7.62731931939 0.0 7.62731931939 0.0
57853.9915162 7.64081147523 0.0 7.64081147523 0.0
57853.9915741 7.72068649797 0.0 7.72068649797 0.0
57853.9916435 7.6904486215 0.0 7.6904486215 0.0
57853.9916782 7.5709972923 0.0 7.5709972923 0.0
57853.9917245 2.39979165762 0.0 2.39979165762 0.0
57853.9917824 1.01980390272 0.0 1.01980390272 0.0
57853.9940972 10.8427856199 0.0 10.8427856199 0.0
57853.9941435 19.8534128049 0.0 19.8534128049 0.0
57853.9941898 38.4310291301 0.0 38.4310291301 0.0
57853.9942361 41.4085015426 0.0 41.4085015426 0.0
57853.9943056 34.8404075751 0.0 34.8404075751 0.0
57853.9943519 7.81274599613 0.0 7.81274599613 0.0
57853.9943981 7.80487027439 0.0 7.80487027439 0.0
57853.9944444 7.81760832992 0.0 7.81760832992 0.0
57853.9945255 7.86167920994 0.0 7.86167920994 0.0
57853.9945602 7.67078874693 0.0 7.67078874693 0.0
57853.9946065 7.70214255905 0.0 7.70214255905 0.0
57853.9946644 7.74486926939 0.0 7.74486926939 0.0
57853.9947338 7.62135158617 0.0 7.62135158617 0.0
57853.9947801 7.67704370184 0.0 7.67704370184 0.0
57853.9948148 7.71764212697 0.0 7.71764212697 0.0
57853.9948727 7.70350569546 0.0 7.70350569546 0.0
57853.9949421 7.72942429939 0.0 7.72942429939 0.0
57853.9949884 7.68413950941 0.0 7.68413950941 0.0
57853.9950347 7.77264433768 0.0 7.77264433768 0.0
57853.995081 7.8816241981 0.0 7.8816241981 0.0
57853.9951505 7.83817580818 0.0 7.83817580818 0.0
57853.9951968 7.59894729551 0.0 7.59894729551 0.0
57853.9952431 7.64329771761 0.0 7.64329771761 0.0
57853.9952894 7.69688248579 0.0 7.69688248579 0.0
57853.9953588 7.71297607931 0.0 7.71297607931 0.0
57853.9954051 7.52960822354 0.0 7.52960822354 0.0
57853.9954514 7.56894972899 0.0 7.56894972899 0.0
57853.9954977 7.61025623747 0.0 7.61025623747 0.0
57853.9955671 7.6092706615 0.0 7.6092706615 0.0
57853.9956134 7.54075593028 0.0 7.54075593028 0.0
57853.9956713 7.56630689306 0.0 7.56630689306 0.0
57853.995706 7.5894663844 0.0 7.5894663844 0.0
57853.9957755 7.6281059248 0.0 7.6281059248 0.0
57853.9958218 7.63439585036 0.0 7.63439585036 0.0
57853.9958796 7.65741470733 0.0 7.65741470733 0.0
57853.9959259 7.60854782465 0.0 7.60854782465 0.0
57853.9959954 7.53571496276 0.0 7.53571496276 0.0
57853.9960417 7.59170600063 0.0 7.59170600063 0.0
57853.996088 7.6464370788 0.0 7.6464370788 0.0
57853.9961343 7.67476384001 0.0 7.67476384001 0.0
57853.9962037 7.6713753656 0.0 7.6713753656 0.0
57853.99625 7.63675323681 0.0 7.63675323681 0.0
57853.9962963 7.70726929593 0.0 7.70726929593 0.0
57853.9963426 7.74938707254 0.0 7.74938707254 0.0
57853.996412 7.70778826902 0.0 7.70778826902 0.0
57853.9964583 7.57733462373 0.0 7.57733462373 0.0
57853.9965046 7.57977572228 0.0 7.57977572228 0.0
57853.9965509 7.61728298017 0.0 7.61728298017 0.0
57853.9966204 7.6631586177 0.0 7.6631586177 0.0
57853.9966667 7.56326649008 0.0 7.56326649008 0.0
57853.996713 7.60959920101 0.0 7.60959920101 0.0
57853.9967593 7.61597006297 0.0 7.61597006297 0.0
57853.9968287 7.59348404884 0.0 7.59348404884 0.0
57853.9968866 7.60670756635 0.0 7.60670756635 0.0
57853.9969329 7.64041883669 0.0 7.64041883669 0.0
57853.9969676 7.65898165555 0.0 7.65898165555 0.0
57853.997037 7.63694965284 0.0 7.63694965284 0.0
57853.9970949 7.57456269365 0.0 7.57456269365 0.0
57853.9971412 7.59934207679 0.0 7.59934207679 0.0
57853.9971875 7.62062989523 0.0 7.62062989523 0.0
57853.9972569 7.61918630826 0.0 7.61918630826 0.0
57853.9973032 7.61432859811 0.0 7.61432859811 0.0
57853.9973495 7.58814865432 0.0 7.58814865432 0.0
57853.9973958 7.5909156233 0.0 7.5909156233 0.0
57853.9974653 7.63557463456 0.0 7.63557463456 0.0
57853.9975116 7.63727700165 0.0 7.63727700165 0.0
57853.9975579 7.63596752219 0.0 7.63596752219 0.0
57853.9976042 7.60249958895 0.0 7.60249958895 0.0
57853.9976736 7.601973428 0.0 7.601973428 0.0
57853.9977199 7.62390975812 0.0 7.62390975812 0.0
57853.9977662 7.59736796529 0.0 7.59736796529 0.0
57853.9978241 7.57674072408 0.0 7.57674072408 0.0
57853.9978935 7.55876974117 0.0 7.55876974117 0.0
57853.9979282 7.69701240742 0.0 7.69701240742 0.0
57853.9979745 2.41971072651 0.0 2.41971072651 0.0
57853.9980324 1.01094015649 0.0 1.01094015649 0.0
57854.0003472 8.54529110095 0.0 8.54529110095 0.0
57854.0003935 17.2448253108 0.0 17.2448253108 0.0
57854.0004398 34.3091387243 0.0 34.3091387243 0.0
57854.0004861 35.2318747727 0.0 35.2318747727 0.0
57854.0005556 28.2926315496 0.0 28.2926315496 0.0
57854.0006019 7.79461352474 0.0 7.79461352474 0.0
57854.0006481 7.7908279406 0.0 7.7908279406 0.0
57854.0006944 7.81159394746 0.0 7.81159394746 0.0
57854.0007755 7.75615884314 0.0 7.75615884314 0.0
57854.0008102 7.60243382082 0.0 7.60243382082 0.0
57854.0008565 7.58472148467 0.0 7.58472148467 0.0
57854.0009144 7.59769701949 0.0 7.59769701949 0.0
57854.0009838 7.58986165882 0.0 7.58986165882 0.0
57854.0010301 7.56029099969 0.0 7.56029099969 0.0
57854.0010648 7.55678503069 0.0 7.55678503069 0.0
57854.0011227 7.56683553409 0.0 7.56683553409 0.0
57854.0011921 7.61419726563 0.0 7.61419726563 0.0
57854.0012384 7.5654477726 0.0 7.5654477726 0.0
57854.0012847 7.59433999766 0.0 7.59433999766 0.0
57854.001331 7.63059630697 0.0 7.63059630697 0.0
57854.0014005 7.63845534123 0.0 7.63845534123 0.0
57854.0014468 7.72508899625 0.0 7.72508899625 0.0
57854.0014931 7.77907449508 0.0 7.77907449508 0.0
57854.0015394 7.69402365476 0.0 7.69402365476 0.0
57854.0016088 7.64166212286 0.0 7.64166212286 0.0
57854.0016551 7.59697308143 0.0 7.59697308143 0.0
57854.0017014 7.63302037204 0.0 7.63302037204 0.0
57854.0017477 7.69753207203 0.0 7.69753207203 0.0
57854.0018171 7.65343060333 0.0 7.65343060333 0.0
57854.0018634 7.64480215571 0.0 7.64480215571 0.0
57854.0019213 7.65858994855 0.0 7.65858994855 0.0
57854.001956 7.69285382677 0.0 7.69285382677 0.0
57854.0020255 7.61347489652 0.0 7.61347489652 0.0
57854.0020718 7.62954782408 0.0 7.62954782408 0.0
57854.0021296 7.66955018238 0.0 7.66955018238 0.0
57854.0021759 7.69967531783 0.0 7.69967531783 0.0
57854.0022454 7.68426964649 0.0 7.68426964649 0.0
57854.0022917 7.58498516808 0.0 7.58498516808 0.0
57854.002338 7.6381935037 0.0 7.6381935037 0.0
57854.0023843 7.64996732019 0.0 7.64996732019 0.0
57854.0024537 7.62758153021 0.0 7.62758153021 0.0
57854.0025 7.58781918604 0.0 7.58781918604 0.0
57854.0025463 7.60217074262 0.0 7.60217074262 0.0
57854.0025926 7.59038865935 0.0 7.59038865935 0.0
57854.002662 7.64257809904 0.0 7.64257809904 0.0
57854.0027083 7.62148279536 0.0 7.62148279536 0.0
57854.0027546 7.64454053557 0.0 7.64454053557 0.0
57854.0028009 7.66263662195 0.0 7.66263662195 0.0
57854.0028704 7.64833315174 0.0 7.64833315174 0.0
57854.0029167 7.53266221199 0.0 7.53266221199 0.0
57854.002963 7.54181675725 0.0 7.54181675725 0.0
57854.0030093 7.57535477717 0.0 7.57535477717 0.0
57854.0030787 7.61977689962 0.0 7.61977689962 0.0
57854.0031366 7.56498512887 0.0 7.56498512887 0.0
57854.0031829 7.57806043787 0.0 7.57806043787 0.0
57854.0032176 7.63956805062 0.0 7.63956805062 0.0
57854.003287 7.58788508084 0.0 7.58788508084 0.0
57854.0033449 7.66733330435 0.0 7.66733330435 0.0
57854.0033912 7.71323537823 0.0 7.71323537823 0.0
57854.0034375 7.73666594859 0.0 7.73666594859 0.0
57854.0035069 7.65937334251 0.0 7.65937334251 0.0
57854.0035532 7.57528877337 0.0 7.57528877337 0.0
57854.0035995 7.69278883111 0.0 7.69278883111 0.0
57854.0036458 7.84608182471 0.0 7.84608182471 0.0
57854.0037153 7.77444531783 0.0 7.77444531783 0.0
57854.0037616 7.55367460247 0.0 7.55367460247 0.0
57854.0038079 7.5443356235 0.0 7.5443356235 0.0
57854.0038542 7.55612334468 0.0 7.55612334468 0.0
57854.0039236 7.52642013178 0.0 7.52642013178 0.0
57854.0039699 7.55982804037 0.0 7.55982804037 0.0
57854.0040162 7.60276265577 0.0 7.60276265577 0.0
57854.0040741 7.6160357142 0.0 7.6160357142 0.0
