57853.9277894 39.7249979498 0.0 40.7108798307 0.0
57853.9340394 39.6534354608 0.0 40.6375413275 0.0
57853.9402894 38.7946999 0.0 39.89618764 0.0
57853.9465394 39.5829777043 0.0 40.6622654224 0.0
57853.9527894 39.4995612987 0.0 40.4847390689 0.0
57853.969456 40.005860604 0.0 40.9889521726 0.0
57853.975706 40.1306351089 0.0 41.1167928474 0.0
57853.981956 41.3195413387 0.0 42.2873432777 0.0
57853.988206 41.7129625865 0.0 42.5851049032 0.0
57853.994456 42.2033076475 0.0 43.1736253838 0.0
57854.000706 42.7735746424 0.0 43.7436202842 0.0
