57850.828475 9.6813847393 0.0 9.6813847393 0.0
57850.828479 9.64883570937 0.0 9.64883570937 0.0
57850.828484 9.62417297373 0.0 9.62417297373 0.0
57850.828488 9.62836878043 0.0 9.62836878043 0.0
57850.828493 9.66163226576 0.0 9.66163226576 0.0
57850.828498 9.72449593891 0.0 9.72449593891 0.0
57850.828502 9.81780482376 0.0 9.81780482376 0.0
57850.828507 9.94277209687 0.0 9.94277209687 0.0
57850.828512 10.1009738578 0.0 10.1009738578 0.0
57850.828516 10.2943861306 0.0 10.2943861306 0.0
57850.828521 10.525451281 0.0 10.525451281 0.0
57850.828525 10.7971586646 0.0 10.7971586646 0.0
57850.82853 11.1131175935 0.0 11.1131175935 0.0
57850.828535 11.4776214437 0.0 11.4776214437 0.0
57850.828539 11.8957805131 0.0 11.8957805131 0.0
57850.828544 12.3737749652 0.0 12.3737749652 0.0
57850.828549 12.0461628183 0.0 12.0461628183 0.0
57850.828553 11.4830139207 0.0 11.4830139207 0.0
57850.828558 11.1260311259 0.0 11.1260311259 0.0
57850.828562 10.9490122471 0.0 10.9490122471 0.0
57850.828567 10.9389367184 0.0 10.9389367184 0.0
57850.828572 11.0938741176 0.0 11.0938741176 0.0
57850.828576 11.4225031621 0.0 11.4225031621 0.0
57850.828581 11.9450042704 0.0 11.9450042704 0.0
57850.828586 12.6957990637 0.0 12.6957990637 0.0
57850.82859 13.7283746919 0.0 13.7283746919 0.0
57850.828595 14.1119124736 0.0 14.1119124736 0.0
57850.8286 13.8863295625 0.0 13.8863295625 0.0
57850.828604 13.7170713494 0.0 13.7170713494 0.0
57850.828609 13.6123943043 0.0 13.6123943043 0.0
57850.828613 13.5782450621 0.0 13.5782450621 0.0
57850.828618 13.9462776732 0.0 13.9462776732 0.0
57850.828623 14.0729825325 0.0 14.0729825325 0.0
57850.828627 14.2808933911 0.0 14.2808933911 0.0
57850.828632 14.5680028578 0.0 14.5680028578 0.0
57850.828637 14.9290532049 0.0 14.9290532049 0.0
57850.828641 14.8219788637 0.0 14.8219788637 0.0
57850.828646 14.2950514531 0.0 14.2950514531 0.0
57850.82865 13.8872910441 0.0 13.8872910441 0.0
57850.828655 13.5880317007 0.0 13.5880317007 0.0
57850.82866 13.3894472377 0.0 13.3894472377 0.0
57850.828664 13.2864203349 0.0 13.2864203349 0.0
57850.828669 13.2761485792 0.0 13.2761485792 0.0
57850.828674 13.3580152964 0.0 13.3580152964 0.0
57850.828678 13.5335282018 0.0 13.5335282018 0.0
57850.828683 13.8063025249 0.0 13.8063025249 0.0
57850.828687 13.8006233646 0.0 13.8006233646 0.0
57850.828692 13.353915217 0.0 13.353915217 0.0
57850.828697 12.979715259 0.0 12.979715259 0.0
57850.828701 12.6728483286 0.0 12.6728483286 0.0
57850.828706 12.4289920236 0.0 12.4289920236 0.0
57850.828711 12.2445274028 0.0 12.2445274028 0.0
57850.828715 12.1166674776 0.0 12.1166674776 0.0
57850.82872 12.0432308323 0.0 12.0432308323 0.0
57850.828725 12.022782079 0.0 12.022782079 0.0
57850.828729 12.054460242 0.0 12.054460242 0.0
57850.828734 12.1380258407 0.0 12.1380258407 0.0
57850.828738 12.2737399596 0.0 12.2737399596 0.0
57850.828743 12.4624534776 0.0 12.4624534776 0.0
57850.828748 12.7054936381 0.0 12.7054936381 0.0
57850.828752 13.0045947163 0.0 13.0045947163 0.0
57850.828757 13.0777094514 0.0 13.0777094514 0.0
57850.828762 12.0869540641 0.0 12.0869540641 0.0
57850.828766 11.3909947633 0.0 11.3909947633 0.0
57850.828771 10.9360826331 0.0 10.9360826331 0.0
57850.828775 10.6889520062 0.0 10.6889520062 0.0
57850.82878 10.6313429375 0.0 10.6313429375 0.0
57850.828785 10.757348005 0.0 10.757348005 0.0
57850.828789 11.0719580483 0.0 11.0719580483 0.0
57850.828794 11.5912116534 0.0 11.5912116534 0.0
57850.828799 12.343395555 0.0 12.343395555 0.0
57850.828803 13.1941629596 0.0 13.1941629596 0.0
57850.828808 12.6656001001 0.0 12.6656001001 0.0
57850.828813 12.2671677367 0.0 12.2671677367 0.0
57850.828817 11.9920948639 0.0 11.9920948639 0.0
57850.828822 11.8350627238 0.0 11.8350627238 0.0
57850.828826 11.7926389169 0.0 11.7926389169 0.0
57850.828831 12.2921088492 0.0 12.2921088492 0.0
57850.828836 12.4782576418 0.0 12.4782576418 0.0
57850.82884 12.7884605071 0.0 12.7884605071 0.0
57850.828845 13.2288901005 0.0 13.2288901005 0.0
57850.82885 13.7888033383 0.0 13.7888033383 0.0
57850.828854 13.5181155298 0.0 13.5181155298 0.0
57850.828859 13.3215853526 0.0 13.3215853526 0.0
57850.828863 13.195167473 0.0 13.195167473 0.0
57850.828868 13.1360809748 0.0 13.1360809748 0.0
57850.828873 13.1427337738 0.0 13.1427337738 0.0
57850.828877 13.2145519432 0.0 13.2145519432 0.0
57850.828882 13.3520617155 0.0 13.3520617155 0.0
57850.828887 13.5567604769 0.0 13.5567604769 0.0
57850.828891 13.8311419501 0.0 13.8311419501 0.0
57850.828896 14.1787732122 0.0 14.1787732122 0.0
57850.8289 13.6406060024 0.0 13.6406060024 0.0
57850.828905 13.1503069519 0.0 13.1503069519 0.0
57850.82891 12.7607725896 0.0 12.7607725896 0.0
57850.828914 12.4643563427 0.0 12.4643563427 0.0
57850.828919 12.2553154631 0.0 12.2553154631 0.0
57850.828924 12.1298553622 0.0 12.1298553622 0.0
57850.828928 12.0859084466 0.0 12.0859084466 0.0
57850.828933 12.1231084181 0.0 12.1231084181 0.0
57850.828937 12.2429821126 0.0 12.2429821126 0.0
57850.828942 12.4488917419 0.0 12.4488917419 0.0
57850.828947 12.7461745011 0.0 12.7461745011 0.0
57850.828951 13.1424966135 0.0 13.1424966135 0.0
57850.828956 13.6480398127 0.0 13.6480398127 0.0
57850.828961 14.2758416866 0.0 14.2758416866 0.0
57850.828965 15.0422448357 0.0 15.0422448357 0.0
57850.82897 14.1749949371 0.0 14.1749949371 0.0
57850.828975 12.9737165757 0.0 12.9737165757 0.0
57850.828979 12.1403468969 0.0 12.1403468969 0.0
57850.828984 11.5940848459 0.0 11.5940848459 0.0
57850.828988 11.2855361073 0.0 11.2855361073 0.0
57850.828993 11.1865726024 0.0 11.1865726024 0.0
57850.828998 11.2848498168 0.0 11.2848498168 0.0
57850.829002 11.5811359997 0.0 11.5811359997 0.0
57850.829007 12.0883169743 0.0 12.0883169743 0.0
57850.829012 12.8318842968 0.0 12.8318842968 0.0
57850.829016 12.8399467715 0.0 12.8399467715 0.0
57850.829021 12.3723528694 0.0 12.3723528694 0.0
57850.829025 12.0211896857 0.0 12.0211896857 0.0
57850.82903 11.7904792651 0.0 11.7904792651 0.0
57850.829035 11.681164807 0.0 11.681164807 0.0
57850.829039 11.0403722104 0.0 11.0403722104 0.0
57850.829044 11.1643901083 0.0 11.1643901083 0.0
57850.829049 11.402953474 0.0 11.402953474 0.0
57850.829053 11.7536692758 0.0 11.7536692758 0.0
57850.829058 12.210287416 0.0 12.210287416 0.0
57850.829063 12.2429713414 0.0 12.2429713414 0.0
57850.829067 11.9213167011 0.0 11.9213167011 0.0
57850.829072 11.6872010736 0.0 11.6872010736 0.0
57850.829076 11.5408042263 0.0 11.5408042263 0.0
57850.829081 11.481649366 0.0 11.481649366 0.0
57850.829086 11.5092055742 0.0 11.5092055742 0.0
57850.82909 11.6229089804 0.0 11.6229089804 0.0
57850.829095 11.8220441669 0.0 11.8220441669 0.0
57850.8291 12.1048322177 0.0 12.1048322177 0.0
57850.829104 12.4673572428 0.0 12.4673572428 0.0
57850.829109 12.4578256705 0.0 12.4578256705 0.0
57850.829113 12.0047733723 0.0 12.0047733723 0.0
57850.829118 11.6276178889 0.0 11.6276178889 0.0
57850.829123 11.3200960941 0.0 11.3200960941 0.0
57850.829127 11.0771076957 0.0 11.0771076957 0.0
57850.829132 10.8945165135 0.0 10.8945165135 0.0
57850.829137 10.7692268059 0.0 10.7692268059 0.0
57850.829141 10.6989179417 0.0 10.6989179417 0.0
57850.829146 10.6821798377 0.0 10.6821798377 0.0
57850.82915 10.7182996938 0.0 10.7182996938 0.0
57850.829155 10.8072848542 0.0 10.8072848542 0.0
57850.82916 10.9497756702 0.0 10.9497756702 0.0
57850.829164 11.1470730287 0.0 11.1470730287 0.0
57850.829169 11.4009295098 0.0 11.4009295098 0.0
57850.829174 11.7135844484 0.0 11.7135844484 0.0
57850.829178 11.8580644969 0.0 11.8580644969 0.0
57850.829183 11.3081098726 0.0 11.3081098726 0.0
57850.829187 10.9014429709 0.0 10.9014429709 0.0
57850.829192 10.6248628036 0.0 10.6248628036 0.0
57850.829197 10.4692243368 0.0 10.4692243368 0.0
57850.829201 10.4292851993 0.0 10.4292851993 0.0
57850.829206 10.5036876377 0.0 10.5036876377 0.0
57850.829211 10.6948715941 0.0 10.6948715941 0.0
57850.829215 11.0092252098 0.0 11.0092252098 0.0
57850.82922 11.457522451 0.0 11.457522451 0.0
57850.829225 11.9196124986 0.0 11.9196124986 0.0
57850.829229 11.6559071209 0.0 11.6559071209 0.0
57850.829234 11.4643746302 0.0 11.4643746302 0.0
57850.829238 11.3489078565 0.0 11.3489078565 0.0
57850.829243 11.3115286518 0.0 11.3115286518 0.0
57850.829248 11.249611705 0.0 11.249611705 0.0
57850.829252 11.3681221648 0.0 11.3681221648 0.0
57850.829257 11.5632185733 0.0 11.5632185733 0.0
57850.829262 11.8324459929 0.0 11.8324459929 0.0
57850.829266 12.1713509586 0.0 12.1713509586 0.0
57850.829271 12.4781677672 0.0 12.4781677672 0.0
57850.829275 11.5283201217 0.0 11.5283201217 0.0
57850.82928 10.8771461146 0.0 10.8771461146 0.0
57850.829285 10.4618285017 0.0 10.4618285017 0.0
57850.829289 10.2461902401 0.0 10.2461902401 0.0
57850.829294 10.2128569526 0.0 10.2128569526 0.0
57850.829299 10.3600325934 0.0 10.3600325934 0.0
57850.829303 10.7010991601 0.0 10.7010991601 0.0
57850.829308 11.267847338 0.0 11.267847338 0.0
57850.829312 12.1179475155 0.0 12.1179475155 0.0
57850.829317 13.3506192792 0.0 13.3506192792 0.0
57850.829322 12.5703956917 0.0 12.5703956917 0.0
57850.829326 11.9265586346 0.0 11.9265586346 0.0
57850.829331 11.4306682896 0.0 11.4306682896 0.0
57850.829336 11.0572761218 0.0 11.0572761218 0.0
57850.82934 10.7887084724 0.0 10.7887084724 0.0
57850.829345 10.6129848966 0.0 10.6129848966 0.0
57850.82935 10.522309639 0.0 10.522309639 0.0
57850.829354 10.512476345 0.0 10.512476345 0.0
57850.829359 10.5822738266 0.0 10.5822738266 0.0
57850.829363 10.7333412039 0.0 10.7333412039 0.0
57850.829368 10.9703586425 0.0 10.9703586425 0.0
57850.829373 11.3013463535 0.0 11.3013463535 0.0
57850.829377 11.7382378091 0.0 11.7382378091 0.0
57850.829382 12.2981850843 0.0 12.2981850843 0.0
57850.829387 13.0050324473 0.0 13.0050324473 0.0
57850.829391 12.5833246665 0.0 12.5833246665 0.0
57850.829396 11.9016708866 0.0 11.9016708866 0.0
57850.8294 11.4066074177 0.0 11.4066074177 0.0
57850.829405 11.0863368666 0.0 11.0863368666 0.0
57850.82941 10.9337920635 0.0 10.9337920635 0.0
57850.829414 10.9476134301 0.0 10.9476134301 0.0
57850.829419 11.1330840019 0.0 11.1330840019 0.0
57850.829424 11.5028605226 0.0 11.5028605226 0.0
57850.829428 12.0778908814 0.0 12.0778908814 0.0
57850.829433 12.8874569355 0.0 12.8874569355 0.0
57850.829437 12.6360810759 0.0 12.6360810759 0.0
57850.829442 11.966837374 0.0 11.966837374 0.0
57850.829447 11.516755507 0.0 11.516755507 0.0
57850.829451 11.2530201031 0.0 11.2530201031 0.0
57850.829456 11.1572996501 0.0 11.1572996501 0.0
57850.829461 11.392421656 0.0 11.392421656 0.0
57850.829465 11.6264753432 0.0 11.6264753432 0.0
57850.82947 12.0429220717 0.0 12.0429220717 0.0
57850.829475 12.670063822 0.0 12.670063822 0.0
57850.829479 13.5539800672 0.0 13.5539800672 0.0
57850.829484 13.3116331366 0.0 13.3116331366 0.0
57850.829488 12.4096301847 0.0 12.4096301847 0.0
57850.829493 11.8271452928 0.0 11.8271452928 0.0
57850.829498 11.5057715601 0.0 11.5057715601 0.0
57850.829502 11.4147936872 0.0 11.4147936872 0.0
57850.829507 11.5450060742 0.0 11.5450060742 0.0
57850.829512 11.9070606844 0.0 11.9070606844 0.0
57850.829516 12.5338583052 0.0 12.5338583052 0.0
57850.829521 13.488257519 0.0 13.488257519 0.0
57850.829525 14.8796964901 0.0 14.8796964901 0.0
57850.82953 15.2678982966 0.0 15.2678982966 0.0
57850.829535 14.3864266127 0.0 14.3864266127 0.0
57850.829539 13.7006264068 0.0 13.7006264068 0.0
57850.829544 13.1816580463 0.0 13.1816580463 0.0
57850.829549 12.8093650947 0.0 12.8093650947 0.0
57850.829553 12.5702725462 0.0 12.5702725462 0.0
57850.829558 12.4564517391 0.0 12.4564517391 0.0
57850.829562 12.4647831596 0.0 12.4647831596 0.0
57850.829567 12.5968135519 0.0 12.5968135519 0.0
57850.829572 12.85880115 0.0 12.85880115 0.0
57850.829576 13.2622129187 0.0 13.2622129187 0.0
57850.829581 13.8246042988 0.0 13.8246042988 0.0
57850.829586 14.5708912664 0.0 14.5708912664 0.0
57850.82959 15.534999563 0.0 15.534999563 0.0
57850.829595 16.7620496113 0.0 16.7620496113 0.0
57850.8296 17.0260267455 0.0 17.0260267455 0.0
57850.829604 14.5049312016 0.0 14.5049312016 0.0
57850.829609 12.8101018322 0.0 12.8101018322 0.0
57850.829613 11.6604124977 0.0 11.6604124977 0.0
57850.829618 10.8968233203 0.0 10.8968233203 0.0
57850.829623 10.4269277834 0.0 10.4269277834 0.0
57850.829627 10.1978099282 0.0 10.1978099282 0.0
57850.829632 10.1824030402 0.0 10.1824030402 0.0
57850.829637 10.3729983206 0.0 10.3729983206 0.0
57850.829641 10.7789149527 0.0 10.7789149527 0.0
57850.829646 11.2419523973 0.0 11.2419523973 0.0
57850.82965 10.9887963656 0.0 10.9887963656 0.0
57850.829655 10.773000311 0.0 10.773000311 0.0
57850.82966 10.6012553619 0.0 10.6012553619 0.0
57850.829664 10.4777885452 0.0 10.4777885452 0.0
57850.829669 10.2350806458 0.0 10.2350806458 0.0
57850.829674 10.2124533242 0.0 10.2124533242 0.0
57850.829678 10.2392757282 0.0 10.2392757282 0.0
57850.829683 10.3120871311 0.0 10.3120871311 0.0
57850.829688 10.4255792052 0.0 10.4255792052 0.0
57850.829692 10.5475349628 0.0 10.5475349628 0.0
57850.829697 10.4642935958 0.0 10.4642935958 0.0
57850.829701 10.3903431676 0.0 10.3903431676 0.0
57850.829706 10.3254202225 0.0 10.3254202225 0.0
57850.829711 10.2693344275 0.0 10.2693344275 0.0
57850.829715 10.2218607682 0.0 10.2218607682 0.0
57850.82972 10.1828994437 0.0 10.1828994437 0.0
57850.829725 10.1523003303 0.0 10.1523003303 0.0
57850.829729 10.1299602848 0.0 10.1299602848 0.0
57850.829734 10.1158368709 0.0 10.1158368709 0.0
57850.829738 10.1039166301 0.0 10.1039166301 0.0
57850.829743 9.84349974694 0.0 9.84349974694 0.0
57850.829748 9.65517856076 0.0 9.65517856076 0.0
57850.829752 9.53412856296 0.0 9.53412856296 0.0
57850.829757 9.47737631426 0.0 9.47737631426 0.0
57850.829762 9.48373070622 0.0 9.48373070622 0.0
57850.829766 9.55372475403 0.0 9.55372475403 0.0
57850.829771 9.68976057877 0.0 9.68976057877 0.0
57850.829775 9.89607388328 0.0 9.89607388328 0.0
57850.82978 10.1792715282 0.0 10.1792715282 0.0
57850.829785 10.5485093382 0.0 10.5485093382 0.0
57850.829789 11.0162876512 0.0 11.0162876512 0.0
57850.829794 11.599166214 0.0 11.599166214 0.0
57850.829799 12.3189067301 0.0 12.3189067301 0.0
57850.829803 13.2038205621 0.0 13.2038205621 0.0
57850.829808 14.2901519303 0.0 14.2901519303 0.0
57850.829813 13.7491572705 0.0 13.7491572705 0.0
57850.829817 12.9986794433 0.0 12.9986794433 0.0
57850.829822 12.5342267097 0.0 12.5342267097 0.0
57850.829826 12.3296748229 0.0 12.3296748229 0.0
57850.829831 12.376069561 0.0 12.376069561 0.0
57850.829836 12.6821016872 0.0 12.6821016872 0.0
57850.82984 13.2764836755 0.0 13.2764836755 0.0
57850.829845 14.2135876335 0.0 14.2135876335 0.0
57850.82985 15.5833666263 0.0 15.5833666263 0.0
57850.829854 17.5295376344 0.0 17.5295376344 0.0
57850.829859 16.2552588002 0.0 16.2552588002 0.0
57850.829863 14.2285192203 0.0 14.2285192203 0.0
57850.829868 12.8665292194 0.0 12.8665292194 0.0
57850.829873 11.9675446601 0.0 11.9675446601 0.0
57850.829877 11.4184338243 0.0 11.4184338243 0.0
57850.829882 11.2443399859 0.0 11.2443399859 0.0
57850.829887 11.2544359115 0.0 11.2544359115 0.0
57850.829891 11.5286664399 0.0 11.5286664399 0.0
57850.829896 12.0977948895 0.0 12.0977948895 0.0
57850.8299 13.0293644834 0.0 13.0293644834 0.0
57850.829905 13.2531295437 0.0 13.2531295437 0.0
57850.82991 12.9381387353 0.0 12.9381387353 0.0
57850.829914 12.7236805746 0.0 12.7236805746 0.0
57850.829919 12.6043535594 0.0 12.6043535594 0.0
57850.829924 12.5757488934 0.0 12.5757488934 0.0
57850.829928 12.6344225666 0.0 12.6344225666 0.0
57850.829933 12.7775006393 0.0 12.7775006393 0.0
57850.829937 13.002319198 0.0 13.002319198 0.0
57850.829942 13.3058254536 0.0 13.3058254536 0.0
57850.829947 13.6838417886 0.0 13.6838417886 0.0
57850.829951 13.4019075024 0.0 13.4019075024 0.0
57850.829956 12.6513632499 0.0 12.6513632499 0.0
57850.829961 12.0512278944 0.0 12.0512278944 0.0
57850.829965 11.5770066185 0.0 11.5770066185 0.0
57850.82997 11.2108939182 0.0 11.2108939182 0.0
57850.829975 10.9400524197 0.0 10.9400524197 0.0
57850.829979 10.755592131 0.0 10.755592131 0.0
57850.829984 10.6518128097 0.0 10.6518128097 0.0
57850.829988 10.6257765632 0.0 10.6257765632 0.0
57850.829993 10.6771708671 0.0 10.6771708671 0.0
57850.829998 10.8082364187 0.0 10.8082364187 0.0
57850.830002 11.0240792344 0.0 11.0240792344 0.0
57850.830007 11.3330174681 0.0 11.3330174681 0.0
57850.830012 11.7474396021 0.0 11.7474396021 0.0
57850.830016 12.2851127034 0.0 12.2851127034 0.0
57850.830021 12.4317051462 0.0 12.4317051462 0.0
57850.830025 11.52421774 0.0 11.52421774 0.0
57850.83003 10.8178867997 0.0 10.8178867997 0.0
57850.830035 10.2846635729 0.0 10.2846635729 0.0
57850.830039 9.90193388816 0.0 9.90193388816 0.0
57850.830044 9.6526436541 0.0 9.6526436541 0.0
57850.830049 9.52497314879 0.0 9.52497314879 0.0
57850.830053 9.51169851826 0.0 9.51169851826 0.0
57850.830058 9.60982788 0.0 9.60982788 0.0
57850.830062 9.81999324968 0.0 9.81999324968 0.0
57850.830067 10.0127825266 0.0 10.0127825266 0.0
57850.830072 9.80096474881 0.0 9.80096474881 0.0
57850.830076 9.62960292768 0.0 9.62960292768 0.0
57850.830081 9.50367310571 0.0 9.50367310571 0.0
57850.830086 9.42621039882 0.0 9.42621039882 0.0
57850.83009 9.39907762703 0.0 9.39907762703 0.0
57850.830095 9.48614386422 0.0 9.48614386422 0.0
57850.8301 9.56487459004 0.0 9.56487459004 0.0
57850.830104 9.69550743879 0.0 9.69550743879 0.0
57850.830109 9.87611502901 0.0 9.87611502901 0.0
57850.830113 10.0403332006 0.0 10.0403332006 0.0
57850.830118 9.86667817194 0.0 9.86667817194 0.0
57850.830123 9.74526226794 0.0 9.74526226794 0.0
57850.830127 9.6794619228 0.0 9.6794619228 0.0
57850.830132 9.67163363351 0.0 9.67163363351 0.0
57850.830137 9.72368429364 0.0 9.72368429364 0.0
57850.830141 9.83769003026 0.0 9.83769003026 0.0
57850.830146 10.0159162089 0.0 10.0159162089 0.0
57850.83015 10.2607386007 0.0 10.2607386007 0.0
57850.830155 10.5740674093 0.0 10.5740674093 0.0
57850.83016 10.9081050196 0.0 10.9081050196 0.0
57850.830164 10.5579733502 0.0 10.5579733502 0.0
57850.830169 10.2865963858 0.0 10.2865963858 0.0
57850.830174 10.0868942359 0.0 10.0868942359 0.0
57850.830178 9.9536973158 0.0 9.9536973158 0.0
57850.830183 9.8836944785 0.0 9.8836944785 0.0
57850.830188 9.87517161273 0.0 9.87517161273 0.0
57850.830192 9.92792307613 0.0 9.92792307613 0.0
57850.830197 10.0433969948 0.0 10.0433969948 0.0
57850.830201 10.2245640332 0.0 10.2245640332 0.0
57850.830206 10.4763305724 0.0 10.4763305724 0.0
57850.830211 10.8056312517 0.0 10.8056312517 0.0
57850.830215 11.2220416068 0.0 11.2220416068 0.0
57850.83022 11.7383603395 0.0 11.7383603395 0.0
57850.830225 12.3715789927 0.0 12.3715789927 0.0
57850.830229 13.1442652307 0.0 13.1442652307 0.0
57850.830234 12.1890349039 0.0 12.1890349039 0.0
57850.830238 11.2233643611 0.0 11.2233643611 0.0
57850.830243 10.5819353097 0.0 10.5819353097 0.0
57850.830248 10.1983652714 0.0 10.1983652714 0.0
57850.830252 10.0359537619 0.0 10.0359537619 0.0
57850.830257 10.0793946975 0.0 10.0793946975 0.0
57850.830262 10.3312002772 0.0 10.3312002772 0.0
57850.830266 10.8121757004 0.0 10.8121757004 0.0
57850.830271 11.5651688961 0.0 11.5651688961 0.0
57850.830275 12.6642035411 0.0 12.6642035411 0.0
57850.83028 12.1732805013 0.0 12.1732805013 0.0
57850.830285 11.3426619458 0.0 11.3426619458 0.0
57850.830289 10.7966778041 0.0 10.7966778041 0.0
57850.830294 10.4835493649 0.0 10.4835493649 0.0
57850.830299 10.3749251897 0.0 10.3749251897 0.0
57850.830303 11.0331285748 0.0 11.0331285748 0.0
57850.830308 11.3353220857 0.0 11.3353220857 0.0
57850.830313 11.8684591152 0.0 11.8684591152 0.0
57850.830317 12.6732204595 0.0 12.6732204595 0.0
57850.830322 13.8152348132 0.0 13.8152348132 0.0
57850.830326 13.5370448345 0.0 13.5370448345 0.0
57850.830331 12.6358784436 0.0 12.6358784436 0.0
57850.830336 11.9936199079 0.0 11.9936199079 0.0
57850.83034 11.5749235423 0.0 11.5749235423 0.0
57850.830345 11.3566261366 0.0 11.3566261366 0.0
57850.83035 11.3265540015 0.0 11.3265540015 0.0
57850.830354 11.4828328603 0.0 11.4828328603 0.0
57850.830359 11.8338379039 0.0 11.8338379039 0.0
57850.830363 12.3988665834 0.0 12.3988665834 0.0
57850.830368 13.2095687138 0.0 13.2095687138 0.0
57850.830373 13.2879244218 0.0 13.2879244218 0.0
57850.830377 12.7669816217 0.0 12.7669816217 0.0
57850.830382 12.3339277539 0.0 12.3339277539 0.0
57850.830387 11.9812729758 0.0 11.9812729758 0.0
57850.830391 11.7029493307 0.0 11.7029493307 0.0
57850.830396 11.494179326 0.0 11.494179326 0.0
57850.8304 11.3513895731 0.0 11.3513895731 0.0
57850.830405 11.2721412272 0.0 11.2721412272 0.0
57850.83041 11.2550370949 0.0 11.2550370949 0.0
57850.830414 11.2997027188 0.0 11.2997027188 0.0
57850.830419 11.4067233764 0.0 11.4067233764 0.0
57850.830424 11.5776200826 0.0 11.5776200826 0.0
57850.830428 11.8148196633 0.0 11.8148196633 0.0
57850.830433 12.1215561728 0.0 12.1215561728 0.0
57850.830438 12.5018256659 0.0 12.5018256659 0.0
57850.830442 12.510109215 0.0 12.510109215 0.0
57850.830447 11.8349730494 0.0 11.8349730494 0.0
57850.830451 11.3705492058 0.0 11.3705492058 0.0
57850.830456 11.087229265 0.0 11.087229265 0.0
57850.830461 10.9678766024 0.0 10.9678766024 0.0
57850.830465 11.0053480205 0.0 11.0053480205 0.0
57850.83047 11.2014260509 0.0 11.2014260509 0.0
57850.830475 11.5668973539 0.0 11.5668973539 0.0
57850.830479 12.1226434063 0.0 12.1226434063 0.0
57850.830484 12.9022085921 0.0 12.9022085921 0.0
57850.830488 13.477752941 0.0 13.477752941 0.0
57850.830493 12.9190365417 0.0 12.9190365417 0.0
57850.830498 12.5296106676 0.0 12.5296106676 0.0
57850.830502 12.3003404906 0.0 12.3003404906 0.0
57850.830507 12.2252924275 0.0 12.2252924275 0.0
57850.830512 11.7050622663 0.0 11.7050622663 0.0
57850.830516 11.9248286897 0.0 11.9248286897 0.0
57850.830521 12.3041962466 0.0 12.3041962466 0.0
57850.830525 12.8573606366 0.0 12.8573606366 0.0
57850.83053 13.6030937456 0.0 13.6030937456 0.0
57850.830535 14.081956388 0.0 14.081956388 0.0
57850.830539 12.7626838516 0.0 12.7626838516 0.0
57850.830544 11.843860674 0.0 11.843860674 0.0
57850.830549 11.2307147577 0.0 11.2307147577 0.0
57850.830553 10.8658470854 0.0 10.8658470854 0.0
