57850.3736574 99.9406691025 0.0 100.664809785 0.0
57850.373669 100.016615648 0.0 100.541720135 0.0
57850.3736806 100.051683943 0.0 100.544548166 0.0
57850.3736921 100.00045436 0.0 100.624605345 0.0
57850.3737037 99.8682874332 0.0 100.446737947 0.0
57850.3737153 99.8757367087 0.0 100.677575591 0.0
57850.3737269 99.9609154262 0.0 100.664035431 0.0
57850.3737384 100.002997768 0.0 100.716067397 0.0
57850.37375 99.9214756081 0.0 100.602933661 0.0
57850.3737616 99.7996633886 0.0 100.464263357 0.0
57850.3737731 99.825950782 0.0 100.492572033 0.0
57850.3737847 99.9036205886 0.0 100.496534158 0.0
57850.3737963 99.8687867196 0.0 100.581020121 0.0
57850.3738079 99.8282806523 0.0 100.557950058 0.0
57850.3738194 99.6871804266 0.0 100.510591262 0.0
57850.373831 99.7111514822 0.0 100.427435839 0.0
57850.3738426 99.7634506687 0.0 100.426227559 0.0
57850.3738542 99.7937110053 0.0 100.49841655 0.0
57850.3738657 99.6437673955 0.0 100.33431193 0.0
57850.3738773 99.5480056571 0.0 100.345647497 0.0
57850.3738889 99.5866558239 0.0 100.256168495 0.0
57850.3739005 99.6610521951 0.0 100.265737256 0.0
57850.373912 99.7091111561 0.0 100.427481238 0.0
57850.3739236 99.5693689581 0.0 100.290066496 0.0
57850.3739352 99.4559037519 0.0 100.050448529 0.0
57850.3739468 99.5055813342 0.0 100.007431531 0.0
57850.3739583 99.6044626099 0.0 100.058308132 0.0
57850.3739699 99.6190928125 0.0 100.058608638 0.0
57850.3739815 99.4278497864 0.0 100.077098281 0.0
57850.3739931 99.3479615112 0.0 99.9578384982 0.0
57850.3740046 99.4596542406 0.0 99.9191403963 0.0
57850.3740162 99.4420733636 0.0 99.9573320059 0.0
57850.3740278 99.4931016307 0.0 99.9089456827 0.0
57850.3740394 99.2821395686 0.0 99.8885606435 0.0
57850.3740509 99.2511220662 0.0 99.7776823387 0.0
57850.3740625 99.203909113 0.0 99.7629860094 0.0
57850.3740741 99.2711787892 0.0 99.8762184234 0.0
57850.3740856 99.31882064 0.0 99.9008356811 0.0
57850.3740972 99.2130261844 0.0 99.9198841251 0.0
57850.3741088 99.0274008217 0.0 99.8039858876 0.0
57850.3741204 99.0927992337 0.0 99.884940753 0.0
57850.3741319 99.1026321437 0.0 99.677452979 0.0
57850.3741435 99.159475295 0.0 99.8317518839 0.0
57850.3741551 99.1138267857 0.0 99.8154569371 0.0
57850.3741667 98.937212895 0.0 99.6521495667 0.0
57850.3741782 99.0145075237 0.0 99.5470764732 0.0
57850.3741898 99.021986006 0.0 99.5855811108 0.0
57850.3742014 99.0491549238 0.0 99.6930613552 0.0
57850.374213 99.0363973984 0.0 99.7332998711 0.0
57850.3742245 98.8384355278 0.0 99.5676743187 0.0
57850.3742361 98.9057907282 0.0 99.4532008893 0.0
57850.3742477 98.9247434494 0.0 99.5610865679 0.0
57850.3742593 99.0219225181 0.0 99.5739762914 0.0
57850.3742708 98.9156431972 0.0 99.6212027877 0.0
57850.3742824 98.7529202499 0.0 99.4166888865 0.0
57850.374294 98.8566627707 0.0 99.354817091 0.0
57850.3743056 98.9036030849 0.0 99.5057952523 0.0
57850.3743171 98.8912734909 0.0 99.3779899156 0.0
57850.3743287 98.8745905509 0.0 99.4962541887 0.0
57850.3743403 98.625797636 0.0 99.3094892526 0.0
57850.3743519 98.7676479893 0.0 99.3094239373 0.0
57850.3743634 98.879000334 0.0 99.26536004 0.0
57850.374375 98.8463244417 0.0 99.4174377066 0.0
57850.3743866 98.7490115559 0.0 99.2810930342 0.0
57850.3743981 98.6629245165 0.0 99.2750299738 0.0
57850.3744097 98.6758411646 0.0 99.2621238516 0.0
57850.3744213 98.7522841464 0.0 99.427567349 0.0
57850.3744329 98.8078941048 0.0 99.3656086921 0.0
57850.3744444 98.7365351627 0.0 99.4652941852 0.0
57850.374456 98.5717008148 0.0 99.1336917572 0.0
57850.3744676 98.6546515788 0.0 99.0538110029 0.0
57850.3744792 98.7603659728 0.0 99.3558679704 0.0
57850.3744907 98.7377492794 0.0 99.2322647572 0.0
57850.3745023 98.6955599789 0.0 99.1832657566 0.0
57850.3745139 98.6294759022 0.0 99.1848768943 0.0
57850.3745255 98.596576664 0.0 99.0242085548 0.0
57850.374537 98.7242957781 0.0 99.0655625839 0.0
57850.3745486 98.6950887004 0.0 99.0834223255 0.0
57850.3745602 98.6359381308 0.0 99.1771990091 0.0
57850.3745718 98.5893048385 0.0 99.0750889356 0.0
57850.3745833 98.5967100989 0.0 99.0751300519 0.0
57850.3745949 98.7036209467 0.0 98.953683462 0.0
57850.3746065 98.7435816631 0.0 99.0953672942 0.0
57850.3746181 98.6520673844 0.0 98.9203530882 0.0
57850.3746296 98.5412622979 0.0 98.8752802192 0.0
57850.3746412 98.6381735267 0.0 99.0384688657 0.0
57850.3746528 98.7144877176 0.0 98.8222409559 0.0
57850.3746644 98.8135332641 0.0 99.129014513 0.0
57850.3746759 98.7026818983 0.0 98.9732994618 0.0
57850.3746875 98.6635923128 0.0 99.0752945173 0.0
57850.3746991 98.6746714224 0.0 99.1139664314 0.0
57850.3747106 98.7690542324 0.0 99.2083652089 0.0
57850.3747222 98.8088490049 0.0 99.1785715312 0.0
57850.3747338 98.7904368739 0.0 99.1922415788 0.0
57850.3747454 98.5820337523 0.0 99.2328262063 0.0
57850.3747569 98.6713067149 0.0 99.2526428723 0.0
57850.3747685 98.7518287577 0.0 99.2312157005 0.0
57850.3747801 98.7843312856 0.0 99.2439839938 0.0
57850.3747917 98.741989816 0.0 99.306395433 0.0
57850.3748032 98.5708806613 0.0 99.1864125707 0.0
57850.3748148 98.6966181096 0.0 99.112968824 0.0
57850.3748264 98.8223871717 0.0 99.2032454107 0.0
57850.374838 98.879507223 0.0 99.1696952121 0.0
57850.3748495 98.7198828875 0.0 99.162933208 0.0
57850.3748611 98.6752978098 0.0 99.0827266969 0.0
57850.3748727 98.6839161577 0.0 98.9290223078 0.0
57850.3748843 98.7040182401 0.0 98.9213462937 0.0
57850.3748958 98.8324579035 0.0 99.2872322155 0.0
57850.3749074 98.6931891727 0.0 99.444390148 0.0
57850.374919 98.642076165 0.0 99.2549786486 0.0
57850.3749306 98.5995880257 0.0 99.2824194512 0.0
57850.3749421 98.7472099784 0.0 99.3682320174 0.0
57850.3749537 98.8183824288 0.0 99.3841271353 0.0
57850.3749653 98.679648375 0.0 99.4404518446 0.0
57850.3749769 98.6158948581 0.0 99.2863060639 0.0
57850.3749884 98.6745757499 0.0 99.296102575 0.0
57850.3750116 98.7980872236 0.0 99.3665651195 0.0
57850.3750231 98.7064056589 0.0 99.4058981442 0.0
57850.3750347 98.6044695861 0.0 99.2891567251 0.0
57850.3750463 98.6204312064 0.0 99.2032230993 0.0
57850.3750579 98.664281774 0.0 99.2446708953 0.0
57850.3750694 98.7537497229 0.0 99.2516209943 0.0
57850.375081 98.6509467538 0.0 99.329660815 0.0
57850.3750926 98.544130787 0.0 99.102527353 0.0
57850.3751042 98.5723371162 0.0 99.1385356347 0.0
57850.3751157 98.6500805778 0.0 99.1474612343 0.0
57850.3751273 98.7157935751 0.0 98.9681913928 0.0
57850.3751389 98.635808231 0.0 99.0229759569 0.0
57850.3751505 98.4969918833 0.0 98.8618604172 0.0
57850.375162 98.5569719291 0.0 98.8626375899 0.0
57850.3751736 98.5628148172 0.0 98.9126472402 0.0
57850.3751852 98.6353608001 0.0 99.1041829405 0.0
57850.3751968 98.4827086416 0.0 99.0394106363 0.0
57850.3752083 98.3258131815 0.0 98.8420940405 0.0
57850.3752199 98.3096477451 0.0 98.8625897637 0.0
57850.3752315 98.3669275529 0.0 98.7532863997 0.0
57850.3752431 98.3823454647 0.0 98.9138830599 0.0
57850.3752546 98.3370377335 0.0 98.740465867 0.0
57850.3752662 98.1645432466 0.0 98.6607601372 0.0
57850.3752778 98.2254991576 0.0 98.4405676721 0.0
57850.3752894 98.2305221074 0.0 98.3861094462 0.0
57850.3753009 98.3327133419 0.0 98.8131187218 0.0
57850.3753125 98.1884872918 0.0 98.8120126619 0.0
57850.3753241 98.0981219145 0.0 98.6414495407 0.0
57850.3753356 98.0650739284 0.0 98.6870172363 0.0
57850.3753472 98.2542944078 0.0 98.8050421484 0.0
57850.3753588 98.2304664943 0.0 98.8226609072 0.0
57850.3753704 98.2237143013 0.0 98.8691986315 0.0
57850.3753819 98.0359073308 0.0 98.774186521 0.0
57850.3753935 98.0988220665 0.0 98.6176212088 0.0
57850.3754051 98.1401413546 0.0 98.6486799715 0.0
57850.3754167 98.1503100396 0.0 98.6859659491 0.0
57850.3754282 98.0385588372 0.0 98.6612557862 0.0
57850.3754398 97.9273996012 0.0 98.4879392054 0.0
57850.3754514 98.2305203135 0.0 98.5923459248 0.0
57850.3754745 97.8243482512 0.0 98.3497614338 0.0
57850.3754861 97.863928249 0.0 98.3228990598 0.0
57850.3754977 97.9047551719 0.0 98.132976994 0.0
57850.3755093 97.9720020634 0.0 98.2945182825 0.0
57850.3755208 97.7861094005 0.0 98.3168440003 0.0
57850.3755324 97.7699101347 0.0 98.0731707862 0.0
57850.375544 97.8227891942 0.0 98.2289745584 0.0
57850.3755556 97.9208313019 0.0 98.280139826 0.0
57850.3755671 97.9483553719 0.0 98.13479116 0.0
57850.3755787 97.7725518255 0.0 97.9738780124 0.0
57850.3755903 97.7235858365 0.0 98.071522041 0.0
57850.3756019 97.7642973103 0.0 98.127962493 0.0
57850.3756134 97.8561932481 0.0 98.2306015417 0.0
57850.375625 97.9052266347 0.0 98.1983752074 0.0
57850.3756366 97.8387970053 0.0 98.2001453407 0.0
57850.3756481 97.7260548086 0.0 98.0233231719 0.0
57850.3756597 97.7708530753 0.0 98.1601182056 0.0
57850.3756713 97.8632910704 0.0 98.1751695292 0.0
57850.3756829 97.8722210107 0.0 98.3332135056 0.0
57850.4368519 77.5532854377 0.0 77.5039091639 0.0
57850.4368634 77.6347043871 0.0 77.48148696 0.0
57850.436875 77.6821780908 0.0 77.5346063891 0.0
57850.4368866 77.679797553 0.0 77.5838983382 0.0
57850.4368981 77.5925217543 0.0 77.5623645488 0.0
57850.4369097 77.6302420207 0.0 77.4840110749 0.0
57850.4369213 77.6187565758 0.0 77.4696893648 0.0
57850.4369329 77.6812078753 0.0 77.5577447807 0.0
57850.4369444 77.6852313659 0.0 77.5858041723 0.0
57850.436956 77.5818929335 0.0 77.5900531983 0.0
57850.4369676 77.5892229185 0.0 77.3979181208 0.0
57850.4369792 77.6101877537 0.0 77.537408045 0.0
57850.4369907 77.7228595251 0.0 77.6024752624 0.0
57850.4370023 77.6915652515 0.0 77.5700701295 0.0
57850.4370139 77.5999190179 0.0 77.6038277734 0.0
57850.4370255 77.5585785639 0.0 77.5721583612 0.0
57850.437037 77.6238462748 0.0 77.5580749492 0.0
57850.4370486 77.6679498246 0.0 77.5619842948 0.0
57850.4370602 77.6579592042 0.0 77.5843355393 0.0
57850.4370718 77.5805810125 0.0 77.5757340518 0.0
57850.4370833 77.5482952722 0.0 77.4289327619 0.0
57850.4370949 77.6155770501 0.0 77.5963980269 0.0
57850.4371065 77.6543769787 0.0 77.5828533961 0.0
57850.4371181 77.650648247 0.0 77.6563363487 0.0
57850.4371296 77.6068232453 0.0 77.6207000802 0.0
57850.4371412 77.5444882376 0.0 77.5158196691 0.0
57850.4371528 77.5851209806 0.0 77.4221639434 0.0
57850.4371644 77.6171149356 0.0 77.4515331348 0.0
57850.4371759 77.6543271689 0.0 77.6385698581 0.0
57850.4371875 77.5371675979 0.0 77.5886927831 0.0
57850.4371991 77.5218015347 0.0 77.5360876974 0.0
57850.4372106 77.5912497656 0.0 77.5994264372 0.0
57850.4372222 77.6502857593 0.0 77.563184604 0.0
57850.4372338 77.6560137978 0.0 77.5668492369 0.0
57850.4372454 77.5811920417 0.0 77.6059818165 0.0
57850.4372569 77.589863043 0.0 77.5997405207 0.0
57850.4372685 77.6272086847 0.0 77.6144820835 0.0
57850.4372801 77.6672592998 0.0 77.6193743849 0.0
57850.4372917 77.7325558154 0.0 77.6947793831 0.0
57850.4373032 77.6405323714 0.0 77.6685350005 0.0
57850.4373148 77.6156143905 0.0 77.6043273549 0.0
57850.4373264 77.7098082404 0.0 77.616479322 0.0
57850.437338 77.7634494644 0.0 77.6347694245 0.0
57850.4373495 77.7550725603 0.0 77.6546524645 0.0
57850.4373611 77.6425369133 0.0 77.5474033037 0.0
57850.4373727 77.6256069938 0.0 77.5488388311 0.0
57850.4373843 77.5937799354 0.0 77.5292914761 0.0
57850.4373958 77.6596417535 0.0 77.548997133 0.0
57850.4374074 77.6353877333 0.0 77.5529953669 0.0
57850.437419 77.5437696874 0.0 77.5426490517 0.0
57850.4374306 77.5510604873 0.0 77.4849885641 0.0
57850.4374421 77.5623972803 0.0 77.4724632151 0.0
57850.4374537 77.6748027906 0.0 77.5276574331 0.0
57850.4374653 77.6739336846 0.0 77.5779604751 0.0
57850.4374769 77.5936955952 0.0 77.5887279777 0.0
57850.4374884 77.5916023258 0.0 77.4960269886 0.0
57850.4375 77.5883892428 0.0 77.5093279884 0.0
57850.4375116 77.6767721509 0.0 77.5797010506 0.0
57850.4375231 77.6832659633 0.0 77.5072521067 0.0
57850.4375347 77.5619176856 0.0 77.5203965997 0.0
57850.4375463 77.5330722912 0.0 77.4680077955 0.0
57850.4375579 77.5987768941 0.0 77.4792400601 0.0
57850.4375694 77.6805490761 0.0 77.4831687937 0.0
57850.437581 77.6561922863 0.0 77.4729809563 0.0
57850.4375926 77.5762901061 0.0 77.4703260447 0.0
57850.4376042 77.5090432421 0.0 77.3755371023 0.0
57850.4376157 77.5353561882 0.0 77.4005707926 0.0
57850.4376273 77.6309322475 0.0 77.4814464018 0.0
57850.4376389 77.607639123 0.0 77.4896760702 0.0
57850.4376505 77.5847117653 0.0 77.4884903111 0.0
57850.437662 77.5601043716 0.0 77.4795861491 0.0
57850.4376736 77.6060861963 0.0 77.4889702914 0.0
57850.4376852 77.6397203308 0.0 77.5120950071 0.0
57850.4376968 77.6788024524 0.0 77.6314865059 0.0
57850.4377083 77.6423404689 0.0 77.5317615371 0.0
57850.4377199 77.6710911607 0.0 77.539375076 0.0
57850.4377315 77.6766835772 0.0 77.5496506387 0.0
57850.4377431 77.7449221866 0.0 77.664099172 0.0
57850.4377546 77.7674851334 0.0 77.6874501463 0.0
57850.4377662 77.6749577913 0.0 77.6133934389 0.0
57850.4377778 77.5729172504 0.0 77.5601371778 0.0
57850.4377894 77.6417940238 0.0 77.6019770455 0.0
57850.4378009 77.6901007757 0.0 77.6039320219 0.0
57850.4378125 77.676172896 0.0 77.6344348969 0.0
57850.4378241 77.5860209846 0.0 77.6287684422 0.0
57850.4378356 77.580131729 0.0 77.5295958335 0.0
57850.4378472 77.6096207702 0.0 77.5585404348 0.0
57850.4378588 77.6837185555 0.0 77.555997886 0.0
57850.4378704 77.706399671 0.0 77.6372858724 0.0
57850.4378819 77.6447088991 0.0 77.6361820392 0.0
57850.4378935 77.5656757347 0.0 77.590950678 0.0
57850.4379051 77.6318631634 0.0 77.5753131357 0.0
57850.4379167 77.6884466955 0.0 77.5836465764 0.0
57850.4379282 77.6929259353 0.0 77.6575664315 0.0
57850.4379398 77.5965355548 0.0 77.5669723865 0.0
57850.4379514 77.5013223287 0.0 77.4939784719 0.0
57850.437963 77.5655416639 0.0 77.4874276036 0.0
57850.4379745 77.5778936414 0.0 77.5343331276 0.0
57850.4379861 77.5487844642 0.0 77.5391261508 0.0
57850.4379977 77.4227189864 0.0 77.4877804859 0.0
57850.4380093 77.3915932125 0.0 77.3626240464 0.0
57850.4380208 77.3830883881 0.0 77.3366971334 0.0
57850.4380324 77.4347509747 0.0 77.234373871 0.0
57850.438044 77.4756052265 0.0 77.3563207932 0.0
57850.4380556 77.3968446646 0.0 77.4161102887 0.0
57850.4380671 77.3912469893 0.0 77.3675168454 0.0
57850.4380787 77.4231784866 0.0 77.3769130432 0.0
57850.4380903 77.4941558976 0.0 77.4479504603 0.0
57850.4381019 77.5195870698 0.0 77.5142670307 0.0
57850.4381134 77.4302106645 0.0 77.5044392659 0.0
57850.438125 77.3697714602 0.0 77.3667783173 0.0
57850.4381366 77.3965260094 0.0 77.375466888 0.0
57850.4381481 77.4351235944 0.0 77.4223112034 0.0
57850.4381597 77.4751247353 0.0 77.454278016 0.0
57850.4381713 77.4063565815 0.0 77.4390221298 0.0
57850.4381829 77.3612012252 0.0 77.4325592308 0.0
57850.4381944 77.4175680599 0.0 77.4226165323 0.0
57850.438206 77.4357335901 0.0 77.4994439964 0.0
57850.4382176 77.5077407209 0.0 77.5566054387 0.0
57850.4382292 77.4180413307 0.0 77.5543741582 0.0
57850.4382407 77.3678022301 0.0 77.3978019669 0.0
57850.4382523 77.4669457509 0.0 77.4442314484 0.0
57850.4382639 77.5318509218 0.0 77.4474639524 0.0
57850.4382755 77.5476982959 0.0 77.4700394706 0.0
57850.438287 77.4466107333 0.0 77.4740461884 0.0
57850.4382986 77.4152307201 0.0 77.3350492093 0.0
57850.4383102 77.401857776 0.0 77.3377566265 0.0
57850.4383218 77.4164918271 0.0 77.3896580854 0.0
57850.4383333 77.457558274 0.0 77.4199469673 0.0
57850.4383449 77.3722206495 0.0 77.4247714289 0.0
57850.4383565 77.3328793207 0.0 77.3652769781 0.0
57850.4383681 77.3511772697 0.0 77.3719738014 0.0
57850.4383796 77.3908621453 0.0 77.2394386786 0.0
57850.4383912 77.3824235962 0.0 77.2851095558 0.0
57850.4384028 77.2978506852 0.0 77.2954451001 0.0
57850.4384144 77.2525483219 0.0 77.2659188464 0.0
57850.4384259 77.3142159147 0.0 77.3049346068 0.0
57850.4384375 77.4226844895 0.0 77.3747323423 0.0
57850.4384491 77.4841744376 0.0 77.4393910284 0.0
57850.4384606 77.4252000409 0.0 77.5094091313 0.0
57850.4384722 77.4291522132 0.0 77.4625942856 0.0
57850.4384838 77.5219880331 0.0 77.5323770344 0.0
57850.4384954 77.5779821132 0.0 77.5444890269 0.0
57850.4385069 77.5832974993 0.0 77.6303407645 0.0
57850.4385185 77.5950312217 0.0 77.5732505415 0.0
57850.4385301 77.5521273507 0.0 77.5049058125 0.0
57850.4385417 77.5843219067 0.0 77.5524446685 0.0
57850.4385532 77.6318036841 0.0 77.5947180297 0.0
57850.4385648 77.6493712456 0.0 77.5866799499 0.0
57850.4385764 77.5435002326 0.0 77.5954544628 0.0
57850.438588 77.4955894122 0.0 77.4839948511 0.0
57850.4385995 77.5552976164 0.0 77.4657328632 0.0
57850.4386111 77.5722330193 0.0 77.4965516331 0.0
57850.4386227 77.5777180805 0.0 77.4361453162 0.0
57850.4386343 77.5159443094 0.0 77.4714317973 0.0
57850.4386458 77.4681675788 0.0 77.4564796608 0.0
57850.4386574 77.4820879783 0.0 77.4606668613 0.0
57850.438669 77.5446913673 0.0 77.4510641756 0.0
57850.4386806 77.5977467833 0.0 77.4895814252 0.0
57850.4386921 77.5265331934 0.0 77.5362297421 0.0
57850.4387037 77.4801286031 0.0 77.5015805405 0.0
57850.4387153 77.5110474781 0.0 77.4746572158 0.0
57850.4387269 77.5004839814 0.0 77.5057469549 0.0
57850.4387384 77.5270457479 0.0 77.3962541648 0.0
57850.43875 77.4658468109 0.0 77.3877390509 0.0
57850.4387616 77.3874179367 0.0 77.3073995677 0.0
57850.4387731 77.4284360064 0.0 77.3310867624 0.0
57850.4387847 77.4810123186 0.0 77.4023563948 0.0
57850.4387963 77.5225199011 0.0 77.4863649093 0.0
57850.4388079 77.4777370935 0.0 77.536014646 0.0
57850.4388194 77.4563296947 0.0 77.4608736586 0.0
57850.438831 77.5008706974 0.0 77.5018036638 0.0
57850.4388426 77.5934964974 0.0 77.4942029275 0.0
57850.4388542 77.5955663078 0.0 77.5438883247 0.0
57850.4388657 77.5473086052 0.0 77.4983716877 0.0
57850.4388773 77.4619702605 0.0 77.5062594879 0.0
57850.4388889 77.5058152911 0.0 77.4791089252 0.0
57850.5215741 67.6837825637 0.0 66.901608195 0.0
57850.5215856 67.7179683854 0.0 66.8914018454 0.0
57850.5215972 67.7338098697 0.0 66.8951628888 0.0
57850.5216088 67.731096765 0.0 66.8962624875 0.0
57850.5216204 67.6276794504 0.0 66.8518337977 0.0
57850.5216319 67.6250355125 0.0 66.8255658932 0.0
57850.5216435 67.5961226365 0.0 66.8200378631 0.0
57850.5216551 67.6751485418 0.0 66.8777244887 0.0
57850.5216667 67.6600939383 0.0 66.8495693107 0.0
57850.5216782 67.5842363272 0.0 66.8034204954 0.0
57850.5216898 67.5598046369 0.0 66.8080687084 0.0
57850.5217014 67.5832692384 0.0 66.7614606969 0.0
57850.521713 67.5667476443 0.0 66.7785073003 0.0
57850.5217245 67.5917715525 0.0 66.7141814559 0.0
57850.5217361 67.5115973551 0.0 66.7012646957 0.0
57850.5217477 67.4980644035 0.0 66.6619686926 0.0
57850.5217593 67.4940234145 0.0 66.6253554004 0.0
57850.5217708 67.4789979761 0.0 66.6531199941 0.0
57850.5217824 67.5025764269 0.0 66.6469548796 0.0
57850.521794 67.4397288648 0.0 66.630771388 0.0
57850.5218056 67.4470007943 0.0 66.6407040938 0.0
57850.5218171 67.5056120068 0.0 66.6883968516 0.0
57850.5218287 67.5384199538 0.0 66.7024197201 0.0
57850.5218403 67.5650881212 0.0 66.7540739957 0.0
57850.5218519 67.4983201207 0.0 66.7127930339 0.0
57850.5218634 67.4763613966 0.0 66.6433220501 0.0
57850.521875 67.4950831297 0.0 66.6700375027 0.0
57850.5218866 67.5081939772 0.0 66.7199848271 0.0
57850.5218981 67.4779937329 0.0 66.6531474232 0.0
57850.5219097 67.3914428638 0.0 66.5848555229 0.0
57850.5219213 67.3726323534 0.0 66.5799949958 0.0
57850.5219329 67.389268993 0.0 66.5329582859 0.0
57850.5219444 67.4256373704 0.0 66.5507254845 0.0
57850.521956 67.3839180193 0.0 66.5746961322 0.0
57850.5219676 67.3471156388 0.0 66.5311649109 0.0
57850.5219792 67.2992110831 0.0 66.5041420375 0.0
57850.5219907 67.3461371806 0.0 66.4357546169 0.0
57850.5220023 67.3883785784 0.0 66.5122490751 0.0
57850.5220139 67.3779385566 0.0 66.4693213036 0.0
57850.5220255 67.3039884315 0.0 66.4578309194 0.0
57850.522037 67.2870901093 0.0 66.3856488213 0.0
57850.5220486 67.3108879196 0.0 66.4332324252 0.0
57850.5220602 67.3505961741 0.0 66.4712331647 0.0
57850.5220718 67.3570848795 0.0 66.4793776163 0.0
57850.5220833 67.3160327559 0.0 66.4526997141 0.0
57850.5220949 67.2733412382 0.0 66.4120430626 0.0
57850.5221065 67.31842239 0.0 66.451817365 0.0
57850.5221181 67.3720859068 0.0 66.4441801752 0.0
57850.5221296 67.3237688821 0.0 66.4654292251 0.0
57850.5221412 67.2942106175 0.0 66.4576193443 0.0
57850.5221528 67.2968341458 0.0 66.4188407338 0.0
57850.5221644 67.3197933546 0.0 66.5042416443 0.0
57850.5221759 67.3691535615 0.0 66.5173307525 0.0
57850.5221875 67.3973285017 0.0 66.5403986129 0.0
57850.5221991 67.3185610813 0.0 66.5458664655 0.0
57850.5222106 67.3467178706 0.0 66.5564541961 0.0
57850.5222222 67.3779238201 0.0 66.5554800824 0.0
57850.5222338 67.4147981666 0.0 66.576643463 0.0
57850.5222454 67.440629535 0.0 66.5837154415 0.0
57850.5222569 67.3979328049 0.0 66.5086518227 0.0
57850.5222685 67.357837521 0.0 66.5707405282 0.0
57850.5222801 67.3971921654 0.0 66.5744232844 0.0
57850.5222917 67.4216027935 0.0 66.5550777335 0.0
57850.5223032 67.4433168455 0.0 66.6401842499 0.0
57850.5223148 67.4283795933 0.0 66.6276327002 0.0
57850.5223264 67.3932544563 0.0 66.5721184327 0.0
57850.522338 67.4374987248 0.0 66.6128666156 0.0
57850.5223495 67.4718455598 0.0 66.6368134276 0.0
57850.5223611 67.4798067861 0.0 66.6586271247 0.0
57850.5223727 67.4268082123 0.0 66.6018958542 0.0
57850.5223843 67.4136557097 0.0 66.5759158574 0.0
57850.5223958 67.448593361 0.0 66.5700465992 0.0
57850.5224074 67.5268868396 0.0 66.6259075821 0.0
57850.522419 67.5213888173 0.0 66.6617941306 0.0
57850.5224306 67.4867581315 0.0 66.6390959517 0.0
57850.5224421 67.4670804149 0.0 66.6583790049 0.0
57850.5224537 67.5078497109 0.0 66.6616868997 0.0
57850.5224653 67.5612352728 0.0 66.6566359478 0.0
57850.5224769 67.5177379715 0.0 66.6888832503 0.0
57850.5224884 67.4470339725 0.0 66.6199284625 0.0
57850.5225 67.4383907753 0.0 66.562289094 0.0
57850.5225116 67.4608320906 0.0 66.5682675694 0.0
57850.5225231 67.493466515 0.0 66.6326037849 0.0
57850.5225347 67.5288888735 0.0 66.6593241075 0.0
57850.5225463 67.4577953201 0.0 66.6048057473 0.0
57850.5225579 67.4449179592 0.0 66.541906916 0.0
57850.5225694 67.4569940498 0.0 66.5326556518 0.0
57850.522581 67.4698544237 0.0 66.5538532568 0.0
57850.5225926 67.4527776476 0.0 66.5999368606 0.0
57850.5226042 67.3966443656 0.0 66.5677069567 0.0
57850.5226157 67.3861175726 0.0 66.5439919206 0.0
57850.5226273 67.4411087487 0.0 66.5581732415 0.0
57850.5226389 67.4745901924 0.0 66.6314694404 0.0
57850.5226505 67.4776692303 0.0 66.6023669152 0.0
57850.522662 67.41325401 0.0 66.6198599108 0.0
57850.5226736 67.4188116035 0.0 66.6232613733 0.0
57850.5226852 67.4669022023 0.0 66.6277648275 0.0
57850.5226968 67.4887372884 0.0 66.667973796 0.0
57850.5227083 67.4984811737 0.0 66.6558841226 0.0
57850.5227199 67.4301094903 0.0 66.6467055394 0.0
57850.5227315 67.3948892145 0.0 66.5834762129 0.0
57850.5227431 67.4347882149 0.0 66.6335935412 0.0
57850.5227546 67.4684557341 0.0 66.6248381222 0.0
57850.5227662 67.4869326892 0.0 66.60744528 0.0
57850.5227778 67.3821729004 0.0 66.5757327109 0.0
57850.5227894 67.362730433 0.0 66.5234524863 0.0
57850.5228009 67.3983086537 0.0 66.5426704166 0.0
57850.5228125 67.4111767427 0.0 66.5949174101 0.0
57850.5228241 67.4084472427 0.0 66.6079201035 0.0
57850.5228356 67.3337457822 0.0 66.5345648757 0.0
57850.5228472 67.3472961083 0.0 66.4870321815 0.0
57850.5228588 67.385878088 0.0 66.5621221648 0.0
57850.5228704 67.4643335163 0.0 66.6129999714 0.0
57850.5228819 67.4510744205 0.0 66.6327857798 0.0
57850.5228935 67.39943498 0.0 66.6158490875 0.0
57850.5229051 67.4014800843 0.0 66.5754598605 0.0
57850.5229167 67.3966640176 0.0 66.4961401757 0.0
57850.5229282 67.4502916333 0.0 66.5662892423 0.0
57850.5229398 67.4148436194 0.0 66.5885711491 0.0
57850.5229514 67.331462601 0.0 66.5493764968 0.0
57850.522963 67.3215902405 0.0 66.4964725894 0.0
57850.5229745 67.3172490449 0.0 66.5049550802 0.0
57850.5229861 67.3429649255 0.0 66.5072087211 0.0
57850.5229977 67.3549743192 0.0 66.5509297649 0.0
57850.5230093 67.3028226064 0.0 66.5448015208 0.0
57850.5230208 67.2970611613 0.0 66.4691221533 0.0
57850.5230324 67.3119654676 0.0 66.4677579834 0.0
57850.523044 67.372843565 0.0 66.5177180205 0.0
57850.5230556 67.3744509972 0.0 66.5292781627 0.0
57850.5230671 67.3304229103 0.0 66.5168525841 0.0
57850.5230787 67.3462918672 0.0 66.4869226313 0.0
57850.5230903 67.3587718843 0.0 66.4994394571 0.0
57850.5231019 67.3959909401 0.0 66.5655729173 0.0
57850.5231134 67.3814544748 0.0 66.5344428238 0.0
57850.523125 67.3013291416 0.0 66.4981047925 0.0
57850.5231366 67.2552836293 0.0 66.4371096811 0.0
57850.5231481 67.2230119463 0.0 66.4317716459 0.0
57850.5231597 67.2672648591 0.0 66.393357841 0.0
57850.5231713 67.2478026283 0.0 66.4008907612 0.0
57850.5231829 67.1155716196 0.0 66.345350012 0.0
57850.5231944 67.1309851284 0.0 66.3217498039 0.0
57850.523206 67.1576996351 0.0 66.3420615443 0.0
57850.5232176 67.172675433 0.0 66.2960096243 0.0
57850.5232292 67.2090958942 0.0 66.2134004757 0.0
57850.5232407 67.1329504134 0.0 66.2045044418 0.0
57850.5232523 67.126233795 0.0 66.2326391531 0.0
57850.5232639 67.1608652278 0.0 66.2471520202 0.0
57850.5232755 67.1964137245 0.0 66.3816241255 0.0
57850.523287 67.2475892084 0.0 66.3933553533 0.0
57850.5232986 67.1869582365 0.0 66.3709748098 0.0
57850.5233102 67.1858071581 0.0 66.3460785856 0.0
57850.5233218 67.2249212669 0.0 66.3437797409 0.0
57850.5233333 67.2673777223 0.0 66.4022391783 0.0
57850.5233449 67.24117577 0.0 66.428256647 0.0
57850.5233565 67.2011448434 0.0 66.3849635182 0.0
57850.5233681 67.1974766451 0.0 66.3246647493 0.0
57850.5233796 67.2402461045 0.0 66.4122769433 0.0
57850.5233912 67.2765592936 0.0 66.4276059179 0.0
57850.5234028 67.2847907383 0.0 66.4620712198 0.0
57850.5234144 67.2286701081 0.0 66.4847092406 0.0
57850.5234259 67.2095875666 0.0 66.4426259218 0.0
57850.5234375 67.2850582186 0.0 66.47922824 0.0
57850.5234491 67.3281827609 0.0 66.4730405015 0.0
57850.5234606 67.2973397161 0.0 66.5627824087 0.0
57850.5234722 67.2709943143 0.0 66.5055440107 0.0
57850.5234838 67.2509843515 0.0 66.4630245942 0.0
57850.5234954 67.2435134604 0.0 66.4282927296 0.0
57850.5235069 67.2744036889 0.0 66.3875990356 0.0
57850.5235185 67.2916043319 0.0 66.4050753858 0.0
57850.5235301 67.2188500632 0.0 66.4492288498 0.0
57850.5235417 67.2249188144 0.0 66.3796056141 0.0
57850.5235532 67.2639280873 0.0 66.3555604252 0.0
57850.5235648 67.3128896147 0.0 66.4592036786 0.0
57850.5235764 67.3273836832 0.0 66.4857872982 0.0
57850.523588 67.281815371 0.0 66.4559267577 0.0
57850.5235995 67.2852091367 0.0 66.4171450091 0.0
57850.6257407 70.0235327869 0.0 69.5015331207 0.0
57850.6257523 70.0481589428 0.0 69.5169161926 0.0
57850.6257639 70.0823487016 0.0 69.5893050235 0.0
57850.6257755 70.153062207 0.0 69.6507611631 0.0
57850.625787 70.1195532406 0.0 69.5455992007 0.0
57850.6257986 70.0927479256 0.0 69.5556312408 0.0
57850.6258102 70.1210271285 0.0 69.5410468712 0.0
57850.6258218 70.1339068289 0.0 69.613682763 0.0
57850.6258333 70.1971972701 0.0 69.6300636281 0.0
57850.6258449 70.1622663309 0.0 69.7034475548 0.0
57850.6258565 70.1511593812 0.0 69.630601722 0.0
57850.6258681 70.2182966129 0.0 69.6788992327 0.0
57850.6258796 70.2687889659 0.0 69.6873838111 0.0
57850.6258912 70.3047554605 0.0 69.7733225783 0.0
57850.6259028 70.295110248 0.0 69.7973986434 0.0
57850.6259144 70.2570821491 0.0 69.7781542821 0.0
57850.6259259 70.2779170479 0.0 69.7802117626 0.0
57850.6259375 70.3336292063 0.0 69.7946601232 0.0
57850.6259491 70.3958346029 0.0 69.8260722157 0.0
57850.6259606 70.3571141655 0.0 69.8420806585 0.0
57850.6259722 70.3223005329 0.0 69.8521229871 0.0
57850.6259838 70.3133624531 0.0 69.7978262033 0.0
57850.6259954 70.3473697942 0.0 69.8536523888 0.0
57850.6260069 70.392587917 0.0 69.8341851662 0.0
57850.6260185 70.3361565115 0.0 69.8729330984 0.0
57850.6260301 70.2937964889 0.0 69.8010505241 0.0
57850.6260417 70.3312008355 0.0 69.8295034192 0.0
57850.6260532 70.3534418239 0.0 69.8076097089 0.0
57850.6260648 70.4075276573 0.0 69.8816899118 0.0
57850.6260764 70.3509611106 0.0 69.8279150191 0.0
57850.626088 70.3189441377 0.0 69.8331819163 0.0
57850.6260995 70.3312044526 0.0 69.8078216935 0.0
57850.6261111 70.3354487149 0.0 69.8024786091 0.0
57850.6261227 70.3712331451 0.0 69.8238078313 0.0
57850.6261343 70.3055317468 0.0 69.8292926003 0.0
57850.6261458 70.2442659965 0.0 69.72974242 0.0
57850.6261574 70.2323127324 0.0 69.739354649 0.0
57850.626169 70.271253164 0.0 69.7608060375 0.0
57850.6261806 70.2541267455 0.0 69.785141895 0.0
57850.6261921 70.2463790178 0.0 69.7924461066 0.0
57850.6262037 70.1686616942 0.0 69.7485840309 0.0
57850.6262153 70.1466931192 0.0 69.67846976 0.0
57850.6262269 70.1802124273 0.0 69.6628902182 0.0
57850.6262384 70.1744724061 0.0 69.6806691632 0.0
57850.62625 70.0882902952 0.0 69.6619358548 0.0
57850.6262616 70.003692021 0.0 69.6145230214 0.0
57850.6262731 69.9997214565 0.0 69.6204497633 0.0
57850.6262847 70.029718508 0.0 69.5837245777 0.0
57850.6262963 70.0260954993 0.0 69.5505093747 0.0
57850.6263079 69.9657305537 0.0 69.5493748423 0.0
57850.6263194 69.9188903378 0.0 69.485099485 0.0
57850.626331 69.9221792466 0.0 69.4396633997 0.0
57850.6263426 69.9759794745 0.0 69.504508826 0.0
57850.6263542 69.983491131 0.0 69.4964816272 0.0
57850.6263657 69.8893778439 0.0 69.4477138438 0.0
57850.6263773 69.8443982736 0.0 69.3882775696 0.0
57850.6263889 69.854064797 0.0 69.3862124019 0.0
57850.6264005 69.889347834 0.0 69.3905382047 0.0
57850.626412 69.8906094584 0.0 69.3897987278 0.0
57850.6264236 69.8405839969 0.0 69.37122431 0.0
57850.6264352 69.796127588 0.0 69.3517247779 0.0
57850.6264468 69.8320189003 0.0 69.3376412367 0.0
57850.6264583 69.8375521163 0.0 69.3510121134 0.0
57850.6264699 69.8546551859 0.0 69.4058790455 0.0
57850.6264815 69.8216035568 0.0 69.362892923 0.0
57850.6264931 69.7930886547 0.0 69.3878010815 0.0
57850.6265046 69.7692241112 0.0 69.3603832693 0.0
57850.6265162 69.8303021297 0.0 69.3941729388 0.0
57850.6265278 69.8387638977 0.0 69.4356915204 0.0
57850.6265394 69.8118226112 0.0 69.4591062578 0.0
57850.6265509 69.7796544092 0.0 69.383048386 0.0
57850.6265625 69.7986353168 0.0 69.371441408 0.0
57850.6265741 69.8561743732 0.0 69.3757521057 0.0
57850.6265856 69.8887644431 0.0 69.3936493747 0.0
57850.6265972 69.8261153 0.0 69.3841026448 0.0
57850.6266088 69.7817516305 0.0 69.3327064314 0.0
57850.6266204 69.7884009147 0.0 69.3241696532 0.0
57850.6266319 69.8127629992 0.0 69.3095113636 0.0
57850.6266435 69.822619611 0.0 69.2910769918 0.0
57850.6266551 69.7179708239 0.0 69.2541411909 0.0
57850.6266667 69.6911709026 0.0 69.1778829545 0.0
57850.6266782 69.6739758353 0.0 69.1778588785 0.0
57850.6266898 69.7045310305 0.0 69.2125764668 0.0
57850.6267014 69.729824399 0.0 69.1926679392 0.0
57850.626713 69.6303771958 0.0 69.198104047 0.0
57850.6267245 69.6130248968 0.0 69.1399124444 0.0
57850.6267361 69.6214612325 0.0 69.155022886 0.0
57850.6267477 69.6596987558 0.0 69.1413275993 0.0
57850.6267593 69.6392221023 0.0 69.2028071468 0.0
57850.6267708 69.6094683672 0.0 69.1493664371 0.0
57850.6267824 69.5500529854 0.0 69.0746657826 0.0
57850.626794 69.559261763 0.0 69.0949325523 0.0
57850.6268056 69.6002909208 0.0 69.0873526386 0.0
57850.6268171 69.6158632674 0.0 69.078006618 0.0
57850.6268287 69.5724321199 0.0 69.0400384158 0.0
57850.6268403 69.4982269276 0.0 69.0170133095 0.0
57850.6268519 69.4886674044 0.0 69.028984996 0.0
57850.6268634 69.5482333431 0.0 68.9851809731 0.0
57850.626875 69.5386487591 0.0 69.0137057172 0.0
57850.6268866 69.4572259863 0.0 69.0066425872 0.0
57850.6268981 69.4209575197 0.0 68.9568743901 0.0
57850.6269097 69.4180756237 0.0 68.8896076709 0.0
57850.6269213 69.4610556726 0.0 68.909676914 0.0
57850.6269329 69.4801907335 0.0 68.9682395721 0.0
57850.6269444 69.4363839849 0.0 68.9812940906 0.0
57850.626956 69.3987539802 0.0 68.9345777452 0.0
57850.6269676 69.4148174593 0.0 68.9245419956 0.0
57850.6269792 69.4802624654 0.0 68.9604420156 0.0
57850.6269907 69.4701643095 0.0 68.9905783975 0.0
57850.6270023 69.405731712 0.0 68.9761542609 0.0
57850.6270139 69.3976848443 0.0 68.9221896149 0.0
57850.6270255 69.4153849722 0.0 68.9252192607 0.0
57850.627037 69.4651425043 0.0 68.9017181373 0.0
57850.6270486 69.5066788001 0.0 68.9333215714 0.0
57850.6270602 69.4377032896 0.0 68.9236930189 0.0
57850.6270718 69.4278567192 0.0 68.9187974306 0.0
57850.6270833 69.4435758378 0.0 68.9305606854 0.0
57850.6270949 69.4716669546 0.0 68.9712321367 0.0
57850.6271065 69.5371223915 0.0 68.9867381705 0.0
57850.6271181 69.4613819915 0.0 69.0211948265 0.0
57850.6271296 69.4260356864 0.0 68.9405585924 0.0
57850.6271412 69.4520470558 0.0 68.9477913203 0.0
57850.6271528 69.5232306341 0.0 68.9871142564 0.0
57850.6271644 69.5283211067 0.0 69.0156900194 0.0
57850.6271759 69.5094520002 0.0 69.0173883049 0.0
57850.6271875 69.4787178497 0.0 69.0392978774 0.0
57850.6271991 69.5113761842 0.0 69.0307303831 0.0
57850.6272106 69.5432028783 0.0 68.9947251875 0.0
57850.6272222 69.5810122618 0.0 69.0190325318 0.0
57850.6272338 69.5162376323 0.0 69.0178702721 0.0
57850.6272454 69.5306965886 0.0 68.9568467626 0.0
57850.6272569 69.5670498588 0.0 69.0594253604 0.0
57850.6272685 69.6011407601 0.0 69.055560903 0.0
57850.6272801 69.6472546725 0.0 69.081250147 0.0
57850.6272917 69.6010055036 0.0 69.0703738476 0.0
57850.6273032 69.5942548734 0.0 69.0833500172 0.0
57850.6273148 69.6281705801 0.0 69.0701970753 0.0
57850.6273264 69.6385419737 0.0 69.0889534906 0.0
57850.627338 69.7040409721 0.0 69.1602295037 0.0
57850.6273495 69.6617443743 0.0 69.1749661804 0.0
57850.6273611 69.6537741219 0.0 69.1609552739 0.0
57850.6273727 69.6982766742 0.0 69.1748867317 0.0
57850.6273843 69.7566897613 0.0 69.2407276661 0.0
57850.6273958 69.7680839064 0.0 69.2958314013 0.0
57850.6274074 69.7622464037 0.0 69.2794034212 0.0
57850.627419 69.7245044386 0.0 69.2448750087 0.0
57850.6274306 69.7570553993 0.0 69.2978670075 0.0
57850.6274421 69.8281019229 0.0 69.3457354163 0.0
57850.6274537 69.879614294 0.0 69.42905638 0.0
57850.6274653 69.8749357134 0.0 69.4555005731 0.0
57850.6274769 69.8392714105 0.0 69.4014174632 0.0
57850.6274884 69.8921868112 0.0 69.4510404213 0.0
57850.6275 69.9352542982 0.0 69.4727648463 0.0
57850.6275116 69.9815554918 0.0 69.4703092063 0.0
57850.6275231 69.9308769439 0.0 69.5267678084 0.0
57850.6275347 69.92486665 0.0 69.5147384824 0.0
57850.6275463 69.935327556 0.0 69.4820072321 0.0
57850.6275579 70.0214028526 0.0 69.5333296443 0.0
57850.6275694 70.0384099373 0.0 69.5420677446 0.0
57850.627581 70.0069152163 0.0 69.5619001117 0.0
57850.6275926 69.9926724107 0.0 69.4953899678 0.0
57850.6276042 70.0140506014 0.0 69.5264368288 0.0
57850.6276157 70.0569974694 0.0 69.61371057 0.0
57850.6276273 70.1213748489 0.0 69.6288689486 0.0
57850.6276389 70.0840265044 0.0 69.6524023945 0.0
57850.6276505 70.0891274388 0.0 69.6489155655 0.0
57850.627662 70.1128819146 0.0 69.6196517728 0.0
57850.6276736 70.1864199205 0.0 69.7078112001 0.0
57850.6276852 70.2408110506 0.0 69.7422466082 0.0
57850.6276968 70.1797910638 0.0 69.7210049392 0.0
57850.6277083 70.1310958703 0.0 69.7054853511 0.0
57850.6277199 70.1961761953 0.0 69.6807828851 0.0
57850.6277315 70.2284510864 0.0 69.7327224635 0.0
57850.6277431 70.2518629634 0.0 69.7491760284 0.0
57850.6277546 70.2440961377 0.0 69.7947109928 0.0
57850.6277662 70.2234297255 0.0 69.7718440509 0.0
57850.6277778 70.2742319732 0.0 69.8430234093 0.0
57850.6521296 76.2057901539 0.0 75.7852955146 0.0
57850.6521412 76.2532068738 0.0 75.8237729534 0.0
57850.6521528 76.3196333875 0.0 75.8282788594 0.0
57850.6521644 76.369662365 0.0 75.9263384494 0.0
57850.6521759 76.3928791897 0.0 75.9464317781 0.0
57850.6521875 76.3435330708 0.0 75.8466986502 0.0
57850.6521991 76.3581826171 0.0 75.9015382651 0.0
57850.6522106 76.4477847566 0.0 75.9563427192 0.0
57850.6522222 76.5007476103 0.0 76.0356743773 0.0
57850.6522338 76.4670138562 0.0 76.038160955 0.0
57850.6522454 76.4142649602 0.0 76.0422471182 0.0
57850.6522569 76.4369877493 0.0 76.0113214683 0.0
57850.6522685 76.4914497076 0.0 76.0403788771 0.0
57850.6522801 76.5640112538 0.0 76.0620737537 0.0
57850.6522917 76.5658128508 0.0 76.0922646755 0.0
57850.6523032 76.5407786387 0.0 76.1237581247 0.0
57850.6523148 76.5689974001 0.0 76.1550285781 0.0
57850.6523264 76.6539310316 0.0 76.2272560069 0.0
57850.652338 76.7542581359 0.0 76.2550291612 0.0
57850.6523495 76.7588238579 0.0 76.335718126 0.0
57850.6523611 76.6557047319 0.0 76.2738649222 0.0
57850.6523727 76.682102333 0.0 76.272164484 0.0
57850.6523843 76.7491888462 0.0 76.2850649199 0.0
57850.6523958 76.7928534866 0.0 76.2989834358 0.0
57850.6524074 76.7968666143 0.0 76.3084996948 0.0
57850.652419 76.7333443639 0.0 76.3338629633 0.0
57850.6524306 76.8079415793 0.0 76.3602208076 0.0
57850.6524421 76.839680093 0.0 76.3666114737 0.0
57850.6524537 76.8800657606 0.0 76.4469231379 0.0
57850.6524653 76.8708245346 0.0 76.4148366008 0.0
57850.6524769 76.8002915902 0.0 76.3945296659 0.0
57850.6524884 76.8468084326 0.0 76.3894071981 0.0
57850.6525 76.8765468451 0.0 76.4380220862 0.0
57850.6525116 76.9630058781 0.0 76.4351495565 0.0
57850.6525231 76.9060359558 0.0 76.4722349408 0.0
57850.6525347 76.8322554694 0.0 76.4198055993 0.0
57850.6525463 76.8417998637 0.0 76.3919077201 0.0
57850.6525579 76.9111053251 0.0 76.3853706264 0.0
57850.6525694 76.9286421525 0.0 76.4449144769 0.0
57850.652581 76.916889984 0.0 76.4208671009 0.0
57850.6525926 76.7904148602 0.0 76.3642071759 0.0
57850.6526042 76.7683822123 0.0 76.3099209679 0.0
57850.6526157 76.7909137235 0.0 76.2606541989 0.0
57850.6526273 76.7985110524 0.0 76.2708379331 0.0
57850.6526389 76.6970508496 0.0 76.2025393741 0.0
57850.6526505 76.5704927826 0.0 76.135594094 0.0
57850.652662 76.5740652608 0.0 76.0855955636 0.0
57850.6526736 76.5439894082 0.0 75.9918892367 0.0
57850.6526852 76.5137727956 0.0 76.0234186617 0.0
57850.6526968 76.4518555978 0.0 75.9440479757 0.0
57850.6527083 76.3208293767 0.0 75.8809944323 0.0
57850.6527199 76.2945097892 0.0 75.801334074 0.0
57850.6527315 76.2805600699 0.0 75.7796457236 0.0
57850.6527431 76.29396995 0.0 75.7906853964 0.0
57850.6527546 76.2185063406 0.0 75.6178872935 0.0
57850.6527662 76.093877314 0.0 75.5727718584 0.0
57850.6527778 76.0710029242 0.0 75.528594691 0.0
57850.6527894 76.1077948256 0.0 75.4432513338 0.0
57850.6528009 76.1101026252 0.0 75.6046199486 0.0
57850.6528125 76.0430108731 0.0 75.605556492 0.0
57850.6528241 75.9722115131 0.0 75.4792688971 0.0
57850.6528356 75.9774786358 0.0 75.5361038935 0.0
57850.6528472 75.9801514711 0.0 75.4944405841 0.0
57850.6528588 76.0134647301 0.0 75.5120930459 0.0
57850.6528704 75.9967269149 0.0 75.5108878178 0.0
57850.6528819 75.8876532941 0.0 75.5072402812 0.0
57850.6528935 75.9079274057 0.0 75.4824642673 0.0
57850.6529051 75.9216911124 0.0 75.4529475695 0.0
57850.6529167 75.9823057173 0.0 75.5298640773 0.0
57850.6529282 75.9287591723 0.0 75.473469997 0.0
57850.6529398 75.8566476713 0.0 75.4874089496 0.0
57850.6529514 75.9051118128 0.0 75.5110859188 0.0
57850.652963 75.9474706476 0.0 75.4905407244 0.0
57850.6529745 75.9814558236 0.0 75.538738785 0.0
57850.6529861 75.9351502947 0.0 75.5682367694 0.0
57850.6529977 75.882704435 0.0 75.4783988463 0.0
57850.6530093 75.9217347328 0.0 75.5625036549 0.0
57850.6530208 76.0026593963 0.0 75.5458179674 0.0
57850.6530324 76.0497327786 0.0 75.6151771079 0.0
57850.653044 76.0436712211 0.0 75.6105745893 0.0
57850.6530556 76.0215972154 0.0 75.5754142367 0.0
57850.6530671 76.0407998998 0.0 75.6274567813 0.0
57850.6530787 76.0930186297 0.0 75.6310004931 0.0
57850.6530903 76.1688259765 0.0 75.7314122462 0.0
57850.6531019 76.1753001783 0.0 75.7841006568 0.0
57850.6531134 76.1073667001 0.0 75.7854903857 0.0
57850.653125 76.1708163053 0.0 75.7930073523 0.0
57850.6531366 76.2624833612 0.0 75.8217528739 0.0
57850.6531481 76.3386590271 0.0 75.8430256733 0.0
57850.6531597 76.3048833372 0.0 75.8613946567 0.0
57850.6531713 76.2878992419 0.0 75.8822047232 0.0
57850.6531829 76.3592656695 0.0 75.8594430028 0.0
57850.6531944 76.3941509925 0.0 75.8863362659 0.0
57850.653206 76.4414813932 0.0 75.904869629 0.0
57850.6532176 76.4110370225 0.0 75.9764133572 0.0
57850.6532292 76.3537357959 0.0 75.9362612522 0.0
57850.6532407 76.4242075507 0.0 75.8304440338 0.0
57850.6532523 76.4216334131 0.0 75.8805169944 0.0
57850.6532639 76.4625434262 0.0 75.9261728007 0.0
57850.6532755 76.4189600032 0.0 75.8811291934 0.0
57850.653287 76.3337298285 0.0 75.8838347278 0.0
57850.6532986 76.3350059281 0.0 75.8458839879 0.0
57850.6533102 76.3606259507 0.0 75.8379930583 0.0
57850.6533218 76.3999001327 0.0 75.8385998305 0.0
57850.6533333 76.3645625045 0.0 75.8789858737 0.0
57850.6533449 76.2796725058 0.0 75.8026125147 0.0
57850.6533565 76.277586959 0.0 75.8280646537 0.0
57850.6533681 76.3490468296 0.0 75.7653978583 0.0
57850.6533796 76.3551282235 0.0 75.8007160181 0.0
57850.6533912 76.2813858088 0.0 75.8271873136 0.0
57850.6534028 76.1809101669 0.0 75.7076941502 0.0
57850.6534144 76.157106209 0.0 75.7065387701 0.0
57850.6534259 76.1849866403 0.0 75.7110399706 0.0
57850.6534375 76.2096064898 0.0 75.7062531296 0.0
57850.6534491 76.1731926651 0.0 75.6737653185 0.0
57850.6534606 76.0844695219 0.0 75.7205555005 0.0
57850.6534722 76.1439950447 0.0 75.630981296 0.0
57850.6534838 76.1960666485 0.0 75.6720969398 0.0
57850.6534954 76.2207102036 0.0 75.7047173478 0.0
57850.6535069 76.1847138401 0.0 75.7208168462 0.0
57850.6535185 76.0948375592 0.0 75.6764632165 0.0
57850.6535301 76.12810297 0.0 75.6334820718 0.0
57850.6535417 76.146833723 0.0 75.6786950946 0.0
57850.6535532 76.1998117758 0.0 75.6804506735 0.0
57850.6535648 76.1447667651 0.0 75.7260234231 0.0
57850.6535764 76.029971943 0.0 75.6362491334 0.0
57850.653588 76.0544546077 0.0 75.5738935165 0.0
57850.6535995 76.0564873206 0.0 75.6532040769 0.0
57850.6536111 76.0745139629 0.0 75.6144247199 0.0
57850.6536227 75.9870996818 0.0 75.6227691641 0.0
57850.6536343 75.899537332 0.0 75.5270543221 0.0
57850.6536458 75.9058981174 0.0 75.4327848804 0.0
57850.6536574 75.9347461044 0.0 75.5108200801 0.0
57850.653669 75.9656713737 0.0 75.5089413386 0.0
57850.6536806 75.9505378503 0.0 75.5216140304 0.0
57850.6536921 75.8715984049 0.0 75.4738072657 0.0
57850.6537037 75.8999221215 0.0 75.474554627 0.0
57850.6537153 75.9627717891 0.0 75.4872390114 0.0
57850.6537269 75.989752266 0.0 75.5448142923 0.0
57850.6537384 76.0013380363 0.0 75.541496492 0.0
57850.65375 75.9191829789 0.0 75.5424362031 0.0
57850.6537616 75.9773926237 0.0 75.565819685 0.0
57850.6537731 76.0271742843 0.0 75.5332236286 0.0
57850.6537847 76.0822626477 0.0 75.5825833325 0.0
57850.6537963 76.0742980531 0.0 75.6275617212 0.0
57850.6538079 75.9859120793 0.0 75.593526757 0.0
57850.6538194 76.0963762873 0.0 75.5886247541 0.0
57850.653831 76.1490525092 0.0 75.6889524716 0.0
57850.6538426 76.2327873773 0.0 75.7118700405 0.0
57850.6538542 76.2365533854 0.0 75.7296236228 0.0
57850.6538657 76.1862695848 0.0 75.6986884775 0.0
57850.6538773 76.2506660885 0.0 75.7248729276 0.0
57850.6538889 76.3147426317 0.0 75.8020983152 0.0
57850.6539005 76.3530473259 0.0 75.8529082926 0.0
57850.653912 76.3607677822 0.0 75.8432630074 0.0
57850.6539236 76.2643225481 0.0 75.8407806528 0.0
57850.6539352 76.299383954 0.0 75.9013790817 0.0
57850.6539468 76.3727211344 0.0 75.95802805 0.0
57850.6539583 76.4081949361 0.0 75.9948809034 0.0
57850.6539699 76.3981109835 0.0 76.0333190079 0.0
57850.6539815 76.3490352267 0.0 75.9670448617 0.0
57850.6539931 76.4095082446 0.0 76.032024353 0.0
57850.6540046 76.4781618817 0.0 76.0577500387 0.0
57850.6540162 76.6069340147 0.0 76.1470879435 0.0
57850.6540278 76.6120144254 0.0 76.1799610301 0.0
57850.6540394 76.6050656256 0.0 76.1767879064 0.0
57850.6540509 76.6451820817 0.0 76.2700734673 0.0
57850.6540625 76.7274230109 0.0 76.2588534772 0.0
57850.6540741 76.7836215344 0.0 76.3402155754 0.0
57850.6540856 76.8012920249 0.0 76.3452280661 0.0
57850.6540972 76.7249175958 0.0 76.32548039 0.0
57850.6541088 76.78458809 0.0 76.414823688 0.0
57850.6541204 76.8641014313 0.0 76.4913438139 0.0
57850.6541319 76.9241713133 0.0 76.6074349956 0.0
57850.6541435 76.9311300895 0.0 76.6401195249 0.0
57850.6541551 76.9036836719 0.0 76.6135875654 0.0
57850.6541667 76.9711558425 0.0 76.5589492411 0.0
57850.6541782 77.0113131078 0.0 76.6013449756 0.0
57850.6541898 77.0977247514 0.0 76.6320258815 0.0
57850.6542014 77.0790888992 0.0 76.6593766755 0.0
57850.654213 76.9718193511 0.0 76.6333424065 0.0
57850.6542245 77.0658604398 0.0 76.557182446 0.0
57850.6542361 77.0930904422 0.0 76.6096971856 0.0
57850.6542477 77.1591736309 0.0 76.6851804139 0.0
57850.6542593 77.0950551822 0.0 76.647377518 0.0
57850.6542708 77.0392510508 0.0 76.6287689594 0.0
57850.6542824 77.0478019698 0.0 76.6498077735 0.0
57850.654294 77.1254733865 0.0 76.692516012 0.0
57850.6543056 77.1878584003 0.0 76.7417438992 0.0
57850.6543171 77.1608796137 0.0 76.7408599325 0.0
57850.6543287 77.1422262413 0.0 76.750262584 0.0
57850.6543403 77.1601053457 0.0 76.7755928558 0.0
57850.6543519 77.220202664 0.0 76.8114825143 0.0
57850.6543634 77.3298594906 0.0 76.8455923078 0.0
57850.654375 77.188816459 0.0 76.8862159267 0.0
57850.6543981 77.3926300187 0.0 76.9079289608 0.0
57850.6544097 77.3374495214 0.0 76.9658453507 0.0
57850.6544213 77.4572091355 0.0 77.0730130308 0.0
57850.6544329 77.4860455476 0.0 77.0911277928 0.0
57850.6544444 77.4403231673 0.0 77.0632083645 0.0
57850.654456 77.3774695988 0.0 76.9685821497 0.0
57850.6544676 77.443387281 0.0 77.0306746368 0.0
57850.6544792 77.4715190409 0.0 77.0177904453 0.0
57850.6544907 77.4987651139 0.0 77.0317098248 0.0
57850.6545023 77.4492795117 0.0 77.0162678242 0.0
57850.6545139 77.4029059178 0.0 76.9368790593 0.0
57850.6545255 77.4581688876 0.0 76.9706952361 0.0
57850.654537 77.4960791782 0.0 77.0028189535 0.0
57850.6545486 77.4983627407 0.0 76.9548691362 0.0
57850.6545602 77.3883321208 0.0 76.9609580538 0.0
57850.6545718 77.4125056946 0.0 76.8633349705 0.0
57850.6545833 77.441421118 0.0 76.9149275828 0.0
57850.6545949 77.5149661166 0.0 76.9677985274 0.0
57850.6546065 77.4881159249 0.0 76.9921318189 0.0
57850.6546181 77.4169601146 0.0 77.0011639926 0.0
57850.6546296 77.4322240927 0.0 76.9272703812 0.0
57850.6546412 77.470088988 0.0 76.945852193 0.0
57850.6546528 77.5126755797 0.0 77.0388628452 0.0
57850.6546644 77.5358215656 0.0 77.1084341248 0.0
57850.6546759 77.4419576958 0.0 76.9868322912 0.0
57850.6546875 77.435507233 0.0 76.9979802646 0.0
57850.6546991 77.4327593078 0.0 76.9517975531 0.0
57850.6547106 77.4992680829 0.0 76.9908501275 0.0
57850.6547222 77.4847928956 0.0 76.9929026628 0.0
57850.6547338 77.4136241722 0.0 76.9298903516 0.0
57850.6547454 77.3956128391 0.0 76.8588428298 0.0
57850.6547569 77.4051791776 0.0 76.8821471244 0.0
57850.6547685 77.491414263 0.0 76.8786419279 0.0
57850.6547801 77.5033716366 0.0 76.9807532482 0.0
57850.6547917 77.4177641013 0.0 76.9645757445 0.0
57850.6548032 77.4066146769 0.0 76.9395136109 0.0
57850.6548148 77.4706309687 0.0 76.9607020663 0.0
57850.6548264 77.4926317409 0.0 76.9427315622 0.0
57850.654838 77.5262916477 0.0 77.0241841866 0.0
57850.6548495 77.4430713341 0.0 76.9633568361 0.0
57850.6548611 77.3985944579 0.0 76.9660285809 0.0
57850.6548727 77.4628293875 0.0 76.9681961856 0.0
57850.6548843 77.4585867423 0.0 77.0128312981 0.0
57850.6548958 77.4571138138 0.0 76.9988772606 0.0
57850.6549074 77.3428050613 0.0 76.9342212054 0.0
57850.654919 77.3345925871 0.0 76.9224424138 0.0
57850.6549306 77.3863515588 0.0 76.8826975829 0.0
57850.6549421 77.41890092 0.0 76.8971925205 0.0
57850.6549537 77.3760371946 0.0 76.9402593024 0.0
57850.6549653 77.2932721695 0.0 76.8969523034 0.0
57850.6549769 77.187943011 0.0 76.855739612 0.0
57850.6549884 77.2735816432 0.0 76.8042341295 0.0
57850.655 77.281307456 0.0 76.8386200509 0.0
57850.6550116 77.2621004015 0.0 76.8072096816 0.0
57850.6550231 77.1703991216 0.0 76.7828323619 0.0
57850.6550347 77.1459094949 0.0 76.7256900334 0.0
57850.6550463 77.1344244031 0.0 76.7083020206 0.0
57850.6550579 77.1912975679 0.0 76.7165984372 0.0
57850.6550694 77.2183913357 0.0 76.7234442583 0.0
57850.655081 77.1136034344 0.0 76.6903216148 0.0
57850.6550926 77.0678310609 0.0 76.6550608278 0.0
57850.6551042 77.1038482977 0.0 76.62410644 0.0
57850.6551157 77.1145840809 0.0 76.6890158841 0.0
57850.6551273 77.1471676397 0.0 76.7003199138 0.0
57850.6551389 77.0484335758 0.0 76.6414633601 0.0
57850.6551505 77.0454991164 0.0 76.6107325325 0.0
57850.655162 77.0539687723 0.0 76.6518574239 0.0
57850.6551736 77.10400305 0.0 76.5930543825 0.0
57850.6551852 77.0746180881 0.0 76.5125019564 0.0
57850.6551968 77.0097074989 0.0 76.4454221277 0.0
57850.6552083 76.9734813911 0.0 76.3688622559 0.0
57850.6552199 77.0020877578 0.0 76.4393576381 0.0
57850.6552315 77.0356567982 0.0 76.5443283455 0.0
57850.6552431 76.9887178102 0.0 76.5495181265 0.0
57850.6552546 76.8448117125 0.0 76.4985377037 0.0
57850.6552662 76.8159668215 0.0 76.3934504113 0.0
57850.6552778 76.7736041938 0.0 76.3758356612 0.0
57850.6552894 76.7883352142 0.0 76.3595704107 0.0
57850.6553009 76.7508660567 0.0 76.2913275909 0.0
57850.6553125 76.6896060381 0.0 76.2400441456 0.0
57850.6553241 76.6245453882 0.0 76.2343083233 0.0
57850.6553356 76.6139877062 0.0 76.2298459566 0.0
57850.6553472 76.6604580644 0.0 76.2495617237 0.0
57850.6553588 76.6897509936 0.0 76.2958279137 0.0
57850.6553704 76.6072960602 0.0 76.2421666626 0.0
57850.6553819 76.5909395722 0.0 76.1774858807 0.0
57850.6553935 76.665159901 0.0 76.239522223 0.0
57850.6554051 76.734988896 0.0 76.3046615993 0.0
57850.6554167 76.7975365668 0.0 76.2883838088 0.0
57850.6554282 76.7129055535 0.0 76.3503698773 0.0
57850.6554398 76.6991192535 0.0 76.3190385589 0.0
57850.6554514 76.7783043749 0.0 76.3677471823 0.0
57850.655463 76.8796208622 0.0 76.3976319519 0.0
57850.6554745 76.8829505217 0.0 76.4424434353 0.0
57850.6554861 76.8038812861 0.0 76.4664424989 0.0
57850.6554977 76.8147601365 0.0 76.4533666662 0.0
57850.6555093 76.8431093503 0.0 76.472218143 0.0
57850.6555208 76.9717752036 0.0 76.5999331769 0.0
57850.6555324 76.9660712758 0.0 76.6064449824 0.0
57850.655544 76.949281081 0.0 76.5819337807 0.0
