57852.96914166667 10.603255738595786 0.0 10.603255738595786 0.0
57852.970141666665 10.603255738595786 0.0 10.603255738595786 0.0
57852.97025888889 11.588787684654505 0.0 11.588787684654505 0.0
57852.970305555544 12.51566760040674 0.0 12.51566760040674 0.0
57852.97035222221 11.507220734489195 0.0 11.507220734489195 0.0
57852.97046944443 10.72004453529507 0.0 10.72004453529507 0.0
57852.9705161111 10.678739807251029 0.0 10.678739807251029 0.0
57852.97056277778 11.021533175941862 0.0 11.021533175941862 0.0
57852.97068 11.049448971810547 0.0 11.049448971810547 0.0
57852.97072666667 12.104917689024758 0.0 12.104917689024758 0.0
57852.97077333332 11.930037990367545 0.0 11.930037990367545 0.0
57852.97089055555 12.089184715967166 0.0 12.089184715967166 0.0
57852.97093722222 12.786585712908211 0.0 12.786585712908211 0.0
57852.970983888874 13.125817946863105 0.0 13.125817946863105 0.0
57852.9711011111 10.682062142344202 0.0 10.682062142344202 0.0
57852.97114777777 10.60219088740168 0.0 10.60219088740168 0.0
57852.97119444444 11.447354955790923 0.0 11.447354955790923 0.0
57852.97131166665 13.518088240480582 0.0 13.518088240480582 0.0
57852.97135833332 13.651302667369476 0.0 13.651302667369476 0.0
57852.971405 14.33504615922449 0.0 14.33504615922449 0.0
57852.97152222221 10.774671613886744 0.0 10.774671613886744 0.0
57852.97156888889 10.777665077192234 0.0 10.777665077192234 0.0
57852.97161555556 10.78215371387727 0.0 10.78215371387727 0.0
57852.97173277777 10.519260368945973 0.0 10.519260368945973 0.0
57852.97177944443 10.073440005697513 0.0 10.073440005697513 0.0
57852.9718261111 10.089119019054397 0.0 10.089119019054397 0.0
57852.97194333333 10.099025823347773 0.0 10.099025823347773 0.0
57852.97199 9.935274400808206 0.0 9.935274400808206 0.0
57852.972036666666 10.11259195899015 0.0 10.11259195899015 0.0
57852.97215388888 11.307861952441932 0.0 11.307861952441932 0.0
57852.97220055555 11.647372678959862 0.0 11.647372678959862 0.0
57852.97224722221 11.32026444464855 0.0 11.32026444464855 0.0
57852.972364444446 11.584611594975968 0.0 11.584611594975968 0.0
57852.97241111111 10.940602094654041 0.0 10.940602094654041 0.0
57852.972457777774 11.400198074113987 0.0 11.400198074113987 0.0
57852.972575 11.301726959100742 0.0 11.301726959100742 0.0
57852.97262166667 11.595605396706505 0.0 11.595605396706505 0.0
57852.97266833332 11.840335653481144 0.0 11.840335653481144 0.0
57852.972785555554 10.387803021472019 0.0 10.387803021472019 0.0
57852.97283222222 10.35015973072942 0.0 10.35015973072942 0.0
57852.972878888875 10.694436298465456 0.0 10.694436298465456 0.0
57852.99166944445 9.537531972634865 0.0 9.537531972634865 0.0
57852.991786666666 9.362933094337066 0.0 9.362933094337066 0.0
57852.99183333332 9.36258855851997 0.0 9.36258855851997 0.0
57852.99187999999 9.573653362728223 0.0 9.573653362728223 0.0
57852.99199722221 9.405900687437407 0.0 9.405900687437407 0.0
57852.99204388888 9.41395669445963 0.0 9.41395669445963 0.0
57852.992090555555 9.267877231982347 0.0 9.267877231982347 0.0
57852.99220777778 9.345518159921328 0.0 9.345518159921328 0.0
57852.99225444444 9.525348185999091 0.0 9.525348185999091 0.0
57852.9923011111 9.648165461588723 0.0 9.648165461588723 0.0
57852.992418333335 9.29446592194482 0.0 9.29446592194482 0.0
57852.992465 9.295854088022597 0.0 9.295854088022597 0.0
57852.992511666656 9.276748596147737 0.0 9.276748596147737 0.0
57852.992628888875 9.337057628679942 0.0 9.337057628679942 0.0
57852.99267555554 9.231957119596284 0.0 9.231957119596284 0.0
57852.992722222225 9.184664638196052 0.0 9.184664638196052 0.0
57852.992839444436 9.206939878998009 0.0 9.206939878998009 0.0
57852.9928861111 9.493291349429938 0.0 9.493291349429938 0.0
57852.99293277778 9.467090706844047 0.0 9.467090706844047 0.0
57852.99304999999 9.267007033278798 0.0 9.267007033278798 0.0
57852.993096666665 9.269443383783157 0.0 9.269443383783157 0.0
57852.99314333333 9.15617190047062 0.0 9.15617190047062 0.0
57852.993260555544 9.250980767534346 0.0 9.250980767534346 0.0
57852.99330722221 9.133066474399847 0.0 9.133066474399847 0.0
57852.99335388888 9.273792417692539 0.0 9.273792417692539 0.0
57852.99347111111 9.683041377717059 0.0 9.683041377717059 0.0
57852.99351777778 9.685706129436637 0.0 9.685706129436637 0.0
57852.99356444444 9.52128345916019 0.0 9.52128345916019 0.0
57852.99368166665 9.332392425691108 0.0 9.332392425691108 0.0
57852.993728333335 9.343619523848968 0.0 9.343619523848968 0.0
57852.99377499999 9.20956725542835 0.0 9.20956725542835 0.0
57852.99389222222 9.358625484959955 0.0 9.358625484959955 0.0
57852.99393888889 9.845581946790537 0.0 9.845581946790537 0.0
57852.99398555556 10.015793979124075 0.0 10.015793979124075 0.0
57852.994102777775 9.167790742418491 0.0 9.167790742418491 0.0
57852.99414944444 9.219894338489093 0.0 9.219894338489093 0.0
57852.994196111096 9.465046052407434 0.0 9.465046052407434 0.0
57852.994313333336 9.28248437267913 0.0 9.28248437267913 0.0
57852.99436 9.615511661691697 0.0 9.615511661691697 0.0
57852.99440666666 9.955870370726496 0.0 9.955870370726496 0.0
57853.02430833333 9.064998265216992 0.0 9.064998265216992 0.0
57853.02442555556 8.74458357701977 0.0 8.74458357701977 0.0
57853.02447222221 8.58637330027136 0.0 8.58637330027136 0.0
57853.02451888888 8.582615587487338 0.0 8.582615587487338 0.0
57853.0246361111 8.4978175566322 0.0 8.4978175566322 0.0
57853.02468277777 8.48528137423857 0.0 8.48528137423857 0.0
57853.02472944444 8.47539132220549 0.0 8.47539132220549 0.0
57853.02484666667 8.47862587771117 0.0 8.47862587771117 0.0
57853.024893333335 8.47976719096127 0.0 8.47976719096127 0.0
57853.02493999999 8.49022208000132 0.0 8.49022208000132 0.0
57853.02505722222 8.506923176771016 0.0 8.506923176771016 0.0
57853.02510388889 8.6094471741896 0.0 8.6094471741896 0.0
57853.02515055554 8.64851283132241 0.0 8.64851283132241 0.0
57853.02526777777 8.696495400910905 0.0 8.696495400910905 0.0
57853.025314444436 8.641423120550638 0.0 8.641423120550638 0.0
57853.02536111111 8.638809655158777 0.0 8.638809655158777 0.0
57853.02547833332 8.791674947761477 0.0 8.791674947761477 0.0
57853.02552499999 8.93037585453299 0.0 8.93037585453299 0.0
57853.025571666665 8.771103583045644 0.0 8.771103583045644 0.0
57853.025688888876 8.868028838691886 0.0 8.868028838691886 0.0
57853.02573555556 9.013430838691278 0.0 9.013430838691278 0.0
57853.02578222222 9.00841900131348 0.0 9.00841900131348 0.0
57853.02589944443 8.933084573650916 0.0 8.933084573650916 0.0
57853.0259461111 8.88038796013894 0.0 8.88038796013894 0.0
57853.025992777766 8.692414193774306 0.0 8.692414193774306 0.0
57853.02611 8.557396348076002 0.0 8.557396348076002 0.0
57853.02615666667 8.52813181523741 0.0 8.52813181523741 0.0
57853.026203333335 8.56794476052191 0.0 8.56794476052191 0.0
57853.026320555546 8.519806146514929 0.0 8.519806146514929 0.0
57853.02636722222 8.49269135501891 0.0 8.49269135501891 0.0
57853.026413888874 8.523213084883105 0.0 8.523213084883105 0.0
57853.026531111114 8.48946215857845 0.0 8.48946215857845 0.0
57853.026577777775 8.45099726888547 0.0 8.45099726888547 0.0
57853.02662444444 8.472345906612308 0.0 8.472345906612308 0.0
57853.02674166667 8.493261085764864 0.0 8.493261085764864 0.0
57853.026788333336 8.476152505135957 0.0 8.476152505135957 0.0
57853.02683499999 8.502750977980503 0.0 8.502750977980503 0.0
57853.02695222222 8.454622709576716 0.0 8.454622709576716 0.0
57853.02699888889 8.460534567111603 0.0 8.460534567111603 0.0
57853.027045555544 8.450615553071056 0.0 8.450615553071056 0.0
57853.05791333332 8.578856228749167 0.0 8.578856228749167 0.0
57853.05795999999 8.448133979876 0.0 8.448133979876 0.0
57853.05800666665 8.365443512527612 0.0 8.365443512527612 0.0
57853.05812388889 8.164241465664608 0.0 8.164241465664608 0.0
57853.05817055555 8.131579222092181 0.0 8.131579222092181 0.0
57853.05821722221 8.150796517578375 0.0 8.150796517578375 0.0
57853.058334444446 8.174113348385747 0.0 8.174113348385747 0.0
57853.058381111114 8.200511392393416 0.0 8.200511392393416 0.0
57853.058427777774 8.21976375141234 0.0 8.21976375141234 0.0
57853.058545 8.156533102860829 0.0 8.156533102860829 0.0
57853.05859166667 8.217016176125593 0.0 8.217016176125593 0.0
57853.058638333336 8.184170401530647 0.0 8.184170401530647 0.0
57853.05875555555 8.176480826717409 0.0 8.176480826717409 0.0
57853.05880222222 8.259110316844449 0.0 8.259110316844449 0.0
57853.058848888875 8.234271419284866 0.0 8.234271419284866 0.0
57853.0589661111 8.328729911306036 0.0 8.328729911306036 0.0
57853.059012777776 8.37969897064982 0.0 8.37969897064982 0.0
57853.059059444444 8.481669038427482 0.0 8.481669038427482 0.0
57853.05917666667 8.516965990152793 0.0 8.516965990152793 0.0
57853.05922333333 8.59256993364128 0.0 8.59256993364128 0.0
57853.05927 8.42174604530515 0.0 8.42174604530515 0.0
57853.05938722221 9.032200460645807 0.0 9.032200460645807 0.0
57853.05943388889 8.901793947506928 0.0 8.901793947506928 0.0
57853.05948055555 8.57095620818241 0.0 8.57095620818241 0.0
57853.05959777776 8.402188654960586 0.0 8.402188654960586 0.0
57853.059644444445 8.671979347672112 0.0 8.671979347672112 0.0
57853.05969111111 8.5415493042029 0.0 8.5415493042029 0.0
57853.059808333324 8.302739540113718 0.0 8.302739540113718 0.0
57853.059855 8.376041100432174 0.0 8.376041100432174 0.0
57853.05990166667 8.454431935667747 0.0 8.454431935667747 0.0
57853.060018888886 8.242885495402843 0.0 8.242885495402843 0.0
57853.06006555555 8.256766531057245 0.0 8.256766531057245 0.0
57853.060112222214 8.298075952660895 0.0 8.298075952660895 0.0
57853.06022944445 8.161079941187417 0.0 8.161079941187417 0.0
57853.06027611111 8.15059863227948 0.0 8.15059863227948 0.0
57853.06032277777 8.199134494055633 0.0 8.199134494055633 0.0
57853.06044 8.201888059583322 0.0 8.201888059583322 0.0
57853.06048666667 8.17746707372983 0.0 8.17746707372983 0.0
57853.06053333334 8.117682809370443 0.0 8.117682809370443 0.0
57853.06065055554 8.127412793114265 0.0 8.127412793114265 0.0
57853.06069722222 8.142283106939256 0.0 8.142283106939256 0.0
57853.06074388889 8.142283106939256 0.0 8.142283106939256 0.0
57853.0608611111 8.150994398073117 0.0 8.150994398073117 0.0
57853.06090777778 8.174507975723143 0.0 8.174507975723143 0.0
57853.06095444443 8.139509377304371 0.0 8.139509377304371 0.0
57853.061071666656 8.117484116836742 0.0 8.117484116836742 0.0
57853.09846499999 8.374115263812225 0.0 8.374115263812225 0.0
57853.09851166666 8.3756559685332 0.0 8.3756559685332 0.0
57853.09855833333 8.284848198815677 0.0 8.284848198815677 0.0
57853.09867555554 8.21073255149978 0.0 8.21073255149978 0.0
57853.09872222221 8.307206354687168 0.0 8.307206354687168 0.0
57853.098768888885 8.336859469035783 0.0 8.336859469035783 0.0
57853.09888611111 8.150004947554404 0.0 8.150004947554404 0.0
57853.09893277778 8.188110972032716 0.0 8.188110972032716 0.0
57853.09897944443 8.230940839100606 0.0 8.230940839100606 0.0
57853.099096666665 8.30215673494622 0.0 8.30215673494622 0.0
57853.09914333332 8.250513180520075 0.0 8.250513180520075 0.0
57853.099189999986 8.130389031679334 0.0 8.130389031679334 0.0
57853.09930722222 8.180425101344653 0.0 8.180425101344653 0.0
57853.09935388889 8.156137605825522 0.0 8.156137605825522 0.0
57853.099400555555 8.18160801294094 0.0 8.18160801294094 0.0
57853.099517777766 8.156533102860829 0.0 8.156533102860829 0.0
57853.09956444444 8.164439020295823 0.0 8.164439020295823 0.0
57853.0996111111 8.160882305241266 0.0 8.160882305241266 0.0
57853.09972833332 8.043029440493498 0.0 8.043029440493498 0.0
57853.099775 8.070256021841223 0.0 8.070256021841223 0.0
57853.099821666656 8.116490581208033 0.0 8.116490581208033 0.0
57853.099938888874 8.084632973894402 0.0 8.084632973894402 0.0
57853.09998555554 8.131975913519698 0.0 8.131975913519698 0.0
57853.10003222221 8.214464033327964 0.0 8.214464033327964 0.0
57853.10014944444 8.135347009669712 0.0 8.135347009669712 0.0
57853.100196111096 8.094801199017361 0.0 8.094801199017361 0.0
57853.10024277778 8.076848634892679 0.0 8.076848634892679 0.0
57853.10035999999 8.070855572826177 0.0 8.070855572826177 0.0
57853.100406666665 8.064858057267404 0.0 8.064858057267404 0.0
57853.10045333333 8.094601944824792 0.0 8.094601944824792 0.0
57853.10057055554 8.056654232332106 0.0 8.056654232332106 0.0
57853.10061722222 8.059056216255982 0.0 8.059056216255982 0.0
57853.10066388888 8.062457801840058 0.0 8.062457801840058 0.0
57853.1007811111 8.074451943850331 0.0 8.074451943850331 0.0
57853.100827777766 8.046237349461608 0.0 8.046237349461608 0.0
57853.10087444443 8.048842834081304 0.0 8.048842834081304 0.0
57853.10099166665 8.046237349461608 0.0 8.046237349461608 0.0
57853.10103833332 8.052649333624469 0.0 8.052649333624469 0.0
57853.10108499999 8.068457101577723 0.0 8.068457101577723 0.0
57853.10120222221 8.019934840053857 0.0 8.019934840053857 0.0
57853.10124888888 8.02837709065023 0.0 8.02837709065023 0.0
57853.101295555556 8.040020863397741 0.0 8.040020863397741 0.0
57853.10229555555 8.040020863397741 0.0 8.040020863397741 0.0
