57853.424011574076 99.77165598239813 0.0 99.77165598239813 0.0
57853.42501157407 99.77165598239813 0.0 99.77165598239813 0.0
57853.446539351855 94.87100067201779 0.0 94.87100067201779 0.0
57853.46806712963 92.43380710659926 0.0 92.43380710659926 0.0
57853.48681712963 90.64747818417233 0.0 90.64747818417233 0.0
57853.520150462966 89.96846129616756 0.0 89.96846129616756 0.0
57853.54653935185 89.70301109522467 0.0 89.70301109522467 0.0
57853.57084490741 90.04416047767896 0.0 90.04416047767896 0.0
57853.597233796296 90.08198621361542 0.0 90.08198621361542 0.0
57853.61806712963 90.5346623617717 0.0 90.5346623617717 0.0
57853.61906712963 90.5346623617717 0.0 90.5346623617717 0.0
