57853.183725 8.610945772490625 0.0 8.610945772490625 0.0
57853.184725 8.610945772490625 0.0 8.610945772490625 0.0
57853.184842222225 8.396427811873334 0.0 8.396427811873334 0.0
57853.18488888888 8.413890205315065 0.0 8.413890205315065 0.0
57853.184935555546 8.476342790188124 0.0 8.476342790188124 0.0
57853.185052777764 8.421171476241181 0.0 8.421171476241181 0.0
57853.18509944443 8.442786575609402 0.0 8.442786575609402 0.0
57853.185146111115 8.45595800642669 0.0 8.45595800642669 0.0
57853.18526333333 8.407370038706631 0.0 8.407370038706631 0.0
57853.18531 8.401036802373783 0.0 8.401036802373783 0.0
57853.185356666654 8.398924662352375 0.0 8.398924662352375 0.0
57853.18547388889 8.440111602992447 0.0 8.440111602992447 0.0
57853.185520555555 8.48223950951482 0.0 8.48223950951482 0.0
57853.18556722221 8.524348428415646 0.0 8.524348428415646 0.0
57853.185684444434 8.481098528968078 0.0 8.481098528968078 0.0
57853.1857311111 8.508250265515535 0.0 8.508250265515535 0.0
57853.18577777778 8.556076882129053 0.0 8.556076882129053 0.0
57853.18589499999 8.457483801820995 0.0 8.457483801820995 0.0
57853.185941666656 8.446988392511608 0.0 8.446988392511608 0.0
57853.18598833333 8.465489715842331 0.0 8.465489715842331 0.0
57853.18610555554 8.477103887683613 0.0 8.477103887683613 0.0
57853.186152222224 8.523591549530387 0.0 8.523591549530387 0.0
57853.18619888889 8.511661829324176 0.0 8.511661829324176 0.0
57853.186316111096 8.367949608187258 0.0 8.367949608187258 0.0
57853.186362777764 8.345947442302608 0.0 8.345947442302608 0.0
57853.18640944443 8.388355984877625 0.0 8.388355984877625 0.0
57853.186526666665 8.403916137826037 0.0 8.403916137826037 0.0
57853.18657333333 8.476533070968685 0.0 8.476533070968685 0.0
57853.18662 8.531535428877593 0.0 8.531535428877593 0.0
57853.18673722221 8.346333945067178 0.0 8.346333945067178 0.0
57853.18678388889 8.337246393105751 0.0 8.337246393105751 0.0
57853.18683055555 8.338020187380293 0.0 8.338020187380293 0.0
57853.18694777778 8.404108058447637 0.0 8.404108058447637 0.0
57853.18699444445 8.527186125903812 0.0 8.527186125903812 0.0
57853.18704111111 8.57923223875258 0.0 8.57923223875258 0.0
57853.187158333334 8.425575504417793 0.0 8.425575504417793 0.0
57853.187205 8.453096397751384 0.0 8.453096397751384 0.0
57853.187251666655 8.462059537305516 0.0 8.462059537305516 0.0
57853.18736888889 8.432655419223225 0.0 8.432655419223225 0.0
57853.187415555556 8.493450987520877 0.0 8.493450987520877 0.0
57853.18746222221 8.547589737614965 0.0 8.547589737614965 0.0
57853.187579444435 8.378351520051446 0.0 8.378351520051446 0.0
57853.18762611111 8.391047456626309 0.0 8.391047456626309 0.0
57853.18767277776 8.425192636832817 0.0 8.425192636832817 0.0
57853.18779 8.400460816853078 0.0 8.400460816853078 0.0
57853.187836666664 8.412164770677776 0.0 8.412164770677776 0.0
57853.18788333333 8.432655419223225 0.0 8.432655419223225 0.0
57853.18800055554 8.408329203831162 0.0 8.408329203831162 0.0
57853.188047222226 8.433229205868278 0.0 8.433229205868278 0.0
57853.18809388888 8.468918505048993 0.0 8.468918505048993 0.0
57853.21111388889 8.497437944045442 0.0 8.497437944045442 0.0
57853.21123111111 8.315550919618868 0.0 8.315550919618868 0.0
57853.211277777766 8.272379226348134 0.0 8.272379226348134 0.0
57853.21132444443 8.251295108511265 0.0 8.251295108511265 0.0
57853.21144166665 8.287184042534514 0.0 8.287184042534514 0.0
57853.21148833332 8.277641864607919 0.0 8.277641864607919 0.0
57853.211535 8.269259045482269 0.0 8.269259045482269 0.0
57853.21165222222 8.259305602304474 0.0 8.259305602304474 0.0
57853.21169888889 8.265552300887684 0.0 8.265552300887684 0.0
57853.21174555554 8.264186239040622 0.0 8.264186239040622 0.0
57853.211862777775 8.250317686942962 0.0 8.250317686942962 0.0
57853.21190944444 8.250317686942962 0.0 8.250317686942962 0.0
57853.2119561111 8.251686044721112 0.0 8.251686044721112 0.0
57853.21207333332 8.237796448236667 0.0 8.237796448236667 0.0
57853.21211999999 8.2450376082399 0.0 8.2450376082399 0.0
57853.212166666664 8.247775848773589 0.0 8.247775848773589 0.0
57853.212283888875 8.242494141788598 0.0 8.242494141788598 0.0
57853.21233055554 8.243863798158037 0.0 8.243863798158037 0.0
57853.212377222226 8.257938507103137 0.0 8.257938507103137 0.0
57853.21249444443 8.308953584984055 0.0 8.308953584984055 0.0
57853.21254111111 8.344787826599772 0.0 8.344787826599772 0.0
57853.21258777778 8.342081429753918 0.0 8.342081429753918 0.0
57853.21270499999 8.284264134976896 0.0 8.284264134976896 0.0
57853.21275166665 8.313611070543176 0.0 8.313611070543176 0.0
57853.21279833332 8.365250704840753 0.0 8.365250704840753 0.0
57853.21291555555 8.304876142480119 0.0 8.304876142480119 0.0
57853.21296222222 8.35290175579334 0.0 8.35290175579334 0.0
57853.21300888889 8.369684157913358 0.0 8.369684157913358 0.0
57853.2131261111 8.267698513472624 0.0 8.267698513472624 0.0
57853.213172777774 8.313029027550861 0.0 8.313029027550861 0.0
57853.213219444435 8.341308012226783 0.0 8.341308012226783 0.0
57853.21333666667 8.209160893821315 0.0 8.209160893821315 0.0
57853.213383333336 8.216819885591875 0.0 8.216819885591875 0.0
57853.21343 8.242102769592002 0.0 8.242102769592002 0.0
57853.21354722222 8.251881505880752 0.0 8.251881505880752 0.0
57853.21359388889 8.312252906829578 0.0 8.312252906829578 0.0
57853.21364055554 8.411397797228819 0.0 8.411397797228819 0.0
57853.213757777776 8.28660014333284 0.0 8.28660014333284 0.0
57853.213804444444 8.298659044416988 0.0 8.298659044416988 0.0
57853.2138511111 8.320010856072322 0.0 8.320010856072322 0.0
57853.21396833332 8.21073255149978 0.0 8.21073255149978 0.0
57853.214015 8.220156187198361 0.0 8.220156187198361 0.0
57853.21406166666 8.223883393173576 0.0 8.223883393173576 0.0
57853.21417888889 8.233096074244607 0.0 8.233096074244607 0.0
57853.21422555556 8.230548917531015 0.0 8.230548917531015 0.0
57853.21427222222 8.221725743026726 0.0 8.221725743026726 0.0
57853.21438944443 8.29515987907134 0.0 8.29515987907134 0.0
57853.21443611111 8.308371215711569 0.0 8.308371215711569 0.0
57853.21448277777 8.291464713593985 0.0 8.291464713593985 0.0
57853.23889166667 8.505026976498531 0.0 8.505026976498531 0.0
57853.239008888886 8.092011193843613 0.0 8.092011193843613 0.0
57853.23905555555 8.056253832051944 0.0 8.056253832051944 0.0
57853.23910222221 8.06125740612108 0.0 8.06125740612108 0.0
57853.23921944443 8.131975913519698 0.0 8.131975913519698 0.0
57853.2392661111 8.112117578838662 0.0 8.112117578838662 0.0
57853.239312777776 8.137131142227368 0.0 8.137131142227368 0.0
57853.23943 8.134157370559796 0.0 8.134157370559796 0.0
57853.23947666667 8.122251396129986 0.0 8.122251396129986 0.0
57853.23952333332 8.118477530877009 0.0 8.118477530877009 0.0
57853.239640555556 8.069256671206242 0.0 8.069256671206242 0.0
57853.23968722222 8.066257876427722 0.0 8.066257876427722 0.0
57853.23973388888 8.077647373881469 0.0 8.077647373881469 0.0
57853.2398511111 8.12701587895423 0.0 8.12701587895423 0.0
57853.23989777776 8.119073520957283 0.0 8.119073520957283 0.0
57853.239944444445 8.096992671515805 0.0 8.096992671515805 0.0
57853.24006166666 8.060056831625461 0.0 8.060056831625461 0.0
57853.240108333324 8.06465806326712 0.0 8.06465806326712 0.0
57853.240155 8.085630424081891 0.0 8.085630424081891 0.0
57853.24027222221 8.085829899354199 0.0 8.085829899354199 0.0
57853.240318888886 8.081440305994645 0.0 8.081440305994645 0.0
57853.24036555555 8.091811870949467 0.0 8.091811870949467 0.0
57853.240482777765 8.049443979996182 0.0 8.049443979996182 0.0
57853.24052944443 8.047840824437563 0.0 8.047840824437563 0.0
57853.2405761111 8.046036892621071 0.0 8.046036892621071 0.0
57853.24069333333 8.034803327781525 0.0 8.034803327781525 0.0
57853.24074 8.074451943850331 0.0 8.074451943850331 0.0
57853.24078666667 8.110327943729446 0.0 8.110327943729446 0.0
57853.24090388888 8.129793871132083 0.0 8.129793871132083 0.0
57853.240950555555 8.115894401449781 0.0 8.115894401449781 0.0
57853.24099722221 8.108140075496411 0.0 8.108140075496411 0.0
57853.24111444444 8.165624247713016 0.0 8.165624247713016 0.0
57853.24116111111 8.167796717953161 0.0 8.167796717953161 0.0
57853.24120777778 8.157521761559854 0.0 8.157521761559854 0.0
57853.241325 8.02797528003009 0.0 8.02797528003009 0.0
57853.24137166666 8.034201086403936 0.0 8.034201086403936 0.0
57853.241418333324 8.043631020876083 0.0 8.043631020876083 0.0
57853.24153555556 8.020940335831437 0.0 8.020940335831437 0.0
57853.241582222225 8.011886330986302 0.0 8.011886330986302 0.0
57853.24162888888 8.019733725770331 0.0 8.019733725770331 0.0
57853.241746111096 8.052449036403209 0.0 8.052449036403209 0.0
57853.24179277778 8.038415828523556 0.0 8.038415828523556 0.0
57853.24183944443 8.047840824437563 0.0 8.047840824437563 0.0
57853.241956666665 8.019331482072234 0.0 8.019331482072234 0.0
57853.24200333333 8.036609781132437 0.0 8.036609781132437 0.0
57853.24205 8.050445790100996 0.0 8.050445790100996 0.0
57853.24216722221 8.028778881161236 0.0 8.028778881161236 0.0
57853.24221388889 8.026970665482471 0.0 8.026970665482471 0.0
57853.24226055555 8.033598799879126 0.0 8.033598799879126 0.0
57853.271530555554 7.993142221970354 0.0 7.993142221970354 0.0
57853.27164777778 7.98062169136247 0.0 7.98062169136247 0.0
57853.27169444443 8.049644351991484 0.0 8.049644351991484 0.0
57853.2717411111 8.01228894845589 0.0 8.01228894845589 0.0
57853.27185833332 8.09440268572732 0.0 8.09440268572732 0.0
57853.27190499999 8.16246325882162 0.0 8.16246325882162 0.0
57853.27195166667 8.094801199017361 0.0 8.094801199017361 0.0
57853.27206888889 7.8393136631772435 0.0 7.8393136631772435 0.0
57853.272115555556 7.850210599188592 0.0 7.850210599188592 0.0
57853.27216222221 7.815617120083477 0.0 7.815617120083477 0.0
57853.27227944444 7.821393325257789 0.0 7.821393325257789 0.0
57853.27232611111 7.789571191974479 0.0 7.789571191974479 0.0
57853.27237277776 7.791848511477007 0.0 7.791848511477007 0.0
57853.27248999999 7.799090104083483 0.0 7.799090104083483 0.0
57853.27253666666 7.818093159150849 0.0 7.818093159150849 0.0
57853.27258333333 7.833550671887701 0.0 7.833550671887701 0.0
57853.27270055554 7.7860503880440755 0.0 7.7860503880440755 0.0
57853.27274722221 7.796401154875365 0.0 7.796401154875365 0.0
57853.272793888886 7.789778248531233 0.0 7.789778248531233 0.0
57853.2729111111 7.780869841082742 0.0 7.780869841082742 0.0
57853.27295777778 7.817474222906427 0.0 7.817474222906427 0.0
57853.27300444445 7.83416833801694 0.0 7.83416833801694 0.0
57853.27312166666 7.800951141346638 0.0 7.800951141346638 0.0
57853.27316833332 7.804258556256529 0.0 7.804258556256529 0.0
57853.27321499999 7.851648686535471 0.0 7.851648686535471 0.0
57853.27333222222 7.80343183394952 0.0 7.80343183394952 0.0
57853.27337888889 7.79329736831386 0.0 7.79329736831386 0.0
57853.273425555555 7.790192345134589 0.0 7.790192345134589 0.0
57853.273542777766 7.740550951467089 0.0 7.740550951467089 0.0
57853.27358944444 7.749921955902566 0.0 7.749921955902566 0.0
57853.2736361111 7.74284268878206 0.0 7.74284268878206 0.0
57853.273753333335 7.7290820721104625 0.0 7.7290820721104625 0.0
57853.2738 7.750962479256283 0.0 7.750962479256283 0.0
57853.27384666666 7.7700832394760795 0.0 7.7700832394760795 0.0
57853.27396388889 7.765930557206576 0.0 7.765930557206576 0.0
57853.27401055556 7.755955048198605 0.0 7.755955048198605 0.0
57853.27405722221 7.738258535438728 0.0 7.738258535438728 0.0
57853.27417444444 7.756994762273305 0.0 7.756994762273305 0.0
57853.27422111111 7.7401341990533234 0.0 7.7401341990533234 0.0
57853.274267777764 7.753667186480838 0.0 7.753667186480838 0.0
57853.27438499999 7.756163002163443 0.0 7.756163002163443 0.0
57853.274431666665 7.780247943640108 0.0 7.780247943640108 0.0
57853.27447833332 7.792676462654722 0.0 7.792676462654722 0.0
57853.27459555556 7.804878540519261 0.0 7.804878540519261 0.0
57853.27464222222 7.817474222906427 0.0 7.817474222906427 0.0
57853.27468888889 7.800330844927193 0.0 7.800330844927193 0.0
57853.2748061111 7.804878540519261 0.0 7.804878540519261 0.0
57853.27485277778 7.82922564456718 0.0 7.82922564456718 0.0
57853.274899444434 7.831903324059826 0.0 7.831903324059826 0.0
57853.27708611111 8.044433058072299 0.0 8.044433058072299 0.0
57853.27720333333 7.806738197885375 0.0 7.806738197885375 0.0
57853.27724999999 7.790399385182069 0.0 7.790399385182069 0.0
57853.27729666665 7.833550671887701 0.0 7.833550671887701 0.0
57853.27741388888 7.825104348474603 0.0 7.825104348474603 0.0
57853.277460555546 7.823249056910537 0.0 7.823249056910537 0.0
57853.27750722222 7.799090104083483 0.0 7.799090104083483 0.0
57853.27762444445 7.900183746331882 0.0 7.900183746331882 0.0
57853.277671111115 8.014301732407166 0.0 8.014301732407166 0.0
57853.27771777777 8.122251396129986 0.0 8.122251396129986 0.0
57853.277835 7.850416056366982 0.0 7.850416056366982 0.0
57853.27788166667 7.860682068411441 0.0 7.860682068411441 0.0
57853.27792833332 7.888538030463219 0.0 7.888538030463219 0.0
57853.27804555555 7.93298544461769 0.0 7.93298544461769 0.0
57853.27809222221 7.965247095371404 0.0 7.965247095371404 0.0
57853.27813888889 7.91731463109443 0.0 7.91731463109443 0.0
57853.2782561111 7.979611115110003 0.0 7.979611115110003 0.0
57853.27830277777 8.082039027294392 0.0 8.082039027294392 0.0
57853.278349444445 8.129793871132083 0.0 8.129793871132083 0.0
57853.278466666656 7.863349036162399 0.0 7.863349036162399 0.0
57853.27851333333 7.882197171986026 0.0 7.882197171986026 0.0
57853.27856 7.882811026367393 0.0 7.882811026367393 0.0
57853.27867722221 7.85780893699526 0.0 7.85780893699526 0.0
57853.27872388888 7.871959218357516 0.0 7.871959218357516 0.0
57853.278770555546 7.93013850914305 0.0 7.93013850914305 0.0
57853.27888777778 7.8104561842732085 0.0 7.8104561842732085 0.0
57853.278934444446 7.8147915993924935 0.0 7.8147915993924935 0.0
57853.278981111114 7.840136601838253 0.0 7.840136601838253 0.0
57853.279098333325 7.9058981657020855 0.0 7.9058981657020855 0.0
57853.279145 7.892013112491765 0.0 7.892013112491765 0.0
57853.279191666654 7.878922474224423 0.0 7.878922474224423 0.0
57853.27930888889 7.839519405941224 0.0 7.839519405941224 0.0
57853.279355555555 7.8832202360661325 0.0 7.8832202360661325 0.0
57853.27940222222 7.906102175718653 0.0 7.906102175718653 0.0
57853.27951944445 7.7899852995844565 0.0 7.7899852995844565 0.0
57853.27956611111 7.794745955842886 0.0 7.794745955842886 0.0
57853.27961277777 7.793711277938834 0.0 7.793711277938834 0.0
57853.27973 7.782527991307443 0.0 7.782527991307443 0.0
57853.27977666667 7.778589307381077 0.0 7.778589307381077 0.0
57853.27982333332 7.7862575382280355 0.0 7.7862575382280355 0.0
57853.27994055554 7.796194274214202 0.0 7.796194274214202 0.0
57853.279987222224 7.8026050240474385 0.0 7.8026050240474385 0.0
57853.28003388888 7.803018439949604 0.0 7.803018439949604 0.0
57853.28015111111 7.787086083858283 0.0 7.787086083858283 0.0
57853.28019777778 7.795573599289245 0.0 7.795573599289245 0.0
57853.280244444446 7.812933858920794 0.0 7.812933858920794 0.0
57853.28036166666 7.796608030047012 0.0 7.796608030047012 0.0
57853.28040833333 7.816029847732489 0.0 7.816029847732489 0.0
57853.280454999986 7.807771149475416 0.0 7.807771149475416 0.0
57853.296530555555 8.003023622155203 0.0 8.003023622155203 0.0
57853.29664777778 7.881583269794825 0.0 7.881583269794825 0.0
57853.296694444434 7.824898226690524 0.0 7.824898226690524 0.0
57853.2967411111 7.838902161449281 0.0 7.838902161449281 0.0
57853.29685833332 7.8477446934895605 0.0 7.8477446934895605 0.0
57853.29690499999 7.853497269041271 0.0 7.853497269041271 0.0
57853.29695166666 7.8110756766149985 0.0 7.8110756766149985 0.0
57853.29706888889 7.884652302764142 0.0 7.884652302764142 0.0
57853.29711555556 7.893647915846947 0.0 7.893647915846947 0.0
57853.29716222221 7.920369818671103 0.0 7.920369818671103 0.0
57853.29727944444 7.791227490354238 0.0 7.791227490354238 0.0
57853.29732611111 7.772573783876642 0.0 7.772573783876642 0.0
57853.297372777764 7.765307463326871 0.0 7.765307463326871 0.0
57853.29748999999 7.814378806343615 0.0 7.814378806343615 0.0
57853.29753666666 7.826134875963626 0.0 7.826134875963626 0.0
57853.29758333333 7.872573871030916 0.0 7.872573871030916 0.0
57853.297700555544 7.794745955842886 0.0 7.794745955842886 0.0
57853.29774722221 7.819537153203032 0.0 7.819537153203032 0.0
57853.29779388889 7.845483599066777 0.0 7.845483599066777 0.0
57853.2979111111 7.76800717583802 0.0 7.76800717583802 0.0
57853.29795777778 7.780869841082742 0.0 7.780869841082742 0.0
57853.29800444444 7.788328737035247 0.0 7.788328737035247 0.0
57853.29812166665 7.767384248543143 0.0 7.767384248543143 0.0
57853.29816833332 7.762606811898245 0.0 7.762606811898245 0.0
57853.29821499999 7.748881292826893 0.0 7.748881292826893 0.0
57853.29833222222 7.774441168590252 0.0 7.774441168590252 0.0
57853.29837888889 7.7984696596356695 0.0 7.7984696596356695 0.0
57853.29842555556 7.837461735256696 0.0 7.837461735256696 0.0
57853.29854277777 7.801157895859372 0.0 7.801157895859372 0.0
57853.29858944444 7.8098366427920105 0.0 7.8098366427920105 0.0
57853.298636111096 7.85904040764725 0.0 7.85904040764725 0.0
57853.298753333336 7.885470509823134 0.0 7.885470509823134 0.0
57853.2988 7.8477446934895605 0.0 7.8477446934895605 0.0
57853.298846666665 7.823867536315173 0.0 7.823867536315173 0.0
57853.29896388889 7.864989797585819 0.0 7.864989797585819 0.0
57853.29901055556 7.843838757369563 0.0 7.843838757369563 0.0
57853.29905722221 7.804258556256529 0.0 7.804258556256529 0.0
57853.299174444444 7.825928781321907 0.0 7.825928781321907 0.0
57853.29922111111 7.861502770237483 0.0 7.861502770237483 0.0
57853.299267777766 7.846922552720085 0.0 7.846922552720085 0.0
57853.29938499999 7.778174593052023 0.0 7.778174593052023 0.0
57853.299431666666 7.7700832394760795 0.0 7.7700832394760795 0.0
57853.29947833332 7.774648628093915 0.0 7.774648628093915 0.0
57853.29959555555 7.8147915993924935 0.0 7.8147915993924935 0.0
57853.29964222222 7.829637654863194 0.0 7.829637654863194 0.0
57853.29968888889 7.8680653030400824 0.0 7.8680653030400824 0.0
57853.2998061111 7.78356415581846 0.0 7.78356415581846 0.0
57853.299852777775 7.783356933951462 0.0 7.783356933951462 0.0
57853.299899444435 7.852264929058942 0.0 7.852264929058942 0.0
57853.302086111114 8.09440268572732 0.0 8.09440268572732 0.0
57853.30220333333 7.826753127327387 0.0 7.826753127327387 0.0
57853.302249999986 7.770290815332378 0.0 7.770290815332378 0.0
57853.302296666654 7.783356933951462 0.0 7.783356933951462 0.0
57853.30241388888 7.779211337420913 0.0 7.779211337420913 0.0
57853.30246055555 7.8094235878324305 0.0 7.8094235878324305 0.0
57853.30250722222 7.785636071141398 0.0 7.785636071141398 0.0
57853.30262444444 7.749089436622486 0.0 7.749089436622486 0.0
57853.30267111111 7.77651551457252 0.0 7.77651551457252 0.0
57853.30271777777 7.798676479936174 0.0 7.798676479936174 0.0
57853.302835 7.773403788020593 0.0 7.773403788020593 0.0
57853.30288166667 7.782527991307443 0.0 7.782527991307443 0.0
57853.30292833332 7.779833317726859 0.0 7.779833317726859 0.0
57853.30304555554 7.8147915993924935 0.0 7.8147915993924935 0.0
57853.30309222221 7.80281173473652 0.0 7.80281173473652 0.0
57853.30313888889 7.809217052159707 0.0 7.809217052159707 0.0
57853.3032561111 7.824485966832664 0.0 7.824485966832664 0.0
57853.303302777764 7.859245633995916 0.0 7.859245633995916 0.0
57853.303349444446 7.867860306744879 0.0 7.867860306744879 0.0
57853.30346666666 7.82860758846639 0.0 7.82860758846639 0.0
57853.30351333333 7.837255938474978 0.0 7.837255938474978 0.0
57853.30356 7.818712046399723 0.0 7.818712046399723 0.0
57853.30367722221 7.769252880591585 0.0 7.769252880591585 0.0
57853.30372388888 7.786464682900996 0.0 7.786464682900996 0.0
57853.30377055555 7.800744381353987 0.0 7.800744381353987 0.0
57853.30388777778 7.78066254745824 0.0 7.78066254745824 0.0
57853.30393444445 7.802191586239542 0.0 7.802191586239542 0.0
57853.30398111111 7.806324978978223 0.0 7.806324978978223 0.0
57853.30409833332 7.783149706567304 0.0 7.783149706567304 0.0
57853.304145 7.785221732189446 0.0 7.785221732189446 0.0
57853.304191666655 7.804258556256529 0.0 7.804258556256529 0.0
57853.30430888889 7.799296907931157 0.0 7.799296907931157 0.0
57853.304355555556 7.818299460343848 0.0 7.818299460343848 0.0
57853.304402222224 7.840136601838253 0.0 7.840136601838253 0.0
57853.30451944444 7.779003999600877 0.0 7.779003999600877 0.0
57853.30456611111 7.78066254745824 0.0 7.78066254745824 0.0
57853.30461277776 7.774233703550425 0.0 7.774233703550425 0.0
57853.30473 7.778589307381077 0.0 7.778589307381077 0.0
57853.304776666664 7.771536154039842 0.0 7.771536154039842 0.0
57853.304823333325 7.804671884570578 0.0 7.804671884570578 0.0
57853.30494055554 7.794952874942904 0.0 7.794952874942904 0.0
57853.304987222225 7.8354035242032545 0.0 7.8354035242032545 0.0
57853.30503388888 7.829843651881131 0.0 7.829843651881131 0.0
57853.30515111111 7.793918224508298 0.0 7.793918224508298 0.0
57853.30519777778 7.800951141346638 0.0 7.800951141346638 0.0
57853.30524444445 7.813965991487872 0.0 7.813965991487872 0.0
57853.30536166666 7.856166675848322 0.0 7.856166675848322 0.0
57853.30540833333 7.881173975100819 0.0 7.881173975100819 0.0
57853.30545499999 7.9169071836695615 0.0 7.9169071836695615 0.0
57853.31872611111 8.083236336852917 0.0 8.083236336852917 0.0
57853.31877277778 8.065657983678543 0.0 8.065657983678543 0.0
57853.318819444445 8.002822082885674 0.0 8.002822082885674 0.0
57853.31893666667 7.873188475718941 0.0 7.873188475718941 0.0
57853.31898333333 7.884856862488722 0.0 7.884856862488722 0.0
57853.31903 7.89078678770579 0.0 7.89078678770579 0.0
57853.319147222224 7.846922552720085 0.0 7.846922552720085 0.0
57853.31919388888 7.876260779771563 0.0 7.876260779771563 0.0
57853.31924055555 7.877694111612168 0.0 7.877694111612168 0.0
57853.31935777778 7.85904040764725 0.0 7.85904040764725 0.0
57853.319404444446 7.86314391691164 0.0 7.86314391691164 0.0
57853.319451111114 7.869500127585265 0.0 7.869500127585265 0.0
57853.31956833333 7.854113366522892 0.0 7.854113366522892 0.0
57853.319615 7.884243167392838 0.0 7.884243167392838 0.0
57853.31966166667 7.879331885873443 0.0 7.879331885873443 0.0
57853.31977888888 7.867450298130162 0.0 7.867450298130162 0.0
57853.31982555555 7.8680653030400824 0.0 7.8680653030400824 0.0
57853.31987222222 7.885061416906471 0.0 7.885061416906471 0.0
57853.31998944445 7.889764704778856 0.0 7.889764704778856 0.0
57853.3200361111 7.947001869238324 0.0 7.947001869238324 0.0
57853.32008277778 7.955724252831842 0.0 7.955724252831842 0.0
57853.32019999999 7.826753127327387 0.0 7.826753127327387 0.0
57853.32024666667 7.843633127904522 0.0 7.843633127904522 0.0
57853.32029333332 7.879536583720744 0.0 7.879536583720744 0.0
57853.320410555556 7.902429189608357 0.0 7.902429189608357 0.0
57853.32045722221 7.911404589619037 0.0 7.911404589619037 0.0
57853.32050388888 7.916703452093371 0.0 7.916703452093371 0.0
57853.32062111111 7.936644289663306 0.0 7.936644289663306 0.0
57853.32066777778 8.00685190442254 0.0 8.00685190442254 0.0
57853.320714444446 7.980015360968318 0.0 7.980015360968318 0.0
57853.320831666664 7.836638515703429 0.0 7.836638515703429 0.0
57853.320878333325 7.835197673361225 0.0 7.835197673361225 0.0
57853.320924999985 7.834374215905104 0.0 7.834374215905104 0.0
57853.321042222226 7.82922564456718 0.0 7.82922564456718 0.0
57853.32108888888 7.848566748139434 0.0 7.848566748139434 0.0
57853.32113555555 7.869910029407436 0.0 7.869910029407436 0.0
57853.32125277778 7.885675048322873 0.0 7.885675048322873 0.0
57853.32129944443 7.915888473354122 0.0 7.915888473354122 0.0
57853.3213461111 7.925255669021337 0.0 7.925255669021337 0.0
57853.321463333334 7.833962454718269 0.0 7.833962454718269 0.0
57853.32151 7.856371977265416 0.0 7.856371977265416 0.0
57853.32361388889 8.0568544250102 0.0 8.0568544250102 0.0
57853.32373111111 7.920369818671103 0.0 7.920369818671103 0.0
57853.32377777777 7.919351553773709 0.0 7.919351553773709 0.0
57853.32382444444 7.906510179959705 0.0 7.906510179959705 0.0
57853.323941666655 7.8512378313149425 0.0 7.8512378313149425 0.0
57853.32398833332 7.86170793230728 0.0 7.86170793230728 0.0
57853.324035 7.86560499488017 0.0 7.86560499488017 0.0
57853.32415222222 7.851648686535471 0.0 7.851648686535471 0.0
57853.32419888889 7.869910029407436 0.0 7.869910029407436 0.0
57853.324245555545 7.87646555743243 0.0 7.87646555743243 0.0
57853.32436277778 7.868885234816282 0.0 7.868885234816282 0.0
57853.324409444445 7.876260779771563 0.0 7.876260779771563 0.0
57853.3244561111 7.908957763398778 0.0 7.908957763398778 0.0
57853.324573333324 7.8594508549857025 0.0 7.8594508549857025 0.0
57853.324619999985 7.854524071329642 0.0 7.854524071329642 0.0
57853.32466666667 7.8520595202582 0.0 7.8520595202582 0.0
57853.32478388888 7.885675048322873 0.0 7.885675048322873 0.0
57853.324830555546 7.904061838598373 0.0 7.904061838598373 0.0
57853.32487722222 7.908345938555734 0.0 7.908345938555734 0.0
57853.32499444443 7.85780893699526 0.0 7.85780893699526 0.0
57853.32504111111 7.868270293994408 0.0 7.868270293994408 0.0
57853.325087777775 7.900592056213869 0.0 7.900592056213869 0.0
57853.32520499999 7.934001959715802 0.0 7.934001959715802 0.0
57853.325251666654 7.929935117498878 0.0 7.929935117498878 0.0
57853.32529833332 7.944769023622379 0.0 7.944769023622379 0.0
57853.325415555555 7.855345416523911 0.0 7.855345416523911 0.0
57853.32546222222 7.86704026814692 0.0 7.86704026814692 0.0
57853.32550888889 7.888742489428599 0.0 7.888742489428599 0.0
57853.3256261111 7.897937664658965 0.0 7.897937664658965 0.0
57853.32567277778 7.89242184507678 0.0 7.89242184507678 0.0
57853.32571944443 7.904878036642536 0.0 7.904878036642536 0.0
57853.32583666666 7.854934754662192 0.0 7.854934754662192 0.0
57853.32588333333 7.852881123223747 0.0 7.852881123223747 0.0
57853.32593 7.856782564005734 0.0 7.856782564005734 0.0
57853.326047222225 7.854318721610752 0.0 7.854318721610752 0.0
57853.32609388889 7.8604768795661215 0.0 7.8604768795661215 0.0
57853.326140555546 7.859245633995916 0.0 7.859245633995916 0.0
57853.32625777778 7.9058981657020855 0.0 7.9058981657020855 0.0
57853.32630444445 7.913443033544962 0.0 7.913443033544962 0.0
57853.3263511111 7.959980547877026 0.0 7.959980547877026 0.0
57853.32646833332 7.890173553837546 0.0 7.890173553837546 0.0
57853.326515 7.8946694960342 0.0 7.8946694960342 0.0
57853.326561666654 7.900183746331882 0.0 7.900183746331882 0.0
57853.32667888889 7.880150645358779 0.0 7.880150645358779 0.0
57853.326725555555 7.937863529902415 0.0 7.937863529902415 0.0
57853.32677222222 7.983652652603278 0.0 7.983652652603278 0.0
57853.32688944443 7.955318772632154 0.0 7.955318772632154 0.0
57853.32693611111 7.982844508795902 0.0 7.982844508795902 0.0
57853.32698277777 7.98425870677887 0.0 7.98425870677887 0.0
57853.34305833333 8.746612247404798 0.0 8.746612247404798 0.0
57853.34317555556 8.329117213029667 0.0 8.329117213029667 0.0
57853.34322222221 8.443550697846065 0.0 8.443550697846065 0.0
57853.34326888888 8.396811991041794 0.0 8.396811991041794 0.0
57853.3433861111 8.253249604383601 0.0 8.253249604383601 0.0
57853.343432777765 8.366214698840617 0.0 8.366214698840617 0.0
57853.34347944445 8.469489834961498 0.0 8.469489834961498 0.0
57853.343596666666 8.177664308859047 0.0 8.177664308859047 0.0
57853.34364333333 8.15692858072006 0.0 8.15692858072006 0.0
57853.34368999999 8.171942557390521 0.0 8.171942557390521 0.0
57853.34380722222 8.141688815853474 0.0 8.141688815853474 0.0
57853.34385388889 8.128801840052365 0.0 8.128801840052365 0.0
57853.34390055554 8.070056161614547 0.0 8.070056161614547 0.0
57853.34401777777 8.123442778812759 0.0 8.123442778812759 0.0
57853.344064444434 8.110526811575825 0.0 8.110526811575825 0.0
57853.34411111111 8.118477530877009 0.0 8.118477530877009 0.0
57853.34422833332 8.182790753534459 0.0 8.182790753534459 0.0
57853.34427499999 8.352515556946438 0.0 8.352515556946438 0.0
57853.344321666664 8.556265389722016 0.0 8.556265389722016 0.0
57853.344438888875 8.27062426945219 0.0 8.27062426945219 0.0
57853.34448555556 8.289908361686594 0.0 8.289908361686594 0.0
57853.344532222225 8.307206354687168 0.0 8.307206354687168 0.0
57853.344649444436 8.283290603727872 0.0 8.283290603727872 0.0
57853.3446961111 8.492501436276669 0.0 8.492501436276669 0.0
57853.344742777765 8.878571521256363 0.0 8.878571521256363 0.0
57853.34486 8.247189159480827 0.0 8.247189159480827 0.0
57853.344906666665 8.271404296264212 0.0 8.271404296264212 0.0
57853.34495333333 8.398924662352375 0.0 8.398924662352375 0.0
57853.345070555544 8.349618496210354 0.0 8.349618496210354 0.0
57853.34511722222 8.491551778850745 0.0 8.491551778850745 0.0
57853.34516388888 8.526807820802766 0.0 8.526807820802766 0.0
57853.34528111111 8.23113679288747 0.0 8.23113679288747 0.0
57853.34532777778 8.27432874189999 0.0 8.27432874189999 0.0
57853.34537444444 8.419639100379847 0.0 8.419639100379847 0.0
57853.34549166667 8.237600652867862 0.0 8.237600652867862 0.0
57853.345538333335 8.320398563654539 0.0 8.320398563654539 0.0
57853.34558499999 8.318459845040328 0.0 8.318459845040328 0.0
57853.34570222222 8.555322810221528 0.0 8.555322810221528 0.0
57853.34574888889 8.577916131630708 0.0 8.577916131630708 0.0
57853.34579555554 8.673467141695097 0.0 8.673467141695097 0.0
57853.34591277777 8.212893089723366 0.0 8.212893089723366 0.0
57853.34595944444 8.313417060740214 0.0 8.313417060740214 0.0
57853.346006111096 8.357727735648357 0.0 8.357727735648357 0.0
57853.34612333334 8.293993162563202 0.0 8.293993162563202 0.0
57853.34617 8.350777441110962 0.0 8.350777441110962 0.0
57853.346216666665 8.350777441110962 0.0 8.350777441110962 0.0
57853.346333888876 8.456911660807961 0.0 8.456911660807961 0.0
57853.34638055556 8.489082172357165 0.0 8.489082172357165 0.0
57853.34642722221 8.526996975451253 0.0 8.526996975451253 0.0
57853.34861388889 9.14630191441751 0.0 9.14630191441751 0.0
57853.34873111111 8.205033860086216 0.0 8.205033860086216 0.0
57853.34877777776 8.446797446178888 0.0 8.446797446178888 0.0
57853.34882444443 9.070512309036745 0.0 9.070512309036745 0.0
57853.348941666656 9.1899313767665 0.0 9.1899313767665 0.0
57853.348988333324 9.668538936224559 0.0 9.668538936224559 0.0
57853.349035 10.093114868163122 0.0 10.093114868163122 0.0
57853.349152222225 8.368335094752391 0.0 8.368335094752391 0.0
57853.349198888885 8.40871283924616 0.0 8.40871283924616 0.0
57853.349245555546 8.335311593146276 0.0 8.335311593146276 0.0
57853.34936277778 8.21250030686895 0.0 8.21250030686895 0.0
57853.34940944445 8.199724621654543 0.0 8.199724621654543 0.0
57853.3494561111 8.192837154805488 0.0 8.192837154805488 0.0
57853.34957333332 8.175889021404497 0.0 8.175889021404497 0.0
57853.349619999986 8.252467861582474 0.0 8.252467861582474 0.0
57853.34966666667 8.30759465984337 0.0 8.30759465984337 0.0
57853.34978388888 8.122648543107026 0.0 8.122648543107026 0.0
57853.34983055554 8.211321845574737 0.0 8.211321845574737 0.0
57853.34987722222 8.333956965912256 0.0 8.333956965912256 0.0
57853.349994444434 8.449661188092003 0.0 8.449661188092003 0.0
57853.35004111111 8.487752086616984 0.0 8.487752086616984 0.0
57853.35008777778 8.524916043480259 0.0 8.524916043480259 0.0
57853.35020499999 8.860386651433629 0.0 8.860386651433629 0.0
57853.350251666656 9.379799846547384 0.0 9.379799846547384 0.0
57853.350298333324 9.82032126141601 0.0 9.82032126141601 0.0
57853.35041555556 8.275693129532629 0.0 8.275693129532629 0.0
57853.350462222224 8.357920716881527 0.0 8.357920716881527 0.0
57853.35050888889 8.395083046333653 0.0 8.395083046333653 0.0
57853.350626111096 8.532858689756607 0.0 8.532858689756607 0.0
57853.35067277778 8.599137241044744 0.0 8.599137241044744 0.0
57853.35071944443 8.546834916901942 0.0 8.546834916901942 0.0
57853.350836666665 8.203264495741728 0.0 8.203264495741728 0.0
57853.35088333333 8.320204712121745 0.0 8.320204712121745 0.0
57853.35093 8.429785900162628 0.0 8.429785900162628 0.0
57853.35104722222 8.421554526639444 0.0 8.421554526639444 0.0
57853.35109388889 8.41178129269473 0.0 8.41178129269473 0.0
57853.35114055555 8.475201015790983 0.0 8.475201015790983 0.0
57853.35125777778 8.13673470213348 0.0 8.13673470213348 0.0
57853.35130444445 8.150796517578375 0.0 8.150796517578375 0.0
57853.3513511111 8.179636398575624 0.0 8.179636398575624 0.0
57853.35146833332 8.218390078590268 0.0 8.218390078590268 0.0
57853.351515 8.247580290313111 0.0 8.247580290313111 0.0
57853.351561666655 8.24894910217796 0.0 8.24894910217796 0.0
57853.35167888889 8.233879656246403 0.0 8.233879656246403 0.0
57853.351725555556 8.258133820273706 0.0 8.258133820273706 0.0
57853.351772222224 8.256571185542791 0.0 8.256571185542791 0.0
57853.351889444435 8.154753215150045 0.0 8.154753215150045 0.0
57853.35193611111 8.195592836121365 0.0 8.195592836121365 0.0
57853.35198277776 8.223491135254717 0.0 8.223491135254717 0.0
57853.35416944444 8.282316958046726 0.0 8.282316958046726 0.0
57853.35428666667 8.404108058447637 0.0 8.404108058447637 0.0
57853.35433333332 8.538905270923577 0.0 8.538905270923577 0.0
57853.35437999999 8.799743398018363 0.0 8.799743398018363 0.0
57853.35449722221 8.408904650390253 0.0 8.408904650390253 0.0
57853.354543888876 8.425575504417793 0.0 8.425575504417793 0.0
57853.35459055556 8.434759112762057 0.0 8.434759112762057 0.0
57853.35470777778 8.252272414311102 0.0 8.252272414311102 0.0
57853.354754444445 8.457674506891129 0.0 8.457674506891129 0.0
57853.3548011111 8.705207933259857 0.0 8.705207933259857 0.0
57853.35491833333 8.767792969065082 0.0 8.767792969065082 0.0
57853.354965 8.6992769443695 0.0 8.6992769443695 0.0
57853.35501166665 8.517155363375203 0.0 8.517155363375203 0.0
57853.35512888888 8.334150497568965 0.0 8.334150497568965 0.0
57853.355175555545 8.392585052948094 0.0 8.392585052948094 0.0
57853.35522222222 8.349618496210354 0.0 8.349618496210354 0.0
57853.35533944443 8.191655864747469 0.0 8.191655864747469 0.0
57853.3553861111 8.238775355284226 0.0 8.238775355284226 0.0
57853.355432777775 8.293604220587207 0.0 8.293604220587207 0.0
57853.355549999986 8.255203637510961 0.0 8.255203637510961 0.0
57853.35559666667 8.347300123683029 0.0 8.347300123683029 0.0
57853.355643333336 8.452333138481407 0.0 8.452333138481407 0.0
57853.35576055555 8.397388226839228 0.0 8.397388226839228 0.0
57853.35580722221 8.610758461966205 0.0 8.610758461966205 0.0
57853.355853888876 8.604762372307034 0.0 8.604762372307034 0.0
57853.35597111111 8.387394535657316 0.0 8.387394535657316 0.0
57853.356017777776 8.630590754646725 0.0 8.630590754646725 0.0
57853.356064444444 8.984933625690537 0.0 8.984933625690537 0.0
57853.356181666655 8.852191272367573 0.0 8.852191272367573 0.0
57853.35622833333 9.414128023965517 0.0 9.414128023965517 0.0
57853.35627499999 9.742159792333261 0.0 9.742159792333261 0.0
57853.356392222224 8.509766684948422 0.0 8.509766684948422 0.0
57853.35643888889 8.63358035101425 0.0 8.63358035101425 0.0
57853.35648555555 8.621054497285193 0.0 8.621054497285193 0.0
57853.35660277778 8.501233307111121 0.0 8.501233307111121 0.0
57853.356649444446 8.712245738410482 0.0 8.712245738410482 0.0
57853.3566961111 8.840704978457829 0.0 8.840704978457829 0.0
57853.35681333333 8.245820055464272 0.0 8.245820055464272 0.0
57853.35686 8.279200522412932 0.0 8.279200522412932 0.0
57853.35690666665 8.3044877102102 0.0 8.3044877102102 0.0
57853.35702388888 8.240145629781066 0.0 8.240145629781066 0.0
57853.357070555554 8.344787826599772 0.0 8.344787826599772 0.0
57853.35711722221 8.443932733033822 0.0 8.443932733033822 0.0
57853.35723444445 8.234271419284866 0.0 8.234271419284866 0.0
57853.35728111111 8.232508338798516 0.0 8.232508338798516 0.0
57853.357327777776 8.248753571532548 0.0 8.248753571532548 0.0
57853.35744499999 8.167599244536602 0.0 8.167599244536602 0.0
57853.35749166667 8.163056037475656 0.0 8.163056037475656 0.0
57853.35753833332 8.244059444777934 0.0 8.244059444777934 0.0
57853.370141666666 8.628160944855084 0.0 8.628160944855084 0.0
57853.37025888889 8.384509526501834 0.0 8.384509526501834 0.0
57853.370305555545 8.361007810838549 0.0 8.361007810838549 0.0
57853.37035222221 8.445651677524033 0.0 8.445651677524033 0.0
57853.37046944443 8.781027936005172 0.0 8.781027936005172 0.0
57853.3705161111 9.064108589162478 0.0 9.064108589162478 0.0
57853.370562777774 9.298282879979993 0.0 9.298282879979993 0.0
57853.37068 8.591443605460402 0.0 8.591443605460402 0.0
57853.37072666667 8.696495400910905 0.0 8.696495400910905 0.0
57853.37077333332 8.857109409777786 0.0 8.857109409777786 0.0
57853.370890555554 8.377966494361575 0.0 8.377966494361575 0.0
57853.37093722222 8.454622709576716 0.0 8.454622709576716 0.0
57853.370983888875 8.608510417772823 0.0 8.608510417772823 0.0
57853.3711011111 9.092889813546094 0.0 9.092889813546094 0.0
57853.37114777777 9.077977606237793 0.0 9.077977606237793 0.0
57853.371194444444 8.8401576398147 0.0 8.8401576398147 0.0
57853.371311666655 9.270835296604844 0.0 9.270835296604844 0.0
57853.37135833332 9.974806975252623 0.0 9.974806975252623 0.0
57853.371405 10.674812078122303 0.0 10.674812078122303 0.0
57853.37152222221 9.517386466950384 0.0 9.517386466950384 0.0
57853.37156888889 10.848665742251292 0.0 10.848665742251292 0.0
57853.37161555555 12.058861017204656 0.0 12.058861017204656 0.0
57853.37173277776 8.992469968202967 0.0 8.992469968202967 0.0
57853.37177944443 9.263873641123872 0.0 9.263873641123872 0.0
57853.3718261111 9.44628276437436 0.0 9.44628276437436 0.0
57853.37194333333 8.486611847207417 0.0 8.486611847207417 0.0
57853.37199 8.525672804781658 0.0 8.525672804781658 0.0
57853.37203666667 8.455767262643882 0.0 8.455767262643882 0.0
57853.37215388888 8.325630848906169 0.0 8.325630848906169 0.0
57853.372200555554 8.354832482249515 0.0 8.354832482249515 0.0
57853.37224722221 8.411397797228819 0.0 8.411397797228819 0.0
57853.37236444445 8.362358056078712 0.0 8.362358056078712 0.0
57853.37241111111 8.351743105677151 0.0 8.351743105677151 0.0
57853.372457777776 8.471584381653994 0.0 8.471584381653994 0.0
57853.372575 8.299047749494342 0.0 8.299047749494342 0.0
57853.37262166667 8.275498230785985 0.0 8.275498230785985 0.0
57853.37266833332 8.268673880492294 0.0 8.268673880492294 0.0
57853.372785555555 8.328923564419084 0.0 8.328923564419084 0.0
57853.37283222222 8.414081898433624 0.0 8.414081898433624 0.0
57853.37287888888 8.392777232681645 0.0 8.392777232681645 0.0
57853.3729961111 8.593508427689716 0.0 8.593508427689716 0.0
57853.37304277778 8.857655700924992 0.0 8.857655700924992 0.0
57853.37308944443 8.931459440759696 0.0 8.931459440759696 0.0
57853.37320666666 8.413506805975352 0.0 8.413506805975352 0.0
57853.37325333333 8.583555169907088 0.0 8.583555169907088 0.0
57853.3733 8.677371387323952 0.0 8.677371387323952 0.0
57853.37341722221 8.6094471741896 0.0 8.6094471741896 0.0
57853.373463888885 8.683688825199992 0.0 8.683688825199992 0.0
57853.373510555546 8.835960250498363 0.0 8.835960250498363 0.0
57853.375697222225 10.073119771723348 0.0 10.073119771723348 0.0
57853.375814444444 9.250457704456329 0.0 9.250457704456329 0.0
57853.3758611111 9.44235481837709 0.0 9.44235481837709 0.0
57853.375907777765 9.669372998987493 0.0 9.669372998987493 0.0
57853.37602499999 8.488322148883475 0.0 8.488322148883475 0.0
57853.37607166666 8.575847555217068 0.0 8.575847555217068 0.0
57853.37611833333 8.66528111339693 0.0 8.66528111339693 0.0
57853.37623555556 8.576787879071082 0.0 8.576787879071082 0.0
57853.37628222222 8.610383828693083 0.0 8.610383828693083 0.0
57853.37632888888 8.630964510823619 0.0 8.630964510823619 0.0
57853.37644611111 8.427872344670659 0.0 8.427872344670659 0.0
57853.37649277778 8.464918115946391 0.0 8.464918115946391 0.0
57853.376539444434 8.459962632419572 0.0 8.459962632419572 0.0
57853.37665666665 8.546457481545847 0.0 8.546457481545847 0.0
57853.37670333332 8.646834214640863 0.0 8.646834214640863 0.0
57853.37675 8.603825105824322 0.0 8.603825105824322 0.0
57853.376867222214 8.656528396012327 0.0 8.656528396012327 0.0
57853.376913888875 8.80835380614298 0.0 8.80835380614298 0.0
57853.37696055556 8.7975436454472 0.0 8.7975436454472 0.0
57853.37707777777 8.48204935674879 0.0 8.48204935674879 0.0
57853.37712444444 8.768160876791114 0.0 8.768160876791114 0.0
57853.37717111111 9.168318521742634 0.0 9.168318521742634 0.0
57853.37728833332 8.458246596302981 0.0 8.458246596302981 0.0
57853.37733499999 8.51147233387518 0.0 8.51147233387518 0.0
57853.37738166666 8.54419251927598 0.0 8.54419251927598 0.0
57853.37749888889 8.411206042939039 0.0 8.411206042939039 0.0
57853.37754555556 8.453478001543546 0.0 8.453478001543546 0.0
57853.37759222222 8.486421792411079 0.0 8.486421792411079 0.0
57853.37770944443 8.596510920134982 0.0 8.596510920134982 0.0
57853.37775611111 8.974156443419501 0.0 8.974156443419501 0.0
57853.377802777766 9.515691624720413 0.0 9.515691624720413 0.0
57853.37792 9.794666092877682 0.0 9.794666092877682 0.0
57853.37796666667 10.722902832782285 0.0 10.722902832782285 0.0
57853.378013333335 11.520528661704777 0.0 11.520528661704777 0.0
57853.37813055555 9.033450382132601 0.0 9.033450382132601 0.0
57853.37817722222 9.166207222112629 0.0 9.166207222112629 0.0
57853.378223888874 9.245748805139685 0.0 9.245748805139685 0.0
57853.378341111114 9.787747442593725 0.0 9.787747442593725 0.0
57853.378387777775 10.594429455325614 0.0 10.594429455325614 0.0
57853.378434444436 10.763288860602701 0.0 10.763288860602701 0.0
57853.378551666654 8.713911754459998 0.0 8.713911754459998 0.0
57853.37859833334 8.938138653021959 0.0 8.938138653021959 0.0
57853.37864499999 9.29810941588006 0.0 9.29810941588006 0.0
57853.37876222222 8.605324683196201 0.0 8.605324683196201 0.0
57853.37880888889 8.646647681560308 0.0 8.646647681560308 0.0
57853.37885555556 8.742738922727119 0.0 8.742738922727119 0.0
57853.37897277777 9.27257489380864 0.0 9.27257489380864 0.0
57853.379019444445 9.063218825774372 0.0 9.063218825774372 0.0
57853.3790661111 9.170253452718566 0.0 9.170253452718566 0.0
57853.38125277778 9.033450382132601 0.0 9.033450382132601 0.0
57853.38137 8.505785507334064 0.0 8.505785507334064 0.0
57853.381416666656 8.615252790554742 0.0 8.615252790554742 0.0
57853.381463333324 8.711690328925656 0.0 8.711690328925656 0.0
57853.38158055554 8.546834916901942 0.0 8.546834916901942 0.0
57853.38162722221 8.568133007009544 0.0 8.568133007009544 0.0
57853.381673888885 8.696495400910905 0.0 8.696495400910905 0.0
57853.38179111111 8.47139398971812 0.0 8.47139398971812 0.0
57853.38183777778 8.443932733033822 0.0 8.443932733033822 0.0
57853.38188444443 8.531724478711508 0.0 8.531724478711508 0.0
57853.382001666665 8.598949673295627 0.0 8.598949673295627 0.0
57853.38204833333 8.557584826603598 0.0 8.557584826603598 0.0
57853.382094999986 8.462440736915472 0.0 8.462440736915472 0.0
57853.38221222221 8.637502625927429 0.0 8.637502625927429 0.0
57853.38225888888 8.567191733208052 0.0 8.567191733208052 0.0
57853.382305555555 8.474249419612716 0.0 8.474249419612716 0.0
57853.382422777766 8.490412049729597 0.0 8.490412049729597 0.0
57853.382469444434 8.61375494157736 0.0 8.61375494157736 0.0
57853.38251611111 8.679044097803219 0.0 8.679044097803219 0.0
57853.38263333332 8.472536277157031 0.0 8.472536277157031 0.0
57853.38268 8.589190506001545 0.0 8.589190506001545 0.0
57853.38272666666 8.643849202309006 0.0 8.643849202309006 0.0
57853.382843888874 8.769080578575407 0.0 8.769080578575407 0.0
57853.38289055554 8.777537313524938 0.0 8.777537313524938 0.0
57853.38293722221 8.756380162395137 0.0 8.756380162395137 0.0
57853.38305444444 8.593133042369992 0.0 8.593133042369992 0.0
57853.38310111111 8.65373311202706 0.0 8.65373311202706 0.0
57853.38314777778 8.736833411741129 0.0 8.736833411741129 0.0
57853.38326499999 8.796810272351106 0.0 8.796810272351106 0.0
57853.383311666665 9.158109397792511 0.0 9.158109397792511 0.0
57853.383358333325 9.459420973891072 0.0 9.459420973891072 0.0
57853.38347555556 8.77183910535998 0.0 8.77183910535998 0.0
57853.38352222222 8.803041996213397 0.0 8.803041996213397 0.0
57853.38356888889 8.900887958603507 0.0 8.900887958603507 0.0
57853.38368611111 8.822259238115604 0.0 8.822259238115604 0.0
57853.38373277778 8.849457792758065 0.0 8.849457792758065 0.0
57853.38377944443 8.6992769443695 0.0 8.6992769443695 0.0
57853.383896666666 8.671049346774215 0.0 8.671049346774215 0.0
57853.383943333334 8.643662604810906 0.0 8.643662604810906 0.0
57853.38398999999 8.671607359281692 0.0 8.671607359281692 0.0
57853.38410722221 8.57415471240507 0.0 8.57415471240507 0.0
57853.38415388889 8.673467141695097 0.0 8.673467141695097 0.0
57853.38420055554 8.77257456600564 0.0 8.77257456600564 0.0
57853.384317777774 8.724270928037853 0.0 8.724270928037853 0.0
57853.38436444444 8.787087300454369 0.0 8.787087300454369 0.0
57853.38441111111 8.833221748128647 0.0 8.833221748128647 0.0
57853.38452833332 8.693156373949309 0.0 8.693156373949309 0.0
57853.384575 8.734063828925336 0.0 8.734063828925336 0.0
57853.38462166666 8.697979001450705 0.0 8.697979001450705 0.0
57853.38680833334 9.856715411823425 0.0 9.856715411823425 0.0
57853.386925555555 8.806888799262804 0.0 8.806888799262804 0.0
57853.38697222221 8.858201958382066 0.0 8.858201958382066 0.0
57853.387018888876 8.909219581331865 0.0 8.909219581331865 0.0
57853.3871361111 8.53323672660369 0.0 8.53323672660369 0.0
57853.38718277777 8.629656293383617 0.0 8.629656293383617 0.0
57853.387229444445 8.73646418476107 0.0 8.73646418476107 0.0
57853.38734666667 8.779007218469266 0.0 8.779007218469266 0.0
57853.38739333333 8.972179222463181 0.0 8.972179222463181 0.0
57853.38743999999 9.31578611646607 0.0 9.31578611646607 0.0
57853.387557222224 8.686845821273717 0.0 8.686845821273717 0.0
57853.38760388889 8.736648800201625 0.0 8.736648800201625 0.0
57853.387650555545 8.66062651387896 0.0 8.66062651387896 0.0
57853.387767777764 8.608510417772823 0.0 8.608510417772823 0.0
57853.38781444443 8.54457005468121 0.0 8.54457005468121 0.0
57853.387861111114 8.522645356400075 0.0 8.522645356400075 0.0
57853.387978333325 8.661557633887872 0.0 8.661557633887872 0.0
57853.388024999986 8.677371387323952 0.0 8.677371387323952 0.0
57853.38807166667 8.681088084023836 0.0 8.681088084023836 0.0
57853.38818888888 8.558904060081373 0.0 8.558904060081373 0.0
57853.388235555554 8.621802820232421 0.0 8.621802820232421 0.0
57853.38828222222 8.847635003846527 0.0 8.847635003846527 0.0
57853.38839944443 8.767609009412743 0.0 8.767609009412743 0.0
57853.3884461111 8.799010208265546 0.0 8.799010208265546 0.0
57853.38849277777 8.781578960087877 0.0 8.781578960087877 0.0
57853.38861 8.73775641093148 0.0 8.73775641093148 0.0
57853.38865666667 8.950400964166622 0.0 8.950400964166622 0.0
57853.38870333333 8.915734550817737 0.0 8.915734550817737 0.0
57853.38882055554 8.959766702031851 0.0 8.959766702031851 0.0
57853.388867222224 8.945353812941647 0.0 8.945353812941647 0.0
57853.38891388888 8.96966212907027 0.0 8.96966212907027 0.0
57853.38903111111 8.925317379375405 0.0 8.925317379375405 0.0
57853.38907777778 9.27553146029745 0.0 9.27553146029745 0.0
57853.389124444446 9.622721766400003 0.0 9.622721766400003 0.0
57853.389241666664 9.242957214253247 0.0 9.242957214253247 0.0
57853.38928833333 9.334984492963605 0.0 9.334984492963605 0.0
57853.389334999985 9.312842329711403 0.0 9.312842329711403 0.0
57853.389452222225 8.634701182793128 0.0 8.634701182793128 0.0
57853.389498888886 8.740340290120104 0.0 8.740340290120104 0.0
57853.38954555555 8.941205807402186 0.0 8.941205807402186 0.0
57853.389662777765 8.781946290268536 0.0 8.781946290268536 0.0
57853.38970944445 8.731478092363249 0.0 8.731478092363249 0.0
57853.3897561111 8.748271718717712 0.0 8.748271718717712 0.0
57853.38987333333 8.823356102029761 0.0 8.823356102029761 0.0
57853.38992 8.969841944880024 0.0 8.969841944880024 0.0
57853.38996666667 9.038983671102168 0.0 9.038983671102168 0.0
57853.39008388888 8.834499821539088 0.0 8.834499821539088 0.0
57853.390130555556 9.122464296379004 0.0 9.122464296379004 0.0
57853.39017722221 9.4404756577813 0.0 9.4404756577813 0.0
57853.39236388889 9.542603959223113 0.0 9.542603959223113 0.0
57853.392481111114 9.923578958966303 0.0 9.923578958966303 0.0
57853.39252777777 10.519720344620968 0.0 10.519720344620968 0.0
57853.392574444435 10.670278286421466 0.0 10.670278286421466 0.0
57853.39269166665 9.033450382132601 0.0 9.033450382132601 0.0
57853.39273833332 9.074956678115738 0.0 9.074956678115738 0.0
57853.392785 9.235799911215056 0.0 9.235799911215056 0.0
57853.39290222222 9.010746272484692 0.0 9.010746272484692 0.0
57853.39294888889 9.1706052144883 0.0 9.1706052144883 0.0
57853.39299555554 9.423546349779983 0.0 9.423546349779983 0.0
57853.393112777776 8.968942829780495 0.0 8.968942829780495 0.0
57853.393159444444 9.076911511116826 0.0 9.076911511116826 0.0
57853.3932061111 9.153000565652704 0.0 9.153000565652704 0.0
57853.39332333332 8.783048188634226 0.0 8.783048188634226 0.0
57853.39336999999 8.835412617927489 0.0 8.835412617927489 0.0
57853.393416666666 8.805606718302798 0.0 8.805606718302798 0.0
57853.39353388888 8.804874016793933 0.0 8.804874016793933 0.0
57853.393580555545 8.93344567414518 0.0 8.93344567414518 0.0
57853.39362722222 9.036128203120285 0.0 9.036128203120285 0.0
57853.39374444443 8.666025617317317 0.0 8.666025617317317 0.0
57853.39379111111 8.725195256156995 0.0 8.725195256156995 0.0
57853.39383777778 8.766321183756284 0.0 8.766321183756284 0.0
57853.393954999985 9.52568683494368 0.0 9.52568683494368 0.0
57853.39400166665 10.22709872774761 0.0 10.22709872774761 0.0
57853.39404833332 10.99061182951599 0.0 10.99061182951599 0.0
57853.39416555555 9.071401357047607 0.0 9.071401357047607 0.0
57853.39421222222 9.177989097344131 0.0 9.177989097344131 0.0
57853.39425888889 9.244702057342478 0.0 9.244702057342478 0.0
57853.3943761111 9.721774695281024 0.0 9.721774695281024 0.0
57853.394422777776 9.96736610628777 0.0 9.96736610628777 0.0
57853.394469444436 10.195191782593938 0.0 10.195191782593938 0.0
57853.39458666667 8.915010900432973 0.0 8.915010900432973 0.0
57853.39463333334 8.951662307332429 0.0 8.951662307332429 0.0
57853.39468 9.105829398372125 0.0 9.105829398372125 0.0
57853.39479722222 9.217269905787127 0.0 9.217269905787127 0.0
57853.39484388889 9.460614451844636 0.0 9.460614451844636 0.0
57853.394890555544 9.518572676953811 0.0 9.518572676953811 0.0
57853.39500777778 8.918086009033336 0.0 8.918086009033336 0.0
57853.395054444445 9.015756816138174 0.0 9.015756816138174 0.0
57853.3951011111 8.96642482785354 0.0 8.96642482785354 0.0
57853.395218333324 8.80414125430791 0.0 8.80414125430791 0.0
57853.395265 8.862570805941273 0.0 8.862570805941273 0.0
57853.39531166665 8.999462349532063 0.0 8.999462349532063 0.0
57853.395428888885 8.792225304577427 0.0 8.792225304577427 0.0
57853.39547555555 8.86766507435682 0.0 8.86766507435682 0.0
57853.39552222222 8.915734550817737 0.0 8.915734550817737 0.0
57853.39563944443 8.954724829618918 0.0 8.954724829618918 0.0
57853.395686111115 9.06926749540589 0.0 9.06926749540589 0.0
57853.39573277777 9.169373989255684 0.0 9.169373989255684 0.0
57853.39791944445 10.118491536179786 0.0 10.118491536179786 0.0
57853.398036666666 9.44064650601922 0.0 9.44064650601922 0.0
57853.39808333332 9.417382692351072 0.0 9.417382692351072 0.0
57853.39812999999 9.50381926622983 0.0 9.50381926622983 0.0
57853.39824722221 8.946075008880495 0.0 8.946075008880495 0.0
57853.39829388888 8.998207706842729 0.0 8.998207706842729 0.0
57853.398340555555 8.992111237975708 0.0 8.992111237975708 0.0
57853.39845777778 8.91139176704775 0.0 8.91139176704775 0.0
57853.39850444444 8.983138326528675 0.0 8.983138326528675 0.0
57853.3985511111 9.00232944764137 0.0 9.00232944764137 0.0
57853.398668333335 8.913744370895847 0.0 8.913744370895847 0.0
57853.398715 8.948057997995088 0.0 8.948057997995088 0.0
57853.398761666656 8.971999453496885 0.0 8.971999453496885 0.0
57853.398878888875 9.333256528101797 0.0 9.333256528101797 0.0
57853.39892555554 9.399553867244222 0.0 9.399553867244222 0.0
57853.398972222225 9.418752742577249 0.0 9.418752742577249 0.0
57853.399089444436 8.903062177084482 0.0 8.903062177084482 0.0
57853.3991361111 8.937777742131537 0.0 8.937777742131537 0.0
57853.39918277778 8.984036020954415 0.0 8.984036020954415 0.0
57853.39929999999 9.024161117298812 0.0 9.024161117298812 0.0
57853.399346666665 8.985292642477914 0.0 8.985292642477914 0.0
57853.39939333333 8.906503604199175 0.0 8.906503604199175 0.0
57853.399510555544 8.91139176704775 0.0 8.91139176704775 0.0
57853.39955722221 9.000896012745514 0.0 9.000896012745514 0.0
57853.39960388888 9.17113283184552 0.0 9.17113283184552 0.0
57853.39972111111 9.178340562643715 0.0 9.178340562643715 0.0
57853.39976777778 9.152119444291616 0.0 9.152119444291616 0.0
57853.39981444444 9.175001098707853 0.0 9.175001098707853 0.0
57853.39993166665 9.794336744163155 0.0 9.794336744163155 0.0
57853.399978333335 10.062386044235522 0.0 10.062386044235522 0.0
57853.40002499999 10.296883336797253 0.0 10.296883336797253 0.0
57853.40014222222 9.052713013413483 0.0 9.052713013413483 0.0
57853.40018888889 9.132006810504292 0.0 9.132006810504292 0.0
57853.40023555556 9.258474757686047 0.0 9.258474757686047 0.0
57853.400352777775 8.922244763113328 0.0 8.922244763113328 0.0
57853.40039944444 9.029521474835537 0.0 9.029521474835537 0.0
57853.400446111096 9.134655739756752 0.0 9.134655739756752 0.0
57853.400563333336 9.115212382286742 0.0 9.115212382286742 0.0
57853.40061 9.244702057342478 0.0 9.244702057342478 0.0
57853.40065666666 9.37119815384936 0.0 9.37119815384936 0.0
57853.400773888876 9.00519563291641 0.0 9.00519563291641 0.0
57853.40082055556 9.085259241423493 0.0 9.085259241423493 0.0
57853.40086722221 9.214469687014182 0.0 9.214469687014182 0.0
57853.400984444444 8.959046608263195 0.0 8.959046608263195 0.0
57853.40103111111 8.90795222838705 0.0 8.90795222838705 0.0
57853.40107777778 8.913382472259013 0.0 8.913382472259013 0.0
57853.40119499999 8.926943630417142 0.0 8.926943630417142 0.0
57853.40124166667 8.949680116828109 0.0 8.949680116828109 0.0
57853.40128833332 8.989240880792059 0.0 8.989240880792059 0.0
57853.403475 9.314920393405618 0.0 9.314920393405618 0.0
57853.403592222225 9.164975406052566 0.0 9.164975406052566 0.0
57853.40363888888 9.16638318232231 0.0 9.16638318232231 0.0
57853.403685555546 9.151061986669689 0.0 9.151061986669689 0.0
57853.403802777764 9.269791381582678 0.0 9.269791381582678 0.0
57853.40384944443 9.263525421015826 0.0 9.263525421015826 0.0
57853.403896111115 9.420636236304542 0.0 9.420636236304542 0.0
57853.40401333333 9.308164990150903 0.0 9.308164990150903 0.0
57853.40406 9.484112351547413 0.0 9.484112351547413 0.0
57853.404106666654 9.61567939994781 0.0 9.61567939994781 0.0
57853.40422388889 9.152648127287287 0.0 9.152648127287287 0.0
57853.404270555555 9.228637057306127 0.0 9.228637057306127 0.0
57853.40431722221 9.360693384849291 0.0 9.360693384849291 0.0
57853.404434444434 9.181151800678213 0.0 9.181151800678213 0.0
57853.4044811111 9.408643932318903 0.0 9.408643932318903 0.0
57853.40452777778 9.455669062491287 0.0 9.455669062491287 0.0
57853.40464499999 9.259519948540495 0.0 9.259519948540495 0.0
57853.404691666656 9.405386239946802 0.0 9.405386239946802 0.0
57853.40473833333 9.419437692963042 0.0 9.419437692963042 0.0
57853.40485555554 9.488532977468969 0.0 9.488532977468969 0.0
57853.404902222224 9.647496750369346 0.0 9.647496750369346 0.0
57853.40494888889 9.70782856687689 0.0 9.70782856687689 0.0
57853.405066111096 9.222867792751918 0.0 9.222867792751918 0.0
57853.405112777764 9.383066422224184 0.0 9.383066422224184 0.0
57853.40515944443 9.616182597160657 0.0 9.616182597160657 0.0
57853.405276666665 9.351901652398244 0.0 9.351901652398244 0.0
57853.40532333333 9.368616106017766 0.0 9.368616106017766 0.0
57853.40537 9.657021513703334 0.0 9.657021513703334 0.0
57853.40548722221 9.131653561879881 0.0 9.131653561879881 0.0
57853.40553388889 9.067311014421977 0.0 9.067311014421977 0.0
57853.40558055555 9.198877911936307 0.0 9.198877911936307 0.0
57853.40569777778 9.167614809225057 0.0 9.167614809225057 0.0
57853.40574444445 9.175528463290012 0.0 9.175528463290012 0.0
57853.40579111111 9.210968216418456 0.0 9.210968216418456 0.0
57853.405908333334 9.281789315817603 0.0 9.281789315817603 0.0
57853.405955 9.41395669445963 0.0 9.41395669445963 0.0
57853.406001666655 9.301578083245321 0.0 9.301578083245321 0.0
57853.40611888889 9.184664638196052 0.0 9.184664638196052 0.0
57853.406165555556 9.402985112838266 0.0 9.402985112838266 0.0
57853.40621222221 10.170006502360975 0.0 10.170006502360975 0.0
57853.406329444435 9.323919984157294 0.0 9.323919984157294 0.0
57853.40637611111 9.383753977469647 0.0 9.383753977469647 0.0
57853.40642277776 9.395263048043704 0.0 9.395263048043704 0.0
57853.40654 9.459761982956735 0.0 9.459761982956735 0.0
57853.406586666664 9.603426807739666 0.0 9.603426807739666 0.0
57853.40663333333 9.667537965923932 0.0 9.667537965923932 0.0
57853.40675055554 9.276922459661966 0.0 9.276922459661966 0.0
57853.406797222226 9.366722151903927 0.0 9.366722151903927 0.0
57853.40684388888 9.45276883826519 0.0 9.45276883826519 0.0
57853.40903055556 9.655852311990264 0.0 9.655852311990264 0.0
57853.40914777778 9.441159032182846 0.0 9.441159032182846 0.0
57853.40919444443 9.493291349429938 0.0 9.493291349429938 0.0
57853.4092411111 9.637627870370485 0.0 9.637627870370485 0.0
57853.40935833332 9.408643932318903 0.0 9.408643932318903 0.0
57853.40940499999 9.369993286739772 0.0 9.369993286739772 0.0
57853.40945166667 9.304178735142822 0.0 9.304178735142822 0.0
57853.40956888889 9.104235100995226 0.0 9.104235100995226 0.0
57853.40961555555 9.147007266613704 0.0 9.147007266613704 0.0
57853.40966222221 9.233704041314118 0.0 9.233704041314118 0.0
57853.409779444446 9.0840164486151 0.0 9.0840164486151 0.0
57853.409826111114 9.137833441248533 0.0 9.137833441248533 0.0
57853.40987277777 9.27953002146956 0.0 9.27953002146956 0.0
57853.409989999986 9.30851154034705 0.0 9.30851154034705 0.0
57853.41003666665 9.250108979305717 0.0 9.250108979305717 0.0
57853.410083333336 9.20203343586833 0.0 9.20203343586833 0.0
57853.41020055555 9.244702057342478 0.0 9.244702057342478 0.0
57853.41024722221 9.33446613709194 0.0 9.33446613709194 0.0
57853.41029388889 9.435861586043307 0.0 9.435861586043307 0.0
57853.4104111111 9.190633380539333 0.0 9.190633380539333 0.0
57853.410457777776 9.152471903015263 0.0 9.152471903015263 0.0
57853.410504444444 9.144538295898885 0.0 9.144538295898885 0.0
57853.410621666655 9.224616435771017 0.0 9.224616435771017 0.0
57853.41066833332 9.254118525144325 0.0 9.254118525144325 0.0
57853.41071499999 9.23667304998169 0.0 9.23667304998169 0.0
57853.410832222224 9.114858482790082 0.0 9.114858482790082 0.0
57853.41087888889 9.138539447078315 0.0 9.138539447078315 0.0
57853.41092555555 9.165679321215359 0.0 9.165679321215359 0.0
57853.41104277776 9.371026039461105 0.0 9.371026039461105 0.0
57853.411089444446 9.369993286739772 0.0 9.369993286739772 0.0
57853.4111361111 9.301924878841632 0.0 9.301924878841632 0.0
57853.41125333333 9.308338266861737 0.0 9.308338266861737 0.0
57853.4113 9.345690744074028 0.0 9.345690744074028 0.0
57853.41134666667 9.425600006570987 0.0 9.425600006570987 0.0
57853.411463888886 9.086501864250746 0.0 9.086501864250746 0.0
57853.411510555554 9.125822985423852 0.0 9.125822985423852 0.0
57853.41155722221 9.118573742465111 0.0 9.118573742465111 0.0
57853.41167444445 9.15951822933654 0.0 9.15951822933654 0.0
57853.41172111111 9.213069258465948 0.0 9.213069258465948 0.0
57853.41176777777 9.23964110460658 0.0 9.23964110460658 0.0
57853.41188499999 9.226189931123317 0.0 9.226189931123317 0.0
57853.41193166667 9.343274275838656 0.0 9.343274275838656 0.0
57853.41197833332 9.472370688038602 0.0 9.472370688038602 0.0
57853.412095555555 9.199929873505523 0.0 9.199929873505523 0.0
57853.41214222222 9.243480701763321 0.0 9.243480701763321 0.0
57853.41218888889 9.353798607362506 0.0 9.353798607362506 0.0
57853.4123061111 9.234926689895376 0.0 9.234926689895376 0.0
57853.41235277778 9.331873925838366 0.0 9.331873925838366 0.0
57853.41239944443 9.356384744326785 0.0 9.356384744326785 0.0
57853.41458611111 9.524840190006406 0.0 9.524840190006406 0.0
57853.414703333336 9.196072092773298 0.0 9.196072092773298 0.0
57853.41474999999 9.1872983848846 0.0 9.1872983848846 0.0
57853.41479666666 9.265614545362105 0.0 9.265614545362105 0.0
57853.414913888875 9.210442881019139 0.0 9.210442881019139 0.0
57853.41496055554 9.179394877799986 0.0 9.179394877799986 0.0
57853.415007222226 9.201858157371644 0.0 9.201858157371644 0.0
57853.415124444444 9.22094390242197 0.0 9.22094390242197 0.0
57853.41517111111 9.306432045599154 0.0 9.306432045599154 0.0
57853.415217777765 9.366033346361805 0.0 9.366033346361805 0.0
57853.415335 9.222518024361754 0.0 9.222518024361754 0.0
57853.415381666666 9.212894189929607 0.0 9.212894189929607 0.0
57853.41542833332 9.243306209220775 0.0 9.243306209220775 0.0
57853.415545555545 9.239117399545297 0.0 9.239117399545297 0.0
57853.41559222221 9.286827299477608 0.0 9.286827299477608 0.0
57853.41563888889 9.292383284000623 0.0 9.292383284000623 0.0
57853.4157561111 9.284916661949898 0.0 9.284916661949898 0.0
57853.41580277777 9.319940467759471 0.0 9.319940467759471 0.0
57853.41584944444 9.287174645888049 0.0 9.287174645888049 0.0
57853.41596666665 9.262132409666448 0.0 9.262132409666448 0.0
57853.416013333335 9.296201097153055 0.0 9.296201097153055 0.0
57853.41606 9.381003454132804 0.0 9.381003454132804 0.0
57853.416177222214 9.283874330291484 0.0 9.283874330291484 0.0
57853.416223888875 9.269791381582678 0.0 9.269791381582678 0.0
57853.41627055554 9.340339152507845 0.0 9.340339152507845 0.0
57853.416387777776 9.346553617036015 0.0 9.346553617036015 0.0
57853.41643444444 9.436374372094537 0.0 9.436374372094537 0.0
57853.41648111111 9.472200412003605 0.0 9.472200412003605 0.0
57853.41659833332 9.341547844390258 0.0 9.341547844390258 0.0
57853.416645 9.418410248704566 0.0 9.418410248704566 0.0
57853.41669166666 9.544969963960245 0.0 9.544969963960245 0.0
57853.41680888889 9.392172444424475 0.0 9.392172444424475 0.0
57853.41685555556 9.33740310654914 0.0 9.33740310654914 0.0
57853.41690222222 9.31422775702191 0.0 9.31422775702191 0.0
57853.417019444445 9.269791381582678 0.0 9.269791381582678 0.0
57853.41706611111 9.548348953716319 0.0 9.548348953716319 0.0
57853.417112777766 9.52721060623118 0.0 9.52721060623118 0.0
57853.41723 9.34862418720254 0.0 9.34862418720254 0.0
57853.41727666667 9.44064650601922 0.0 9.44064650601922 0.0
57853.41732333332 9.485302722735604 0.0 9.485302722735604 0.0
57853.417440555546 9.291515380416486 0.0 9.291515380416486 0.0
57853.41748722222 9.32374699702411 0.0 9.32374699702411 0.0
57853.417533888874 9.42542888559557 0.0 9.42542888559557 0.0
57853.417651111115 9.262132409666448 0.0 9.262132409666448 0.0
57853.417697777775 9.262132409666448 0.0 9.262132409666448 0.0
57853.41774444444 9.318036619997418 0.0 9.318036619997418 0.0
57853.417861666654 9.237022282378737 0.0 9.237022282378737 0.0
57853.41790833334 9.260042499728293 0.0 9.260042499728293 0.0
57853.41795499999 9.273444570036983 0.0 9.273444570036983 0.0
57853.41895499999 9.273444570036983 0.0 9.273444570036983 0.0
