57853.18653472223 68.32311723685078 0.0 67.4078710071602 0.0
57853.18753472222 68.32311723685078 0.0 67.4078710071602 0.0
57853.213912037034 67.41159722692288 0.0 66.46372667208051 0.0
57853.24165509259 66.90241111594398 0.0 65.96607793025139 0.0
57853.274351851855 65.96357535445301 0.0 65.11140508478822 0.0
57853.27712962963 65.96357535445301 0.0 65.11140508478822 0.0
57853.28003472222 66.07620339822687 0.0 65.17975698906714 0.0
57853.29961805556 66.14552388641206 0.0 65.45057803460641 0.0
57853.302395833336 66.14552388641206 0.0 65.45057803460641 0.0
57853.30490740741 66.31296106753364 0.0 65.45128503811843 0.0
57853.320856481485 66.9841539876887 0.0 65.90024421426676 0.0
57853.32363425926 66.9841539876887 0.0 65.90024421426676 0.0
57853.32635416667 67.10756131745778 0.0 66.31454403070265 0.0
57853.34591435185 67.70696374272038 0.0 66.94128484714929 0.0
57853.34869212963 67.70696374272038 0.0 66.94128484714929 0.0
57853.351377314815 67.76761718439263 0.0 67.02199516978334 0.0
57853.357083333336 67.93102632483821 0.0 67.15964732759298 0.0
57853.37291666667 68.32421719060176 0.0 67.624134728338 0.0
57853.37850694444 68.9352798558586 0.0 68.2155634804957 0.0
57853.38128472222 68.9352798558586 0.0 68.2155634804957 0.0
57853.38400462963 69.10601372750534 0.0 68.3680969069601 0.0
57853.38958333333 69.52581427345731 0.0 68.83438614781244 0.0
57853.395162037035 69.94903246131976 0.0 69.2743202804655 0.0
57853.397939814815 69.94903246131976 0.0 69.2743202804655 0.0
57853.400671296295 70.26429460697935 0.0 69.55433911513781 0.0
57853.40625 70.69702125052733 0.0 70.1890224907366 0.0
57853.411886574075 71.4311707057201 0.0 70.73881740926645 0.0
57853.414664351854 71.4311707057201 0.0 70.73881740926645 0.0
57853.41730324074 71.97132078184734 0.0 71.30957473381783 0.0
57853.41830324074 71.97132078184734 0.0 71.30957473381783 0.0
