57853.08858611112 9.33740310654914 0.0 9.33740310654914 0.0
57853.08958611111 9.33740310654914 0.0 9.33740310654914 0.0
57853.08970333333 9.00394178912411 0.0 9.00394178912411 0.0
57853.08974999999 9.00913514878272 0.0 9.00913514878272 0.0
57853.08979666665 9.045405178249876 0.0 9.045405178249876 0.0
57853.08991388888 9.074956678115738 0.0 9.074956678115738 0.0
57853.089960555546 9.04219499472228 0.0 9.04219499472228 0.0
57853.09000722222 9.093244568040252 0.0 9.093244568040252 0.0
57853.09012444445 8.998924666941619 0.0 8.998924666941619 0.0
57853.090171111115 9.057344195235583 0.0 9.057344195235583 0.0
57853.09021777777 9.101400104982076 0.0 9.101400104982076 0.0
57853.090335 9.07175695185604 0.0 9.07175695185604 0.0
57853.09038166667 9.114150642571355 0.0 9.114150642571355 0.0
57853.09042833332 9.053603809284116 0.0 9.053603809284116 0.0
57853.09054555555 9.038626786937737 0.0 9.038626786937737 0.0
57853.09059222221 9.151238238092295 0.0 9.151238238092295 0.0
57853.09063888889 9.236498428831483 0.0 9.236498428831483 0.0
57853.0907561111 9.019334071691446 0.0 9.019334071691446 0.0
57853.09080277777 9.064642405273574 0.0 9.064642405273574 0.0
57853.090849444445 9.109725395103496 0.0 9.109725395103496 0.0
57853.090966666656 8.95310362478448 0.0 8.95310362478448 0.0
57853.09101333333 9.02183730661869 0.0 9.02183730661869 0.0
57853.09106 9.185015848055585 0.0 9.185015848055585 0.0
57853.09117722221 9.150533212032844 0.0 9.150533212032844 0.0
57853.09122388888 9.058946745015794 0.0 9.058946745015794 0.0
57853.091270555546 9.035949706410179 0.0 9.035949706410179 0.0
57853.09138777778 8.943730909449654 0.0 8.943730909449654 0.0
57853.091434444446 8.988164260525812 0.0 8.988164260525812 0.0
57853.091481111114 9.088809141625939 0.0 9.088809141625939 0.0
57853.091598333325 9.09501813295112 0.0 9.09501813295112 0.0
57853.091645 8.98690804053498 0.0 8.98690804053498 0.0
57853.091691666654 8.941386195483014 0.0 8.941386195483014 0.0
57853.09180888889 8.961026726887942 0.0 8.961026726887942 0.0
57853.091855555555 9.06642156531451 0.0 9.06642156531451 0.0
57853.09190222222 9.118396859663578 0.0 9.118396859663578 0.0
57853.09201944445 9.018976409985278 0.0 9.018976409985278 0.0
57853.09206611111 8.94084502032215 0.0 8.94084502032215 0.0
57853.09211277777 8.946435585048347 0.0 8.946435585048347 0.0
57853.09223 9.066065761238267 0.0 9.066065761238267 0.0
57853.09227666667 9.031128961684725 0.0 9.031128961684725 0.0
57853.09232333332 8.960486737931436 0.0 8.960486737931436 0.0
57853.11944722222 9.00161275872632 0.0 9.00161275872632 0.0
57853.119564444445 8.64291617453276 0.0 8.64291617453276 0.0
57853.1196111111 8.622551078235153 0.0 8.622551078235153 0.0
57853.11965777777 8.673839050326432 0.0 8.673839050326432 0.0
57853.11977499999 8.689816063980091 0.0 8.689816063980091 0.0
57853.11982166665 8.648139833550632 0.0 8.648139833550632 0.0
57853.119868333335 8.627413173397697 0.0 8.627413173397697 0.0
57853.11998555555 8.683874562622082 0.0 8.683874562622082 0.0
57853.12003222222 8.713171342210003 0.0 8.713171342210003 0.0
57853.120078888875 8.740155752653678 0.0 8.740155752653678 0.0
57853.120196111115 8.65373311202706 0.0 8.65373311202706 0.0
57853.120242777775 8.663605745654001 0.0 8.663605745654001 0.0
57853.120289444436 8.695568022033203 0.0 8.695568022033203 0.0
57853.120406666654 8.805606718302798 0.0 8.805606718302798 0.0
57853.12045333332 8.751405417085508 0.0 8.751405417085508 0.0
57853.1205 8.750299534043613 0.0 8.750299534043613 0.0
57853.12061722221 8.757301101403627 0.0 8.757301101403627 0.0
57853.120663888876 8.825366665141656 0.0 8.825366665141656 0.0
57853.12071055556 8.858930249262059 0.0 8.858930249262059 0.0
57853.12082777777 8.654105868724786 0.0 8.654105868724786 0.0
57853.120874444445 8.663605745654001 0.0 8.663605745654001 0.0
57853.12092111111 8.64291617453276 0.0 8.64291617453276 0.0
57853.121038333324 8.671979347672112 0.0 8.671979347672112 0.0
57853.12108499999 8.680344871995247 0.0 8.680344871995247 0.0
57853.12113166665 8.70131617778635 0.0 8.70131617778635 0.0
57853.12124888889 8.717612872429493 0.0 8.717612872429493 0.0
57853.12129555555 8.731293367592672 0.0 8.731293367592672 0.0
57853.12134222222 8.758958547607682 0.0 8.758958547607682 0.0
57853.12145944443 8.800843068120088 0.0 8.800843068120088 0.0
57853.121506111114 8.630216982283258 0.0 8.630216982283258 0.0
57853.12155277777 8.671235354933296 0.0 8.671235354933296 0.0
57853.12167 8.753063979673522 0.0 8.753063979673522 0.0
57853.12171666667 8.803041996213397 0.0 8.803041996213397 0.0
57853.121763333336 8.919171088348165 0.0 8.919171088348165 0.0
57853.121880555555 8.82024796667012 0.0 8.82024796667012 0.0
57853.12192722222 8.89472478676311 0.0 8.89472478676311 0.0
57853.121973888876 8.892004382336069 0.0 8.892004382336069 0.0
57853.12209111111 8.61469112770774 0.0 8.61469112770774 0.0
57853.12213777778 8.630030090030898 0.0 8.630030090030898 0.0
57853.12218444443 8.663978077594164 0.0 8.663978077594164 0.0
57853.145836111114 9.493291349429938 0.0 9.493291349429938 0.0
57853.14595333333 8.947877744416957 0.0 8.947877744416957 0.0
57853.145999999986 8.83796794627333 0.0 8.83796794627333 0.0
57853.146046666654 8.874755789461513 0.0 8.874755789461513 0.0
57853.14616388888 9.490402622411963 0.0 9.490402622411963 0.0
57853.14621055555 9.825575580283882 0.0 9.825575580283882 0.0
57853.14625722222 10.020623894040055 0.0 10.020623894040055 0.0
57853.14637444444 8.844717760226413 0.0 8.844717760226413 0.0
57853.14642111111 8.782864548506902 0.0 8.782864548506902 0.0
57853.14646777777 8.68758847715447 0.0 8.68758847715447 0.0
57853.146585 8.674024998662349 0.0 8.674024998662349 0.0
57853.14663166667 8.708542339417049 0.0 8.708542339417049 0.0
57853.14667833332 8.760615680234705 0.0 8.760615680234705 0.0
57853.14679555554 8.64291617453276 0.0 8.64291617453276 0.0
57853.14684222221 8.676441964382077 0.0 8.676441964382077 0.0
57853.14688888889 8.698535286416458 0.0 8.698535286416458 0.0
57853.1470061111 8.636008636012953 0.0 8.636008636012953 0.0
57853.147052777764 8.641236470664108 0.0 8.641236470664108 0.0
57853.147099444446 8.615627212110823 0.0 8.615627212110823 0.0
57853.14721666666 8.634887973945037 0.0 8.634887973945037 0.0
57853.14726333333 8.613193181056232 0.0 8.613193181056232 0.0
57853.14731 8.596135665931337 0.0 8.596135665931337 0.0
57853.14742722221 8.582991432798 0.0 8.582991432798 0.0
57853.14747388888 8.607760939239471 0.0 8.607760939239471 0.0
57853.14752055555 8.630590754646725 0.0 8.630590754646725 0.0
57853.14763777778 8.631711974626077 0.0 8.631711974626077 0.0
57853.14768444445 8.72297670412143 0.0 8.72297670412143 0.0
57853.14773111111 8.887287042047305 0.0 8.887287042047305 0.0
57853.14784833332 8.727043618693598 0.0 8.727043618693598 0.0
57853.147895 8.720202720342627 0.0 8.720202720342627 0.0
57853.147941666655 8.762456571150029 0.0 8.762456571150029 0.0
57853.14805888889 8.731847530180689 0.0 8.731847530180689 0.0
57853.148105555556 8.671607359281692 0.0 8.671607359281692 0.0
57853.148152222224 8.746059020330058 0.0 8.746059020330058 0.0
57853.14826944444 8.744214677292675 0.0 8.744214677292675 0.0
57853.14831611111 8.739786666031495 0.0 8.739786666031495 0.0
57853.14836277776 8.7264891510404 0.0 8.7264891510404 0.0
57853.14848 8.5893782868633 0.0 8.5893782868633 0.0
57853.148526666664 8.630403870488445 0.0 8.630403870488445 0.0
57853.148573333325 8.687402819136194 0.0 8.687402819136194 0.0
57853.177780555554 8.51810216633547 0.0 8.51810216633547 0.0
57853.17789777778 8.337633299219753 0.0 8.337633299219753 0.0
57853.17794444443 8.308953584984055 0.0 8.308953584984055 0.0
57853.1779911111 8.300796697091888 0.0 8.300796697091888 0.0
57853.17810833332 8.131579222092181 0.0 8.131579222092181 0.0
57853.17815499999 8.170955643560443 0.0 8.170955643560443 0.0
57853.17820166667 8.2223142492186 0.0 8.2223142492186 0.0
57853.17831888889 8.134157370559796 0.0 8.134157370559796 0.0
57853.178365555556 8.17431066443585 0.0 8.17431066443585 0.0
57853.17841222221 8.250708669465132 0.0 8.250708669465132 0.0
57853.17852944444 8.186929000034928 0.0 8.186929000034928 0.0
57853.17857611111 8.134950482629794 0.0 8.134950482629794 0.0
57853.17862277776 8.12403840463596 0.0 8.12403840463596 0.0
57853.17873999999 8.229765018399037 0.0 8.229765018399037 0.0
57853.17878666666 8.261453437696408 0.0 8.261453437696408 0.0
57853.17883333333 8.412356503113967 0.0 8.412356503113967 0.0
57853.17895055554 8.292631785837587 0.0 8.292631785837587 0.0
57853.17899722221 8.288740905979123 0.0 8.288740905979123 0.0
57853.179043888886 8.25266330422508 0.0 8.25266330422508 0.0
57853.1791611111 8.254031273145538 0.0 8.254031273145538 0.0
57853.17920777778 8.301768175437669 0.0 8.301768175437669 0.0
57853.17925444445 8.279784943443726 0.0 8.279784943443726 0.0
57853.17937166666 8.168586563880737 0.0 8.168586563880737 0.0
57853.17941833332 8.192443410378742 0.0 8.192443410378742 0.0
57853.17946499999 8.240341364679718 0.0 8.240341364679718 0.0
57853.17958222222 8.29379869385516 0.0 8.29379869385516 0.0
57853.17962888889 8.401612748406912 0.0 8.401612748406912 0.0
57853.179675555555 8.543437398415533 0.0 8.543437398415533 0.0
57853.179792777766 8.220352398065858 0.0 8.220352398065858 0.0
57853.17983944444 8.2123039083969 0.0 8.2123039083969 0.0
57853.1798861111 8.165426721757234 0.0 8.165426721757234 0.0
57853.180003333335 8.459390659059354 0.0 8.459390659059354 0.0
57853.18005 8.676813745505521 0.0 8.676813745505521 0.0
57853.18009666666 8.91102977286594 0.0 8.91102977286594 0.0
57853.18021388889 8.46129708656402 0.0 8.46129708656402 0.0
57853.18026055556 8.56286054103191 0.0 8.56286054103191 0.0
57853.18030722221 8.51848085805399 0.0 8.51848085805399 0.0
57853.18042444444 8.498386943718279 0.0 8.498386943718279 0.0
57853.18047111111 8.430933824985836 0.0 8.430933824985836 0.0
57853.180517777764 8.489652145311203 0.0 8.489652145311203 0.0
57853.203475 8.33008538855666 0.0 8.33008538855666 0.0
57853.20359222222 8.164241465664608 0.0 8.164241465664608 0.0
57853.203638888874 8.131975913519698 0.0 8.131975913519698 0.0
57853.20368555554 8.143273495702232 0.0 8.143273495702232 0.0
57853.20380277777 8.233879656246403 0.0 8.233879656246403 0.0
57853.203849444435 8.243668146894866 0.0 8.243668146894866 0.0
57853.20389611111 8.264771721766019 0.0 8.264771721766019 0.0
57853.204013333336 8.224471744973714 0.0 8.224471744973714 0.0
57853.20406 8.265552300887684 0.0 8.265552300887684 0.0
57853.20410666666 8.259305602304474 0.0 8.259305602304474 0.0
57853.20422388889 8.397580296651512 0.0 8.397580296651512 0.0
57853.20427055556 8.406986342015712 0.0 8.406986342015712 0.0
57853.20431722221 8.356762762635286 0.0 8.356762762635286 0.0
57853.20443444443 8.250513180520075 0.0 8.250513180520075 0.0
57853.2044811111 8.25266330422508 0.0 8.25266330422508 0.0
57853.20452777778 8.247580290313111 0.0 8.247580290313111 0.0
57853.20464499999 8.227216830386418 0.0 8.227216830386418 0.0
57853.20469166666 8.228000972289685 0.0 8.228000972289685 0.0
57853.204738333334 8.211125418915564 0.0 8.211125418915564 0.0
57853.204855555545 8.267698513472624 0.0 8.267698513472624 0.0
57853.20490222222 8.311476713634608 0.0 8.311476713634608 0.0
57853.20494888889 8.319623130422318 0.0 8.319623130422318 0.0
57853.2050661111 8.253445028514436 0.0 8.253445028514436 0.0
57853.20511277777 8.287184042534514 0.0 8.287184042534514 0.0
57853.205159444435 8.296520840961959 0.0 8.296520840961959 0.0
57853.20527666667 8.233291976736496 0.0 8.233291976736496 0.0
57853.205323333335 8.22407951511704 0.0 8.22407951511704 0.0
57853.20537 8.236621606209125 0.0 8.236621606209125 0.0
57853.20548722221 8.23936264368753 0.0 8.23936264368753 0.0
57853.20553388889 8.229961000181966 0.0 8.229961000181966 0.0
57853.20558055554 8.23113679288747 0.0 8.23113679288747 0.0
57853.205697777776 8.26574743415024 0.0 8.26574743415024 0.0
57853.20574444444 8.275108419521684 0.0 8.275108419521684 0.0
57853.20579111111 8.299436436366648 0.0 8.299436436366648 0.0
57853.20590833333 8.261648667770704 0.0 8.261648667770704 0.0
57853.205955 8.272379226348134 0.0 8.272379226348134 0.0
57853.20600166666 8.313611070543176 0.0 8.313611070543176 0.0
57853.20611888889 8.392777232681645 0.0 8.392777232681645 0.0
57853.20616555556 8.435523962157244 0.0 8.435523962157244 0.0
57853.20621222221 8.500094876130843 0.0 8.500094876130843 0.0
57853.20632944443 8.417340013521242 0.0 8.417340013521242 0.0
57853.20637611111 8.521509785962701 0.0 8.521509785962701 0.0
57853.20642277777 8.65764625690363 0.0 8.65764625690363 0.0
57853.20654 8.406986342015712 0.0 8.406986342015712 0.0
57853.20658666667 8.449852069711044 0.0 8.449852069711044 0.0
57853.206633333335 8.465299186832125 0.0 8.465299186832125 0.0
57853.206750555546 8.304293487261914 0.0 8.304293487261914 0.0
57853.20679722222 8.335118088448844 0.0 8.335118088448844 0.0
57853.206843888875 8.352708658601943 0.0 8.352708658601943 0.0
57853.231252777776 8.434376662055078 0.0 8.434376662055078 0.0
57853.23137 8.228000972289685 0.0 8.228000972289685 0.0
57853.231416666655 8.223491135254717 0.0 8.223491135254717 0.0
57853.23146333332 8.246406842161718 0.0 8.246406842161718 0.0
57853.23158055554 8.292826281909894 0.0 8.292826281909894 0.0
57853.23162722221 8.391816290003094 0.0 8.391816290003094 0.0
57853.23167388889 8.558527156980587 0.0 8.558527156980587 0.0
57853.23179111111 8.24816695178487 0.0 8.24816695178487 0.0
57853.23183777778 8.288935493349147 0.0 8.288935493349147 0.0
57853.23188444443 8.312446943803515 0.0 8.312446943803515 0.0
57853.23200166666 8.176678085636553 0.0 8.176678085636553 0.0
57853.23204833333 8.206409768609083 0.0 8.206409768609083 0.0
57853.232094999985 8.27354899080351 0.0 8.27354899080351 0.0
57853.23221222221 8.152379427049544 0.0 8.152379427049544 0.0
57853.23225888888 8.157719478921434 0.0 8.157719478921434 0.0
57853.23230555555 8.184761608052195 0.0 8.184761608052195 0.0
57853.232422777764 8.121258443719016 0.0 8.121258443719016 0.0
57853.23246944443 8.108935732244857 0.0 8.108935732244857 0.0
57853.23251611111 8.104757662891195 0.0 8.104757662891195 0.0
57853.23263333332 8.093605600281201 0.0 8.093605600281201 0.0
57853.23268 8.100776545810982 0.0 8.100776545810982 0.0
57853.23272666667 8.116689298062992 0.0 8.116689298062992 0.0
57853.23284388888 8.111123385860012 0.0 8.111123385860012 0.0
57853.23289055554 8.128603419308083 0.0 8.128603419308083 0.0
57853.23293722221 8.116888010052985 0.0 8.116888010052985 0.0
57853.23305444444 8.120861228759804 0.0 8.120861228759804 0.0
57853.23310111111 8.165624247713016 0.0 8.165624247713016 0.0
57853.23314777778 8.16246325882162 0.0 8.16246325882162 0.0
57853.23326499999 8.10396159593486 0.0 8.10396159593486 0.0
57853.23331166666 8.123045670667002 0.0 8.123045670667002 0.0
57853.233358333324 8.129793871132083 0.0 8.129793871132083 0.0
57853.23347555556 8.123641325606194 0.0 8.123641325606194 0.0
57853.233522222225 8.109333531344031 0.0 8.109333531344031 0.0
57853.23356888889 8.101971086338866 0.0 8.101971086338866 0.0
57853.23368611111 8.094801199017361 0.0 8.094801199017361 0.0
57853.23373277778 8.088223218897317 0.0 8.088223218897317 0.0
57853.23377944443 8.092808436327699 0.0 8.092808436327699 0.0
57853.233896666665 8.08363540063025 0.0 8.08363540063025 0.0
57853.23394333333 8.104757662891195 0.0 8.104757662891195 0.0
57853.233989999986 8.137527563007678 0.0 8.137527563007678 0.0
57853.23410722221 8.110924532640748 0.0 8.110924532640748 0.0
57853.23415388889 8.13673470213348 0.0 8.13673470213348 0.0
57853.23420055555 8.154950999635227 0.0 8.154950999635227 0.0
57853.23431777778 8.10993019340706 0.0 8.10993019340706 0.0
57853.23436444444 8.08802380265155 0.0 8.08802380265155 0.0
57853.23441111111 8.094601944824792 0.0 8.094601944824792 0.0
57853.23452833332 8.136338242723197 0.0 8.136338242723197 0.0
57853.234575 8.154357631787851 0.0 8.154357631787851 0.0
57853.234621666656 8.181410872885417 0.0 8.181410872885417 0.0
57853.25764166666 10.38003667095269 0.0 10.38003667095269 0.0
57853.25775888889 8.799560106307368 0.0 8.799560106307368 0.0
57853.25780555554 9.203961279025812 0.0 9.203961279025812 0.0
57853.25785222221 9.721276963776498 0.0 9.721276963776498 0.0
57853.257969444436 9.423546349779983 0.0 9.423546349779983 0.0
57853.2580161111 10.13187241874262 0.0 10.13187241874262 0.0
57853.25806277778 11.06578568847354 0.0 11.06578568847354 0.0
57853.25818 8.94769748720757 0.0 8.94769748720757 0.0
57853.258226666665 9.33360214666653 0.0 9.33360214666653 0.0
57853.25827333332 9.809804180742658 0.0 9.809804180742658 0.0
57853.25839055556 8.680159059045092 0.0 8.680159059045092 0.0
57853.25843722222 8.564743937192603 0.0 8.564743937192603 0.0
57853.25848388888 8.463012504135941 0.0 8.463012504135941 0.0
57853.2586011111 8.273354041546522 0.0 8.273354041546522 0.0
57853.258647777766 8.329117213029667 0.0 8.329117213029667 0.0
57853.25869444444 8.281537959083563 0.0 8.281537959083563 0.0
57853.25881166665 8.315550919618868 0.0 8.315550919618868 0.0
57853.25885833332 8.299242095205967 0.0 8.299242095205967 0.0
57853.258905 8.299630772976707 0.0 8.299630772976707 0.0
57853.25902222221 8.376426214623528 0.0 8.376426214623528 0.0
57853.25906888889 8.352322450826515 0.0 8.352322450826515 0.0
57853.25911555556 8.469299395939696 0.0 8.469299395939696 0.0
57853.25923277777 8.361200716365733 0.0 8.361200716365733 0.0
57853.259279444435 8.374115263812225 0.0 8.374115263812225 0.0
57853.259326111096 8.316326732553302 0.0 8.316326732553302 0.0
57853.259443333336 8.30642968991783 0.0 8.30642968991783 0.0
57853.25949 8.526051160243924 0.0 8.526051160243924 0.0
57853.259536666665 8.743661298519392 0.0 8.743661298519392 0.0
57853.259653888876 8.500474370064829 0.0 8.500474370064829 0.0
57853.25970055556 8.610571147367112 0.0 8.610571147367112 0.0
57853.25974722221 8.75343250646061 0.0 8.75343250646061 0.0
57853.259864444444 8.518859532938402 0.0 8.518859532938402 0.0
57853.25991111111 8.843441163534886 0.0 8.843441163534886 0.0
57853.25995777778 9.013072942729785 0.0 9.013072942729785 0.0
57853.260075 8.743292359879236 0.0 8.743292359879236 0.0
57853.260121666666 9.278834743304161 0.0 9.278834743304161 0.0
57853.26016833332 9.542772979015703 0.0 9.542772979015703 0.0
57853.26028555555 8.409096457159144 0.0 8.409096457159144 0.0
57853.26033222222 8.402188654960586 0.0 8.402188654960586 0.0
57853.26037888888 8.589190506001545 0.0 8.589190506001545 0.0
57853.2604961111 8.385663649271278 0.0 8.385663649271278 0.0
57853.260542777774 8.514314322780006 0.0 8.514314322780006 0.0
57853.260589444435 8.703169611717481 0.0 8.703169611717481 0.0
57853.26070666667 8.334731065576372 0.0 8.334731065576372 0.0
57853.260753333336 8.325824574101334 0.0 8.325824574101334 0.0
57853.2608 8.376618765079611 0.0 8.376618765079611 0.0
57853.26091722221 8.361200716365733 0.0 8.361200716365733 0.0
57853.26096388889 8.29574317579261 0.0 8.29574317579261 0.0
57853.26101055554 8.288157116458205 0.0 8.288157116458205 0.0
57853.26201055554 8.288157116458205 0.0 8.288157116458205 0.0
