57852.97952083334 76.92556983166133 0.0 76.1571431760066 0.0
57852.980520833335 76.92556983166133 0.0 76.1571431760066 0.0
57852.986759259256 76.47272574132151 0.0 75.68775077241482 0.0
57853.00203703704 74.49571625755163 0.0 73.66489140670431 0.0
57853.012766203705 74.35438276006225 0.0 73.56158978697496 0.0
57853.02017361111 73.37002590419488 0.0 72.53780402535297 0.0
57853.03612268518 71.89644368076986 0.0 71.02743663407608 0.0
57853.043703703705 71.43396969293042 0.0 70.48243694899625 0.0
57853.05136574074 71.53561028274139 0.0 70.65484336565783 0.0
57853.06949074074 71.70771970170708 0.0 70.86338653551671 0.0
57853.0775462963 71.2403884563478 0.0 70.33218485132919 0.0
57853.10834490741 72.43739104694295 0.0 71.63013752998177 0.0
57853.12863425926 73.32278429728092 0.0 72.5269175273956 0.0
57853.13141203704 73.32278429728092 0.0 72.5269175273956 0.0
57853.134363425925 74.06108858941602 0.0 73.26480061813712 0.0
57853.15491898148 77.75882205157662 0.0 77.07749492789043 0.0
57853.15591898148 77.75882205157662 0.0 77.07749492789043 0.0
