57854.0826505 18538.3244207 18241.2358883
57854.1000116 16518.1224005 16221.0338681
57854.1062616 15567.4390969 15210.932858
57854.1250116 15878.7140785 15425.0365334
57854.1312616 15230.6032997 14776.9257546
57854.1402894 18276.7239597 17952.6685703
57854.1486227 14044.8751135 13605.9727662
57854.1548727 13731.3734368 13229.7707542
57854.1652894 15549.6831613 15236.1814847
57854.1736227 12881.4463205 12268.0441148
57854.1798727 12881.4463205 12268.0441148
57854.1889005 13985.5702909 13617.5289674
57854.1972338 12244.0269142 11580.5574755
57854.2034838 12063.0807037 11399.611265
57854.2187616 12726.5501424 12304.3423177
57854.2250116 12632.6761425 12151.4313371
57854.2326505 11739.2195197 10960.5978169
57854.2402894 12338.1592911 11859.007474
57854.2465394 12383.6769906 11905.0807784
57854.2541782 11576.9894285 10741.5365831
57854.2639005 12293.0918674 11756.0150382
57854.2701505 12227.8645559 11631.383358
57854.2777894 11444.8908799 10550.7587799
57854.2854282 11504.4996866 12160.1965599
57854.2916782 12040.4843939 11444.4208101
57854.2993171 11517.4521201 10681.989272
57854.3090394 11398.1002847 10622.3133543
57854.3166782 11935.1835442 11398.1002847
57854.3229282 12061.7014426 11464.5875098
57854.3291782 12132.9285329 11595.0154453
57854.3354282 12204.5713475 11666.1343763
57854.3416782 12162.6853999 11623.4530423
57854.3479282 12180.2185563 11700.2099432
57854.3541782 12206.4193221 11725.3781666
57854.3604282 12231.0770839 11688.8125826
