57853.9274306 12266.3 12266.3
57853.9274769 74962.9 74962.9
57853.9275231 381623.0 381623.0
57853.9275694 366688.3 366688.3
57853.9276389 309494.4 309494.4
57853.9276852 7225.5 7225.5
57853.9277315 7346.9 7346.9
57853.9277778 7385.1 7385.1
57853.9278588 7261.2 7261.2
57853.9278935 6795.4 6795.4
57853.9279398 6915.9 6915.9
57853.9279977 6963.1 6963.1
57853.9280671 7133.1 7133.1
57853.9281134 6647.8 6647.8
57853.9281481 6827.3 6827.3
57853.928206 7156.2 7156.2
57853.9282755 8278.8 8278.8
57853.9283218 8362.6 8362.6
57853.9283681 9938.4 9938.4
57853.9284144 11055.2 11055.2
57853.9284838 10931.2 10931.2
57853.9285301 7302.1 7302.1
57853.9285764 7515.0 7515.0
57853.9286227 7743.4 7743.4
57853.9286921 7984.2 7984.2
57853.9287384 7029.0 7029.0
57853.9287847 7547.4 7547.4
57853.928831 7947.6 7947.6
57853.9289005 7899.1 7899.1
57853.9289468 6663.9 6663.9
57853.9290046 6832.3 6832.3
57853.9290394 6786.7 6786.7
57853.9291088 6703.4 6703.4
57853.9291551 6563.6 6563.6
57853.929213 6595.1 6595.1
57853.9292593 6622.5 6622.5
57853.9293287 6551.1 6551.1
57853.929375 6716.1 6716.1
57853.9294213 6793.6 6793.6
57853.9294676 6700.9 6700.9
57853.929537 6731.4 6731.4
57853.9295833 6665.7 6665.7
57853.9296296 6800.3 6800.3
57853.9296759 6797.9 6797.9
57853.9297454 6790.8 6790.8
57853.9297917 6754.8 6754.8
57853.929838 7246.8 7246.8
57853.9298843 8268.6 8268.6
57853.9299537 8840.9 8840.9
57853.93 7047.1 7047.1
57853.9300463 7023.9 7023.9
57853.9300926 7182.7 7182.7
57853.930162 7413.0 7413.0
57853.9302199 7093.3 7093.3
57853.9302662 7190.6 7190.6
57853.9303009 7380.5 7380.5
57853.9303704 8045.7 8045.7
57853.9304282 7440.6 7440.6
57853.9304745 7570.4 7570.4
57853.9305208 7788.0 7788.0
57853.9305903 8233.0 8233.0
57853.9306366 8409.8 8409.8
57853.9306829 9663.9 9663.9
57853.9307292 10816.8 10816.8
57853.9307986 11152.8 11152.8
57853.9308449 6909.8 6909.8
57853.9308912 7295.5 7295.5
57853.9309375 7670.9 7670.9
57853.9310069 7877.6 7877.6
57853.9310532 7263.4 7263.4
57853.9310995 7347.3 7347.3
57853.9311574 7475.3 7475.3
57853.9312269 7339.0 7339.0
57853.9312616 6703.7 6703.7
57853.9313079 255.8 255.8
57853.9313657 37.9 37.9
57853.9336806 2445.3 2445.3
57853.9337269 20647.1 20647.1
57853.9337731 586197.5 586197.5
57853.9338194 539982.8 539982.8
57853.9338889 408536.1 408536.1
57853.9339352 7122.0 7122.0
57853.9339815 7382.5 7382.5
57853.9340278 8030.2 8030.2
57853.9341088 8435.7 8435.7
57853.9341435 7664.0 7664.0
57853.9341898 8199.0 8199.0
57853.9342477 9000.6 9000.6
57853.9343171 10085.3 10085.3
57853.9343634 8181.6 8181.6
57853.9343981 9172.5 9172.5
57853.934456 10091.9 10091.9
57853.9345255 10141.0 10141.0
57853.9345718 7416.0 7416.0
57853.9346181 8328.7 8328.7
57853.9346644 9812.5 9812.5
57853.9347338 11415.0 11415.0
57853.9347801 9242.2 9242.2
57853.9348264 11602.8 11602.8
57853.9348727 13475.6 13475.6
57853.9349421 10826.1 10826.1
57853.9349884 9334.9 9334.9
57853.9350347 12105.7 12105.7
57853.935081 13369.6 13369.6
57853.9351505 12185.3 12185.3
57853.9351968 6982.4 6982.4
57853.9352546 7172.8 7172.8
57853.9352894 7237.2 7237.2
57853.9353588 7364.8 7364.8
57853.9354051 6658.3 6658.3
57853.935463 6736.0 6736.0
57853.9355093 6746.3 6746.3
57853.9355787 6854.6 6854.6
57853.935625 7108.4 7108.4
57853.9356713 7202.3 7202.3
57853.9357176 7354.0 7354.0
57853.935787 7056.2 7056.2
57853.9358333 6502.5 6502.5
57853.9358796 6513.6 6513.6
57853.9359259 6613.3 6613.3
57853.9359954 6650.8 6650.8
57853.9360417 6882.3 6882.3
57853.936088 7362.0 7362.0
57853.9361343 7379.2 7379.2
57853.9362037 7252.6 7252.6
57853.93625 6738.6 6738.6
57853.9362963 6907.8 6907.8
57853.9363426 6992.7 6992.7
57853.936412 6936.5 6936.5
57853.9364699 6937.1 6937.1
57853.9365162 7528.0 7528.0
57853.9365509 7956.6 7956.6
57853.9366204 7335.3 7335.3
57853.9366782 6478.6 6478.6
57853.9367245 6665.9 6665.9
57853.9367708 6929.1 6929.1
57853.9368403 7309.4 7309.4
57853.9368866 6996.7 6996.7
57853.9369329 7327.8 7327.8
57853.9369792 7580.7 7580.7
57853.9370486 7775.9 7775.9
57853.9370949 6765.5 6765.5
57853.9371412 6870.8 6870.8
57853.9371875 7077.4 7077.4
57853.9372569 7410.1 7410.1
57853.9373032 8202.8 8202.8
57853.9373495 9196.5 9196.5
57853.9374074 9542.3 9542.3
57853.9374769 8950.8 8950.8
57853.9375116 7771.4 7771.4
57853.9375579 8183.9 8183.9
57853.9376157 9251.9 9251.9
57853.9399306 7799.1 7799.1
57853.9399769 7807.3 7807.3
57853.9400231 7461.7 7461.7
57853.9400694 7313.0 7313.0
57853.9401389 6691.3 6691.3
57853.9401852 6733.0 6733.0
57853.9402315 6966.2 6966.2
57853.9402778 7186.6 7186.6
57853.9403588 7041.5 7041.5
57853.9403935 6793.2 6793.2
57853.9404398 7002.1 7002.1
57853.9404977 7260.0 7260.0
57853.9405671 7324.5 7324.5
57853.9406134 6557.9 6557.9
57853.9406481 6440.7 6440.7
57853.940706 6481.0 6481.0
57853.9407755 6630.0 6630.0
57853.9408218 6486.7 6486.7
57853.9408681 6706.4 6706.4
57853.9409144 7016.5 7016.5
57853.9409838 6933.3 6933.3
57853.9410301 6318.1 6318.1
57853.9410764 6317.3 6317.3
57853.9411227 6351.1 6351.1
57853.9411921 6327.5 6327.5
57853.9412384 6368.4 6368.4
57853.9412847 6502.6 6502.6
57853.941331 6564.7 6564.7
57853.9414005 6698.6 6698.6
57853.9414468 6345.4 6345.4
57853.9415046 6428.1 6428.1
57853.9415394 6507.1 6507.1
57853.9416088 6638.4 6638.4
57853.9416551 6427.0 6427.0
57853.941713 6513.3 6513.3
57853.9417593 6575.9 6575.9
57853.9418287 6608.8 6608.8
57853.941875 6458.9 6458.9
57853.9419213 6478.5 6478.5
57853.9419676 6421.0 6421.0
57853.942037 6493.3 6493.3
57853.9420833 6256.1 6256.1
57853.9421296 6299.9 6299.9
57853.9421759 6458.0 6458.0
57853.9422454 6582.1 6582.1
57853.9422917 6380.5 6380.5
57853.942338 6419.2 6419.2
57853.9423843 6505.7 6505.7
57853.9424537 6589.5 6589.5
57853.9425 6462.1 6462.1
57853.9425463 6579.7 6579.7
57853.9425926 6585.0 6585.0
57853.942662 6466.6 6466.6
57853.9427199 6362.1 6362.1
57853.9427662 6544.7 6544.7
57853.9428009 6598.0 6598.0
57853.9428704 6492.8 6492.8
57853.9429282 6286.9 6286.9
57853.9429745 6402.1 6402.1
57853.9430208 6415.5 6415.5
57853.9430903 6276.1 6276.1
57853.9431366 6264.7 6264.7
57853.9431829 6260.1 6260.1
57853.9432292 6346.7 6346.7
57853.9432986 6247.8 6247.8
57853.9433449 6193.8 6193.8
57853.9433912 6295.9 6295.9
57853.9434375 6368.5 6368.5
57853.9435069 6526.2 6526.2
57853.9435532 6402.9 6402.9
57853.9435995 6472.6 6472.6
57853.9436574 6447.8 6447.8
57853.9437269 6545.9 6545.9
57853.9437616 6315.5 6315.5
57853.9438079 93.9 93.9
57853.9438657 13.1 13.1
57853.9461806 1250.3 1250.3
57853.9462269 9883.7 9883.7
57853.9462731 740409.9 740409.9
57853.9463194 1005188.4 1005188.4
57853.9463889 769791.0 769791.0
57853.9464352 6621.2 6621.2
57853.9464815 6659.4 6659.4
57853.9465278 6614.7 6614.7
57853.9466088 6565.3 6565.3
57853.9466435 6308.8 6308.8
57853.9466898 6359.9 6359.9
57853.9467477 6311.4 6311.4
57853.9468171 6394.3 6394.3
57853.9468634 6341.6 6341.6
57853.9468981 6388.0 6388.0
57853.946956 6371.6 6371.6
57853.9470255 6376.3 6376.3
57853.9470718 6313.9 6313.9
57853.9471181 6357.7 6357.7
57853.9471644 6372.8 6372.8
57853.9472338 6439.9 6439.9
57853.9472801 6453.5 6453.5
57853.9473264 6528.2 6528.2
57853.9473727 6633.8 6633.8
57853.9474421 6680.1 6680.1
57853.9474884 6617.1 6617.1
57853.9475347 6712.4 6712.4
57853.947581 6769.6 6769.6
57853.9476505 6755.1 6755.1
57853.9476968 6719.1 6719.1
57853.9477546 6821.7 6821.7
57853.9477894 6830.4 6830.4
57853.9478588 6725.7 6725.7
57853.9479051 6482.6 6482.6
57853.947963 6603.1 6603.1
57853.9480093 6681.9 6681.9
57853.9480787 6613.0 6613.0
57853.948125 6351.1 6351.1
57853.9481713 6547.5 6547.5
57853.9482176 6761.5 6761.5
57853.948287 6653.3 6653.3
57853.9483333 6245.8 6245.8
57853.9483796 6309.6 6309.6
57853.9484259 6383.1 6383.1
57853.9484954 6455.2 6455.2
57853.9485417 6294.9 6294.9
57853.948588 6295.2 6295.2
57853.9486343 6344.4 6344.4
57853.9487037 6321.9 6321.9
57853.94875 6268.2 6268.2
57853.9487963 6326.8 6326.8
57853.9488426 6320.7 6320.7
57853.948912 6333.0 6333.0
57853.9489699 6223.0 6223.0
57853.9490162 6306.9 6306.9
57853.9490509 6403.8 6403.8
57853.9491204 6397.8 6397.8
57853.9491782 6308.5 6308.5
57853.9492245 6427.9 6427.9
57853.9492708 6435.0 6435.0
57853.9493403 6335.4 6335.4
57853.9493866 6226.6 6226.6
57853.9494329 6233.2 6233.2
57853.9494792 6229.2 6229.2
57853.9495486 6272.1 6272.1
57853.9495949 6259.4 6259.4
57853.9496412 6264.4 6264.4
57853.9496875 6360.6 6360.6
57853.9497569 6251.0 6251.0
57853.9498032 6222.5 6222.5
57853.9498495 6307.6 6307.6
57853.9499074 6353.3 6353.3
57853.9499769 6509.9 6509.9
57853.9500116 6269.0 6269.0
57853.9500579 93.3 93.3
57853.9501157 12.6 12.6
57853.9524306 1519.5 1519.5
57853.9524769 11722.4 11722.4
57853.9525231 3406894.7 3406894.7
57853.9525694 3631576.6 3631576.6
57853.9526389 2060746.8 2060746.8
57853.9526852 6340.7 6340.7
57853.9527315 6266.0 6266.0
57853.9527778 6234.3 6234.3
57853.9528588 6223.7 6223.7
57853.9528935 6307.5 6307.5
57853.9529398 6319.8 6319.8
57853.9529977 6400.5 6400.5
57853.9530671 6294.2 6294.2
57853.9531134 6272.2 6272.2
57853.9531481 6280.2 6280.2
57853.953206 6310.8 6310.8
57853.9532755 6272.6 6272.6
57853.9533218 6075.0 6075.0
57853.9533681 6151.3 6151.3
57853.9534144 6262.5 6262.5
57853.9534838 6315.5 6315.5
57853.9535301 6248.9 6248.9
57853.9535764 6324.8 6324.8
57853.9536227 6326.5 6326.5
57853.9536921 6344.2 6344.2
57853.9537384 6186.8 6186.8
57853.9537847 6252.7 6252.7
57853.953831 6354.4 6354.4
57853.9539005 6241.8 6241.8
57853.9539468 6092.4 6092.4
57853.9540046 6096.1 6096.1
57853.9540394 6092.1 6092.1
57853.9541088 6080.7 6080.7
57853.9541551 6068.2 6068.2
57853.954213 6073.6 6073.6
57853.9542593 6093.0 6093.0
57853.9543287 6150.8 6150.8
57853.954375 6178.3 6178.3
57853.9544213 6165.9 6165.9
57853.9544676 6148.0 6148.0
57853.954537 6093.8 6093.8
57853.9545833 6121.0 6121.0
57853.9546296 6139.7 6139.7
57853.9546759 6142.9 6142.9
57853.9547454 6148.1 6148.1
57853.9547917 6050.4 6050.4
57853.954838 6075.2 6075.2
57853.9548843 6052.4 6052.4
57853.9549537 6106.2 6106.2
57853.955 6138.4 6138.4
57853.9550463 6207.3 6207.3
57853.9550926 6284.2 6284.2
57853.955162 6308.3 6308.3
57853.9552199 6150.7 6150.7
57853.9552662 6172.9 6172.9
57853.9553009 6160.9 6160.9
57853.9553704 6115.2 6115.2
57853.9554282 6041.2 6041.2
57853.9554745 6022.3 6022.3
57853.9555208 6013.6 6013.6
57853.9555903 6066.0 6066.0
57853.9556366 6074.4 6074.4
57853.9556829 6114.4 6114.4
57853.9557292 6097.6 6097.6
57853.9557986 6147.1 6147.1
57853.9558449 6220.9 6220.9
57853.9558912 6328.8 6328.8
57853.9559375 6328.4 6328.4
57853.9560069 6150.5 6150.5
57853.9560532 6133.0 6133.0
57853.9560995 6074.6 6074.6
57853.9561574 6149.2 6149.2
57853.9693866 342099.5 342099.5
57853.9694329 329779.3 329779.3
57853.9694792 427024.7 427024.7
57853.9695255 377050.6 377050.6
57853.9695949 283000.9 283000.9
57853.9696412 5982.7 5982.7
57853.9696875 6030.1 6030.1
57853.9697338 6027.2 6027.2
57853.9698032 6069.8 6069.8
57853.9698495 6016.6 6016.6
57853.9698958 6117.1 6117.1
57853.9699421 6265.3 6265.3
57853.9700116 6356.5 6356.5
57853.9700579 6092.8 6092.8
57853.9701157 6238.3 6238.3
57853.9701505 6659.2 6659.2
57853.9702315 6592.0 6592.0
57853.9702662 5857.6 5857.6
57853.9703241 5907.4 5907.4
57853.9703704 5932.5 5932.5
57853.9704398 6016.6 6016.6
57853.9704861 5864.5 5864.5
57853.9705324 5984.6 5984.6
57853.9705787 6067.6 6067.6
57853.9706481 6224.7 6224.7
57853.9706944 5906.5 5906.5
57853.9707407 5922.8 5922.8
57853.970787 5964.2 5964.2
57853.9708565 5846.1 5846.1
57853.9709028 5931.1 5931.1
57853.9709491 6288.4 6288.4
57853.9709954 6689.0 6689.0
57853.9710648 7164.7 7164.7
57853.9711227 6153.0 6153.0
57853.9711574 6354.0 6354.0
57853.9712037 6777.5 6777.5
57853.9712731 6986.8 6986.8
57853.971331 6214.5 6214.5
57853.9713773 6279.3 6279.3
57853.971412 6380.7 6380.7
57853.9714815 6304.1 6304.1
57853.9715394 5881.5 5881.5
57853.9715856 5970.7 5970.7
57853.9716319 6104.6 6104.6
57853.9717014 6226.4 6226.4
57853.9717477 6076.6 6076.6
57853.971794 6235.8 6235.8
57853.9718403 6290.6 6290.6
57853.9719097 6261.3 6261.3
57853.971956 6344.0 6344.0
57853.9720023 6426.5 6426.5
57853.9720486 6513.8 6513.8
57853.9721181 6146.4 6146.4
57853.9721644 5818.2 5818.2
57853.9722106 5940.0 5940.0
57853.9722685 6004.5 6004.5
57853.972338 6045.3 6045.3
57853.9723727 5734.3 5734.3
57853.972419 5829.1 5829.1
57853.9724769 5961.8 5961.8
57853.9725463 6064.7 6064.7
57853.9725926 5863.5 5863.5
57853.9726389 5977.2 5977.2
57853.9726852 6081.8 6081.8
57853.9727546 6091.7 6091.7
57853.9728009 5830.3 5830.3
57853.9728472 5866.1 5866.1
57853.9728935 6045.7 6045.7
57853.972963 6031.0 6031.0
57853.9730093 5907.6 5907.6
57853.9730556 126.9 126.9
57853.9731019 17.3 17.3
57853.9753472 331.9 331.9
57853.9753935 2980.9 2980.9
57853.9754398 528788.3 528788.3
57853.9754861 369637.7 369637.7
57853.9755556 340396.5 340396.5
57853.9756019 6316.6 6316.6
57853.9756481 6321.8 6321.8
57853.9756944 6194.0 6194.0
57853.9757755 6083.4 6083.4
57853.9758102 5923.9 5923.9
57853.9758565 5874.6 5874.6
57853.9759144 5937.6 5937.6
57853.9759838 6062.6 6062.6
57853.9760301 6004.2 6004.2
57853.9760648 5950.9 5950.9
57853.9761227 5822.5 5822.5
57853.9761921 5789.6 5789.6
57853.9762384 5849.5 5849.5
57853.9762847 5908.9 5908.9
57853.976331 6046.5 6046.5
57853.9764005 6033.2 6033.2
57853.9764468 5809.9 5809.9
57853.9764931 5859.1 5859.1
57853.9765394 5854.6 5854.6
57853.9766088 5867.8 5867.8
57853.9766551 5843.6 5843.6
57853.9767014 5967.9 5967.9
57853.9767477 6087.9 6087.9
57853.9768171 6094.7 6094.7
57853.9768634 6049.5 6049.5
57853.9769213 6202.6 6202.6
57853.976956 6223.2 6223.2
57853.9770255 6015.0 6015.0
57853.9770718 5817.8 5817.8
57853.9771296 5919.2 5919.2
57853.9771759 5937.5 5937.5
57853.9772454 5988.8 5988.8
57853.9772917 5893.4 5893.4
57853.977338 5993.8 5993.8
57853.9773843 6240.4 6240.4
57853.9774537 6081.3 6081.3
57853.9775 5817.9 5817.9
57853.9775463 5897.3 5897.3
57853.9775926 5983.5 5983.5
57853.977662 5963.7 5963.7
57853.9777083 5927.6 5927.6
57853.9777546 6048.9 6048.9
57853.9778009 6166.6 6166.6
57853.9778704 6158.7 6158.7
57853.9779167 5859.8 5859.8
57853.977963 6024.6 6024.6
57853.9780093 6203.6 6203.6
57853.9780787 6274.1 6274.1
57853.9781366 5837.8 5837.8
57853.9781829 5835.9 5835.9
57853.9782176 5931.2 5931.2
57853.978287 5933.4 5933.4
57853.9783449 5846.2 5846.2
57853.9783912 5957.6 5957.6
57853.9784375 6097.3 6097.3
57853.9785069 5881.2 5881.2
57853.9785532 5824.6 5824.6
57853.9785995 5845.4 5845.4
57853.9786458 5983.5 5983.5
57853.9787153 6112.3 6112.3
57853.9787616 5928.6 5928.6
57853.9788079 5909.1 5909.1
57853.9788542 5854.6 5854.6
57853.9789236 5872.1 5872.1
57853.9789699 5854.2 5854.2
57853.9790162 5791.2 5791.2
57853.9790741 5842.6 5842.6
57853.9791435 5827.0 5827.0
57853.9791782 5772.7 5772.7
57853.9792245 5854.2 5854.2
57853.9792824 5966.7 5966.7
57853.9815972 292285.7 292285.7
57853.9816435 311994.7 311994.7
57853.9816898 365689.0 365689.0
57853.9817361 337041.8 337041.8
57853.9818056 289021.6 289021.6
57853.9818519 6048.5 6048.5
57853.9818981 6014.6 6014.6
57853.9819444 5960.8 5960.8
57853.9820255 5765.8 5765.8
57853.9820602 5713.4 5713.4
57853.9821065 5756.7 5756.7
57853.9821644 5895.2 5895.2
57853.9822338 6000.0 6000.0
57853.9822801 5743.6 5743.6
57853.9823148 5800.0 5800.0
57853.9823727 5927.2 5927.2
57853.9824421 5911.5 5911.5
57853.9824884 5816.2 5816.2
57853.9825347 5865.8 5865.8
57853.982581 5943.4 5943.4
57853.9826505 5857.0 5857.0
57853.9826968 5805.1 5805.1
57853.9827431 5828.3 5828.3
57853.9827894 5828.0 5828.0
57853.9828588 5933.1 5933.1
57853.9829051 5833.3 5833.3
57853.9829514 5867.4 5867.4
57853.9829977 5915.6 5915.6
57853.9830671 5939.9 5939.9
57853.9831134 5814.0 5814.0
57853.9831713 5901.8 5901.8
57853.983206 6085.8 6085.8
57853.9832755 6116.7 6116.7
57853.9833218 5801.1 5801.1
57853.9833796 5892.8 5892.8
57853.9834259 6060.1 6060.1
57853.9834954 6385.6 6385.6
57853.9835417 5865.3 5865.3
57853.983588 5986.5 5986.5
57853.9836343 6008.6 6008.6
57853.9837037 5956.8 5956.8
57853.98375 5760.5 5760.5
57853.9837963 5811.2 5811.2
57853.9838426 5799.7 5799.7
57853.983912 5711.3 5711.3
57853.9839583 5762.2 5762.2
57853.9840046 5784.6 5784.6
57853.9840509 5797.0 5797.0
57853.9841204 5795.7 5795.7
57853.9841667 5690.7 5690.7
57853.984213 5693.9 5693.9
57853.9842593 5707.1 5707.1
57853.9843287 5766.7 5766.7
57853.9843866 5712.7 5712.7
57853.9844329 5727.4 5727.4
57853.9844676 5781.7 5781.7
57853.984537 5816.5 5816.5
57853.9845949 5711.3 5711.3
57853.9846412 5759.2 5759.2
57853.9846875 5762.8 5762.8
57853.9847569 5852.5 5852.5
57853.9848032 5816.6 5816.6
57853.9848495 5884.5 5884.5
57853.9848958 5933.4 5933.4
57853.9849653 5838.3 5838.3
57853.9850116 5687.4 5687.4
57853.9850579 5727.9 5727.9
57853.9851042 5709.3 5709.3
57853.9851736 5686.1 5686.1
57853.9852199 5705.6 5705.6
57853.9852662 5778.2 5778.2
57853.9853241 5805.0 5805.0
57853.9853935 5703.1 5703.1
57853.9854282 5875.5 5875.5
57853.9854745 83.8 83.8
57853.9855324 10.8 10.8
57853.9878472 613.4 613.4
57853.9878935 4923.8 4923.8
57853.9879398 391774.6 391774.6
57853.9879861 325092.2 325092.2
57853.9880556 239716.7 239716.7
57853.9881019 6063.6 6063.6
57853.9881481 6139.5 6139.5
57853.9881944 6305.2 6305.2
57853.9882755 6054.3 6054.3
57853.9883102 5827.3 5827.3
57853.9883565 5777.6 5777.6
57853.9884144 5950.4 5950.4
57853.9884838 5830.3 5830.3
57853.9885301 5771.8 5771.8
57853.9885648 5908.1 5908.1
57853.9886227 5929.2 5929.2
57853.9886921 5885.6 5885.6
57853.9887384 5786.2 5786.2
57853.9887847 5871.1 5871.1
57853.988831 6118.0 6118.0
57853.9889005 6206.9 6206.9
57853.9889468 6090.6 6090.6
57853.9889931 6391.5 6391.5
57853.9890394 6442.8 6442.8
57853.9891088 6428.8 6428.8
57853.9891551 6022.3 6022.3
57853.9892014 6236.5 6236.5
57853.9892477 6431.8 6431.8
57853.9893171 6217.0 6217.0
57853.9893634 5860.0 5860.0
57853.9894213 5938.5 5938.5
57853.989456 6038.0 6038.0
57853.9895255 5969.4 5969.4
57853.9895718 5731.3 5731.3
57853.9896296 5741.9 5741.9
57853.9896759 5711.0 5711.0
57853.9897454 5711.1 5711.1
57853.9897917 5866.9 5866.9
57853.989838 5872.8 5872.8
57853.9898843 5907.3 5907.3
57853.9899537 5799.0 5799.0
57853.99 5927.9 5927.9
57853.9900463 6117.5 6117.5
57853.9900926 6215.6 6215.6
57853.990162 6046.5 6046.5
57853.9902083 5790.1 5790.1
57853.9902546 5801.0 5801.0
57853.9903009 5786.0 5786.0
57853.9903704 5749.7 5749.7
57853.9904167 5784.6 5784.6
57853.990463 5857.2 5857.2
57853.9905093 5831.4 5831.4
57853.9905787 5779.5 5779.5
57853.9906366 5659.6 5659.6
57853.9906829 5649.2 5649.2
57853.9907176 5657.2 5657.2
57853.990787 5703.4 5703.4
57853.9908449 5702.8 5702.8
57853.9908912 5685.1 5685.1
57853.9909375 5689.8 5689.8
57853.9910069 5669.1 5669.1
57853.9910532 5760.9 5760.9
57853.9910995 5888.2 5888.2
57853.9911458 5876.4 5876.4
57853.9912153 5867.8 5867.8
57853.9912616 5764.4 5764.4
57853.9913079 5849.0 5849.0
57853.9913542 5873.5 5873.5
57853.9914236 5942.7 5942.7
57853.9914699 5792.0 5792.0
57853.9915162 5809.1 5809.1
57853.9915741 5932.6 5932.6
57853.9916435 5886.9 5886.9
57853.9916782 5702.4 5702.4
57853.9917245 5686.0 5686.0
57853.9917824 5763.1 5763.1
57853.9940972 832028.6 832028.6
57853.9941435 481324.8 481324.8
57853.9941898 456175.1 456175.1
57853.9942361 892593.4 892593.4
57853.9943056 787275.0 787275.0
57853.9943519 6067.4 6067.4
57853.9943981 6058.7 6058.7
57853.9944444 6085.5 6085.5
57853.9945255 6160.2 6160.2
57853.9945602 5855.1 5855.1
57853.9946065 5902.8 5902.8
57853.9946644 5967.9 5967.9
57853.9947338 5777.0 5777.0
57853.9947801 5865.6 5865.6
57853.9948148 5930.7 5930.7
57853.9948727 5909.1 5909.1
57853.9949421 5949.6 5949.6
57853.9949884 5875.1 5875.1
57853.9950347 6015.0 6015.0
57853.995081 6188.6 6188.6
57853.9951505 6119.9 6119.9
57853.9951968 5743.2 5743.2
57853.9952431 5810.6 5810.6
57853.9952894 5895.8 5895.8
57853.9953588 5922.3 5922.3
57853.9954051 5638.7 5638.7
57853.9954514 5698.3 5698.3
57853.9954977 5757.6 5757.6
57853.9955671 5758.4 5758.4
57853.9956134 5655.4 5655.4
57853.9956713 5695.2 5695.2
57853.995706 5730.9 5730.9
57853.9957755 5788.4 5788.4
57853.9958218 5799.6 5799.6
57853.9958796 5835.3 5835.3
57853.9959259 5761.5 5761.5
57853.9959954 5649.1 5649.1
57853.9960417 5733.5 5733.5
57853.996088 5816.4 5816.4
57853.9961343 5858.8 5858.8
57853.9962037 5855.2 5855.2
57853.99625 5803.8 5803.8
57853.9962963 5915.6 5915.6
57853.9963426 5981.0 5981.0
57853.996412 5917.1 5917.1
57853.9964583 5710.2 5710.2
57853.9965046 5712.8 5712.8
57853.9965509 5771.7 5771.7
57853.9966204 5844.2 5844.2
57853.9966667 5691.9 5691.9
57853.996713 5763.3 5763.3
57853.9967593 5773.2 5773.2
57853.9968287 5735.3 5735.3
57853.9968866 5754.4 5754.4
57853.9969329 5806.1 5806.1
57853.9969676 5835.2 5835.2
57853.997037 5802.7 5802.7
57853.9970949 5708.0 5708.0
57853.9971412 5745.4 5745.4
57853.9971875 5777.6 5777.6
57853.9972569 5773.9 5773.9
57853.9973032 5767.1 5767.1
57853.9973495 5727.6 5727.6
57853.9973958 5731.1 5731.1
57853.9974653 5800.1 5800.1
57853.9975116 5803.0 5803.0
57853.9975579 5801.8 5801.8
57853.9976042 5748.8 5748.8
57853.9976736 5747.9 5747.9
57853.9977199 5783.6 5783.6
57853.9977662 5740.8 5740.8
57853.9978241 5710.4 5710.4
57853.9978935 5684.1 5684.1
57853.9979282 5896.0 5896.0
57853.9979745 145.9 145.9
57853.9980324 19.9 19.9
57854.0003472 4861.1 4861.1
57854.0003935 26495.1 26495.1
57854.0004398 202824.9 202824.9
57854.0004861 189792.7 189792.7
57854.0005556 146972.3 146972.3
57854.0006019 6042.2 6042.2
57854.0006481 6038.6 6038.6
57854.0006944 6071.2 6071.2
57854.0007755 5987.2 5987.2
57854.0008102 5752.0 5752.0
57854.0008565 5726.8 5726.8
57854.0009144 5745.9 5745.9
57854.0009838 5734.2 5734.2
57854.0010301 5686.7 5686.7
57854.0010648 5681.9 5681.9
57854.0011227 5697.3 5697.3
57854.0011921 5770.1 5770.1
57854.0012384 5693.8 5693.8
57854.0012847 5740.3 5740.3
57854.001331 5794.7 5794.7
57854.0014005 5804.3 5804.3
57854.0014468 5939.1 5939.1
57854.0014931 6025.3 6025.3
57854.0015394 5890.0 5890.0
57854.0016088 5809.9 5809.9
57854.0016551 5739.9 5739.9
57854.0017014 5795.9 5795.9
57854.0017477 5896.9 5896.9
57854.0018171 5829.5 5829.5
57854.0018634 5814.5 5814.5
57854.0019213 5837.9 5837.9
57854.001956 5895.0 5895.0
57854.0020255 5771.6 5771.6
57854.0020718 5795.5 5795.5
57854.0021296 5858.5 5858.5
57854.0021759 5905.2 5905.2
57854.0022454 5879.5 5879.5
57854.0022917 5725.6 5725.6
57854.002338 5807.5 5807.5
57854.0023843 5826.2 5826.2
57854.0024537 5790.6 5790.6
57854.0025 5728.9 5728.9
57854.0025463 5752.3 5752.3
57854.0025926 5733.1 5733.1
57854.002662 5815.5 5815.5
57854.0027083 5778.0 5778.0
57854.0027546 5814.2 5814.2
57854.0028009 5842.5 5842.5
57854.0028704 5820.2 5820.2
57854.0029167 5644.4 5644.4
57854.002963 5659.5 5659.5
57854.0030093 5710.4 5710.4
57854.0030787 5782.5 5782.5
57854.0031366 5694.6 5694.6
57854.0031829 5715.4 5715.4
57854.0032176 5810.9 5810.9
57854.003287 5730.4 5730.4
57854.0033449 5850.4 5850.4
57854.0033912 5921.5 5921.5
57854.0034375 5961.5 5961.5
57854.0035069 5841.8 5841.8
57854.0035532 5708.4 5708.4
57854.0035995 5886.6 5886.6
57854.0036458 6125.7 6125.7
57854.0037153 6016.2 6016.2
57854.0037616 5674.2 5674.2
57854.0038079 5659.2 5659.2
57854.0038542 5678.3 5678.3
57854.0039236 5636.5 5636.5
57854.0039699 5685.7 5685.7
57854.0040162 5751.0 5751.0
57854.0040741 5771.4 5771.4
