57848.1367824 6199.34677 6196.378653
57848.1368056 6199.27601 6194.164794
57848.16875 8252.365795 8245.974223
57848.2013889 11483.304947 11090.033219
57848.2014352 11341.235637 11228.940645
57848.2015509 11037.063256 11112.748193
57848.2016667 10877.871374 10764.218258
57848.201794 10621.740153 10794.295159
57848.2019097 11144.272878 11028.193079
57848.2020255 10794.295327 11270.00779
57848.2020833 10851.028389 11138.951256
57848.2021412 10918.539518 11020.497758
57848.2022685 10897.179213 11311.23971
57848.2023843 11615.607684 11101.922288
57848.2025 11071.36549 10994.629221
57848.2026273 12202.343898 10927.402726
57848.2027431 12007.814857 10978.730212
57848.2027778 11363.630926 10858.305158
57848.2028588 10783.450347 10739.721118
57848.2029861 10715.762252 10699.654175
57848.2031019 10688.876244 10706.96431
57848.2032176 10786.394415 11067.551522
57848.2033449 10959.441711 10826.847081
57848.2034606 11623.796829 10568.576569
57848.2034722 11310.119011 10461.438705
57848.2035764 11009.003066 10353.101097
57848.2037037 11711.039753 11014.533043
57848.2038194 10922.057148 11419.968263
57848.2039352 10350.749174 11099.914143
57848.2040625 10480.861815 10640.479114
57848.2041667 10391.805279 10990.521053
57848.2041782 10301.286263 11362.391798
57848.204294 10840.209309 10499.032273
57848.2044213 10367.725191 10357.470902
57848.204537 10671.224133 10426.069638
57848.2046528 10843.515803 11846.584627
57848.2047801 10554.90505 10491.215178
57848.2048611 10645.458258 11016.835087
57848.2048958 10751.309957 11614.38736
57848.2050116 11765.462059 11724.750611
57848.2051389 11108.555527 11351.56259
57848.2052546 10568.283864 11268.459109
57848.2053704 12275.170381 10715.560577
57848.2054977 10331.711564 10697.894051
57848.2055556 11314.996667 11345.135288
57848.2056134 12492.825547 12063.477213
57848.2057292 10322.393808 10524.944755
57848.2058565 11432.75279 10924.633823
57848.2059722 10161.274797 10607.25094
57848.206088 10342.725338 10925.979433
57848.2062153 10353.742596 10978.682332
57848.20625 10209.946773 10687.823795
57848.2083333 10291.595692 10697.055038
57848.2083565 9952.911947 10747.317952
57848.2084838 10428.511841 10108.100446
57848.2085995 10239.67763 10320.058492
57848.2087153 10041.956262 10163.078493
57848.2088426 10410.642473 9770.171782
57848.2089583 9842.525415 10335.344959
57848.2090278 10444.001271 10139.326784
57848.2090741 11127.743041 9951.65698
57848.2092014 9930.254013 9940.343277
57848.2093171 10485.30879 10196.720402
57848.2094329 9926.326236 9903.05344
57848.2095602 9962.917104 9863.873417
57848.2096759 9841.71583 9924.900943
57848.2097222 9903.811571 9818.751743
57848.2097917 9963.60535 9711.391525
57848.209919 9895.285346 10536.368297
57848.2100347 9940.569176 9939.191043
57848.2101505 9918.810916 10516.561034
57848.2102778 9769.811496 10045.896427
57848.2103935 10370.615549 10314.831333
57848.2104167 10299.880568 10174.95968
57848.2105093 10243.130785 10051.38783
57848.2106366 10203.643921 10651.693182
57848.2107523 9565.662256 9745.233613
57848.2108681 9644.207836 9830.912685
57848.2109838 9682.271017 9779.760695
57848.2111111 10094.008948 9606.481591
57848.2112269 9972.967131 9751.578497
57848.2113426 10140.925138 9972.788469
57848.2114699 9730.080519 9692.261104
57848.2115856 9603.2235 9738.532486
57848.2117014 9938.16775 9776.922396
57848.2118056 9719.56274 9774.972741
57848.2118287 9511.569676 9774.797833
57848.2119444 9735.396534 9656.061244
57848.2120602 10454.893711 9832.568544
57848.2121875 9539.216028 9480.148383
57848.2123032 9428.400976 9522.908239
57848.212419 9854.776216 9576.998818
57848.2125 9736.871911 9635.052883
57848.2125463 9624.001597 9696.46875
57848.212662 9540.819767 9357.883953
57848.2127778 9484.071417 9755.384391
57848.2129051 9852.408377 10163.940485
57848.2130208 9420.676429 9665.067125
57848.2131366 9655.235158 9845.564853
57848.2131944 10143.480105 9697.999443
57848.2215278 9195.011594 8953.552577
57848.2216204 9217.898705 8913.171881
57848.2217477 9289.624725 9196.851408
57848.2218634 9029.787555 8879.644605
57848.2219792 8810.856757 8965.553627
57848.2221065 8939.615969 8876.620279
57848.2222222 8929.794437 8892.041717
57848.222338 8833.867814 9167.630128
57848.2224653 8750.567342 8679.957878
57848.222581 8933.377792 8943.122793
57848.2226968 8871.0232 8920.08087
57848.2228241 9555.135686 8931.077381
57848.2229167 9343.721974 8981.644256
57848.2229398 9138.425167 9030.151093
57848.2230556 9259.847991 9192.277397
57848.2231829 8682.728453 8905.667697
57848.2232986 8814.351028 9189.523654
57848.2234144 8811.009902 8776.204817
57848.2235417 9109.310134 8630.247026
57848.2236111 9011.008959 8961.034874
57848.2236574 8908.503723 9312.59265
57848.2237731 8700.020758 8680.464423
57848.2239005 8752.895556 9314.361759
57848.2240162 8783.653809 8807.707225
57848.2241319 8678.552558 8561.378618
57848.2242593 8672.97284 8697.927522
57848.2243056 8703.777655 8725.19052
57848.224375 8753.480259 8771.328139
57848.2244907 8720.363382 8540.439651
57848.2246065 9293.621818 8874.418795
57848.2247338 8672.919302 8814.496693
57848.2248495 8725.915786 8724.683148
57848.2249653 9731.492965 8804.667966
57848.225 9509.423567 8855.774361
57848.2250926 9292.162653 8902.431357
57848.2252083 8811.82136 8891.873054
57848.2253241 8732.938147 9030.010121
57848.2254514 8550.650207 8835.380614
57848.2255671 8528.655747 8619.345613
57848.2256829 8563.552091 8486.814743
57848.2256944 8615.739141 8611.797392
57848.2258102 8672.765056 8744.790008
57848.2259259 8632.833565 8881.857529
57848.2260417 8578.876242 8589.906502
57848.226169 8742.957584 8920.442624
57848.2262847 8761.169625 9127.652931
57848.2263889 8818.100863 8917.818156
57848.2347222 8199.867045 8336.635014
57848.2347685 8238.121321 8338.478588
57848.2348843 8128.855626 8141.144608
57848.2350116 8203.530644 8151.730467
57848.2351273 8138.832434 8134.867611
57848.2352431 8112.967696 8277.891698
57848.2353704 8267.470141 8350.810339
57848.2354167 8162.760808 8342.432277
57848.2354861 8057.145175 8330.47543
57848.2356019 8223.644918 8310.583528
57848.2357292 8071.572573 8342.930972
57848.2358449 8113.195322 8112.314378
57848.2359606 8075.621337 8029.866349
57848.236088 8095.77079 8160.893788
57848.2361111 8097.964764 8288.267729
57848.2362037 8096.597125 8416.159645
57848.2363194 8075.107453 8260.474386
57848.2364468 8110.564791 8246.50423
57848.2365625 8368.398461 8270.220907
57848.2366782 8212.496717 8053.126659
57848.2368056 8051.900604 8152.121451
57848.2369213 8039.055447 8180.704785
57848.237037 8253.433935 8092.293124
57848.2371644 8155.813225 8130.907936
57848.2372801 8430.506753 8313.34682
57848.2373958 8330.220932 8186.140082
57848.2375 8313.965237 8205.736761
57848.2375231 8293.660117 8221.378053
57848.2376389 7992.749587 8065.218822
57848.2377546 8124.411955 8292.350363
57848.2378704 7957.094455 8104.473374
57848.2379977 8202.578281 7952.962862
57848.2381134 8526.099436 8005.583121
57848.2381944 8313.762529 8017.077667
57848.2382292 8116.466866 8033.646401
57848.2383565 7990.382531 8062.840506
57848.2384722 8168.490807 8040.238947
57848.238588 8178.177776 8036.444963
57848.2387153 7990.214534 7957.613643
57848.238831 8028.732041 8052.713744
57848.2388889 8017.05614 8008.607365
57848.2389468 8008.244079 7967.780339
57848.2390741 8373.191795 8162.569734
57848.2391898 8030.793793 8078.618852
57848.2393056 8400.734425 8048.430142
57848.2394329 8098.728804 8209.06861
57848.2395486 8485.512375 8354.983147
57848.2395833 8208.350866 8140.272156
57848.2423611 7063.510669 6778.610773
57848.2430556 7038.224246 6776.168333
57848.24375 6997.175409 6758.373849
57848.2444444 6953.166662 6737.485422
57848.2451389 6944.208801 6750.425026
57848.2479167 7892.495612 7652.690782
57848.2480324 7704.477158 7654.773355
57848.2481481 7649.959952 7772.991798
57848.2482755 7746.602039 7638.926294
57848.2483912 7687.70936 7689.753262
57848.2485069 7676.952581 7659.599495
57848.2486111 7631.98519 7666.862855
57848.2486343 7596.594627 7683.404897
57848.24875 7668.643335 7701.605924
57848.2488657 7677.393716 7637.496222
57848.2489931 7723.200315 7932.59765
57848.2491088 7691.8227 7628.931272
57848.2492245 7756.633349 7816.006914
57848.2493056 7870.541937 7988.283183
57848.2493519 7986.175482 8166.598353
57848.2494676 7992.607739 8004.539754
57848.2495833 7871.436729 7944.852685
57848.2497106 7687.116939 8110.213208
57848.2498264 7813.08781 7827.847779
57848.2499421 7891.937727 7722.12861
57848.25 7764.15777 7795.310227
57848.2500694 7643.552212 7873.112192
57848.2501852 7861.578929 7884.32627
57848.2503009 7665.700618 7715.488423
57848.2504282 7671.371679 7673.269618
57848.250544 7873.102938 8034.261374
57848.2506597 7871.045135 8198.615148
57848.2506944 7857.96635 7964.643823
57848.250787 7837.041629 7736.008149
57848.2509028 8137.526388 7889.114573
57848.2510185 8279.173131 7800.731143
57848.2511458 7856.926168 7731.599928
57848.2512616 7764.773463 7829.276544
57848.2513773 7738.554917 7760.941929
57848.2513889 7722.223454 7774.511391
57848.2514931 7701.145666 7783.302005
57848.2516204 7709.062377 7771.062854
57848.2517361 7749.186836 7733.517703
57848.2518519 7639.986385 8113.5186
57848.2519792 7620.79757 7732.532495
57848.2520833 7630.094302 7690.241266
57848.2520949 7651.020283 7659.89748
57848.2522106 7596.729927 7694.788804
57848.252338 7634.132935 7555.394077
57848.2524537 7706.939989 8024.737608
57848.2525694 7639.043972 8032.796816
57848.2526968 7572.710935 7699.981256
57848.2527778 7577.524186 7706.502764
57848.2583333 9913.510343 9930.802932
57848.2584259 9976.040612 10010.32134
57848.2585532 10251.585676 10325.426038
57848.258669 9583.608095 9535.165958
57848.2587847 9186.461591 9228.397368
57848.258912 9647.58596 9658.29238
57848.2590278 9202.747438 9118.736031
57848.2591435 9134.632153 9104.622439
57848.2592708 9391.538878 9384.136885
57848.2593866 9264.890256 9239.051043
57848.2595023 9097.943511 9106.616949
57848.2596296 9053.321888 9070.557448
57848.2597222 9145.904248 9151.411789
57848.2597454 9231.04361 9224.371128
57848.2598611 9056.407832 9062.813858
57848.2599884 9052.93251 9029.284648
57848.2601042 9167.294624 9153.970083
57848.2602199 9391.770928 9366.196404
57848.2603356 9248.32891 9202.442684
57848.2604167 9088.967243 9079.957148
57848.260463 8938.61932 8964.384637
57848.2605787 8902.247281 8912.493698
57848.2606944 9283.008178 9294.313914
57848.2608218 9553.573412 9497.315661
57848.2609375 8938.072469 8942.331262
57848.2610532 8921.197799 8915.885154
57848.2611111 9217.97645 9237.793295
57848.2638889 7459.696311 7302.099767
57848.2639236 7387.534143 7283.867952
57848.2640509 7318.067583 7263.397192
57848.2641667 7284.366825 7278.725169
57848.2642824 7231.038227 7305.519988
57848.2644097 7334.977486 7509.806043
57848.2645255 7236.56877 7333.515755
57848.2645833 7226.719469 7287.856439
57848.2646412 7220.186917 7246.041211
57848.2647569 7328.608248 7459.873557
57848.2648843 7321.706531 7193.577353
57848.265 7276.076528 7309.27457
57848.2651157 7279.068877 7230.730454
57848.2652431 7262.06561 7194.327999
57848.2652778 7245.179702 7214.159524
57848.2653588 7222.31106 7228.025422
57848.2654745 7189.269978 7221.210287
57848.2656019 7147.172295 7195.472699
57848.2657176 7191.932542 7401.420549
57848.2658333 7189.263833 7300.3892
57848.2659606 7340.81334 7275.690537
57848.2659722 7270.609855 7262.884475
57848.2660764 7206.390127 7254.888714
57848.2661921 7324.478771 7250.658624
57848.2663194 7347.440488 7231.199302
57848.2664352 7259.581841 7216.686496
57848.2665509 7287.253481 7298.433539
57848.2666667 7338.95494 7240.736455
57848.2666782 7389.828957 7182.409467
57848.266794 7233.655406 7365.332513
57848.2669097 7540.349333 7336.686737
57848.267037 7498.639554 7334.634564
57848.2671528 7246.557188 7250.926061
57848.2672685 7260.713645 7338.028454
57848.2673611 7219.68893 7235.715928
57848.2673958 7179.058404 7136.118757
57848.2675116 7150.533007 7173.760783
57848.2676273 7173.906897 7323.439612
57848.2677546 7332.509499 7324.582427
57848.2678704 7150.533654 7165.322738
57848.2679861 7144.927427 7330.796025
57848.2680556 7149.867437 7257.554701
57848.2681134 7154.321049 7185.223864
57848.2682292 7157.122766 7090.233695
57848.2683449 7096.966778 7212.103148
57848.2684722 7098.292281 7315.399656
57848.268588 7148.125569 7139.222708
57848.2687037 7195.420965 7146.078863
57848.26875 7160.195203 7222.259452
57848.2715278 8271.558889 8276.601519
57848.2715741 8301.353534 8313.697361
57848.2716898 8283.017245 8294.397817
57848.2718171 8457.59277 8453.458618
57848.2719329 8391.860853 8397.388113
57848.2720486 8247.231513 8250.010901
57848.2721759 8254.704121 8256.013148
57848.2722222 8421.083855 8433.987479
57848.2722917 8590.074873 8615.564776
57848.2724074 8245.493608 8252.57864
57848.2725347 8259.722393 8293.452002
57848.2726505 8674.53253 8625.78932
57848.2727662 8278.069512 8283.429887
57848.2728935 8297.113976 8320.007031
57848.2729167 8251.606841 8264.654439
57848.2730093 8207.251483 8210.67413
57848.273125 8161.754843 8168.102591
57848.2732523 8439.292636 8430.180381
57848.2733681 8211.314142 8220.626975
57848.2734838 8294.190413 8272.784539
57848.2736111 8422.906881 8384.966956
57848.2737269 8205.362025 8219.577521
57848.2738426 8319.761786 8278.597909
57848.2739583 8517.489975 8455.665941
57848.2740856 8136.060255 8128.315375
57848.2742014 8311.603554 8319.658171
57848.2743056 8201.224578 8205.832566
57848.2770833 7152.162741 7139.370861
57848.2771875 7265.935046 7105.125403
57848.2773148 6922.394513 6974.897909
57848.2774306 7038.639838 7085.399316
57848.2775463 6978.818657 6965.902874
57848.2776736 7691.494013 7106.659822
57848.2777778 7318.694908 7024.426854
57848.2777894 6980.427001 6944.275017
57848.2779051 6983.471919 7021.131342
57848.2780324 6968.614957 6978.227073
57848.2781481 7012.581912 7249.198883
57848.2782639 6925.410951 6941.268398
57848.2783796 7043.35834 7103.21442
57848.2784722 7060.372415 7060.374206
57848.2785069 7075.40485 7015.971261
57848.2786227 7126.323127 7059.318997
57848.2787384 7243.868722 7005.323981
57848.2788657 6875.118032 6998.557964
57848.2789815 6871.370031 6946.032318
57848.2790972 7129.833724 7011.576024
57848.2791667 7089.249035 6996.740556
57848.2792245 7052.809625 6985.645597
57848.2793403 7026.092531 6952.729077
57848.279456 7027.097571 7018.850212
57848.2795833 7404.469942 7268.371578
57848.2796991 6979.263867 7046.814004
57848.2798148 6941.307005 6983.332097
57848.2798611 7029.369438 7046.099167
57848.2799421 7118.369874 7108.68022
57848.2800579 7666.678526 8415.67739
57848.2801736 6990.022237 7239.840481
57848.2803009 7305.344092 6993.477272
57848.2804167 6997.351558 7012.151721
57848.2805324 6978.625801 7258.408766
57848.2805556 6964.085913 7196.137229
57848.2806597 6948.547959 7133.8188
57848.2807755 7175.027922 7234.910251
57848.2808912 6903.397833 7177.50112
57848.2810185 7072.089199 7070.869469
57848.2811343 7239.404163 7483.926012
57848.28125 6924.509183 6886.132156
57848.2813773 6983.87652 7255.079435
57848.2814931 7190.102748 6956.819472
57848.2816088 7006.20856 7227.366484
57848.2817361 6970.762733 7282.980262
57848.2818519 7015.387103 7366.414427
57848.2819444 7063.625191 7237.534073
57848.2847222 8732.767731 8724.148477
57848.284838 7717.995555 7735.771459
57848.2849537 7647.33824 7646.2106
57848.285081 7675.82754 7696.619873
57848.2851968 7966.294363 7960.871328
57848.2853125 7756.273719 7779.975184
57848.2854167 7699.386388 7700.854109
57848.2854398 7657.198813 7637.097171
57848.2855556 7657.482612 7671.130259
57848.2856713 8151.166242 8153.785157
57848.2857986 7733.687766 7777.675316
57848.2859144 7666.093837 7651.05077
57848.2860301 7902.55576 7994.613617
57848.2861111 7887.480165 7944.965051
57848.2861574 7852.378692 7875.80835
57848.2862731 7627.877615 7627.405358
57848.2863889 7666.493161 7661.318141
57848.2865162 7755.191622 7724.151341
57848.2866319 7635.19312 7637.756698
57848.2867477 7573.83417 7598.549919
57848.2868056 9429.201127 9460.276931
57848.286875 12553.623402 12595.67095
57848.2869907 9771.600543 9764.398635
57848.2871065 7868.39087 7891.759638
57848.2872222 9497.893578 9498.472463
57848.2873495 11520.063387 11579.917914
57848.2874653 7825.429001 7896.021638
57848.2875 7825.424512 7852.637022
57848.2902778 6687.816393 6722.18565
57848.2903356 6627.568601 6644.379465
57848.2904514 6867.56821 6897.618715
57848.2905787 6635.380873 6680.193783
57848.2906944 6700.900709 6790.284029
57848.2908102 7163.953152 7134.203871
57848.2909375 6611.297709 6634.132887
57848.2909722 6627.442088 6663.428684
57848.2910532 6645.550569 6694.88607
57848.291169 6645.368509 6695.040058
57848.2912963 6735.358603 6799.09818
57848.291412 6620.303294 6902.746954
57848.2915278 6773.682928 6665.105481
57848.2916435 6793.635507 6651.171839
57848.2916667 6713.006002 6644.015233
57848.2917708 6630.645018 6633.224027
57848.2918866 6669.673948 6639.223331
57848.2920023 6626.461316 6665.093759
57848.2921296 6666.966757 6603.614427
57848.2922454 6783.778213 6683.510565
57848.2923611 6657.811652 6710.791001
57848.2924884 6606.799859 6909.050988
57848.2926042 6626.010742 6778.428604
57848.2927199 6631.23112 6621.927019
57848.2928472 6619.325509 6669.97164
57848.292963 6680.064652 6688.15167
57848.2930556 6708.814781 6686.895525
57848.2930787 6735.061831 6682.93355
57848.293206 6631.650097 6777.94527
57848.2933218 6717.404928 6779.869876
57848.2934375 6807.331551 6757.704955
57848.2935648 6945.293966 6749.165721
57848.2936806 6645.785013 6674.617539
57848.29375 6631.481186 6673.277066
57848.2937963 6615.286703 6669.969205
57848.2939236 6801.150434 6998.723717
57848.2940394 6801.409741 6688.173415
57848.2941551 6651.281553 6969.988292
57848.2942824 6900.304113 7013.40464
57848.2943981 6642.417711 6675.689239
57848.2944444 6715.883821 6761.985722
57848.2945139 6791.884462 6851.449752
57848.2946412 6628.414637 6633.548963
57848.2947569 6631.196572 6692.031308
57848.2948727 6644.481762 6662.710899
57848.295 6682.124989 6628.085603
57848.2951157 6686.568687 6660.121726
57848.2951389 6663.277372 6635.286726
57848.2979167 7388.203887 7378.157418
57848.2979861 7318.831365 7319.12361
57848.2981019 7389.07346 7402.876961
57848.2982176 7523.148202 7548.848497
57848.2983449 7310.903643 7317.638373
57848.2984606 7387.184034 7402.20778
57848.2985764 7281.11919 7282.032872
57848.2986111 7271.911439 7272.043269
57848.2987037 7260.841 7260.194377
57848.2988194 7326.0928 7314.180326
57848.2989352 7332.084038 7308.025334
57848.2990625 7252.480962 7248.880359
57848.2991782 7320.462692 7303.683044
57848.299294 7339.584851 7350.837882
57848.2993056 7289.508339 7289.480949
57848.2994213 7245.715098 7234.717816
57848.299537 7390.110612 7393.195552
57848.2996528 7339.411563 7351.657784
57848.2997801 7303.830024 7297.472251
57848.2998958 7520.393173 7525.190323
57848.3 7511.286275 7519.724624
57848.3000116 7497.201696 7509.259485
57848.3001389 7253.755244 7246.734589
57848.3002546 7549.343444 7573.363047
57848.3003704 7257.841821 7243.426428
57848.3004861 7247.292044 7259.801569
57848.3006134 7242.811825 7227.032593
57848.3006944 7302.640938 7292.413568
57848.3111111 6550.517989 6543.164576
57848.3111227 6455.609025 6436.295675
57848.31125 6462.716132 6433.249257
57848.3113657 6388.623445 6399.569245
57848.3114815 6376.988387 6372.186544
57848.3116088 6384.165756 6371.10989
57848.3117245 6438.10569 6433.4278
57848.3118056 6393.308647 6404.146884
57848.3118403 6342.638012 6368.610079
57848.3119676 6404.753798 6410.641463
57848.3120833 6456.38143 6393.826842
57848.3121991 6441.842547 6368.054904
57848.3123264 6346.870824 6395.027553
57848.3124421 6408.278918 6448.36744
57848.3125 6421.16241 6469.81454
57848.3125579 6444.826929 6502.246163
57848.3126852 6426.800864 6405.562331
57848.3128009 6371.312124 6919.856607
57848.3129167 6361.527111 6386.790506
57848.313044 6425.833044 6559.150333
57848.3131597 6564.392881 6616.540933
57848.3131944 6487.625736 6516.102718
57848.3132755 6403.323887 6409.379837
57848.3134028 6337.773225 6476.713017
57848.3135185 6477.739306 6371.612022
57848.3136343 6313.449686 6387.111763
57848.3137616 6612.212912 6461.670688
57848.3138773 6385.385597 6472.005292
57848.3138889 6521.475206 6655.669913
57848.3166667 6915.941927 6917.957021
57848.3167477 6946.003745 6958.187796
57848.3168634 6918.685769 6922.694097
57848.3169792 6917.446669 6914.576226
57848.3171065 6895.939702 6900.544427
57848.3172222 6927.571469 6934.851572
57848.317338 7233.934559 7234.790736
57848.3173611 7062.790385 7067.635419
57848.3174653 6901.387841 6909.865125
57848.317581 7027.136912 7029.166268
57848.3176968 6878.174138 6866.105807
57848.3178241 6905.710536 6912.609857
57848.3179398 6855.660867 6840.897144
57848.3180556 6949.150179 6933.509047
57848.3181829 6914.754804 6918.952034
57848.3182986 6936.07536 6948.000623
57848.3184144 6869.00711 6871.169354
57848.3185301 6913.193538 6932.723001
57848.3186574 6900.616466 6888.801777
57848.31875 6893.029011 6897.678488
57848.3187731 6878.830311 6899.919912
57848.3188889 6919.621922 6917.876577
57848.3190162 6861.334827 6857.68218
57848.3191319 6903.419465 6922.313026
57848.3192477 6979.044642 6953.257149
57848.319375 6830.806936 6844.838792
57848.3194444 6828.987882 6836.117964
57848.3194907 6832.462495 6832.703063
57848.3196065 6856.188626 6852.965672
57848.3197338 6804.937204 6802.064161
57848.3198495 7053.776851 7063.644789
57848.3199653 7151.352319 7115.625608
57848.3200926 7788.980443 7888.129439
57848.3201389 7481.322311 7527.416788
57848.3202083 7189.318327 7190.531939
57848.3203241 7019.448924 7051.993655
57848.3204514 7085.317237 7088.652117
57848.3205671 6856.148175 6879.780887
57848.3206829 7178.3524 7193.599465
57848.3208102 6814.064003 6813.212571
57848.3208333 6800.151151 6800.546746
57848.3209259 6795.389774 6797.027332
57848.3210417 6791.58538 6793.776273
57848.321169 6905.910432 6879.999425
57848.3212847 6784.233455 6804.077132
57848.3214005 6814.280641 6816.649661
57848.3215278 6810.045079 6818.619207
57848.3243056 6549.151125 6495.070291
57848.3243866 6696.225525 6458.36961
57848.3245139 6306.058795 6348.276564
57848.3246296 6371.97693 6463.847748
57848.3247454 6414.435115 6416.184012
57848.3248727 6485.969978 6306.100787
57848.3249884 6817.644008 6766.631542
57848.325 6603.73891 6585.151718
57848.3251042 6400.311392 6410.604835
57848.3252315 6597.386554 6402.704366
57848.3253472 6557.074943 6377.973825
57848.325463 6369.728139 6361.098235
57848.3255903 7002.995532 7528.402443
57848.3256944 6674.570048 6916.382327
57848.325706 6376.603733 6397.315127
57848.3258218 6658.217087 6576.656135
57848.3259491 6486.569075 6394.628344
57848.3260648 6573.595603 6451.752054
57848.3261806 6578.09304 6766.525547
57848.3263079 6530.386697 6616.358669
57848.3263889 6493.319103 6534.832601
57848.3264236 6457.729074 6456.341594
57848.3265394 6527.646677 6344.968944
57848.3266667 6498.619172 6497.996347
57848.3267824 6387.762021 6795.758262
57848.3268981 6957.955147 6892.955415
57848.3270255 6403.040063 6402.25665
57848.3270833 6518.649974 6485.01915
57848.3298611 6877.367069 6861.857172
57848.3298843 6731.173804 6730.078696
57848.3300116 6737.44176 6724.170886
57848.3301273 6795.501215 6802.895853
57848.3302431 6860.288668 6835.690461
57848.3303704 7042.626254 7006.991237
57848.3304861 6774.678705 6764.011446
57848.3305556 6944.675624 6938.011393
57848.3306019 7127.845572 7125.624698
57848.3307292 6914.990079 6944.486285
57848.3308449 7149.059979 7182.011774
57848.3309606 7713.754466 7719.735995
57848.331088 6832.8993 6864.660908
57848.3312037 6754.066676 6751.208099
57848.33125 6813.316361 6833.949813
57848.3313194 6870.594822 6915.698127
57848.3314468 6993.423318 7017.975865
57848.3315625 6700.410436 6699.048885
57848.3316782 6771.533391 6780.014292
57848.3318056 6842.607711 6843.155114
57848.3319213 6741.479281 6726.120175
57848.3319444 7246.368149 7284.83815
57848.332037 7830.132413 7941.919644
57848.3321528 6741.160308 6708.572008
57848.3322801 6880.141086 6883.010519
57848.3323958 7893.648476 7978.898441
57848.3325116 6678.874534 6670.575669
57848.3326389 7211.746313 7185.391135
57848.3327546 6644.507467 6661.353224
57848.3328704 6655.97196 6664.039794
57848.3329977 7352.871525 7348.005346
57848.3331134 7054.673812 7080.914515
57848.3332292 6639.468872 6630.343397
57848.3333333 6757.920985 6741.655974
57848.3333565 6879.427386 6855.524709
57848.3334722 6771.344467 6801.311463
57848.333588 6799.545231 6802.999412
57848.3337153 6942.880585 6926.289915
57848.333831 6702.557274 6723.570419
57848.3339468 6883.106921 6899.107682
57848.3340278 6911.319748 6938.562411
57848.3340741 6936.447734 6975.140462
57848.3341898 6701.166259 6684.362062
57848.3343056 7771.974932 7878.207511
57848.3344329 6696.365741 6736.666251
57848.3345486 6671.523934 6687.735078
57848.3346644 8644.762409 8735.693126
57848.3347222 7913.255627 7995.05158
57848.3375 6394.411867 6484.028311
57848.3375347 6462.351589 6619.925777
57848.3376505 6305.052531 6355.337718
57848.3377778 6298.434072 6247.08553
57848.3378935 6324.664599 6375.092961
57848.3380093 6411.940399 6442.772616
57848.3381366 6324.587831 6301.057338
57848.3381944 6353.164457 6319.594794
57848.3382523 6384.361779 6340.583066
57848.3383681 6240.701384 6194.862693
57848.3384954 6409.791586 6484.316655
57848.3386111 6351.803345 6280.071899
57848.3387269 6386.186203 6282.442866
57848.3388542 6334.155208 6367.152591
57848.3388889 6353.424065 6344.639638
57848.3389699 6373.98933 6323.470139
57848.3390856 6519.039318 6377.118803
57848.339213 6557.328596 6534.015696
57848.3393287 6338.182489 6499.318887
57848.3394444 6407.772905 6645.196589
57848.3395718 6243.532674 6441.581563
57848.3395833 6293.671283 6363.065141
57848.3396875 6338.988356 6280.950438
57848.3398032 6300.90133 6308.63297
57848.3399306 6295.236871 6225.290424
57848.3400463 6853.573779 6676.088087
57848.340162 6327.400842 6282.993071
57848.3402778 6446.348133 6407.903432
57848.3430556 6612.005768 6623.334512
57848.3431481 6658.152434 6680.401871
57848.3432755 6682.111706 6692.098772
57848.3433912 6606.960765 6619.148841
57848.3435069 6632.479287 6618.509588
57848.3436343 6567.564744 6566.641844
57848.34375 6574.22471 6569.714431
57848.3438657 6819.821826 6827.282367
57848.3439931 6586.905304 6584.787256
57848.3441088 7025.467858 7053.384992
57848.3442245 6570.43388 6567.698533
57848.3443519 6781.260164 6799.829048
57848.3444444 6722.540215 6735.643828
57848.3444676 6673.531519 6681.361463
57848.3445833 6568.159117 6556.69845
57848.3447106 6577.063108 6579.316722
57848.3448264 6645.395763 6683.73051
57848.3449421 6589.763828 6575.001584
57848.3450694 6563.658168 6556.849398
57848.3451389 6563.942076 6561.97701
57848.3451852 6566.745083 6569.630254
57848.3453009 6684.90136 6696.276748
57848.3454167 6633.249766 6635.313184
57848.345544 6627.676854 6636.492612
57848.3456597 6570.739366 6577.713842
57848.3457755 6768.557005 6773.618217
57848.3458333 6715.470895 6718.293145
57848.3459028 6653.206218 6653.861463
57848.3460185 6786.716066 6789.862435
57848.3461343 6862.098372 6807.286803
57848.3462616 7074.360114 7024.900576
57848.3463773 6589.713083 6584.770606
57848.3464931 6610.096981 6609.075708
57848.3465278 6579.926915 6577.493256
57848.3466204 6556.519179 6552.693155
57848.3467361 6854.041908 6846.233232
57848.3468519 6599.616018 6579.659445
57848.3469792 6820.966226 6844.524951
57848.3470949 6832.856606 6829.129834
57848.3472106 6759.044923 6765.055742
57848.3472222 6680.391873 6679.291338
57848.347338 6605.53469 6597.659842
57848.3474537 7040.342436 7035.059179
57848.3475694 6581.13642 6594.179452
57848.3476968 6671.442832 6680.452876
57848.3478125 6638.682189 6640.726527
57848.3479167 6658.342406 6662.508843
57848.3534722 6685.112492 6686.333426
57848.3535532 6788.687288 6786.652815
57848.353669 6722.617208 6709.504231
57848.3537847 6682.718162 6663.379732
57848.353912 6555.896811 6562.238369
57848.3540278 6609.959981 6615.569896
57848.3541435 6678.533759 6671.807892
57848.3541667 6839.275475 6833.386916
57848.3542593 7023.368599 7018.401325
57848.3543866 6721.619081 6710.981383
57848.3545023 6734.527487 6713.388253
57848.3546181 6641.234449 6629.108375
57848.3547454 6591.334666 6597.850737
57848.3548611 6573.899494 6576.396986
57848.3549769 6689.738314 6724.900293
57848.3551042 6683.150566 6701.516984
57848.3552199 6549.014554 6556.302061
57848.3553356 6763.389245 6777.852855
57848.355463 6570.138235 6568.634979
57848.3555556 6573.558979 6575.416284
57848.3555787 6575.689204 6580.918828
57848.3556944 6599.634471 6594.685558
57848.3558218 6725.401449 6722.105564
57848.3559375 6753.007487 6767.389253
57848.3560532 6516.373379 6514.826919
57848.3561806 6593.263155 6589.700622
57848.35625 6571.852593 6570.262037
57848.3562963 6552.088202 6552.447573
57848.356412 6565.122768 6565.097863
57848.3565394 6542.507302 6545.241654
57848.3566551 6525.487801 6532.831566
57848.3567708 6686.407103 6669.58919
57848.3568981 6781.465428 6769.482459
57848.3569444 7076.412134 7054.212048
57848.3570139 7399.255056 7365.006219
57848.3571296 6675.939822 6661.936731
57848.3572569 6612.124725 6607.617229
57848.3573727 6491.960594 6490.253169
57848.3574884 6505.85566 6498.586592
57848.3576157 6542.485152 6535.47648
57848.3576389 6530.348008 6526.286187
57848.3577315 6524.482758 6523.348782
57848.3578472 6516.417425 6510.309186
57848.3579745 6574.808511 6573.27525
57848.3580903 6638.053688 6636.976945
57848.358206 6675.624414 6655.071687
57848.3583333 6659.153159 6724.296425
57848.3604167 6532.242872 6534.52162
57848.3604745 6526.523486 6512.778755
57848.3606019 6494.643174 6497.617865
57848.3607176 6538.907895 6543.344304
57848.3608333 6674.340607 6677.817342
57848.3609606 6889.751399 6961.650985
57848.3610764 6984.906776 7021.668234
57848.3611111 6758.318532 6774.823399
57848.3611921 6541.27687 6540.057192
57848.3613194 6829.298713 6874.622571
57848.3614352 6491.453415 6501.889126
57848.3615509 6749.613869 6717.184746
57848.3616782 7042.491074 7045.711857
57848.361794 6585.358716 6614.422966
57848.3618056 6598.657097 6620.051206
57848.3619097 6621.723391 6635.413748
57848.362037 6627.781586 6644.862876
57848.3621528 6529.946615 6527.393499
57848.3622685 6492.137256 6496.04757
57848.3623958 6668.56972 6689.927268
57848.3625 6600.118376 6631.084478
57848.3625116 6526.184329 6566.336207
57848.3626273 6643.067047 6611.536981
57848.3627546 6496.214795 6498.118932
57848.3628704 6528.493573 6503.111186
57848.3629861 6513.908217 6517.472963
57848.3631134 6573.902681 6537.301102
57848.3631944 6550.805123 6530.08918
57848.3632292 6526.327471 6521.360326
57848.3633449 6532.12763 6540.788034
57848.3634606 6497.38916 6499.135613
57848.363588 6495.528613 6512.668347
57848.3637037 6499.489368 6500.834882
57848.3638194 6578.99635 6585.600046
57848.3638889 6540.134111 6551.941799
57848.3639468 6501.561972 6518.464113
57848.3640625 6477.12438 6469.218268
57848.3641782 6471.077702 6477.678032
57848.3643056 6513.99707 6499.523557
57848.3644213 6490.802693 6473.996234
57848.364537 6501.387841 6501.021103
57848.3645833 6483.488811 6480.750038
57848.3646644 6470.156103 6465.067109
57848.3647801 6582.267824 6583.616679
57848.3648958 6577.7049 6574.667732
57848.3650231 6698.310692 6693.953853
57848.3651389 6492.392764 6485.81338
57848.3652546 6452.923921 6450.002848
57848.3652778 6603.831829 6602.724854
57848.3673611 6710.021778 6694.545613
57848.3674074 6688.790712 6696.480419
57848.3675347 6879.990248 6928.426668
57848.3676505 6625.689709 6621.347393
57848.3677662 6568.449056 6564.232712
57848.3678819 6649.727808 6665.540664
57848.3680093 6656.608092 6660.801744
57848.3680556 6616.654487 6622.488475
57848.368125 6573.732614 6581.163687
57848.3682407 6508.382018 6509.774657
57848.3683681 6535.383768 6527.209865
57848.3684838 6525.806253 6516.847656
57848.3685995 6576.550907 6569.493818
57848.3687269 6558.807103 6561.709921
57848.36875 6533.291387 6537.90139
57848.3688426 6513.115998 6519.413466
57848.3689583 6623.674235 6619.852721
57848.3690856 6528.646219 6530.107004
57848.3692014 6516.035912 6511.004584
57848.3693171 6508.14163 6509.557539
57848.3694444 6528.957894 6530.44917
57848.3695602 6617.658744 6623.409674
57848.3696759 6515.685939 6512.404835
57848.3698032 6632.201381 6625.958008
57848.369919 6526.368304 6532.449977
57848.3700347 6514.085359 6510.930994
57848.3701389 6508.157882 6506.05106
57848.370162 6499.830774 6498.769504
57848.3702778 6495.339314 6499.353582
57848.3703935 6511.47839 6517.253824
57848.3705208 6471.639297 6467.747183
57848.3706366 6475.431652 6479.904252
57848.3707523 6462.122953 6459.392401
57848.3708333 6463.587979 6462.925882
57848.3708796 6471.689163 6473.103891
57848.3709954 6498.452483 6497.251216
57848.3711111 6480.074959 6473.159214
57848.3712384 6471.685832 6471.766655
57848.3713542 6454.100302 6455.251558
57848.3714699 6499.10609 6488.716025
57848.3715278 6477.405308 6471.783072
57848.3715972 6455.880349 6454.96844
57848.371713 6460.336516 6459.772052
57848.3718287 6477.484796 6477.598966
57848.371956 6463.305352 6465.660041
57848.3720718 6495.430898 6498.637628
57848.3721875 6470.063923 6466.831997
57848.3722222 6471.937205 6472.476621
57848.3743056 6488.024469 6492.846701
57848.3743403 6442.089212 6441.605846
57848.374456 6451.843435 6449.54999
57848.3745833 6574.633991 6600.743371
57848.3746991 6449.622716 6460.582461
57848.3748148 6433.140074 6432.786502
57848.3749421 6425.872914 6422.654892
57848.375 6472.629097 6460.081199
57848.3750579 6520.261472 6498.133416
57848.3751736 6483.071766 6467.662866
57848.3753009 6474.608063 6476.021244
57848.3754167 6479.542632 6475.346081
57848.3755324 6429.761168 6427.811203
57848.3756597 6455.551197 6458.354067
57848.3756944 6460.705994 6459.232248
57848.3757755 6467.023377 6461.262877
57848.3758912 6516.584742 6497.166654
57848.3760185 6517.683378 6520.368338
57848.3761343 6476.558949 6457.184087
57848.37625 6430.546403 6432.502886
57848.3763773 6478.90536 6466.021105
57848.3763889 6451.767358 6446.336312
57848.3764931 6424.191791 6426.106187
57848.3766088 6441.420695 6429.200553
57848.3767245 6453.914755 6446.72394
57848.3768519 6433.114303 6432.575312
57848.3769676 6487.786184 6498.659776
57848.3770833 6421.478156 6419.84239
57848.3772106 6441.675508 6440.818588
57848.3773264 6454.971381 6455.408356
57848.3774421 6439.852721 6450.99561
57848.3775694 6512.553204 6523.563035
57848.3776852 6519.477097 6512.477683
57848.3777778 6491.968705 6495.776003
57848.3778009 6460.365211 6474.817793
57848.3779282 6441.659465 6446.076726
57848.378044 6435.274733 6441.347526
57848.3781597 6430.697714 6431.428681
57848.378287 6433.246194 6426.679373
57848.3784028 6454.069864 6466.362304
57848.3784722 6481.34219 6484.306996
57848.3805556 6412.790863 6405.956438
57848.3806713 6412.434226 6403.517995
57848.3807986 6368.891851 6367.145777
57848.3809144 6382.234115 6378.300327
57848.3810301 6372.500484 6375.356152
57848.3811458 6371.899564 6372.154304
57848.38125 6386.340413 6383.2545
57848.3812731 6398.377227 6391.927674
57848.3813889 6379.313876 6392.559701
57848.3815046 6369.551277 6366.806329
57848.3816319 6494.301464 6528.530454
57848.3817477 6360.530004 6362.540421
57848.3818634 6379.539367 6373.441881
57848.3819444 6374.218351 6372.483329
57848.3819907 6370.700979 6373.322162
57848.3821065 6378.986966 6375.803362
57848.3822222 6376.150359 6380.367971
57848.3823495 6433.893439 6429.328041
57848.3824653 6405.972953 6418.119711
57848.382581 6373.165184 6366.259342
57848.3826389 6377.370605 6375.367564
57848.3827083 6383.068822 6385.988861
57848.3828241 6382.975374 6380.040215
57848.3829398 6421.014806 6403.837065
57848.3830671 6385.613186 6385.508645
57848.3831829 6411.298954 6402.867963
57848.3832986 6439.228252 6430.54493
57848.3833333 6444.653885 6457.336459
57848.3834259 6445.747628 6479.974041
57848.3835417 6391.251328 6388.054271
57848.3836574 6385.503948 6400.552039
57848.3837847 6432.092933 6437.438919
57848.3839005 6375.949755 6375.138184
