57848.1034722 212.541821706 0.0 185.843112161 0.0
57848.1041667 212.23608516 0.0 185.262186973 0.0
57848.1048611 211.942163147 0.0 184.953486606 0.0
57848.1055556 211.322367148 0.0 184.630202536 0.0
57848.10625 211.242459329 0.0 184.566885071 0.0
57848.1069444 210.940996243 0.0 184.16536894 0.0
57848.1076389 210.959465547 0.0 184.137159494 0.0
57848.1083333 210.558934589 0.0 183.720567039 0.0
57848.1090278 210.608271812 0.0 183.727635798 0.0
57848.1097222 210.36146998 0.0 183.317197243 0.0
57848.1104167 210.095834657 0.0 183.260512889 0.0
57848.1111111 210.521924083 0.0 183.854826977 0.0
57848.1118056 210.608271812 0.0 183.713498009 0.0
57848.1125 209.984538701 0.0 182.998119357 0.0
57848.1131944 209.73700291 0.0 182.856128244 0.0
57848.1138889 209.860807302 0.0 182.976827715 0.0
57848.1145833 209.41476895 0.0 182.422372745 0.0
57848.1152778 208.880752658 0.0 182.29418211 0.0
57848.1159722 209.222431814 0.0 182.742455918 0.0
57848.1166667 208.631907261 0.0 182.23717955 0.0
57848.1173611 208.631907261 0.0 182.037530025 0.0
57848.1180556 208.582102556 0.0 182.080330495 0.0
57848.11875 208.81856911 0.0 182.393893723 0.0
57848.1194444 208.737702803 0.0 182.215798993 0.0
57848.1201389 208.92427013 0.0 182.386773273 0.0
57848.1208333 208.880752658 0.0 182.101726958 0.0
57848.1368056 206.284383203 0.0 179.740072067 0.0
57848.1375 206.013490921 0.0 179.429109107 0.0
57848.1381944 205.540149963 0.0 178.791033797 0.0
57848.1388889 205.666480737 0.0 178.820086614 0.0
57848.1395833 204.939015319 0.0 178.398357689 0.0
57848.1402778 205.401096369 0.0 178.776505618 0.0
57848.1409722 205.110043319 0.0 178.572987006 0.0
57848.1416667 205.223982801 0.0 178.994304487 0.0
57848.1423611 207.883583805 0.0 179.001559886 0.0
57848.1430556 208.276788863 0.0 179.429109107 0.0
57848.14375 208.06467526 0.0 179.631657754 0.0
57848.1444444 208.120844017 0.0 179.68225924 0.0
57848.16875 236.599283133 0.0 206.674347016 0.0
57848.1694444 235.051804182 0.0 204.831257761 0.0
57848.1701389 234.265916173 0.0 204.081725417 0.0
57848.1708333 233.282616628 0.0 203.654915667 0.0
57848.1715278 232.680595969 0.0 202.92663891 0.0
57848.1722222 232.446055744 0.0 202.734552312 0.0
57848.1729167 232.183313158 0.0 202.304900404 0.0
57848.1736111 231.741010837 0.0 201.900065289 0.0
57848.1743056 231.404520155 0.0 201.603957908 0.0
57848.175 230.561144945 0.0 200.648299917 0.0
57848.1756944 230.566777661 0.0 200.667716555 0.0
57848.1763889 229.522372505 0.0 200.051941307 0.0
57848.1770833 229.380871948 0.0 199.655547537 0.0
57848.1777778 228.518662741 0.0 198.533585107 0.0
57848.1784722 228.711807542 0.0 199.004013534 0.0
57848.1791667 227.995215261 0.0 197.963659265 0.0
57848.1798611 227.687413885 0.0 197.989898732 0.0
57848.1805556 227.28207773 0.0 197.648513946 0.0
57848.18125 226.944698338 0.0 197.240706001 0.0
57848.1819444 226.853119137 0.0 197.069438616 0.0
57848.1826389 226.761502951 0.0 196.990341908 0.0
57848.1833333 226.073198122 0.0 196.025442293 0.0
57848.1840278 226.308604378 0.0 196.343192779 0.0
57848.1847222 226.050218533 0.0 196.48204703 0.0
57848.1854167 226.021490761 0.0 196.243951019 0.0
57848.1861111 225.394315373 0.0 195.268712624 0.0
57848.1868056 224.990620295 0.0 194.742587342 0.0
57848.1875 224.68448296 0.0 194.635857136 0.0
57848.1881944 224.13469976 0.0 194.148156039 0.0
57848.1888889 224.279510213 0.0 194.208349761 0.0
57848.1895833 223.908608443 0.0 193.853606567 0.0
57848.1902778 223.397613028 0.0 193.451225438 0.0
57848.1909722 222.669751385 0.0 192.89321452 0.0
57848.1916667 222.844654995 0.0 192.973990576 0.0
57848.1923611 222.879619246 0.0 193.108542253 0.0
57848.1930556 222.996127158 0.0 193.229558654 0.0
57848.19375 223.194051031 0.0 193.464651625 0.0
57848.1944444 223.438303173 0.0 193.451225438 0.0
57848.1951389 222.553072614 0.0 192.455088369 0.0
57848.1958333 222.307847861 0.0 192.610231552 0.0
57848.1965278 222.745559811 0.0 192.980720388 0.0
57848.1972222 222.255264499 0.0 192.7113446 0.0
57848.1979167 221.541236524 0.0 191.826490865 0.0
57848.1986111 275.289693931 0.0 241.338260216 0.0
57848.1993056 271.039365522 0.0 238.811994739 0.0
57848.2 269.366741745 0.0 237.333673817 0.0
57848.2006944 268.076360511 0.0 236.192745416 0.0
57848.2013889 266.920874505 0.0 235.200936477 0.0
57848.2020833 265.383819078 0.0 233.488507462 0.0
57848.2027778 264.388537386 0.0 232.753143854 0.0
57848.2034722 263.719646496 0.0 231.953869126 0.0
57848.2041667 262.831732256 0.0 231.426968088 0.0
57848.2048611 261.031918235 0.0 230.138298342 0.0
57848.2055556 260.778056602 0.0 229.35256136 0.0
57848.20625 259.875094873 0.0 228.313978388 0.0
57848.2069444 258.682978019 0.0 226.898913358 0.0
57848.2076389 257.666854275 0.0 225.854797625 0.0
57848.2083333 256.899596336 0.0 225.255987135 0.0
57848.2090278 255.358164561 0.0 223.809984341 0.0
57848.2097222 254.323651044 0.0 222.7630504 0.0
57848.2104167 253.064336566 0.0 221.599849969 0.0
57848.2111111 252.709987263 0.0 221.118761062 0.0
57848.2118056 251.628462454 0.0 220.265483263 0.0
57848.2125 250.935910481 0.0 219.556814527 0.0
57848.2131944 250.257010748 0.0 218.946711183 0.0
57848.2138889 249.06578696 0.0 218.394376979 0.0
57848.2145833 248.423601363 0.0 217.763126403 0.0
57848.2152778 247.023843426 0.0 216.417105693 0.0
57848.2159722 246.69240535 0.0 216.555082822 0.0
57848.2166667 246.307800257 0.0 215.755994936 0.0
57848.2173611 245.3092403 0.0 214.542703042 0.0
57848.2180556 245.097383243 0.0 214.566915061 0.0
57848.21875 243.99276123 0.0 213.401639498 0.0
57848.2194444 243.523912797 0.0 213.322510548 0.0
57848.2201389 242.572789986 0.0 212.040182421 0.0
57848.2208333 242.685195049 0.0 212.327852349 0.0
57848.2215278 242.503179789 0.0 211.92990755 0.0
57848.2222222 242.529955306 0.0 212.199367173 0.0
57848.2229167 242.10119168 0.0 211.837967974 0.0
57848.2236111 241.811346452 0.0 211.408387945 0.0
57848.2243056 240.729411063 0.0 210.163819838 0.0
57848.225 240.589103833 0.0 210.386163191 0.0
57848.2256944 240.583705767 0.0 210.312074858 0.0
57848.2263889 240.57830758 0.0 210.213249796 0.0
57848.2270833 240.529718444 0.0 209.978353863 0.0
57848.2277778 240.183912218 0.0 209.501573003 0.0
57848.2284722 238.490926616 0.0 208.694146428 0.0
57848.2291667 238.120344997 0.0 208.557195743 0.0
57848.2298611 237.20778332 0.0 207.708587071 0.0
57848.2305556 237.114690864 0.0 207.602267085 0.0
57848.23125 236.516933306 0.0 206.88788607 0.0
57848.2319444 236.582815461 0.0 206.912993823 0.0
57848.2326389 235.476857991 0.0 205.710678179 0.0
57848.2333333 235.476857991 0.0 205.88737307 0.0
57848.2340278 234.260372402 0.0 204.761502063 0.0
57848.2347222 233.527439362 0.0 203.941677428 0.0
57848.2354167 233.899745423 0.0 204.463186919 0.0
57848.2361111 233.293750508 0.0 203.361363479 0.0
57848.2368056 232.931627001 0.0 203.34220405 0.0
57848.2375 232.278382019 0.0 202.779388794 0.0
57848.2381944 231.853065875 0.0 202.12507379 0.0
57848.2388889 231.757822547 0.0 202.266379588 0.0
57848.2395833 231.499908838 0.0 201.803556274 0.0
57848.2402778 232.127372111 0.0 202.356250084 0.0
57848.2409722 212.407351843 0.0 184.257019814 0.0
57848.2416667 212.615133058 0.0 184.271115902 0.0
57848.2423611 212.32173577 0.0 184.101891608 0.0
57848.2430556 212.181005796 0.0 184.010163469 0.0
57848.24375 212.174884984 0.0 184.073672433 0.0
57848.2444444 211.592600465 0.0 183.685219167 0.0
57848.2451389 211.90539423 0.0 183.826569876 0.0
57848.2458333 211.660104885 0.0 183.64986449 0.0
57848.2465278 220.306751905 0.0 191.60972239 0.0
57848.2472222 228.620936197 0.0 199.251847423 0.0
57848.2479167 228.325354555 0.0 198.977907799 0.0
57848.2486111 227.801462887 0.0 198.311050442 0.0
57848.2493056 227.664597228 0.0 198.101377694 0.0
57848.25 227.721634583 0.0 198.396166699 0.0
57848.2506944 227.835666455 0.0 198.644758954 0.0
57848.2513889 227.190634524 0.0 197.78645181 0.0
57848.2520833 226.612547652 0.0 197.155090906 0.0
57848.2527778 226.876017403 0.0 197.464446907 0.0
57848.2534722 226.337295708 0.0 196.759461562 0.0
57848.2541667 251.225567398 0.0 220.436403056 0.0
57848.2548611 250.614828388 0.0 219.79919998 0.0
57848.2555556 250.018181157 0.0 219.189771304 0.0
57848.25625 248.992776195 0.0 218.25756261 0.0
57848.2569444 248.481100172 0.0 218.019420081 0.0
57848.2576389 247.49655645 0.0 216.878684145 0.0
57848.2583333 246.5238852 0.0 215.942512793 0.0
57848.2590278 246.075693138 0.0 215.442763665 0.0
57848.2597222 245.605533167 0.0 215.135113087 0.0
57848.2604167 245.150364672 0.0 214.645585263 0.0
57848.2611111 244.789864827 0.0 214.112484092 0.0
57848.2618056 221.951205589 0.0 192.906679545 0.0
57848.2625 221.804875053 0.0 192.758512538 0.0
57848.2631944 222.126674986 0.0 193.041278137 0.0
57848.2638889 221.746315801 0.0 192.401096198 0.0
57848.2645833 221.734602095 0.0 192.940337996 0.0
57848.2652778 221.681882757 0.0 192.657424245 0.0
57848.2659722 221.259675847 0.0 192.306573423 0.0
57848.2666667 221.599849969 0.0 192.805668936 0.0
57848.2673611 221.142253095 0.0 191.921250084 0.0
57848.2680556 221.177486466 0.0 192.137667095 0.0
57848.26875 220.954246895 0.0 191.894180796 0.0
57848.2694444 237.530585864 0.0 207.852345194 0.0
57848.2701389 237.618049951 0.0 207.933555821 0.0
57848.2708333 236.560856781 0.0 207.025941031 0.0
57848.2715278 236.692578302 0.0 207.314304329 0.0
57848.2722222 236.566346642 0.0 207.195246398 0.0
57848.2729167 235.537517347 0.0 205.666480737 0.0
57848.2736111 235.17332652 0.0 205.786423138 0.0
57848.2743056 234.775383121 0.0 205.331534259 0.0
57848.275 218.394376979 0.0 189.78456686 0.0
57848.2756944 218.061113798 0.0 189.050944828 0.0
57848.2763889 217.918130701 0.0 188.75532159 0.0
57848.2770833 217.858526715 0.0 188.837867653 0.0
57848.2777778 218.198051344 0.0 189.263782116 0.0
57848.2784722 217.745234191 0.0 188.645203986 0.0
57848.2791667 217.464730683 0.0 188.47301643 0.0
57848.2798611 217.273542356 0.0 188.590121073 0.0
57848.2805556 217.500559784 0.0 188.493687241 0.0
57848.28125 217.321355206 0.0 188.37652265 0.0
57848.2819444 217.225718981 0.0 188.286877004 0.0
57848.2826389 230.448461714 0.0 201.565303137 0.0
57848.2833333 229.669440606 0.0 200.311445815 0.0
57848.2840278 228.950173222 0.0 199.8375964 0.0
57848.2847222 228.700450598 0.0 199.427752761 0.0
57848.2854167 227.710228255 0.0 198.527043531 0.0
57848.2861111 228.450455 0.0 199.382162575 0.0
57848.2868056 226.400403836 0.0 197.27362499 0.0
57848.2875 227.396330026 0.0 198.618606 0.0
57848.2881944 220.989510241 0.0 192.306573423 0.0
57848.2888889 214.397373506 0.0 185.78020808 0.0
57848.2895833 214.579020047 0.0 186.192192284 0.0
57848.2902778 213.790770396 0.0 185.255176768 0.0
57848.2909722 213.559809439 0.0 185.423348535 0.0
57848.2916667 213.821141423 0.0 185.570373811 0.0
57848.2923611 213.474655572 0.0 185.079835354 0.0
57848.2930556 213.796844947 0.0 185.556376423 0.0
57848.29375 213.25553235 0.0 185.072818242 0.0
57848.2944444 213.535483228 0.0 185.535378361 0.0
57848.2951389 213.170256935 0.0 184.693498293 0.0
57848.2958333 224.047768562 0.0 195.368449778 0.0
57848.2965278 224.186842298 0.0 195.600972032 0.0
57848.2972222 223.97819931 0.0 195.208845872 0.0
57848.2979167 224.047768562 0.0 195.029135353 0.0
57848.2986111 222.943706132 0.0 194.148156039 0.0
57848.2993056 223.019421436 0.0 193.987548134 0.0
57848.3 222.541401372 0.0 193.659226746 0.0
57848.3006944 222.226046143 0.0 193.437798318 0.0
57848.3013889 211.647832956 0.0 183.225076263 0.0
57848.3020833 211.59873812 0.0 183.09035453 0.0
57848.3027778 211.439101177 0.0 182.898737152 0.0
57848.3034722 225.013708096 0.0 196.111550552 0.0
57848.3041667 224.539933683 0.0 195.733717871 0.0
57848.3048611 223.897007863 0.0 195.035794251 0.0
57848.3055556 223.711316761 0.0 195.049111365 0.0
57848.30625 223.60679775 0.0 194.962533863 0.0
57848.3069444 223.420865447 0.0 194.749256038 0.0
57848.3076389 223.461551357 0.0 194.849259086 0.0
57848.3083333 222.996127158 0.0 194.315314781 0.0
57848.3090278 222.73972931 0.0 194.288579047 0.0
57848.3097222 222.710574513 0.0 193.853606567 0.0
57848.3104167 222.564743244 0.0 193.940679108 0.0
57848.3111111 209.62551644 0.0 182.051797967 0.0
57848.3118056 209.786533434 0.0 182.201543894 0.0
57848.3125 209.191393133 0.0 181.623272151 0.0
57848.3131944 209.377556197 0.0 181.551752845 0.0
57848.3138889 209.048555846 0.0 181.537445602 0.0
57848.3145833 217.727340509 0.0 189.551761084 0.0
57848.3152778 217.494588677 0.0 189.352965265 0.0
57848.3159722 217.333306775 0.0 189.002851624 0.0
57848.3166667 216.956516081 0.0 188.65208822 0.0
57848.3173611 216.728928783 0.0 188.017683612 0.0
57848.3180556 216.710951185 0.0 188.286877004 0.0
57848.31875 216.764879505 0.0 188.217889761 0.0
57848.3194444 216.411104691 0.0 188.30067142 0.0
57848.3201389 216.447108203 0.0 188.486797223 0.0
57848.3208333 215.786089365 0.0 187.588939945 0.0
57848.3215278 215.984607436 0.0 187.360337595 0.0
57848.3222222 207.802353648 0.0 180.374790187 0.0
57848.3229167 207.883583805 0.0 180.540314597 0.0
57848.3236111 208.0397065 0.0 180.453972978 0.0
57848.3243056 208.195712121 0.0 180.669749658 0.0
57848.325 208.438847739 0.0 180.727246596 0.0
57848.3256944 208.226899219 0.0 180.482758107 0.0
57848.3263889 207.63354332 0.0 179.927835462 0.0
57848.3270833 207.783603718 0.0 180.072135618 0.0
57848.3277778 215.316137252 0.0 187.381131152 0.0
57848.3284722 215.135113087 0.0 186.784131254 0.0
57848.3291667 215.304073709 0.0 187.01343795 0.0
57848.3298611 214.845157168 0.0 186.700677174 0.0
57848.3305556 214.385258264 0.0 186.387391581 0.0
57848.33125 214.748418194 0.0 186.261929802 0.0
57848.3319444 214.361025727 0.0 186.331641219 0.0
57848.3326389 214.282251054 0.0 185.857087954 0.0
57848.3333333 214.524542234 0.0 186.387391581 0.0
57848.3340278 214.675835356 0.0 186.568465202 0.0
57848.3347222 214.033617944 0.0 185.919966024 0.0
57848.3354167 206.510903457 0.0 179.132106805 0.0
57848.3361111 206.057613933 0.0 178.674775289 0.0
57848.3368056 206.441715305 0.0 178.95076592 0.0
57848.3375 206.61149941 0.0 179.1973446 0.0
57848.3381944 206.422841785 0.0 179.363955608 0.0
57848.3388889 206.466877316 0.0 179.066845242 0.0
57848.3395833 206.787424572 0.0 179.740072067 0.0
57848.3402778 206.378796857 0.0 178.856395999 0.0
57848.3409722 206.385089565 0.0 179.124856694 0.0
57848.3416667 213.133699883 0.0 185.325266884 0.0
57848.3423611 213.279890492 0.0 185.542377979 0.0
57848.3430556 212.877624745 0.0 184.742713334 0.0
57848.34375 213.212898906 0.0 185.486373638 0.0
57848.3444444 212.822711414 0.0 184.876230974 0.0
57848.3451389 212.877624745 0.0 185.185060125 0.0
57848.3458333 212.871523963 0.0 185.178047 0.0
57848.3465278 212.602916255 0.0 184.742713334 0.0
57848.3472222 212.352316902 0.0 184.461307666 0.0
57848.3479167 213.188533109 0.0 185.199085577 0.0
57848.3486111 212.511267845 0.0 184.658336662 0.0
57848.3493056 212.627349159 0.0 184.827051486 0.0
57848.35 212.437920649 0.0 184.735683416 0.0
57848.3506944 212.578480542 0.0 184.714592059 0.0
57848.3513889 212.107544396 0.0 184.108945725 0.0
57848.3520833 212.389008447 0.0 184.264067993 0.0
57848.3527778 213.121512806 0.0 185.135962674 0.0
57848.3534722 213.109325032 0.0 185.283215996 0.0
57848.3541667 212.242204207 0.0 184.573921418 0.0
57848.3548611 212.68841914 0.0 184.8129978 0.0
57848.3555556 212.49293342 0.0 184.404975001 0.0
57848.35625 212.174884984 0.0 184.299304845 0.0
57848.3569444 212.199367173 0.0 184.412017525 0.0
57848.3576389 211.94829068 0.0 184.257019814 0.0
57848.3583333 211.960545214 0.0 184.447226113 0.0
57848.3590278 211.899265457 0.0 184.228824401 0.0
57848.3597222 211.77052025 0.0 184.052505213 0.0
57848.3604167 211.764387573 0.0 183.918389581 0.0
57848.3611111 212.156521489 0.0 184.172420627 0.0
57848.3618056 211.696916405 0.0 183.996047388 0.0
57848.3625 212.113667151 0.0 184.158316984 0.0
57848.3631944 212.364548121 0.0 184.419059781 0.0
57848.3638889 211.451385221 0.0 183.685219167 0.0
57848.3645833 211.187120819 0.0 183.472988918 0.0
57848.3652778 211.482092208 0.0 183.812439696 0.0
57848.3659722 211.512794737 0.0 183.762975511 0.0
57848.3666667 211.211717503 0.0 183.854826977 0.0
57848.3673611 211.199419519 0.0 183.685219167 0.0
57848.3680556 211.874748592 0.0 184.306351407 0.0
57848.36875 211.22401477 0.0 183.876016953 0.0
57848.3694444 212.034057544 0.0 184.693498293 0.0
57848.3701389 211.310075604 0.0 183.988988942 0.0
57848.3708333 210.663762378 0.0 183.295942665 0.0
57848.3715278 210.891736859 0.0 183.508377671 0.0
57848.3722222 211.125616575 0.0 183.720567039 0.0
57848.3729167 210.823986412 0.0 183.260512889 0.0
57848.3736111 210.977933234 0.0 183.175453468 0.0
57848.3743056 210.410853505 0.0 183.132908942 0.0
57848.375 210.095834657 0.0 182.699810562 0.0
57848.3756944 210.102016037 0.0 182.998119357 0.0
57848.3763889 210.50341639 0.0 183.147091549 0.0
57848.3770833 210.491077023 0.0 183.182543262 0.0
57848.3777778 210.102016037 0.0 182.67848415 0.0
57848.3784722 210.151460532 0.0 182.998119357 0.0
57848.3791667 209.718425947 0.0 182.365410254 0.0
57848.3798611 209.222431814 0.0 182.472200338 0.0
57848.3805556 209.315520239 0.0 182.336922335 0.0
57848.38125 209.433372848 0.0 182.443729094 0.0
57848.3819444 209.644101636 0.0 182.714026786 0.0
57848.3826389 209.706040391 0.0 182.685593231 0.0
57848.3833333 209.681267085 0.0 182.799300917 0.0
