57853.0111111 224.152081954 0.0 195.600972032 0.0
57853.0118056 223.071824669 0.0 194.529068372 0.0
57853.0125 220.595416231 0.0 192.198490473 0.0
57853.0131944 216.152904033 0.0 187.789603186 0.0
57853.0138889 216.998414023 0.0 188.796599133 0.0
57853.0145833 217.894291063 0.0 189.448961704 0.0
57853.0152778 219.716464279 0.0 191.541931932 0.0
57853.0159722 247.291825084 0.0 217.953885269 0.0
57853.0166667 258.185476469 0.0 229.046584044 0.0
57853.0173611 255.998173695 0.0 226.904636986 0.0
57853.0180556 254.803209016 0.0 225.613161631 0.0
57853.01875 255.119019843 0.0 225.941033567 0.0
57853.0194444 253.125911895 0.0 224.198427882 0.0
57853.0201389 251.122156853 0.0 222.436332639 0.0
57853.0270833 247.753543228 0.0 219.160144258 0.0
57853.0277778 243.299825719 0.0 214.651635622 0.0
57853.0284722 318.482603655 0.0 281.480316952 0.0
57853.0291667 334.61355885 0.0 297.583339849 0.0
57853.0298611 332.632162973 0.0 295.648088456 0.0
57853.0305556 327.048985568 0.0 290.816137747 0.0
57853.03125 327.076781168 0.0 291.115186736 0.0
57853.0319444 333.306925361 0.0 297.727322296 0.0
57853.0326389 342.557228132 0.0 307.744201418 0.0
57853.0333333 346.691224571 0.0 311.47741783 0.0
57853.0340278 312.513895795 0.0 278.637687758 0.0
57853.0347222 305.461116194 0.0 271.781042505 0.0
57853.0354167 303.990772245 0.0 270.842840326 0.0
57853.0361111 322.490309932 0.0 288.48912289 0.0
57853.0368056 328.202503215 0.0 293.704507392 0.0
57853.0375 319.849802413 0.0 286.311065057 0.0
57853.0381944 322.62317692 0.0 288.781587354 0.0
57853.0388889 307.207785345 0.0 274.041422596 0.0
57853.0395833 305.495127174 0.0 272.511169794 0.0
57853.0402778 295.243680997 0.0 262.821849692 0.0
57853.0409722 298.659342056 0.0 266.458251889 0.0
57853.0416667 285.884364962 0.0 253.52066439 0.0
57853.0423611 289.814091776 0.0 257.953987642 0.0
57853.0430556 299.770474968 0.0 267.848571291 0.0
57853.04375 296.993593879 0.0 265.261449072 0.0
57853.0444444 292.414933795 0.0 260.922439588 0.0
57853.0451389 281.000069326 0.0 249.295110157 0.0
57853.0458333 290.029107361 0.0 258.698038888 0.0
57853.0465278 294.803478455 0.0 263.419077497 0.0
57853.0472222 290.235014491 0.0 258.582549807 0.0
57853.0479167 282.360182617 0.0 250.298523067 0.0
57853.0486111 276.81397007 0.0 245.853931927 0.0
57853.0493056 276.335012188 0.0 245.235111149 0.0
57853.05 272.315706774 0.0 241.209075662 0.0
57853.0506944 274.600063374 0.0 243.539911127 0.0
57853.0513889 267.644850938 0.0 237.344617661 0.0
57853.0611111 263.068802417 0.0 232.585691512 0.0
57853.0618056 264.427831217 0.0 233.888640391 0.0
57853.0625 262.178683988 0.0 231.701778771 0.0
57853.0631944 260.88261778 0.0 230.516078263 0.0
57853.0638889 253.279784726 0.0 222.908751933 0.0
57853.0645833 251.95340736 0.0 222.296163745 0.0
57853.0652778 261.026942929 0.0 231.196773446 0.0
57853.0659722 261.041868563 0.0 231.090020128 0.0
57853.0666667 264.589856585 0.0 234.531863092 0.0
57853.0673611 253.182342791 0.0 223.147496501 0.0
57853.0680556 254.328757484 0.0 224.262137896 0.0
57853.06875 254.833788459 0.0 224.724940096 0.0
57853.0694444 256.904651573 0.0 226.98475262 0.0
57853.0701389 260.449162475 0.0 230.234211636 0.0
57853.0708333 261.702716242 0.0 231.836261072 0.0
57853.0715278 257.273415629 0.0 227.259220378 0.0
57853.0722222 258.502179146 0.0 228.291224354 0.0
57853.0729167 253.089994774 0.0 222.926229718 0.0
57853.0736111 245.489175046 0.0 215.490982726 0.0
57853.0743056 242.642380213 0.0 213.206807718 0.0
57853.075 251.266919699 0.0 221.535374326 0.0
57853.0756944 259.550060232 0.0 229.788157664 0.0
57853.0763889 263.803350608 0.0 233.299317248 0.0
57853.0770833 258.918830986 0.0 228.569805189 0.0
57853.1013889 248.423601363 0.0 218.61429 0.0
57853.1020833 242.781500825 0.0 213.109325032 0.0
57853.1027778 243.011410132 0.0 213.480739117 0.0
57853.1034722 243.241102132 0.0 213.851508137 0.0
57853.1041667 246.476468148 0.0 217.022352072 0.0
57853.1048611 254.471696178 0.0 224.753833592 0.0
57853.1055556 245.176851093 0.0 215.762014157 0.0
57853.10625 247.144733872 0.0 217.488617406 0.0
57853.1069444 247.590990751 0.0 218.150430643 0.0
57853.1076389 243.491912983 0.0 213.985070483 0.0
57853.1083333 243.934204457 0.0 214.53664961 0.0
57853.1166667 233.499631525 0.0 204.729787071 0.0
57853.1173611 231.331549328 0.0 202.304900404 0.0
57853.1180556 236.879058407 0.0 207.871088924 0.0
57853.11875 235.498917746 0.0 206.542344956 0.0
57853.1194444 229.782505862 0.0 200.7259552 0.0
57853.1201389 229.273273118 0.0 200.272541575 0.0
57853.1208333 222.599751461 0.0 193.585445412 0.0
57853.1215278 225.290577157 0.0 196.422550085 0.0
57853.1222222 226.23973034 0.0 197.22095197 0.0
57853.1229167 223.815786962 0.0 194.835928312 0.0
57853.1236111 218.964505218 0.0 190.597147742 0.0
57853.1243056 215.894394578 0.0 187.297943076 0.0
57853.125 221.08939251 0.0 192.333584671 0.0
57853.1256944 219.976385982 0.0 191.16186111 0.0
57853.1263889 217.959843794 0.0 189.222606486 0.0
57853.1270833 218.138523843 0.0 189.215743009 0.0
57853.1277778 217.213761493 0.0 188.514355787 0.0
57853.1284722 219.858277847 0.0 191.182241201 0.0
57853.1291667 218.875520574 0.0 190.324398392 0.0
57853.1298611 212.706736715 0.0 184.038392381 0.0
57853.1305556 212.48070959 0.0 184.172420627 0.0
57853.13125 215.743955988 0.0 187.25633518 0.0
57853.1319444 214.621382118 0.0 186.213116282 0.0
57853.1326389 212.828813595 0.0 184.257019814 0.0
57853.1333333 210.645267147 0.0 182.322676707 0.0
57853.1340278 212.193246891 0.0 183.685219167 0.0
57853.1430556 199.759595774 0.0 171.214151618 0.0
57853.14375 199.082310198 0.0 170.537728621 0.0
57853.1444444 198.402712591 0.0 169.858611945 0.0
57853.1451389 197.720779114 0.0 169.176769152 0.0
57853.1458333 198.219345905 0.0 169.736235408 0.0
57853.1465278 200.077906904 0.0 171.653532049 0.0
57853.1472222 199.798599894 0.0 171.214151618 0.0
57853.1479167 198.29795239 0.0 169.652050332 0.0
57853.1486111 201.694123565 0.0 173.18258513 0.0
57853.1493056 199.785599367 0.0 171.44155795 0.0
57853.15 197.819279982 0.0 169.284207347 0.0
57853.1506944 197.247290239 0.0 168.977059843 0.0
57853.1513889 197.937416319 0.0 169.460565079 0.0
57853.1520833 196.528309979 0.0 167.773811866 0.0
57853.1527778 197.313120528 0.0 169.015483806 0.0
57853.1534722 193.759792379 0.0 165.254624471 0.0
57853.1541667 195.102370731 0.0 166.80340711 0.0
57853.1548611 195.647443321 0.0 167.300957527 0.0
57853.6319444 194.462295614 0.0 165.772493136 0.0
57853.6326389 194.208349761 0.0 165.545144312 0.0
57853.6333333 189.442106429 0.0 161.10011407 0.0
57853.6340278 189.818778921 0.0 161.285420956 0.0
57853.6347222 190.078589352 0.0 161.382018342 0.0
57853.6354167 189.989746818 0.0 161.502683826 0.0
57853.6361111 190.064923973 0.0 161.454428454 0.0
57853.6368056 190.017087407 0.0 161.382018342 0.0
57853.6375 190.153731382 0.0 161.486600305 0.0
57853.6381944 190.256149959 0.0 161.671464203 0.0
57853.6388889 190.43354501 0.0 161.687529336 0.0
57853.6395833 190.460821891 0.0 161.888208983 0.0
57853.6402778 190.256149959 0.0 161.73571516 0.0
57853.6409722 190.201533581 0.0 161.719654814 0.0
57853.6416667 188.003868432 0.0 159.634322384 0.0
57853.6423611 188.031497776 0.0 159.512243556 0.0
57853.6430556 187.879486104 0.0 159.479673419 0.0
57853.64375 188.031497776 0.0 159.45524145 0.0
57853.6444444 187.865660762 0.0 159.463385856 0.0
57853.6451389 187.87257356 0.0 159.52852613 0.0
57853.6458333 187.886398394 0.0 159.593639817 0.0
57853.6465278 187.962416802 0.0 159.504101645 0.0
57853.6472222 187.983143759 0.0 159.650592508 0.0
57853.6479167 187.941687558 0.0 159.495959319 0.0
57853.6486111 188.045310925 0.0 159.618050602 0.0
57853.6493056 187.914045009 0.0 159.463385856 0.0
57853.65 188.031497776 0.0 159.495959319 0.0
57853.6506944 188.128168524 0.0 159.666860975 0.0
57853.6513889 188.003868432 0.0 159.447096629 0.0
57853.6520833 187.796518784 0.0 159.512243556 0.0
