57853.0777662 5223.9 5223.9
57853.0822917 873387.1 873387.1
57853.082338 629483.4 629483.4
57853.0823843 928667.2 928667.2
57853.0824306 1773316.5 1773316.5
57853.0825 122976.4 122976.4
57853.0825463 5760.5 5760.5
57853.0825926 5814.8 5814.8
57853.0826389 5631.9 5631.9
57853.0827199 5306.3 5306.3
57853.0827546 5709.2 5709.2
57853.0828009 5776.7 5776.7
57853.0828588 6029.4 6029.4
57853.0829282 5555.0 5555.0
57853.0829745 5447.0 5447.0
57853.0830093 5376.1 5376.1
57853.0830671 5334.3 5334.3
57853.0831366 5268.2 5268.2
57853.0831829 5208.0 5208.0
57853.0832292 5207.8 5207.8
57853.0832755 5183.3 5183.3
57853.0833449 292.7 292.7
57853.0833912 370.7 370.7
57853.0834375 369.7 369.7
57853.0834838 310.3 310.3
57853.0835532 144.6 144.6
57853.0835995 374.6 374.6
57853.0836458 669.2 669.2
57853.0836921 936.7 936.7
57853.0837616 688.3 688.3
57853.0838079 447.6 447.6
57853.0838657 471.0 471.0
57853.0839005 525.7 525.7
57853.0839699 492.0 492.0
57853.0840162 433.5 433.5
57853.0840741 657.2 657.2
57853.0841204 897.4 897.4
57853.0841898 626.9 626.9
57853.0842361 441.4 441.4
57853.0842824 414.9 414.9
57853.0843287 543.1 543.1
57853.0843981 804.8 804.8
57853.0844444 441.4 441.4
57853.0844907 386.1 386.1
57853.084537 338.4 338.4
57853.0846065 512.5 512.5
57853.0846528 768.8 768.8
57853.0846991 800.4 800.4
57853.0847454 558.5 558.5
57853.0848148 255.5 255.5
57853.0848611 933.6 933.6
57853.0849074 906.3 906.3
57853.0849537 556.5 556.5
57853.0850231 418.6 418.6
57853.085081 350.7 350.7
57853.0851273 339.2 339.2
57853.085162 307.7 307.7
57853.0852315 238.9 238.9
57853.0852894 220.7 220.7
57853.0853356 255.2 255.2
57853.0853819 263.3 263.3
57853.0854514 198.7 198.7
57853.0854977 233.1 233.1
57853.085544 274.6 274.6
57853.0855903 254.4 254.4
57853.0856597 239.1 239.1
57853.085706 203.3 203.3
57853.0857523 217.4 217.4
57853.0857986 182.6 182.6
57853.0858681 190.4 190.4
57853.0859144 190.5 190.5
57853.0859606 218.6 218.6
57853.0860185 179.0 179.0
57853.1090046 5448.2 5448.2
57853.1090394 5109.0 5109.0
57853.1090856 57.8 57.8
57853.1091435 7.9 7.9
57853.1128472 1915.7 1915.7
57853.1128935 14151.0 14151.0
57853.1129398 1037082.0 1037082.0
57853.1129861 791863.4 791863.4
57853.1130556 432048.6 432048.6
57853.1131019 5440.7 5440.7
57853.1131481 5394.5 5394.5
57853.1131944 5271.4 5271.4
57853.1132755 5162.2 5162.2
57853.1133102 5065.8 5065.8
57853.1133565 5043.6 5043.6
57853.1134144 5102.2 5102.2
57853.1134838 5093.1 5093.1
57853.1135301 5063.1 5063.1
57853.1135648 5098.6 5098.6
57853.1136227 5159.6 5159.6
57853.1136921 5084.1 5084.1
57853.1137384 5168.4 5168.4
57853.1137847 5188.2 5188.2
57853.113831 5204.8 5204.8
57853.1139005 5103.2 5103.2
57853.1139468 5101.1 5101.1
57853.1139931 5103.3 5103.3
57853.1140394 5075.9 5075.9
57853.1141088 5033.6 5033.6
57853.1141551 5051.6 5051.6
57853.1142014 5111.5 5111.5
57853.1142477 5175.9 5175.9
57853.1143171 5045.1 5045.1
57853.1143634 5065.3 5065.3
57853.1144213 5030.9 5030.9
57853.114456 5056.4 5056.4
57853.1145255 5171.0 5171.0
57853.1145718 5086.7 5086.7
57853.1146296 5048.9 5048.9
57853.1146759 5091.3 5091.3
57853.1147454 5094.5 5094.5
57853.1147917 5142.7 5142.7
57853.114838 5165.1 5165.1
57853.1148843 5149.3 5149.3
57853.1149537 5061.6 5061.6
57853.115 5138.7 5138.7
57853.1150463 5192.5 5192.5
57853.1150926 5175.6 5175.6
57853.115162 5406.1 5406.1
57853.1152083 5323.6 5323.6
57853.1152546 5291.1 5291.1
57853.1153009 5288.0 5288.0
57853.1153704 5152.1 5152.1
57853.1154167 5560.9 5560.9
57853.115463 5510.7 5510.7
57853.1155093 5518.0 5518.0
57853.1155787 5264.0 5264.0
57853.1156366 5150.2 5150.2
57853.1156829 5208.6 5208.6
57853.1157176 5209.1 5209.1
57853.115787 5099.7 5099.7
57853.1158449 5267.3 5267.3
57853.1158912 5206.5 5206.5
57853.1159375 5185.6 5185.6
57853.1160069 5128.7 5128.7
57853.1160532 5052.2 5052.2
57853.1160995 5082.7 5082.7
57853.1161458 5064.9 5064.9
57853.1162153 5059.3 5059.3
57853.1162616 5039.3 5039.3
57853.1163079 5075.0 5075.0
57853.1163542 5103.6 5103.6
57853.1164236 5188.3 5188.3
57853.1164699 5287.3 5287.3
57853.1165162 5264.7 5264.7
57853.1165741 5227.7 5227.7
57853.1346991 6039.3 6039.3
57853.1347338 5855.2 5855.2
57853.1347801 5974.0 5974.0
57853.134838 6023.3 6023.3
57853.165625 1165.5 1165.5
57853.1656713 10268.1 10268.1
57853.1657176 181875.9 181875.9
57853.1657639 182889.3 182889.3
57853.1658333 124744.1 124744.1
57853.1658796 5185.0 5185.0
57853.1659259 5171.4 5171.4
57853.1659722 5092.5 5092.5
57853.1660532 4985.7 4985.7
57853.166088 4822.9 4822.9
57853.1661343 4790.8 4790.8
57853.1661921 4788.8 4788.8
57853.1662616 4803.0 4803.0
57853.1663079 4869.2 4869.2
57853.1663426 4936.8 4936.8
57853.1664005 4990.3 4990.3
57853.1664699 4918.1 4918.1
57853.1665162 4829.7 4829.7
57853.1665625 4825.5 4825.5
57853.1666088 4841.7 4841.7
57853.1666782 858.4 858.4
57853.1667245 905.8 905.8
57853.1667708 964.0 964.0
57853.1668171 981.2 981.2
57853.1668866 14.3 14.3
57853.1669329 875.9 875.9
57853.1669792 871.7 871.7
57853.1670255 864.5 864.5
57853.1670949 800.3 800.3
57853.1671412 831.1 831.1
57853.1671991 845.5 845.5
57853.1672338 858.9 858.9
57853.1673032 834.6 834.6
57853.1673495 850.4 850.4
57853.1674074 843.6 843.6
57853.1674537 849.8 849.8
57853.1675231 911.4 911.4
57853.1675694 863.7 863.7
57853.1676157 882.4 882.4
57853.167662 891.4 891.4
57853.1677315 852.9 852.9
57853.1677778 834.5 834.5
57853.1678241 834.7 834.7
57853.1678704 867.3 867.3
57853.1679398 819.0 819.0
57853.1679861 824.5 824.5
57853.1680324 844.9 844.9
57853.1680787 893.3 893.3
57853.1681481 901.1 901.1
57853.1681944 831.2 831.2
57853.1682407 911.6 911.6
57853.168287 986.9 986.9
57853.1683565 17.3 17.3
57853.1684144 957.9 957.9
57853.1684606 43.6 43.6
57853.1684954 122.2 122.2
57853.1685648 135.3 135.3
57853.1686227 946.1 946.1
57853.168669 903.1 903.1
57853.1687153 865.3 865.3
57853.1687847 891.3 891.3
57853.168831 74.0 74.0
57853.1688773 141.7 141.7
57853.1689236 176.3 176.3
57853.1689931 995.1 995.1
57853.1690394 838.4 838.4
57853.1690856 871.0 871.0
57853.1691319 896.8 896.8
57853.1692014 875.8 875.8
57853.1692477 821.5 821.5
57853.169294 868.8 868.8
57853.1693519 858.1 858.1
57853.1694213 893.7 893.7
57853.169456 870.9 870.9
57853.1695023 45.2 45.2
57853.1695602 7.3 7.3
57853.1711806 106.2 106.2
57853.1712269 1606.3 1606.3
57853.1712731 40495.4 40495.4
57853.1713194 39187.2 39187.2
57853.1713889 32426.6 32426.6
57853.1714352 80.6 80.6
57853.1714815 43.2 43.2
57853.1715278 959.8 959.8
57853.1716088 902.2 902.2
57853.1716435 928.0 928.0
57853.1716898 5.0 5.0
57853.1717477 80.8 80.8
57853.1718171 67.1 67.1
57853.1718634 952.1 952.1
57853.1718981 63.7 63.7
57853.171956 164.6 164.6
57853.1720255 199.6 199.6
57853.1720718 864.1 864.1
57853.1721181 858.0 858.0
57853.1721644 855.9 855.9
57853.1722338 842.5 842.5
57853.1722801 813.3 813.3
57853.1723264 854.6 854.6
57853.1723727 910.3 910.3
57853.1724421 908.2 908.2
57853.1724884 895.5 895.5
57853.1725347 920.5 920.5
57853.172581 943.5 943.5
57853.1726505 930.6 930.6
57853.1726968 875.0 875.0
57853.1727546 861.6 861.6
57853.1727894 849.8 849.8
57853.1728588 887.5 887.5
57853.1729051 886.8 886.8
57853.172963 909.1 909.1
57853.1730093 938.9 938.9
57853.1730787 926.7 926.7
57853.173125 842.3 842.3
57853.1731713 925.2 925.2
57853.1732176 907.7 907.7
57853.173287 874.1 874.1
57853.1733333 816.9 816.9
57853.1733796 839.4 839.4
57853.1734259 855.0 855.0
57853.1734954 926.9 926.9
57853.1735417 7.6 7.6
57853.173588 958.8 958.8
57853.1736343 4914.0 4914.0
57853.1737037 5000.4 5000.4
57853.17375 4830.8 4830.8
57853.1737963 4890.1 4890.1
57853.1738426 4981.7 4981.7
57853.173912 5022.4 5022.4
57853.1739699 4940.2 4940.2
57853.1740162 4977.6 4977.6
57853.1740509 4963.7 4963.7
57853.1741204 4901.5 4901.5
57853.1741782 4853.5 4853.5
57853.1742245 4858.4 4858.4
57853.1742708 4905.0 4905.0
57853.1743403 5043.1 5043.1
57853.1743866 4970.5 4970.5
57853.1744329 4999.9 4999.9
57853.1744792 5034.2 5034.2
57853.1745486 5005.4 5005.4
57853.1745949 4868.9 4868.9
57853.1746412 4874.8 4874.8
57853.1746875 4909.3 4909.3
57853.1747569 4973.6 4973.6
57853.1748032 4908.9 4908.9
57853.1748495 4907.0 4907.0
57853.1749074 4903.4 4903.4
57853.1881713 5257.5 5257.5
57853.188206 5189.2 5189.2
57853.1882523 18.1 18.1
57853.1883102 2.2 2.2
57853.1920139 38.0 38.0
57853.1920602 339.2 339.2
57853.1921065 388818.0 388818.0
57853.1921528 362623.8 362623.8
57853.1922222 362170.9 362170.9
57853.1922685 5401.6 5401.6
57853.1923148 5392.9 5392.9
57853.1923611 5322.3 5322.3
57853.1924421 5246.5 5246.5
57853.1924769 5083.9 5083.9
57853.1925231 5033.6 5033.6
57853.192581 5111.3 5111.3
57853.1926505 5168.6 5168.6
57853.1926968 5036.3 5036.3
57853.1927315 5081.7 5081.7
57853.1927894 5075.8 5075.8
57853.1928588 5000.9 5000.9
57853.1929051 4930.5 4930.5
57853.1929514 4919.3 4919.3
57853.1929977 4940.1 4940.1
57853.1930671 4969.1 4969.1
57853.1931134 4966.7 4966.7
57853.1931597 4953.0 4953.0
57853.193206 4948.3 4948.3
57853.1932755 4936.2 4936.2
57853.1933218 4942.3 4942.3
57853.1933681 4974.7 4974.7
57853.1934144 5022.9 5022.9
57853.1934838 5044.2 5044.2
57853.1935301 4953.5 4953.5
57853.193588 4983.7 4983.7
57853.1936227 5027.4 5027.4
57853.1936921 5035.4 5035.4
57853.1937384 4949.7 4949.7
57853.1937963 4972.0 4972.0
57853.1938426 4994.2 4994.2
57853.193912 5023.5 5023.5
57853.1939583 4982.2 4982.2
57853.1940046 4984.0 4984.0
57853.1940509 5044.5 5044.5
57853.1941204 5010.7 5010.7
57853.1941667 4973.5 4973.5
57853.194213 4946.0 4946.0
57853.1942593 4935.5 4935.5
57853.1943287 4937.7 4937.7
57853.194375 4939.9 4939.9
57853.1944213 4979.6 4979.6
57853.1944676 5040.2 5040.2
57853.194537 5006.4 5006.4
57853.1945833 4963.1 4963.1
57853.1946296 5061.7 5061.7
57853.1946759 5167.2 5167.2
57853.1947454 5112.7 5112.7
57853.1948032 4942.5 4942.5
57853.1948495 4955.3 4955.3
57853.1948843 4978.3 4978.3
57853.1949537 4926.2 4926.2
57853.1950116 4919.5 4919.5
57853.1950579 4961.3 4961.3
57853.1951042 4971.5 4971.5
57853.1951736 4968.2 4968.2
57853.1952199 5011.7 5011.7
57853.1952662 5059.0 5059.0
57853.1953125 5076.2 5076.2
57853.1953819 5149.3 5149.3
57853.1954282 5007.4 5007.4
57853.1954745 5049.8 5049.8
57853.1955208 5033.6 5033.6
57853.1955903 4977.5 4977.5
57853.1956366 4962.7 4962.7
57853.1956829 4975.3 4975.3
57853.1957407 4974.5 4974.5
57853.1958102 4952.6 4952.6
57853.1958449 4965.3 4965.3
57853.1958912 4969.7 4969.7
57853.1959491 4996.0 4996.0
57853.1975694 224728.9 224728.9
57853.1976157 230125.0 230125.0
57853.197662 209888.8 209888.8
57853.1977083 217911.0 217911.0
57853.1977778 168322.9 168322.9
57853.1978241 5384.4 5384.4
57853.1978704 5357.8 5357.8
57853.1979167 5248.6 5248.6
57853.1979977 5160.8 5160.8
57853.1980324 5047.8 5047.8
57853.1980787 5040.1 5040.1
57853.1981366 5031.9 5031.9
57853.198206 5017.3 5017.3
57853.1982523 5008.2 5008.2
57853.198287 5008.1 5008.1
57853.1983449 5011.1 5011.1
57853.1984144 5008.5 5008.5
57853.1984606 5022.2 5022.2
57853.1985069 5027.4 5027.4
57853.1985532 5022.3 5022.3
57853.1986227 5036.0 5036.0
57853.198669 5038.5 5038.5
57853.1987153 5058.6 5058.6
57853.1987616 5067.5 5067.5
57853.198831 5047.0 5047.0
57853.1988773 5062.0 5062.0
57853.1989236 5079.8 5079.8
57853.1989699 5091.6 5091.6
57853.1990394 5061.2 5061.2
57853.1990856 5056.2 5056.2
57853.1991435 5069.7 5069.7
57853.1991782 5057.6 5057.6
57853.1992477 5105.6 5105.6
57853.199294 5160.5 5160.5
57853.1993519 5226.3 5226.3
57853.1993981 5219.8 5219.8
57853.1994676 5202.1 5202.1
57853.1995139 5093.1 5093.1
57853.1995602 5147.3 5147.3
57853.1996065 5223.5 5223.5
57853.1996759 5261.3 5261.3
57853.1997222 5163.2 5163.2
57853.1997685 5282.8 5282.8
57853.1998148 5452.2 5452.2
57853.1998843 5445.1 5445.1
57853.1999306 5097.9 5097.9
57853.1999769 5114.0 5114.0
57853.2000231 5152.1 5152.1
57853.2000926 5236.3 5236.3
57853.2001389 5034.9 5034.9
57853.2001852 5031.0 5031.0
57853.2002315 5004.6 5004.6
57853.2003009 5026.7 5026.7
57853.2003588 5072.4 5072.4
57853.2004051 5081.1 5081.1
57853.2004398 5081.2 5081.2
57853.2005093 5046.3 5046.3
57853.2005671 4983.2 4983.2
57853.2006134 4995.1 4995.1
57853.2006597 5033.2 5033.2
57853.2007292 5005.8 5005.8
57853.2007755 4939.9 4939.9
57853.2008218 4931.7 4931.7
57853.2008681 4942.2 4942.2
57853.2009375 4964.7 4964.7
57853.2009838 4944.3 4944.3
57853.2010301 4962.6 4962.6
57853.2010764 4964.9 4964.9
57853.2011458 4938.5 4938.5
57853.2011921 4939.0 4939.0
57853.2012384 4981.0 4981.0
57853.2012963 5015.1 5015.1
57853.2145602 94.3 94.3
57853.2145949 21.4 21.4
57853.2146412 49.8 49.8
57853.2146991 49.1 49.1
57853.2209954 238265.1 238265.1
57853.2210417 249752.6 249752.6
57853.221088 266583.3 266583.3
57853.2211343 260491.2 260491.2
57853.2212037 180299.0 180299.0
57853.2212616 5223.2 5223.2
57853.2213079 5204.2 5204.2
57853.2213426 5102.0 5102.0
57853.221412 4949.2 4949.2
57853.2214699 4857.3 4857.3
57853.2215162 4842.7 4842.7
57853.2215625 4822.0 4822.0
57853.2216319 4788.5 4788.5
57853.2216782 4807.8 4807.8
57853.2217245 4814.3 4814.3
57853.2217708 4831.9 4831.9
57853.2218403 4839.1 4839.1
57853.2218866 4814.0 4814.0
57853.2219329 4831.6 4831.6
57853.2219792 4859.3 4859.3
57853.2220486 4880.6 4880.6
57853.2220949 4843.2 4843.2
57853.2221412 4839.7 4839.7
57853.2221991 4839.9 4839.9
57853.2222685 4807.0 4807.0
57853.2223032 4811.7 4811.7
57853.2223495 4814.5 4814.5
57853.2224074 4810.9 4810.9
57853.2224769 4819.3 4819.3
57853.2225231 4817.8 4817.8
57853.2225579 4831.7 4831.7
57853.2226157 4851.7 4851.7
57853.2226852 4860.5 4860.5
57853.2227315 4868.7 4868.7
57853.2227778 4895.4 4895.4
57853.2228241 4919.1 4919.1
57853.2228935 4902.0 4902.0
57853.2229398 4877.0 4877.0
57853.2229861 4882.3 4882.3
57853.2230324 4864.1 4864.1
57853.2231019 4863.1 4863.1
57853.2231481 4863.1 4863.1
57853.2231944 4866.3 4866.3
57853.2232407 4876.9 4876.9
57853.2233102 4843.9 4843.9
57853.2233565 4868.1 4868.1
57853.2234144 4914.4 4914.4
57853.2234491 4937.4 4937.4
57853.2235301 4927.3 4927.3
57853.2235648 4865.9 4865.9
57853.2236227 4852.1 4852.1
57853.223669 4859.7 4859.7
57853.2237384 4884.2 4884.2
57853.2237847 4925.0 4925.0
57853.223831 74.5 74.5
57853.2238773 10.2 10.2
57853.2253472 230.5 230.5
57853.2253935 1858.9 1858.9
57853.2254398 183822.2 183822.2
57853.2254861 182156.7 182156.7
57853.2255556 108035.8 108035.8
57853.2256019 5156.7 5156.7
57853.2256481 5147.9 5147.9
57853.2256944 5070.7 5070.7
57853.2257755 4962.0 4962.0
57853.2258102 4902.6 4902.6
57853.2258565 4935.0 4935.0
57853.2259144 5030.5 5030.5
57853.2259838 5009.2 5009.2
57853.2260301 4902.7 4902.7
57853.2260648 4920.0 4920.0
57853.2261227 4922.8 4922.8
57853.2261921 4854.8 4854.8
57853.2262384 4926.4 4926.4
57853.2262847 5024.8 5024.8
57853.226331 5057.4 5057.4
57853.2264005 4905.4 4905.4
57853.2264468 4873.0 4873.0
57853.2264931 4902.0 4902.0
57853.2265394 4926.2 4926.2
57853.2266088 4882.2 4882.2
57853.2266551 4811.0 4811.0
57853.2267014 4820.8 4820.8
57853.2267477 4833.0 4833.0
57853.2268171 4815.1 4815.1
57853.2268634 4797.9 4797.9
57853.2269213 4789.0 4789.0
57853.226956 4808.9 4808.9
57853.2270255 4834.3 4834.3
57853.2270718 4815.0 4815.0
57853.2271296 4805.6 4805.6
57853.2271759 4804.2 4804.2
57853.2272454 4836.7 4836.7
57853.2272917 4886.3 4886.3
57853.227338 4888.2 4888.2
57853.2273843 4878.3 4878.3
57853.2274537 4865.0 4865.0
57853.2275 4859.3 4859.3
57853.2275463 4883.6 4883.6
57853.2275926 4944.0 4944.0
57853.227662 4952.5 4952.5
57853.2277083 4919.0 4919.0
57853.2277546 4987.7 4987.7
57853.2278009 5003.0 5003.0
57853.2278704 5037.9 5037.9
57853.2279167 4866.0 4866.0
57853.227963 4891.0 4891.0
57853.2280093 4956.0 4956.0
57853.2280787 4905.1 4905.1
57853.2281366 4829.2 4829.2
57853.2281829 4821.1 4821.1
57853.2282176 4808.3 4808.3
57853.228287 4795.5 4795.5
57853.2283449 4785.9 4785.9
57853.2283912 4792.4 4792.4
57853.2284375 4801.9 4801.9
57853.2285069 4779.0 4779.0
57853.2285532 4774.0 4774.0
57853.2285995 4781.2 4781.2
57853.2286458 4785.4 4785.4
57853.2287153 4782.9 4782.9
57853.2287616 4784.4 4784.4
57853.2288079 4786.1 4786.1
57853.2288542 4793.5 4793.5
57853.2289236 4820.2 4820.2
57853.2289699 4817.1 4817.1
57853.2290162 4869.5 4869.5
57853.2290741 4876.8 4876.8
57853.242338 4788.2 4788.2
57853.2423727 4781.3 4781.3
57853.242419 4796.7 4796.7
57853.2424769 4809.7 4809.7
57853.2461806 238725.3 238725.3
57853.2462269 213799.6 213799.6
57853.2462731 213992.7 213992.7
57853.2463194 212895.9 212895.9
57853.2463889 124195.2 124195.2
57853.2464352 5097.2 5097.2
57853.2464815 5089.9 5089.9
57853.2465278 5063.7 5063.7
57853.2466088 4920.8 4920.8
57853.2466435 4769.4 4769.4
57853.2466898 4727.6 4727.6
57853.2467477 4751.0 4751.0
57853.2468171 4728.5 4728.5
57853.2468634 4742.7 4742.7
57853.2468981 4739.1 4739.1
57853.246956 4788.1 4788.1
57853.2470255 4789.0 4789.0
57853.2470718 4753.3 4753.3
57853.2471181 4766.5 4766.5
57853.2471644 4800.1 4800.1
57853.2472338 4786.5 4786.5
57853.2472801 4748.6 4748.6
57853.2473264 4770.1 4770.1
57853.2473727 4808.6 4808.6
57853.2474421 4755.1 4755.1
57853.2474884 4726.8 4726.8
57853.2475347 4727.2 4727.2
57853.247581 4751.6 4751.6
57853.2476505 4766.9 4766.9
57853.2476968 4734.8 4734.8
57853.2477546 4748.5 4748.5
57853.2477894 4733.4 4733.4
57853.2478588 4739.6 4739.6
57853.2479051 4761.1 4761.1
57853.247963 4748.1 4748.1
57853.2480093 4732.5 4732.5
57853.2480787 4756.4 4756.4
57853.248125 4767.2 4767.2
57853.2481713 4792.4 4792.4
57853.2482176 4836.4 4836.4
57853.248287 4823.1 4823.1
57853.2483333 4716.1 4716.1
57853.2483796 4733.8 4733.8
57853.2484259 4764.6 4764.6
57853.2484954 4780.1 4780.1
57853.2485417 4751.3 4751.3
57853.248588 4747.0 4747.0
57853.2486343 4737.1 4737.1
57853.2487037 4720.7 4720.7
57853.24875 4702.3 4702.3
57853.2487963 4693.8 4693.8
57853.2488426 4711.3 4711.3
57853.248912 4730.0 4730.0
57853.2489699 4774.3 4774.3
57853.2490162 4805.6 4805.6
57853.2490509 4851.6 4851.6
57853.2491204 4771.4 4771.4
57853.2491782 4707.4 4707.4
57853.2492245 4724.1 4724.1
57853.2492708 4721.9 4721.9
57853.2493403 4688.6 4688.6
57853.2493866 4713.5 4713.5
57853.2494329 4725.6 4725.6
57853.2494792 4741.6 4741.6
57853.2495486 4735.7 4735.7
57853.2495949 4675.7 4675.7
57853.2496412 4697.9 4697.9
57853.2496875 4736.1 4736.1
57853.2497569 4723.7 4723.7
57853.2498032 4756.0 4756.0
57853.2498495 4814.4 4814.4
57853.2499074 4840.6 4840.6
57853.2499769 4818.0 4818.0
57853.2500116 815.0 815.0
57853.2500579 4.7 4.7
57853.2501157 3.0 3.0
57853.2517361 5.0 5.0
57853.2517824 22.6 22.6
57853.2518287 28622.6 28622.6
57853.251875 79332.1 79332.1
57853.2519444 15071.9 15071.9
57853.2519907 107.7 107.7
57853.252037 117.4 117.4
57853.2520833 57.4 57.4
57853.2521644 911.9 911.9
57853.2521991 813.3 813.3
57853.2522454 782.1 782.1
57853.2523032 780.0 780.0
57853.2523727 738.5 738.5
57853.252419 774.4 774.4
57853.2524537 763.8 763.8
57853.2525116 788.3 788.3
57853.252581 796.4 796.4
57853.2526273 775.0 775.0
57853.2526736 832.1 832.1
57853.2527199 905.8 905.8
57853.2527894 922.2 922.2
57853.2528356 792.3 792.3
57853.2528819 801.4 801.4
57853.2529282 783.4 783.4
57853.2529977 785.2 785.2
57853.253044 777.8 777.8
57853.2530903 794.5 794.5
57853.2531366 820.3 820.3
57853.253206 841.8 841.8
57853.2532523 788.6 788.6
57853.2533102 823.6 823.6
57853.2533449 838.6 838.6
57853.2534144 779.6 779.6
57853.2534606 730.8 730.8
57853.2535185 748.5 748.5
57853.2535648 742.9 742.9
57853.2536343 780.2 780.2
57853.2536806 747.3 747.3
57853.2537269 711.2 711.2
57853.2537731 704.2 704.2
57853.2538426 703.5 703.5
57853.2538889 734.2 734.2
57853.2539352 791.0 791.0
57853.2539815 826.3 826.3
57853.2540509 798.2 798.2
57853.2540972 722.6 722.6
57853.2541435 727.8 727.8
57853.2541898 709.6 709.6
57853.2542593 705.4 705.4
57853.2543056 703.0 703.0
57853.2543519 710.5 710.5
57853.2543981 704.3 704.3
57853.2544676 696.1 696.1
57853.2545255 718.3 718.3
57853.2545718 764.7 764.7
57853.2546065 799.6 799.6
57853.2546759 813.0 813.0
57853.2547338 783.1 783.1
57853.2547801 798.7 798.7
57853.2548264 778.9 778.9
57853.2548958 684.3 684.3
57853.2549421 678.8 678.8
57853.2549884 715.8 715.8
57853.2550347 733.0 733.0
57853.2551042 722.2 722.2
57853.2551505 684.6 684.6
57853.2551968 674.6 674.6
57853.2552431 682.1 682.1
57853.2553125 701.4 701.4
57853.2553588 745.0 745.0
57853.2554051 754.0 754.0
57853.255463 785.1 785.1
57853.2805324 4533.3 4533.3
57853.2805671 4565.0 4565.0
57853.2806134 4549.4 4549.4
57853.2806713 4560.1 4560.1
57853.2836806 541208.9 541208.9
57853.2837269 709715.3 709715.3
57853.2837731 210727.7 210727.7
57853.2838194 536568.0 536568.0
57853.2838889 155301.6 155301.6
57853.2839352 4952.3 4952.3
57853.2839815 4950.8 4950.8
57853.2840278 4895.7 4895.7
57853.2841088 4771.3 4771.3
57853.2841435 4670.9 4670.9
57853.2841898 4644.1 4644.1
57853.2842477 4626.4 4626.4
57853.2843171 4650.0 4650.0
57853.2843634 4704.8 4704.8
57853.2843981 4745.7 4745.7
57853.284456 4800.5 4800.5
57853.2845255 4747.9 4747.9
57853.2845718 4604.3 4604.3
57853.2846181 4614.3 4614.3
57853.2846644 4617.9 4617.9
57853.2847338 4686.7 4686.7
57853.2847801 4720.7 4720.7
57853.2848264 4783.2 4783.2
57853.2848727 4850.6 4850.6
57853.2849421 4789.1 4789.1
57853.2849884 4630.0 4630.0
57853.2850347 4637.3 4637.3
57853.285081 4644.9 4644.9
57853.2851505 4634.3 4634.3
57853.2851968 4637.0 4637.0
57853.2852546 4629.3 4629.3
57853.2852894 4631.6 4631.6
57853.2853588 4598.1 4598.1
57853.2854051 4599.8 4599.8
57853.285463 4607.7 4607.7
57853.2855093 4617.3 4617.3
57853.2855787 4618.6 4618.6
57853.285625 4605.3 4605.3
57853.2856713 4628.2 4628.2
57853.2857176 4676.2 4676.2
57853.285787 4690.5 4690.5
57853.2858333 4679.9 4679.9
57853.2858796 4675.8 4675.8
57853.2859259 4668.5 4668.5
57853.2859954 4678.0 4678.0
57853.2860417 4635.5 4635.5
57853.286088 4637.4 4637.4
57853.2861343 4640.0 4640.0
57853.2862037 4688.4 4688.4
57853.28625 4639.7 4639.7
57853.2862963 4646.2 4646.2
57853.2863426 4618.7 4618.7
57853.286412 4601.4 4601.4
57853.2864699 4661.5 4661.5
57853.2865162 4673.6 4673.6
57853.2865509 4666.4 4666.4
57853.2866204 4724.3 4724.3
57853.2866782 4814.4 4814.4
57853.2867245 4842.4 4842.4
57853.2867708 4873.1 4873.1
57853.2868403 4765.0 4765.0
57853.2868866 4648.1 4648.1
57853.2869329 4650.7 4650.7
57853.2869792 4635.5 4635.5
57853.2870486 4687.2 4687.2
57853.2870949 4709.2 4709.2
57853.2871412 4764.0 4764.0
57853.2871875 4784.1 4784.1
57853.2872569 4665.4 4665.4
57853.2873032 4725.3 4725.3
57853.2873495 4764.4 4764.4
57853.2874074 4807.0 4807.0
57853.2874769 4763.7 4763.7
57853.2875116 4616.0 4616.0
57853.2875579 4628.4 4628.4
57853.2876157 4652.2 4652.2
57853.2892361 340997.8 340997.8
57853.2892824 306092.8 306092.8
57853.2893287 300141.4 300141.4
57853.289375 272062.6 272062.6
57853.2894444 176514.9 176514.9
57853.2894907 4999.0 4999.0
57853.289537 4971.0 4971.0
57853.2895833 4884.2 4884.2
57853.2896644 4794.2 4794.2
57853.2896991 4785.0 4785.0
57853.2897454 4797.8 4797.8
57853.2898032 4760.3 4760.3
57853.2898727 4675.1 4675.1
57853.289919 4734.4 4734.4
57853.2899537 4781.9 4781.9
57853.2900116 4789.7 4789.7
57853.290081 4745.4 4745.4
57853.2901273 4694.4 4694.4
57853.2901736 4716.2 4716.2
57853.2902199 4713.4 4713.4
57853.2902894 4681.5 4681.5
57853.2903356 4705.6 4705.6
57853.2903819 4734.4 4734.4
57853.2904282 4724.2 4724.2
57853.2904977 4700.3 4700.3
57853.290544 4829.1 4829.1
57853.2905903 4973.0 4973.0
57853.2906366 5008.7 5008.7
57853.290706 4892.2 4892.2
57853.2907523 4680.5 4680.5
57853.2908102 4683.9 4683.9
57853.2908449 4706.3 4706.3
57853.2909144 4720.7 4720.7
57853.2909606 4720.2 4720.2
57853.2910185 4728.3 4728.3
57853.2910648 4763.6 4763.6
57853.2911343 4723.4 4723.4
57853.2911806 4667.0 4667.0
57853.2912269 4672.4 4672.4
57853.2912731 4668.0 4668.0
57853.2913426 4673.3 4673.3
57853.2913889 4643.9 4643.9
57853.2914352 4653.4 4653.4
57853.2914815 4664.5 4664.5
57853.2915509 4659.3 4659.3
57853.2915972 4665.7 4665.7
57853.2916435 4660.6 4660.6
57853.2916898 655.4 655.4
57853.2917593 673.7 673.7
57853.2918056 709.8 709.8
57853.2918519 707.2 707.2
57853.2918981 710.9 710.9
57853.2919676 696.4 696.4
57853.2920255 702.0 702.0
57853.2920718 700.3 700.3
57853.2921065 728.8 728.8
57853.2921759 699.0 699.0
57853.2922338 654.9 654.9
57853.2922801 649.9 649.9
57853.2923264 677.9 677.9
57853.2923958 678.2 678.2
57853.2924421 644.3 644.3
57853.2924884 646.9 646.9
57853.2925347 649.4 649.4
57853.2926042 672.9 672.9
57853.2926505 682.4 682.4
57853.2926968 701.7 701.7
57853.2927431 705.7 705.7
57853.2928125 693.6 693.6
57853.2928588 672.1 672.1
57853.2929051 684.1 684.1
57853.292963 671.1 671.1
57853.3055324 4580.4 4580.4
57853.3055671 4521.8 4521.8
57853.3056134 4538.0 4538.0
57853.3056713 4597.0 4597.0
57853.3086806 190494.5 190494.5
57853.3087269 222761.0 222761.0
57853.3087731 169343.7 169343.7
57853.3088194 119457.6 119457.6
57853.3088889 116457.8 116457.8
57853.3089352 5253.8 5253.8
57853.3089815 5213.8 5213.8
57853.3090278 5085.8 5085.8
57853.3091088 4991.8 4991.8
57853.3091435 4940.4 4940.4
57853.3091898 4874.0 4874.0
57853.3092477 4836.8 4836.8
57853.3093171 4912.4 4912.4
57853.3093634 4971.7 4971.7
57853.3093981 5074.9 5074.9
57853.309456 5155.7 5155.7
57853.3095255 5035.9 5035.9
57853.3095718 4853.9 4853.9
57853.3096181 4931.7 4931.7
57853.3096644 4980.8 4980.8
57853.3097338 5027.0 5027.0
57853.3097801 4984.1 4984.1
57853.3098264 5003.7 5003.7
57853.3098727 5149.4 5149.4
57853.3099421 4999.2 4999.2
57853.3099884 4884.0 4884.0
57853.3100347 4922.9 4922.9
57853.310081 4880.8 4880.8
57853.3101505 4839.2 4839.2
57853.3101968 4813.1 4813.1
57853.3102546 4819.9 4819.9
57853.3102894 4826.9 4826.9
57853.3103588 4827.1 4827.1
57853.3104051 4843.2 4843.2
57853.310463 4851.7 4851.7
57853.3105093 4879.9 4879.9
57853.3105787 4862.6 4862.6
57853.310625 4864.3 4864.3
57853.3106713 4916.9 4916.9
57853.3107176 4983.0 4983.0
57853.310787 5013.7 5013.7
57853.3108333 4955.7 4955.7
57853.3108796 4960.9 4960.9
57853.3109259 4952.7 4952.7
57853.3109954 4856.3 4856.3
57853.3110417 5041.3 5041.3
57853.311088 5125.1 5125.1
57853.3111343 5331.9 5331.9
57853.3112037 5314.1 5314.1
57853.31125 5044.3 5044.3
57853.3112963 5150.6 5150.6
57853.3113426 5146.7 5146.7
57853.311412 4982.9 4982.9
57853.3114699 4923.6 4923.6
57853.3115162 4952.5 4952.5
57853.3115509 4957.6 4957.6
57853.3116204 4889.7 4889.7
57853.3116782 4910.0 4910.0
57853.3117245 5011.4 5011.4
57853.3117708 5053.8 5053.8
57853.3118403 5061.4 5061.4
57853.3118866 5022.1 5022.1
57853.3119329 5040.8 5040.8
57853.3119792 5004.0 5004.0
57853.3120486 4875.8 4875.8
57853.3120949 4923.3 4923.3
57853.3121412 4998.6 4998.6
57853.3121875 4999.0 4999.0
57853.3122569 4917.1 4917.1
57853.3123032 4975.3 4975.3
57853.3123495 5012.7 5012.7
57853.3124074 4970.2 4970.2
57853.3270602 4687.5 4687.5
57853.3270949 4657.0 4657.0
57853.3271412 4671.8 4671.8
57853.3271991 4700.6 4700.6
57853.3302083 421066.2 421066.2
57853.3302546 1003435.5 1003435.5
57853.3303009 964239.3 964239.3
57853.3303472 882133.2 882133.2
57853.3304167 708642.0 708642.0
57853.330463 5810.9 5810.9
57853.3305093 5856.4 5856.4
57853.3305556 5935.7 5935.7
57853.3306366 5759.6 5759.6
57853.3306713 5464.5 5464.5
57853.3307176 5490.3 5490.3
57853.3307755 5528.7 5528.7
57853.3308449 5499.7 5499.7
57853.3308912 5412.9 5412.9
57853.3309259 5446.2 5446.2
57853.3309838 5521.6 5521.6
57853.3310532 5426.2 5426.2
57853.3310995 5454.8 5454.8
57853.3311458 5588.4 5588.4
57853.3311921 5722.9 5722.9
57853.3312616 5981.3 5981.3
57853.3313079 6007.8 6007.8
57853.3313542 6139.1 6139.1
57853.3314005 5977.5 5977.5
57853.3314699 5591.4 5591.4
57853.3315162 5859.8 5859.8
57853.3315625 6170.2 6170.2
57853.3316088 6324.4 6324.4
57853.3316782 6199.4 6199.4
57853.3317245 5674.1 5674.1
57853.3317824 5889.5 5889.5
57853.3318171 6081.2 6081.2
57853.3318866 6185.5 6185.5
57853.3319329 5981.8 5981.8
57853.3319907 5836.3 5836.3
57853.332037 5723.9 5723.9
57853.3321065 5687.0 5687.0
57853.3321528 6314.6 6314.6
57853.3321991 6702.8 6702.8
57853.3322454 7156.9 7156.9
57853.3323148 6915.3 6915.3
57853.3323611 5871.7 5871.7
57853.3324074 6189.5 6189.5
57853.3324537 6377.7 6377.7
57853.3325231 6364.7 6364.7
57853.3325694 5957.6 5957.6
57853.3326157 6081.8 6081.8
57853.332662 6171.5 6171.5
57853.3327315 6368.4 6368.4
57853.3327778 5716.1 5716.1
57853.3328241 5702.6 5702.6
57853.3328704 5682.3 5682.3
57853.3329398 5791.1 5791.1
57853.3329977 5741.4 5741.4
57853.333044 5904.6 5904.6
57853.3330787 6082.2 6082.2
57853.3331481 6024.9 6024.9
57853.333206 5746.1 5746.1
57853.3332523 5831.1 5831.1
57853.3332986 5920.8 5920.8
57853.3333681 933.1 933.1
57853.3334144 774.9 774.9
57853.3334606 895.2 895.2
57853.3335069 940.6 940.6
57853.3335764 144.2 144.2
57853.3336227 761.3 761.3
57853.333669 959.2 959.2
57853.3337153 775.7 775.7
57853.3337847 247.8 247.8
57853.333831 884.5 884.5
57853.3338773 102.2 102.2
57853.3339352 480.4 480.4
57853.3340046 652.8 652.8
57853.3340394 792.2 792.2
57853.3340856 10.7 10.7
57853.3341435 6.5 6.5
57853.3357639 16.2 16.2
57853.3358102 26.6 26.6
57853.3358565 51538.9 51538.9
57853.3359028 55047.4 55047.4
57853.3359722 32319.6 32319.6
57853.3360185 396.0 396.0
57853.3360648 421.2 421.2
57853.3361111 506.5 506.5
57853.3361921 19.5 19.5
57853.3362269 108.4 108.4
57853.3362731 432.2 432.2
57853.336331 43.0 43.0
57853.3364005 981.3 981.3
57853.3364468 179.4 179.4
57853.3364815 444.3 444.3
57853.3365394 704.6 704.6
57853.3366088 586.9 586.9
57853.3366551 903.3 903.3
57853.3367014 150.9 150.9
57853.3367477 422.7 422.7
57853.3368171 839.3 839.3
57853.3368634 67.1 67.1
57853.3369097 4.1 4.1
57853.336956 46.7 46.7
57853.3370255 36.9 36.9
57853.3370718 72.7 72.7
57853.3371181 217.0 217.0
57853.3371644 379.0 379.0
57853.3372338 491.5 491.5
57853.3372801 20.1 20.1
57853.337338 214.9 214.9
57853.3373727 361.5 361.5
57853.3374421 106.5 106.5
57853.3374884 825.7 825.7
57853.3375463 875.4 875.4
57853.3375926 25.0 25.0
57853.337662 66.3 66.3
57853.3377083 696.2 696.2
57853.3377546 777.9 777.9
57853.3378009 853.7 853.7
57853.3378704 880.0 880.0
57853.3379167 810.6 810.6
57853.337963 739.3 739.3
57853.3380093 794.1 794.1
57853.3380787 786.7 786.7
57853.338125 806.6 806.6
57853.3381713 891.8 891.8
57853.3382176 888.5 888.5
57853.338287 832.7 832.7
57853.3383333 643.3 643.3
57853.3383796 742.4 742.4
57853.3384259 802.7 802.7
57853.3384954 777.1 777.1
57853.3385532 823.6 823.6
57853.3385995 749.0 749.0
57853.3386343 727.3 727.3
57853.3387037 904.7 904.7
57853.3387616 27.2 27.2
57853.3388079 197.0 197.0
57853.3388542 302.5 302.5
57853.3389236 963.6 963.6
57853.3389699 31.1 31.1
57853.3390162 300.1 300.1
57853.3390625 592.2 592.2
57853.3391319 344.6 344.6
57853.3391782 209.1 209.1
57853.3392245 474.0 474.0
57853.3392708 98.1 98.1
57853.3393403 885.4 885.4
57853.3393866 502.2 502.2
57853.3394329 974.5 974.5
57853.3394907 725.9 725.9
57853.3576157 5196.8 5196.8
57853.3576505 5111.6 5111.6
57853.3576968 5164.5 5164.5
57853.3577546 5063.9 5063.9
57853.363912 1045439.8 1045439.8
57853.3639583 748081.9 748081.9
57853.3640046 2899298.2 2899298.2
57853.3640509 1249013.8 1249013.8
57853.3641204 1059465.2 1059465.2
57853.3641667 8821.5 8821.5
57853.364213 9156.8 9156.8
57853.3642593 9317.1 9317.1
57853.3643287 8812.1 8812.1
57853.3643866 7929.0 7929.0
57853.3644213 7786.3 7786.3
57853.3644676 8011.1 8011.1
57853.364537 8104.4 8104.4
57853.3645949 8157.1 8157.1
57853.3646412 8880.1 8880.1
57853.3646759 8857.6 8857.6
57853.3647569 8476.4 8476.4
57853.3648032 7975.7 7975.7
57853.3648495 8518.6 8518.6
57853.3648958 9312.4 9312.4
57853.3649653 9463.9 9463.9
57853.3650116 8408.1 8408.1
57853.3650579 8848.4 8848.4
57853.3651042 9057.6 9057.6
57853.3651736 8676.0 8676.0
57853.3652199 7992.9 7992.9
57853.3652662 8285.9 8285.9
57853.3653125 8508.8 8508.8
57853.3653935 9244.4 9244.4
57853.3654282 8631.1 8631.1
57853.3654745 9040.5 9040.5
57853.3655324 9179.2 9179.2
57853.3656019 8717.3 8717.3
57853.3656481 7712.0 7712.0
57853.3656829 7854.9 7854.9
57853.3657407 7867.2 7867.2
57853.3658102 7567.2 7567.2
57853.3658565 7697.0 7697.0
57853.3659028 7864.9 7864.9
57853.3659491 8170.3 8170.3
57853.3660185 7839.6 7839.6
57853.3660648 7879.5 7879.5
57853.3661111 7909.0 7909.0
57853.3661574 7858.3 7858.3
57853.3662269 8108.4 8108.4
57853.3662731 7967.3 7967.3
57853.3663194 8629.3 8629.3
57853.3663657 8941.8 8941.8
57853.3664352 9495.0 9495.0
57853.3664815 8283.3 8283.3
57853.3665394 8444.0 8444.0
57853.3665741 8764.2 8764.2
