57853.0515278 41522.807616 211664.862542
57853.0516435 43943.134376 98264.703692
57853.0517708 59299.439581 595077.309677
57853.0518866 218375.080162 162565.507171
57853.0520023 109375.776015 121962.10654
57853.0652778 37511.732389 50252.951248
57853.0653935 34576.81985 31119.899472
57853.0655093 1584523.02861 697689.954018
57853.065625 69450.106977 83826.468944
57853.0657523 29038.979682 26744.415051
57853.0658681 233277.389224 266937.906112
57853.0659722 74366.732958 108617.343447
57853.0659838 44317.5126 68300.107027
57853.0661111 35654.951133 55463.894031
57853.0662269 80641.534931 90913.233698
57853.0663426 74097.4703 47393.065398
57853.0664583 51291.851964 39323.180159
57853.0665856 52443.651784 41887.598784
57853.0666667 81649.036243 66331.660622
57853.0667014 180478.956782 155914.852696
57853.0668171 66078.500119 20328.696693
57853.0669444 43549.989094 17841.021634
57853.0670602 13553.48848 38159.974564
57853.0671759 20962.260042 30030.973233
57853.0673032 23803.491331 38548.239483
57853.0673611 15742.243793 19008.840725
57853.067419 11864.914864 12696.671431
57853.0675347 22827.765031 33099.319365
57853.067662 259267.194731 298015.001271
57853.0677778 53490.495579 34542.152605
57853.0678935 20980.652618 33188.353382
57853.0680208 78470.477906 2450197.9059
57853.0680556 91347.190971 663444.874338
57853.0681366 109194.248339 384137.238946
57853.0682523 156976.68886 282779.137598
57853.0683796 1126982.51794 267047.729029
57853.0684954 35387.227438 20336.275573
57853.0686111 44585.582508 30001.691589
57853.0687384 56734.56124 44320.865223
57853.06875 78828.921356 42543.065843
57853.0688542 129173.545032 41002.283126
57853.0689699 29638.085435 32739.382172
57853.0690972 32550.137956 18753.379449
57853.069213 25289.272595 37841.892815
57853.0693287 12856.358513 10869.37531
57853.0694444 13746.070387 13027.554578
57853.069456 14767.348671 16233.769791
57853.0695718 59814.032873 60827.696369
57853.0696875 195623.394469 261362.979948
57853.0698148 49902.943339 50224.687447
57853.0699306 42703.904437 35407.826691
57853.0700463 314678.330793 290060.446271
57853.0701389 33863.382883 37038.965964
57853.0729167 17098.809809 18923.590995
57853.0736111 16105.829346 17829.917504
57853.0743056 16052.408697 17776.119425
57853.075 17488.026129 19371.80281
57853.0756944 18968.84162 21018.638575
57853.0763889 19673.717623 21806.542345
57853.0770833 18988.424312 21053.68074
57853.1055556 24162.134321 27314.478549
57853.10625 25361.40593 28690.359974
57853.1069444 25475.703861 28840.385055
57853.1076389 25161.442187 28505.586122
57853.1083333 25533.967802 28949.428314
57853.1256944 28167.894702 32816.776517
57853.1263889 28014.648628 32689.893666
57853.1270833 28250.976386 33019.685317
57853.1277778 29019.349661 33975.350374
57853.1284722 30085.757805 35285.892044
57853.1291667 30122.853849 35393.925826
57853.13125 30997.596765 36637.572821
57853.1319444 31599.048149 37428.055251
57853.1326389 30461.09345 36160.25972
57853.1333333 31422.153948 37387.412949
57853.1340278 32116.751238 38306.08164
57853.1527778 7185.262376 7443.645779
57853.1528588 8807.011619 8436.043475
57853.1529745 5988.893609 6167.006903
57853.1531019 8879.474793 9330.644296
57853.1532176 6746.338981 7084.270452
57853.1533333 4407.95159 4401.948613
57853.1534606 11057.727291 10928.571832
57853.1534722 7278.01722 7268.374291
57853.1535764 5461.451973 5482.63726
57853.1536921 6242.483873 6565.215923
57853.1538194 5849.903492 5793.46232
57853.1539352 4632.587334 4627.579629
57853.1540509 6825.24849 6645.734506
57853.1541667 6637.673031 6618.405743
57853.1541782 6435.971698 6565.482216
57853.154294 5540.028503 5522.528794
57853.1544097 5090.053704 5224.135893
57853.154537 6957.662469 7003.201771
57853.1546528 5547.120297 5530.873852
57853.1547685 5574.822807 5620.550328
57853.1548611 6293.980851 6399.451763
57853.1548958 7243.208715 7446.49388
57853.1550116 27855.748191 28476.095225
57853.1551273 7626.124221 7854.85659
57853.1552546 12130.343052 12764.800522
57853.1553704 27689.188563 26588.531112
57853.1554861 36343.329643 36296.067277
57853.6319213 4312.876097 4304.330624
57853.6319444 4300.99061 4299.427494
