57853.219833333336 139.49320607112017 0.0 190.2226810924502 0.0
57853.22083333333 139.49320607112017 0.0 190.2226810924502 0.0
57853.22121527778 171.43973779727966 0.0 332.54986995035796 0.0
57853.22133101852 113.65278259681986 0.0 1471.3560748676712 0.0
57853.22144675926 99.3133646746499 0.0 485.14517586697696 0.0
57853.22152777778 96.34307616014759 0.0 130.11158526434147 0.0
57853.22157407407 90.3327490061052 0.0 93.53529827289802 0.0
57853.22168981482 99.3890088893133 0.0 137.69200271257586 0.0
57853.22180555556 94.2522137724096 0.0 87.70009647657179 0.0
57853.22193287037 83.4305296579136 0.0 78.06273652005802 0.0
57853.22204861111 79.82117938241704 0.0 75.17305556514249 0.0
57853.22216435185 81.52056919575574 0.0 76.58496098451705 0.0
57853.22222222222 86.8259792400869 0.0 81.47972155696165 0.0
57853.222291666665 93.18695312113171 0.0 87.31117110656574 0.0
57853.222407407404 79.84881143761628 0.0 74.7898122005932 0.0
57853.22252314815 78.70572825404768 0.0 73.70522545247385 0.0
57853.222650462965 79.41157516382609 0.0 74.02896071133243 0.0
57853.222766203704 80.74979611119771 0.0 75.71330429983887 0.0
57853.22288194444 109.98388451041362 0.0 100.95689611413378 0.0
57853.222916666666 91.6057596715403 0.0 85.11064018675926 0.0
57853.22300925926 80.19070769110347 0.0 75.00119772376972 0.0
57853.223125 79.69984499984928 0.0 74.3079084754779 0.0
57853.22324074074 86.11011329106472 0.0 79.91179692010435 0.0
57853.22335648148 79.85415910270423 0.0 74.49722071325883 0.0
57853.2234837963 83.76894904438039 0.0 77.68517098520155 0.0
57853.223599537036 78.40108396572079 0.0 73.26548260947989 0.0
57853.22361111111 78.79715185842697 0.0 73.68792937109849 0.0
57853.225752314815 88.41385605209175 0.0 81.84820916794698 0.0
57853.22586805555 76.51579280775962 0.0 71.8994175150258 0.0
57853.22599537037 83.92685795977351 0.0 77.98814011758455 0.0
57853.226111111115 77.87184691530052 0.0 72.60867234015507 0.0
57853.22622685185 76.2814308269057 0.0 71.52248628228747 0.0
57853.22635416667 76.72009418659495 0.0 71.95898314317678 0.0
57853.22638888889 76.47939107367422 0.0 71.67605758550062 0.0
57853.22646990741 76.22462061565147 0.0 71.39147591974829 0.0
57853.226585648146 76.49102236210469 0.0 71.73994005433794 0.0
57853.22671296296 78.1397618373642 0.0 73.19509479466504 0.0
57853.2268287037 76.12527620967953 0.0 71.43537079766577 0.0
57853.22694444445 75.87393060201903 0.0 71.13482465009666 0.0
57853.22707175926 78.62188548362346 0.0 73.41784204810163 0.0
57853.22708333333 77.1700259686363 0.0 72.20038024830617 0.0
57853.2271875 75.7923613499408 0.0 71.02840774647845 0.0
57853.22730324074 77.05346954550457 0.0 72.14601521913737 0.0
57853.227430555555 75.76906678189985 0.0 71.11711054310348 0.0
57853.22754629629 76.32186065604009 0.0 71.43268721670773 0.0
57853.22766203704 76.45850697600628 0.0 71.61158906210642 0.0
57853.22777777778 78.09625646597921 0.0 73.527967508969 0.0
57853.22790509259 75.6654749671209 0.0 70.9821408313387 0.0
57853.22802083333 76.08116873445097 0.0 71.33277150791213 0.0
57853.22813657407 76.32321675610902 0.0 71.47416259040745 0.0
57853.22826388889 77.4941394687366 0.0 72.72859783468948 0.0
57853.22837962963 76.32212227788219 0.0 71.41270564822482 0.0
57853.228472222225 77.93231524213816 0.0 73.15150923938617 0.0
57853.22849537037 79.66815479223803 0.0 75.04322987451967 0.0
57853.22862268519 75.58921032792973 0.0 70.82478226581428 0.0
57853.228738425925 75.55762625969665 0.0 70.97071260033958 0.0
57853.228854166664 76.20187367119 0.0 71.45378715645519 0.0
57853.22898148148 75.70521954924905 0.0 70.90193217395418 0.0
57853.229097222225 77.781193575311 0.0 72.80110249165187 0.0
57853.229166666664 76.69297298970747 0.0 71.82158144318461 0.0
57853.24653935185 71.13897875988944 0.0 66.61662505711318 0.0
57853.246666666666 71.79991938017757 0.0 67.30694167766056 0.0
57853.246782407405 71.22080998556531 0.0 66.61647582993264 0.0
57853.24689814815 70.9471029218248 0.0 66.43615572111318 0.0
57853.247025462966 71.2765038985499 0.0 66.74617427987914 0.0
57853.247141203705 71.10139393851573 0.0 66.52123158811779 0.0
57853.24722222222 71.11870714516681 0.0 66.59504490575857 0.0
57853.24725694444 71.13196850924344 0.0 66.67555890279435 0.0
57853.24738425926 70.79576974650392 0.0 66.29327641623998 0.0
57853.2475 70.76935668069903 0.0 66.27773132055744 0.0
57853.247615740744 70.86610334285356 0.0 66.32070642717854 0.0
57853.24774305556 70.7173614043963 0.0 66.21955849294073 0.0
57853.2478587963 70.67571189595475 0.0 66.2099975909983 0.0
57853.24791666667 70.67577500813132 0.0 66.21190207205952 0.0
57853.24797453704 70.70560403532382 0.0 66.22671802226047 0.0
57853.24810185185 71.08257658526455 0.0 66.49565727173467 0.0
57853.24821759259 70.64419596116868 0.0 66.14506725372648 0.0
57853.24833333334 70.84013170512884 0.0 66.226602260723 0.0
57853.248460648145 70.62204329386115 0.0 66.11909276449579 0.0
57853.24857638889 70.81414838152048 0.0 66.35372131990789 0.0
57853.248611111114 71.16198641831186 0.0 66.59356957694939 0.0
57853.24869212963 71.5068765224716 0.0 66.83261125378837 0.0
57853.248819444445 70.66101159055113 0.0 66.16700451886877 0.0
57853.248935185184 70.75955145420299 0.0 66.20891071449522 0.0
57853.24905092592 70.87113609926116 0.0 66.27795027759986 0.0
57853.24917824074 71.02839594134166 0.0 66.5092719626369 0.0
57853.249293981484 70.65509974517055 0.0 66.07663820140974 0.0
57853.24930555555 70.74370373397197 0.0 66.1633175634354 0.0
57853.24940972222 70.81832899751306 0.0 66.24510922324757 0.0
57853.24953703704 70.63300526665986 0.0 66.09566283804105 0.0
57853.24965277778 70.5309092242543 0.0 65.97721058820235 0.0
57853.249768518515 70.44713133265257 0.0 65.92271811750484 0.0
57853.24989583333 70.82001895650693 0.0 66.17305683584522 0.0
57853.25 70.59597944642456 0.0 66.01288643136277 0.0
57853.25216435185 69.81795377265077 0.0 65.47169699954324 0.0
57853.252280092594 69.88731748321723 0.0 65.54214162659014 0.0
57853.25239583333 69.81552414040877 0.0 65.4865792281136 0.0
57853.25252314815 69.96816488946956 0.0 65.65199437183915 0.0
57853.25263888889 70.8244901287683 0.0 66.25366800411884 0.0
57853.252754629626 69.9218206642247 0.0 65.56138138416549 0.0
57853.25277777778 69.85897487796396 0.0 65.48148155776562 0.0
57853.25288194444 69.80115052060388 0.0 65.40580951261134 0.0
57853.25299768519 69.84461629932547 0.0 65.48535866894217 0.0
57853.253113425926 69.63760321119618 0.0 65.27135465883943 0.0
57853.25324074074 69.67464437655926 0.0 65.30369346369315 0.0
57853.25335648148 69.94523321142049 0.0 65.55900313458099 0.0
57853.25347222222 69.8321689552888 0.0 65.48609531801388 0.0
57853.253599537034 69.65749180095419 0.0 65.24120907831184 0.0
57853.25371527778 69.98879852519258 0.0 65.52844228272178 0.0
57853.25383101852 69.93776349012028 0.0 65.45918416081886 0.0
57853.253958333335 69.70614356712039 0.0 65.25826308598782 0.0
57853.25407407407 69.78167674253751 0.0 65.29891334471041 0.0
57853.254166666666 69.84354778359989 0.0 65.39376060451028 0.0
57853.25418981481 69.8410109749279 0.0 65.4524510312639 0.0
57853.25431712963 69.72567998951318 0.0 65.27853870147524 0.0
57853.25443287037 69.59385924778134 0.0 65.16120204538895 0.0
57853.25454861111 69.5832302210813 0.0 65.19948476023411 0.0
57853.25466435185 69.68703485584675 0.0 65.22736904858266 0.0
57853.254791666666 69.49237607104826 0.0 65.12225917457103 0.0
57853.25486111111 69.69178230609403 0.0 65.26171975208744 0.0
57853.254907407405 69.93583104532325 0.0 65.42977371961483 0.0
57853.25502314815 70.19085504536898 0.0 65.81232726473058 0.0
57853.25515046297 69.75386976361956 0.0 65.22727880266046 0.0
57853.255266203705 69.41294052984645 0.0 65.03128926140093 0.0
57853.255381944444 69.80028270716387 0.0 65.46474616921691 0.0
57853.25550925926 69.88154824415383 0.0 65.50676857394204 0.0
57853.25555555556 69.63049516555228 0.0 65.24804096676007 0.0
57853.2840625 66.75665214793204 0.0 62.63590346598347 0.0
57853.28418981482 66.62774978940831 0.0 62.51032530710427 0.0
57853.28430555556 66.66933230504112 0.0 62.50650696527522 0.0
57853.284421296295 67.25686667545553 0.0 63.09115239080675 0.0
57853.28454861111 66.54632937285122 0.0 62.410758383471034 0.0
57853.28466435185 66.72312017584309 0.0 62.52263342182573 0.0
57853.28472222222 66.63952144185912 0.0 62.48069028107804 0.0
57853.284780092596 66.53125226538276 0.0 62.433916023264146 0.0
57853.284907407404 66.4980462570142 0.0 62.3849035745027 0.0
57853.28502314815 66.51634248814347 0.0 62.3835888114815 0.0
57853.28513888889 66.39267250231761 0.0 62.3129161731338 0.0
57853.285266203704 66.46291628419566 0.0 62.393294647742394 0.0
57853.28538194444 66.36547523373882 0.0 62.307690087179445 0.0
57853.285416666666 66.34058196910847 0.0 62.274557670046924 0.0
57853.28549768519 66.34918067316279 0.0 62.257461030787304 0.0
57853.285625 66.63914355692155 0.0 62.583739102102236 0.0
57853.28574074074 66.52612080228337 0.0 62.4262523062213 0.0
57853.28585648148 66.45853550899237 0.0 62.45796676966038 0.0
57853.28597222222 66.55557420682358 0.0 62.367075111792765 0.0
57853.286099537036 66.38950844824807 0.0 62.28620001252284 0.0
57853.28611111111 66.42943243773801 0.0 62.34406263630884 0.0
57853.286215277774 66.45202075934185 0.0 62.39647606235467 0.0
57853.28633101852 66.27335895365498 0.0 62.19704524332325 0.0
57853.286458333336 66.30903435430197 0.0 62.25295194607241 0.0
57853.286574074074 66.52213170066034 0.0 62.41331833831622 0.0
57853.28668981481 66.21910507549917 0.0 62.18047130731642 0.0
57853.28680555556 66.32446331482826 0.0 62.274825844798634 0.0
57853.28681712963 66.4597762108781 0.0 62.38266226284351 0.0
57853.28693287037 66.25286293436685 0.0 62.198673450484456 0.0
57853.28704861111 66.28608223450833 0.0 62.236927269909465 0.0
57853.28717592593 66.34907366346572 0.0 62.302066803598095 0.0
57853.28729166667 66.51486367722632 0.0 62.51050361339285 0.0
57853.287407407406 66.27133687349306 0.0 62.20345581235821 0.0
57853.2875 66.5146449137331 0.0 62.43072396664962 0.0
57853.2896875 65.81887375973551 0.0 61.68596857470911 0.0
57853.28980324074 65.72593173930667 0.0 61.60279347562089 0.0
57853.28991898148 65.7196349883351 0.0 61.5817773127733 0.0
57853.29004629629 65.89051245816806 0.0 61.710819067648096 0.0
57853.29016203704 65.68840237058593 0.0 61.54804824687782 0.0
57853.29027777778 65.99904301578925 0.0 61.799630241612284 0.0
57853.29039351852 65.70360693295308 0.0 61.55429850952734 0.0
57853.29052083333 65.75184779152598 0.0 61.54108597514347 0.0
57853.29063657407 65.7314176098462 0.0 61.58112916308047 0.0
57853.29075231482 65.88170070664539 0.0 61.68417647176624 0.0
57853.29087962963 65.62823235468102 0.0 61.49137250866986 0.0
57853.290972222225 65.63548045836185 0.0 61.50277187249368 0.0
57853.29099537037 65.64724158713753 0.0 61.51151897002707 0.0
57853.29111111111 65.64830991731623 0.0 61.521044464475736 0.0
57853.291238425925 65.62174844516107 0.0 61.480766659175615 0.0
57853.291354166664 65.60115426575967 0.0 61.442913399349806 0.0
57853.29146990741 65.74334004292754 0.0 61.57473554957423 0.0
57853.291597222225 65.61112065038975 0.0 61.485276522107306 0.0
57853.291666666664 65.6469230657462 0.0 61.51944969682352 0.0
57853.291712962964 65.6912640691287 0.0 61.567991635264505 0.0
57853.2918287037 65.56396158714023 0.0 61.45316196096015 0.0
57853.29195601852 65.58151914220956 0.0 61.43651561571506 0.0
57853.29207175926 65.72152176418315 0.0 61.538840401814525 0.0
57853.2921875 65.71112338105323 0.0 61.60295183674237 0.0
57853.29231481482 65.59820892371987 0.0 61.506388773850155 0.0
57853.29236111111 65.58079075461046 0.0 61.51908519313336 0.0
57853.29243055556 65.59110826933785 0.0 61.52905101657265 0.0
57853.292546296296 65.53734251554606 0.0 61.42226895841605 0.0
57853.29267361111 65.59233882093243 0.0 61.54210310835989 0.0
57853.29278935185 65.66451648340983 0.0 61.52982872558643 0.0
57853.292905092596 65.6701197501573 0.0 61.528131289679195 0.0
57853.293032407404 65.59956734613422 0.0 61.3994906574965 0.0
57853.29305555556 65.65440134522589 0.0 61.41817509499936 0.0
57853.30903935185 64.9936807158973 0.0 60.64784646630085 0.0
57853.30915509259 64.97285036844235 0.0 60.58342460607522 0.0
57853.309282407405 64.95599309532571 0.0 60.58833992609469 0.0
57853.30939814815 65.00160811087676 0.0 60.61237692913882 0.0
57853.30951388889 65.03956930976712 0.0 60.634271200369845 0.0
57853.309641203705 65.07407675103812 0.0 60.667345607006745 0.0
57853.30972222222 65.07853091458043 0.0 60.64178052300246 0.0
57853.30975694444 65.06910329795548 0.0 60.6104232950076 0.0
57853.30987268518 64.96590897540032 0.0 60.53686025059443 0.0
57853.31 64.93962940300783 0.0 60.551593257320654 0.0
57853.310115740744 65.01605445580346 0.0 60.68998339923978 0.0
57853.31023148148 64.95559931984309 0.0 60.55837084994939 0.0
57853.3103587963 64.912508640477 0.0 60.520248198433556 0.0
57853.31041666667 64.8800535758102 0.0 60.48898330274696 0.0
57853.31047453704 64.85551732890579 0.0 60.46405451175103 0.0
57853.310590277775 64.88134234893727 0.0 60.47483465045605 0.0
57853.31071759259 64.89573247910836 0.0 60.49943883210819 0.0
57853.31083333334 64.99365621351056 0.0 60.60305605330477 0.0
57853.310949074075 65.03907364807712 0.0 60.56210264678729 0.0
57853.31107638889 64.96900879650235 0.0 60.65479506189102 0.0
57853.311111111114 64.91916386553358 0.0 60.55608709287614 0.0
57853.31119212963 64.86959023302059 0.0 60.4579053060888 0.0
57853.31130787037 64.96932406913281 0.0 60.65735797906137 0.0
57853.311435185184 64.83852753571753 0.0 60.45649147941021 0.0
57853.31155092592 64.99105528455435 0.0 60.5999229537464 0.0
57853.31166666667 64.82867792883023 0.0 60.45514862276 0.0
57853.311793981484 65.21532230235468 0.0 60.847525857671485 0.0
57853.31180555555 65.03991794275267 0.0 60.64879777044224 0.0
57853.31190972222 64.8690712666676 0.0 60.45054426553991 0.0
57853.31202546296 64.92661282555868 0.0 60.49528979185074 0.0
57853.31215277778 64.8266355212115 0.0 60.40769873948187 0.0
57853.312268518515 64.88737470417492 0.0 60.54015483957735 0.0
57853.31238425926 64.85193162119383 0.0 60.447911849790145 0.0
57853.3125 64.82813307507783 0.0 60.42657559385606 0.0
57853.330671296295 63.829323112500575 0.0 59.62139349260465 0.0
57853.33078703703 63.79935404845413 0.0 59.59935746297941 0.0
57853.33090277778 63.78812213100492 0.0 59.61082820260091 0.0
57853.331030092595 63.79681595503023 0.0 59.62549538578275 0.0
57853.331145833334 63.84344072808106 0.0 59.70927787203593 0.0
57853.33125 63.869846320466436 0.0 59.7523215950644 0.0
57853.33126157407 63.929379490184324 0.0 59.79552564364661 0.0
57853.33138888889 63.91828892421949 0.0 59.70666427627656 0.0
57853.33150462963 63.98000414973416 0.0 59.73563738673925 0.0
57853.33162037037 64.00234605856258 0.0 59.73825308795027 0.0
57853.33174768519 64.07461614399263 0.0 59.78539633556007 0.0
57853.33186342593 64.13127005603428 0.0 59.78641990452347 0.0
57853.33194444444 64.23108231222638 0.0 59.86876450203395 0.0
57853.331979166665 64.27309541324426 0.0 59.92413558825859 0.0
57853.33210648148 64.0437242670974 0.0 59.74119108287012 0.0
57853.33222222222 64.04900039813268 0.0 59.744810201389036 0.0
57853.332337962966 64.01228758605647 0.0 59.714546678342955 0.0
57853.33246527778 63.9768594571506 0.0 59.701551755377345 0.0
57853.33258101852 63.98044423103047 0.0 59.712249346344336 0.0
57853.33263888889 64.02082187851074 0.0 59.74854742167378 0.0
57853.33269675926 64.08235291404335 0.0 59.79692523031598 0.0
57853.332824074074 63.941123950083956 0.0 59.65886788231905 0.0
57853.33293981481 63.993367984502896 0.0 59.74077363911519 0.0
57853.33305555556 63.96404346974947 0.0 59.680587798713916 0.0
57853.333182870374 63.9888926298932 0.0 59.70331789775171 0.0
57853.33329861111 64.02827131822318 0.0 59.73412645213789 0.0
57853.333333333336 64.00744815253925 0.0 59.71853630155381 0.0
57853.33341435185 63.973730085090395 0.0 59.690349446120685 0.0
57853.33354166667 64.0333496156495 0.0 59.771906402590176 0.0
57853.333657407406 64.02631368429702 0.0 59.76637592325638 0.0
57853.33377314815 63.933819720082425 0.0 59.6118079745951 0.0
57853.33390046296 63.92159735175585 0.0 59.636955053054145 0.0
57853.334016203706 63.86852661522732 0.0 59.60078625320307 0.0
57853.334027777775 63.92283669393905 0.0 59.68251661081325 0.0
57853.336168981485 63.66461372693625 0.0 59.49999150420108 0.0
57853.33628472222 63.82623007823665 0.0 59.70638526154468 0.0
57853.33640046296 63.82144688895732 0.0 59.61412420727155 0.0
57853.33652777778 63.67312518637671 0.0 59.53270656538304 0.0
57853.336643518516 63.75292928172007 0.0 59.56112838924393 0.0
57853.33675925926 63.69158656368987 0.0 59.542142957740445 0.0
57853.336805555555 63.70564478913937 0.0 59.529058668855164 0.0
57853.33688657408 63.70745485420054 0.0 59.51157852888797 0.0
57853.337002314816 63.67382399385166 0.0 59.51537266958849 0.0
57853.337118055555 63.68839809572855 0.0 59.5046508770533 0.0
57853.33724537037 63.733237160840964 0.0 59.646163690550964 0.0
57853.33736111111 63.78734764042161 0.0 59.733728621273926 0.0
57853.337476851855 63.63210419277363 0.0 59.5311655017773 0.0
57853.3375 63.622913592510045 0.0 59.515766096052225 0.0
57853.33760416666 63.62463658049451 0.0 59.50279745524575 0.0
57853.33771990741 63.66899985079081 0.0 59.50418123123786 0.0
57853.33783564815 63.556414711655975 0.0 59.425304357655584 0.0
57853.33796296296 63.57815104263413 0.0 59.45009944482852 0.0
57853.3380787037 63.55615511498473 0.0 59.43696941298404 0.0
57853.33819444444 63.547458942116634 0.0 59.40422776200361 0.0
57853.338321759256 63.542550318664425 0.0 59.409823522713815 0.0
57853.3384375 63.5441324828658 0.0 59.41558543008728 0.0
57853.33855324074 63.560233401081845 0.0 59.41989696221292 0.0
57853.33868055556 63.55116671627673 0.0 59.42896042334915 0.0
57853.338796296295 63.53947102392339 0.0 59.4264730486338 0.0
57853.33888888889 63.52438466447353 0.0 59.38411890396287 0.0
57853.338912037034 63.512397459078805 0.0 59.349722543580604 0.0
57853.33903935185 63.51399146644777 0.0 59.35695957509953 0.0
57853.339155092595 63.52285834248959 0.0 59.377170655059004 0.0
57853.339270833334 63.50246898349701 0.0 59.33965422042835 0.0
57853.33939814815 63.5299809853584 0.0 59.38868350957108 0.0
57853.33951388889 63.53398371737758 0.0 59.37326387356518 0.0
57853.339583333334 63.57763480973478 0.0 59.456300709008126 0.0
57853.363287037035 63.00751115541702 0.0 58.7308573494377 0.0
57853.36341435185 62.98771757255537 0.0 58.72376875678195 0.0
57853.363530092596 62.990183385984835 0.0 58.74039203137821 0.0
57853.363645833335 62.97882260728601 0.0 58.752048185573926 0.0
57853.36377314815 62.985543492137936 0.0 58.74485568966869 0.0
57853.36388888889 63.02841596454729 0.0 58.791707774141074 0.0
57853.36400462963 63.00370551800902 0.0 58.75620749333639 0.0
57853.36413194444 63.02573126112858 0.0 58.78118351989861 0.0
57853.36424768518 62.96707931133538 0.0 58.73352329802802 0.0
57853.36436342593 63.01798234631128 0.0 58.76717415360381 0.0
57853.36449074074 62.97092860995461 0.0 58.74502164439128 0.0
57853.364583333336 62.96649846545383 0.0 58.71659740652552 0.0
57853.36460648148 62.96887004703197 0.0 58.69840401578224 0.0
57853.36472222222 62.90963506490878 0.0 58.672912830368325 0.0
57853.364849537036 62.91720345819576 0.0 58.672358875368225 0.0
57853.364965277775 62.9527369381189 0.0 58.72045852171115 0.0
57853.36508101852 62.910912368205246 0.0 58.665957070519184 0.0
57853.365208333336 62.90286186653196 0.0 58.66931304353239 0.0
57853.365277777775 62.91466844862174 0.0 58.672460660858604 0.0
57853.365324074075 62.923813036083565 0.0 58.67372054847042 0.0
57853.365439814814 63.077953525776344 0.0 58.82193468426553 0.0
57853.36556712963 62.95140982535658 0.0 58.713335912720886 0.0
57853.36568287037 62.938794665929215 0.0 58.695524590891935 0.0
57853.365798611114 62.96529987223121 0.0 58.709402407110225 0.0
57853.36592592593 62.902514099199564 0.0 58.67318069612384 0.0
57853.36597222222 62.906557949072365 0.0 58.67559285597377 0.0
57853.36604166667 62.93100991562109 0.0 58.68716603312857 0.0
57853.36615740741 62.924884441689684 0.0 58.695693836941736 0.0
57853.36628472222 62.93624651184721 0.0 58.69290584900359 0.0
57853.36640046296 62.96204765571082 0.0 58.69363761090294 0.0
57853.36651620371 62.97681142293567 0.0 58.70888914806684 0.0
57853.366631944446 63.03344284584176 0.0 58.74469694363909 0.0
57853.36666666667 63.03578932638188 0.0 58.73555168720219 0.0
57853.367666666665 63.03578932638188 0.0 58.73555168720219 0.0
