57853.6243519 72.3884623355 0.0 71.6623019302 0.0
57853.6243634 72.4010205277 0.0 71.6581446977 0.0
57853.624375 72.4037038638 0.0 71.7150764736 0.0
57853.6243866 72.3627262996 0.0 71.6744102204 0.0
57853.6243981 72.3610049322 0.0 71.6646189568 0.0
57853.6244097 72.4351713726 0.0 71.677368434 0.0
57853.6244213 72.4940874021 0.0 71.7345870119 0.0
57853.6244329 72.4818474433 0.0 71.7876177992 0.0
57853.6244444 72.428488376 0.0 71.7060006067 0.0
57853.624456 72.4403169581 0.0 71.7384866991 0.0
57853.6244676 72.4947571005 0.0 71.7858209941 0.0
57853.6244792 72.5469688322 0.0 71.8702252128 0.0
57853.6244907 72.5523582296 0.0 71.8818966502 0.0
57853.6245023 72.4923481185 0.0 71.8494402916 0.0
57853.6245139 72.5057415494 0.0 71.8357357044 0.0
57853.6245255 72.5418042826 0.0 71.8222301202 0.0
57853.624537 72.6171459345 0.0 71.8199721229 0.0
57853.6245486 72.6280323071 0.0 71.9058281757 0.0
57853.6245602 72.5351770182 0.0 71.8676032669 0.0
57853.6245718 72.5700503315 0.0 71.8797654478 0.0
57853.6245833 72.6341496462 0.0 71.9060023947 0.0
57853.6245949 72.6721286219 0.0 71.9245803348 0.0
57853.6246065 72.6682416512 0.0 71.9938070672 0.0
57853.6246181 72.5762272233 0.0 71.9327524377 0.0
57853.6246296 72.5937134914 0.0 71.8860660586 0.0
57853.6246412 72.6572728894 0.0 71.9166388318 0.0
57853.6246528 72.7156617306 0.0 71.8999593567 0.0
57853.6246644 72.6954131526 0.0 71.966610069 0.0
57853.6246759 72.6226051009 0.0 71.9403067815 0.0
57853.6246875 72.642119402 0.0 71.9282990204 0.0
57853.6246991 72.6821972226 0.0 71.9309081167 0.0
57853.6247106 72.7127038543 0.0 71.9825953233 0.0
57853.6247222 72.6623839912 0.0 71.9625799769 0.0
57853.6247338 72.5808165462 0.0 71.9238712234 0.0
57853.6247454 72.5694541693 0.0 71.8666140091 0.0
57853.6247569 72.6196154896 0.0 71.8934969366 0.0
57853.6247685 72.6315386402 0.0 71.8765832475 0.0
57853.6247801 72.5897162411 0.0 71.8963627516 0.0
57853.6247917 72.5202640948 0.0 71.8860333994 0.0
57853.6248032 72.5124586797 0.0 71.7743884512 0.0
57853.6248148 72.5346921439 0.0 71.7989069076 0.0
57853.6248264 72.5838539146 0.0 71.8270533235 0.0
57853.624838 72.5643146679 0.0 71.8271464053 0.0
57853.6248495 72.4885652579 0.0 71.7983679196 0.0
57853.6248611 72.5156705589 0.0 71.8179184556 0.0
57853.6248727 72.5836137414 0.0 71.8522515777 0.0
57853.6248843 72.5974934094 0.0 71.8701308796 0.0
57853.6248958 72.5775570405 0.0 71.8058161336 0.0
57853.6249074 72.5147654905 0.0 71.7936090051 0.0
57853.624919 72.5103919112 0.0 71.7615825361 0.0
57853.6249306 72.5503288081 0.0 71.7775865738 0.0
57853.6249421 72.5999851551 0.0 71.8151891651 0.0
57853.6249537 72.5842757126 0.0 71.8467850628 0.0
57853.6249653 72.5197434748 0.0 71.7603624395 0.0
57853.6249769 72.529718146 0.0 71.7106730552 0.0
57853.6249884 72.553625595 0.0 71.803198376 0.0
57853.625 72.5885356209 0.0 71.8231995766 0.0
57853.6250116 72.5374831911 0.0 71.7667373144 0.0
57853.6250231 72.4606873078 0.0 71.5203955958 0.0
57853.6250347 72.4600894508 0.0 71.5216367381 0.0
57853.6250463 72.506185682 0.0 71.5457445905 0.0
57853.6250579 72.5238297023 0.0 71.5381587134 0.0
57853.6250694 72.4802850351 0.0 71.5535106719 0.0
57853.625081 72.4095836179 0.0 71.615169856 0.0
57853.6250926 72.3951377291 0.0 71.5459748037 0.0
57853.6251042 72.4322831434 0.0 71.5297250405 0.0
57853.6251157 72.4825659926 0.0 71.5690326654 0.0
57853.6251273 72.4247689125 0.0 71.5738587862 0.0
57853.6251389 72.3540375291 0.0 71.4892072231 0.0
57853.6251505 72.3799381216 0.0 71.4836120497 0.0
57853.625162 72.4290538237 0.0 71.5445115734 0.0
57853.6251736 72.4457086113 0.0 71.6430401982 0.0
57853.6251852 72.4234710713 0.0 71.6291806166 0.0
57853.6251968 72.3816121407 0.0 71.5646347533 0.0
57853.6252083 72.3557468495 0.0 71.51861585 0.0
57853.6252199 72.3994236807 0.0 71.5589724974 0.0
57853.6252315 72.4140610638 0.0 71.5946260543 0.0
57853.6252431 72.3930306006 0.0 71.6082635403 0.0
57853.6252546 72.3163116116 0.0 71.4957182711 0.0
57853.6252662 72.3460027066 0.0 71.4936811872 0.0
57853.6252778 72.381692027 0.0 71.5142865179 0.0
57853.6252894 72.422720765 0.0 71.5694425687 0.0
57853.6253009 72.3966200215 0.0 71.5531815981 0.0
57853.6253125 72.3247002037 0.0 71.4734982001 0.0
57853.6253241 72.3723660597 0.0 71.4753264914 0.0
57853.6253356 72.4275364275 0.0 71.5706927849 0.0
57853.6253472 72.4713169075 0.0 71.6335742535 0.0
57853.6253588 72.4641802528 0.0 71.6093405841 0.0
57853.6253704 72.3965723206 0.0 71.6260948163 0.0
57853.6253819 72.4416066795 0.0 71.5913218972 0.0
57853.6253935 72.4939262455 0.0 71.6484395598 0.0
57853.6254051 72.5295557343 0.0 71.7112851992 0.0
57853.6254167 72.5107035355 0.0 71.7021734739 0.0
57853.6254282 72.4329118417 0.0 71.6981364375 0.0
57853.6254398 72.4047593302 0.0 71.6657352527 0.0
57853.6254514 72.4306929252 0.0 71.6272263452 0.0
57853.625463 72.4333007539 0.0 71.5350372762 0.0
57853.6254745 72.4075369926 0.0 71.4390526107 0.0
57853.6254861 72.3592108811 0.0 71.4046325918 0.0
57853.6254977 72.3522984404 0.0 71.3456257334 0.0
57853.6255093 72.4238348945 0.0 71.3808175909 0.0
57853.6255208 72.4423678737 0.0 71.4163388797 0.0
57853.6255324 72.4381754156 0.0 71.4318050141 0.0
57853.625544 72.3762038783 0.0 71.4042992134 0.0
57853.6255556 72.3535321292 0.0 71.3597572331 0.0
57853.6255671 72.4082311228 0.0 71.3741530928 0.0
57853.6255787 72.4360828353 0.0 71.4285509967 0.0
57853.6255903 72.4080891954 0.0 71.4261240988 0.0
57853.6256019 72.3288340036 0.0 71.3955511493 0.0
57853.6256134 72.333916597 0.0 71.3460539302 0.0
57853.625625 72.3714587883 0.0 71.4116398244 0.0
57853.6256366 72.383573547 0.0 71.5340213246 0.0
57853.6256481 72.388389598 0.0 71.6076713524 0.0
57853.6256597 72.3054313814 0.0 71.5450021267 0.0
57853.6256713 72.3186267411 0.0 71.5809784512 0.0
57853.6256829 72.3594790925 0.0 71.6029315684 0.0
57853.6256944 72.3921016663 0.0 71.6161553069 0.0
57853.625706 72.3645347228 0.0 71.624640013 0.0
57853.6257176 72.2878602826 0.0 71.5624744492 0.0
57853.6257292 72.301191385 0.0 71.5354349827 0.0
57853.6257407 72.3175555547 0.0 71.5275582919 0.0
57853.6257523 72.3506809618 0.0 71.5159625596 0.0
57853.6257639 72.3275779957 0.0 71.4518576315 0.0
57853.6257755 72.2590912254 0.0 71.4623003739 0.0
57853.625787 72.2302023373 0.0 71.4240463568 0.0
57853.6257986 72.2674890384 0.0 71.4549956335 0.0
57853.6258102 72.3067657269 0.0 71.4357742697 0.0
57853.6258218 72.2851004274 0.0 71.4484355681 0.0
57853.6258333 72.183475366 0.0 71.4017730364 0.0
57853.6258449 72.2123904832 0.0 71.4616452608 0.0
57853.6258565 72.2698208378 0.0 71.4843961975 0.0
57853.6258681 72.2966370853 0.0 71.5068007163 0.0
57853.6258796 72.2618848566 0.0 71.5013647491 0.0
57853.6258912 72.1761212554 0.0 71.5056019338 0.0
57853.6259028 72.1724711822 0.0 71.4745604837 0.0
57853.6259144 72.1866891758 0.0 71.4241968291 0.0
57853.6259259 72.2086616539 0.0 71.4323046233 0.0
57853.6259375 72.1850816623 0.0 71.4283788487 0.0
57853.6259491 72.0949188791 0.0 71.3685369357 0.0
57853.6259606 72.0780499169 0.0 71.3639857787 0.0
57853.6259722 72.129057019 0.0 71.3444445935 0.0
57853.6259838 72.1866808467 0.0 71.3513656534 0.0
57853.6259954 72.1571526368 0.0 71.40719134 0.0
57853.6260069 72.0810783123 0.0 71.3501146777 0.0
57853.6260185 72.0917378904 0.0 71.2882837834 0.0
57853.6260301 72.1529168892 0.0 71.3106847871 0.0
57853.6260417 72.1840155545 0.0 71.3556046571 0.0
57853.6260532 72.1709781189 0.0 71.3751252458 0.0
57853.6260648 72.0972167223 0.0 71.3371030878 0.0
57853.6260764 72.1340480432 0.0 71.3033194008 0.0
57853.626088 72.1463667805 0.0 71.3372955185 0.0
57853.6260995 72.229420231 0.0 71.387149231 0.0
57853.6261111 72.2072549011 0.0 71.446724582 0.0
57853.6261227 72.1325983954 0.0 71.4136811891 0.0
57853.6261343 72.1738452969 0.0 71.3486953212 0.0
57853.6261458 72.1954578025 0.0 71.3967642052 0.0
57853.6261574 72.2565286832 0.0 71.4829387235 0.0
57853.626169 72.2557820819 0.0 71.514429902 0.0
57853.6261806 72.2088080432 0.0 71.4646113693 0.0
57853.6261921 72.2170002471 0.0 71.5169132532 0.0
57853.6262037 72.2966204077 0.0 71.506893487 0.0
57853.6262153 72.3382998827 0.0 71.4266032137 0.0
57853.6262269 72.3700388843 0.0 71.445507284 0.0
57853.6262384 72.2612370507 0.0 71.413586101 0.0
57853.62625 72.2827194172 0.0 71.4646342508 0.0
57853.6262616 72.3537609892 0.0 71.4443092658 0.0
57853.6262731 72.4165336495 0.0 71.5487289671 0.0
57853.6262847 72.440568697 0.0 71.5645792984 0.0
57853.6262963 72.3919895747 0.0 71.5307517927 0.0
57853.6263079 72.4379857214 0.0 71.5098405103 0.0
57853.6263194 72.4986954053 0.0 71.6319793954 0.0
57853.626331 72.5387097494 0.0 71.6267667354 0.0
57853.6263426 72.5383108476 0.0 71.6854638581 0.0
57853.6263542 72.4713956762 0.0 71.6153435455 0.0
57853.6263657 72.4845533711 0.0 71.5623876523 0.0
57853.6263773 72.5136586441 0.0 71.5747570043 0.0
57853.6263889 72.5635716018 0.0 71.6253046841 0.0
57853.6264005 72.5549515092 0.0 71.6894593176 0.0
57853.626412 72.4684526334 0.0 71.5928051362 0.0
57853.6264236 72.456663481 0.0 71.6380899449 0.0
57853.6264352 72.4702964999 0.0 71.6560402052 0.0
57853.6264468 72.4914981852 0.0 71.5778773229 0.0
57853.6264583 72.5003727266 0.0 71.5585517895 0.0
57853.6264699 72.421123551 0.0 71.542947123 0.0
57853.6264815 72.4288641478 0.0 71.4293479379 0.0
57853.6264931 72.4916115888 0.0 71.4402806628 0.0
57853.6265046 72.5200049785 0.0 71.4710545108 0.0
57853.6265162 72.5302877838 0.0 71.5150805555 0.0
57853.6265278 72.4594641513 0.0 71.4409717501 0.0
57853.6265394 72.464405801 0.0 71.5633279564 0.0
57853.6265509 72.5141887825 0.0 71.6070007733 0.0
57853.6265625 72.5208993505 0.0 71.6766901248 0.0
57853.6265741 72.5057128959 0.0 71.6980700402 0.0
57853.6265856 72.4340702322 0.0 71.6094045075 0.0
57853.6265972 72.4501651007 0.0 71.5563940334 0.0
57853.6266088 72.4927587633 0.0 71.6005750302 0.0
57853.6266204 72.5080971469 0.0 71.6059394347 0.0
57853.6266319 72.5116610999 0.0 71.6009814506 0.0
57853.6266435 72.4439726061 0.0 71.5852312112 0.0
57853.6266551 72.4690887334 0.0 71.5770839711 0.0
57853.6266667 72.5359604658 0.0 71.6378788138 0.0
57853.6266782 72.5735258286 0.0 71.6844668298 0.0
57853.6266898 72.5724266544 0.0 71.6987617806 0.0
57853.6267014 72.509919104 0.0 71.6404353413 0.0
57853.626713 72.5329592759 0.0 71.6648494558 0.0
57853.6267245 72.5570550926 0.0 71.6533227755 0.0
57853.6267361 72.6011085537 0.0 71.702771076 0.0
57853.6267477 72.5881938651 0.0 71.7412077582 0.0
57853.6267593 72.5230463557 0.0 71.665413034 0.0
57853.6267708 72.524256008 0.0 71.6588180485 0.0
57853.6267824 72.5906220306 0.0 71.7413526902 0.0
57853.626794 72.636898215 0.0 71.8045821771 0.0
57853.6268056 72.6310604418 0.0 71.8746069744 0.0
57853.6268171 72.5974085597 0.0 71.8163930409 0.0
57853.6268287 72.6466509628 0.0 71.8123777633 0.0
57853.6268403 72.6705917542 0.0 71.8505998615 0.0
57853.6268519 72.7074584002 0.0 71.9233363682 0.0
57853.6268634 72.7230101595 0.0 71.9375425143 0.0
57853.626875 72.6458534401 0.0 71.912146241 0.0
57853.6268866 72.6973655549 0.0 71.9332002112 0.0
57853.6268981 72.7341290287 0.0 71.8685562537 0.0
57853.6269097 72.7615351145 0.0 71.9066714474 0.0
57853.6269213 72.7309671195 0.0 71.9223211196 0.0
57853.6269329 72.5935521641 0.0 71.8552286083 0.0
57853.6269444 72.6108551974 0.0 71.8283758183 0.0
57853.626956 72.6684090866 0.0 71.8157197872 0.0
57853.6269676 72.6939907479 0.0 71.8405789354 0.0
57853.6269792 72.6754870943 0.0 71.8152822353 0.0
57853.6269907 72.597358367 0.0 71.7521217595 0.0
57853.6270023 72.6179707061 0.0 71.7532161272 0.0
57853.6270139 72.6660303356 0.0 71.8201268449 0.0
57853.6270255 72.7289386229 0.0 71.8700377558 0.0
57853.627037 72.7287064556 0.0 71.8742163206 0.0
57853.6270486 72.6838168156 0.0 71.8261466877 0.0
57853.6270602 72.7048908191 0.0 71.8629581978 0.0
57853.6270718 72.7461972046 0.0 71.9235626527 0.0
57853.629213 73.5579953861 0.0 72.7824865021 0.0
57853.6292245 73.5525854431 0.0 72.7469352638 0.0
57853.6292361 73.5202448871 0.0 72.7598084253 0.0
57853.6292477 73.4349381173 0.0 72.7087793057 0.0
57853.6292593 73.4301018518 0.0 72.6569461313 0.0
57853.6292708 73.4386669495 0.0 72.6271842152 0.0
57853.6292824 73.4690926926 0.0 72.6766258468 0.0
57853.629294 73.4239868264 0.0 72.6581829502 0.0
57853.6293056 73.3455600167 0.0 72.5631899571 0.0
57853.6293171 73.3218786854 0.0 72.6360535783 0.0
57853.6293287 73.381317311 0.0 72.7282569032 0.0
57853.6293403 73.4120369422 0.0 72.6402182615 0.0
57853.6293519 73.3992542688 0.0 72.7216227287 0.0
57853.6293634 73.3202753739 0.0 72.6247468773 0.0
57853.629375 73.3052702553 0.0 72.5591056856 0.0
57853.6293866 73.3777911769 0.0 72.5467525187 0.0
57853.6293981 73.4306864419 0.0 72.623464029 0.0
57853.6294097 73.3846612872 0.0 72.6473897786 0.0
57853.6294213 73.2968863488 0.0 72.6381683091 0.0
57853.6294329 73.3155621129 0.0 72.6058238949 0.0
57853.6294444 73.3563113398 0.0 72.6183328115 0.0
57853.629456 73.400506376 0.0 72.6424150383 0.0
57853.6294676 73.3814332013 0.0 72.6339450105 0.0
57853.6294792 73.3364026458 0.0 72.5378622754 0.0
57853.6294907 73.3056767452 0.0 72.4989352222 0.0
57853.6295023 73.371957235 0.0 72.5989746561 0.0
57853.6295139 73.3968092677 0.0 72.6250195918 0.0
57853.6295255 73.4147105871 0.0 72.6704847442 0.0
57853.629537 73.3452378222 0.0 72.6886412556 0.0
57853.6295486 73.3425939381 0.0 72.699225002 0.0
57853.6295602 73.4248769402 0.0 72.6887464997 0.0
57853.6295718 73.4715903586 0.0 72.6472747951 0.0
57853.6295833 73.454532173 0.0 72.7318220942 0.0
57853.6295949 73.36189808 0.0 72.6439391132 0.0
57853.6296065 73.3895338097 0.0 72.6174841577 0.0
57853.6296181 73.4061320114 0.0 72.5792757969 0.0
57853.6296296 73.4182151836 0.0 72.5947127796 0.0
57853.6296412 73.4033499416 0.0 72.6126846394 0.0
57853.6296528 73.3218533507 0.0 72.5256365115 0.0
57853.6296644 73.3260529747 0.0 72.5104893772 0.0
57853.6296759 73.3235809523 0.0 72.4571701326 0.0
57853.6296875 73.3661031421 0.0 72.4157981923 0.0
57853.6296991 73.3595771703 0.0 72.5336337183 0.0
57853.6297106 73.2454078658 0.0 72.5291390234 0.0
57853.6297222 73.2586599932 0.0 72.4455541769 0.0
57853.6297338 73.31223752 0.0 72.457966066 0.0
57853.6297454 73.3575966585 0.0 72.5186135565 0.0
57853.6297569 73.3431791821 0.0 72.5289459971 0.0
57853.6297685 73.2756784877 0.0 72.5783382667 0.0
57853.6297801 73.2881522611 0.0 72.5997840188 0.0
57853.6297917 73.3395965817 0.0 72.4717360495 0.0
57853.6298032 73.3709843436 0.0 72.5202406755 0.0
57853.6298148 73.3741456746 0.0 72.6025703829 0.0
57853.6298264 73.3059963897 0.0 72.5488591264 0.0
57853.629838 73.3170024851 0.0 72.553425642 0.0
57853.6298495 73.3445318941 0.0 72.5694266968 0.0
57853.6298727 73.339059626 0.0 72.648479682 0.0
57853.6298843 73.2738046725 0.0 72.6001715862 0.0
57853.6298958 73.2406068026 0.0 72.5399613526 0.0
57853.6299074 73.3117176109 0.0 72.5401055284 0.0
57853.629919 73.340797202 0.0 72.5078865149 0.0
57853.6299306 73.3256017563 0.0 72.550117737 0.0
57853.6299421 73.2488698963 0.0 72.5185317127 0.0
57853.6299537 73.226713687 0.0 72.5118928275 0.0
57853.6299653 73.2858947021 0.0 72.4480295881 0.0
57853.6299769 73.3562558242 0.0 72.5272002259 0.0
57853.6299884 73.3754239982 0.0 72.667684124 0.0
57853.63 73.2932464425 0.0 72.5937323065 0.0
57853.6300116 73.2984349804 0.0 72.5823231406 0.0
57853.6300231 73.3336033667 0.0 72.5794029204 0.0
57853.6300347 73.4030033962 0.0 72.5475223293 0.0
57853.6300463 73.3815599565 0.0 72.6682469331 0.0
57853.6300579 73.3022318911 0.0 72.6045303017 0.0
57853.6300694 73.328433369 0.0 72.6217091602 0.0
57853.630081 73.4090904674 0.0 72.6498509477 0.0
57853.6300926 73.4444845663 0.0 72.7198868293 0.0
57853.6301042 73.4131684618 0.0 72.7283389305 0.0
57853.6301157 73.3327841109 0.0 72.6761572049 0.0
57853.6301273 73.3424841299 0.0 72.6202967286 0.0
57853.6301389 73.4136623739 0.0 72.6498374918 0.0
57853.6301505 73.4521630284 0.0 72.7198194997 0.0
57853.630162 73.4597261403 0.0 72.8005728935 0.0
57853.6301736 73.4043726806 0.0 72.775183352 0.0
57853.6301852 73.4055620666 0.0 72.7928603581 0.0
57853.6301968 73.4606806345 0.0 72.7779994437 0.0
57853.6302083 73.490251887 0.0 72.7744594378 0.0
57853.6302199 73.4858115465 0.0 72.7683792704 0.0
57853.6302315 73.371958442 0.0 72.7210681678 0.0
57853.6302431 73.3426434122 0.0 72.6650622126 0.0
57853.6302546 73.3436835808 0.0 72.6366895825 0.0
57853.6302662 73.3324643739 0.0 72.6363948185 0.0
57853.6302778 73.2794949658 0.0 72.6452112331 0.0
57853.6302894 73.1672391791 0.0 72.5215318854 0.0
57853.6303009 73.1385859769 0.0 72.4964926653 0.0
57853.6303125 73.1607585001 0.0 72.4376474565 0.0
57853.6303241 73.1544203732 0.0 72.4437831016 0.0
57853.6303356 73.1334172025 0.0 72.4565597587 0.0
57853.6303472 73.0443638648 0.0 72.3954240289 0.0
57853.6303588 73.0407879629 0.0 72.3429770898 0.0
57853.6303704 73.0707501583 0.0 72.3013128067 0.0
57853.6303819 73.0957334441 0.0 72.3818615926 0.0
57853.6303935 73.0617582016 0.0 72.3292247073 0.0
57853.6304051 72.9668325638 0.0 72.2699124964 0.0
57853.6304167 72.945082237 0.0 72.2359759845 0.0
57853.6304282 72.9611890085 0.0 72.2652378886 0.0
57853.6304398 72.9648592035 0.0 72.277812464 0.0
57853.6304514 72.939945814 0.0 72.2717558442 0.0
57853.630463 72.8606224543 0.0 72.2328825945 0.0
57853.6304745 72.8515318904 0.0 72.1639469722 0.0
57853.6304861 72.8723335748 0.0 72.1917063096 0.0
57853.6304977 72.8933632506 0.0 72.2160680159 0.0
57853.6305093 72.9156576654 0.0 72.2378491179 0.0
57853.6305208 72.872716567 0.0 72.1979477139 0.0
57853.6305324 72.8462277691 0.0 72.1493335971 0.0
57853.630544 72.9102057734 0.0 72.1654328951 0.0
57853.6305671 72.9299056743 0.0 72.2042893636 0.0
57853.6305787 72.8160435745 0.0 72.1067706532 0.0
57853.6305903 72.8364161176 0.0 72.1073045787 0.0
57853.6306019 72.870837639 0.0 72.0995599124 0.0
57853.6306134 72.9165969749 0.0 72.1437414659 0.0
57853.630625 72.8975075458 0.0 72.1741176749 0.0
57853.6306366 72.8184241623 0.0 72.1239708933 0.0
57853.6306481 72.7925013328 0.0 72.1259354785 0.0
57853.6306597 72.8476608964 0.0 72.0986380863 0.0
57853.6306713 72.8647773031 0.0 72.1280120223 0.0
57853.6306829 72.8157999996 0.0 72.0713120821 0.0
57853.6306944 72.7514368493 0.0 72.0304672589 0.0
57853.630706 72.7191340024 0.0 71.9983099104 0.0
57853.6307176 72.7823150864 0.0 71.9605141001 0.0
57853.6307292 72.8211647932 0.0 72.0424771154 0.0
57853.6307407 72.7768361789 0.0 72.0141053333 0.0
57853.6307523 72.7009776027 0.0 71.9087201872 0.0
57853.6307639 72.6685627413 0.0 71.9161592067 0.0
57853.6307755 72.7129815987 0.0 71.936930611 0.0
57853.630787 72.7602011185 0.0 71.9520334241 0.0
57853.6307986 72.7262098256 0.0 71.9568225331 0.0
57853.6308102 72.694200865 0.0 71.9597454166 0.0
57853.6308218 72.6783137008 0.0 71.9579797753 0.0
57853.6308333 72.7057246063 0.0 71.9924594306 0.0
57853.6308449 72.7643191332 0.0 71.9846743323 0.0
57853.6308565 72.7621353877 0.0 72.0762263638 0.0
57853.6308681 72.6904777623 0.0 71.9764502007 0.0
57853.6308796 72.6802906129 0.0 71.9534504603 0.0
57853.6308912 72.7320562032 0.0 72.0250206665 0.0
57853.6309028 72.7817429525 0.0 72.0534224546 0.0
57853.6309144 72.7672680499 0.0 72.0902703098 0.0
57853.6309259 72.7066234601 0.0 72.0754299946 0.0
57853.6309375 72.7110962848 0.0 72.0466083616 0.0
57853.6309491 72.7437704346 0.0 72.049078201 0.0
57853.6309606 72.8170010818 0.0 72.1197195004 0.0
57853.6309722 72.8379187037 0.0 72.1317479696 0.0
57853.6309838 72.7867147564 0.0 72.0713570657 0.0
57853.6309954 72.7906216158 0.0 72.0908929122 0.0
57853.6310069 72.8703706142 0.0 72.1092007077 0.0
57853.6310185 72.9152913133 0.0 72.1745935596 0.0
57853.6310301 72.9575754376 0.0 72.1786563251 0.0
57853.6310417 72.8936382503 0.0 72.2066829631 0.0
57853.6310532 72.8994146318 0.0 72.1984200663 0.0
57853.6310648 72.9365685446 0.0 72.2157051618 0.0
57853.6310764 72.9822735664 0.0 72.2526004281 0.0
57853.631088 72.9805751354 0.0 72.2776954948 0.0
57853.6310995 72.9248001181 0.0 72.2538770101 0.0
57853.6311111 72.8989870953 0.0 72.2763527965 0.0
57853.6311227 72.9605232453 0.0 72.2851830331 0.0
57853.6311343 73.0033196096 0.0 72.3164299656 0.0
57853.6311458 72.9878715161 0.0 72.3175099424 0.0
57853.6311574 72.8864500961 0.0 72.2751563246 0.0
57853.631169 72.8793633527 0.0 72.2476099863 0.0
57853.6311806 72.9073292148 0.0 72.1943041056 0.0
57853.6311921 72.9512775596 0.0 72.1919108195 0.0
57853.6312037 72.9549509697 0.0 72.2890007487 0.0
57853.6312153 72.8997905294 0.0 72.2384154497 0.0
57853.6312269 72.8799528935 0.0 72.2483481214 0.0
57853.6312384 72.9263449699 0.0 72.2198488434 0.0
57853.6312616 72.9771903854 0.0 72.2738502138 0.0
57853.6312731 72.9282622554 0.0 72.3010934349 0.0
57853.6312847 72.9331829879 0.0 72.2725197538 0.0
57853.6312963 73.0037271854 0.0 72.2781304747 0.0
57853.6313079 73.0660904501 0.0 72.3734186878 0.0
57853.6313194 73.1313632573 0.0 72.3897855851 0.0
57853.631331 73.0553895245 0.0 72.372292943 0.0
57853.6313426 73.0697142464 0.0 72.3772253416 0.0
57853.6313542 73.0964362787 0.0 72.4103781537 0.0
57853.6313657 73.1557546798 0.0 72.4026024932 0.0
57853.6313773 73.1779132322 0.0 72.4956182454 0.0
57853.6313889 73.1217141747 0.0 72.4342887051 0.0
57853.6314005 73.1288097345 0.0 72.3894818361 0.0
57853.631412 73.161004182 0.0 72.4381478622 0.0
57853.6314236 73.2429319664 0.0 72.4955718378 0.0
57853.6314352 73.2571445762 0.0 72.5599318136 0.0
57853.6314468 73.2296362873 0.0 72.5093583264 0.0
57853.6314583 73.1938579413 0.0 72.4757090751 0.0
57853.6314699 73.2709433793 0.0 72.54152164 0.0
57853.6314815 73.3520270733 0.0 72.5874206034 0.0
57853.6314931 73.39284307 0.0 72.6643195754 0.0
57853.6315046 73.3560904841 0.0 72.6141152981 0.0
57853.6315162 73.3486589342 0.0 72.5945978608 0.0
57853.6315278 73.4263323008 0.0 72.6821261403 0.0
57853.6315394 73.5056908028 0.0 72.6556188017 0.0
57853.6315509 73.4908682821 0.0 72.630708867 0.0
57853.6315625 73.4419006584 0.0 72.5904290922 0.0
57853.6315741 73.4620628563 0.0 72.6820319168 0.0
57853.6315856 73.5183902895 0.0 72.6715577868 0.0
57853.6315972 73.607057374 0.0 72.7538210579 0.0
57853.6316088 73.6241208054 0.0 72.7696408358 0.0
57853.6316204 73.5604277263 0.0 72.7923139501 0.0
57853.6316319 73.5548712958 0.0 72.7761816523 0.0
57853.6316435 73.6131978602 0.0 72.7705545628 0.0
57853.6316551 73.722443309 0.0 72.823771925 0.0
57853.6316667 73.6879536724 0.0 72.9246528566 0.0
57853.6316782 73.661609982 0.0 72.8646084903 0.0
57853.6316898 73.6458531516 0.0 72.8564811841 0.0
57853.6317014 73.6584363631 0.0 72.8684817462 0.0
57853.631713 73.7406552315 0.0 72.9059143495 0.0
57853.6317245 73.760112012 0.0 72.9442013538 0.0
57853.6317361 73.697286524 0.0 72.979641328 0.0
57853.6317477 73.6861901666 0.0 72.9195111992 0.0
57853.6317593 73.7388628407 0.0 72.9509863734 0.0
57853.6317708 73.794392304 0.0 72.9750968925 0.0
57853.6317824 73.8137537497 0.0 73.026724048 0.0
57853.631794 73.7468822132 0.0 72.9893066644 0.0
57853.6318056 73.702884267 0.0 72.8955254567 0.0
57853.6318171 73.7491413861 0.0 72.91108715 0.0
57853.6318287 73.7949998263 0.0 72.9331247585 0.0
57853.6318403 73.7832320721 0.0 73.008704207 0.0
57853.6318519 73.6874255861 0.0 72.8839420423 0.0
57853.6318634 73.6517359187 0.0 72.8330791371 0.0
57853.631875 73.6765375099 0.0 72.8265441368 0.0
57853.6318866 73.7050466546 0.0 72.8566050072 0.0
57853.6318981 73.7256288322 0.0 72.9120390649 0.0
57853.6319097 73.6348695225 0.0 72.8485997593 0.0
57853.6319213 73.6129255595 0.0 72.7384961741 0.0
57853.6319329 73.6162113743 0.0 72.7746333727 0.0
