57852.9702199 8.3760372492 0.0 8.3760372492 0.0
57852.9702546 9.41445696788 0.0 9.41445696788 0.0
57852.9703009 10.1644970363 0.0 10.1644970363 0.0
57852.9703588 9.34665715644 0.0 9.34665715644 0.0
57852.9704282 8.58411323318 0.0 8.58411323318 0.0
57852.9704745 8.70901831437 0.0 8.70901831437 0.0
57852.9705093 8.67721153367 0.0 8.67721153367 0.0
57852.9705671 8.95511027291 0.0 8.95511027291 0.0
57852.9706366 9.04936461858 0.0 9.04936461858 0.0
57852.9706829 8.97596791438 0.0 8.97596791438 0.0
57852.9707292 9.83448015911 0.0 9.83448015911 0.0
57852.9707755 9.69195542705 0.0 9.69195542705 0.0
57852.9708449 9.58921268927 0.0 9.58921268927 0.0
57852.9708912 9.82298325357 0.0 9.82298325357 0.0
57852.9709375 10.3891770608 0.0 10.3891770608 0.0
57852.9709838 10.6624575028 0.0 10.6624575028 0.0
57852.9710532 10.6350834505 0.0 10.6350834505 0.0
57852.9710995 8.67721153367 0.0 8.67721153367 0.0
57852.9711458 8.61341976221 0.0 8.61341976221 0.0
57852.9711921 9.29811808916 0.0 9.29811808916 0.0
57852.9712616 9.76155725282 0.0 9.76155725282 0.0
57852.9713079 10.9852628553 0.0 10.9852628553 0.0
57852.9713657 11.0882821032 0.0 11.0882821032 0.0
57852.9714005 11.6468021362 0.0 11.6468021362 0.0
57852.9714699 12.3198214273 0.0 12.3198214273 0.0
57852.9715162 8.71412646225 0.0 8.71412646225 0.0
57852.9715741 8.74717097123 0.0 8.74717097123 0.0
57852.9716204 8.76584280032 0.0 8.76584280032 0.0
57852.9716898 9.11449395194 0.0 9.11449395194 0.0
57852.9717361 8.55832927621 0.0 8.55832927621 0.0
57852.9717824 8.16651700543 0.0 8.16651700543 0.0
57852.9718287 8.19597462173 0.0 8.19597462173 0.0
57852.9718981 8.45446627529 0.0 8.45446627529 0.0
57852.9719444 8.20432812606 0.0 8.20432812606 0.0
57852.9719907 8.07205054494 0.0 8.07205054494 0.0
57852.972037 8.21504716968 0.0 8.21504716968 0.0
57852.9721065 8.93118133284 0.0 8.93118133284 0.0
57852.9721528 9.18863428372 0.0 9.18863428372 0.0
57852.9721991 9.49847356158 0.0 9.49847356158 0.0
57852.9722454 9.20103255075 0.0 9.20103255075 0.0
57852.9723148 10.0020997795 0.0 10.0020997795 0.0
57852.9723611 9.41158860129 0.0 9.41158860129 0.0
57852.9724074 8.89005061853 0.0 8.89005061853 0.0
57852.9724537 9.26255904165 0.0 9.26255904165 0.0
57852.9725231 8.69212287074 0.0 8.69212287074 0.0
57852.972581 9.18493331495 0.0 9.18493331495 0.0
57852.9726273 9.28988697455 0.0 9.28988697455 0.0
57852.972662 9.62086274718 0.0 9.62086274718 0.0
57852.9727315 9.12003289468 0.0 9.12003289468 0.0
57852.9727894 8.43949050595 0.0 8.43949050595 0.0
57852.9728356 8.43747592589 0.0 8.43747592589 0.0
57852.9728819 8.68821040261 0.0 8.68821040261 0.0
57852.9917477 7.63223427313 0.0 7.63223427313 0.0
57852.9917824 7.60703621656 0.0 7.60703621656 0.0
57852.9918287 7.6061159602 0.0 7.6061159602 0.0
57852.9918866 7.7772745869 0.0 7.7772745869 0.0
57852.991956 7.78254457103 0.0 7.78254457103 0.0
57852.9920023 7.64198926982 0.0 7.64198926982 0.0
57852.992037 7.64781014409 0.0 7.64781014409 0.0
57852.9920949 7.52927619363 0.0 7.52927619363 0.0
57852.9921644 7.58584207587 0.0 7.58584207587 0.0
57852.9922106 7.5926938566 0.0 7.5926938566 0.0
57852.9922569 7.73886296558 0.0 7.73886296558 0.0
57852.9923032 7.83983418192 0.0 7.83983418192 0.0
57852.9923727 7.73349856145 0.0 7.73349856145 0.0
57852.992419 7.5510264203 0.0 7.5510264203 0.0
57852.9924653 7.55155613102 0.0 7.55155613102 0.0
57852.9925116 7.53671015762 0.0 7.53671015762 0.0
57852.992581 7.49919995733 0.0 7.49919995733 0.0
57852.9926273 7.58551250741 0.0 7.58551250741 0.0
57852.9926736 7.50019999733 0.0 7.50019999733 0.0
57852.9927199 7.4617692272 0.0 7.4617692272 0.0
57852.9927894 7.43753991586 0.0 7.43753991586 0.0
57852.9928356 7.47930478053 0.0 7.47930478053 0.0
57852.9928935 7.71116074272 0.0 7.71116074272 0.0
57852.9929282 7.7038951187 0.0 7.7038951187 0.0
57852.9929977 7.52070475421 0.0 7.52070475421 0.0
57852.993044 7.52914337757 0.0 7.52914337757 0.0
57852.9931019 7.5305378294 0.0 7.5305378294 0.0
57852.9931481 7.43908596536 0.0 7.43908596536 0.0
57852.9932176 7.431823464 0.0 7.431823464 0.0
57852.9932639 7.51505156336 0.0 7.51505156336 0.0
57852.9933102 7.41956872062 0.0 7.41956872062 0.0
57852.9933565 7.53352507131 0.0 7.53352507131 0.0
57852.9934259 7.78582044489 0.0 7.78582044489 0.0
57852.9934722 7.85868945817 0.0 7.85868945817 0.0
57852.9935185 7.86860851739 0.0 7.86860851739 0.0
57852.9935648 7.73362786795 0.0 7.73362786795 0.0
57852.9936343 7.46451605933 0.0 7.46451605933 0.0
57852.9936806 7.58175441438 0.0 7.58175441438 0.0
57852.9937269 7.59111322534 0.0 7.59111322534 0.0
57852.9937731 7.48231247677 0.0 7.48231247677 0.0
57852.9938426 7.43646421359 0.0 7.43646421359 0.0
57852.9938889 7.60295994991 0.0 7.60295994991 0.0
57852.9939352 7.99918745874 0.0 7.99918745874 0.0
57852.9939815 8.13584660622 0.0 8.13584660622 0.0
57852.9940509 7.52688514593 0.0 7.52688514593 0.0
57852.9941088 7.44875828578 0.0 7.44875828578 0.0
57852.9941551 7.4907943504 0.0 7.4907943504 0.0
57852.9941898 7.68901814278 0.0 7.68901814278 0.0
57852.9942593 7.61485390536 0.0 7.61485390536 0.0
57852.9943171 7.54128636242 0.0 7.54128636242 0.0
57852.9943634 7.81082582062 0.0 7.81082582062 0.0
57852.9944097 8.08640834982 0.0 8.08640834982 0.0
57853.0243866 7.07099710083 0.0 7.07099710083 0.0
57853.0244213 7.10478711856 0.0 7.10478711856 0.0
57853.0244676 6.97610206347 0.0 6.97610206347 0.0
57853.0245255 6.97244576888 0.0 6.97244576888 0.0
57853.0245949 6.99263898682 0.0 6.99263898682 0.0
57853.0246412 6.90340495698 0.0 6.90340495698 0.0
57853.0246759 6.89340264311 0.0 6.89340264311 0.0
57853.0247338 6.88541937721 0.0 6.88541937721 0.0
57853.0248032 6.90586707083 0.0 6.90586707083 0.0
57853.0248495 6.88817827876 0.0 6.88817827876 0.0
57853.0248958 6.88875895935 0.0 6.88875895935 0.0
57853.0249421 6.89753579186 0.0 6.89753579186 0.0
57853.0250116 6.89797071609 0.0 6.89797071609 0.0
57853.0250579 6.910788667 0.0 6.910788667 0.0
57853.0251042 6.99478377078 0.0 6.99478377078 0.0
57853.0251505 7.02645002829 0.0 7.02645002829 0.0
57853.0252199 6.95938215648 0.0 6.95938215648 0.0
57853.0252662 7.0659040469 0.0 7.0659040469 0.0
57853.0253125 7.02047006973 0.0 7.02047006973 0.0
57853.0253588 7.01876057435 0.0 7.01876057435 0.0
57853.0254282 6.98612911418 0.0 6.98612911418 0.0
57853.0254745 7.14198851861 0.0 7.14198851861 0.0
57853.0255324 7.25520502812 0.0 7.25520502812 0.0
57853.0255671 7.12621919393 0.0 7.12621919393 0.0
57853.0256366 6.90340495698 0.0 6.90340495698 0.0
57853.0256829 7.20402665181 0.0 7.20402665181 0.0
57853.0257407 7.32229472228 0.0 7.32229472228 0.0
57853.025787 7.31949451807 0.0 7.31949451807 0.0
57853.0258565 7.04315270316 0.0 7.04315270316 0.0
57853.0259028 7.25713442069 0.0 7.25713442069 0.0
57853.0259491 7.21449928963 0.0 7.21449928963 0.0
57853.0259954 7.06130299591 0.0 7.06130299591 0.0
57853.0260648 6.90188380082 0.0 6.90188380082 0.0
57853.0261111 6.95140273614 0.0 6.95140273614 0.0
57853.0261574 6.92119931804 0.0 6.92119931804 0.0
57853.0262037 6.96017241166 0.0 6.96017241166 0.0
57853.0262731 6.97939825486 0.0 6.97939825486 0.0
57853.0263194 6.92127155948 0.0 6.92127155948 0.0
57853.0263657 6.89934779526 0.0 6.89934779526 0.0
57853.026412 6.92387174925 0.0 6.92387174925 0.0
57853.0264815 6.89405541028 0.0 6.89405541028 0.0
57853.0265278 6.89666586112 0.0 6.89666586112 0.0
57853.0265741 6.86563908169 0.0 6.86563908169 0.0
57853.0266204 6.88324051592 0.0 6.88324051592 0.0
57853.0266898 6.89789823062 0.0 6.89789823062 0.0
57853.0267477 6.89985507094 0.0 6.89985507094 0.0
57853.026794 6.88592767897 0.0 6.88592767897 0.0
57853.0268287 6.90745973568 0.0 6.90745973568 0.0
57853.0268981 6.86826033286 0.0 6.86826033286 0.0
57853.026956 6.86585755751 0.0 6.86585755751 0.0
57853.0270023 6.87320885759 0.0 6.87320885759 0.0
57853.0270486 6.86527493987 0.0 6.86527493987 0.0
57853.0576505 26.0496065229 0.0 26.0496065229 0.0
57853.0576968 28.3416477997 0.0 28.3416477997 0.0
57853.0577546 28.0801175211 0.0 28.0801175211 0.0
57853.0578009 26.3908127954 0.0 26.3908127954 0.0
57853.0578704 20.0496633388 0.0 20.0496633388 0.0
57853.0579167 6.96950500394 0.0 6.96950500394 0.0
57853.057963 6.86287111929 0.0 6.86287111929 0.0
57853.0580093 6.79617539503 0.0 6.79617539503 0.0
57853.0580787 6.69006726424 0.0 6.69006726424 0.0
57853.058125 6.63226959645 0.0 6.63226959645 0.0
57853.0581713 6.60545229337 0.0 6.60545229337 0.0
57853.0582176 6.62095159324 0.0 6.62095159324 0.0
57853.058287 6.6552235124 0.0 6.6552235124 0.0
57853.0583333 6.64010542085 0.0 6.64010542085 0.0
57853.0583796 6.66220684158 0.0 6.66220684158 0.0
57853.0584259 6.67847287933 0.0 6.67847287933 0.0
57853.0584954 6.65394619756 0.0 6.65394619756 0.0
57853.0585417 6.6257829726 0.0 6.6257829726 0.0
57853.058588 6.67495318336 0.0 6.67495318336 0.0
57853.0586343 6.64860887705 0.0 6.64860887705 0.0
57853.0587037 6.57388773862 0.0 6.57388773862 0.0
57853.0587616 6.64258985637 0.0 6.64258985637 0.0
57853.0588079 6.70961995943 0.0 6.70961995943 0.0
57853.0588426 6.68991778724 0.0 6.68991778724 0.0
57853.058912 6.76535291023 0.0 6.76535291023 0.0
57853.0589699 6.7659441322 0.0 6.7659441322 0.0
57853.0590162 6.80734897005 0.0 6.80734897005 0.0
57853.0590625 6.89042814345 0.0 6.89042814345 0.0
57853.0591319 6.86542059891 0.0 6.86542059891 0.0
57853.0591782 6.91679116354 0.0 6.91679116354 0.0
57853.0592245 6.9790400486 0.0 6.9790400486 0.0
57853.0592708 6.84141798168 0.0 6.84141798168 0.0
57853.0593403 6.91100571552 0.0 6.91100571552 0.0
57853.0593866 7.33948227057 0.0 7.33948227057 0.0
57853.0594329 7.23353302336 0.0 7.23353302336 0.0
57853.0594792 6.96426593404 0.0 6.96426593404 0.0
57853.0595486 6.79551322565 0.0 6.79551322565 0.0
57853.0595949 6.82583328246 0.0 6.82583328246 0.0
57853.0596412 7.04471433062 0.0 7.04471433062 0.0
57853.0596991 6.93851569141 0.0 6.93851569141 0.0
57853.0597685 6.75092586243 0.0 6.75092586243 0.0
57853.0598032 6.74484988714 0.0 6.74484988714 0.0
57853.0598495 6.80448381584 0.0 6.80448381584 0.0
57853.0599074 6.86804193348 0.0 6.86804193348 0.0
57853.0599769 6.74099399199 0.0 6.74099399199 0.0
57853.0600231 6.69634228516 0.0 6.69634228516 0.0
57853.0600579 6.70708580533 0.0 6.70708580533 0.0
57853.0601157 6.74002967353 0.0 6.74002967353 0.0
57853.0601852 6.6786974778 0.0 6.6786974778 0.0
57853.0602315 6.63008295574 0.0 6.63008295574 0.0
57853.0602778 6.6213291717 0.0 6.6213291717 0.0
57853.0603241 6.66108099335 0.0 6.66108099335 0.0
57853.0603935 6.61808129294 0.0 6.61808129294 0.0
57853.0604398 6.66393277277 0.0 6.66393277277 0.0
57853.0604861 6.64401986752 0.0 6.64401986752 0.0
57853.0605324 6.595604597 0.0 6.595604597 0.0
57853.0606019 6.57015981541 0.0 6.57015981541 0.0
57853.0606481 6.60242379736 0.0 6.60242379736 0.0
57853.0606944 6.61483181948 0.0 6.61483181948 0.0
57853.0607407 6.61475623134 0.0 6.61475623134 0.0
57853.0608102 6.60953856181 0.0 6.60953856181 0.0
57853.0608565 6.62215976853 0.0 6.62215976853 0.0
57853.0609144 6.64123482494 0.0 6.64123482494 0.0
57853.0609491 6.61241257031 0.0 6.61241257031 0.0
57853.0610301 6.57928567551 0.0 6.57928567551 0.0
57853.0610648 6.59507391922 0.0 6.59507391922 0.0
57853.098206 24.0917205695 0.0 24.0917205695 0.0
57853.0982523 23.909119599 0.0 23.909119599 0.0
57853.0982986 24.0141208459 0.0 24.0141208459 0.0
57853.0983449 24.1143318381 0.0 24.1143318381 0.0
57853.0984144 19.0695831103 0.0 19.0695831103 0.0
57853.0984606 6.80338151216 0.0 6.80338151216 0.0
57853.0985185 6.80507163812 0.0 6.80507163812 0.0
57853.0985532 6.73119603042 0.0 6.73119603042 0.0
57853.0986343 6.64183709526 0.0 6.64183709526 0.0
57853.098669 6.671131838 0.0 6.671131838 0.0
57853.0987269 6.74929625961 0.0 6.74929625961 0.0
57853.0987731 6.77384676532 0.0 6.77384676532 0.0
57853.0988426 6.6546224536 0.0 6.6546224536 0.0
57853.0988889 6.61996978845 0.0 6.61996978845 0.0
57853.0989352 6.65109013621 0.0 6.65109013621 0.0
57853.0989815 6.68513275859 0.0 6.68513275859 0.0
57853.0990509 6.61513416342 0.0 6.61513416342 0.0
57853.0990972 6.7438119784 0.0 6.7438119784 0.0
57853.0991435 6.70261143138 0.0 6.70261143138 0.0
57853.0991898 6.60560368172 0.0 6.60560368172 0.0
57853.0992593 6.58794353346 0.0 6.58794353346 0.0
57853.0993056 6.64477238135 0.0 6.64477238135 0.0
57853.0993519 6.62540564796 0.0 6.62540564796 0.0
57853.0993981 6.64582575757 0.0 6.64582575757 0.0
57853.0994676 6.61664567587 0.0 6.61664567587 0.0
57853.0995255 6.62563204532 0.0 6.62563204532 0.0
57853.0995602 6.632344985 0.0 6.632344985 0.0
57853.0996065 6.62947961759 0.0 6.62947961759 0.0
57853.0996759 6.61815684311 0.0 6.61815684311 0.0
57853.0997338 6.53406458493 0.0 6.53406458493 0.0
57853.0997801 6.55637094741 0.0 6.55637094741 0.0
57853.0998148 6.59378495251 0.0 6.59378495251 0.0
57853.0998843 6.58703271587 0.0 6.58703271587 0.0
57853.0999421 6.56810474947 0.0 6.56810474947 0.0
57853.0999884 6.6067389838 0.0 6.6067389838 0.0
57853.1000347 6.67360472309 0.0 6.67360472309 0.0
57853.1001042 6.65837818091 0.0 6.65837818091 0.0
57853.1001505 6.6086307205 0.0 6.6086307205 0.0
57853.1001968 6.57556081258 0.0 6.57556081258 0.0
57853.1002431 6.56132608548 0.0 6.56132608548 0.0
57853.1003125 6.55964938087 0.0 6.55964938087 0.0
57853.1003588 6.55690475758 0.0 6.55690475758 0.0
57853.1004051 6.55186996208 0.0 6.55186996208 0.0
57853.1004514 6.57609306503 0.0 6.57609306503 0.0
57853.1005208 6.56703890654 0.0 6.56703890654 0.0
57853.1005671 6.54538005008 0.0 6.54538005008 0.0
57853.1006134 6.54759497831 0.0 6.54759497831 0.0
57853.1006713 6.55026717012 0.0 6.55026717012 0.0
57853.1007407 6.53880723068 0.0 6.53880723068 0.0
57853.1007755 6.55995426813 0.0 6.55995426813 0.0
57853.1008218 6.53697177598 0.0 6.53697177598 0.0
57853.1008796 6.53888369678 0.0 6.53888369678 0.0
57853.1009491 6.52740377179 0.0 6.52740377179 0.0
57853.1009954 6.53674230791 0.0 6.53674230791 0.0
57853.1010417 6.5415594471 0.0 6.5415594471 0.0
57853.101088 6.5544641276 0.0 6.5544641276 0.0
57853.1011574 6.52426241042 0.0 6.52426241042 0.0
57853.1012037 6.5152897096 0.0 6.5152897096 0.0
57853.10125 6.52265283455 0.0 6.52265283455 0.0
57853.1012963 6.53238088296 0.0 6.53238088296 0.0
57853.1013657 6.52403249532 0.0 6.52403249532 0.0
