57853.4250694 67.8509836111 0.0 67.7882420336 0.0
57853.4251852 67.8277249066 0.0 67.7912711195 0.0
57853.4253125 67.687574288 0.0 67.7606655664 0.0
57853.4254282 67.6667483776 0.0 67.6307254804 0.0
57853.425544 67.7289261173 0.0 67.6710030294 0.0
57853.4256713 67.7706493181 0.0 67.6607606298 0.0
57853.4256944 67.6813504963 0.0 67.7095047611 0.0
57853.425787 67.5749456678 0.0 67.7409550937 0.0
57853.4259028 67.6497438207 0.0 67.9644723882 0.0
57853.4260301 67.8336294768 0.0 67.6869212108 0.0
57853.4261458 67.7751985021 0.0 67.7205732551 0.0
57853.4262616 67.5637392911 0.0 67.6022501844 0.0
57853.4263889 67.5561722495 0.0 67.5086427134 0.0
57853.4265046 67.5356740101 0.0 67.6006640648 0.0
57853.4266204 67.4913728116 0.0 67.4251211864 0.0
57853.4267477 67.6052358993 0.0 67.6671176717 0.0
57853.4268634 67.5740019904 0.0 67.6450963929 0.0
57853.4269792 67.4258143369 0.0 67.5030661155 0.0
57853.4270833 67.4377059441 0.0 67.4786770321 0.0
57853.4271065 67.4341967032 0.0 67.4388882841 0.0
57853.4272222 67.4191840725 0.0 67.5141362975 0.0
57853.427338 68.150293433 0.0 67.7627680736 0.0
57853.4274653 67.3709185183 0.0 67.5243989903 0.0
57853.427581 67.6867206696 0.0 67.5379188901 0.0
57853.4276968 67.7094675507 0.0 67.6095227464 0.0
57853.4277778 67.571968663 0.0 67.5181901712 0.0
57853.4465856 64.4358148315 0.0 64.6070401737 0.0
57853.4467014 64.6606265126 0.0 64.6345069371 0.0
57853.4468171 64.6513843935 0.0 64.7680492295 0.0
57853.4469444 65.0272153102 0.0 65.0463564929 0.0
57853.4470602 64.5620549549 0.0 64.603845466 0.0
57853.4471759 64.5658207955 0.0 64.5890001626 0.0
57853.4472222 64.4800153614 0.0 64.6631675376 0.0
57853.4472917 64.3808446512 0.0 64.7239320653 0.0
57853.447419 64.8449529339 0.0 64.7334158839 0.0
57853.4475347 64.3398597683 0.0 64.3852815789 0.0
57853.4476505 64.4088949525 0.0 64.5133429067 0.0
57853.4477778 64.4776307024 0.0 64.6017612221 0.0
57853.4478935 64.3901714084 0.0 64.3479312255 0.0
57853.4479167 64.5781832045 0.0 64.4666453602 0.0
57853.4480093 64.8087766124 0.0 64.6267157451 0.0
57853.4481366 64.3698141368 0.0 64.5698623663 0.0
57853.4482523 64.4083067391 0.0 64.471423786 0.0
57853.4483681 64.2717022491 0.0 64.2279446814 0.0
57853.4484954 65.0624349683 0.0 65.1826377726 0.0
57853.4486111 64.4187111638 0.0 64.6933418831 0.0
57853.4487269 65.4544069639 0.0 65.4811487071 0.0
57853.4488542 66.134346674 0.0 65.9433567389 0.0
57853.4489699 65.8697065349 0.0 65.5206340018 0.0
57853.4490856 66.081990822 0.0 65.6902604044 0.0
57853.449213 64.1946084107 0.0 64.2116360717 0.0
57853.4493056 64.4943960511 0.0 64.4377669694 0.0
57853.4680903 62.6942840297 0.0 62.5841688129 0.0
57853.468206 62.409886901 0.0 62.3321447168 0.0
57853.4683333 62.3566044297 0.0 62.3369863564 0.0
57853.4684491 62.3210706182 0.0 62.2940805615 0.0
57853.4685648 62.2860282889 0.0 62.3329301413 0.0
57853.4686921 62.4015362792 0.0 62.3545248077 0.0
57853.46875 62.5332029165 0.0 62.4980549537 0.0
57853.4688079 62.6594478032 0.0 62.6363277659 0.0
57853.4689236 63.2587064126 0.0 62.8067204366 0.0
57853.4690509 62.3484514643 0.0 62.2539321569 0.0
57853.4691667 62.3215401286 0.0 62.2395991793 0.0
57853.4692824 62.2620671597 0.0 62.3833861457 0.0
57853.4694097 62.3681674334 0.0 62.5414710972 0.0
57853.4694444 62.5741191708 0.0 62.5970166621 0.0
57853.4695255 62.786016835 0.0 62.6564904459 0.0
57853.4696412 62.1880821621 0.0 62.2143143979 0.0
57853.4697569 62.5181284029 0.0 62.6273455369 0.0
57853.4698843 62.1682316622 0.0 62.2179317319 0.0
57853.47 62.3788291811 0.0 62.3882936135 0.0
57853.4701157 62.1869417161 0.0 62.2104956257 0.0
57853.4701389 62.1935473261 0.0 62.1937612627 0.0
57853.4702431 62.2040163253 0.0 62.1808898618 0.0
57853.4703588 62.5680249329 0.0 62.4543319634 0.0
57853.4704745 62.3276157413 0.0 62.4547504278 0.0
57853.4706019 63.1083296721 0.0 62.963029557 0.0
57853.4707176 62.2565429252 0.0 62.2470255032 0.0
57853.4708333 62.2598366043 0.0 62.1169688893 0.0
57853.4868519 61.3735093179 0.0 61.3681463139 0.0
57853.4869676 61.0885213031 0.0 61.2275172941 0.0
57853.4870949 63.0650034805 0.0 63.0600264113 0.0
57853.4872106 61.7195896778 0.0 61.6240460291 0.0
57853.4873264 61.4379817865 0.0 61.3173018324 0.0
57853.4874421 61.2913702245 0.0 61.3888852644 0.0
57853.4875 61.4743073324 0.0 61.4152400305 0.0
57853.4875694 61.6644487853 0.0 61.4470653246 0.0
57853.4876852 60.9628244835 0.0 60.9806552851 0.0
57853.4878009 61.0766738862 0.0 61.0035559455 0.0
57853.4879282 61.177545039 0.0 61.3390840248 0.0
57853.488044 61.1375460989 0.0 61.1325370159 0.0
57853.4881597 61.7118140553 0.0 61.6545018145 0.0
57853.4881944 61.6442625067 0.0 61.5501484482 0.0
57853.488287 61.5940682452 0.0 61.4634118399 0.0
57853.4884028 61.7909568141 0.0 61.4601142693 0.0
57853.4885185 61.2018720465 0.0 61.1345552286 0.0
57853.4886458 61.2212073223 0.0 61.2480122616 0.0
57853.4887616 61.2910423961 0.0 61.1860699506 0.0
57853.4888773 61.2233922206 0.0 61.256954699 0.0
57853.4888889 61.3648002441 0.0 61.439763883 0.0
57853.4890046 61.4730001952 0.0 61.5899289089 0.0
57853.4891204 61.0155726516 0.0 61.0202413302 0.0
57853.4892361 61.1670556999 0.0 61.1502382743 0.0
57853.4893634 61.0777393737 0.0 61.0523802321 0.0
57853.4894792 60.9806199624 0.0 60.9691532498 0.0
57853.4895833 60.960387753 0.0 60.9439054951 0.0
57853.5201852 59.4914713888 0.0 59.5325962898 0.0
57853.5203125 59.5761790567 0.0 59.5406582765 0.0
57853.5204282 59.4234434967 0.0 59.5621128655 0.0
57853.520544 59.4680057594 0.0 59.4598936343 0.0
57853.5206713 59.4406417193 0.0 59.5440981962 0.0
57853.520787 59.4097347326 0.0 59.5074308385 0.0
57853.5208333 59.4682958138 0.0 59.4976041366 0.0
57853.5209028 59.5303162095 0.0 59.4910538653 0.0
57853.5210301 59.4253141094 0.0 59.4288804791 0.0
57853.5211458 59.5229817381 0.0 59.5716140876 0.0
57853.5212616 59.50643866 0.0 59.4693923208 0.0
57853.5213889 59.4203345329 0.0 59.4213939503 0.0
57853.5215046 59.4544477899 0.0 59.5283669858 0.0
57853.5215278 59.4601118734 0.0 59.4989303853 0.0
57853.5216204 59.4626779753 0.0 59.4664390308 0.0
57853.5217477 59.5450008985 0.0 59.5605314281 0.0
57853.5218634 59.5837929306 0.0 59.5975096292 0.0
57853.5219792 59.6049886671 0.0 59.8074917046 0.0
57853.5221065 59.5348233222 0.0 59.5060478019 0.0
57853.5222222 59.629760833 0.0 59.6181757269 0.0
57853.522338 59.638765061 0.0 59.7262723933 0.0
57853.5224653 59.5601242024 0.0 59.5546234561 0.0
57853.522581 59.4976857449 0.0 59.5302966144 0.0
57853.5226968 59.6228898327 0.0 59.5491651243 0.0
57853.5228241 59.4454985175 0.0 59.3463551282 0.0
57853.5229167 59.4572394415 0.0 59.3766703597 0.0
57853.5465972 58.303961332 0.0 58.3060110537 0.0
57853.546713 58.3023323719 0.0 58.3058040593 0.0
57853.5468403 58.3217965858 0.0 58.36718274 0.0
57853.546956 58.4946550037 0.0 58.4624821146 0.0
57853.5470718 58.3736620832 0.0 58.3792092786 0.0
57853.5471991 58.312309661 0.0 58.41924676 0.0
57853.5472222 58.3565330961 0.0 58.412718752 0.0
57853.5473148 58.4005391756 0.0 58.4058730865 0.0
57853.5474306 58.5227816752 0.0 58.4760499179 0.0
57853.5475579 58.5634554821 0.0 58.6611224833 0.0
57853.5476736 58.3000352316 0.0 58.3416343617 0.0
57853.5477894 58.4151304201 0.0 58.3803343087 0.0
57853.5479167 58.397056484 0.0 58.4358737934 0.0
57853.5480324 58.245152691 0.0 58.289400117 0.0
57853.5481481 58.2832745477 0.0 58.3902306812 0.0
57853.5482755 58.2721454728 0.0 58.3724896077 0.0
57853.5483912 58.2575820044 0.0 58.2733686687 0.0
57853.5485069 58.2352814709 0.0 58.247080605 0.0
57853.5486111 58.2242175559 0.0 58.2516447236 0.0
57853.5486343 58.2174394662 0.0 58.2605029415 0.0
57853.54875 58.2545204426 0.0 58.2233872683 0.0
57853.5488657 58.2067192169 0.0 58.2045374004 0.0
57853.5489931 58.2074342331 0.0 58.2787244198 0.0
57853.5491088 58.1848028269 0.0 58.2008918746 0.0
57853.5492245 58.2269376578 0.0 58.2281563936 0.0
57853.5493056 58.2253811924 0.0 58.2701333618 0.0
57853.5708565 57.9049725153 0.0 57.900173903 0.0
57853.5709722 57.9004489274 0.0 58.1046881069 0.0
57853.5710995 57.876650767 0.0 57.9768773995 0.0
57853.5712153 57.8513915649 0.0 57.9406786981 0.0
57853.571331 57.8420201411 0.0 57.8440021956 0.0
57853.5714583 57.7815577499 0.0 57.8957901578 0.0
57853.5715278 57.7862439686 0.0 57.8415840896 0.0
57853.5715741 57.8035030945 0.0 57.8000735121 0.0
57853.5716898 58.0240419395 0.0 58.1304747873 0.0
57853.5718171 57.9890588473 0.0 57.9774577487 0.0
57853.5719329 57.9334919024 0.0 57.9976275808 0.0
57853.5720486 57.9651565857 0.0 57.9024854389 0.0
57853.5721759 57.8845598238 0.0 58.10903194 0.0
57853.5722222 57.8649558714 0.0 57.9817739725 0.0
57853.5722917 57.8363731055 0.0 57.8463907258 0.0
57853.5724074 57.8369711776 0.0 57.9181462583 0.0
57853.5725231 57.9744645426 0.0 57.9560763423 0.0
57853.5726505 57.9214900016 0.0 57.9012392095 0.0
57853.5727662 58.2309190036 0.0 58.165487671 0.0
57853.5728819 57.8728748552 0.0 57.9705328335 0.0
57853.5729167 57.8509168726 0.0 57.9872645501 0.0
57853.5730093 57.8275424517 0.0 58.0025736757 0.0
57853.573125 57.9635831363 0.0 58.0739992337 0.0
57853.5732407 58.0357483195 0.0 57.9881251292 0.0
57853.5733681 58.1199184703 0.0 58.2243327828 0.0
57853.5734838 57.932714989 0.0 57.834313837 0.0
57853.5735995 57.7861675923 0.0 57.8202680641 0.0
57853.5736111 58.0110975245 0.0 58.0434908151 0.0
57853.5972685 57.5441361305 0.0 57.5163922026 0.0
57853.5973843 57.4935513688 0.0 57.4947281061 0.0
57853.5975 57.5327099657 0.0 57.5808171356 0.0
57853.5976273 57.5120741236 0.0 57.5237709473 0.0
57853.5977431 57.5755548041 0.0 57.5492151988 0.0
57853.5978588 57.5108681903 0.0 57.7570851671 0.0
57853.5979167 57.5197090396 0.0 57.690128627 0.0
57853.5979861 57.5192220566 0.0 57.614081343 0.0
57853.5981019 57.4949463692 0.0 57.5710135051 0.0
57853.5982176 57.489256892 0.0 57.4585295931 0.0
57853.5983449 57.5333745751 0.0 57.5275992199 0.0
57853.5984606 57.539949383 0.0 57.5143754378 0.0
57853.5985764 57.5930698782 0.0 57.5181828903 0.0
57853.5986111 57.5530466353 0.0 57.5206060903 0.0
57853.5987037 57.5163657753 0.0 57.5263031665 0.0
57853.5988194 57.5509058486 0.0 57.685122276 0.0
57853.5989352 57.5913439156 0.0 57.5407700765 0.0
57853.5990625 57.6155408028 0.0 57.4463227718 0.0
57853.5991782 57.5232168085 0.0 57.4805209702 0.0
57853.599294 57.4479159587 0.0 57.4857489818 0.0
57853.5993056 57.4676058489 0.0 57.4936319952 0.0
57853.5994097 57.4841611925 0.0 57.4983614549 0.0
57853.599537 57.5347740241 0.0 57.5653537555 0.0
57853.5996528 57.5946742243 0.0 57.5289508856 0.0
57853.5997685 57.4252135477 0.0 57.4566611891 0.0
57853.5998958 57.6013665376 0.0 57.909143639 0.0
57853.6 57.5685301271 0.0 57.7126091422 0.0
57853.6181713 57.3320720278 0.0 57.388594738 0.0
57853.6182986 57.3793165696 0.0 57.3240506856 0.0
57853.6184144 57.3136226477 0.0 57.3042355764 0.0
57853.6185301 57.3381673059 0.0 57.3413894408 0.0
57853.6186574 57.3255289553 0.0 57.3470372208 0.0
57853.61875 57.3296548219 0.0 57.3047397254 0.0
57853.6187731 57.3557370191 0.0 57.2844376423 0.0
57853.6188889 57.3891941745 0.0 57.3387531169 0.0
57853.6190162 57.3823264255 0.0 57.3539276423 0.0
57853.6191319 57.3741096663 0.0 57.3491375785 0.0
57853.6192477 57.3817151974 0.0 57.3971590847 0.0
57853.619375 57.4310954188 0.0 57.3737303563 0.0
57853.6194444 57.4218243354 0.0 57.3732666318 0.0
57853.6194907 57.3913964719 0.0 57.3516479101 0.0
57853.6196065 57.5282427422 0.0 57.4531780061 0.0
57853.6197338 57.4226251054 0.0 57.3788813153 0.0
57853.6198495 57.3906371109 0.0 57.354233366 0.0
57853.6199653 57.3563663511 0.0 57.3229466532 0.0
57853.6200926 57.4693277062 0.0 57.487839401 0.0
57853.6201389 57.3927207667 0.0 57.427304464 0.0
57853.6202083 57.3170910811 0.0 57.3676410706 0.0
57853.6203241 57.3650291293 0.0 57.3830275691 0.0
57853.6204514 57.3426121484 0.0 57.3282471475 0.0
57853.6205671 57.3336535204 0.0 57.3509791285 0.0
57853.6206829 57.2935610867 0.0 57.3419411426 0.0
57853.6208102 57.3301618784 0.0 57.2855133433 0.0
57853.6208333 57.3296698839 0.0 57.373280654 0.0
