57853.6243866 61.3937390863 0.0 61.3517138147 0.0
57853.6245139 61.4093443052 0.0 61.3573720347 0.0
57853.6246296 61.3377447825 0.0 61.2989545996 0.0
57853.6247454 61.4930487942 0.0 61.4174610758 0.0
57853.6248727 61.2669484551 0.0 61.404490357 0.0
57853.6249884 61.3478932646 0.0 61.2976031342 0.0
57853.625 61.2798486699 0.0 61.2709711038 0.0
57853.6251042 61.2282871147 0.0 61.260673168 0.0
57853.6252315 61.2414457863 0.0 61.2418041782 0.0
57853.6253472 61.2938693101 0.0 61.3672952313 0.0
57853.625463 61.3717702205 0.0 61.4687708759 0.0
57853.6255903 61.5763888597 0.0 61.3732168947 0.0
57853.6256944 61.8069631919 0.0 61.6646387811 0.0
57853.625706 62.0454099833 0.0 61.9654920904 0.0
57853.6258218 61.3592290939 0.0 61.4005942642 0.0
57853.6259491 61.8409620559 0.0 61.8191526147 0.0
57853.6260648 61.5743975854 0.0 61.5949313418 0.0
57853.6261806 61.2569113978 0.0 61.2864387446 0.0
57853.6262963 61.3941994736 0.0 61.4748102315 0.0
57853.6263889 61.4242940375 0.0 61.4326333474 0.0
57853.6264236 61.4385415273 0.0 61.3747101908 0.0
57853.6265394 61.2733074511 0.0 61.3176892096 0.0
57853.6266551 61.4431989157 0.0 61.4983789542 0.0
57853.6267824 61.2697436424 0.0 61.2871471354 0.0
57853.6268981 61.3425805864 0.0 61.3262344189 0.0
57853.6270139 61.3176199962 0.0 61.4048948293 0.0
57853.6270833 61.3594424926 0.0 61.4001634688 0.0
57853.629294 61.7730547488 0.0 61.9309420565 0.0
57853.6294097 61.0973041877 0.0 61.1247123347 0.0
57853.6295255 61.5916813701 0.0 61.4607428282 0.0
57853.6296528 61.3962735351 0.0 61.3827412796 0.0
57853.6297685 61.370907391 0.0 61.4512382056 0.0
57853.6298611 61.3727638452 0.0 61.3557591592 0.0
57853.6298843 61.3405683133 0.0 61.2268443087 0.0
57853.6300116 61.7614298086 0.0 61.8357752276 0.0
57853.6301273 61.6326024357 0.0 61.5793938749 0.0
57853.6302431 61.1888329109 0.0 61.2063510022 0.0
57853.6303704 61.1480889726 0.0 61.2046267859 0.0
57853.6304861 61.1025579579 0.0 61.0834985082 0.0
57853.6305556 61.1917884442 0.0 61.1534435907 0.0
57853.6306019 61.2969598104 0.0 61.2391421968 0.0
57853.6307176 61.2272955388 0.0 61.2331503436 0.0
57853.6308449 61.4520032139 0.0 61.4658906793 0.0
57853.6309606 61.2142830473 0.0 61.3209658111 0.0
57853.6310764 61.4196951311 0.0 61.5109607306 0.0
57853.6312037 61.0742288613 0.0 61.0826569903 0.0
57853.63125 61.2010101306 0.0 61.2084921232 0.0
57853.6313194 61.3365219669 0.0 61.3430466312 0.0
57853.6314352 61.0681905741 0.0 61.0366465904 0.0
57853.6315625 61.0997354822 0.0 61.0937504742 0.0
57853.6316782 61.2044643061 0.0 61.1393240558 0.0
57853.631794 61.2404396702 0.0 61.3050602724 0.0
57853.6319213 61.2909455711 0.0 61.4888124296 0.0
57853.6319444 61.2484053017 0.0 61.3183844454 0.0
