57853.0833333 270.94351738 0.0 240.535117721 0.0
57853.0840278 267.251523145 0.0 237.295366388 0.0
57853.0847222 261.821789297 0.0 231.735406663 0.0
57853.0854167 256.591038501 0.0 226.560963385 0.0
57853.0861111 266.141257289 0.0 235.928670709 0.0
57853.1138889 236.291697344 0.0 207.301775135 0.0
57853.1145833 235.972703682 0.0 207.126286843 0.0
57853.1152778 236.846160822 0.0 208.008491335 0.0
57853.1159722 231.095639953 0.0 202.369085468 0.0
57853.1166667 233.499631525 0.0 204.729787071 0.0
57853.1402778 202.45249563 0.0 173.886065101 0.0
57853.1409722 201.784248932 0.0 173.220076219 0.0
57853.1416667 201.113781842 0.0 172.55151687 0.0
57853.1423611 200.434592758 0.0 171.880357059 0.0
57853.1430556 199.759595774 0.0 171.214151618 0.0
57853.1666667 193.363932494 0.0 164.758776839 0.0
57853.1673611 195.17557863 0.0 166.865682044 0.0
57853.1680556 192.441591746 0.0 164.23771179 0.0
57853.16875 192.272804028 0.0 163.905262469 0.0
57853.1694444 190.385801064 0.0 162.088640172 0.0
57853.1722222 192.502319095 0.0 163.97655835 0.0
57853.1729167 192.509065396 0.0 163.984478201 0.0
57853.1736111 192.205247438 0.0 163.754647005 0.0
57853.1743056 191.324841056 0.0 163.071174008 0.0
57853.175 191.860338815 0.0 163.294014174 0.0
57853.1930556 231.993058562 0.0 200.285510495 0.0
57853.19375 230.724437877 0.0 199.19317779 0.0
57853.1944444 228.24570948 0.0 196.865040461 0.0
57853.1951389 226.452024677 0.0 194.995837451 0.0
57853.1958333 226.119150294 0.0 194.855924131 0.0
57853.1986111 221.400500944 0.0 190.303926432 0.0
57853.1993056 221.605710461 0.0 190.426725179 0.0
57853.2 222.091592197 0.0 190.944338119 0.0
57853.2006944 221.107014109 0.0 190.085421673 0.0
57853.2013889 223.751949857 0.0 192.610231552 0.0
57853.2208333 192.994179308 0.0 163.905262469 0.0
57853.2215278 230.943856673 0.0 199.844095078 0.0
57853.2222222 230.775091501 0.0 199.395189406 0.0
57853.2229167 228.211567368 0.0 196.686843194 0.0
57853.2236111 227.053400664 0.0 196.065189265 0.0
57853.2263889 223.17077498 0.0 192.117388357 0.0
57853.2270833 222.424655272 0.0 191.555491943 0.0
57853.2277778 221.921947201 0.0 191.141478845 0.0
57853.2284722 221.423963086 0.0 190.726567045 0.0
57853.2291667 220.724897824 0.0 190.208361486 0.0
57853.2472222 209.290700707 0.0 179.414632596 0.0
57853.2479167 209.054768192 0.0 179.146606146 0.0
57853.2486111 208.793690505 0.0 178.820086614 0.0
57853.2493056 208.550968575 0.0 178.485693704 0.0
57853.25 207.871088924 0.0 177.946438753 0.0
57853.2527778 206.385089565 0.0 176.591097127 0.0
57853.2534722 206.171029746 0.0 176.34087415 0.0
57853.2541667 206.101727499 0.0 176.031284115 0.0
57853.2548611 205.653851152 0.0 175.639832183 0.0
57853.2555556 205.299907326 0.0 175.336411344 0.0
57853.2847222 197.319702349 0.0 167.711874139 0.0
57853.2854167 197.293373748 0.0 167.719617606 0.0
57853.2861111 197.122152122 0.0 167.688641594 0.0
57853.2868056 196.930998529 0.0 167.308720012 0.0
57853.2875 196.930998529 0.0 167.39408359 0.0
57853.2902778 196.554741062 0.0 166.717741092 0.0
57853.2909722 196.37626222 0.0 166.616442649 0.0
57853.2916667 196.177761955 0.0 166.569668744 0.0
57853.2923611 196.415938201 0.0 166.663203427 0.0
57853.2930556 196.191001554 0.0 166.452676477 0.0
57853.3097222 193.572027602 0.0 164.356280723 0.0
57853.3104167 193.538479009 0.0 164.150706808 0.0
57853.3111111 193.478076882 0.0 164.150706808 0.0
57853.3118056 193.424370266 0.0 164.142794977 0.0
57853.3125 193.572027602 0.0 163.810153024 0.0
57853.33125 191.032736706 0.0 162.360829516 0.0
57853.3319444 191.032736706 0.0 162.344831011 0.0
57853.3326389 191.080319007 0.0 162.256811035 0.0
57853.3333333 190.781033118 0.0 162.216786167 0.0
57853.3340278 190.842288869 0.0 162.128696676 0.0
57853.3368056 190.569890373 0.0 161.727685187 0.0
57853.3375 190.508547035 0.0 161.73571516 0.0
57853.3381944 190.22884373 0.0 161.575039862 0.0
57853.3388889 190.215189146 0.0 161.365922793 0.0
57853.3395833 190.092253748 0.0 161.390065514 0.0
57853.3638889 188.342048605 0.0 160.154146526 0.0
57853.3645833 188.148877222 0.0 159.80507607 0.0
57853.3652778 188.224789623 0.0 160.04057927 0.0
57853.3659722 187.990052238 0.0 160.105484709 0.0
57853.3666667 188.293774338 0.0 160.016232943 0.0
