57853.0827199 7.26642965974 0.0 7.26642965974 0.0
57853.0827546 7.5327285893 0.0 7.5327285893 0.0
57853.0828009 7.57443067167 0.0 7.57443067167 0.0
57853.0828588 7.73853991396 0.0 7.73853991396 0.0
57853.0829282 7.42529460695 0.0 7.42529460695 0.0
57853.0829745 7.36627449937 0.0 7.36627449937 0.0
57853.0830093 7.31669324217 0.0 7.31669324217 0.0
57853.0830671 7.28923864337 0.0 7.28923864337 0.0
57853.0831366 7.24603339766 0.0 7.24603339766 0.0
57853.0831829 7.20569219437 0.0 7.20569219437 0.0
57853.0832292 7.20423486569 0.0 7.20423486569 0.0
57853.0832755 7.1871412954 0.0 7.1871412954 0.0
57853.0833449 7.26202451111 0.0 7.26202451111 0.0
57853.0833912 7.31197647699 0.0 7.31197647699 0.0
57853.0834375 7.31518967628 0.0 7.31518967628 0.0
57853.0834838 7.27447592614 0.0 7.27447592614 0.0
57853.0835532 7.16100551599 0.0 7.16100551599 0.0
57853.0835995 7.3170349186 0.0 7.3170349186 0.0
57853.0836458 7.51032622461 0.0 7.51032622461 0.0
57853.0836921 7.68160139554 0.0 7.68160139554 0.0
57853.0837616 7.5125228785 0.0 7.5125228785 0.0
57853.0838079 7.36559569892 0.0 7.36559569892 0.0
57853.0838657 7.38180194803 0.0 7.38180194803 0.0
57853.0839005 7.41977088595 0.0 7.41977088595 0.0
57853.0839699 7.39587722992 0.0 7.39587722992 0.0
57853.0840162 7.35329857955 0.0 7.35329857955 0.0
57853.0840741 7.50466521572 0.0 7.50466521572 0.0
57853.0841204 7.65349593323 0.0 7.65349593323 0.0
57853.0841898 7.4821120013 0.0 7.4821120013 0.0
57853.0842361 7.36023097464 0.0 7.36023097464 0.0
57853.0842824 7.34356861478 0.0 7.34356861478 0.0
57853.0843287 7.42946835245 0.0 7.42946835245 0.0
57853.0843981 7.60019736586 0.0 7.60019736586 0.0
57853.0844444 7.35982336745 0.0 7.35982336745 0.0
57853.0844907 7.32413817456 0.0 7.32413817456 0.0
57853.084537 7.29417575878 0.0 7.29417575878 0.0
57853.0846065 7.41141012224 0.0 7.41141012224 0.0
57853.0846528 7.57515676405 0.0 7.57515676405 0.0
57853.0846991 7.59480085322 0.0 7.59480085322 0.0
57853.0847454 7.43666591962 0.0 7.43666591962 0.0
57853.0848148 7.23588280723 0.0 7.23588280723 0.0
57853.0848611 7.68400937011 0.0 7.68400937011 0.0
57853.0849074 7.66420250254 0.0 7.66420250254 0.0
57853.0849537 7.43780881712 0.0 7.43780881712 0.0
57853.0850231 7.34874138884 0.0 7.34874138884 0.0
57853.085081 7.30109580816 0.0 7.30109580816 0.0
57853.0851273 7.29307891086 0.0 7.29307891086 0.0
57853.085162 7.27255113423 0.0 7.27255113423 0.0
57853.0852315 7.22502595151 0.0 7.22502595151 0.0
57853.0852894 7.21387551875 0.0 7.21387551875 0.0
57853.0853356 7.23705741307 0.0 7.23705741307 0.0
57853.0853819 7.24347982671 0.0 7.24347982671 0.0
57853.0854514 7.19874989147 0.0 7.19874989147 0.0
57853.0854977 7.22163416409 0.0 7.22163416409 0.0
57853.085544 7.24865504766 0.0 7.24865504766 0.0
57853.0855903 7.23443156025 0.0 7.23443156025 0.0
57853.0856597 7.22613312914 0.0 7.22613312914 0.0
57853.085706 7.20194418196 0.0 7.20194418196 0.0
57853.0857523 7.21137989569 0.0 7.21137989569 0.0
57853.0857986 7.18554103739 0.0 7.18554103739 0.0
57853.0858681 7.19263512212 0.0 7.19263512212 0.0
57853.0859144 7.19284366576 0.0 7.19284366576 0.0
57853.0859606 7.21207321094 0.0 7.21207321094 0.0
57853.0860185 7.18456679279 0.0 7.18456679279 0.0
57853.086088 7.16030725598 0.0 7.16030725598 0.0
57853.1132755 7.1722381444 0.0 7.1722381444 0.0
57853.1133102 7.10682770299 0.0 7.10682770299 0.0
57853.1133565 7.09295425052 0.0 7.09295425052 0.0
57853.1134144 7.13400308382 0.0 7.13400308382 0.0
57853.1134838 7.12769247373 0.0 7.12769247373 0.0
57853.1135301 7.10506861332 0.0 7.10506861332 0.0
57853.1135648 7.12916544906 0.0 7.12916544906 0.0
57853.1136227 7.17035563972 0.0 7.17035563972 0.0
57853.1136921 7.12151669239 0.0 7.12151669239 0.0
57853.1137384 7.17802201167 0.0 7.17802201167 0.0
57853.1137847 7.19047981709 0.0 7.19047981709 0.0
57853.113831 7.20145818567 0.0 7.20145818567 0.0
57853.1139005 7.13302180005 0.0 7.13302180005 0.0
57853.1139468 7.13540468369 0.0 7.13540468369 0.0
57853.1139931 7.13624551147 0.0 7.13624551147 0.0
57853.1140394 7.11653005333 0.0 7.11653005333 0.0
57853.1141088 7.08703040772 0.0 7.08703040772 0.0
57853.1141551 7.09788700953 0.0 7.09788700953 0.0
57853.1142014 7.14002801115 0.0 7.14002801115 0.0
57853.1142477 7.18310517812 0.0 7.18310517812 0.0
57853.1143171 7.09408204069 0.0 7.09408204069 0.0
57853.1143634 7.10760156452 0.0 7.10760156452 0.0
57853.1144213 7.08357254498 0.0 7.08357254498 0.0
57853.114456 7.10056335793 0.0 7.10056335793 0.0
57853.1145255 7.17913643832 0.0 7.17913643832 0.0
57853.1145718 7.12334191233 0.0 7.12334191233 0.0
57853.1146296 7.09556199325 0.0 7.09556199325 0.0
57853.1146759 7.1246754312 0.0 7.1246754312 0.0
57853.1147454 7.12776262231 0.0 7.12776262231 0.0
57853.1147917 7.15898037433 0.0 7.15898037433 0.0
57853.114838 7.17481707084 0.0 7.17481707084 0.0
57853.1148843 7.16512386494 0.0 7.16512386494 0.0
57853.1149537 7.10549083456 0.0 7.10549083456 0.0
57853.115 7.15807236622 0.0 7.15807236622 0.0
57853.1150463 7.19513724678 0.0 7.19513724678 0.0
57853.1150926 7.18581936873 0.0 7.18581936873 0.0
57853.115162 7.33982288615 0.0 7.33982288615 0.0
57853.1152083 7.2867002134 0.0 7.2867002134 0.0
57853.1152546 7.26050962399 0.0 7.26050962399 0.0
57853.1153009 7.25162050855 0.0 7.25162050855 0.0
57853.1153704 7.16784486439 0.0 7.16784486439 0.0
57853.1154167 7.44002688167 0.0 7.44002688167 0.0
57853.115463 7.40371528356 0.0 7.40371528356 0.0
57853.1155093 7.40276975192 0.0 7.40276975192 0.0
57853.1155787 7.24044197546 0.0 7.24044197546 0.0
57853.1156366 7.16603097956 0.0 7.16603097956 0.0
57853.1156829 7.20638605682 0.0 7.20638605682 0.0
57853.1157176 7.20576158362 0.0 7.20576158362 0.0
57853.115787 7.13253110754 0.0 7.13253110754 0.0
57853.1158449 7.2470683728 0.0 7.2470683728 0.0
57853.1158912 7.2043736716 0.0 7.2043736716 0.0
57853.1159375 7.19047981709 0.0 7.19047981709 0.0
57853.1160069 7.15157325349 0.0 7.15157325349 0.0
57853.1160532 7.09873228119 0.0 7.09873228119 0.0
57853.1160995 7.11997191006 0.0 7.11997191006 0.0
57853.1161458 7.10851601954 0.0 7.10851601954 0.0
57853.1162153 7.10408333284 0.0 7.10408333284 0.0
57853.1162616 7.08978137886 0.0 7.08978137886 0.0
57853.1163079 7.11533555077 0.0 7.11533555077 0.0
57853.1163542 7.1344936751 0.0 7.1344936751 0.0
57853.1164236 7.19319122504 0.0 7.19319122504 0.0
57853.1164699 7.25844335929 0.0 7.25844335929 0.0
57853.1165162 7.2463784058 0.0 7.2463784058 0.0
57853.1165741 7.22211880268 0.0 7.22211880268 0.0
57853.1166435 7.1144219723 0.0 7.1144219723 0.0
57853.1660532 7.05669894497 0.0 7.05669894497 0.0
57853.166088 6.94363017448 0.0 6.94363017448 0.0
57853.1661343 6.92047686218 0.0 6.92047686218 0.0
57853.1661921 6.91852585454 0.0 6.91852585454 0.0
57853.1662616 6.92834756634 0.0 6.92834756634 0.0
57853.1663079 6.97703375368 0.0 6.97703375368 0.0
57853.1663426 7.02324711227 0.0 7.02324711227 0.0
57853.1664005 7.05953256243 0.0 7.05953256243 0.0
57853.1664699 7.0083521601 0.0 7.0083521601 0.0
57853.1665162 6.94809326362 0.0 6.94809326362 0.0
57853.1665625 6.94550214167 0.0 6.94550214167 0.0
57853.1666088 6.95765765183 0.0 6.95765765183 0.0
57853.1666782 6.96972022394 0.0 6.96972022394 0.0
57853.1667245 7.00242815029 0.0 7.00242815029 0.0
57853.1667708 7.0418037462 0.0 7.0418037462 0.0
57853.1668171 7.05386418922 0.0 7.05386418922 0.0
57853.1668866 7.07813534767 0.0 7.07813534767 0.0
57853.1669329 6.98154710648 0.0 6.98154710648 0.0
57853.1669792 6.98004297981 0.0 6.98004297981 0.0
57853.1670255 6.97509856561 0.0 6.97509856561 0.0
57853.1670949 6.92870839334 0.0 6.92870839334 0.0
57853.1671412 6.94931651315 0.0 6.94931651315 0.0
57853.1671991 6.95923846408 0.0 6.95923846408 0.0
57853.1672338 6.96871580709 0.0 6.96871580709 0.0
57853.1673032 6.95104308719 0.0 6.95104308719 0.0
57853.1673495 6.96168083152 0.0 6.96168083152 0.0
57853.1674074 6.95737019282 0.0 6.95737019282 0.0
57853.1674537 6.96311711807 0.0 6.96311711807 0.0
57853.1675231 7.00899422171 0.0 7.00899422171 0.0
57853.1675694 6.97330624596 0.0 6.97330624596 0.0
57853.1676157 6.98705946733 0.0 6.98705946733 0.0
57853.167662 6.99321099353 0.0 6.99321099353 0.0
57853.1677315 6.96548634339 0.0 6.96548634339 0.0
57853.1677778 6.95305688169 0.0 6.95305688169 0.0
57853.1678241 6.95356023919 0.0 6.95356023919 0.0
57853.1678704 6.97631707995 0.0 6.97631707995 0.0
57853.1679398 6.9412534891 0.0 6.9412534891 0.0
57853.1679861 6.94615001278 0.0 6.94615001278 0.0
57853.1680324 6.95952584592 0.0 6.95952584592 0.0
57853.1680787 6.9942118927 0.0 6.9942118927 0.0
57853.1681481 6.99964284803 0.0 6.99964284803 0.0
57853.1681944 6.95061148389 0.0 6.95061148389 0.0
57853.1682407 7.00935089719 0.0 7.00935089719 0.0
57853.168287 7.06179863774 0.0 7.06179863774 0.0
57853.1683565 7.08300783566 0.0 7.08300783566 0.0
57853.1684144 7.03981533849 0.0 7.03981533849 0.0
57853.1684606 7.10021126446 0.0 7.10021126446 0.0
57853.1684954 7.15429940665 0.0 7.15429940665 0.0
57853.1685648 7.16289047801 0.0 7.16289047801 0.0
57853.1686227 7.03128722212 0.0 7.03128722212 0.0
57853.168669 7.00114276386 0.0 7.00114276386 0.0
57853.1687153 6.9740232291 0.0 6.9740232291 0.0
57853.1687847 6.99077964179 0.0 6.99077964179 0.0
57853.168831 7.11709210282 0.0 7.11709210282 0.0
57853.1688773 7.16268106228 0.0 7.16268106228 0.0
57853.1689236 7.18470597867 0.0 7.18470597867 0.0
57853.1689931 7.0633561428 0.0 7.0633561428 0.0
57853.1690394 6.95622023803 0.0 6.95622023803 0.0
57853.1690856 6.97997134665 0.0 6.97997134665 0.0
57853.1691319 6.99757100714 0.0 6.99757100714 0.0
57853.1692014 6.98240646196 0.0 6.98240646196 0.0
57853.1692477 6.9440622117 0.0 6.9440622117 0.0
57853.169294 6.97724874145 0.0 6.97724874145 0.0
57853.1693519 6.96921803361 0.0 6.96921803361 0.0
57853.1694213 6.99578444494 0.0 6.99578444494 0.0
57853.1716088 7.00114276386 0.0 7.00114276386 0.0
57853.1716435 7.02068372739 0.0 7.02068372739 0.0
57853.1716898 7.07396635559 0.0 7.07396635559 0.0
57853.1717477 7.1257982009 0.0 7.1257982009 0.0
57853.1718171 7.1183565519 0.0 7.1183565519 0.0
57853.1718634 7.03917608815 0.0 7.03917608815 0.0
57853.1718981 7.11702184906 0.0 7.11702184906 0.0
57853.171956 7.18721086375 0.0 7.18721086375 0.0
57853.1720255 7.21089453535 0.0 7.21089453535 0.0
57853.1720718 6.97509856561 0.0 6.97509856561 0.0
57853.1721181 6.96936152025 0.0 6.96936152025 0.0
57853.1721644 6.96778300466 0.0 6.96778300466 0.0
57853.1722338 6.9588792201 0.0 6.9588792201 0.0
57853.1722801 6.93851569141 0.0 6.93851569141 0.0
57853.1723264 6.96778300466 0.0 6.96778300466 0.0
57853.1723727 7.00756733824 0.0 7.00756733824 0.0
57853.1724421 7.0053550945 0.0 7.0053550945 0.0
57853.1724884 6.99499821301 0.0 6.99499821301 0.0
57853.1725347 7.01277405882 0.0 7.01277405882 0.0
57853.172581 7.02936697008 0.0 7.02936697008 0.0
57853.1726505 7.02004273491 0.0 7.02004273491 0.0
57853.1726968 6.98240646196 0.0 6.98240646196 0.0
57853.1727546 6.9728043139 0.0 6.9728043139 0.0
57853.1727894 6.96491205975 0.0 6.96491205975 0.0
57853.1728588 6.99106572705 0.0 6.99106572705 0.0
57853.1729051 6.99099420683 0.0 6.99099420683 0.0
57853.172963 7.00771003966 0.0 7.00771003966 0.0
57853.1730093 7.02915357636 0.0 7.02915357636 0.0
57853.1730787 7.01911675355 0.0 7.01911675355 0.0
57853.173125 6.95895107038 0.0 6.95895107038 0.0
57853.1731713 7.01783442381 0.0 7.01783442381 0.0
57853.1732176 7.00549784098 0.0 7.00549784098 0.0
57853.173287 6.98126063115 0.0 6.98126063115 0.0
57853.1733333 6.94067720039 0.0 6.94067720039 0.0
57853.1733796 6.95686711099 0.0 6.95686711099 0.0
57853.1734259 6.96842880426 0.0 6.96842880426 0.0
57853.1734954 7.01975783058 0.0 7.01975783058 0.0
57853.1735417 7.07530918052 0.0 7.07530918052 0.0
57853.173588 7.03967328787 0.0 7.03967328787 0.0
57853.1736343 7.00942223011 0.0 7.00942223011 0.0
57853.1737037 7.06901690478 0.0 7.06901690478 0.0
57853.17375 6.95190621341 0.0 6.95190621341 0.0
57853.1737963 6.99378295345 0.0 6.99378295345 0.0
57853.1738426 7.0573366081 0.0 7.0573366081 0.0
57853.173912 7.0843489468 0.0 7.0843489468 0.0
57853.1739699 7.02901131028 0.0 7.02901131028 0.0
57853.1740162 7.05499822821 0.0 7.05499822821 0.0
57853.1740509 7.04549501455 0.0 7.04549501455 0.0
57853.1741204 7.00099992858 0.0 7.00099992858 0.0
57853.1741782 6.96742420124 0.0 6.96742420124 0.0
57853.1742245 6.97072449606 0.0 6.97072449606 0.0
57853.1742708 7.00299935742 0.0 7.00299935742 0.0
57853.1743403 7.09711208873 0.0 7.09711208873 0.0
57853.1743866 7.04748181977 0.0 7.04748181977 0.0
57853.1744329 7.06675314412 0.0 7.06675314412 0.0
57853.1744792 7.09027502993 0.0 7.09027502993 0.0
57853.1745486 7.07120923181 0.0 7.07120923181 0.0
57853.1745949 6.97818027855 0.0 6.97818027855 0.0
57853.1746412 6.98212002188 0.0 6.98212002188 0.0
57853.1746875 7.0080667805 0.0 7.0080667805 0.0
57853.1747569 7.053935072 0.0 7.053935072 0.0
57853.1748032 7.00499821556 0.0 7.00499821556 0.0
57853.1748495 7.00299935742 0.0 7.00299935742 0.0
57853.1749074 7.00178548657 0.0 7.00178548657 0.0
57853.1749769 7.06116137756 0.0 7.06116137756 0.0
57853.1924421 7.23968231347 0.0 7.23968231347 0.0
57853.1924769 7.13147950989 0.0 7.13147950989 0.0
57853.1925231 7.09598478014 0.0 7.09598478014 0.0
57853.192581 7.15017482304 0.0 7.15017482304 0.0
57853.1926505 7.19006258665 0.0 7.19006258665 0.0
57853.1926968 7.09718253957 0.0 7.09718253957 0.0
57853.1927315 7.12909531427 0.0 7.12909531427 0.0
57853.1927894 7.12453507255 0.0 7.12453507255 0.0
57853.1928588 7.07226979123 0.0 7.07226979123 0.0
57853.1929051 7.0230335326 0.0 7.0230335326 0.0
57853.1929514 7.01583922279 0.0 7.01583922279 0.0
57853.1929977 7.03093165946 0.0 7.03093165946 0.0
57853.1930671 7.05039006013 0.0 7.05039006013 0.0
57853.1931134 7.04677231078 0.0 7.04677231078 0.0
57853.1931597 7.03668956257 0.0 7.03668956257 0.0
57853.193206 7.03398891099 0.0 7.03398891099 0.0
57853.1932755 7.0259518928 0.0 7.0259518928 0.0
57853.1933218 7.0301493583 0.0 7.0301493583 0.0
57853.1933681 7.05386418922 0.0 7.05386418922 0.0
57853.1934144 7.08815914043 0.0 7.08815914043 0.0
57853.1934838 7.10147871925 0.0 7.10147871925 0.0
57853.1935301 7.03796845688 0.0 7.03796845688 0.0
57853.193588 7.06009914945 0.0 7.06009914945 0.0
57853.1936227 7.09062761679 0.0 7.09062761679 0.0
57853.1936921 7.09584385398 0.0 7.09584385398 0.0
57853.1937384 7.03569470628 0.0 7.03569470628 0.0
57853.1937963 7.05088646909 0.0 7.05088646909 0.0
57853.1938426 7.06526715702 0.0 7.06526715702 0.0
57853.193912 7.08590149522 0.0 7.08590149522 0.0
57853.1939583 7.06031160785 0.0 7.06031160785 0.0
57853.1940046 7.06059487579 0.0 7.06059487579 0.0
57853.1940509 7.10260515586 0.0 7.10260515586 0.0
57853.1941204 7.07651043948 0.0 7.07651043948 0.0
57853.1941667 7.05081555566 0.0 7.05081555566 0.0
57853.194213 7.03164276681 0.0 7.03164276681 0.0
57853.1942593 7.02637886824 0.0 7.02637886824 0.0
57853.1943287 7.02801536709 0.0 7.02801536709 0.0
57853.194375 7.02694812846 0.0 7.02694812846 0.0
57853.1944213 7.05478560978 0.0 7.05478560978 0.0
57853.1944676 7.09570292501 0.0 7.09570292501 0.0
57853.194537 7.07382499077 0.0 7.07382499077 0.0
57853.1945833 7.04514016894 0.0 7.04514016894 0.0
57853.1946296 7.11350827651 0.0 7.11350827651 0.0
57853.1946759 7.18554103739 0.0 7.18554103739 0.0
57853.1947454 7.14653762321 0.0 7.14653762321 0.0
57853.1948032 7.02993598833 0.0 7.02993598833 0.0
57853.1948495 7.03860781689 0.0 7.03860781689 0.0
57853.1948843 7.05471473555 0.0 7.05471473555 0.0
57853.1949537 7.01904551916 0.0 7.01904551916 0.0
57853.1950116 7.01313054206 0.0 7.01313054206 0.0
57853.1950579 7.0423007604 0.0 7.0423007604 0.0
57853.1951042 7.0486168856 0.0 7.0486168856 0.0
57853.1951736 7.04719802475 0.0 7.04719802475 0.0
57853.1952199 7.07912423962 0.0 7.07912423962 0.0
57853.1952662 7.11252416516 0.0 7.11252416516 0.0
57853.1953125 7.12453507255 0.0 7.12453507255 0.0
57853.1953819 7.17641972017 0.0 7.17641972017 0.0
57853.1954282 7.07495583025 0.0 7.07495583025 0.0
57853.1954745 7.10274594787 0.0 7.10274594787 0.0
57853.1955208 7.09076864663 0.0 7.09076864663 0.0
57853.1955903 7.05350976465 0.0 7.05350976465 0.0
57853.1956366 7.04372060775 0.0 7.04372060775 0.0
57853.1956829 7.05237548632 0.0 7.05237548632 0.0
57853.1957407 7.05039006013 0.0 7.05039006013 0.0
57853.1958102 7.03725798873 0.0 7.03725798873 0.0
57853.1979977 7.18296596122 0.0 7.18296596122 0.0
57853.1980324 7.10415371455 0.0 7.10415371455 0.0
57853.1980787 7.09795745268 0.0 7.09795745268 0.0
57853.1981366 7.09217879075 0.0 7.09217879075 0.0
57853.198206 7.08237248385 0.0 7.08237248385 0.0
57853.1982523 7.07495583025 0.0 7.07495583025 0.0
57853.198287 7.07530918052 0.0 7.07530918052 0.0
57853.1983449 7.07806470725 0.0 7.07806470725 0.0
57853.1984144 7.07658109542 0.0 7.07658109542 0.0
57853.1984606 7.0850546928 0.0 7.0850546928 0.0
57853.1985069 7.08851183254 0.0 7.08851183254 0.0
57853.1985532 7.0862542997 0.0 7.0862542997 0.0
57853.1986227 7.09513918116 0.0 7.09513918116 0.0
57853.198669 7.09725298971 0.0 7.09725298971 0.0
57853.1987153 7.11048521551 0.0 7.11048521551 0.0
57853.1987616 7.11653005333 0.0 7.11653005333 0.0
57853.198831 7.10288673709 0.0 7.10288673709 0.0
57853.1988773 7.11301623786 0.0 7.11301623786 0.0
57853.1989236 7.124885964 0.0 7.124885964 0.0
57853.1989699 7.13267130884 0.0 7.13267130884 0.0
57853.1990394 7.11259446334 0.0 7.11259446334 0.0
57853.1990856 7.11020393519 0.0 7.11020393519 0.0
57853.1991435 7.11969100453 0.0 7.11969100453 0.0
57853.1991782 7.11161022554 0.0 7.11161022554 0.0
57853.1992477 7.14485829111 0.0 7.14485829111 0.0
57853.199294 7.17878819858 0.0 7.17878819858 0.0
57853.1993519 7.22329564673 0.0 7.22329564673 0.0
57853.1993981 7.21879491328 0.0 7.21879491328 0.0
57853.1994676 7.20923019469 0.0 7.20923019469 0.0
57853.1995139 7.13561489992 0.0 7.13561489992 0.0
57853.1995602 7.17377167186 0.0 7.17377167186 0.0
57853.1996065 7.2256487598 0.0 7.2256487598 0.0
57853.1996759 7.25024137529 0.0 7.25024137529 0.0
57853.1997222 7.1825482943 0.0 7.1825482943 0.0
57853.1997685 7.26236875957 0.0 7.26236875957 0.0
57853.1998148 7.37455083378 0.0 7.37455083378 0.0
57853.1998843 7.36844624056 0.0 7.36844624056 0.0
57853.1999306 7.13659582714 0.0 7.13659582714 0.0
57853.1999769 7.14828650797 0.0 7.14828650797 0.0
57853.2000231 7.17558359996 0.0 7.17558359996 0.0
57853.2000926 7.23284176517 0.0 7.23284176517 0.0
57853.2001389 7.09351816802 0.0 7.09351816802 0.0
57853.2001852 7.09133273793 0.0 7.09133273793 0.0
57853.2002315 7.0743904331 0.0 7.0743904331 0.0
57853.2003009 7.08985190254 0.0 7.08985190254 0.0
57853.2003588 7.12004213471 0.0 7.12004213471 0.0
57853.2004051 7.12523683817 0.0 7.12523683817 0.0
57853.2004398 7.125377183 0.0 7.125377183 0.0
57853.2005093 7.10267555221 0.0 7.10267555221 0.0
57853.2005671 7.05747830319 0.0 7.05747830319 0.0
57853.2006134 7.06604557019 0.0 7.06604557019 0.0
57853.2006597 7.09203778896 0.0 7.09203778896 0.0
57853.2007292 7.07290605056 0.0 7.07290605056 0.0
57853.2007755 7.02794422289 0.0 7.02794422289 0.0
57853.2008218 7.02217914895 0.0 7.02217914895 0.0
57853.2008681 7.02965148496 0.0 7.02965148496 0.0
57853.2009375 7.04521113949 0.0 7.04521113949 0.0
57853.2009838 7.0313583325 0.0 7.0313583325 0.0
57853.2010301 7.0442174867 0.0 7.0442174867 0.0
57853.2010764 7.04535307845 0.0 7.04535307845 0.0
57853.2011458 7.02652118761 0.0 7.02652118761 0.0
57853.2011921 7.02701928274 0.0 7.02701928274 0.0
57853.2012384 7.05648637779 0.0 7.05648637779 0.0
57853.2012963 7.07983050645 0.0 7.07983050645 0.0
57853.2013657 7.06165702934 0.0 7.06165702934 0.0
57853.2209954 53.0662698896 0.0 53.0662698896 0.0
57853.2210417 58.0449308726 0.0 58.0449308726 0.0
57853.221088 56.8787746 0.0 56.8787746 0.0
57853.2211343 57.6435859398 0.0 57.6435859398 0.0
57853.2212037 44.0441142492 0.0 44.0441142492 0.0
57853.2212616 7.22232649497 0.0 7.22232649497 0.0
57853.2213079 7.208536606 0.0 7.208536606 0.0
57853.2213426 7.1370862402 0.0 7.1370862402 0.0
57853.221412 7.02986486357 0.0 7.02986486357 0.0
57853.2214699 6.96290169398 0.0 6.96290169398 0.0
57853.2215162 6.95176236648 0.0 6.95176236648 0.0
57853.2215625 6.93707431126 0.0 6.93707431126 0.0
57853.2216319 6.914188311 0.0 6.914188311 0.0
57853.2216782 6.92690407036 0.0 6.92690407036 0.0
57853.2217245 6.9316664663 0.0 6.9316664663 0.0
57853.2217708 6.94449422204 0.0 6.94449422204 0.0
57853.2218403 6.94946041071 0.0 6.94946041071 0.0
57853.2218866 6.93303685264 0.0 6.93303685264 0.0
57853.2219329 6.94650991506 0.0 6.94650991506 0.0
57853.2219792 6.96591702506 0.0 6.96591702506 0.0
57853.2220486 6.98104576693 0.0 6.98104576693 0.0
57853.2220949 6.95413546029 0.0 6.95413546029 0.0
57853.2221412 6.9516904419 0.0 6.9516904419 0.0
57853.2221991 6.95133080784 0.0 6.95133080784 0.0
57853.2222685 6.92748150485 0.0 6.92748150485 0.0
57853.2223032 6.93137792939 0.0 6.93137792939 0.0
57853.2223495 6.93282049385 0.0 6.93282049385 0.0
57853.2224074 6.93007936462 0.0 6.93007936462 0.0
57853.2224769 6.93613725354 0.0 6.93613725354 0.0
57853.2225231 6.93419065212 0.0 6.93419065212 0.0
57853.2225579 6.94413421529 0.0 6.94413421529 0.0
57853.2226157 6.95794509895 0.0 6.95794509895 0.0
57853.2226852 6.96498384779 0.0 6.96498384779 0.0
57853.2227315 6.97251747936 0.0 6.97251747936 0.0
57853.2227778 6.99149483301 0.0 6.99149483301 0.0
57853.2228241 7.00742463392 0.0 7.00742463392 0.0
57853.2228935 6.99599885649 0.0 6.99599885649 0.0
57853.2229398 6.9790400486 0.0 6.9790400486 0.0
57853.2229861 6.98226324339 0.0 6.98226324339 0.0
57853.2230324 6.9692897773 0.0 6.9692897773 0.0
57853.2231019 6.96857230715 0.0 6.96857230715 0.0
57853.2231481 6.96670653896 0.0 6.96670653896 0.0
57853.2231944 6.96893105146 0.0 6.96893105146 0.0
57853.2232407 6.97560033259 0.0 6.97560033259 0.0
57853.2233102 6.95341642648 0.0 6.95341642648 0.0
57853.2233565 6.97187205849 0.0 6.97187205849 0.0
57853.2234144 7.00349912544 0.0 7.00349912544 0.0
57853.2234491 7.01911675355 0.0 7.01911675355 0.0
57853.2235301 7.01134794458 0.0 7.01134794458 0.0
57853.2235648 6.96778300466 0.0 6.96778300466 0.0
57853.2257755 7.03818158334 0.0 7.03818158334 0.0
57853.2258102 6.99471228858 0.0 6.99471228858 0.0
57853.2258565 7.01697940712 0.0 7.01697940712 0.0
57853.2259144 7.08371371528 0.0 7.08371371528 0.0
57853.2259838 7.06929982389 0.0 7.06929982389 0.0
57853.2260301 6.99535560211 0.0 6.99535560211 0.0
57853.2260648 7.00685378754 0.0 7.00685378754 0.0
57853.2261227 7.00920822918 0.0 7.00920822918 0.0
57853.2261921 6.96060342212 0.0 6.96060342212 0.0
57853.2262384 7.01177580931 0.0 7.01177580931 0.0
57853.2262847 7.07912423962 0.0 7.07912423962 0.0
57853.226331 7.10112667117 0.0 7.10112667117 0.0
57853.2264005 6.99578444494 0.0 6.99578444494 0.0
57853.2264468 6.97431000171 0.0 6.97431000171 0.0
57853.2264931 6.99428338002 0.0 6.99428338002 0.0
57853.2265394 7.01027816852 0.0 7.01027816852 0.0
57853.2266088 6.97939825486 0.0 6.97939825486 0.0
57853.2266551 6.93029580898 0.0 6.93029580898 0.0
57853.2267014 6.93656975745 0.0 6.93656975745 0.0
57853.2267477 6.94535816211 0.0 6.94535816211 0.0
57853.2268171 6.93303685264 0.0 6.93303685264 0.0
57853.2268634 6.92011560597 0.0 6.92011560597 0.0
57853.2269213 6.91404367935 0.0 6.91404367935 0.0
57853.226956 6.92784237696 0.0 6.92784237696 0.0
57853.2270255 6.94615001278 0.0 6.94615001278 0.0
57853.2270718 6.93296473379 0.0 6.93296473379 0.0
57853.2271296 6.92611001934 0.0 6.92611001934 0.0
57853.2271759 6.92517147802 0.0 6.92517147802 0.0
57853.2272454 6.94744557373 0.0 6.94744557373 0.0
57853.2272917 6.98133225108 0.0 6.98133225108 0.0
57853.227338 6.98233485304 0.0 6.98233485304 0.0
57853.2273843 6.97517024882 0.0 6.97517024882 0.0
57853.2274537 6.96641945335 0.0 6.96641945335 0.0
57853.2275 6.9622553817 0.0 6.9622553817 0.0
57853.2275463 6.98040113461 0.0 6.98040113461 0.0
57853.2275926 7.02381662631 0.0 7.02381662631 0.0
57853.227662 7.03121611103 0.0 7.03121611103 0.0
57853.2277083 7.00599743077 0.0 7.00599743077 0.0
57853.2277546 7.05251728108 0.0 7.05251728108 0.0
57853.2278009 7.0637808573 0.0 7.0637808573 0.0
57853.2278704 7.08858236885 0.0 7.08858236885 0.0
57853.2279167 6.96620413138 0.0 6.96620413138 0.0
57853.227963 6.98319411158 0.0 6.98319411158 0.0
57853.2280093 7.02872676948 0.0 7.02872676948 0.0
57853.2280787 6.99306799624 0.0 6.99306799624 0.0
57853.2281366 6.94197378272 0.0 6.94197378272 0.0
57853.2281829 6.93592099148 0.0 6.93592099148 0.0
57853.2282176 6.92647096291 0.0 6.92647096291 0.0
57853.228287 6.91780311949 0.0 6.91780311949 0.0
57853.2283449 6.91086101727 0.0 6.91086101727 0.0
57853.2283912 6.91548985973 0.0 6.91548985973 0.0
57853.2284375 6.92221062956 0.0 6.92221062956 0.0
57853.2285069 6.90622907237 0.0 6.90622907237 0.0
57853.2285532 6.90224601126 0.0 6.90224601126 0.0
57853.2285995 6.90702540896 0.0 6.90702540896 0.0
57853.2286458 6.90992040475 0.0 6.90992040475 0.0
57853.2287153 6.90876255201 0.0 6.90876255201 0.0
57853.2287616 6.91020983762 0.0 6.91020983762 0.0
57853.2288079 6.91071631598 0.0 6.91071631598 0.0
57853.2288542 6.91599595142 0.0 6.91599595142 0.0
57853.2289236 6.93469537903 0.0 6.93469537903 0.0
57853.2289699 6.93267625091 0.0 6.93267625091 0.0
57853.2290162 6.96986370025 0.0 6.96986370025 0.0
57853.2290741 6.97474013853 0.0 6.97474013853 0.0
57853.2291435 6.92625439902 0.0 6.92625439902 0.0
57853.2466088 7.00307075503 0.0 7.00307075503 0.0
57853.2466435 6.89550578275 0.0 6.89550578275 0.0
57853.2466898 6.86542059891 0.0 6.86542059891 0.0
57853.2467477 6.88229612847 0.0 6.88229612847 0.0
57853.2468171 6.86607602638 0.0 6.86607602638 0.0
57853.2468634 6.87742684439 0.0 6.87742684439 0.0
57853.2468981 6.87429996436 0.0 6.87429996436 0.0
57853.246956 6.90941386805 0.0 6.90941386805 0.0
57853.2470255 6.90948623271 0.0 6.90948623271 0.0
57853.2470718 6.88360370736 0.0 6.88360370736 0.0
57853.2471181 6.89245964805 0.0 6.89245964805 0.0
57853.2471644 6.91700802371 0.0 6.91700802371 0.0
57853.2472338 6.90651865993 0.0 6.90651865993 0.0
57853.2472801 6.87989825506 0.0 6.87989825506 0.0
57853.2473264 6.89572331231 0.0 6.89572331231 0.0
57853.2473727 6.92221062956 0.0 6.92221062956 0.0
57853.2474421 6.88447528865 0.0 6.88447528865 0.0
57853.2474884 6.86483794419 0.0 6.86483794419 0.0
57853.2475347 6.86534776978 0.0 6.86534776978 0.0
57853.247581 6.88222347792 0.0 6.88222347792 0.0
57853.2476505 6.89354770782 0.0 6.89354770782 0.0
57853.2476968 6.87000727802 0.0 6.87000727802 0.0
57853.2477546 6.8793895078 0.0 6.8793895078 0.0
57853.2477894 6.86913386098 0.0 6.86913386098 0.0
57853.2478588 6.8733543485 0.0 6.8733543485 0.0
57853.2479051 6.88948474126 0.0 6.88948474126 0.0
57853.247963 6.87822651561 0.0 6.87822651561 0.0
57853.2480093 6.8672410763 0.0 6.8672410763 0.0
57853.2480787 6.88491103791 0.0 6.88491103791 0.0
57853.248125 6.89528824633 0.0 6.89528824633 0.0
57853.2481713 6.91303117308 0.0 6.91303117308 0.0
57853.2482176 6.94463821952 0.0 6.94463821952 0.0
57853.248287 6.93520006921 0.0 6.93520006921 0.0
57853.2483333 6.85638388657 0.0 6.85638388657 0.0
57853.2483796 6.87022561493 0.0 6.87022561493 0.0
57853.2484259 6.89129886161 0.0 6.89129886161 0.0
57853.2484954 6.90275307396 0.0 6.90275307396 0.0
57853.2485417 6.88142427118 0.0 6.88142427118 0.0
57853.248588 6.87764494576 0.0 6.87764494576 0.0
57853.2486343 6.87124442878 0.0 6.87124442878 0.0
57853.2487037 6.85908157117 0.0 6.85908157117 0.0
57853.24875 6.84638590791 0.0 6.84638590791 0.0
57853.2487963 6.83988303994 0.0 6.83988303994 0.0
57853.2488426 6.85229888432 0.0 6.85229888432 0.0
57853.248912 6.86622166843 0.0 6.86622166843 0.0
57853.2489699 6.89840561289 0.0 6.89840561289 0.0
57853.2490162 6.91932077591 0.0 6.91932077591 0.0
57853.2490509 6.9514746637 0.0 6.9514746637 0.0
57853.2491204 6.89579582064 0.0 6.89579582064 0.0
57853.2491782 6.85054742338 0.0 6.85054742338 0.0
57853.2492245 6.86316253632 0.0 6.86316253632 0.0
57853.2492708 6.86206965864 0.0 6.86206965864 0.0
57853.2493403 6.83710465036 0.0 6.83710465036 0.0
57853.2493866 6.85456052566 0.0 6.85456052566 0.0
57853.2494329 6.86418239851 0.0 6.86418239851 0.0
57853.2494792 6.87531817446 0.0 6.87531817446 0.0
57853.2495486 6.87109889319 0.0 6.87109889319 0.0
57853.2495949 6.82685872126 0.0 6.82685872126 0.0
57853.2496412 6.84317177923 0.0 6.84317177923 0.0
57853.2496875 6.87117166137 0.0 6.87117166137 0.0
57853.2497569 6.86155958948 0.0 6.86155958948 0.0
57853.2498032 6.88636333633 0.0 6.88636333633 0.0
57853.2498495 6.92647096291 0.0 6.92647096291 0.0
57853.2499074 6.94492620551 0.0 6.94492620551 0.0
57853.2499769 6.93044010147 0.0 6.93044010147 0.0
57853.2521644 6.99578444494 0.0 6.99578444494 0.0
57853.2521991 6.92906920156 0.0 6.92906920156 0.0
57853.2522454 6.90651865993 0.0 6.90651865993 0.0
57853.2523032 6.90449129191 0.0 6.90449129191 0.0
57853.2523727 6.87284511683 0.0 6.87284511683 0.0
57853.252419 6.89869552887 0.0 6.89869552887 0.0
57853.2524537 6.89195182804 0.0 6.89195182804 0.0
57853.2525116 6.90825593041 0.0 6.90825593041 0.0
57853.252581 6.91266952776 0.0 6.91266952776 0.0
57853.2526273 6.89862305102 0.0 6.89862305102 0.0
57853.2526736 6.93837156687 0.0 6.93837156687 0.0
57853.2527199 6.99035049193 0.0 6.99035049193 0.0
57853.2527894 7.00414163192 0.0 7.00414163192 0.0
57853.2528356 6.90919676952 0.0 6.90919676952 0.0
57853.2528819 6.9153452553 0.0 6.9153452553 0.0
57853.2529282 6.90376708761 0.0 6.90376708761 0.0
57853.2529977 6.90463612365 0.0 6.90463612365 0.0
57853.253044 6.89934779526 0.0 6.89934779526 0.0
57853.2530903 6.90970332214 0.0 6.90970332214 0.0
57853.2531366 6.92755368077 0.0 6.92755368077 0.0
57853.253206 6.94363017448 0.0 6.94363017448 0.0
57853.2532523 6.90919676952 0.0 6.90919676952 0.0
57853.2533102 6.93426275822 0.0 6.93426275822 0.0
57853.2533449 6.94420621814 0.0 6.94420621814 0.0
57853.2534144 6.90152157136 0.0 6.90152157136 0.0
57853.2534606 6.86796913214 0.0 6.86796913214 0.0
57853.2535185 6.88040696471 0.0 6.88040696471 0.0
57853.2535648 6.87619080596 0.0 6.87619080596 0.0
57853.2536343 6.90297037514 0.0 6.90297037514 0.0
57853.2536806 6.8793895078 0.0 6.8793895078 0.0
57853.2537269 6.85383104548 0.0 6.85383104548 0.0
57853.2537731 6.84791939205 0.0 6.84791939205 0.0
57853.2538426 6.84740826883 0.0 6.84740826883 0.0
57853.2538889 6.86906107121 0.0 6.86906107121 0.0
57853.2539352 6.90919676952 0.0 6.90919676952 0.0
57853.2539815 6.93354166354 0.0 6.93354166354 0.0
57853.2540509 6.91274185834 0.0 6.91274185834 0.0
57853.2540972 6.86141384847 0.0 6.86141384847 0.0
57853.2541435 6.86556625487 0.0 6.86556625487 0.0
57853.2541898 6.85142320982 0.0 6.85142320982 0.0
57853.2542593 6.84894152406 0.0 6.84894152406 0.0
57853.2543056 6.84697013284 0.0 6.84697013284 0.0
57853.2543519 6.85069339556 0.0 6.85069339556 0.0
57853.2543981 6.84718920434 0.0 6.84718920434 0.0
57853.2544676 6.84207570844 0.0 6.84207570844 0.0
57853.2545255 6.85769640623 0.0 6.85769640623 0.0
57853.2545718 6.89144397061 0.0 6.89144397061 0.0
57853.2546065 6.91606824721 0.0 6.91606824721 0.0
57853.2546759 6.92546027351 0.0 6.92546027351 0.0
57853.2547338 6.90383951146 0.0 6.90383951146 0.0
57853.2547801 6.9153452553 0.0 6.9153452553 0.0
57853.2548264 6.90050722773 0.0 6.90050722773 0.0
57853.2548958 6.83300812234 0.0 6.83300812234 0.0
57853.2549421 6.8301537318 0.0 6.8301537318 0.0
57853.2549884 6.85696725966 0.0 6.85696725966 0.0
57853.2550347 6.8684059286 0.0 6.8684059286 0.0
57853.2551042 6.86126810437 0.0 6.86126810437 0.0
57853.2551505 6.83337398362 0.0 6.83337398362 0.0
57853.2551968 6.8259065332 0.0 6.8259065332 0.0
57853.2552431 6.8313249081 0.0 6.8313249081 0.0
57853.2553125 6.84521730846 0.0 6.84521730846 0.0
57853.2553588 6.87742684439 0.0 6.87742684439 0.0
57853.2554051 6.88389424672 0.0 6.88389424672 0.0
57853.255463 6.90456370816 0.0 6.90456370816 0.0
57853.2555324 6.90811117455 0.0 6.90811117455 0.0
57853.2841088 6.89434550918 0.0 6.89434550918 0.0
57853.2841435 6.82114359913 0.0 6.82114359913 0.0
57853.2841898 6.80117636884 0.0 6.80117636884 0.0
57853.2842477 6.78800412493 0.0 6.78800412493 0.0
57853.2843171 6.80521858576 0.0 6.80521858576 0.0
57853.2843634 6.84543643605 0.0 6.84543643605 0.0
57853.2843981 6.87502727267 0.0 6.87502727267 0.0
57853.284456 6.91447756523 0.0 6.91447756523 0.0
57853.2845255 6.87677249878 0.0 6.87677249878 0.0
57853.2845718 6.77214884656 0.0 6.77214884656 0.0
57853.2846181 6.77960175822 0.0 6.77960175822 0.0
57853.2846644 6.7820350928 0.0 6.7820350928 0.0
57853.2847338 6.83227634102 0.0 6.83227634102 0.0
57853.2847801 6.85492523665 0.0 6.85492523665 0.0
57853.2848264 6.89898543266 0.0 6.89898543266 0.0
57853.2848727 6.9478773737 0.0 6.9478773737 0.0
57853.2849421 6.90405677845 0.0 6.90405677845 0.0
57853.2849884 6.79013991019 0.0 6.79013991019 0.0
57853.2850347 6.79543964729 0.0 6.79543964729 0.0
57853.285081 6.80169096622 0.0 6.80169096622 0.0
57853.2851505 6.79411510059 0.0 6.79411510059 0.0
57853.2851968 6.79521890744 0.0 6.79521890744 0.0
57853.2852546 6.78955079516 0.0 6.78955079516 0.0
57853.2852894 6.79139160997 0.0 6.79139160997 0.0
57853.2853588 6.76756972628 0.0 6.76756972628 0.0
57853.2854051 6.7692687936 0.0 6.7692687936 0.0
57853.285463 6.77502767522 0.0 6.77502767522 0.0
57853.2855093 6.78196136822 0.0 6.78196136822 0.0
57853.2855787 6.78291972531 0.0 6.78291972531 0.0
57853.285625 6.77347768875 0.0 6.77347768875 0.0
57853.2856713 6.78955079516 0.0 6.78955079516 0.0
57853.2857176 6.82385521535 0.0 6.82385521535 0.0
57853.285787 6.83469092205 0.0 6.83469092205 0.0
57853.2858333 6.82678548074 0.0 6.82678548074 0.0
57853.2858796 6.8240750289 0.0 6.8240750289 0.0
57853.2859259 6.81857756427 0.0 6.81857756427 0.0
57853.2859954 6.82597978315 0.0 6.82597978315 0.0
57853.2860417 6.79492457648 0.0 6.79492457648 0.0
57853.286088 6.79595467907 0.0 6.79595467907 0.0
57853.2861343 6.79860279763 0.0 6.79860279763 0.0
57853.2862037 6.83403248456 0.0 6.83403248456 0.0
57853.28625 6.79911758981 0.0 6.79911758981 0.0
57853.2862963 6.80418988565 0.0 6.80418988565 0.0
57853.2863426 6.78291972531 0.0 6.78291972531 0.0
57853.286412 6.77000738552 0.0 6.77000738552 0.0
57853.2864699 6.81432315054 0.0 6.81432315054 0.0
57853.2865162 6.82253618532 0.0 6.82253618532 0.0
57853.2865509 6.81784423407 0.0 6.81784423407 0.0
57853.2866204 6.86046645644 0.0 6.86046645644 0.0
57853.2866782 6.91997109821 0.0 6.91997109821 0.0
57853.2867245 6.93909215964 0.0 6.93909215964 0.0
57853.2867708 6.96218356552 0.0 6.96218356552 0.0
57853.2868403 6.88781532853 0.0 6.88781532853 0.0
57853.2868866 6.8045572964 0.0 6.8045572964 0.0
57853.2869329 6.80602674106 0.0 6.80602674106 0.0
57853.2869792 6.79485099174 0.0 6.79485099174 0.0
57853.2870486 6.83125171546 0.0 6.83125171546 0.0
57853.2870949 6.84894152406 0.0 6.84894152406 0.0
57853.2871412 6.88810569025 0.0 6.88810569025 0.0
57853.2871875 6.90391193455 0.0 6.90391193455 0.0
57853.2872569 6.81667074165 0.0 6.81667074165 0.0
57853.2873032 6.85893577751 0.0 6.85893577751 0.0
57853.2873495 6.88687156843 0.0 6.88687156843 0.0
57853.2874074 6.91614054224 0.0 6.91614054224 0.0
57853.2874769 6.88643594321 0.0 6.88643594321 0.0
57853.2896644 6.91223552839 0.0 6.91223552839 0.0
57853.2896991 6.90405677845 0.0 6.90405677845 0.0
57853.2897454 6.91165682018 0.0 6.91165682018 0.0
57853.2898032 6.88483841495 0.0 6.88483841495 0.0
57853.2898727 6.82466116375 0.0 6.82466116375 0.0
57853.289919 6.86651294326 0.0 6.86651294326 0.0
57853.2899537 6.90072459963 0.0 6.90072459963 0.0
57853.2900116 6.90593947266 0.0 6.90593947266 0.0
57853.290081 6.87473635858 0.0 6.87473635858 0.0
57853.2901273 6.8390057757 0.0 6.8390057757 0.0
57853.2901736 6.8556546004 0.0 6.8556546004 0.0
57853.2902199 6.85353923167 0.0 6.85353923167 0.0
57853.2902894 6.82898235464 0.0 6.82898235464 0.0
57853.2903356 6.84434072793 0.0 6.84434072793 0.0
57853.2903819 6.86498361251 0.0 6.86498361251 0.0
57853.2904282 6.85725892759 0.0 6.85725892759 0.0
57853.2904977 6.84200263081 0.0 6.84200263081 0.0
57853.290544 6.93426275822 0.0 6.93426275822 0.0
57853.2905903 7.0344153986 0.0 7.0344153986 0.0
57853.2906366 7.05854092572 0.0 7.05854092572 0.0
57853.290706 6.977105417 0.0 6.977105417 0.0
57853.2907523 6.8281036899 0.0 6.8281036899 0.0
57853.2908102 6.83066614614 0.0 6.83066614614 0.0
57853.2908449 6.84638590791 0.0 6.84638590791 0.0
57853.2909144 6.85674850056 0.0 6.85674850056 0.0
57853.2909606 6.85594632418 0.0 6.85594632418 0.0
57853.2910185 6.86236110971 0.0 6.86236110971 0.0
57853.2910648 6.88665375927 0.0 6.88665375927 0.0
57853.2911343 6.85798804315 0.0 6.85798804315 0.0
57853.2911806 6.81813757561 0.0 6.81813757561 0.0
57853.2912269 6.82151009675 0.0 6.82151009675 0.0
57853.2912731 6.81879754796 0.0 6.81879754796 0.0
57853.2913426 6.82319573221 0.0 6.82319573221 0.0
57853.2913889 6.80205851195 0.0 6.80205851195 0.0
57853.2914352 6.80903811122 0.0 6.80903811122 0.0
57853.2914815 6.81711082498 0.0 6.81711082498 0.0
57853.2915509 6.81329582508 0.0 6.81329582508 0.0
57853.2915972 6.81784423407 0.0 6.81784423407 0.0
57853.2916435 6.81469001496 0.0 6.81469001496 0.0
57853.2916898 6.81072683346 0.0 6.81072683346 0.0
57853.2917593 6.82370866905 0.0 6.82370866905 0.0
57853.2918056 6.8512042737 0.0 6.8512042737 0.0
57853.2918519 6.84908753047 0.0 6.84908753047 0.0
57853.2918981 6.85083936463 0.0 6.85083936463 0.0
57853.2919676 6.83922510231 0.0 6.83922510231 0.0
57853.2920255 6.84368321885 0.0 6.84368321885 0.0
57853.2920718 6.84244108488 0.0 6.84244108488 0.0
57853.2921065 6.86243397054 0.0 6.86243397054 0.0
57853.2921759 6.8409063727 0.0 6.8409063727 0.0
57853.2922338 6.81050658909 0.0 6.81050658909 0.0
57853.2922801 6.80712861638 0.0 6.80712861638 0.0
57853.2923264 6.82685872126 0.0 6.82685872126 0.0
57853.2923958 6.82597978315 0.0 6.82597978315 0.0
57853.2924421 6.8018379869 0.0 6.8018379869 0.0
57853.2924884 6.80463077617 0.0 6.80463077617 0.0
57853.2925347 6.80610020496 0.0 6.80610020496 0.0
57853.2926042 6.82334228952 0.0 6.82334228952 0.0
57853.2926505 6.83000732064 0.0 6.83000732064 0.0
57853.2926968 6.84273337198 0.0 6.84273337198 0.0
57853.2927431 6.84697013284 0.0 6.84697013284 0.0
57853.2928125 6.83747029244 0.0 6.83747029244 0.0
57853.2928588 6.82194986789 0.0 6.82194986789 0.0
57853.2929051 6.83081254318 0.0 6.83081254318 0.0
57853.292963 6.82282932514 0.0 6.82282932514 0.0
57853.2930324 6.80808343075 0.0 6.80808343075 0.0
57853.3091088 7.05350976465 0.0 7.05350976465 0.0
57853.3091435 7.01505523856 0.0 7.01505523856 0.0
57853.3091898 6.96670653896 0.0 6.96670653896 0.0
57853.3092477 6.94053312073 0.0 6.94053312073 0.0
57853.3093171 6.99571297296 0.0 6.99571297296 0.0
57853.3093634 7.03697378139 0.0 7.03697378139 0.0
57853.3093981 7.10957101378 0.0 7.10957101378 0.0
57853.309456 7.16393746483 0.0 7.16393746483 0.0
57853.3095255 7.08244308131 0.0 7.08244308131 0.0
57853.3095718 6.95650774455 0.0 6.95650774455 0.0
57853.3096181 7.01077741766 0.0 7.01077741766 0.0
57853.3096644 7.04627561198 0.0 7.04627561198 0.0
57853.3097338 7.0796186338 0.0 7.0796186338 0.0
57853.3097801 7.0463465711 0.0 7.0463465711 0.0
57853.3098264 7.06144461141 0.0 7.06144461141 0.0
57853.3098727 7.1633092911 0.0 7.1633092911 0.0
57853.3099421 7.05903676149 0.0 7.05903676149 0.0
57853.3099884 6.97495519699 0.0 6.97495519699 0.0
57853.3100347 7.00064282763 0.0 7.00064282763 0.0
57853.310081 6.9728043139 0.0 6.9728043139 0.0
57853.3101505 6.94514218717 0.0 6.94514218717 0.0
57853.3101968 6.92466605693 0.0 6.92466605693 0.0
57853.3102546 6.93130579328 0.0 6.93130579328 0.0
57853.3102894 6.93628142451 0.0 6.93628142451 0.0
57853.3103588 6.93714638738 0.0 6.93714638738 0.0
57853.3104051 6.94622199472 0.0 6.94622199472 0.0
57853.310463 6.95291305857 0.0 6.95291305857 0.0
57853.3105093 6.9725891891 0.0 6.9725891891 0.0
57853.3105787 6.96124988777 0.0 6.96124988777 0.0
57853.310625 6.96254263901 0.0 6.96254263901 0.0
57853.3106713 6.99907136697 0.0 6.99907136697 0.0
57853.3107176 7.0444304241 0.0 7.0444304241 0.0
57853.310787 7.06583328419 0.0 7.06583328419 0.0
57853.3108333 7.02723274127 0.0 7.02723274127 0.0
57853.3108796 7.02858449476 0.0 7.02858449476 0.0
57853.3109259 7.0230335326 0.0 7.0230335326 0.0
57853.3109954 6.95715459078 0.0 6.95715459078 0.0
57853.3110417 7.08456067798 0.0 7.08456067798 0.0
57853.311088 7.1431785642 0.0 7.1431785642 0.0
57853.3111343 7.28299388988 0.0 7.28299388988 0.0
57853.3112037 7.26966299081 0.0 7.26966299081 0.0
57853.31125 7.09119171931 0.0 7.09119171931 0.0
57853.3112963 7.16540298936 0.0 7.16540298936 0.0
57853.3113426 7.16107533824 0.0 7.16107533824 0.0
57853.311412 7.04514016894 0.0 7.04514016894 0.0
57853.3114699 7.00471269932 0.0 7.00471269932 0.0
57853.3115162 7.02495551587 0.0 7.02495551587 0.0
57853.3115509 7.02936697008 0.0 7.02936697008 0.0
57853.3116204 6.98032950512 0.0 6.98032950512 0.0
57853.3116782 6.99342548398 0.0 6.99342548398 0.0
57853.3117245 7.06519638793 0.0 7.06519638793 0.0
57853.3117708 7.09394107672 0.0 7.09394107672 0.0
57853.3118403 7.09908444801 0.0 7.09908444801 0.0
57853.3118866 7.07559184804 0.0 7.07559184804 0.0
57853.3119329 7.08597205752 0.0 7.08597205752 0.0
57853.3119792 7.05946173585 0.0 7.05946173585 0.0
57853.3120486 6.96993543729 0.0 6.96993543729 0.0
57853.3120949 7.00771003966 0.0 7.00771003966 0.0
57853.3121412 7.05754914967 0.0 7.05754914967 0.0
57853.3121875 7.05691150575 0.0 7.05691150575 0.0
57853.3122569 6.99857128277 0.0 6.99857128277 0.0
57853.3123032 7.04038351228 0.0 7.04038351228 0.0
57853.3123495 7.06604557019 0.0 7.06604557019 0.0
57853.3124074 7.03626321281 0.0 7.03626321281 0.0
57853.3124769 7.01512651347 0.0 7.01512651347 0.0
57853.3306366 7.57654274719 0.0 7.57654274719 0.0
57853.3306713 7.38539098491 0.0 7.38539098491 0.0
57853.3307176 7.40364774959 0.0 7.40364774959 0.0
57853.3307755 7.429266451 0.0 7.429266451 0.0
57853.3308449 7.40952090219 0.0 7.40952090219 0.0
57853.3308912 7.35166647775 0.0 7.35166647775 0.0
57853.3309259 7.37292343647 0.0 7.37292343647 0.0
57853.3309838 7.42313949754 0.0 7.42313949754 0.0
57853.3310532 7.36002717386 0.0 7.36002717386 0.0
57853.3310995 7.37936311615 0.0 7.37936311615 0.0
57853.3311458 7.46732883969 0.0 7.46732883969 0.0
57853.3311921 7.55592482758 0.0 7.55592482758 0.0
57853.3312616 7.7147261779 0.0 7.7147261779 0.0
57853.3313079 7.73162337417 0.0 7.73162337417 0.0
57853.3313542 7.80992957715 0.0 7.80992957715 0.0
57853.3314005 7.72003886001 0.0 7.72003886001 0.0
57853.3314699 7.47188062003 0.0 7.47188062003 0.0
57853.3315162 7.64146582797 0.0 7.64146582797 0.0
57853.3315625 7.83836717691 0.0 7.83836717691 0.0
57853.3316088 7.93706494871 0.0 7.93706494871 0.0
57853.3316782 7.85741687834 0.0 7.85741687834 0.0
57853.3317245 7.52588865185 0.0 7.52588865185 0.0
57853.3317824 7.66531147443 0.0 7.66531147443 0.0
57853.3318171 7.78524244966 0.0 7.78524244966 0.0
57853.3318866 7.85226082094 0.0 7.85226082094 0.0
57853.3319329 7.71977978961 0.0 7.71977978961 0.0
57853.3319907 7.62692598627 0.0 7.62692598627 0.0
57853.332037 7.55374079513 0.0 7.55374079513 0.0
57853.3321065 7.52655299589 0.0 7.52655299589 0.0
57853.3321528 7.92956493132 0.0 7.92956493132 0.0
57853.3321991 8.16976131842 0.0 8.16976131842 0.0
57853.3322454 8.43960899568 0.0 8.43960899568 0.0
57853.3323148 8.2998795172 0.0 8.2998795172 0.0
57853.3323611 7.64866001336 0.0 7.64866001336 0.0
57853.3324074 7.84907637878 0.0 7.84907637878 0.0
57853.3324537 7.96310241049 0.0 7.96310241049 0.0
57853.3325231 7.95254676189 0.0 7.95254676189 0.0
57853.3325694 7.70084410958 0.0 7.70084410958 0.0
57853.3326157 7.77759602962 0.0 7.77759602962 0.0
57853.332662 7.83887747066 0.0 7.83887747066 0.0
57853.3327315 7.96272566399 0.0 7.96272566399 0.0
57853.3327778 7.55023178452 0.0 7.55023178452 0.0
57853.3328241 7.53644478518 0.0 7.53644478518 0.0
57853.3328704 7.525755776 0.0 7.525755776 0.0
57853.3329398 7.59157427679 0.0 7.59157427679 0.0
57853.3329977 7.56769449701 0.0 7.56769449701 0.0
57853.333044 7.66289762427 0.0 7.66289762427 0.0
57853.3330787 7.77907449508 0.0 7.77907449508 0.0
57853.3331481 7.74970967198 0.0 7.74970967198 0.0
57853.333206 7.57845630719 0.0 7.57845630719 0.0
57853.3332523 7.63465781813 0.0 7.63465781813 0.0
57853.3332986 7.69597297293 0.0 7.69597297293 0.0
57853.3333681 7.69577806333 0.0 7.69577806333 0.0
57853.3334144 7.58439186751 0.0 7.58439186751 0.0
57853.3334606 7.66322386467 0.0 7.66322386467 0.0
57853.3335069 7.69376370835 0.0 7.69376370835 0.0
57853.3335764 7.82598236645 0.0 7.82598236645 0.0
57853.3336227 8.20128038784 0.0 8.20128038784 0.0
57853.333669 8.31534725673 0.0 8.31534725673 0.0
57853.3337153 8.21340367935 0.0 8.21340367935 0.0
57853.3337847 7.88726822163 0.0 7.88726822163 0.0
57853.333831 7.66544193116 0.0 7.66544193116 0.0
57853.3338773 7.80762447867 0.0 7.80762447867 0.0
57853.3339352 8.03840780254 0.0 8.03840780254 0.0
57853.3340046 8.15432400632 0.0 8.15432400632 0.0
57853.3361921 7.74829013396 0.0 7.74829013396 0.0
57853.3362269 7.80813678159 0.0 7.80813678159 0.0
57853.3362731 8.00637246198 0.0 8.00637246198 0.0
57853.336331 8.37221595517 0.0 8.37221595517 0.0
57853.3364005 8.33030611682 0.0 8.33030611682 0.0
57853.3364468 7.84212981275 0.0 7.84212981275 0.0
57853.3364815 8.00712182997 0.0 8.00712182997 0.0
57853.3365394 8.16002450977 0.0 8.16002450977 0.0
57853.3366088 8.08665567463 0.0 8.08665567463 0.0
57853.3366551 7.66818100986 0.0 7.66818100986 0.0
57853.3367014 7.82227588365 0.0 7.82227588365 0.0
57853.3367477 7.99443556482 0.0 7.99443556482 0.0
57853.3368171 8.25293887049 0.0 8.25293887049 0.0
57853.3368634 7.77997429302 0.0 7.77997429302 0.0
57853.3369097 7.74021963513 0.0 7.74021963513 0.0
57853.336956 7.76601570949 0.0 7.76601570949 0.0
57853.3370255 7.75835034012 0.0 7.75835034012 0.0
57853.3370718 7.78337972863 0.0 7.78337972863 0.0
57853.3371181 7.87388087286 0.0 7.87388087286 0.0
57853.3371644 7.97439652889 0.0 7.97439652889 0.0
57853.3372338 8.04673846972 0.0 8.04673846972 0.0
57853.3372801 7.74667670682 0.0 7.74667670682 0.0
57853.337338 7.86428636305 0.0 7.86428636305 0.0
57853.3373727 7.95832897033 0.0 7.95832897033 0.0
57853.3374421 7.79743547585 0.0 7.79743547585 0.0
57853.3374884 7.62410650503 0.0 7.62410650503 0.0
57853.3375463 7.65865523444 0.0 7.65865523444 0.0
57853.3375926 7.74596669241 0.0 7.74596669241 0.0
57853.337662 7.77965294856 0.0 7.77965294856 0.0
57853.3377083 7.54320886626 0.0 7.54320886626 0.0
57853.3377546 7.59703889683 0.0 7.59703889683 0.0
57853.3378009 7.64578315152 0.0 7.64578315152 0.0
57853.3378704 7.66211459063 0.0 7.66211459063 0.0
57853.3379167 7.61019053638 0.0 7.61019053638 0.0
57853.337963 7.56974239984 0.0 7.56974239984 0.0
57853.3380093 7.60322300081 0.0 7.60322300081 0.0
57853.3380787 7.59960525291 0.0 7.59960525291 0.0
57853.338125 7.61912068417 0.0 7.61912068417 0.0
57853.3381713 7.67039764289 0.0 7.67039764289 0.0
57853.3382176 7.65950390038 0.0 7.65950390038 0.0
57853.338287 7.63505075294 0.0 7.63505075294 0.0
57853.3383333 7.50653049018 0.0 7.50653049018 0.0
57853.3383796 7.5672980647 0.0 7.5672980647 0.0
57853.3384259 7.60637890195 0.0 7.60637890195 0.0
57853.3384954 7.59585413235 0.0 7.59585413235 0.0
57853.3385532 7.61248973727 0.0 7.61248973727 0.0
57853.3385995 7.5718557831 0.0 7.5718557831 0.0
57853.3386343 7.5625392561 0.0 7.5625392561 0.0
57853.3387037 7.67372139187 0.0 7.67372139187 0.0
57853.3387616 7.75299941958 0.0 7.75299941958 0.0
57853.3388079 7.85773504262 0.0 7.85773504262 0.0
57853.3388542 7.92243649391 0.0 7.92243649391 0.0
57853.3389236 7.70986381203 0.0 7.70986381203 0.0
57853.3389699 7.76189409874 0.0 7.76189409874 0.0
57853.3390162 7.92811452995 0.0 7.92811452995 0.0
57853.3390625 8.10666392544 0.0 8.10666392544 0.0
57853.3391319 7.95091189739 0.0 7.95091189739 0.0
57853.3391782 7.86434994135 0.0 7.86434994135 0.0
57853.3392245 8.02925899445 0.0 8.02925899445 0.0
57853.3392708 8.39690419143 0.0 8.39690419143 0.0
57853.3393403 8.27496223556 0.0 8.27496223556 0.0
57853.3393866 8.04680060645 0.0 8.04680060645 0.0
57853.3394329 8.33144645305 0.0 8.33144645305 0.0
57853.3394907 8.76025113795 0.0 8.76025113795 0.0
57853.3395602 8.63620286932 0.0 8.63620286932 0.0
57853.363912 52.7466302241 0.0 52.7466302241 0.0
57853.3639583 52.6028991596 0.0 52.6028991596 0.0
57853.3640046 53.4567956391 0.0 53.4567956391 0.0
57853.3640509 50.0099690062 0.0 50.0099690062 0.0
57853.3641204 45.1624955024 0.0 45.1624955024 0.0
57853.3641667 9.36354633673 0.0 9.36354633673 0.0
57853.364213 9.54274593605 0.0 9.54274593605 0.0
57853.3642593 9.62777232801 0.0 9.62777232801 0.0
57853.3643287 9.3701120591 0.0 9.3701120591 0.0
57853.3643866 8.88988188898 0.0 8.88988188898 0.0
57853.3644213 8.8092564953 0.0 8.8092564953 0.0
57853.3644676 8.93168517134 0.0 8.93168517134 0.0
57853.364537 8.96916941528 0.0 8.96916941528 0.0
57853.3645949 9.01986696132 0.0 9.01986696132 0.0
57853.3646412 9.37667318402 0.0 9.37667318402 0.0
57853.3646759 9.39207112409 0.0 9.39207112409 0.0
57853.3647569 9.18264667729 0.0 9.18264667729 0.0
57853.3648032 8.91695015126 0.0 8.91695015126 0.0
57853.3648495 9.2173206519 0.0 9.2173206519 0.0
57853.3648958 9.6430285699 0.0 9.6430285699 0.0
57853.3649653 9.71555453899 0.0 9.71555453899 0.0
57853.3650116 9.14554536373 0.0 9.14554536373 0.0
57853.3650579 9.37533999383 0.0 9.37533999383 0.0
57853.3651042 9.48045357565 0.0 9.48045357565 0.0
57853.3651736 9.27572099624 0.0 9.27572099624 0.0
57853.3652199 8.91257538538 0.0 8.91257538538 0.0
57853.3652662 9.07154893059 0.0 9.07154893059 0.0
57853.3653125 9.19266011555 0.0 9.19266011555 0.0
57853.3653935 9.58504042767 0.0 9.58504042767 0.0
57853.3654282 9.27119194063 0.0 9.27119194063 0.0
57853.3654745 9.48071727244 0.0 9.48071727244 0.0
57853.3655324 9.56864671727 0.0 9.56864671727 0.0
57853.3656019 9.31616874042 0.0 9.31616874042 0.0
57853.3656481 8.76453079178 0.0 8.76453079178 0.0
57853.3656829 8.84239786483 0.0 8.84239786483 0.0
57853.3657407 8.85194893795 0.0 8.85194893795 0.0
57853.3658102 8.68671399322 0.0 8.68671399322 0.0
57853.3658565 8.75813907174 0.0 8.75813907174 0.0
57853.3659028 8.84692036813 0.0 8.84692036813 0.0
57853.3659491 9.00760789555 0.0 9.00760789555 0.0
57853.3660185 8.83708096602 0.0 8.83708096602 0.0
57853.3660648 8.84906774751 0.0 8.84906774751 0.0
57853.3661111 8.86752502111 0.0 8.86752502111 0.0
57853.3661574 8.84256750045 0.0 8.84256750045 0.0
57853.3662269 8.98493183057 0.0 8.98493183057 0.0
57853.3662731 8.9092648406 0.0 8.9092648406 0.0
57853.3663194 9.26768579528 0.0 9.26768579528 0.0
57853.3663657 9.43763741622 0.0 9.43763741622 0.0
57853.3664352 9.71787013702 0.0 9.71787013702 0.0
57853.3664815 9.07298186926 0.0 9.07298186926 0.0
57853.3665394 9.16034933832 0.0 9.16034933832 0.0
57853.3665741 9.32099780066 0.0 9.32099780066 0.0
57853.3666435 9.13318126394 0.0 9.13318126394 0.0
