57853.1848032 7.34948977821 0.0 7.34948977821 0.0
57853.184838 7.22350330518 0.0 7.22350330518 0.0
57853.1848843 7.23850813359 0.0 7.23850813359 0.0
57853.1849421 7.29170761893 0.0 7.29170761893 0.0
57853.1850116 7.26312604875 0.0 7.26312604875 0.0
57853.1850579 7.24465320081 0.0 7.24465320081 0.0
57853.1850926 7.26271299171 0.0 7.26271299171 0.0
57853.1851505 7.2735823361 0.0 7.2735823361 0.0
57853.1852199 7.23781735056 0.0 7.23781735056 0.0
57853.1852662 7.2324961113 0.0 7.2324961113 0.0
57853.1853125 7.22765522144 0.0 7.22765522144 0.0
57853.1853588 7.2256487598 0.0 7.2256487598 0.0
57853.1854282 7.2452053111 0.0 7.2452053111 0.0
57853.1854745 7.26009641809 0.0 7.26009641809 0.0
57853.1855208 7.29636895997 0.0 7.29636895997 0.0
57853.1855671 7.33266663636 0.0 7.33266663636 0.0
57853.1856366 7.37644901019 0.0 7.37644901019 0.0
57853.1856829 7.29451848993 0.0 7.29451848993 0.0
57853.1857292 7.31812817598 0.0 7.31812817598 0.0
57853.1857755 7.35880425069 0.0 7.35880425069 0.0
57853.1858449 7.40918349078 0.0 7.40918349078 0.0
57853.1858912 7.27461339179 0.0 7.27461339179 0.0
57853.1859491 7.26539744267 0.0 7.26539744267 0.0
57853.1859838 7.28162069872 0.0 7.28162069872 0.0
57853.1860532 7.24686138959 0.0 7.24686138959 0.0
57853.1860995 7.2915019029 0.0 7.2915019029 0.0
57853.1861574 7.33184833449 0.0 7.33184833449 0.0
57853.1862037 7.32113379198 0.0 7.32113379198 0.0
57853.1862731 7.24810320015 0.0 7.24810320015 0.0
57853.1863194 7.19826367953 0.0 7.19826367953 0.0
57853.1863657 7.17899714445 0.0 7.17899714445 0.0
57853.186412 7.21498440747 0.0 7.21498440747 0.0
57853.1864815 7.20479007328 0.0 7.20479007328 0.0
57853.1865278 7.22827780318 0.0 7.22827780318 0.0
57853.1865741 7.29095329844 0.0 7.29095329844 0.0
57853.1866204 7.33839219448 0.0 7.33839219448 0.0
57853.1866898 7.25113784175 0.0 7.25113784175 0.0
57853.1867361 7.18004178261 0.0 7.18004178261 0.0
57853.1867824 7.17154097806 0.0 7.17154097806 0.0
57853.1868287 7.17237756954 0.0 7.17237756954 0.0
57853.1868981 7.22198033783 0.0 7.22198033783 0.0
57853.1869444 7.2292461571 0.0 7.2292461571 0.0
57853.1869907 7.3343029662 0.0 7.3343029662 0.0
57853.187037 7.37868551979 0.0 7.37868551979 0.0
57853.1871065 7.29527244179 0.0 7.29527244179 0.0
57853.1871644 7.24899993102 0.0 7.24899993102 0.0
57853.1872106 7.27296363252 0.0 7.27296363252 0.0
57853.1872454 7.28134602941 0.0 7.28134602941 0.0
57853.1873148 7.3175132388 0.0 7.3175132388 0.0
57853.1873727 7.25355085458 0.0 7.25355085458 0.0
57853.187419 7.30602491099 0.0 7.30602491099 0.0
57853.1874653 7.35234656419 0.0 7.35234656419 0.0
57853.1875347 7.29177618965 0.0 7.29177618965 0.0
57853.187581 7.20825915183 0.0 7.20825915183 0.0
57853.1876273 7.21872564931 0.0 7.21872564931 0.0
57853.1876736 7.24810320015 0.0 7.24810320015 0.0
57853.1877431 7.26574153132 0.0 7.26574153132 0.0
57853.1877894 7.22647908736 0.0 7.22647908736 0.0
57853.1878356 7.23678105237 0.0 7.23678105237 0.0
57853.1878819 7.25417121386 0.0 7.25417121386 0.0
57853.1879514 7.24058008726 0.0 7.24058008726 0.0
57853.1879977 7.23470801069 0.0 7.23470801069 0.0
57853.188044 7.25589415579 0.0 7.25589415579 0.0
57853.1881019 7.2867002134 0.0 7.2867002134 0.0
57853.1881713 7.23691923404 0.0 7.23691923404 0.0
57853.2111921 7.2394751191 0.0 7.2394751191 0.0
57853.2112269 7.15283160713 0.0 7.15283160713 0.0
57853.2112731 7.11603822362 0.0 7.11603822362 0.0
57853.211331 7.09788700953 0.0 7.09788700953 0.0
57853.2114005 7.09647799968 0.0 7.09647799968 0.0
57853.2114468 7.12832378614 0.0 7.12832378614 0.0
57853.2114815 7.12004213471 0.0 7.12004213471 0.0
57853.2115394 7.11287564913 0.0 7.11287564913 0.0
57853.2116088 7.11343798736 0.0 7.11343798736 0.0
57853.2116551 7.1056315694 0.0 7.1056315694 0.0
57853.2117014 7.11090711513 0.0 7.11090711513 0.0
57853.2117477 7.10978199384 0.0 7.10978199384 0.0
57853.2118171 7.0880885999 0.0 7.0880885999 0.0
57853.2118634 7.09746433594 0.0 7.09746433594 0.0
57853.2119097 7.09725298971 0.0 7.09725298971 0.0
57853.211956 7.09908444801 0.0 7.09908444801 0.0
57853.2120255 7.0868893035 0.0 7.0868893035 0.0
57853.2120718 7.08576036851 0.0 7.08576036851 0.0
57853.2121181 7.09253128298 0.0 7.09253128298 0.0
57853.2121644 7.09513918116 0.0 7.09513918116 0.0
57853.2122338 7.09027502993 0.0 7.09027502993 0.0
57853.2122801 7.08956980359 0.0 7.08956980359 0.0
57853.212338 7.09020451045 0.0 7.09020451045 0.0
57853.2123727 7.1023939626 0.0 7.1023939626 0.0
57853.2124421 7.12263996001 0.0 7.12263996001 0.0
57853.2124884 7.14632772828 0.0 7.14632772828 0.0
57853.2125463 7.17697707952 0.0 7.17697707952 0.0
57853.2125926 7.17474738231 0.0 7.17474738231 0.0
57853.212662 7.18477557061 0.0 7.18477557061 0.0
57853.2127083 7.12755217448 0.0 7.12755217448 0.0
57853.2127546 7.15325100916 0.0 7.15325100916 0.0
57853.2128009 7.19763850162 0.0 7.19763850162 0.0
57853.2128704 7.24699937905 0.0 7.24699937905 0.0
57853.2129167 7.14338855166 0.0 7.14338855166 0.0
57853.212963 7.18463638607 0.0 7.18463638607 0.0
57853.2130093 7.19868043464 0.0 7.19868043464 0.0
57853.2130787 7.2394751191 0.0 7.2394751191 0.0
57853.213125 7.11252416516 0.0 7.11252416516 0.0
57853.2131713 7.15129358927 0.0 7.15129358927 0.0
57853.2132176 7.17586231752 0.0 7.17586231752 0.0
57853.213287 7.16114515982 0.0 7.16114515982 0.0
57853.2133333 7.06201104502 0.0 7.06201104502 0.0
57853.2133796 7.06908763561 0.0 7.06908763561 0.0
57853.2134259 7.09105069789 0.0 7.09105069789 0.0
57853.2134954 7.12397361028 0.0 7.12397361028 0.0
57853.2135532 7.09823921829 0.0 7.09823921829 0.0
57853.2135995 7.15024475106 0.0 7.15024475106 0.0
57853.2136343 7.23532998556 0.0 7.23532998556 0.0
57853.2137037 7.27598790543 0.0 7.27598790543 0.0
57853.2137616 7.12846407019 0.0 7.12846407019 0.0
57853.2138079 7.13862731903 0.0 7.13862731903 0.0
57853.2138542 7.1570943825 0.0 7.1570943825 0.0
57853.2139236 7.08456067798 0.0 7.08456067798 0.0
57853.2139699 7.06293140275 0.0 7.06293140275 0.0
57853.2140162 7.07142135642 0.0 7.07142135642 0.0
57853.2140625 7.07453178663 0.0 7.07453178663 0.0
57853.2141319 7.07990112925 0.0 7.07990112925 0.0
57853.2141782 7.08279605806 0.0 7.08279605806 0.0
57853.2142245 7.08011299345 0.0 7.08011299345 0.0
57853.2142708 7.07269397048 0.0 7.07269397048 0.0
57853.2143403 7.07622780866 0.0 7.07622780866 0.0
57853.2143866 7.13596524655 0.0 7.13596524655 0.0
57853.2144329 7.1468874344 0.0 7.1468874344 0.0
57853.2144907 7.13232080041 0.0 7.13232080041 0.0
57853.2145602 7.12474560949 0.0 7.12474560949 0.0
57853.2389699 7.14289857131 0.0 7.14289857131 0.0
57853.2390046 6.9606752546 0.0 6.9606752546 0.0
57853.2390509 6.93051224658 0.0 6.93051224658 0.0
57853.2391088 6.93469537903 0.0 6.93469537903 0.0
57853.2391782 6.95377595267 0.0 6.95377595267 0.0
57853.2392245 6.9959273867 0.0 6.9959273867 0.0
57853.2392593 6.97882511602 0.0 6.97882511602 0.0
57853.2393171 7.00007142821 0.0 7.00007142821 0.0
57853.2393866 7.06123218709 0.0 7.06123218709 0.0
57853.2394329 6.99664205173 0.0 6.99664205173 0.0
57853.2394792 6.98713102783 0.0 6.98713102783 0.0
57853.2395255 6.9839100796 0.0 6.9839100796 0.0
57853.2395949 6.94694177318 0.0 6.94694177318 0.0
57853.2396412 6.9412534891 0.0 6.9412534891 0.0
57853.2396875 6.93873187261 0.0 6.93873187261 0.0
57853.2397338 6.94859698069 0.0 6.94859698069 0.0
57853.2398032 6.99821405789 0.0 6.99821405789 0.0
57853.2398495 6.99135180062 0.0 6.99135180062 0.0
57853.2398958 6.98433962519 0.0 6.98433962519 0.0
57853.2399421 6.96534277692 0.0 6.96534277692 0.0
57853.2400116 6.93022366161 0.0 6.93022366161 0.0
57853.2400579 6.93383011041 0.0 6.93383011041 0.0
57853.2401157 6.93743468438 0.0 6.93743468438 0.0
57853.2401505 6.95535764717 0.0 6.95535764717 0.0
57853.2402199 6.94010086382 0.0 6.94010086382 0.0
57853.2402662 6.95521387162 0.0 6.95521387162 0.0
57853.2403241 6.95161851658 0.0 6.95161851658 0.0
57853.2403704 6.96031608478 0.0 6.96031608478 0.0
57853.2404398 6.94254996381 0.0 6.94254996381 0.0
57853.2404861 6.92452164413 0.0 6.92452164413 0.0
57853.2405324 6.92257177644 0.0 6.92257177644 0.0
57853.2405787 6.92170499227 0.0 6.92170499227 0.0
57853.2406481 6.93065653456 0.0 6.93065653456 0.0
57853.2406944 6.91151213556 0.0 6.91151213556 0.0
57853.2407407 6.94600604664 0.0 6.94600604664 0.0
57853.240787 6.97753538149 0.0 6.97753538149 0.0
57853.2408565 7.03491293478 0.0 7.03491293478 0.0
57853.2409028 6.99378295345 0.0 6.99378295345 0.0
57853.2409491 6.98212002188 0.0 6.98212002188 0.0
57853.2409954 6.97266089811 0.0 6.97266089811 0.0
57853.2410648 6.95679523919 0.0 6.95679523919 0.0
57853.2411111 7.01633807623 0.0 7.01633807623 0.0
57853.2411574 7.02680581772 0.0 7.02680581772 0.0
57853.2412037 7.0177631764 0.0 7.0177631764 0.0
57853.2412731 6.96469669117 0.0 6.96469669117 0.0
57853.241331 6.90586707083 0.0 6.90586707083 0.0
57853.2413773 6.91093336677 0.0 6.91093336677 0.0
57853.241412 6.91939303697 0.0 6.91939303697 0.0
57853.2414815 6.91013748054 0.0 6.91013748054 0.0
57853.2415394 6.89992753585 0.0 6.89992753585 0.0
57853.2415856 6.89209692329 0.0 6.89209692329 0.0
57853.2416319 6.89869552887 0.0 6.89869552887 0.0
57853.2417014 6.90963095975 0.0 6.90963095975 0.0
57853.2417477 6.92603782837 0.0 6.92603782837 0.0
57853.241794 6.914188311 0.0 6.914188311 0.0
57853.2418403 6.92278845553 0.0 6.92278845553 0.0
57853.2419097 6.91020983762 0.0 6.91020983762 0.0
57853.241956 6.89869552887 0.0 6.89869552887 0.0
57853.2420023 6.91382672621 0.0 6.91382672621 0.0
57853.2420486 6.92567686223 0.0 6.92567686223 0.0
57853.2421181 6.92184946384 0.0 6.92184946384 0.0
57853.2421644 6.90673584264 0.0 6.90673584264 0.0
57853.2422106 6.90470853838 0.0 6.90470853838 0.0
57853.2422685 6.9106439642 0.0 6.9106439642 0.0
57853.242338 6.90774927165 0.0 6.90774927165 0.0
57853.2716088 6.83220315857 0.0 6.83220315857 0.0
57853.2716435 6.86461943592 0.0 6.86461943592 0.0
57853.2716898 6.9244494366 0.0 6.9244494366 0.0
57853.2717477 6.89238710462 0.0 6.89238710462 0.0
57853.2718171 6.77458485813 0.0 6.77458485813 0.0
57853.2718634 6.98240646196 0.0 6.98240646196 0.0
57853.2718981 7.02296233793 0.0 7.02296233793 0.0
57853.271956 6.96397874781 0.0 6.96397874781 0.0
57853.2720255 6.78910892533 0.0 6.78910892533 0.0
57853.2720718 6.74581351654 0.0 6.74581351654 0.0
57853.2721181 6.75211078108 0.0 6.75211078108 0.0
57853.2721644 6.72183010794 0.0 6.72183010794 0.0
57853.2722338 6.718928486 0.0 6.718928486 0.0
57853.2722801 6.72777823654 0.0 6.72777823654 0.0
57853.2723264 6.70007462645 0.0 6.70007462645 0.0
57853.2723727 6.70171619811 0.0 6.70171619811 0.0
57853.2724421 6.68797428225 0.0 6.68797428225 0.0
57853.2724884 6.70909830007 0.0 6.70909830007 0.0
57853.2725347 6.72577133123 0.0 6.72577133123 0.0
57853.272581 6.7392877962 0.0 6.7392877962 0.0
57853.2726505 6.69925368978 0.0 6.69925368978 0.0
57853.2726968 6.69805942046 0.0 6.69805942046 0.0
57853.2727546 6.70656394885 0.0 6.70656394885 0.0
57853.2727894 6.70082084524 0.0 6.70082084524 0.0
57853.2728588 6.66003002996 0.0 6.66003002996 0.0
57853.2729051 6.6925331527 0.0 6.6925331527 0.0
57853.272963 6.72487918107 0.0 6.72487918107 0.0
57853.2730093 6.7394361782 0.0 6.7394361782 0.0
57853.2730787 6.73453784606 0.0 6.73453784606 0.0
57853.273125 6.70880019079 0.0 6.70880019079 0.0
57853.2731713 6.71163169431 0.0 6.71163169431 0.0
57853.2732176 6.75174051634 0.0 6.75174051634 0.0
57853.273287 6.73201307188 0.0 6.73201307188 0.0
57853.2733333 6.71260009236 0.0 6.71260009236 0.0
57853.2733796 6.70425238188 0.0 6.70425238188 0.0
57853.2734259 6.70186541196 0.0 6.70186541196 0.0
57853.2734954 6.67090698481 0.0 6.67090698481 0.0
57853.2735417 6.65867854758 0.0 6.65867854758 0.0
57853.273588 6.66648333081 0.0 6.66648333081 0.0
57853.2736343 6.66078073502 0.0 6.66078073502 0.0
57853.2737037 6.65161634492 0.0 6.65161634492 0.0
57853.27375 6.64958645331 0.0 6.64958645331 0.0
57853.2737963 6.66325746163 0.0 6.66325746163 0.0
57853.2738426 6.6856562879 0.0 6.6856562879 0.0
57853.273912 6.6894693362 0.0 6.6894693362 0.0
57853.2739699 6.67914665208 0.0 6.67914665208 0.0
57853.2740162 6.66895793959 0.0 6.66895793959 0.0
57853.2740509 6.65687614426 0.0 6.65687614426 0.0
57853.2741204 6.67053221265 0.0 6.67053221265 0.0
57853.2741782 6.67510299546 0.0 6.67510299546 0.0
57853.2742245 6.65882872583 0.0 6.65882872583 0.0
57853.2742708 6.66963267354 0.0 6.66963267354 0.0
57853.2743403 6.67585200555 0.0 6.67585200555 0.0
57853.2743866 6.67210611426 0.0 6.67210611426 0.0
57853.2744329 6.69268257129 0.0 6.69268257129 0.0
57853.2744792 6.70313359557 0.0 6.70313359557 0.0
57853.2745486 6.70880019079 0.0 6.70880019079 0.0
57853.2745949 6.71356835074 0.0 6.71356835074 0.0
57853.2746412 6.72458177138 0.0 6.72458177138 0.0
57853.2746875 6.70969447889 0.0 6.70969447889 0.0
57853.2747569 6.69753686067 0.0 6.69753686067 0.0
57853.2748032 6.71416413264 0.0 6.71416413264 0.0
57853.2748495 6.73513177302 0.0 6.73513177302 0.0
57853.2749074 6.73750695732 0.0 6.73750695732 0.0
57853.2749769 6.70835300204 0.0 6.70835300204 0.0
57853.2771644 6.81938413642 0.0 6.81938413642 0.0
57853.2771991 6.71550444866 0.0 6.71550444866 0.0
57853.2772454 6.70141776044 0.0 6.70141776044 0.0
57853.2773032 6.73936198761 0.0 6.73936198761 0.0
57853.2773727 6.75758832721 0.0 6.75758832721 0.0
57853.277419 6.73149314788 0.0 6.73149314788 0.0
57853.2774537 6.72985883953 0.0 6.72985883953 0.0
57853.2775116 6.70902377399 0.0 6.70902377399 0.0
57853.277581 6.72339200107 0.0 6.72339200107 0.0
57853.2776273 6.7976466516 0.0 6.7976466516 0.0
57853.2776736 6.89572331231 0.0 6.89572331231 0.0
57853.2777199 6.98899134353 0.0 6.98899134353 0.0
57853.2777894 6.89449055406 0.0 6.89449055406 0.0
57853.2778356 6.75359163705 0.0 6.75359163705 0.0
57853.2778819 6.76002958573 0.0 6.76002958573 0.0
57853.2779282 6.782698578 0.0 6.782698578 0.0
57853.2779977 6.83966373442 0.0 6.83966373442 0.0
57853.278044 6.82444136908 0.0 6.82444136908 0.0
57853.2780903 6.85186106105 0.0 6.85186106105 0.0
57853.2781366 6.81094707071 0.0 6.81094707071 0.0
57853.278206 6.80969896545 0.0 6.80969896545 0.0
57853.2782523 6.86294397471 0.0 6.86294397471 0.0
57853.2783102 6.9505395474 0.0 6.9505395474 0.0
57853.2783449 6.99199542334 0.0 6.99199542334 0.0
57853.2784144 6.87982557918 0.0 6.87982557918 0.0
57853.2784606 6.7644659804 0.0 6.7644659804 0.0
57853.2785185 6.78041296677 0.0 6.78041296677 0.0
57853.2785648 6.78063418863 0.0 6.78063418863 0.0
57853.2786343 6.80080877543 0.0 6.80080877543 0.0
57853.2786806 6.75988165577 0.0 6.75988165577 0.0
57853.2787269 6.77214884656 0.0 6.77214884656 0.0
57853.2787731 6.82209645197 0.0 6.82209645197 0.0
57853.2788426 6.80470425515 0.0 6.80470425515 0.0
57853.2788889 6.71885406896 0.0 6.71885406896 0.0
57853.2789352 6.72257391183 0.0 6.72257391183 0.0
57853.2789815 6.74736985795 0.0 6.74736985795 0.0
57853.2790509 6.78557293086 0.0 6.78557293086 0.0
57853.2790972 6.80124988513 0.0 6.80124988513 0.0
57853.2791435 6.79036081516 0.0 6.79036081516 0.0
57853.2791898 6.77797904983 0.0 6.77797904983 0.0
57853.2792593 6.7187796511 0.0 6.7187796511 0.0
57853.2793056 6.74247728954 0.0 6.74247728954 0.0
57853.2793519 6.78085540327 0.0 6.78085540327 0.0
57853.2793981 6.80066173251 0.0 6.80066173251 0.0
57853.2794676 6.75566429006 0.0 6.75566429006 0.0
57853.2795255 6.69805942046 0.0 6.69805942046 0.0
57853.2795718 6.70626572692 0.0 6.70626572692 0.0
57853.2796065 6.70447611674 0.0 6.70447611674 0.0
57853.2796759 6.69350431389 0.0 6.69350431389 0.0
57853.2797338 6.69469939579 0.0 6.69469939579 0.0
57853.2797801 6.69298139845 0.0 6.69298139845 0.0
57853.2798264 6.69723823677 0.0 6.69723823677 0.0
57853.2798958 6.69484876603 0.0 6.69484876603 0.0
57853.2799421 6.70604205176 0.0 6.70604205176 0.0
57853.2799884 6.71215315677 0.0 6.71215315677 0.0
57853.2800347 6.71222764811 0.0 6.71222764811 0.0
57853.2801042 6.69723823677 0.0 6.69723823677 0.0
57853.2801505 6.69805942046 0.0 6.69805942046 0.0
57853.2801968 6.70544554821 0.0 6.70544554821 0.0
57853.2802431 6.7205654524 0.0 6.7205654524 0.0
57853.2803125 6.71468539844 0.0 6.71468539844 0.0
57853.2803588 6.70604205176 0.0 6.70604205176 0.0
57853.2804051 6.7244330616 0.0 6.7244330616 0.0
57853.280463 6.71810985323 0.0 6.71810985323 0.0
57853.2805324 6.71639784408 0.0 6.71639784408 0.0
57853.2966088 6.82085038687 0.0 6.82085038687 0.0
57853.2966435 6.78151900388 0.0 6.78151900388 0.0
57853.2966898 6.73260722157 0.0 6.73260722157 0.0
57853.2967477 6.74462749157 0.0 6.74462749157 0.0
57853.2968171 6.80639405265 0.0 6.80639405265 0.0
57853.2968634 6.7505555327 0.0 6.7505555327 0.0
57853.2968981 6.75581231237 0.0 6.75581231237 0.0
57853.296956 6.71907731761 0.0 6.71907731761 0.0
57853.2970255 6.66850807902 0.0 6.66850807902 0.0
57853.2970718 6.78395165077 0.0 6.78395165077 0.0
57853.2971181 6.79220141044 0.0 6.79220141044 0.0
57853.2971644 6.81498349228 0.0 6.81498349228 0.0
57853.2972338 6.8742272293 0.0 6.8742272293 0.0
57853.2972801 6.70171619811 0.0 6.70171619811 0.0
57853.2973264 6.6856562879 0.0 6.6856562879 0.0
57853.2973727 6.68019460794 0.0 6.68019460794 0.0
57853.2974421 6.69186072778 0.0 6.69186072778 0.0
57853.2974884 6.72264828769 0.0 6.72264828769 0.0
57853.2975347 6.73208734346 0.0 6.73208734346 0.0
57853.297581 6.77155816633 0.0 6.77155816633 0.0
57853.2976505 6.77539666735 0.0 6.77539666735 0.0
57853.2976968 6.70604205176 0.0 6.70604205176 0.0
57853.2977546 6.72740663257 0.0 6.72740663257 0.0
57853.2977894 6.74981481227 0.0 6.74981481227 0.0
57853.2978588 6.74914809439 0.0 6.74914809439 0.0
57853.2979051 6.68281377864 0.0 6.68281377864 0.0
57853.297963 6.6938777999 0.0 6.6938777999 0.0
57853.2980093 6.70059698833 0.0 6.70059698833 0.0
57853.2980787 6.6958942644 0.0 6.6958942644 0.0
57853.298125 6.68056883806 0.0 6.68056883806 0.0
57853.2981713 6.67787391316 0.0 6.67787391316 0.0
57853.2982176 6.66588328731 0.0 6.66588328731 0.0
57853.298287 6.67802365974 0.0 6.67802365974 0.0
57853.2983333 6.68782475847 0.0 6.68782475847 0.0
57853.2983796 6.70805485964 0.0 6.70805485964 0.0
57853.2984259 6.74180984603 0.0 6.74180984603 0.0
57853.2984954 6.7692687936 0.0 6.7692687936 0.0
57853.2985417 6.71103568758 0.0 6.71103568758 0.0
57853.298588 6.7207886442 0.0 6.7207886442 0.0
57853.2986343 6.76128685976 0.0 6.76128685976 0.0
57853.2987037 6.76919492998 0.0 6.76919492998 0.0
57853.29875 6.78218253957 0.0 6.78218253957 0.0
57853.2987963 6.7501111102 0.0 6.7501111102 0.0
57853.2988426 6.72978454336 0.0 6.72978454336 0.0
57853.298912 6.70089546255 0.0 6.70089546255 0.0
57853.2989699 6.76993352995 0.0 6.76993352995 0.0
57853.2990162 6.7505555327 0.0 6.7505555327 0.0
57853.2990509 6.7130469982 0.0 6.7130469982 0.0
57853.2991204 6.71379177514 0.0 6.71379177514 0.0
57853.2991782 6.73201307188 0.0 6.73201307188 0.0
57853.2992245 6.76320929737 0.0 6.76320929737 0.0
57853.2992708 6.75137023129 0.0 6.75137023129 0.0
57853.2993403 6.713419397 0.0 6.713419397 0.0
57853.2993866 6.69156185057 0.0 6.69156185057 0.0
57853.2994329 6.68430998683 0.0 6.68430998683 0.0
57853.2994792 6.68834807707 0.0 6.68834807707 0.0
57853.2995486 6.70410322116 0.0 6.70410322116 0.0
57853.2995949 6.72168133728 0.0 6.72168133728 0.0
57853.2996412 6.73728431937 0.0 6.73728431937 0.0
57853.2996875 6.76860399196 0.0 6.76860399196 0.0
57853.2997569 6.74173568156 0.0 6.74173568156 0.0
57853.2998032 6.69664094901 0.0 6.69664094901 0.0
57853.2998495 6.69693959955 0.0 6.69693959955 0.0
57853.2999074 6.75610834727 0.0 6.75610834727 0.0
57853.2999769 6.82282932514 0.0 6.82282932514 0.0
57853.3021644 6.85652973449 0.0 6.85652973449 0.0
57853.3021991 6.73179025223 0.0 6.73179025223 0.0
57853.3022454 6.68378635206 0.0 6.68378635206 0.0
57853.3023032 6.69567024278 0.0 6.69567024278 0.0
57853.3023727 6.68176623356 0.0 6.68176623356 0.0
57853.302419 6.69148712918 0.0 6.69148712918 0.0
57853.3024537 6.71699337502 0.0 6.71699337502 0.0
57853.3025116 6.6965662843 0.0 6.6965662843 0.0
57853.302581 6.69156185057 0.0 6.69156185057 0.0
57853.3026273 6.66610830995 0.0 6.66610830995 0.0
57853.3026736 6.6894693362 0.0 6.6894693362 0.0
57853.3027199 6.70902377399 0.0 6.70902377399 0.0
57853.3027894 6.6871518601 0.0 6.6871518601 0.0
57853.3028356 6.68692754559 0.0 6.68692754559 0.0
57853.3028819 6.69462470942 0.0 6.69462470942 0.0
57853.3029282 6.69223430552 0.0 6.69223430552 0.0
57853.3029977 6.68026945564 0.0 6.68026945564 0.0
57853.303044 6.72287141034 0.0 6.72287141034 0.0
57853.3030903 6.71252560517 0.0 6.71252560517 0.0
57853.3031366 6.71766328421 0.0 6.71766328421 0.0
57853.303206 6.72183010794 0.0 6.72183010794 0.0
57853.3032523 6.73104746678 0.0 6.73104746678 0.0
57853.3033102 6.76084314269 0.0 6.76084314269 0.0
57853.3033449 6.7687517313 0.0 6.7687517313 0.0
57853.3034144 6.76372678336 0.0 6.76372678336 0.0
57853.3034606 6.73431510994 0.0 6.73431510994 0.0
57853.3035185 6.74188400968 0.0 6.74188400968 0.0
57853.3035648 6.72584567174 0.0 6.72584567174 0.0
57853.3036343 6.71453646948 0.0 6.71453646948 0.0
57853.3036806 6.68236485086 0.0 6.68236485086 0.0
57853.3037269 6.69873122315 0.0 6.69873122315 0.0
57853.3037731 6.7076076212 0.0 6.7076076212 0.0
57853.3038426 6.68513275859 0.0 6.68513275859 0.0
57853.3038889 6.69357901276 0.0 6.69357901276 0.0
57853.3039352 6.71222764811 0.0 6.71222764811 0.0
57853.3039815 6.71572780866 0.0 6.71572780866 0.0
57853.3040509 6.72740663257 0.0 6.72740663257 0.0
57853.3040972 6.69574491748 0.0 6.69574491748 0.0
57853.3041435 6.69768616763 0.0 6.69768616763 0.0
57853.3041898 6.71260009236 0.0 6.71260009236 0.0
57853.3042593 6.72919014444 0.0 6.72919014444 0.0
57853.3043056 6.70857660014 0.0 6.70857660014 0.0
57853.3043519 6.72510222971 0.0 6.72510222971 0.0
57853.3043981 6.74218065614 0.0 6.74218065614 0.0
57853.3044676 6.71647228834 0.0 6.71647228834 0.0
57853.3045255 6.69163657112 0.0 6.69163657112 0.0
57853.3045718 6.68961882322 0.0 6.68961882322 0.0
57853.3046065 6.68774999533 0.0 6.68774999533 0.0
57853.3046759 6.69118823528 0.0 6.69118823528 0.0
57853.3047338 6.69148712918 0.0 6.69148712918 0.0
57853.3047801 6.685207551 0.0 6.685207551 0.0
57853.3048264 6.7138662483 0.0 6.7138662483 0.0
57853.3048958 6.68961882322 0.0 6.68961882322 0.0
57853.3049421 6.70552011406 0.0 6.70552011406 0.0
57853.3049884 6.74017803919 0.0 6.74017803919 0.0
57853.3050347 6.73557718388 0.0 6.73557718388 0.0
57853.3051042 6.73683902138 0.0 6.73683902138 0.0
57853.3051505 6.70484899159 0.0 6.70484899159 0.0
57853.3051968 6.71140819799 0.0 6.71140819799 0.0
57853.3052431 6.72242515763 0.0 6.72242515763 0.0
57853.3053125 6.71788657243 0.0 6.71788657243 0.0
57853.3053588 6.75714436726 0.0 6.75714436726 0.0
57853.3054051 6.78004424764 0.0 6.78004424764 0.0
57853.305463 6.80977238974 0.0 6.80977238974 0.0
57853.3055324 6.75166646096 0.0 6.75166646096 0.0
57853.3184722 48.9858755153 0.0 48.9858755153 0.0
57853.3185185 50.169482756 0.0 50.169482756 0.0
57853.3185648 51.095303111 0.0 51.095303111 0.0
57853.3186111 58.5270108582 0.0 58.5270108582 0.0
57853.3186806 46.2229921143 0.0 46.2229921143 0.0
57853.3187269 6.95320070184 0.0 6.95320070184 0.0
57853.3187731 6.93772296939 0.0 6.93772296939 0.0
57853.3188194 6.88374897857 0.0 6.88374897857 0.0
57853.3188889 6.8018379869 0.0 6.8018379869 0.0
57853.3189352 6.77465866299 0.0 6.77465866299 0.0
57853.3189815 6.78520449213 0.0 6.78520449213 0.0
57853.3190278 6.78969807871 0.0 6.78969807871 0.0
57853.3190972 6.77436343873 0.0 6.77436343873 0.0
57853.3191435 6.749370341 0.0 6.749370341 0.0
57853.3191898 6.77502767522 0.0 6.77502767522 0.0
57853.3192477 6.7762821665 0.0 6.7762821665 0.0
57853.3193171 6.75388776928 0.0 6.75388776928 0.0
57853.3193634 6.76017751246 0.0 6.76017751246 0.0
57853.3193981 6.7638007067 0.0 6.7638007067 0.0
57853.319456 6.77000738552 0.0 6.77000738552 0.0
57853.3195255 6.77982300654 0.0 6.77982300654 0.0
57853.3195718 6.75610834727 0.0 6.75610834727 0.0
57853.3196181 6.78122407829 0.0 6.78122407829 0.0
57853.3196644 6.77768397021 0.0 6.77768397021 0.0
57853.3197338 6.76513118868 0.0 6.76513118868 0.0
57853.3197801 6.76853012108 0.0 6.76853012108 0.0
57853.3198264 6.76838237691 0.0 6.76838237691 0.0
57853.3198727 6.78262486063 0.0 6.78262486063 0.0
57853.3199421 6.78675180038 0.0 6.78675180038 0.0
57853.3199884 6.78741482451 0.0 6.78741482451 0.0
57853.3200347 6.83666585405 0.0 6.83666585405 0.0
57853.320081 6.84426767448 0.0 6.84426767448 0.0
57853.3201505 6.80727551962 0.0 6.80727551962 0.0
57853.3201968 6.72993313488 0.0 6.72993313488 0.0
57853.3202546 6.74610999021 0.0 6.74610999021 0.0
57853.3202894 6.77753642558 0.0 6.77753642558 0.0
57853.3203588 6.79448305613 0.0 6.79448305613 0.0
57853.3204051 6.79786731262 0.0 6.79786731262 0.0
57853.320463 6.80499816312 0.0 6.80499816312 0.0
57853.3205093 6.80984581323 0.0 6.80984581323 0.0
57853.3205787 6.82912878777 0.0 6.82912878777 0.0
57853.3206134 6.8270784381 0.0 6.8270784381 0.0
57853.3206713 6.88774273619 0.0 6.88774273619 0.0
57853.3207176 6.86454659828 0.0 6.86454659828 0.0
57853.320787 6.82129020054 0.0 6.82129020054 0.0
57853.3208333 6.74136484697 0.0 6.74136484697 0.0
57853.3208796 6.74017803919 0.0 6.74017803919 0.0
57853.3209259 6.73936198761 0.0 6.73936198761 0.0
57853.3209954 6.74410854005 0.0 6.74410854005 0.0
57853.3210417 6.73468633271 0.0 6.73468633271 0.0
57853.321088 6.75114805052 0.0 6.75114805052 0.0
57853.3211343 6.76941651843 0.0 6.76941651843 0.0
57853.3212037 6.78210881659 0.0 6.78210881659 0.0
57853.32125 6.78328828814 0.0 6.78328828814 0.0
57853.3212963 6.80852406914 0.0 6.80852406914 0.0
57853.3213426 6.81689078686 0.0 6.81689078686 0.0
57853.321412 6.77163200418 0.0 6.77163200418 0.0
57853.3214699 6.73913941093 0.0 6.73913941093 0.0
57853.3215046 6.75818022843 0.0 6.75818022843 0.0
57853.3236921 6.84565555663 0.0 6.84565555663 0.0
57853.3237269 6.8133692106 0.0 6.8133692106 0.0
57853.3237731 6.81234174128 0.0 6.81234174128 0.0
57853.323831 6.80110285174 0.0 6.80110285174 0.0
57853.3239005 6.76727419276 0.0 6.76727419276 0.0
57853.3239468 6.75440596944 0.0 6.75440596944 0.0
57853.3239815 6.76357893426 0.0 6.76357893426 0.0
57853.3240394 6.76660919516 0.0 6.76660919516 0.0
57853.3241088 6.74662878777 0.0 6.74662878777 0.0
57853.3241551 6.75373970479 0.0 6.75373970479 0.0
57853.3242014 6.76985967358 0.0 6.76985967358 0.0
57853.3242477 6.77539666735 0.0 6.77539666735 0.0
57853.3243171 6.76062127323 0.0 6.76062127323 0.0
57853.3243634 6.77244416736 0.0 6.77244416736 0.0
57853.3244097 6.77620837932 0.0 6.77620837932 0.0
57853.324456 6.79867634176 0.0 6.79867634176 0.0
57853.3245255 6.76409639198 0.0 6.76409639198 0.0
57853.3245718 6.76002958573 0.0 6.76002958573 0.0
57853.3246181 6.75655237529 0.0 6.75655237529 0.0
57853.3246644 6.75410985993 0.0 6.75410985993 0.0
57853.3247338 6.76660919516 0.0 6.76660919516 0.0
57853.3247801 6.78432015754 0.0 6.78432015754 0.0
57853.324838 6.8008822957 0.0 6.8008822957 0.0
57853.3248727 6.80418988565 0.0 6.80418988565 0.0
57853.3249421 6.75869809949 0.0 6.75869809949 0.0
57853.3249884 6.75988165577 0.0 6.75988165577 0.0
57853.3250463 6.76904720031 0.0 6.76904720031 0.0
57853.3250926 6.7979408647 0.0 6.7979408647 0.0
57853.325162 6.83995614021 0.0 6.83995614021 0.0
57853.3252083 6.82458789965 0.0 6.82458789965 0.0
57853.3252546 6.82180328066 0.0 6.82180328066 0.0
57853.3253009 6.83505669325 0.0 6.83505669325 0.0
57853.3253704 6.79359992935 0.0 6.79359992935 0.0
57853.3254167 6.75840217803 0.0 6.75840217803 0.0
57853.325463 6.76801300235 0.0 6.76801300235 0.0
57853.3255093 6.78660445289 0.0 6.78660445289 0.0
57853.3255787 6.8124885321 0.0 6.8124885321 0.0
57853.325625 6.79404150709 0.0 6.79404150709 0.0
57853.3256713 6.78859337418 0.0 6.78859337418 0.0
57853.3257176 6.79977940819 0.0 6.79977940819 0.0
57853.325787 6.77879045258 0.0 6.77879045258 0.0
57853.3258333 6.75736635088 0.0 6.75736635088 0.0
57853.3258796 6.75507216838 0.0 6.75507216838 0.0
57853.3259259 6.75877207783 0.0 6.75877207783 0.0
57853.3259954 6.76106500486 0.0 6.76106500486 0.0
57853.3260532 6.75692237635 0.0 6.75692237635 0.0
57853.3260995 6.76150870738 0.0 6.76150870738 0.0
57853.3261343 6.76091709755 0.0 6.76091709755 0.0
57853.3262037 6.77517527449 0.0 6.77517527449 0.0
57853.3262616 6.79566037998 0.0 6.79566037998 0.0
57853.3263079 6.80712861638 0.0 6.80712861638 0.0
57853.3263542 6.83095893707 0.0 6.83095893707 0.0
57853.3264236 6.82304917174 0.0 6.82304917174 0.0
57853.3264699 6.78712015512 0.0 6.78712015512 0.0
57853.3265162 6.79146523219 0.0 6.79146523219 0.0
57853.3265625 6.79617539503 0.0 6.79617539503 0.0
57853.3266319 6.79028718097 0.0 6.79028718097 0.0
57853.3266782 6.77842164519 0.0 6.77842164519 0.0
57853.3267245 6.82751785058 0.0 6.82751785058 0.0
57853.3267708 6.86687701943 0.0 6.86687701943 0.0
57853.3268403 6.87189930078 0.0 6.87189930078 0.0
57853.3268866 6.84207570844 0.0 6.84207570844 0.0
57853.3269329 6.86556625487 0.0 6.86556625487 0.0
57853.3269907 6.8675323079 0.0 6.8675323079 0.0
57853.3270602 6.8318372346 0.0 6.8318372346 0.0
57853.3431366 7.17920608424 0.0 7.17920608424 0.0
57853.3431713 7.16742631633 0.0 7.16742631633 0.0
57853.3432176 7.26243760731 0.0 7.26243760731 0.0
57853.3432755 7.22225726487 0.0 7.22225726487 0.0
57853.3433449 7.08547810666 0.0 7.08547810666 0.0
57853.3433912 7.15967876374 0.0 7.15967876374 0.0
57853.3434259 7.19749956582 0.0 7.19749956582 0.0
57853.3434838 7.30157517252 0.0 7.30157517252 0.0
57853.3435532 7.24617140289 0.0 7.24617140289 0.0
57853.3435995 7.03356239753 0.0 7.03356239753 0.0
57853.3436458 7.03100277343 0.0 7.03100277343 0.0
57853.3436921 7.04528210933 0.0 7.04528210933 0.0
57853.3437616 7.06724840373 0.0 7.06724840373 0.0
57853.3438079 7.02559606012 0.0 7.02559606012 0.0
57853.3438542 6.99292499602 0.0 6.99292499602 0.0
57853.3439005 6.94204580797 0.0 6.94204580797 0.0
57853.3439699 6.99092268588 0.0 6.99092268588 0.0
57853.3440162 6.98791814491 0.0 6.98791814491 0.0
57853.3440625 7.03071831323 0.0 7.03071831323 0.0
57853.3441088 6.9839100796 0.0 6.9839100796 0.0
57853.3441782 6.98269289028 0.0 6.98269289028 0.0
57853.3442245 7.03938917805 0.0 7.03938917805 0.0
57853.3442824 7.22502595151 0.0 7.22502595151 0.0
57853.3443171 7.48859132281 0.0 7.48859132281 0.0
57853.3443866 7.25851224426 0.0 7.25851224426 0.0
57853.3444329 7.11596795946 0.0 7.11596795946 0.0
57853.3444907 7.13197027476 0.0 7.13197027476 0.0
57853.344537 7.14611782718 0.0 7.14611782718 0.0
57853.3446065 7.09915487928 0.0 7.09915487928 0.0
57853.3446528 7.12572803298 0.0 7.12572803298 0.0
57853.3446991 7.30212297897 0.0 7.30212297897 0.0
57853.3447454 7.68505042274 0.0 7.68505042274 0.0
57853.3448148 7.59111322534 0.0 7.59111322534 0.0
57853.3448611 7.09330670421 0.0 7.09330670421 0.0
57853.3449074 7.11512473538 0.0 7.11512473538 0.0
57853.3449537 7.22585635063 0.0 7.22585635063 0.0
57853.3450231 7.4188947964 0.0 7.4188947964 0.0
57853.3450694 7.23159733392 0.0 7.23159733392 0.0
57853.3451157 7.30575115919 0.0 7.30575115919 0.0
57853.345162 7.33518915912 0.0 7.33518915912 0.0
57853.3452315 7.30876186505 0.0 7.30876186505 0.0
57853.3452778 7.07997175136 0.0 7.07997175136 0.0
57853.3453241 7.11758385971 0.0 7.11758385971 0.0
57853.3453704 7.24216818363 0.0 7.24216818363 0.0
57853.3454398 7.21491510692 0.0 7.21491510692 0.0
57853.3454977 7.0852664029 0.0 7.0852664029 0.0
57853.345544 7.16470515793 0.0 7.16470515793 0.0
57853.3455787 7.15653547466 0.0 7.15653547466 0.0
57853.3456481 7.09577338984 0.0 7.09577338984 0.0
57853.345706 7.35832861457 0.0 7.35832861457 0.0
57853.3457523 7.37733014037 0.0 7.37733014037 0.0
57853.3457986 7.45949059923 0.0 7.45949059923 0.0
57853.3458681 7.0915442606 0.0 7.0915442606 0.0
57853.3459144 7.06632860827 0.0 7.06632860827 0.0
57853.3459606 7.1527617044 0.0 7.1527617044 0.0
57853.3460069 7.19138373333 0.0 7.19138373333 0.0
57853.3460764 7.23774826863 0.0 7.23774826863 0.0
57853.3461227 7.13351245881 0.0 7.13351245881 0.0
57853.346169 7.18261790714 0.0 7.18261790714 0.0
57853.3462153 7.18289635175 0.0 7.18289635175 0.0
57853.3462847 7.05797421361 0.0 7.05797421361 0.0
57853.346331 7.27392603757 0.0 7.27392603757 0.0
57853.3463773 7.30109580816 0.0 7.30109580816 0.0
57853.3464352 7.33403026991 0.0 7.33403026991 0.0
57853.3465046 7.26340140705 0.0 7.26340140705 0.0
57853.3486921 7.51132478329 0.0 7.51132478329 0.0
57853.3487269 7.05726575949 0.0 7.05726575949 0.0
57853.3487731 7.26464039027 0.0 7.26464039027 0.0
57853.348831 7.79814080406 0.0 7.79814080406 0.0
57853.3489005 8.36582333067 0.0 8.36582333067 0.0
57853.3489468 7.90632658066 0.0 7.90632658066 0.0
57853.3489815 8.31594853279 0.0 8.31594853279 0.0
57853.3490394 8.80119310094 0.0 8.80119310094 0.0
57853.3491088 8.34493858575 0.0 8.34493858575 0.0
57853.3491551 7.20173590185 0.0 7.20173590185 0.0
57853.3492014 7.25286150426 0.0 7.25286150426 0.0
57853.3492477 7.17307465457 0.0 7.17307465457 0.0
57853.3493171 7.13309189623 0.0 7.13309189623 0.0
57853.3493634 7.06463020971 0.0 7.06463020971 0.0
57853.3494097 7.05350976465 0.0 7.05350976465 0.0
57853.349456 7.04826219717 0.0 7.04826219717 0.0
57853.3495255 7.00364190975 0.0 7.00364190975 0.0
57853.3495718 7.03221160091 0.0 7.03221160091 0.0
57853.3496181 7.09788700953 0.0 7.09788700953 0.0
57853.3496644 7.14478831037 0.0 7.14478831037 0.0
57853.3497338 7.0548564833 0.0 7.0548564833 0.0
57853.3497801 6.98777503931 0.0 6.98777503931 0.0
57853.349838 7.06420554627 0.0 7.06420554627 0.0
57853.3498727 7.17028590783 0.0 7.17028590783 0.0
57853.3499421 7.31587315363 0.0 7.31587315363 0.0
57853.3499884 7.26622322806 0.0 7.26622322806 0.0
57853.3500463 7.3 0.0 7.3 0.0
57853.3500926 7.33307575305 0.0 7.33307575305 0.0
57853.350162 7.36118197031 0.0 7.36118197031 0.0
57853.3502083 7.62423766681 0.0 7.62423766681 0.0
57853.3502546 8.07198860257 0.0 8.07198860257 0.0
57853.3503009 8.45038460663 0.0 8.45038460663 0.0
57853.3503704 7.9281775964 0.0 7.9281775964 0.0
57853.3504167 7.13161973187 0.0 7.13161973187 0.0
57853.350463 7.20166647381 0.0 7.20166647381 0.0
57853.3505093 7.22433387933 0.0 7.22433387933 0.0
57853.3505787 7.12432452939 0.0 7.12432452939 0.0
57853.350625 7.46471700736 0.0 7.46471700736 0.0
57853.3506713 7.40128367244 0.0 7.40128367244 0.0
57853.3507176 7.40128367244 0.0 7.40128367244 0.0
57853.350787 7.31553142294 0.0 7.31553142294 0.0
57853.3508333 7.07629846742 0.0 7.07629846742 0.0
57853.3508796 7.15415962919 0.0 7.15415962919 0.0
57853.3509259 7.24865504766 0.0 7.24865504766 0.0
57853.3509954 7.40628111808 0.0 7.40628111808 0.0
57853.3510532 7.24568837309 0.0 7.24568837309 0.0
57853.3510995 7.23754101888 0.0 7.23754101888 0.0
57853.3511343 7.29163904757 0.0 7.29163904757 0.0
57853.3512037 7.19597109499 0.0 7.19597109499 0.0
57853.3512616 6.99928567784 0.0 6.99928567784 0.0
57853.3513079 7.04002840903 0.0 7.04002840903 0.0
57853.3513542 7.03605002825 0.0 7.03605002825 0.0
57853.3514236 7.11125867902 0.0 7.11125867902 0.0
57853.3514699 7.06894617323 0.0 7.06894617323 0.0
57853.3515162 7.13771672175 0.0 7.13771672175 0.0
57853.3515625 7.09528012132 0.0 7.09528012132 0.0
57853.3516319 7.13400308382 0.0 7.13400308382 0.0
57853.3516782 7.11758385971 0.0 7.11758385971 0.0
57853.3517245 7.10295713066 0.0 7.10295713066 0.0
57853.3517708 7.10133790211 0.0 7.10133790211 0.0
57853.3518403 7.09210829021 0.0 7.09210829021 0.0
57853.3518866 7.052659073 0.0 7.052659073 0.0
57853.3519329 7.09203778896 0.0 7.09203778896 0.0
57853.3519907 7.07566251315 0.0 7.07566251315 0.0
57853.3520602 7.15297141054 0.0 7.15297141054 0.0
57853.3542477 7.17593199522 0.0 7.17593199522 0.0
57853.3542824 7.23125162057 0.0 7.23125162057 0.0
57853.3543287 7.34574706888 0.0 7.34574706888 0.0
57853.3543866 7.56994055459 0.0 7.56994055459 0.0
57853.354456 7.50513157779 0.0 7.50513157779 0.0
57853.3545023 7.22703258606 0.0 7.22703258606 0.0
57853.354537 7.25003448268 0.0 7.25003448268 0.0
57853.3545949 7.25768558151 0.0 7.25768558151 0.0
57853.3546644 7.19694379581 0.0 7.19694379581 0.0
57853.3547106 7.1 0.0 7.1 0.0
57853.3547569 7.27640020889 0.0 7.27640020889 0.0
57853.3548032 7.48959277932 0.0 7.48959277932 0.0
57853.3548727 7.63590204233 0.0 7.63590204233 0.0
57853.354919 7.61800498818 0.0 7.61800498818 0.0
57853.3549653 7.5422145289 0.0 7.5422145289 0.0
57853.3550116 7.43384153719 0.0 7.43384153719 0.0
57853.355081 7.09302474266 0.0 7.09302474266 0.0
57853.3551273 7.18338360385 0.0 7.18338360385 0.0
57853.3551736 7.21789442982 0.0 7.21789442982 0.0
57853.3552199 7.1819913673 0.0 7.1819913673 0.0
57853.3552894 7.0949982382 0.0 7.0949982382 0.0
57853.3553356 7.06441788118 0.0 7.06441788118 0.0
57853.3553935 7.08674819646 0.0 7.08674819646 0.0
57853.3554282 7.16777510808 0.0 7.16777510808 0.0
57853.3554977 7.10077460563 0.0 7.10077460563 0.0
57853.355544 7.09971830427 0.0 7.09971830427 0.0
57853.3556019 7.18011141975 0.0 7.18011141975 0.0
57853.3556481 7.26986932482 0.0 7.26986932482 0.0
57853.3557176 7.23194303075 0.0 7.23194303075 0.0
57853.3557639 7.24272048335 0.0 7.24272048335 0.0
57853.3558102 7.40695618996 0.0 7.40695618996 0.0
57853.3558565 7.40209429824 0.0 7.40209429824 0.0
57853.3559259 7.1940948006 0.0 7.1940948006 0.0
57853.3559722 7.29239329713 0.0 7.29239329713 0.0
57853.3560185 7.46076403594 0.0 7.46076403594 0.0
57853.3560648 7.7280010352 0.0 7.7280010352 0.0
57853.3561343 7.89360500659 0.0 7.89360500659 0.0
57853.3561806 7.65591274767 0.0 7.65591274767 0.0
57853.3562269 8.0290099016 0.0 8.0290099016 0.0
57853.3562731 8.42870096753 0.0 8.42870096753 0.0
57853.3563426 7.94279547766 0.0 7.94279547766 0.0
57853.3563889 7.31860642472 0.0 7.31860642472 0.0
57853.3564352 7.4271124941 0.0 7.4271124941 0.0
57853.3564815 7.41707489513 0.0 7.41707489513 0.0
57853.3565509 7.36695323726 0.0 7.36695323726 0.0
57853.3566088 7.34629158147 0.0 7.34629158147 0.0
57853.3566551 7.49152854897 0.0 7.49152854897 0.0
57853.3566898 7.60361756008 0.0 7.60361756008 0.0
57853.3567593 7.39114334863 0.0 7.39114334863 0.0
57853.3568171 7.09549152631 0.0 7.09549152631 0.0
57853.3568634 7.12376305052 0.0 7.12376305052 0.0
57853.3569097 7.14415845289 0.0 7.14415845289 0.0
57853.3569792 7.03199829352 0.0 7.03199829352 0.0
57853.3570255 7.08851183254 0.0 7.08851183254 0.0
57853.3570718 7.19374728497 0.0 7.19374728497 0.0
57853.3571181 7.26422741935 0.0 7.26422741935 0.0
57853.3571875 7.19374728497 0.0 7.19374728497 0.0
57853.3572338 7.08343137187 0.0 7.08343137187 0.0
57853.3572801 7.10077460563 0.0 7.10077460563 0.0
57853.3573264 7.09520965159 0.0 7.09520965159 0.0
57853.3573958 7.03519722538 0.0 7.03519722538 0.0
57853.3574421 7.06724840373 0.0 7.06724840373 0.0
57853.3574884 7.04428846655 0.0 7.04428846655 0.0
57853.3575463 7.09182628101 0.0 7.09182628101 0.0
57853.3576157 7.19235705454 0.0 7.19235705454 0.0
57853.3702199 7.4217248669 0.0 7.4217248669 0.0
57853.3702546 7.21415275691 0.0 7.21415275691 0.0
57853.3703009 7.19305220334 0.0 7.19305220334 0.0
57853.3703588 7.26422741935 0.0 7.26422741935 0.0
57853.3704282 7.42691052861 0.0 7.42691052861 0.0
57853.3704745 7.55499834547 0.0 7.55499834547 0.0
57853.3705093 7.79807668595 0.0 7.79807668595 0.0
57853.3705671 7.99918745874 0.0 7.99918745874 0.0
57853.3706366 7.63845534123 0.0 7.63845534123 0.0
57853.3706829 7.39215800697 0.0 7.39215800697 0.0
57853.3707292 7.48311432493 0.0 7.48311432493 0.0
57853.3707755 7.65016339695 0.0 7.65016339695 0.0
57853.3708449 7.58485332752 0.0 7.58485332752 0.0
57853.3708912 7.20562280445 0.0 7.20562280445 0.0
57853.3709375 7.26945665095 0.0 7.26945665095 0.0
57853.3709838 7.40263466612 0.0 7.40263466612 0.0
57853.3710532 7.96611574106 0.0 7.96611574106 0.0
57853.3710995 7.82387372086 0.0 7.82387372086 0.0
57853.3711458 7.81082582062 0.0 7.81082582062 0.0
57853.3711921 7.60670756635 0.0 7.60670756635 0.0
57853.3712616 7.50906119299 0.0 7.50906119299 0.0
57853.3713079 8.0592803649 0.0 8.0592803649 0.0
57853.3713657 8.57513848285 0.0 8.57513848285 0.0
57853.3714005 9.17600130776 0.0 9.17600130776 0.0
57853.3714699 8.07848995791 0.0 8.07848995791 0.0
57853.3715162 8.18022004594 0.0 8.18022004594 0.0
57853.3715741 9.26201921829 0.0 9.26201921829 0.0
57853.3716204 9.85185261766 0.0 9.85185261766 0.0
57853.3716898 10.5173665905 0.0 10.5173665905 0.0
57853.3717361 7.73937982011 0.0 7.73937982011 0.0
57853.3717824 7.9723271383 0.0 7.9723271383 0.0
57853.3718287 8.13129755943 0.0 8.13129755943 0.0
57853.3718981 7.43390879686 0.0 7.43390879686 0.0
57853.3719444 7.30136973451 0.0 7.30136973451 0.0
57853.3719907 7.32072400791 0.0 7.32072400791 0.0
57853.372037 7.27481958539 0.0 7.27481958539 0.0
57853.3721065 7.2075654697 0.0 7.2075654697 0.0
57853.3721528 7.16191315222 0.0 7.16191315222 0.0
57853.3721991 7.18755869541 0.0 7.18755869541 0.0
57853.3722454 7.28464137758 0.0 7.28464137758 0.0
57853.3723148 7.35744520877 0.0 7.35744520877 0.0
57853.3723611 7.19249608968 0.0 7.19249608968 0.0
57853.3724074 7.18394042292 0.0 7.18394042292 0.0
57853.3724537 7.37075301445 0.0 7.37075301445 0.0
57853.3725231 7.32475255555 0.0 7.32475255555 0.0
57853.372581 7.1393977337 0.0 7.1393977337 0.0
57853.3726273 7.11912916023 0.0 7.11912916023 0.0
57853.372662 7.11210236147 0.0 7.11210236147 0.0
57853.3727315 7.12586836814 0.0 7.12586836814 0.0
57853.3727894 7.21096387455 0.0 7.21096387455 0.0
57853.3728356 7.30164365058 0.0 7.30164365058 0.0
57853.3728819 7.21879491328 0.0 7.21879491328 0.0
57853.3729514 7.17941501795 0.0 7.17941501795 0.0
57853.3729977 7.408846064 0.0 7.408846064 0.0
57853.373044 7.61853004194 0.0 7.61853004194 0.0
57853.3730903 7.6828380173 0.0 7.6828380173 0.0
57853.3731597 7.26360791893 0.0 7.26360791893 0.0
57853.373206 7.23498445057 0.0 7.23498445057 0.0
57853.3732523 7.38166647851 0.0 7.38166647851 0.0
57853.3732986 7.48104270807 0.0 7.48104270807 0.0
57853.3733681 7.40729370283 0.0 7.40729370283 0.0
57853.3734144 7.44472967944 0.0 7.44472967944 0.0
57853.3734606 7.46880177806 0.0 7.46880177806 0.0
57853.3735185 7.62915460585 0.0 7.62915460585 0.0
57853.373588 7.63845534123 0.0 7.63845534123 0.0
57853.3757755 9.17676413558 0.0 9.17676413558 0.0
57853.3758102 8.00174980864 0.0 8.00174980864 0.0
57853.3758565 8.12613069056 0.0 8.12613069056 0.0
57853.3759144 8.53949647228 0.0 8.53949647228 0.0
57853.3759838 8.10666392544 0.0 8.10666392544 0.0
57853.3760301 7.38979025413 0.0 7.38979025413 0.0
57853.3760648 7.41801860337 0.0 7.41801860337 0.0
57853.3761227 7.45667486216 0.0 7.45667486216 0.0
57853.3761921 7.48104270807 0.0 7.48104270807 0.0
57853.3762384 7.37692347798 0.0 7.37692347798 0.0
57853.3762847 7.4048632668 0.0 7.4048632668 0.0
57853.376331 7.4630422751 0.0 7.4630422751 0.0
57853.3764005 7.23740284909 0.0 7.23740284909 0.0
57853.3764468 7.25099993104 0.0 7.25099993104 0.0
57853.3764931 7.28278792771 0.0 7.28278792771 0.0
57853.3765394 7.27846137587 0.0 7.27846137587 0.0
57853.3766088 7.31730824826 0.0 7.31730824826 0.0
57853.3766551 7.34894550259 0.0 7.34894550259 0.0
57853.3767014 7.43451410652 0.0 7.43451410652 0.0
57853.3767477 7.39790510888 0.0 7.39790510888 0.0
57853.3768171 7.38051488719 0.0 7.38051488719 0.0
57853.3768634 7.4433191521 0.0 7.4433191521 0.0
57853.3769213 7.5736384915 0.0 7.5736384915 0.0
57853.376956 7.56478684432 0.0 7.56478684432 0.0
57853.3770255 7.30985635974 0.0 7.30985635974 0.0
57853.3770718 7.29479266326 0.0 7.29479266326 0.0
57853.3771296 7.55109263617 0.0 7.55109263617 0.0
57853.3771759 7.88295629824 0.0 7.88295629824 0.0
57853.3772454 7.87261074867 0.0 7.87261074867 0.0
57853.3772917 7.31566811713 0.0 7.31566811713 0.0
57853.377338 7.35200652883 0.0 7.35200652883 0.0
57853.3773843 7.35132641093 0.0 7.35132641093 0.0
57853.3774537 7.35275458587 0.0 7.35275458587 0.0
57853.3775 7.23394774656 0.0 7.23394774656 0.0
57853.3775463 7.26980054747 0.0 7.26980054747 0.0
57853.3775926 7.29842448752 0.0 7.29842448752 0.0
57853.377662 7.35846451374 0.0 7.35846451374 0.0
57853.3777083 7.39351066815 0.0 7.39351066815 0.0
57853.3777546 7.74312598374 0.0 7.74312598374 0.0
57853.3778009 8.18028116876 0.0 8.18028116876 0.0
57853.3778704 9.10098895725 0.0 9.10098895725 0.0
57853.3779167 8.43332674572 0.0 8.43332674572 0.0
57853.377963 9.46688966873 0.0 9.46688966873 0.0
57853.3780093 9.91866926558 0.0 9.91866926558 0.0
57853.3780787 9.41748374036 0.0 9.41748374036 0.0
57853.3781366 7.7741880605 0.0 7.7741880605 0.0
57853.3781829 7.89005703401 0.0 7.89005703401 0.0
57853.3782176 7.99581140348 0.0 7.99581140348 0.0
57853.378287 8.09333058759 0.0 8.09333058759 0.0
57853.3783449 8.42092631484 0.0 8.42092631484 0.0
57853.3783912 9.11356132365 0.0 9.11356132365 0.0
57853.3784375 9.25867161098 0.0 9.25867161098 0.0
57853.3785069 7.99887492089 0.0 7.99887492089 0.0
57853.3785532 7.49826646632 0.0 7.49826646632 0.0
57853.3785995 7.69168382085 0.0 7.69168382085 0.0
57853.3786458 8.18040341304 0.0 8.18040341304 0.0
57853.3787153 7.92237338176 0.0 7.92237338176 0.0
57853.3787616 7.52608796122 0.0 7.52608796122 0.0
57853.3788079 7.42138801034 0.0 7.42138801034 0.0
57853.3788542 7.52103716252 0.0 7.52103716252 0.0
57853.3789236 7.83268791667 0.0 7.83268791667 0.0
57853.3789699 8.0765710546 0.0 8.0765710546 0.0
57853.3790162 7.80422962245 0.0 7.80422962245 0.0
57853.3790741 7.89468175419 0.0 7.89468175419 0.0
57853.3791435 7.97433382798 0.0 7.97433382798 0.0
57853.381331 7.37543219073 0.0 7.37543219073 0.0
57853.3813657 7.34452176796 0.0 7.34452176796 0.0
57853.381412 7.41444536024 0.0 7.41444536024 0.0
57853.3814699 7.49959998933 0.0 7.49959998933 0.0
57853.3815394 7.56148133635 0.0 7.56148133635 0.0
57853.3815856 7.34989795848 0.0 7.34989795848 0.0
57853.3816204 7.36783550305 0.0 7.36783550305 0.0
57853.3816782 7.47736584634 0.0 7.47736584634 0.0
57853.3817477 7.4396236464 0.0 7.4396236464 0.0
57853.381794 7.28827826033 0.0 7.28827826033 0.0
57853.3818403 7.26457156342 0.0 7.26457156342 0.0
57853.3818866 7.34104897137 0.0 7.34104897137 0.0
57853.381956 7.47803450112 0.0 7.47803450112 0.0
57853.3820023 7.39797269527 0.0 7.39797269527 0.0
57853.3820486 7.36308359317 0.0 7.36308359317 0.0
57853.3820949 7.28134602941 0.0 7.28134602941 0.0
57853.3821644 7.30095884114 0.0 7.30095884114 0.0
57853.3822106 7.42832417171 0.0 7.42832417171 0.0
57853.3822569 7.36858195313 0.0 7.36858195313 0.0
57853.3823032 7.28958160665 0.0 7.28958160665 0.0
57853.3823727 7.19736062734 0.0 7.19736062734 0.0
57853.382419 7.30082187154 0.0 7.30082187154 0.0
57853.3824769 7.40560598466 0.0 7.40560598466 0.0
57853.3825116 7.46598955263 0.0 7.46598955263 0.0
57853.382581 7.3770590346 0.0 7.3770590346 0.0
57853.3826273 7.28731775072 0.0 7.28731775072 0.0
57853.3826852 7.5139204148 0.0 7.5139204148 0.0
57853.3827315 7.43552284644 0.0 7.43552284644 0.0
57853.3828009 7.44936238882 0.0 7.44936238882 0.0
57853.3828472 7.60624743221 0.0 7.60624743221 0.0
57853.3828935 7.74215732209 0.0 7.74215732209 0.0
57853.3829398 7.62738487294 0.0 7.62738487294 0.0
57853.3830093 7.42199434115 0.0 7.42199434115 0.0
57853.3830556 7.3899932341 0.0 7.3899932341 0.0
57853.3831019 7.46699404044 0.0 7.46699404044 0.0
57853.3831481 7.51258943374 0.0 7.51258943374 0.0
57853.3832176 7.44311762637 0.0 7.44311762637 0.0
57853.3832639 7.56557995133 0.0 7.56557995133 0.0
57853.3833102 7.87673790347 0.0 7.87673790347 0.0
57853.3833565 8.13627678979 0.0 8.13627678979 0.0
57853.3834259 8.11800468095 0.0 8.11800468095 0.0
57853.3834722 7.54486580398 0.0 7.54486580398 0.0
57853.3835185 7.57192181682 0.0 7.57192181682 0.0
57853.3835648 7.65643520184 0.0 7.65643520184 0.0
57853.3836343 7.54870849881 0.0 7.54870849881 0.0
57853.3836921 7.69031858898 0.0 7.69031858898 0.0
57853.3837384 7.76067007416 0.0 7.76067007416 0.0
57853.3837731 7.48191152046 0.0 7.48191152046 0.0
57853.3838426 7.43585906268 0.0 7.43585906268 0.0
57853.3839005 7.45841806283 0.0 7.45841806283 0.0
57853.3839468 7.48157737379 0.0 7.48157737379 0.0
57853.3839931 7.47917107706 0.0 7.47917107706 0.0
57853.3840625 7.38315650654 0.0 7.38315650654 0.0
57853.3841088 7.44761706857 0.0 7.44761706857 0.0
57853.3841551 7.4613001548 0.0 7.4613001548 0.0
57853.3842014 7.54725115522 0.0 7.54725115522 0.0
57853.3842708 7.68296817643 0.0 7.68296817643 0.0
57853.3843171 7.50633066151 0.0 7.50633066151 0.0
57853.3843634 7.56009259203 0.0 7.56009259203 0.0
57853.3844097 7.59894729551 0.0 7.59894729551 0.0
57853.3844792 7.6918788342 0.0 7.6918788342 0.0
57853.3845255 7.47683087946 0.0 7.47683087946 0.0
57853.3845718 7.51159104318 0.0 7.51159104318 0.0
57853.3846296 7.48050800414 0.0 7.48050800414 0.0
57853.3846991 7.58524884233 0.0 7.58524884233 0.0
57853.3868866 8.38152730712 0.0 8.38152730712 0.0
57853.3869213 7.6269915432 0.0 7.6269915432 0.0
57853.3869676 7.74770933889 0.0 7.74770933889 0.0
57853.3870255 7.65858994855 0.0 7.65858994855 0.0
57853.3870949 7.49199572878 0.0 7.49199572878 0.0
57853.3871412 7.40864360055 0.0 7.40864360055 0.0
57853.3871759 7.4237456853 0.0 7.4237456853 0.0
57853.3872338 7.51584991867 0.0 7.51584991867 0.0
57853.3873032 7.48164420432 0.0 7.48164420432 0.0
57853.3873495 7.55321123761 0.0 7.55321123761 0.0
57853.3873958 7.71932639548 0.0 7.71932639548 0.0
57853.3874421 8.0124902496 0.0 8.0124902496 0.0
57853.3875116 7.73207604722 0.0 7.73207604722 0.0
57853.3875579 7.47629587429 0.0 7.47629587429 0.0
57853.3876042 7.5188429961 0.0 7.5188429961 0.0
57853.3876505 7.4515099141 0.0 7.4515099141 0.0
57853.3877199 7.39858094502 0.0 7.39858094502 0.0
57853.3877662 7.40553846793 0.0 7.40553846793 0.0
57853.3878125 7.35112236329 0.0 7.35112236329 0.0
57853.3878588 7.33328030284 0.0 7.33328030284 0.0
57853.3879282 7.44969798046 0.0 7.44969798046 0.0
57853.3879745 7.45137571191 0.0 7.45137571191 0.0
57853.3880324 7.46384619348 0.0 7.46384619348 0.0
57853.3880671 7.46712796194 0.0 7.46712796194 0.0
57853.3881366 7.42839148134 0.0 7.42839148134 0.0
57853.3881829 7.44761706857 0.0 7.44761706857 0.0
57853.3882407 7.53352507131 0.0 7.53352507131 0.0
57853.388287 7.60861353993 0.0 7.60861353993 0.0
57853.3883565 7.751580484 0.0 7.751580484 0.0
57853.3884028 7.64264352171 0.0 7.64264352171 0.0
57853.3884491 7.56776056704 0.0 7.56776056704 0.0
57853.3884954 7.63053078101 0.0 7.63053078101 0.0
57853.3885648 7.41896219157 0.0 7.41896219157 0.0
57853.3886111 7.72243484919 0.0 7.72243484919 0.0
57853.3886574 7.69993506466 0.0 7.69993506466 0.0
57853.3887037 7.77573147685 0.0 7.77573147685 0.0
57853.3887731 7.50686352613 0.0 7.50686352613 0.0
57853.3888194 7.7012985918 0.0 7.7012985918 0.0
57853.3888657 7.68986345783 0.0 7.68986345783 0.0
57853.388912 7.74009043875 0.0 7.74009043875 0.0
57853.3889815 7.88282944126 0.0 7.88282944126 0.0
57853.3890278 7.73032987653 0.0 7.73032987653 0.0
57853.3890741 7.98304453201 0.0 7.98304453201 0.0
57853.3891204 8.33342666614 0.0 8.33342666614 0.0
57853.3891898 8.55347882443 0.0 8.55347882443 0.0
57853.3892477 7.95342693435 0.0 7.95342693435 0.0
57853.389294 8.23292171711 0.0 8.23292171711 0.0
57853.3893287 8.01192860677 0.0 8.01192860677 0.0
57853.3893981 7.70285661297 0.0 7.70285661297 0.0
57853.389456 7.42778567273 0.0 7.42778567273 0.0
57853.3895023 7.51917548671 0.0 7.51917548671 0.0
57853.3895486 7.70895583072 0.0 7.70895583072 0.0
57853.3896181 7.72107505468 0.0 7.72107505468 0.0
57853.3896644 7.67039764289 0.0 7.67039764289 0.0
57853.3897106 7.51152447909 0.0 7.51152447909 0.0
57853.3897569 7.52562289781 0.0 7.52562289781 0.0
57853.3898264 7.51385387135 0.0 7.51385387135 0.0
57853.3898727 7.58986165882 0.0 7.58986165882 0.0
57853.389919 7.71537426182 0.0 7.71537426182 0.0
57853.3899653 7.77483118788 0.0 7.77483118788 0.0
57853.3900347 7.65284260912 0.0 7.65284260912 0.0
57853.390081 7.5988156972 0.0 7.5988156972 0.0
57853.3901273 7.87781695649 0.0 7.87781695649 0.0
57853.3901852 8.12022167185 0.0 8.12022167185 0.0
57853.3902546 7.7831870079 0.0 7.7831870079 0.0
57853.3924421 8.01030586183 0.0 8.01030586183 0.0
57853.3924769 8.5372712268 0.0 8.5372712268 0.0
57853.3925231 9.05118776736 0.0 9.05118776736 0.0
57853.392581 9.18172097158 0.0 9.18172097158 0.0
57853.3926505 8.21577750429 0.0 8.21577750429 0.0
57853.3926968 7.77187236128 0.0 7.77187236128 0.0
57853.3927315 7.80685596127 0.0 7.80685596127 0.0
57853.3927894 7.94436907501 0.0 7.94436907501 0.0
57853.3928588 7.94285842754 0.0 7.94285842754 0.0
57853.3929051 7.74874183336 0.0 7.74874183336 0.0
57853.3929514 7.88714143401 0.0 7.88714143401 0.0
57853.3929977 8.10394965434 0.0 8.10394965434 0.0
57853.3930671 8.07892319558 0.0 8.07892319558 0.0
57853.3931134 7.7186138652 0.0 7.7186138652 0.0
57853.3931597 7.80941739184 0.0 7.80941739184 0.0
57853.393206 7.87299180744 0.0 7.87299180744 0.0
57853.3932755 7.85308856438 0.0 7.85308856438 0.0
57853.3933218 7.55182097245 0.0 7.55182097245 0.0
57853.3933681 7.66576806328 0.0 7.66576806328 0.0
57853.3934144 7.64427890648 0.0 7.64427890648 0.0
57853.3934838 7.52269898374 0.0 7.52269898374 0.0
57853.3935301 7.57172371392 0.0 7.57172371392 0.0
57853.393588 7.71517984236 0.0 7.71517984236 0.0
57853.3936227 7.91650175267 0.0 7.91650175267 0.0
57853.3936921 7.75918810186 0.0 7.75918810186 0.0
57853.3937384 7.53007304081 0.0 7.53007304081 0.0
57853.3937963 7.50519819858 0.0 7.50519819858 0.0
57853.3938426 7.54148526485 0.0 7.54148526485 0.0
57853.393912 7.81907922968 0.0 7.81907922968 0.0
57853.3939583 8.19145896651 0.0 8.19145896651 0.0
57853.3940046 8.91392169586 0.0 8.91392169586 0.0
57853.3940509 9.55285297699 0.0 9.55285297699 0.0
57853.3941204 8.78771870283 0.0 8.78771870283 0.0
57853.3941667 7.80487027439 0.0 7.80487027439 0.0
57853.394213 7.93284312211 0.0 7.93284312211 0.0
57853.3942593 7.95292399058 0.0 7.95292399058 0.0
57853.3943287 8.17202545273 0.0 8.17202545273 0.0
57853.394375 8.36648074163 0.0 8.36648074163 0.0
57853.3944213 8.5783448287 0.0 8.5783448287 0.0
57853.3944676 8.77479344486 0.0 8.77479344486 0.0
57853.394537 8.90471785067 0.0 8.90471785067 0.0
57853.3945833 7.94380261588 0.0 7.94380261588 0.0
57853.3946296 7.69889602476 0.0 7.69889602476 0.0
57853.3946759 7.93359943531 0.0 7.93359943531 0.0
57853.3947454 7.88086289692 0.0 7.88086289692 0.0
57853.3948032 7.88974017316 0.0 7.88974017316 0.0
57853.3948495 8.03081564973 0.0 8.03081564973 0.0
57853.3948843 8.1894444256 0.0 8.1894444256 0.0
57853.3949537 7.74105935903 0.0 7.74105935903 0.0
57853.3950116 7.66955018238 0.0 7.66955018238 0.0
57853.3950579 7.94216595143 0.0 7.94216595143 0.0
57853.3951042 7.71116074272 0.0 7.71116074272 0.0
57853.3951736 7.61767681121 0.0 7.61767681121 0.0
57853.3952199 7.68960337079 0.0 7.68960337079 0.0
57853.3952662 7.62679487072 0.0 7.62679487072 0.0
57853.3953125 7.7455793844 0.0 7.7455793844 0.0
57853.3953819 7.63537818317 0.0 7.63537818317 0.0
57853.3954282 7.7575124879 0.0 7.7575124879 0.0
57853.3954745 7.6267293121 0.0 7.6267293121 0.0
57853.3955208 7.78838879358 0.0 7.78838879358 0.0
57853.3955903 7.62581143223 0.0 7.62581143223 0.0
57853.3956366 7.70318116105 0.0 7.70318116105 0.0
57853.3956829 7.80147421966 0.0 7.80147421966 0.0
57853.3957407 8.0003124939 0.0 8.0003124939 0.0
57853.3958102 7.97050813938 0.0 7.97050813938 0.0
57853.3979977 8.95432856221 0.0 8.95432856221 0.0
57853.3980324 8.11609512019 0.0 8.11609512019 0.0
57853.3980787 8.09722174576 0.0 8.09722174576 0.0
57853.3981366 8.31258082667 0.0 8.31258082667 0.0
57853.398206 7.91296404642 0.0 7.91296404642 0.0
57853.3982523 7.80153830985 0.0 7.80153830985 0.0
57853.398287 7.73860452537 0.0 7.73860452537 0.0
57853.3983449 7.78254457103 0.0 7.78254457103 0.0
57853.3984144 7.90778097825 0.0 7.90778097825 0.0
57853.3984606 7.6664202859 0.0 7.6664202859 0.0
57853.3985069 7.72793633514 0.0 7.72793633514 0.0
57853.3985532 7.74344884402 0.0 7.74344884402 0.0
57853.3986227 7.61111030008 0.0 7.61111030008 0.0
57853.398669 7.66700723881 0.0 7.66700723881 0.0
57853.3987153 7.78813199683 0.0 7.78813199683 0.0
57853.3987616 7.71556867638 0.0 7.71556867638 0.0
57853.398831 7.77785317424 0.0 7.77785317424 0.0
57853.3988773 8.0315627371 0.0 8.0315627371 0.0
57853.3989236 8.08764489824 0.0 8.08764489824 0.0
57853.3989699 8.10456661395 0.0 8.10456661395 0.0
57853.3990394 8.10246875958 0.0 8.10246875958 0.0
57853.3990856 7.65780647444 0.0 7.65780647444 0.0
57853.3991435 7.68726219144 0.0 7.68726219144 0.0
57853.3991782 7.72735401027 0.0 7.72735401027 0.0
57853.3992477 7.81536947303 0.0 7.81536947303 0.0
57853.399294 7.76157200572 0.0 7.76157200572 0.0
57853.3993519 7.72877739361 0.0 7.72877739361 0.0
57853.3993981 7.66093989012 0.0 7.66093989012 0.0
57853.3994676 7.64807165238 0.0 7.64807165238 0.0
57853.3995139 7.66544193116 0.0 7.66544193116 0.0
57853.3995602 7.91485944285 0.0 7.91485944285 0.0
57853.3996065 8.26056898767 0.0 8.26056898767 0.0
57853.3996759 8.02539718643 0.0 8.02539718643 0.0
57853.3997222 7.89664485715 0.0 7.89664485715 0.0
57853.3997685 7.8734363527 0.0 7.8734363527 0.0
57853.3998148 8.0938248066 0.0 8.0938248066 0.0
57853.3998843 8.1104870384 0.0 8.1104870384 0.0
57853.3999306 8.42751446157 0.0 8.42751446157 0.0
57853.3999769 8.65967666833 0.0 8.65967666833 0.0
57853.4000231 8.8630130317 0.0 8.8630130317 0.0
57853.4000926 8.85703110529 0.0 8.85703110529 0.0
57853.4001389 7.78357244458 0.0 7.78357244458 0.0
57853.4001852 7.85156035448 0.0 7.85156035448 0.0
57853.4002315 7.96065323953 0.0 7.96065323953 0.0
57853.4003009 7.84397858233 0.0 7.84397858233 0.0
57853.4003588 7.6725484684 0.0 7.6725484684 0.0
57853.4004051 7.76382637621 0.0 7.76382637621 0.0
57853.4004398 8.01236544349 0.0 8.01236544349 0.0
57853.4005093 7.8804187706 0.0 7.8804187706 0.0
57853.4005671 7.83964284901 0.0 7.83964284901 0.0
57853.4006134 7.95084901127 0.0 7.95084901127 0.0
57853.4006597 8.177224468 0.0 8.177224468 0.0
57853.4007292 7.81197798256 0.0 7.81197798256 0.0
57853.4007755 7.74641852729 0.0 7.74641852729 0.0
57853.4008218 7.81639303004 0.0 7.81639303004 0.0
57853.4008681 7.92830372778 0.0 7.92830372778 0.0
57853.4009375 8.0138629886 0.0 8.0138629886 0.0
57853.4009838 7.70558239201 0.0 7.70558239201 0.0
57853.4010301 7.661788303 0.0 7.661788303 0.0
57853.4010764 7.66668115941 0.0 7.66668115941 0.0
57853.4011458 7.63688418139 0.0 7.63688418139 0.0
57853.4011921 8.29963854635 0.0 8.29963854635 0.0
57853.4012384 7.69720728576 0.0 7.69720728576 0.0
57853.4012963 7.73039455655 0.0 7.73039455655 0.0
57853.4013657 7.95022012274 0.0 7.95022012274 0.0
57853.4035532 7.9632279887 0.0 7.9632279887 0.0
57853.403588 7.9866138006 0.0 7.9866138006 0.0
57853.4036343 7.88263915196 0.0 7.88263915196 0.0
57853.4036921 7.87057812362 0.0 7.87057812362 0.0
57853.4037616 7.89189457608 0.0 7.89189457608 0.0
57853.4038079 7.97301699484 0.0 7.97301699484 0.0
57853.4038426 7.9678102387 0.0 7.9678102387 0.0
57853.4039005 8.10283900864 0.0 8.10283900864 0.0
57853.4039699 8.0770662991 0.0 8.0770662991 0.0
57853.4040162 8.01011860087 0.0 8.01011860087 0.0
57853.4040625 8.16229134496 0.0 8.16229134496 0.0
57853.4041088 8.27441840857 0.0 8.27441840857 0.0
57853.4041782 8.16370014148 0.0 8.16370014148 0.0
57853.4042245 7.87267425974 0.0 7.87267425974 0.0
57853.4042708 7.93826177447 0.0 7.93826177447 0.0
57853.4043171 8.05288768083 0.0 8.05288768083 0.0
57853.4043866 8.27121514652 0.0 8.27121514652 0.0
57853.4044329 7.89803773098 0.0 7.89803773098 0.0
57853.4044792 8.09450430848 0.0 8.09450430848 0.0
57853.4045255 8.26014527717 0.0 8.26014527717 0.0
57853.4045949 7.85620773656 0.0 7.85620773656 0.0
57853.4046412 7.96693165529 0.0 7.96693165529 0.0
57853.4046991 8.09246563168 0.0 8.09246563168 0.0
57853.4047338 8.2811834903 0.0 8.2811834903 0.0
57853.4048032 8.77040477971 0.0 8.77040477971 0.0
57853.4048495 8.16082103713 0.0 8.16082103713 0.0
57853.4049074 8.42300421465 0.0 8.42300421465 0.0
57853.4049537 8.34709530316 0.0 8.34709530316 0.0
57853.4050231 8.45133125608 0.0 8.45133125608 0.0
57853.4050694 7.93221280602 0.0 7.93221280602 0.0
57853.4051157 8.06913873967 0.0 8.06913873967 0.0
57853.405162 8.27163828996 0.0 8.27163828996 0.0
57853.4052315 8.54657826267 0.0 8.54657826267 0.0
57853.4052778 8.1635163992 0.0 8.1635163992 0.0
57853.4053241 8.24851501787 0.0 8.24851501787 0.0
57853.4053704 8.31191915264 0.0 8.31191915264 0.0
57853.4054398 8.30277062191 0.0 8.30277062191 0.0
57853.4054861 8.03224750615 0.0 8.03224750615 0.0
57853.4055324 7.7973072275 0.0 7.7973072275 0.0
57853.4055787 7.9118897869 0.0 7.9118897869 0.0
57853.4056481 7.98949310032 0.0 7.98949310032 0.0
57853.4056944 7.88625386353 0.0 7.88625386353 0.0
57853.4057407 7.89474508771 0.0 7.89474508771 0.0
57853.405787 8.06789935485 0.0 8.06789935485 0.0
57853.4058565 8.01280225639 0.0 8.01280225639 0.0
57853.4059144 7.98241817998 0.0 7.98241817998 0.0
57853.4059606 8.0967894872 0.0 8.0967894872 0.0
57853.4059954 8.12563843646 0.0 8.12563843646 0.0
57853.4060648 7.82451276438 0.0 7.82451276438 0.0
57853.4061227 7.90265778077 0.0 7.90265778077 0.0
57853.406169 8.34979041653 0.0 8.34979041653 0.0
57853.4062153 8.6491618091 0.0 8.6491618091 0.0
57853.4062847 8.06343599218 0.0 8.06343599218 0.0
57853.406331 8.24912116531 0.0 8.24912116531 0.0
57853.4063773 8.07607577973 0.0 8.07607577973 0.0
57853.4064236 8.08473870945 0.0 8.08473870945 0.0
57853.4064931 8.52144353968 0.0 8.52144353968 0.0
57853.4065394 8.13836592935 0.0 8.13836592935 0.0
57853.4065856 8.26250567322 0.0 8.26250567322 0.0
57853.4066319 8.31697060233 0.0 8.31697060233 0.0
57853.4067014 8.01161656596 0.0 8.01161656596 0.0
57853.4067477 8.1395945845 0.0 8.1395945845 0.0
57853.406794 8.05903219996 0.0 8.05903219996 0.0
57853.4068519 8.23413626314 0.0 8.23413626314 0.0
57853.4069213 8.237657434 0.0 8.237657434 0.0
57853.4091088 8.57315577836 0.0 8.57315577836 0.0
57853.4091435 8.35212547798 0.0 8.35212547798 0.0
57853.4091898 8.54435486154 0.0 8.54435486154 0.0
57853.4092477 8.29113984926 0.0 8.29113984926 0.0
57853.4093171 8.21729882626 0.0 8.21729882626 0.0
57853.4093634 8.09314524768 0.0 8.09314524768 0.0
57853.4093981 8.06008684817 0.0 8.06008684817 0.0
57853.409456 8.00362417908 0.0 8.00362417908 0.0
57853.4095255 7.90797066257 0.0 7.90797066257 0.0
57853.4095718 7.83026180916 0.0 7.83026180916 0.0
57853.4096181 7.86892622916 0.0 7.86892622916 0.0
57853.4096644 7.94241776791 0.0 7.94241776791 0.0
57853.4097338 7.92880823327 0.0 7.92880823327 0.0
57853.4097801 7.81428179681 0.0 7.81428179681 0.0
57853.4098264 7.86072515739 0.0 7.86072515739 0.0
57853.4098727 7.98223026478 0.0 7.98223026478 0.0
57853.4099421 8.08510977044 0.0 8.08510977044 0.0
57853.4099884 8.00755892891 0.0 8.00755892891 0.0
57853.4100347 7.95895721813 0.0 7.95895721813 0.0
57853.410081 7.91650175267 0.0 7.91650175267 0.0
57853.4101505 7.83536852994 0.0 7.83536852994 0.0
57853.4101968 7.95286112038 0.0 7.95286112038 0.0
57853.4102546 8.3544000383 0.0 8.3544000383 0.0
57853.4102894 8.1165263506 0.0 8.1165263506 0.0
57853.4103588 8.14917173705 0.0 8.14917173705 0.0
57853.4104051 8.27266583394 0.0 8.27266583394 0.0
57853.410463 8.050527933 0.0 8.050527933 0.0
57853.4105093 8.0366037603 0.0 8.0366037603 0.0
57853.4105787 7.81767228784 0.0 7.81767228784 0.0
57853.410625 8.17318787255 0.0 8.17318787255 0.0
57853.4106713 7.9571979993 0.0 7.9571979993 0.0
57853.4107176 7.94229186067 0.0 7.94229186067 0.0
57853.410787 7.86848142909 0.0 7.86848142909 0.0
57853.4108333 7.8414284413 0.0 7.8414284413 0.0
57853.4108796 8.29981927514 0.0 8.29981927514 0.0
57853.4109259 7.88378081887 0.0 7.88378081887 0.0
57853.4109954 8.03262099193 0.0 8.03262099193 0.0
57853.4110417 8.0613894584 0.0 8.0613894584 0.0
57853.411088 8.06207169405 0.0 8.06207169405 0.0
57853.4111343 8.39327111441 0.0 8.39327111441 0.0
57853.4112037 8.03797238114 0.0 8.03797238114 0.0
57853.41125 8.00593529826 0.0 8.00593529826 0.0
57853.4112963 8.46510484282 0.0 8.46510484282 0.0
57853.4113426 8.10703398291 0.0 8.10703398291 0.0
57853.411412 8.12705358663 0.0 8.12705358663 0.0
57853.4114699 7.99624912068 0.0 7.99624912068 0.0
57853.4115162 7.84939488114 0.0 7.84939488114 0.0
57853.4115509 7.84219357068 0.0 7.84219357068 0.0
57853.4116204 8.03367910736 0.0 8.03367910736 0.0
57853.4116782 8.06418005751 0.0 8.06418005751 0.0
57853.4117245 7.92628538472 0.0 7.92628538472 0.0
57853.4117708 8.15548894917 0.0 8.15548894917 0.0
57853.4118403 8.11282934617 0.0 8.11282934617 0.0
57853.4118866 7.93719093886 0.0 7.93719093886 0.0
57853.4119329 8.03828339884 0.0 8.03828339884 0.0
57853.4119792 8.15009202402 0.0 8.15009202402 0.0
57853.4120486 8.25051513543 0.0 8.25051513543 0.0
57853.4120949 7.91302723362 0.0 7.91302723362 0.0
57853.4121412 7.95053457322 0.0 7.95053457322 0.0
57853.4121875 8.04481199283 0.0 8.04481199283 0.0
57853.4122569 8.15984068472 0.0 8.15984068472 0.0
57853.4123032 7.94644574637 0.0 7.94644574637 0.0
57853.4123495 8.02925899445 0.0 8.02925899445 0.0
57853.4124074 8.0520804765 0.0 8.0520804765 0.0
57853.4124769 7.94065488483 0.0 7.94065488483 0.0
57853.4146644 8.41356048293 0.0 8.41356048293 0.0
57853.4146991 7.90993046746 0.0 7.90993046746 0.0
57853.4147454 7.90360677159 0.0 7.90360677159 0.0
57853.4148032 7.9724525712 0.0 7.9724525712 0.0
57853.4148727 7.92988020086 0.0 7.92988020086 0.0
57853.414919 7.9245820079 0.0 7.9245820079 0.0
57853.4149537 7.89651822008 0.0 7.89651822008 0.0
57853.4150116 7.9153016367 0.0 7.9153016367 0.0
57853.415081 7.91511212808 0.0 7.91511212808 0.0
57853.4151273 7.93133027934 0.0 7.93133027934 0.0
57853.4151736 8.00549811067 0.0 8.00549811067 0.0
57853.4152199 8.05605362445 0.0 8.05605362445 0.0
57853.4152894 8.05754304984 0.0 8.05754304984 0.0
57853.4153356 7.93441869326 0.0 7.93441869326 0.0
57853.4153819 7.9266007847 0.0 7.9266007847 0.0
57853.4154282 7.95336406812 0.0 7.95336406812 0.0
57853.4154977 7.98605033793 0.0 7.98605033793 0.0
57853.415544 7.94518722246 0.0 7.94518722246 0.0
57853.4155903 7.9868642157 0.0 7.9868642157 0.0
57853.4156366 7.99349735723 0.0 7.99349735723 0.0
57853.415706 8.36259529094 0.0 8.36259529094 0.0
57853.4157523 7.9868642157 0.0 7.9868642157 0.0
57853.4158102 8.01760562762 0.0 8.01760562762 0.0
57853.4158449 8.43249666469 0.0 8.43249666469 0.0
57853.4159144 9.08872928412 0.0 9.08872928412 0.0
57853.4159606 8.48333660773 0.0 8.48333660773 0.0
57853.4160185 7.9970619605 0.0 7.9970619605 0.0
57853.4160648 8.07037793415 0.0 8.07037793415 0.0
57853.4161343 8.08257384748 0.0 8.08257384748 0.0
57853.4161806 7.98448495521 0.0 7.98448495521 0.0
57853.4162269 8.15309757086 0.0 8.15309757086 0.0
57853.4162731 8.03206075674 0.0 8.03206075674 0.0
57853.4163426 8.2077402493 0.0 8.2077402493 0.0
57853.4163889 8.18468081235 0.0 8.18468081235 0.0
57853.4164352 8.118127863 0.0 8.118127863 0.0
57853.4164815 8.15027606894 0.0 8.15027606894 0.0
57853.4165509 8.38355533172 0.0 8.38355533172 0.0
57853.4165972 8.03697704364 0.0 8.03697704364 0.0
57853.4166435 8.10370285734 0.0 8.10370285734 0.0
57853.4166898 8.21109006162 0.0 8.21109006162 0.0
57853.4167593 8.40208307505 0.0 8.40208307505 0.0
57853.4168056 8.08108903552 0.0 8.08108903552 0.0
57853.4168519 8.60401069269 0.0 8.60401069269 0.0
57853.4168981 8.01579690361 0.0 8.01579690361 0.0
57853.4169676 7.98867949038 0.0 7.98867949038 0.0
57853.4170255 7.97640269796 0.0 7.97640269796 0.0
57853.4170718 8.20987210619 0.0 8.20987210619 0.0
57853.4171065 8.48257036517 0.0 8.48257036517 0.0
57853.4171759 8.08461501866 0.0 8.08461501866 0.0
57853.4172338 8.49282049734 0.0 8.49282049734 0.0
57853.4172801 8.11849739792 0.0 8.11849739792 0.0
57853.4173264 8.34769429244 0.0 8.34769429244 0.0
57853.4173958 8.28685706405 0.0 8.28685706405 0.0
57853.4174421 7.99431047683 0.0 7.99431047683 0.0
57853.4174884 8.02352790236 0.0 8.02352790236 0.0
57853.4175347 8.11184319375 0.0 8.11184319375 0.0
57853.4176042 8.08875763019 0.0 8.08875763019 0.0
57853.4176505 7.96925341547 0.0 7.96925341547 0.0
57853.4176968 7.97019447692 0.0 7.97019447692 0.0
57853.4177431 8.02022443576 0.0 8.02022443576 0.0
57853.4178125 8.26220309603 0.0 8.26220309603 0.0
57853.4178588 7.94537601376 0.0 7.94537601376 0.0
57853.4179051 8.21370805422 0.0 8.21370805422 0.0
57853.417963 7.97615195442 0.0 7.97615195442 0.0
57853.4180324 8.23152476762 0.0 8.23152476762 0.0
