57853.318125 73.4142499928 0.0 73.3228476193 0.0
57853.3182407 72.9408978557 0.0 72.9622835786 0.0
57853.3183565 73.1040042747 0.0 73.13413666 0.0
57853.3184838 72.9729582311 0.0 72.9318500931 0.0
57853.3185995 73.1181627094 0.0 73.1599735511 0.0
57853.3187153 72.9475514668 0.0 73.0119640196 0.0
57853.31875 72.9013730323 0.0 72.9211724741 0.0
57853.3188426 72.84914668 0.0 72.8245603488 0.0
57853.3189583 72.8418475191 0.0 72.8810763299 0.0
57853.3190741 72.8365159656 0.0 72.8457033668 0.0
57853.3192014 72.9719862344 0.0 73.0524980203 0.0
57853.3193171 72.9020434487 0.0 72.8947919333 0.0
57853.3194329 72.8088583828 0.0 72.7638369041 0.0
57853.3194444 72.9118580891 0.0 72.8322958446 0.0
57853.3195602 73.0019061669 0.0 72.8875479352 0.0
57853.3196759 72.6836783604 0.0 72.6723514275 0.0
57853.3197917 72.7008163984 0.0 72.6836584247 0.0
57853.319919 72.6911397765 0.0 72.7293680091 0.0
57853.3200347 72.6781277414 0.0 72.6245013959 0.0
57853.3201389 72.6213423451 0.0 72.5766924846 0.0
57853.3201505 72.5740483575 0.0 72.5383465003 0.0
57853.3202778 72.5608075134 0.0 72.5380266619 0.0
57853.3203935 72.6028355231 0.0 72.6219052422 0.0
57853.3205093 72.606168877 0.0 72.5740529528 0.0
57853.3206366 72.5284203813 0.0 72.5840562038 0.0
57853.3207523 72.5690763549 0.0 72.5687492038 0.0
57853.3208333 72.5657068387 0.0 72.5748992008 0.0
57853.3208681 72.5756371036 0.0 72.5943643956 0.0
57853.3209954 72.4598957562 0.0 72.4902123186 0.0
57853.3211111 72.5131543515 0.0 72.574340183 0.0
57853.3212269 72.5693257031 0.0 72.6067417049 0.0
57853.3213542 72.3424126982 0.0 72.3685465033 0.0
57853.3214699 72.4107954175 0.0 72.4634832381 0.0
57853.3215278 72.3942759547 0.0 72.4229739931 0.0
57853.3236227 72.0645265717 0.0 72.1339996534 0.0
57853.3237384 72.0482760932 0.0 71.9818745241 0.0
57853.3238542 71.9840419399 0.0 72.0233926721 0.0
57853.3239815 72.0176531484 0.0 72.0771168957 0.0
57853.3240972 72.0074300055 0.0 72.0956245413 0.0
57853.324213 71.9577932194 0.0 71.994534237 0.0
57853.3243056 72.0991332403 0.0 72.1058958269 0.0
57853.3243403 72.2360750249 0.0 72.2125168582 0.0
57853.324456 72.0162878174 0.0 72.039672931 0.0
57853.3245718 72.013839163 0.0 71.9504854744 0.0
57853.3246991 72.1619806754 0.0 72.153691548 0.0
57853.3248148 71.8296024561 0.0 71.8108646933 0.0
57853.3249306 72.3326244789 0.0 72.3579678819 0.0
57853.325 72.2167319809 0.0 72.2479018104 0.0
57853.3250579 72.1085722158 0.0 72.1455244003 0.0
57853.3251736 71.7213822301 0.0 71.7282064811 0.0
57853.3252894 71.9929801578 0.0 72.0207103825 0.0
57853.3254167 71.9274997689 0.0 71.9053342875 0.0
57853.3255324 71.8236840047 0.0 71.8786891505 0.0
57853.3256481 72.3102819936 0.0 72.1644028867 0.0
57853.3256944 72.0613783798 0.0 72.0125458792 0.0
57853.3257755 71.8248726069 0.0 71.8715675076 0.0
57853.3258912 71.7526819777 0.0 71.7602287482 0.0
57853.3260069 71.6904769199 0.0 71.7083503087 0.0
57853.3261343 71.6622075365 0.0 71.6571003739 0.0
57853.32625 71.6549541483 0.0 71.6528960545 0.0
57853.3263657 71.6935290804 0.0 71.6955054728 0.0
57853.3263889 71.6910144718 0.0 71.7062349869 0.0
57853.3264815 71.6491205878 0.0 71.677576975 0.0
57853.3266088 71.637569815 0.0 71.6460839055 0.0
57853.3267245 71.5798733165 0.0 71.5516069072 0.0
57853.3268403 71.4562896602 0.0 71.4676422936 0.0
57853.3269676 71.4759598746 0.0 71.5320101213 0.0
57853.3270833 71.6663683118 0.0 71.6311226633 0.0
57853.3431019 68.9450294075 0.0 68.9985858406 0.0
57853.3432176 69.1110817742 0.0 69.2082123378 0.0
57853.3433333 69.0431001332 0.0 69.0445133374 0.0
57853.3434606 68.7651296879 0.0 68.7847012133 0.0
57853.3435764 68.8077497597 0.0 68.8370145561 0.0
57853.3436921 68.7347695202 0.0 68.7292023888 0.0
57853.34375 68.9160260607 0.0 68.8854424969 0.0
57853.3438194 69.1187825052 0.0 69.0627516104 0.0
57853.3439352 68.8428355386 0.0 68.8383985723 0.0
57853.3440509 68.7484731758 0.0 68.7855817159 0.0
57853.3441667 68.6760458748 0.0 68.6725369125 0.0
57853.344294 68.6609157964 0.0 68.6567553632 0.0
57853.3444097 68.6582591536 0.0 68.7127800413 0.0
57853.3444444 68.718601943 0.0 68.7746185958 0.0
57853.3445255 68.7749269574 0.0 68.8324446028 0.0
57853.3446528 68.6427565807 0.0 68.7069308076 0.0
57853.3447685 68.6396264559 0.0 68.607564357 0.0
57853.3448843 68.5812852898 0.0 68.592105435 0.0
57853.3450116 68.6579853404 0.0 68.6656567288 0.0
57853.3451273 68.6536268525 0.0 68.7033029701 0.0
57853.3451389 68.8314536676 0.0 68.8628783743 0.0
57853.3452431 69.0216949951 0.0 69.0345829929 0.0
57853.3453704 68.6331511808 0.0 68.6488904717 0.0
57853.3454861 68.8411714456 0.0 68.8737864067 0.0
57853.3456019 68.5215669771 0.0 68.5316114797 0.0
57853.3457292 68.5080182168 0.0 68.5389265965 0.0
57853.3458333 68.5991729105 0.0 68.5907874062 0.0
57853.3458449 68.6880397376 0.0 68.6401070439 0.0
57853.3459606 68.7099496652 0.0 68.6955194318 0.0
57853.346088 68.6114696097 0.0 68.5870246475 0.0
57853.3462037 68.8588054209 0.0 68.8833694298 0.0
57853.3463194 68.4668064101 0.0 68.4952673037 0.0
57853.3464468 68.5088840589 0.0 68.4812692858 0.0
57853.3465278 68.5873153068 0.0 68.5946951083 0.0
57853.3487153 68.4535460659 0.0 68.3807341581 0.0
57853.348831 68.443629068 0.0 68.4726315472 0.0
57853.3489468 68.3760846349 0.0 68.3876587551 0.0
57853.3490741 68.4173248892 0.0 68.4146692896 0.0
57853.3491898 68.3876617892 0.0 68.3537156708 0.0
57853.3493056 68.2432474462 0.0 68.2365901844 0.0
57853.3494329 68.4931810767 0.0 68.3928949746 0.0
57853.3495486 68.3499476664 0.0 68.3552211832 0.0
57853.3496644 68.2739076368 0.0 68.2787350351 0.0
57853.3497917 68.4575666672 0.0 68.3919869502 0.0
57853.3499074 68.4340828608 0.0 68.3133161836 0.0
57853.35 68.3579005017 0.0 68.3148023418 0.0
57853.3500231 68.2555558911 0.0 68.2898394785 0.0
57853.3501505 68.2129783766 0.0 68.2731548561 0.0
57853.3502662 68.4088058878 0.0 68.3787886263 0.0
57853.3503819 68.300761782 0.0 68.313167757 0.0
57853.3505093 68.3552041618 0.0 68.5247172267 0.0
57853.350625 68.1232460251 0.0 68.1177993773 0.0
57853.3506944 68.1303764337 0.0 68.1651936548 0.0
57853.3507407 68.1520307694 0.0 68.2272773823 0.0
57853.3508681 68.0731988891 0.0 68.0782258655 0.0
57853.3509838 68.0930791491 0.0 68.1049219954 0.0
57853.3510995 68.1857291081 0.0 68.1381041709 0.0
57853.3512269 68.0725544695 0.0 68.1202170284 0.0
57853.3513426 68.2408964405 0.0 68.1898212639 0.0
57853.3513889 68.2888894331 0.0 68.3177229421 0.0
57853.3514583 68.3267408048 0.0 68.4361242181 0.0
57853.3515856 68.4629417641 0.0 68.2936238019 0.0
57853.3517014 68.1129690955 0.0 68.1713241547 0.0
57853.3518171 68.2080399806 0.0 68.2612681028 0.0
57853.3519444 68.2064145957 0.0 68.169593757 0.0
57853.3520602 68.2148567616 0.0 68.3452725871 0.0
57853.3520833 68.1490299858 0.0 68.2239059348 0.0
57853.354213 67.7774752849 0.0 67.8219195172 0.0
57853.3543287 67.7918555802 0.0 67.7727780012 0.0
57853.3544444 67.8383242202 0.0 67.8968409206 0.0
57853.3545718 67.9692817602 0.0 67.9594921553 0.0
57853.3546875 67.7105361816 0.0 67.7435472794 0.0
57853.3548032 67.7501883171 0.0 67.7936280118 0.0
57853.3548611 67.7941477858 0.0 67.7901492549 0.0
57853.3549306 67.8257251638 0.0 67.7741914743 0.0
57853.3550463 67.6315199371 0.0 67.6441441811 0.0
57853.355162 67.6375588708 0.0 67.6262201073 0.0
57853.3552894 67.6669814976 0.0 67.6984573901 0.0
57853.3554051 67.6454626121 0.0 67.6482543234 0.0
57853.3555208 67.5865063678 0.0 67.6226393155 0.0
57853.3555556 67.5999940607 0.0 67.6490333782 0.0
57853.3556481 67.6292970834 0.0 67.6912956664 0.0
57853.3557639 67.5524698882 0.0 67.6102043038 0.0
57853.3558796 67.5969873515 0.0 67.5560057804 0.0
57853.3560069 67.5986930717 0.0 67.6154017218 0.0
57853.3561227 67.55790856 0.0 67.5709371846 0.0
57853.3562384 67.6351216898 0.0 67.6073862829 0.0
57853.35625 67.6101072843 0.0 67.6005485851 0.0
57853.3563657 67.5825057393 0.0 67.5911027355 0.0
57853.3564815 67.4956312364 0.0 67.5105821038 0.0
57853.3565972 67.4915629394 0.0 67.5027458923 0.0
57853.3567245 67.503237315 0.0 67.5043643922 0.0
57853.3568403 67.6252763987 0.0 67.5210357148 0.0
57853.3569444 67.5854204766 0.0 67.5686600726 0.0
57853.356956 67.5608650477 0.0 67.63166949 0.0
57853.3570833 67.8561706184 0.0 67.7351702294 0.0
57853.3571991 67.6045991927 0.0 67.5486188756 0.0
57853.3573148 67.5790649166 0.0 67.5583284725 0.0
57853.3574421 67.5902394433 0.0 67.5799225584 0.0
57853.3575579 67.8117175347 0.0 67.7312967837 0.0
57853.3576389 67.7453753625 0.0 67.7094131639 0.0
57853.3702199 66.4489425574 0.0 66.4754846541 0.0
57853.3703472 66.4703308402 0.0 66.4926516466 0.0
57853.370463 66.436042492 0.0 66.4384195778 0.0
57853.3705787 66.4714752582 0.0 66.515551099 0.0
57853.370706 66.4432498528 0.0 66.4526403614 0.0
57853.3708218 66.4276242764 0.0 66.4401637265 0.0
57853.3708333 66.4425800824 0.0 66.4340662537 0.0
57853.3709375 66.4503245891 0.0 66.4207472933 0.0
57853.3710532 66.4021896853 0.0 66.3933041579 0.0
57853.3711806 66.412857859 0.0 66.4403105802 0.0
57853.3712963 66.3819974617 0.0 66.3744405325 0.0
57853.371412 66.366180657 0.0 66.3690417137 0.0
57853.3715278 66.3662372747 0.0 66.3722120695 0.0
57853.3715394 66.3691288552 0.0 66.3782203739 0.0
57853.3716551 66.3530666887 0.0 66.3629151484 0.0
57853.3717708 66.3527530024 0.0 66.3471835649 0.0
57853.3718981 66.357448881 0.0 66.369093063 0.0
57853.3720139 66.3281431973 0.0 66.3172703298 0.0
57853.3721296 66.320661592 0.0 66.3341258026 0.0
57853.3722222 66.3245145327 0.0 66.3402983412 0.0
57853.3722569 66.3284165121 0.0 66.3465221771 0.0
57853.3723727 66.2925728268 0.0 66.2742499769 0.0
57853.3724884 66.2769890761 0.0 66.2853104013 0.0
57853.3726157 66.3077623812 0.0 66.2854672081 0.0
57853.3727315 66.2439239327 0.0 66.2549512112 0.0
57853.3728472 66.4202466722 0.0 66.3610532466 0.0
57853.3729167 66.3356223985 0.0 66.3144553623 0.0
57853.3729745 66.2526387097 0.0 66.2692933567 0.0
57853.3730903 66.2617948972 0.0 66.2457958892 0.0
57853.373206 66.2733444078 0.0 66.2578306014 0.0
57853.3733333 66.296710929 0.0 66.3036281737 0.0
57853.3734491 66.2370767395 0.0 66.2445554668 0.0
57853.3735648 66.285090058 0.0 66.2855085369 0.0
57853.3736111 66.3091822827 0.0 66.3398809315 0.0
57853.3757176 66.2329931077 0.0 66.206255422 0.0
57853.3758333 66.191312995 0.0 66.1764551332 0.0
57853.3759606 66.1354275634 0.0 66.131780469 0.0
57853.3760764 66.1354600801 0.0 66.1347201476 0.0
57853.3761921 66.1511973361 0.0 66.1252866912 0.0
57853.3763194 66.1442107595 0.0 66.1487422178 0.0
57853.3763889 66.0919838104 0.0 66.0841916497 0.0
57853.3764352 66.0745265969 0.0 66.0544469358 0.0
57853.3765509 66.2239105309 0.0 66.1896554229 0.0
57853.3766782 66.1054542379 0.0 66.1025374702 0.0
57853.376794 66.1519599181 0.0 66.128000552 0.0
57853.3769097 66.1407844979 0.0 66.1640995329 0.0
57853.377037 66.1199709316 0.0 66.0969971179 0.0
57853.3770833 66.1320288136 0.0 66.1123979296 0.0
57853.3771528 66.1343171886 0.0 66.1180339091 0.0
57853.3772685 66.1227762121 0.0 66.1386588615 0.0
57853.3773958 66.1076942042 0.0 66.1067339762 0.0
57853.3775116 66.1501561449 0.0 66.1581304225 0.0
57853.3776273 66.1406522647 0.0 66.1230195545 0.0
57853.3777546 66.1193800258 0.0 66.1378686684 0.0
57853.3777778 66.1495343823 0.0 66.1621021205 0.0
57853.3778704 66.1704705968 0.0 66.1771017422 0.0
57853.3779861 66.1118200551 0.0 66.152229267 0.0
57853.3781134 66.1318830747 0.0 66.144887686 0.0
57853.3782292 66.101286576 0.0 66.0651638006 0.0
57853.3783449 66.1008110767 0.0 66.0720710285 0.0
57853.3784722 87.473216295 0.0 76.6894201504 0.0
57853.378588 66.4064515917 0.0 87.1504731427 0.0
57853.3787037 66.2774271076 0.0 65.8528258847 0.0
57853.378831 67.858641292 0.0 68.0648702342 0.0
57853.3789468 82.4849876523 0.0 68.64092377 0.0
57853.3790625 78.6516816222 0.0 66.2711809537 0.0
57853.3791667 80.9217927199 0.0 75.1187094671 0.0
57853.381331 65.7763457559 0.0 74.5032472044 0.0
57853.3814583 59.5933423631 0.0 76.4394835998 0.0
57853.3815741 56.4544217666 0.0 67.3398651914 0.0
57853.3816898 75.6872340557 0.0 63.6354290942 0.0
57853.3818171 71.6392397014 0.0 72.5124410567 0.0
57853.3819329 65.9246189371 0.0 52.675010261 0.0
57853.3819444 64.2790660402 0.0 57.4778470456 0.0
57853.3820486 61.8724980828 0.0 64.1606721286 0.0
57853.3821759 61.9380749701 0.0 60.902157548 0.0
57853.3822917 58.731182314 0.0 55.5986229506 0.0
57853.3824074 46.2030648551 0.0 40.5259390391 0.0
57853.3825347 32.9348290264 0.0 43.0736801075 0.0
57853.3826389 22.0973464018 0.0 24.4969975711 0.0
57853.3826505 53.2581341487 0.0 51.5369124221 0.0
57853.3827662 60.1029135983 0.0 57.0779316374 0.0
57853.3828935 62.500937177 0.0 66.6328482732 0.0
57853.3830093 79.4683956237 0.0 72.6540446569 0.0
57853.383125 64.0085623257 0.0 64.2780269688 0.0
57853.3832523 72.7047664393 0.0 73.5053829525 0.0
57853.3833333 69.9398323918 0.0 70.4193926202 0.0
57853.3833681 66.7829460042 0.0 67.0148248226 0.0
57853.3834838 66.2980902364 0.0 66.4492612299 0.0
57853.3836111 66.5795980538 0.0 66.5542912065 0.0
57853.3837269 66.4544177538 0.0 66.5251765499 0.0
57853.3838426 66.1991360895 0.0 66.3199359092 0.0
57853.3839699 65.9552295046 0.0 66.0614526785 0.0
57853.3840278 65.8709139454 0.0 65.933113365 0.0
57853.3840856 65.7881860291 0.0 65.8067731924 0.0
57853.3842014 65.797858377 0.0 65.7822591661 0.0
57853.3843287 65.777564625 0.0 65.8216481562 0.0
57853.3844444 65.9091354821 0.0 65.8576756802 0.0
57853.3845602 65.8929454418 0.0 65.9493976621 0.0
57853.3846759 65.8022221889 0.0 65.7804892958 0.0
57853.3847222 65.9774065571 0.0 65.9065444474 0.0
57853.3868287 65.6422921979 0.0 65.6326198319 0.0
57853.386956 65.6511233796 0.0 65.6337084127 0.0
57853.3870718 65.7977258726 0.0 65.8354172463 0.0
57853.3871875 65.665145534 0.0 65.6642590532 0.0
57853.3873148 65.5902643081 0.0 65.6511386954 0.0
57853.3874306 65.6585164849 0.0 65.686305658 0.0
57853.3875 65.5723984005 0.0 65.5813732549 0.0
57853.3875463 65.5046259893 0.0 65.4949251393 0.0
57853.3876736 65.5946651947 0.0 65.6808817846 0.0
57853.3877894 65.4875209334 0.0 65.5026946698 0.0
57853.3879051 65.4723715929 0.0 65.4838221777 0.0
57853.3880324 65.4277657039 0.0 65.4443387315 0.0
57853.3881481 65.5348344928 0.0 65.4840289155 0.0
57853.3881944 65.5023980019 0.0 65.4917411816 0.0
57853.3882639 65.4686301827 0.0 65.4980793535 0.0
57853.3883912 65.5384300621 0.0 65.4787296456 0.0
57853.3885069 65.4291232786 0.0 65.4515430299 0.0
57853.3886227 65.4064994018 0.0 65.4113069431 0.0
57853.38875 65.4117800629 0.0 65.415692628 0.0
57853.3888657 65.4753260397 0.0 65.4737948266 0.0
57853.3888889 65.5671658378 0.0 65.5599003736 0.0
57853.3889815 65.6603129067 0.0 65.6472650915 0.0
57853.3890972 66.1754945656 0.0 66.2610637177 0.0
57853.3892245 65.5136909585 0.0 65.5401861761 0.0
57853.3893403 65.7498559314 0.0 65.7583213441 0.0
57853.389456 65.4420670746 0.0 65.4739430537 0.0
57853.3895833 65.5159552018 0.0 65.5225910889 0.0
57853.3896991 65.4815028004 0.0 65.490175538 0.0
57853.3898148 65.5951023934 0.0 65.6573206124 0.0
57853.3899421 65.3935198777 0.0 65.3894710944 0.0
57853.3900579 65.4209172895 0.0 65.3776936883 0.0
57853.3901736 65.4748243297 0.0 65.4321253514 0.0
57853.3902778 65.4813917079 0.0 65.4355277124 0.0
57853.3924537 65.4182478365 0.0 65.4692357676 0.0
57853.3925694 65.362096608 0.0 65.375389452 0.0
57853.3926852 65.319905029 0.0 65.3276242565 0.0
57853.3928125 65.3424096663 0.0 65.3196332124 0.0
57853.3929282 65.3169271016 0.0 65.3167537313 0.0
57853.393044 65.301718737 0.0 65.2744011386 0.0
57853.3930556 65.2917875693 0.0 65.2848342496 0.0
57853.3931713 65.2949479056 0.0 65.3083746008 0.0
57853.393287 65.3116252745 0.0 65.3386284827 0.0
57853.3934028 65.2776851305 0.0 65.2598358717 0.0
57853.3935185 65.2878820226 0.0 65.2806562084 0.0
57853.3936458 65.2917350053 0.0 65.2709173292 0.0
57853.39375 65.3421300005 0.0 65.322383966 0.0
57853.3937616 65.3857375656 0.0 65.3670700277 0.0
57853.3938773 65.2819645002 0.0 65.30419253 0.0
57853.3940046 65.3398283744 0.0 65.311522674 0.0
57853.3941204 65.3882792173 0.0 65.3316388207 0.0
57853.3942361 65.3821224342 0.0 65.3831747394 0.0
57853.3943634 65.4265960677 0.0 65.3961815858 0.0
57853.3944444 65.3865116519 0.0 65.3683266192 0.0
57853.3944792 65.3406576566 0.0 65.3346675433 0.0
57853.3945949 65.2656950166 0.0 65.2660621686 0.0
57853.3947222 65.2840027342 0.0 65.3227936099 0.0
57853.394838 65.3639450538 0.0 65.3878166786 0.0
57853.3949537 65.2491959108 0.0 65.3505078634 0.0
57853.395081 65.2165333869 0.0 65.2361962104 0.0
57853.3951389 65.1967065119 0.0 65.2096125199 0.0
57853.3951968 65.1769025499 0.0 65.1830620867 0.0
57853.3953125 65.1503289401 0.0 65.1499929777 0.0
57853.3954398 65.144846734 0.0 65.1654139019 0.0
57853.3955556 65.1733895773 0.0 65.1480979692 0.0
57853.3956713 65.144915381 0.0 65.1577881914 0.0
57853.3957986 65.2207399835 0.0 65.1916683634 0.0
57853.3958333 65.1802488259 0.0 65.1540117875 0.0
57853.3979398 64.9472976882 0.0 65.0082756578 0.0
57853.3980671 65.0051085223 0.0 64.9451290167 0.0
57853.3981829 64.9503715309 0.0 64.9385008681 0.0
57853.3982986 64.976771665 0.0 64.9998099997 0.0
57853.3984259 64.9794132707 0.0 64.9815710336 0.0
57853.3985417 65.1714013199 0.0 65.1463279702 0.0
57853.3986111 65.0452209697 0.0 65.0579721249 0.0
57853.3986574 64.9349613305 0.0 64.9851931674 0.0
57853.3987847 64.9603475822 0.0 64.9645287445 0.0
57853.3989005 64.9201988906 0.0 64.9093593945 0.0
57853.3990162 64.9593832714 0.0 64.9730762701 0.0
57853.3991435 64.9622363762 0.0 64.9938364385 0.0
57853.3992593 65.0276514185 0.0 64.9874262146 0.0
57853.3993056 65.0430531187 0.0 65.0489586312 0.0
57853.399375 65.0451547619 0.0 65.0973209664 0.0
57853.3995023 65.1954651184 0.0 65.19652276 0.0
57853.3996181 65.1192124952 0.0 65.0674119356 0.0
57853.3997338 65.0778063014 0.0 65.0569494289 0.0
57853.3998611 65.2387582423 0.0 65.2679575289 0.0
57853.3999769 64.9793967347 0.0 65.0032033672 0.0
57853.4 64.9899008539 0.0 65.0316572294 0.0
57853.4000926 65.0131988061 0.0 65.0729546432 0.0
57853.4002199 65.0160180186 0.0 65.016394371 0.0
57853.4003356 65.045566267 0.0 65.1193524154 0.0
57853.4004514 64.9721985468 0.0 65.0067368124 0.0
57853.4005787 64.9761840446 0.0 64.9820830999 0.0
57853.4006944 65.0549727538 0.0 65.0756475573 0.0
57853.4008102 65.0234592205 0.0 65.0203863415 0.0
57853.4009375 64.9459234286 0.0 64.9723637249 0.0
57853.4010532 64.9439048179 0.0 64.9338647548 0.0
57853.401169 64.9169251428 0.0 64.9340067376 0.0
57853.4012963 64.9173074457 0.0 64.944786519 0.0
57853.4013889 64.9560137401 0.0 64.9849216665 0.0
57853.4035648 64.7972103412 0.0 64.8419075521 0.0
57853.4036806 64.8820242902 0.0 64.9107587538 0.0
57853.4037963 65.0175037971 0.0 65.0769794321 0.0
57853.4039236 64.8854480835 0.0 64.896664845 0.0
57853.4040394 64.7512801109 0.0 64.7789287114 0.0
57853.4041551 64.7763059228 0.0 64.7935334736 0.0
57853.4041667 64.7589777869 0.0 64.7958130283 0.0
57853.4042824 64.7378428047 0.0 64.7942704566 0.0
57853.4043981 64.801262642 0.0 64.9657281188 0.0
57853.4045139 64.6934393273 0.0 64.7057855605 0.0
57853.4046412 64.7395970408 0.0 64.7659010051 0.0
57853.4047569 64.6816240752 0.0 64.6839549116 0.0
57853.4048611 64.6975574037 0.0 64.701557601 0.0
57853.4048727 64.7188067566 0.0 64.7244799207 0.0
57853.405 64.7532294098 0.0 64.7430623774 0.0
57853.4051157 64.6910534077 0.0 64.6816864731 0.0
57853.4052315 64.7673933704 0.0 64.7086540503 0.0
57853.4053588 64.7126032547 0.0 64.692059335 0.0
57853.4054745 64.81291153 0.0 64.7953110186 0.0
57853.4055556 64.7700169369 0.0 64.7680943444 0.0
57853.4055903 64.7321054578 0.0 64.7458109842 0.0
57853.4057176 64.716564657 0.0 64.7162493196 0.0
57853.4058333 64.700294072 0.0 64.7051075109 0.0
57853.4059491 64.7131927122 0.0 64.7508143501 0.0
57853.4060764 64.753192431 0.0 64.7263701748 0.0
57853.4061921 65.0979392147 0.0 65.0255709933 0.0
57853.40625 65.0049934928 0.0 64.9760406996 0.0
57853.4063079 64.8952040678 0.0 64.9093659112 0.0
57853.4064352 64.7242764579 0.0 64.730852528 0.0
57853.4065509 64.7487682354 0.0 64.7440023709 0.0
57853.4066667 64.7897037653 0.0 64.777879442 0.0
57853.4067824 64.7243009696 0.0 64.7968672005 0.0
57853.4069097 64.6975551084 0.0 64.6835641721 0.0
57853.4069444 64.6956995943 0.0 64.6853216116 0.0
57853.4090625 64.6996108103 0.0 64.6807707669 0.0
57853.4091782 64.5462880265 0.0 64.5398285557 0.0
57853.409294 64.5679180398 0.0 64.578843308 0.0
57853.4094213 64.5532798934 0.0 64.5446158638 0.0
57853.409537 64.6186595961 0.0 64.6363641614 0.0
57853.4096528 64.5610948714 0.0 64.5309035812 0.0
57853.4097222 64.5878714621 0.0 64.5748170807 0.0
57853.4097801 64.645135107 0.0 64.6492872737 0.0
57853.4098958 64.5588345775 0.0 64.5491187624 0.0
57853.4100116 64.6216850059 0.0 64.6236923736 0.0
57853.4101389 64.6249812766 0.0 64.6272103761 0.0
57853.4102546 64.6417415066 0.0 64.6294697332 0.0
57853.4103704 64.6223431717 0.0 64.6288263858 0.0
57853.4104167 64.7594163192 0.0 64.7462522854 0.0
57853.4104977 64.8797757086 0.0 64.8467629416 0.0
57853.4106134 64.7860316889 0.0 64.8084626573 0.0
57853.4107292 64.6679449109 0.0 64.6738432057 0.0
57853.4108565 64.756927282 0.0 64.7322585347 0.0
57853.4109722 64.6344968496 0.0 64.6639476989 0.0
57853.411088 64.7511578507 0.0 64.7433194469 0.0
57853.4111111 64.7060010895 0.0 64.6976800125 0.0
57853.4112153 64.6575300796 0.0 64.6487288815 0.0
57853.411331 64.6815990449 0.0 64.6948399179 0.0
57853.4114468 64.7745384777 0.0 64.7800960481 0.0
57853.4115625 64.6806576265 0.0 64.7186667431 0.0
57853.4116898 64.873478117 0.0 64.813363514 0.0
57853.4118056 64.6845810839 0.0 64.6886672919 0.0
57853.4119213 64.688827026 0.0 64.660684933 0.0
57853.4120486 64.6449038285 0.0 64.6473746025 0.0
57853.4121644 64.8256740574 0.0 64.8292809848 0.0
57853.4122801 64.9507418433 0.0 64.9557484292 0.0
57853.4124074 64.7661414166 0.0 64.8043466521 0.0
57853.4125 64.76414857 0.0 64.7790501165 0.0
57853.4146759 64.4227798143 0.0 64.4676575734 0.0
57853.4147917 64.569697413 0.0 64.5736334195 0.0
57853.414919 64.5577034598 0.0 64.5890084844 0.0
57853.4150347 64.5774837385 0.0 64.5587138425 0.0
57853.4151505 64.5217651339 0.0 64.5033039309 0.0
57853.4152778 64.4925911481 0.0 64.5001213255 0.0
57853.4153935 64.4901114358 0.0 64.4631326806 0.0
57853.4155093 64.4813967358 0.0 64.4860137782 0.0
57853.4156366 64.4563342116 0.0 64.463256891 0.0
57853.4157523 64.44026274 0.0 64.4286914426 0.0
57853.4158681 64.4404353415 0.0 64.4915598896 0.0
57853.4159722 64.4674101853 0.0 64.4992693137 0.0
57853.4159838 64.4949700054 0.0 64.5075274135 0.0
57853.4161111 64.528732577 0.0 64.4858449584 0.0
57853.4162269 64.4675050238 0.0 64.4749170763 0.0
57853.4163426 64.4736713318 0.0 64.4777812739 0.0
57853.4164699 64.5030029689 0.0 64.5779570519 0.0
57853.4165856 64.7333423593 0.0 64.6657532083 0.0
57853.4166667 64.696866462 0.0 64.6768948621 0.0
57853.4167014 64.6509260026 0.0 64.6785238545 0.0
57853.4168287 64.5264726605 0.0 64.4854378135 0.0
57853.4169444 64.5530211919 0.0 64.6178044969 0.0
57853.4170602 64.3971315277 0.0 64.4697031248 0.0
57853.4171875 64.4470025758 0.0 64.4535453486 0.0
57853.4173032 64.3787306569 0.0 64.4181524106 0.0
57853.4173611 64.3943619116 0.0 64.4380233558 0.0
57853.417419 64.4381463886 0.0 64.4860790946 0.0
57853.4175463 64.3227814153 0.0 64.3266235862 0.0
57853.417662 64.5173047252 0.0 64.4996075259 0.0
57853.4177778 64.537147853 0.0 64.4953695625 0.0
57853.4179051 64.4992655074 0.0 64.5111355659 0.0
57853.4180208 64.4843306781 0.0 64.4686457668 0.0
57853.4180556 64.4924023587 0.0 64.4735739354 0.0
