57853.2715394 192.934445704 0.0 192.011750575 0.0
57853.2770949 185.946353226 0.0 184.799704964 0.0
57853.2965394 173.20752889 0.0 171.983432075 0.0
57853.3020949 172.521402652 0.0 171.293476706 0.0
57853.3180671 163.053691966 0.0 162.18867954 0.0
57853.3236227 159.391815889 0.0 160.272440358 0.0
57853.3430671 160.016040228 0.0 158.9071146 0.0
57853.3486227 160.201158741 0.0 159.090950225 0.0
57853.3541782 159.752093931 0.0 158.859617149 0.0
57853.3701505 162.997899022 0.0 161.892815778 0.0
57853.375706 165.759709723 0.0 164.449335734 0.0
57853.3812616 167.888535403 0.0 166.588733641 0.0
57853.3868171 173.649251009 0.0 172.386330604 0.0
57853.3923727 181.149678137 0.0 180.135961851 0.0
57853.3979282 185.716027919 0.0 184.32189325 0.0
57853.4034838 194.511161144 0.0 192.979553364 0.0
57853.4090394 203.632555063 0.0 201.974731917 0.0
57853.4145949 213.418200263 0.0 211.824844254 0.0
