57853.3180671 100.418315136 0.0 100.418315136 0.0
57853.3236227 98.7764881923 0.0 98.7764881923 0.0
57853.3430671 95.1220300296 0.0 95.1220300296 0.0
57853.3486227 94.0978060508 0.0 94.0978060508 0.0
57853.3541782 93.6461855883 0.0 93.6461855883 0.0
57853.3701505 91.9822469701 0.0 91.9822469701 0.0
57853.375706 91.3545999579 0.0 91.3545999579 0.0
57853.3812616 90.9559598018 0.0 90.9559598018 0.0
57853.3868171 90.8560264702 0.0 90.8560264702 0.0
57853.3923727 90.5555647845 0.0 90.5555647845 0.0
57853.3979282 90.0861880928 0.0 90.0861880928 0.0
57853.4034838 89.7831501596 0.0 89.7831501596 0.0
57853.4090394 89.6143529617 0.0 89.6143529617 0.0
57853.4145949 89.5467449905 0.0 89.5467449905 0.0
