57853.2035301 77.888842423 0.0 80.1879475046 0.0
57853.2036458 78.3936829151 0.0 76.3557756689 0.0
57853.2037616 77.6691511219 0.0 77.1977034503 0.0
57853.2038889 75.0412149422 0.0 74.3815778469 0.0
57853.2040046 79.4208607672 0.0 80.7557097919 0.0
57853.2041204 72.1616194109 0.0 72.2372157617 0.0
57853.2041667 72.4683128064 0.0 73.9445596849 0.0
57853.2042477 72.8690828473 0.0 75.8815099876 0.0
57853.2043634 71.1734646901 0.0 71.8970012101 0.0
57853.2044792 75.6002122814 0.0 77.9877056978 0.0
57853.2046065 69.3572671463 0.0 70.0604219371 0.0
57853.2047222 72.1501945389 0.0 72.5877865553 0.0
57853.204838 72.6857832523 0.0 72.7291907215 0.0
57853.2048611 71.9455182343 0.0 72.0922084139 0.0
57853.2049653 71.2480619456 0.0 71.4924540843 0.0
57853.205081 85.7045059901 0.0 88.7033368538 0.0
57853.2051968 86.6163257937 0.0 90.3414542334 0.0
57853.2053125 115.366723014 0.0 124.347036241 0.0
57853.2054398 80.0603327685 0.0 76.8727724425 0.0
57853.2055556 69.7161158987 0.0 74.0871025685 0.0
57853.2056713 134.242440301 0.0 136.043688123 0.0
57853.2057986 88.1786620788 0.0 118.154538372 0.0
57853.2059144 75.2989827222 0.0 84.6026721682 0.0
57853.2060301 73.5975449591 0.0 75.1820116517 0.0
57853.2061574 70.1605491783 0.0 70.0613159454 0.0
57853.20625 70.7539402931 0.0 71.3843742215 0.0
57853.2062731 71.4215603652 0.0 72.8500799176 0.0
57853.2063889 73.6514376031 0.0 78.2396183976 0.0
57853.2065162 81.3178516748 0.0 81.2332534557 0.0
57853.2066319 71.9165257017 0.0 74.3275492937 0.0
57853.2067477 71.16943046 0.0 70.129390187 0.0
57853.206875 76.8598013073 0.0 77.0273472151 0.0
57853.2069444 72.6439854702 0.0 72.9358720521 0.0
57853.2313657 63.7928281784 0.0 64.3934662058 0.0
57853.2314931 63.7302485402 0.0 63.7337279311 0.0
57853.2316088 63.756425088 0.0 63.7746024997 0.0
57853.2317245 63.6623802178 0.0 63.3943952018 0.0
57853.2318519 64.0144831191 0.0 64.1486062047 0.0
57853.2319444 63.6697141976 0.0 63.8391709533 0.0
57853.2319676 63.3541704941 0.0 63.5579845417 0.0
57853.2320833 63.3929164891 0.0 63.4499636722 0.0
57853.2321991 63.6175977226 0.0 63.9562509064 0.0
57853.2323264 63.611592552 0.0 63.9628671574 0.0
57853.2324421 64.3388394129 0.0 64.9835400698 0.0
57853.2325579 63.564435945 0.0 63.7994556481 0.0
57853.2326389 63.9688965826 0.0 63.8447698641 0.0
57853.2326852 64.3491959313 0.0 63.8587500896 0.0
57853.2328009 63.39590262 0.0 63.3541205527 0.0
57853.2329167 63.5526007021 0.0 63.5231526532 0.0
57853.233044 63.382991433 0.0 63.6358853635 0.0
57853.2331597 63.8154501825 0.0 63.569303394 0.0
57853.2332755 63.8386221734 0.0 63.732536306 0.0
57853.2333333 63.5709477513 0.0 63.6136115387 0.0
57853.2334028 63.3155944851 0.0 63.5045244136 0.0
57853.2335185 63.2972085403 0.0 63.446305117 0.0
57853.2336343 63.2547499956 0.0 63.3354328477 0.0
57853.2337616 63.4709300861 0.0 63.2101547143 0.0
57853.2338773 63.6336857097 0.0 63.5439076387 0.0
57853.2339931 63.5865564172 0.0 63.3410591954 0.0
57853.2340278 63.6106837017 0.0 63.3853043221 0.0
57853.2341204 63.6372368586 0.0 63.4320441812 0.0
57853.2342361 63.310653598 0.0 63.2780021492 0.0
57853.2343519 63.2791957755 0.0 63.2874864408 0.0
57853.2344792 63.2440408655 0.0 63.3101258963 0.0
57853.2345949 63.2822820464 0.0 63.2415564799 0.0
57853.2347106 63.2664612255 0.0 63.4225801588 0.0
57853.2347222 65.7977842256 0.0 70.1359042859 0.0
57853.257662 61.2705052941 0.0 61.2325957069 0.0
57853.2577778 61.265343874 0.0 61.2130953637 0.0
57853.2578935 61.3311458396 0.0 61.1840998381 0.0
57853.2580208 61.4682098405 0.0 61.3452439477 0.0
57853.2581366 61.3553398736 0.0 61.1993621617 0.0
57853.2582523 61.3151941855 0.0 61.4370361834 0.0
57853.2583333 61.4204392609 0.0 61.3505619779 0.0
57853.2583796 61.5109414739 0.0 61.2493223146 0.0
57853.2584954 61.340177225 0.0 61.6209912124 0.0
57853.2586111 61.3606417584 0.0 61.35198269 0.0
57853.2587384 61.6990508517 0.0 61.6516969921 0.0
57853.2588542 61.313745865 0.0 61.1988704144 0.0
57853.2589699 61.3336652989 0.0 61.2590826164 0.0
57853.2590278 61.3634374445 0.0 61.2212767835 0.0
57853.2590856 61.3900741 0.0 61.1803379772 0.0
57853.259213 61.2429391849 0.0 61.1346802233 0.0
57853.2593287 61.282027659 0.0 61.1632802995 0.0
57853.2594444 61.2033036772 0.0 61.2402459744 0.0
57853.2595718 61.4074512335 0.0 61.2067474548 0.0
57853.2596875 61.1335490136 0.0 61.2377912649 0.0
57853.2597222 61.1126263386 0.0 61.2084899503 0.0
57853.2598032 61.0985781258 0.0 61.1860873892 0.0
57853.2599306 61.1799888117 0.0 61.0853546605 0.0
57853.2600463 61.1991190623 0.0 61.4384382533 0.0
57853.260162 61.1870341004 0.0 61.0476771303 0.0
57853.2602894 61.0787128057 0.0 61.0505247234 0.0
57853.2604051 61.2124224402 0.0 61.2259979666 0.0
57853.2604167 61.3598774526 0.0 61.3643191276 0.0
57853.2605208 61.4958516894 0.0 61.4910288172 0.0
57853.2606481 61.2016312936 0.0 61.2083552303 0.0
57853.2607639 61.1537694423 0.0 61.2933293924 0.0
57853.2608796 61.3655548333 0.0 61.35135961 0.0
57853.2610069 61.0185256459 0.0 61.2197784135 0.0
57853.2611111 60.9852908085 0.0 61.1519002812 0.0
