57852.9805208 77.3046714452 0.0 77.2003336725 0.0
57852.9867593 76.8495956662 0.0 76.7245115937 0.0
57853.002037 74.8628431608 0.0 74.6739433674 0.0
57853.0127662 74.7208131491 0.0 74.5692267357 0.0
57853.0201736 73.7316052239 0.0 73.5314172918 0.0
57853.0361227 72.2507609496 0.0 72.0003610873 0.0
57853.0437037 71.7860078154 0.0 71.4478960685 0.0
57853.0513657 71.8881493064 0.0 71.6226640855 0.0
57853.0694907 72.0611069084 0.0 71.8340638522 0.0
57853.0775463 71.5914725793 0.0 71.2955858374 0.0
57853.1083449 72.7943741917 0.0 72.6113177006 0.0
57853.1286343 73.6841308027 0.0 73.520381672 0.0
57853.131412 73.6841308027 0.0 73.520381672 0.0
57853.1343634 74.4260735775 0.0 74.268372188 0.0
57853.154919 78.1420300665 0.0 78.1332922812 0.0
