57853.4312616 124.547337602 0.0 123.232122943 0.0
57853.4389005 123.211364454 0.0 122.15373661 0.0
57853.4527894 120.68315159 0.0 119.61039118 0.0
57853.4590394 119.740833377 0.0 118.662065142 0.0
57853.4743171 119.505326394 0.0 118.428679887 0.0
57853.4930671 119.676143856 0.0 118.33293472 0.0
57853.5020949 119.970637535 0.0 118.630141412 0.0
57853.5111227 121.373404609 0.0 120.046879483 0.0
57853.5284838 121.927710805 0.0 120.600927998 0.0
57853.5375116 121.891434291 0.0 120.82685989 0.0
57853.5527894 125.298902729 0.0 123.992309123 0.0
57853.5618171 126.473453383 0.0 125.170911422 0.0
57853.5791782 133.30064662 0.0 132.046614542 0.0
57853.588206 137.890226063 0.0 136.666686113 0.0
57853.6034838 147.094128466 0.0 145.925768992 0.0
57853.6125116 154.024373168 0.0 152.894318483 0.0
