57853.4398611 66.476163556 0.0 66.2202408363 0.0
57853.4437384 66.5996895612 0.0 66.3668206151 0.0
57853.4562384 66.7490966999 0.0 66.5034997547 0.0
57853.4652546 66.860693123 0.0 66.6443498739 0.0
57853.480544 67.062377027 0.0 66.9008914089 0.0
57853.498912 67.4559209873 0.0 67.3090663715 0.0
57853.5084606 67.8315391448 0.0 67.7274467253 0.0
57853.5112384 67.8315391448 0.0 67.7274467253 0.0
57853.5176968 69.8425194392 0.0 69.8073688988 0.0
57853.5348148 72.2707300302 0.0 69.228045419 0.0
57853.5375926 72.2707300302 0.0 69.228045419 0.0
57853.54375 72.7809243395 0.0 69.7489451971 0.0
57853.5589931 69.9956047553 0.0 70.0189388013 0.0
57853.5679977 70.5656061805 0.0 70.5781257917 0.0
57853.5854514 72.6384279178 0.0 72.7320728818 0.0
57853.5882292 72.6384279178 0.0 72.7320728818 0.0
57853.5944907 74.2598031338 0.0 74.3535109208 0.0
57853.6039583 79.9474976958 0.0 76.9251899558 0.0
57853.6096991 78.0841287656 0.0 78.3254739421 0.0
57853.6152315 80.5234920423 0.0 80.8460396839 0.0
