57849.0340046 6536.5 6536.5
57849.0340509 6626.1 6626.1
57849.0357639 378962.3 378962.3
57849.0358102 1354878.4 1354878.4
57849.0358565 699358.0 699358.0
57849.0359028 777673.1 777673.1
57849.0359722 329965.2 329965.2
57849.0360185 9146.5 9146.5
57849.0360648 9876.0 9876.0
57849.0361111 9603.8 9603.8
57849.0361921 8222.8 8222.8
57849.0362269 8439.4 8439.4
57849.0362731 9120.5 9120.5
57849.036331 9101.3 9101.3
57849.0364005 8322.1 8322.1
57849.0364468 7019.4 7019.4
57849.0364815 7047.1 7047.1
57849.0365394 6996.9 6996.9
57849.0366088 7013.1 7013.1
57849.0366551 7026.8 7026.8
57849.0367014 7238.6 7238.6
57849.0367477 7631.2 7631.2
57849.0368171 13783.6 13783.6
57849.0368634 36846.0 36846.0
57849.0369097 44874.6 44874.6
57849.036956 21100.9 21100.9
57849.0370255 11909.8 11909.8
57849.0370718 29546.1 29546.1
57849.0371181 41085.8 41085.8
57849.0371644 58753.4 58753.4
57849.0372338 31668.9 31668.9
57849.0372801 8116.5 8116.5
57849.037338 7821.0 7821.0
57849.0373727 7673.3 7673.3
57849.0374421 7906.3 7906.3
57849.0374884 8020.3 8020.3
57849.0375463 8962.5 8962.5
57849.0375926 9542.0 9542.0
57849.037662 8091.4 8091.4
57849.0377083 7531.3 7531.3
57849.0377546 7745.3 7745.3
57849.0378009 7759.3 7759.3
57849.0378704 8124.7 8124.7
57849.0379167 7654.9 7654.9
57849.037963 8802.6 8802.6
57849.0380093 10260.1 10260.1
57849.0380787 12477.8 12477.8
57849.038125 8149.4 8149.4
57849.0381713 8055.7 8055.7
57849.0382176 8042.8 8042.8
57849.038287 7497.3 7497.3
57849.0383333 7166.0 7166.0
57849.0383796 7123.7 7123.7
57849.0384259 7390.7 7390.7
57849.0384954 7311.5 7311.5
57849.0385532 6917.1 6917.1
57849.0385995 7235.6 7235.6
57849.0386343 7565.4 7565.4
57849.0387037 7207.6 7207.6
57849.0387616 7477.5 7477.5
57849.0388079 7366.1 7366.1
57849.0388542 7311.8 7311.8
57849.0389236 7317.6 7317.6
57849.0389699 8078.5 8078.5
57849.0390162 8648.8 8648.8
57849.0390625 9498.4 9498.4
57849.0391319 8861.1 8861.1
57849.0391782 6818.8 6818.8
57849.0392245 7148.9 7148.9
57849.0392708 8274.3 8274.3
57849.0393403 10295.7 10295.7
57849.0393866 10130.2 10130.2
57849.0394329 10980.9 10980.9
57849.0394907 11153.9 11153.9
57849.0395602 14253.7 14253.7
57849.0395949 12845.4 12845.4
57849.0396412 21318.5 21318.5
57849.0396991 25728.2 25728.2
57849.0397685 23928.9 23928.9
57849.0398148 99806.5 99806.5
57849.0398495 4507515.5 4507515.5
57849.0399074 616945.8 616945.8
57849.0399769 1750812.0 1750812.0
57849.0400231 9898.4 9898.4
57849.0400694 8685.4 8685.4
57849.0401157 8521.5 8521.5
57849.0401852 8888.2 8888.2
57849.0402315 7080.9 7080.9
57849.0402778 654.2 654.2
57849.0403241 122.0 122.0
57849.0440972 46733.2 46733.2
57849.0441435 179876.7 179876.7
57849.0441898 637840.2 637840.2
57849.0442361 555836.7 555836.7
57849.0443056 190811.0 190811.0
57849.0443519 6618.4 6618.4
57849.0443981 6581.4 6581.4
57849.0444444 6510.9 6510.9
57849.0445255 6417.8 6417.8
57849.0445602 6702.4 6702.4
57849.0446065 6995.9 6995.9
57849.0446644 7127.8 7127.8
57849.0447338 6615.2 6615.2
57849.0447801 6441.9 6441.9
57849.0448148 6410.9 6410.9
57849.0448727 6430.5 6430.5
57849.0449421 6351.4 6351.4
57849.0449884 6260.7 6260.7
57849.0450347 6262.9 6262.9
57849.045081 6358.7 6358.7
57849.0451505 6315.4 6315.4
57849.0451968 6362.0 6362.0
57849.0452431 6402.7 6402.7
57849.0452894 6339.3 6339.3
57849.0453588 6254.9 6254.9
57849.0454051 6287.3 6287.3
57849.0454514 6297.9 6297.9
57849.0454977 6361.9 6361.9
57849.0455671 6370.3 6370.3
57849.0456134 6298.2 6298.2
57849.0456713 6266.3 6266.3
57849.045706 6240.6 6240.6
57849.0457755 6228.5 6228.5
57849.0458218 6221.5 6221.5
57849.0458796 6224.2 6224.2
57849.0459259 6235.7 6235.7
57849.0459954 6202.0 6202.0
57849.0460417 6164.5 6164.5
57849.046088 6169.9 6169.9
57849.0461343 6223.4 6223.4
57849.0462037 6388.4 6388.4
57849.04625 6273.8 6273.8
57849.0462963 6254.2 6254.2
57849.0463426 6158.4 6158.4
57849.046412 6126.4 6126.4
57849.0464583 6172.0 6172.0
57849.0590046 491.8 491.8
57849.0590509 85.5 85.5
57849.0607639 5389.0 5389.0
57849.0608102 38191.7 38191.7
57849.0608565 1292906.0 1292906.0
57849.0609028 986007.1 986007.1
57849.0609722 435185.4 435185.4
57849.0610185 5948.2 5948.2
57849.0610648 6003.3 6003.3
57849.0611111 5943.8 5943.8
57849.0611921 5655.4 5655.4
57849.0612269 5597.9 5597.9
57849.0612731 5541.1 5541.1
57849.061331 5534.1 5534.1
57849.0614005 5596.5 5596.5
57849.0614468 5536.3 5536.3
57849.0614815 5533.0 5533.0
57849.0615394 5602.7 5602.7
57849.0616088 5647.1 5647.1
57849.0616551 5672.4 5672.4
57849.0617014 5638.7 5638.7
57849.0617477 5651.7 5651.7
57849.0618171 5689.2 5689.2
57849.0618634 5652.8 5652.8
57849.0619097 5648.8 5648.8
57849.061956 5586.0 5586.0
57849.0620255 5619.8 5619.8
57849.0620718 5630.0 5630.0
57849.0621181 5584.4 5584.4
57849.0621644 5564.8 5564.8
57849.0622338 5526.5 5526.5
57849.0622801 5554.0 5554.0
57849.062338 5584.9 5584.9
57849.0623727 5560.9 5560.9
57849.0624421 5564.0 5564.0
57849.0624884 5486.6 5486.6
57849.0625463 5480.2 5480.2
57849.0625926 5499.6 5499.6
57849.062662 5540.4 5540.4
57849.0627083 5510.5 5510.5
57849.0627546 5504.1 5504.1
57849.0628009 5514.3 5514.3
57849.0628704 5506.1 5506.1
57849.0629167 5463.3 5463.3
57849.062963 5521.3 5521.3
57849.0630093 5572.6 5572.6
57849.0630787 5537.3 5537.3
57849.063125 5462.8 5462.8
57849.0631713 5470.2 5470.2
57849.0632176 5512.5 5512.5
57849.063287 5540.8 5540.8
57849.0633333 5468.6 5468.6
57849.0633796 5449.0 5449.0
57849.0634259 5459.2 5459.2
57849.0634954 5451.7 5451.7
57849.0635532 5473.0 5473.0
57849.0635995 5469.1 5469.1
57849.0636343 5494.9 5494.9
57849.0637037 5509.2 5509.2
57849.0637616 5591.8 5591.8
57849.0638079 5547.5 5547.5
57849.0638542 5481.2 5481.2
57849.0639236 5469.3 5469.3
57849.0639699 5589.5 5589.5
57849.0640162 5614.5 5614.5
57849.0640625 5631.4 5631.4
57849.0641319 5542.0 5542.0
57849.0641782 5480.7 5480.7
57849.0642245 5444.5 5444.5
57849.0642708 5438.4 5438.4
57849.0643403 5440.5 5440.5
57849.0643866 5439.2 5439.2
57849.0644329 5495.1 5495.1
57849.0644907 5460.8 5460.8
57849.0645602 5443.7 5443.7
57849.0645949 5473.1 5473.1
57849.0646412 5493.0 5493.0
57849.0646991 5567.6 5567.6
57849.0647685 5592.2 5592.2
57849.0648148 5432.0 5432.0
57849.0648495 5421.9 5421.9
57849.0649074 5455.7 5455.7
57849.0649769 5436.4 5436.4
57849.0650231 5507.4 5507.4
57849.0650694 5524.4 5524.4
57849.0651157 5511.2 5511.2
57849.0651852 5424.2 5424.2
57849.0652315 5549.1 5549.1
57849.0652778 630.7 630.7
57849.0653241 115.7 115.7
57849.0690972 75103.9 75103.9
57849.0691435 307089.9 307089.9
57849.0691898 1202127.5 1202127.5
57849.0692361 953749.6 953749.6
57849.0693056 220788.6 220788.6
57849.0693519 5831.9 5831.9
57849.0693981 5795.1 5795.1
57849.0694444 5692.0 5692.0
57849.0695255 5554.4 5554.4
57849.0695602 5455.1 5455.1
57849.0696065 5417.6 5417.6
57849.0696644 5409.8 5409.8
57849.0697338 5373.0 5373.0
57849.0697801 5370.4 5370.4
57849.0698148 5412.8 5412.8
57849.0698727 5425.5 5425.5
57849.0699421 5431.3 5431.3
57849.0699884 5421.8 5421.8
57849.0700347 5379.4 5379.4
57849.070081 5381.5 5381.5
57849.0701505 5408.1 5408.1
57849.0701968 5422.0 5422.0
57849.0702431 5452.1 5452.1
57849.0702894 5399.0 5399.0
57849.0703588 5347.4 5347.4
57849.0704051 5353.0 5353.0
57849.0704514 5348.2 5348.2
57849.0704977 5347.4 5347.4
57849.0705671 5363.1 5363.1
57849.0706134 5366.7 5366.7
57849.0706713 5358.9 5358.9
57849.070706 5337.8 5337.8
57849.0707755 5333.3 5333.3
57849.0708218 5344.1 5344.1
57849.0708796 5410.0 5410.0
57849.0709259 5435.6 5435.6
57849.0709954 5476.1 5476.1
57849.0710417 5379.5 5379.5
57849.071088 5406.2 5406.2
57849.0711343 5431.6 5431.6
57849.0712037 5378.6 5378.6
57849.07125 5458.3 5458.3
57849.0712963 5474.3 5474.3
57849.0713426 5454.3 5454.3
57849.071412 5398.8 5398.8
57849.0714583 5338.2 5338.2
57849.1088426 401541.8 401541.8
57849.1088889 362179.7 362179.7
57849.1089352 396964.0 396964.0
57849.1089815 406488.4 406488.4
57849.1090509 220827.4 220827.4
57849.1091088 5202.0 5202.0
57849.1091435 5163.5 5163.5
57849.1091898 5076.4 5076.4
57849.1092593 4981.2 4981.2
57849.1093171 4882.3 4882.3
57849.1093634 4834.5 4834.5
57849.1093981 4843.3 4843.3
57849.1094792 4825.2 4825.2
57849.1095255 4804.9 4804.9
57849.1095718 4808.0 4808.0
57849.1096181 4805.8 4805.8
57849.1096875 4807.0 4807.0
57849.1097338 4818.2 4818.2
57849.1097801 4840.1 4840.1
57849.1098264 4857.6 4857.6
57849.1098958 4861.2 4861.2
57849.1099421 4854.5 4854.5
57849.1099884 4857.4 4857.4
57849.1100347 4822.7 4822.7
57849.1101157 4816.6 4816.6
57849.1101505 4819.0 4819.0
57849.1101968 4821.2 4821.2
57849.1102546 4833.0 4833.0
57849.1103241 4828.8 4828.8
57849.1103704 4818.8 4818.8
57849.1228935 107.3 107.3
57849.1229398 14.7 14.7
57849.1246528 265.6 265.6
57849.1246991 2304.0 2304.0
57849.1247454 582586.1 582586.1
57849.1247917 471138.8 471138.8
57849.1248611 383228.2 383228.2
57849.1249074 4766.3 4766.3
57849.1249537 4740.7 4740.7
57849.125 4709.1 4709.1
57849.125081 4715.5 4715.5
57849.1251157 4636.3 4636.3
57849.125162 4624.3 4624.3
57849.1252199 4622.0 4622.0
57849.1252894 4637.8 4637.8
57849.1253356 4565.3 4565.3
57849.1253704 4582.2 4582.2
57849.1254282 4602.7 4602.7
57849.1254977 4594.1 4594.1
57849.125544 4593.5 4593.5
57849.1255903 4586.9 4586.9
57849.1256366 4601.6 4601.6
57849.125706 4570.1 4570.1
57849.1257523 4549.5 4549.5
57849.1257986 4556.1 4556.1
57849.1258449 4553.6 4553.6
57849.1259144 4569.7 4569.7
57849.1259606 4566.9 4566.9
57849.1260069 4564.8 4564.8
57849.1260532 4572.4 4572.4
57849.1261227 4579.0 4579.0
57849.126169 4590.8 4590.8
57849.1262269 4582.1 4582.1
57849.1262616 4592.1 4592.1
57849.126331 4581.8 4581.8
57849.1263773 4571.9 4571.9
57849.1264352 4580.7 4580.7
57849.1264815 4585.8 4585.8
57849.1265509 4576.7 4576.7
57849.1265972 4552.9 4552.9
57849.1266435 4546.8 4546.8
57849.1266898 4549.1 4549.1
57849.1267593 4575.1 4575.1
57849.1268056 4558.0 4558.0
57849.1268519 4548.4 4548.4
57849.1268981 4539.8 4539.8
57849.1269676 4556.9 4556.9
57849.1270139 4564.2 4564.2
57849.1270602 4589.2 4589.2
57849.1271065 4630.0 4630.0
57849.1271759 4682.0 4682.0
57849.1272222 4669.1 4669.1
57849.1272685 4725.0 4725.0
57849.1273148 4721.0 4721.0
57849.1273843 4621.3 4621.3
57849.1274421 4594.1 4594.1
57849.1274884 4597.7 4597.7
57849.1275231 4597.1 4597.1
57849.1275926 4570.1 4570.1
57849.1276505 4544.9 4544.9
57849.1276968 4553.6 4553.6
57849.1277431 4548.1 4548.1
57849.1278125 4541.2 4541.2
57849.1278588 4529.2 4529.2
57849.1279051 4533.1 4533.1
57849.1279514 4540.0 4540.0
57849.1280208 4535.8 4535.8
57849.1280671 4526.7 4526.7
57849.1281134 4525.6 4525.6
57849.1281597 4541.8 4541.8
57849.1282292 4538.7 4538.7
57849.1282755 4526.7 4526.7
57849.1283218 4525.4 4525.4
57849.1283796 4526.7 4526.7
57849.1284491 4518.9 4518.9
57849.1284838 4526.0 4526.0
57849.1285301 4518.4 4518.4
57849.128588 4513.7 4513.7
57849.1286574 4514.5 4514.5
57849.1287037 4520.2 4520.2
57849.1287384 4519.3 4519.3
57849.1287963 4531.1 4531.1
57849.1288657 4527.3 4527.3
57849.128912 4509.2 4509.2
57849.1289583 4512.2 4512.2
57849.1290046 4518.8 4518.8
57849.1290741 4511.2 4511.2
57849.1291204 4522.9 4522.9
57849.1291667 62.5 62.5
57849.129213 8.2 8.2
57849.1329861 728.5 728.5
57849.1330324 6129.9 6129.9
57849.1330787 380045.3 380045.3
57849.133125 382641.7 382641.7
57849.1331944 285943.0 285943.0
57849.1332407 4976.4 4976.4
57849.133287 4928.0 4928.0
57849.1333333 4863.2 4863.2
57849.1334144 4776.6 4776.6
57849.1334491 4713.5 4713.5
57849.1334954 4684.3 4684.3
57849.1335532 4684.6 4684.6
57849.1336227 4679.9 4679.9
57849.133669 4684.2 4684.2
57849.1337037 4677.6 4677.6
57849.1337616 4688.2 4688.2
57849.133831 4689.4 4689.4
57849.1338773 4695.1 4695.1
57849.1339236 4688.1 4688.1
57849.1339699 4686.7 4686.7
57849.1340394 4695.4 4695.4
57849.1340856 4690.3 4690.3
57849.1341319 4684.5 4684.5
57849.1341782 4684.4 4684.4
57849.1342477 4692.8 4692.8
57849.134294 4692.0 4692.0
57849.1343403 4688.0 4688.0
57849.1343866 4685.7 4685.7
57849.134456 4683.7 4683.7
57849.1345023 4685.7 4685.7
57849.1345602 4686.7 4686.7
57849.1345949 4695.1 4695.1
57849.1346644 4688.7 4688.7
57849.1347106 4690.2 4690.2
57849.1347685 4696.1 4696.1
57849.1348148 4700.7 4700.7
57849.1348843 4692.9 4692.9
57849.1349306 4699.4 4699.4
57849.1349769 4698.4 4698.4
57849.1350231 4685.9 4685.9
57849.1350926 4682.8 4682.8
57849.1351389 4692.1 4692.1
57849.1351852 4699.6 4699.6
57849.1352315 4704.2 4704.2
57849.1353009 4705.2 4705.2
57849.1353472 4686.9 4686.9
57849.1492824 4592.9 4592.9
57849.1493287 4587.2 4587.2
57849.1510417 499134.4 499134.4
57849.151088 479563.5 479563.5
57849.1511343 483065.6 483065.6
57849.1511806 424493.5 424493.5
57849.15125 378723.6 378723.6
57849.1512963 4561.0 4561.0
57849.1513426 4530.2 4530.2
57849.1513889 4515.4 4515.4
57849.1514699 4490.2 4490.2
57849.1515046 4439.1 4439.1
57849.1515509 4431.6 4431.6
57849.1516088 4440.4 4440.4
57849.1516782 4439.9 4439.9
57849.1517245 4440.7 4440.7
57849.1517593 4446.3 4446.3
57849.1518171 4447.8 4447.8
57849.1518866 4448.0 4448.0
57849.1519329 4437.3 4437.3
57849.1519792 4444.0 4444.0
57849.1520255 4445.0 4445.0
57849.1520949 4431.3 4431.3
57849.1521412 4435.2 4435.2
57849.1521875 4440.8 4440.8
57849.1522338 4421.9 4421.9
57849.1523032 4437.9 4437.9
57849.1523495 4423.0 4423.0
57849.1523958 4428.5 4428.5
57849.1524421 4428.1 4428.1
57849.1525116 4424.5 4424.5
57849.1525579 4445.6 4445.6
57849.1526157 4449.1 4449.1
57849.1526505 4436.4 4436.4
57849.1527199 4427.0 4427.0
57849.1527662 4435.7 4435.7
57849.1528241 4428.6 4428.6
57849.1528704 4428.9 4428.9
57849.1529398 4434.6 4434.6
57849.1529861 4437.5 4437.5
57849.1530324 4447.6 4447.6
57849.1530787 4456.9 4456.9
57849.1531481 4437.4 4437.4
57849.1531944 4434.2 4434.2
57849.1532407 4436.5 4436.5
57849.153287 4432.0 4432.0
57849.1533565 4431.1 4431.1
57849.1534028 4429.1 4429.1
57849.1534491 4436.3 4436.3
57849.1534954 4425.8 4425.8
57849.1535648 4431.8 4431.8
57849.1536111 4423.5 4423.5
57849.1536574 4432.1 4432.1
57849.1537037 4442.9 4442.9
57849.1537731 4442.8 4442.8
57849.153831 4427.4 4427.4
57849.1538773 4437.7 4437.7
57849.153912 4434.1 4434.1
57849.1539815 4425.5 4425.5
57849.1540394 4429.3 4429.3
57849.1540856 4435.8 4435.8
57849.1541319 4437.8 4437.8
57849.1542014 4429.2 4429.2
57849.1542477 4429.7 4429.7
57849.154294 4435.0 4435.0
57849.1543403 4433.7 4433.7
57849.1544097 4431.0 4431.0
57849.154456 4425.1 4425.1
57849.1545023 4440.8 4440.8
57849.1545486 4437.1 4437.1
57849.1546181 4419.5 4419.5
57849.1546644 4423.9 4423.9
57849.1547106 4426.5 4426.5
57849.1547685 4419.9 4419.9
57849.154838 4428.5 4428.5
57849.1548727 4432.5 4432.5
57849.154919 4438.7 4438.7
57849.1549769 4436.6 4436.6
57849.1550463 4434.5 4434.5
57849.1550926 4437.5 4437.5
57849.1551273 4431.6 4431.6
57849.1551852 4420.8 4420.8
57849.1552546 4424.9 4424.9
57849.1553009 4425.8 4425.8
57849.1553472 4428.5 4428.5
57849.1553935 4426.2 4426.2
57849.155463 4447.4 4447.4
57849.1555093 4445.1 4445.1
57849.1555556 159.9 159.9
57849.1556019 23.4 23.4
57849.159375 8151.4 8151.4
57849.1594213 46301.5 46301.5
57849.1594676 382400.4 382400.4
57849.1595139 363221.7 363221.7
57849.1595833 327470.6 327470.6
57849.1596296 4754.7 4754.7
57849.1596759 4720.8 4720.8
57849.1597222 4726.1 4726.1
57849.1598032 4804.1 4804.1
57849.159838 4691.1 4691.1
57849.1598843 4662.0 4662.0
57849.1599421 4626.3 4626.3
57849.1600116 4621.4 4621.4
57849.1600579 4694.5 4694.5
57849.1600926 4675.2 4675.2
57849.1601505 4650.8 4650.8
57849.1602199 4633.2 4633.2
57849.1602662 4622.1 4622.1
57849.1603125 4644.7 4644.7
57849.1603588 4671.3 4671.3
57849.1604282 4632.5 4632.5
57849.1604745 4609.6 4609.6
57849.1605208 4611.4 4611.4
57849.1605671 4615.5 4615.5
57849.1606366 4617.9 4617.9
57849.1606829 4615.5 4615.5
57849.1607292 4617.9 4617.9
57849.1607755 4621.2 4621.2
57849.1608449 4610.6 4610.6
57849.1608912 4618.6 4618.6
57849.1609491 4616.2 4616.2
57849.1609838 4612.6 4612.6
57849.1610532 4625.8 4625.8
57849.1610995 4624.4 4624.4
57849.1611574 4613.5 4613.5
57849.1612037 4610.5 4610.5
57849.1612731 4625.9 4625.9
57849.1613194 4618.9 4618.9
57849.1613657 4612.6 4612.6
57849.161412 4615.9 4615.9
57849.1614815 4621.6 4621.6
57849.1615278 4613.7 4613.7
57849.1615741 4630.4 4630.4
57849.1616204 4634.3 4634.3
57849.1616898 4611.0 4611.0
57849.1617361 4622.4 4622.4
57849.1742824 66.8 66.8
57849.1743287 8.8 8.8
57849.1760417 79.9 79.9
57849.176088 705.7 705.7
57849.1761343 308363.2 308363.2
57849.1761806 322339.1 322339.1
57849.17625 326261.7 326261.7
57849.1762963 4517.6 4517.6
57849.1763426 4486.7 4486.7
57849.1763889 4456.6 4456.6
57849.1764699 4422.8 4422.8
57849.1765046 4418.6 4418.6
57849.1765509 4393.7 4393.7
57849.1766088 4385.5 4385.5
57849.1766782 4385.9 4385.9
57849.1767245 4389.8 4389.8
57849.1767593 4397.3 4397.3
57849.1768171 4392.3 4392.3
57849.1768866 4386.2 4386.2
57849.1769329 4393.1 4393.1
57849.1769792 4390.8 4390.8
57849.1770255 4389.5 4389.5
57849.1770949 4390.8 4390.8
57849.1771412 4385.8 4385.8
57849.1771875 4384.6 4384.6
57849.1772338 4391.5 4391.5
57849.1773032 4395.1 4395.1
57849.1773495 4383.1 4383.1
57849.1773958 4387.4 4387.4
57849.1774421 4401.0 4401.0
57849.1775116 4398.2 4398.2
57849.1775579 4384.0 4384.0
57849.1776157 4392.7 4392.7
57849.1776505 4388.8 4388.8
57849.1777199 4390.5 4390.5
57849.1777662 4382.1 4382.1
57849.1778241 4383.7 4383.7
57849.1778704 4383.0 4383.0
57849.1779398 4381.0 4381.0
57849.1779861 4384.7 4384.7
57849.1780324 4388.3 4388.3
57849.1780787 4394.7 4394.7
57849.1781481 4399.1 4399.1
57849.1781944 4394.8 4394.8
57849.1782407 4398.9 4398.9
57849.178287 4412.4 4412.4
57849.1783565 4396.3 4396.3
57849.1784028 4389.6 4389.6
57849.1784491 4395.3 4395.3
57849.1784954 4396.2 4396.2
57849.1785648 4386.3 4386.3
57849.1786111 4391.7 4391.7
57849.1786574 4389.5 4389.5
57849.1787037 4387.6 4387.6
57849.1787731 4385.7 4385.7
57849.178831 4388.6 4388.6
57849.1788773 4389.7 4389.7
57849.178912 4391.7 4391.7
57849.1789815 4404.9 4404.9
57849.1790394 4388.8 4388.8
57849.1790856 4381.4 4381.4
57849.1791319 4385.2 4385.2
57849.1792014 4381.3 4381.3
57849.1792477 4383.6 4383.6
57849.179294 4378.8 4378.8
57849.1793403 4380.7 4380.7
57849.1794097 4379.7 4379.7
57849.179456 4389.7 4389.7
57849.1795023 4388.1 4388.1
57849.1795486 4388.1 4388.1
57849.1796181 4381.7 4381.7
57849.1796644 4389.4 4389.4
57849.1797106 4388.1 4388.1
57849.1797685 4389.3 4389.3
57849.179838 4386.6 4386.6
57849.1798727 4385.9 4385.9
57849.179919 4381.7 4381.7
57849.1799769 4381.3 4381.3
57849.1800463 4377.5 4377.5
57849.1800926 4379.6 4379.6
57849.1801273 4379.7 4379.7
57849.1801852 4374.1 4374.1
57849.1802546 4384.2 4384.2
57849.1803009 4388.0 4388.0
57849.1803472 4388.7 4388.7
57849.1803935 4382.5 4382.5
57849.180463 4379.0 4379.0
57849.1805093 4400.3 4400.3
57849.1805556 4403.8 4403.8
57849.1806019 4404.8 4404.8
57849.184375 277581.4 277581.4
57849.1844213 277182.2 277182.2
57849.1844676 291226.5 291226.5
57849.1845139 259953.7 259953.7
57849.1845833 200013.3 200013.3
57849.1846296 4820.7 4820.7
57849.1846759 4789.0 4789.0
57849.1847222 4732.7 4732.7
57849.1848032 4650.8 4650.8
57849.184838 4595.4 4595.4
57849.1848843 4567.7 4567.7
57849.1849421 4566.7 4566.7
57849.1850116 4558.5 4558.5
57849.1850579 4569.6 4569.6
57849.1850926 4563.8 4563.8
57849.1851505 4562.7 4562.7
57849.1852199 4560.6 4560.6
57849.1852662 4568.5 4568.5
57849.1853125 4569.5 4569.5
57849.1853588 4569.7 4569.7
57849.1854282 4560.3 4560.3
57849.1854745 4565.9 4565.9
57849.1855208 4572.5 4572.5
57849.1855671 4577.2 4577.2
57849.1856366 4567.9 4567.9
57849.1856829 4587.0 4587.0
57849.1857292 4593.9 4593.9
57849.1857755 4591.7 4591.7
57849.1858449 4571.4 4571.4
57849.1858912 4571.8 4571.8
57849.1859491 4577.6 4577.6
57849.1859838 4574.9 4574.9
57849.1860532 4566.4 4566.4
57849.1860995 4565.9 4565.9
57849.1861574 4573.7 4573.7
57849.1862037 4566.6 4566.6
57849.1862731 4573.0 4573.0
57849.1863194 4578.4 4578.4
57849.1863657 4577.0 4577.0
57849.186412 4570.6 4570.6
57849.1864815 4574.5 4574.5
57849.1865278 4569.1 4569.1
57849.1865741 4567.5 4567.5
57849.1866204 4569.2 4569.2
57849.1866898 4559.4 4559.4
57849.1867361 4565.8 4565.8
57849.2006713 4484.8 4484.8
57849.2007176 4489.1 4489.1
57849.2024306 332766.7 332766.7
57849.2024769 311406.6 311406.6
57849.2025231 324325.3 324325.3
57849.2025694 320308.4 320308.4
57849.2026389 299012.9 299012.9
57849.2026852 4590.5 4590.5
57849.2027315 4561.3 4561.3
57849.2027894 4524.1 4524.1
57849.2028588 4459.6 4459.6
57849.2029051 4422.9 4422.9
57849.2029398 4420.3 4420.3
57849.2029977 4434.7 4434.7
57849.2030671 4418.6 4418.6
57849.2031134 4404.0 4404.0
57849.2031597 4403.1 4403.1
57849.203206 4399.0 4399.0
57849.2032755 4402.7 4402.7
57849.2033218 4394.8 4394.8
57849.2033681 4403.2 4403.2
57849.2034144 4406.6 4406.6
57849.2034838 4403.9 4403.9
57849.2035301 4403.8 4403.8
57849.2035764 4404.4 4404.4
57849.2036227 4403.2 4403.2
57849.2036921 4408.9 4408.9
57849.2037384 4413.1 4413.1
57849.2037963 4409.5 4409.5
57849.203831 4402.5 4402.5
57849.2039005 4394.8 4394.8
57849.2039468 4389.6 4389.6
57849.2040046 4396.4 4396.4
57849.2040509 4408.2 4408.2
57849.2041204 4416.5 4416.5
57849.2041551 4395.5 4395.5
57849.204213 4388.6 4388.6
57849.2042593 4402.3 4402.3
57849.2043287 4407.0 4407.0
57849.204375 4408.5 4408.5
57849.2044213 4412.5 4412.5
57849.2044676 4419.9 4419.9
57849.204537 4403.6 4403.6
57849.2045833 4416.1 4416.1
57849.2046296 4410.1 4410.1
57849.2046759 4402.9 4402.9
57849.2047454 4403.6 4403.6
57849.2047917 4403.1 4403.1
57849.204838 4398.5 4398.5
57849.2048843 4412.0 4412.0
57849.2049537 4428.0 4428.0
57849.2050116 4412.7 4412.7
57849.2050463 4426.0 4426.0
57849.2050926 4428.2 4428.2
57849.205162 4463.1 4463.1
57849.2052199 4426.0 4426.0
57849.2052662 4417.7 4417.7
57849.2053009 4427.8 4427.8
57849.2053819 4448.2 4448.2
57849.2054282 4466.1 4466.1
57849.2054745 4537.1 4537.1
57849.2055208 4571.8 4571.8
57849.2055903 4437.3 4437.3
57849.2056366 4410.6 4410.6
57849.2056829 4419.8 4419.8
57849.2057292 4413.6 4413.6
57849.2057986 4407.7 4407.7
57849.2058449 4407.4 4407.4
57849.2058912 4402.4 4402.4
57849.2059375 4407.9 4407.9
57849.2060185 4418.4 4418.4
57849.2060532 4411.2 4411.2
57849.2060995 4408.8 4408.8
57849.2061574 4409.4 4409.4
57849.2062269 4437.9 4437.9
57849.2062731 4424.6 4424.6
57849.2063079 4427.1 4427.1
57849.2063657 4431.1 4431.1
57849.2064352 4439.0 4439.0
57849.2064815 4418.2 4418.2
57849.2065278 4408.8 4408.8
57849.2065741 4412.1 4412.1
57849.2066435 4421.2 4421.2
57849.2066898 4413.8 4413.8
57849.2067361 4428.9 4428.9
57849.2067824 4436.3 4436.3
57849.2068519 4439.7 4439.7
57849.2068981 4412.1 4412.1
57849.2069444 106.7 106.7
57849.2069907 14.8 14.8
57849.209375 706.4 706.4
57849.2094213 5694.4 5694.4
57849.2094676 284823.4 284823.4
57849.2095139 285366.4 285366.4
57849.2095833 248106.2 248106.2
57849.2096296 4773.9 4773.9
57849.2096759 4745.1 4745.1
57849.2097338 4697.2 4697.2
57849.2098032 4627.1 4627.1
57849.2098495 4613.9 4613.9
57849.2098843 4587.4 4587.4
57849.2099421 4582.8 4582.8
57849.2100116 4579.8 4579.8
57849.2100579 4586.2 4586.2
57849.2101042 4603.3 4603.3
57849.2101505 4605.5 4605.5
57849.2102199 4589.7 4589.7
57849.2102662 4580.5 4580.5
57849.2103125 4594.4 4594.4
57849.2103588 4590.1 4590.1
57849.2104282 4580.7 4580.7
57849.2104745 4578.2 4578.2
57849.2105208 4577.5 4577.5
57849.2105671 4579.6 4579.6
57849.2106366 4580.8 4580.8
57849.2106829 4587.9 4587.9
57849.2107407 4593.2 4593.2
57849.2107755 4581.8 4581.8
57849.2108449 4573.9 4573.9
57849.2108912 4580.2 4580.2
57849.2109491 4590.2 4590.2
57849.2109954 4585.1 4585.1
57849.2110648 4582.2 4582.2
57849.2110995 4576.9 4576.9
57849.2111574 4576.4 4576.4
57849.2112037 4579.0 4579.0
57849.2112731 4587.3 4587.3
57849.2113194 4589.7 4589.7
57849.2113657 4596.9 4596.9
57849.211412 4599.7 4599.7
57849.2114815 4597.8 4597.8
57849.2115278 4583.2 4583.2
57849.2115741 4586.9 4586.9
57849.2116204 4587.1 4587.1
57849.2116898 4599.2 4599.2
57849.2117361 4585.9 4585.9
57849.2228935 4517.2 4517.2
57849.2229398 4530.3 4530.3
57849.2246528 259861.1 259861.1
57849.2246991 261290.1 261290.1
57849.2247454 278903.7 278903.7
57849.2247917 271804.9 271804.9
57849.2248611 220313.4 220313.4
57849.2249074 4662.8 4662.8
57849.2249537 4625.5 4625.5
57849.2250116 4581.7 4581.7
57849.225081 4517.5 4517.5
57849.2251273 4509.8 4509.8
57849.225162 4497.2 4497.2
57849.2252199 4493.1 4493.1
57849.2252894 4464.3 4464.3
57849.2253356 4463.1 4463.1
57849.2253819 4468.5 4468.5
57849.2254282 4467.4 4467.4
57849.2254977 4465.3 4465.3
57849.225544 4470.2 4470.2
57849.2255903 4486.6 4486.6
57849.2256366 4472.4 4472.4
57849.225706 4458.3 4458.3
57849.2257523 4480.0 4480.0
57849.2257986 4483.2 4483.2
57849.2258449 4461.1 4461.1
57849.2259144 4476.0 4476.0
57849.2259606 4467.4 4467.4
57849.2260185 4475.1 4475.1
57849.2260532 4474.2 4474.2
57849.2261227 4475.8 4475.8
57849.226169 4472.2 4472.2
57849.2262269 4466.3 4466.3
57849.2262731 4472.3 4472.3
57849.2263426 4470.1 4470.1
57849.2263773 4470.9 4470.9
57849.2264352 4471.6 4471.6
57849.2264815 4478.0 4478.0
57849.2265509 4492.6 4492.6
57849.2265972 4476.2 4476.2
57849.2266435 4477.7 4477.7
57849.2266898 4470.7 4470.7
57849.2267593 4481.1 4481.1
57849.2268056 4474.7 4474.7
57849.2268519 4482.5 4482.5
57849.2268981 4482.9 4482.9
57849.2269676 4479.8 4479.8
57849.2270139 4492.9 4492.9
57849.2270602 4477.0 4477.0
57849.2271065 4487.0 4487.0
57849.2271759 4474.0 4474.0
57849.2272338 4489.0 4489.0
57849.2272685 4479.7 4479.7
57849.2273148 4486.8 4486.8
57849.2273843 4481.5 4481.5
57849.2274421 4472.3 4472.3
57849.2274884 4474.8 4474.8
57849.2275231 4478.2 4478.2
57849.2276042 4482.7 4482.7
57849.2276505 4477.9 4477.9
57849.2276968 4477.2 4477.2
57849.2277431 4481.7 4481.7
57849.2278125 4479.6 4479.6
57849.2278588 4473.3 4473.3
57849.2279051 4476.9 4476.9
57849.2279514 4472.0 4472.0
57849.2280208 4478.9 4478.9
57849.2280671 4478.0 4478.0
57849.2281134 4478.0 4478.0
57849.2281597 4479.6 4479.6
57849.2282407 4475.8 4475.8
57849.2282755 4480.3 4480.3
57849.2283218 4480.8 4480.8
57849.2283796 4484.7 4484.7
57849.2284491 4482.6 4482.6
57849.2284954 4475.1 4475.1
57849.2285301 4473.1 4473.1
57849.228588 4476.3 4476.3
57849.2286574 4479.3 4479.3
57849.2287037 4481.2 4481.2
57849.22875 4483.7 4483.7
57849.2287963 4487.5 4487.5
57849.2288657 4488.7 4488.7
57849.228912 4489.0 4489.0
57849.2289583 4481.9 4481.9
57849.2290046 4483.8 4483.8
57849.2290741 4497.0 4497.0
57849.2291204 4490.6 4490.6
57849.2291667 4483.5 4483.5
57849.229213 4485.2 4485.2
57849.2315972 283961.3 283961.3
57849.2316435 298883.7 298883.7
57849.2316898 273296.1 273296.1
57849.2317361 258658.0 258658.0
57849.2318056 228000.0 228000.0
57849.2318519 4754.3 4754.3
57849.2318981 4728.4 4728.4
57849.231956 4695.4 4695.4
57849.2320255 4663.1 4663.1
57849.2320718 4634.5 4634.5
57849.2321065 4625.6 4625.6
57849.2321644 4625.2 4625.2
57849.2322338 4638.5 4638.5
57849.2322801 4630.5 4630.5
57849.2323264 4622.0 4622.0
57849.2323727 4618.7 4618.7
57849.2324421 4616.4 4616.4
57849.2324884 4618.5 4618.5
57849.2325347 4623.0 4623.0
57849.232581 4636.2 4636.2
57849.2326505 4649.5 4649.5
57849.2326968 4638.2 4638.2
57849.2327431 4633.7 4633.7
57849.2327894 4637.2 4637.2
57849.2328588 4629.0 4629.0
57849.2329051 4617.1 4617.1
57849.232963 4620.7 4620.7
57849.2329977 4619.0 4619.0
57849.2330671 4619.2 4619.2
57849.2331134 4615.1 4615.1
57849.2331713 4618.5 4618.5
57849.2332176 4635.2 4635.2
57849.233287 4641.7 4641.7
57849.2333218 4618.6 4618.6
57849.2333796 4626.8 4626.8
57849.2334259 4637.1 4637.1
57849.2334954 4636.7 4636.7
57849.2335417 4621.6 4621.6
57849.233588 4613.6 4613.6
57849.2336343 4611.6 4611.6
57849.2337037 4613.5 4613.5
57849.23375 4614.9 4614.9
57849.2337963 4618.5 4618.5
57849.2338426 4619.0 4619.0
57849.233912 4623.1 4623.1
57849.2339583 4617.3 4617.3
57849.2478935 4591.5 4591.5
57849.2479398 4611.6 4611.6
57849.2496528 784358.6 784358.6
57849.2496991 622495.0 622495.0
57849.2497454 626526.9 626526.9
57849.2497917 810426.2 810426.2
57849.2498611 637072.6 637072.6
57849.2499074 4839.1 4839.1
57849.2499537 4803.7 4803.7
57849.2500116 4736.7 4736.7
57849.250081 4643.5 4643.5
57849.2501273 4608.4 4608.4
57849.250162 4588.3 4588.3
57849.2502199 4604.9 4604.9
57849.2502894 4605.8 4605.8
57849.2503356 4563.2 4563.2
57849.2503819 4586.0 4586.0
57849.2504282 4599.7 4599.7
57849.2504977 4586.8 4586.8
57849.250544 4566.4 4566.4
57849.2505903 4563.9 4563.9
57849.2506366 4579.3 4579.3
57849.250706 4579.5 4579.5
57849.2507523 4588.7 4588.7
57849.2507986 4606.8 4606.8
57849.2508449 4614.8 4614.8
57849.2509144 4645.2 4645.2
57849.2509606 4622.6 4622.6
57849.2510185 4628.4 4628.4
57849.2510532 4636.5 4636.5
57849.2511227 4612.8 4612.8
57849.251169 4595.6 4595.6
57849.2512269 4590.2 4590.2
57849.2512731 4591.7 4591.7
57849.2513426 4614.9 4614.9
57849.2513773 4606.7 4606.7
57849.2514352 4636.8 4636.8
57849.2514815 4636.5 4636.5
57849.2515509 4618.4 4618.4
57849.2515972 4598.1 4598.1
57849.2516435 4606.1 4606.1
57849.2516898 4590.7 4590.7
57849.2517593 4584.8 4584.8
57849.2518056 4581.1 4581.1
57849.2518519 4583.1 4583.1
57849.2518981 4596.3 4596.3
57849.2519676 4583.5 4583.5
57849.2520139 4577.0 4577.0
57849.2520602 4582.8 4582.8
57849.2521065 4575.9 4575.9
57849.2521759 4580.1 4580.1
57849.2522338 4583.4 4583.4
57849.2522685 4595.6 4595.6
57849.2523148 4597.6 4597.6
57849.2523843 4590.8 4590.8
57849.2524421 4615.7 4615.7
57849.2524884 4602.9 4602.9
57849.2525231 4586.7 4586.7
57849.2526042 4576.7 4576.7
57849.2526505 4585.2 4585.2
57849.2526968 4594.4 4594.4
57849.2527431 4597.3 4597.3
57849.2528125 4604.3 4604.3
57849.2528588 4592.6 4592.6
57849.2529051 4588.1 4588.1
57849.2529514 4592.7 4592.7
57849.2530208 4611.0 4611.0
57849.2530671 4642.3 4642.3
57849.2531134 4626.8 4626.8
57849.2531597 4619.5 4619.5
57849.2532407 4606.7 4606.7
57849.2532755 4608.9 4608.9
57849.2533218 4631.0 4631.0
57849.2533796 4642.3 4642.3
57849.2534491 4625.4 4625.4
57849.2534954 4637.9 4637.9
57849.2535301 4660.7 4660.7
57849.253588 4649.0 4649.0
57849.2536574 4640.4 4640.4
57849.2537037 4600.3 4600.3
57849.25375 4607.2 4607.2
57849.2537963 4606.8 4606.8
57849.2538657 4601.5 4601.5
57849.253912 4594.8 4594.8
57849.2539583 4595.9 4595.9
57849.2540046 4609.4 4609.4
57849.2540741 4604.0 4604.0
57849.2541204 4600.8 4600.8
57849.2541667 143.4 143.4
57849.254213 20.5 20.5
57849.2565972 2413.8 2413.8
57849.2566435 20727.8 20727.8
57849.2566898 675949.6 675949.6
57849.2567361 652552.5 652552.5
57849.2568056 547753.0 547753.0
57849.2568519 4826.0 4826.0
57849.2568981 4796.1 4796.1
57849.256956 4759.3 4759.3
57849.2570255 4710.9 4710.9
57849.2570718 4699.2 4699.2
57849.2571065 4700.8 4700.8
57849.2571644 4700.9 4700.9
57849.2572338 4710.9 4710.9
57849.2572801 4661.4 4661.4
57849.2573264 4667.4 4667.4
57849.2573727 4658.8 4658.8
57849.2574421 4660.2 4660.2
57849.2574884 4656.4 4656.4
57849.2575347 4662.3 4662.3
57849.257581 4666.3 4666.3
57849.2576505 4691.7 4691.7
57849.2576968 4726.0 4726.0
57849.2577431 4734.1 4734.1
57849.2577894 4747.9 4747.9
57849.2578588 4814.0 4814.0
57849.2579051 4693.3 4693.3
57849.257963 4699.6 4699.6
57849.2579977 4711.2 4711.2
57849.2580671 4694.1 4694.1
57849.2581134 4708.7 4708.7
57849.2581713 4725.4 4725.4
57849.2582176 4724.3 4724.3
57849.258287 4701.7 4701.7
57849.2583218 4670.3 4670.3
57849.2583796 4678.1 4678.1
57849.2584259 4690.0 4690.0
57849.2584954 4711.9 4711.9
57849.2585417 4702.1 4702.1
57849.258588 4742.4 4742.4
57849.2586343 4773.3 4773.3
57849.2587037 4747.3 4747.3
57849.25875 4668.6 4668.6
57849.2587963 4663.8 4663.8
57849.2588426 4661.6 4661.6
57849.258912 4663.7 4663.7
57849.2589583 4665.1 4665.1
57849.2701157 4686.4 4686.4
57849.270162 4695.5 4695.5
57849.271875 618768.6 618768.6
57849.2719213 512955.8 512955.8
57849.2719676 546322.0 546322.0
57849.2720139 503535.6 503535.6
57849.2720833 409485.8 409485.8
57849.2721296 4939.0 4939.0
57849.2721759 4952.4 4952.4
57849.2722338 4871.4 4871.4
57849.2723032 4899.7 4899.7
57849.2723495 4808.4 4808.4
57849.2723843 4788.6 4788.6
57849.2724421 4886.8 4886.8
57849.2725116 4856.3 4856.3
57849.2725579 4784.5 4784.5
57849.2726042 4800.2 4800.2
57849.2726505 4812.2 4812.2
57849.2727199 4800.0 4800.0
57849.2727662 4790.4 4790.4
57849.2728125 4816.2 4816.2
57849.2728588 4811.1 4811.1
57849.2729282 4766.2 4766.2
57849.2729745 4762.6 4762.6
57849.2730208 4766.0 4766.0
57849.2730671 4775.5 4775.5
57849.2731366 4778.6 4778.6
57849.2731829 4768.5 4768.5
57849.2732407 4766.9 4766.9
57849.2732755 4770.7 4770.7
57849.2733449 4763.8 4763.8
57849.2733912 4777.5 4777.5
57849.2734491 4821.7 4821.7
57849.2734954 4783.1 4783.1
57849.2735648 4784.7 4784.7
57849.2735995 4882.6 4882.6
57849.2736574 4805.1 4805.1
57849.2737037 4783.2 4783.2
57849.2737731 4784.3 4784.3
57849.2738194 4816.6 4816.6
57849.2738657 4814.6 4814.6
57849.273912 4781.9 4781.9
57849.2739815 4799.1 4799.1
57849.2740278 4889.7 4889.7
57849.2740741 4813.5 4813.5
57849.2741204 4961.2 4961.2
57849.2741898 4861.7 4861.7
57849.2742361 4816.6 4816.6
57849.2742824 4874.1 4874.1
57849.2743287 4802.1 4802.1
57849.2743981 4786.3 4786.3
57849.274456 4809.8 4809.8
57849.2744907 4792.4 4792.4
57849.274537 4794.2 4794.2
57849.2746065 4789.4 4789.4
57849.2746644 4778.8 4778.8
57849.2747106 4776.9 4776.9
57849.2747454 4846.9 4846.9
57849.2748264 4803.4 4803.4
57849.2748727 4829.6 4829.6
57849.274919 4828.4 4828.4
57849.2749653 5024.5 5024.5
57849.2750347 4930.0 4930.0
57849.275081 4814.4 4814.4
57849.2751273 4824.6 4824.6
57849.2751736 4820.8 4820.8
57849.2752431 4808.6 4808.6
57849.2752894 4809.0 4809.0
57849.2753356 4812.4 4812.4
57849.2753819 4803.6 4803.6
57849.275463 4914.3 4914.3
57849.2754977 4912.2 4912.2
57849.275544 4919.4 4919.4
57849.2756019 4822.5 4822.5
57849.2756713 4920.9 4920.9
57849.2757176 4901.6 4901.6
57849.2757523 4811.3 4811.3
57849.2758102 4839.7 4839.7
57849.2758796 4856.1 4856.1
57849.2759259 4849.5 4849.5
57849.2759722 4863.1 4863.1
57849.2760185 4872.8 4872.8
57849.276088 4910.1 4910.1
57849.2761343 4925.4 4925.4
57849.2761806 4815.8 4815.8
57849.2762269 4826.0 4826.0
57849.2762963 4947.9 4947.9
57849.2763426 4846.0 4846.0
57849.2763889 86.8 86.8
57849.2764352 11.1 11.1
57849.2788194 462.8 462.8
57849.2788657 4204.0 4204.0
57849.278912 505553.2 505553.2
57849.2789583 513309.1 513309.1
57849.2790278 391147.7 391147.7
57849.2790741 5011.3 5011.3
57849.2791204 5285.8 5285.8
57849.2791782 5018.9 5018.9
57849.2792477 5010.3 5010.3
57849.279294 4767.2 4767.2
57849.2793287 4909.4 4909.4
57849.2793866 4968.8 4968.8
57849.279456 4743.5 4743.5
57849.2795023 4732.4 4732.4
57849.2795486 4736.0 4736.0
57849.2795949 4737.5 4737.5
57849.2796644 4756.3 4756.3
57849.2797106 4745.3 4745.3
57849.2797569 4742.1 4742.1
57849.2798032 4766.8 4766.8
57849.2798727 4774.4 4774.4
57849.279919 4756.1 4756.1
57849.2799653 4754.3 4754.3
57849.2800116 4771.1 4771.1
57849.280081 4767.5 4767.5
57849.2801273 4734.8 4734.8
57849.2801852 4740.4 4740.4
57849.2802199 4746.6 4746.6
57849.2802894 4745.8 4745.8
57849.2803356 4759.0 4759.0
57849.2803935 4862.6 4862.6
57849.2804398 4749.4 4749.4
57849.2805093 4742.9 4742.9
57849.280544 4741.0 4741.0
57849.2806019 4741.2 4741.2
57849.2806481 4828.8 4828.8
57849.2807176 4826.9 4826.9
57849.2807639 4742.5 4742.5
57849.2808102 4835.1 4835.1
57849.2808565 4908.8 4908.8
57849.2809259 4760.3 4760.3
57849.2809722 4840.0 4840.0
57849.2810185 4851.9 4851.9
57849.2810648 4763.1 4763.1
57849.2811343 4831.7 4831.7
57849.2811806 4758.6 4758.6
57849.2951157 5047.1 5047.1
57849.295162 4998.0 4998.0
57849.296875 254588.5 254588.5
57849.2969213 245943.0 245943.0
57849.2969676 522582.2 522582.2
57849.2970139 131819.1 131819.1
57849.2970833 402517.4 402517.4
57849.2971296 5542.8 5542.8
57849.2971759 5420.6 5420.6
57849.2972222 5382.1 5382.1
57849.2973032 5346.8 5346.8
57849.297338 5258.2 5258.2
57849.2973843 5203.2 5203.2
57849.2974421 5195.3 5195.3
57849.2975116 5208.2 5208.2
57849.2975579 5190.7 5190.7
57849.2975926 5200.7 5200.7
57849.2976505 5205.5 5205.5
57849.2977199 5186.9 5186.9
57849.2977662 5186.4 5186.4
57849.2978125 5217.6 5217.6
57849.2978588 5483.3 5483.3
57849.2979282 5371.0 5371.0
57849.2979745 5253.9 5253.9
57849.2980208 5381.7 5381.7
57849.2980671 5184.8 5184.8
57849.2981366 5333.3 5333.3
57849.2981829 5342.8 5342.8
57849.2982292 5305.6 5305.6
57849.2982755 5212.8 5212.8
57849.2983449 5260.1 5260.1
57849.2983912 5242.1 5242.1
57849.2984491 5342.3 5342.3
57849.2984838 5249.3 5249.3
57849.2985532 5218.1 5218.1
57849.2985995 5347.2 5347.2
57849.2986574 5223.8 5223.8
57849.2987037 5250.0 5250.0
57849.2987731 5366.8 5366.8
57849.2988194 5370.7 5370.7
57849.2988657 5297.2 5297.2
57849.298912 5447.3 5447.3
57849.2989815 5536.5 5536.5
57849.2990278 5309.6 5309.6
57849.2990741 5442.1 5442.1
57849.2991204 5476.0 5476.0
57849.2991898 5354.7 5354.7
57849.2992361 5279.7 5279.7
57849.2992824 5437.3 5437.3
57849.2993287 5488.0 5488.0
57849.2993981 5283.2 5283.2
57849.2994444 5230.2 5230.2
57849.2994907 5224.0 5224.0
57849.299537 5238.6 5238.6
57849.2996065 5272.3 5272.3
57849.2996644 5251.5 5251.5
57849.2997106 5253.9 5253.9
57849.2997454 5253.2 5253.2
57849.2998148 5273.9 5273.9
57849.2998727 5414.5 5414.5
57849.299919 5298.5 5298.5
57849.2999653 5258.0 5258.0
57849.3000347 5261.1 5261.1
57849.300081 5301.3 5301.3
57849.3001273 5277.0 5277.0
57849.3001736 5278.0 5278.0
57849.3002431 5337.6 5337.6
57849.3002894 5415.9 5415.9
57849.3003356 5267.9 5267.9
57849.3003819 5295.6 5295.6
57849.3004514 5639.0 5639.0
57849.3004977 5378.9 5378.9
57849.300544 5282.6 5282.6
57849.3006019 5290.6 5290.6
57849.3006713 5392.1 5392.1
57849.300706 5303.9 5303.9
57849.3007523 5314.4 5314.4
57849.3008102 5317.1 5317.1
57849.3008796 5296.0 5296.0
57849.3009259 5304.5 5304.5
57849.3009606 5381.2 5381.2
57849.3010185 5384.6 5384.6
57849.301088 5384.6 5384.6
57849.3011343 5322.3 5322.3
57849.3011806 5343.0 5343.0
57849.3012269 5492.1 5492.1
57849.3012963 5502.0 5502.0
57849.3013426 5391.0 5391.0
57849.3013889 5353.4 5353.4
57849.3014352 5384.4 5384.4
57849.3038194 452097.5 452097.5
57849.3038657 526112.5 526112.5
57849.303912 378349.5 378349.5
57849.3039583 450716.9 450716.9
57849.3040278 426876.1 426876.1
57849.3040741 5189.2 5189.2
57849.3041204 5067.2 5067.2
57849.3041667 5050.7 5050.7
57849.3042477 5008.8 5008.8
57849.3042824 4939.0 4939.0
57849.3043287 4924.2 4924.2
57849.3043866 4927.8 4927.8
57849.304456 4934.3 4934.3
57849.3045023 4926.9 4926.9
57849.304537 4930.2 4930.2
57849.3045949 4952.9 4952.9
57849.3046644 4946.3 4946.3
57849.3047106 5134.9 5134.9
57849.3047569 4956.2 4956.2
57849.3048032 4998.9 4998.9
57849.3048727 4983.0 4983.0
57849.304919 5052.3 5052.3
57849.3049653 5241.5 5241.5
57849.3050116 5163.7 5163.7
57849.305081 4999.4 4999.4
57849.3051273 4939.3 4939.3
57849.3051736 5047.1 5047.1
57849.3052199 4965.9 4965.9
57849.3052894 5068.5 5068.5
57849.3053356 5040.7 5040.7
57849.3053935 4939.3 4939.3
57849.3054282 4945.3 4945.3
57849.3054977 4952.5 4952.5
57849.305544 5047.2 5047.2
57849.3056019 5061.0 5061.0
57849.3056481 4940.8 4940.8
57849.3057176 4956.6 4956.6
57849.3057639 4963.7 4963.7
57849.3058102 5108.2 5108.2
57849.3058565 4988.1 4988.1
57849.3059259 5142.5 5142.5
57849.3059722 5137.2 5137.2
57849.3060185 5070.9 5070.9
57849.3060648 4972.6 4972.6
57849.3061343 5218.0 5218.0
57849.3061806 4961.4 4961.4
57849.317338 6005.9 6005.9
57849.3173843 5467.4 5467.4
57849.3190972 349112.4 349112.4
57849.3191435 312107.5 312107.5
57849.3191898 640932.5 640932.5
57849.3192361 1107102.8 1107102.8
57849.3193056 520518.1 520518.1
57849.3193519 6186.2 6186.2
57849.3193981 6152.9 6152.9
57849.3194444 6080.4 6080.4
57849.3195255 6051.5 6051.5
57849.3195602 6000.9 6000.9
57849.3196065 6016.6 6016.6
57849.3196644 6063.9 6063.9
57849.3197338 6012.6 6012.6
57849.3197801 5949.1 5949.1
57849.3198148 5980.3 5980.3
57849.3198727 5981.2 5981.2
57849.3199421 5963.5 5963.5
57849.3199884 5957.2 5957.2
57849.3200347 6152.0 6152.0
57849.320081 6394.0 6394.0
57849.3201505 5960.1 5960.1
57849.3201968 5969.5 5969.5
57849.3202431 5989.5 5989.5
57849.3202894 6428.5 6428.5
57849.3203588 5990.0 5990.0
57849.3204051 5953.4 5953.4
57849.3204514 5970.2 5970.2
57849.3204977 6213.4 6213.4
57849.3205671 6234.7 6234.7
57849.3206134 6071.1 6071.1
57849.3206713 6277.6 6277.6
57849.320706 6042.8 6042.8
57849.3207755 6014.2 6014.2
57849.3208218 6236.5 6236.5
57849.3208796 6036.8 6036.8
57849.3209259 6059.0 6059.0
57849.3209954 6321.4 6321.4
57849.3210417 6021.0 6021.0
57849.321088 6227.9 6227.9
57849.3211343 6250.8 6250.8
57849.3212037 6193.4 6193.4
57849.32125 6006.8 6006.8
57849.3212963 6812.6 6812.6
57849.3213426 6272.9 6272.9
57849.321412 6049.9 6049.9
57849.3214583 6051.6 6051.6
57849.3215046 6063.1 6063.1
57849.3215509 6077.8 6077.8
57849.3216204 6099.3 6099.3
57849.3216667 6049.7 6049.7
57849.321713 6047.8 6047.8
57849.3217593 6056.0 6056.0
57849.3218287 6195.8 6195.8
57849.3218866 6295.6 6295.6
57849.3219329 6118.4 6118.4
57849.3219676 6328.6 6328.6
57849.322037 6171.9 6171.9
57849.3220949 6105.6 6105.6
57849.3221412 6095.5 6095.5
57849.3221875 6092.7 6092.7
57849.3222569 6304.7 6304.7
57849.3223032 6360.1 6360.1
57849.3223495 6394.8 6394.8
57849.3223958 6172.0 6172.0
57849.3224653 6143.4 6143.4
57849.3225116 6097.4 6097.4
57849.3225579 6114.9 6114.9
57849.3226042 6126.5 6126.5
57849.3226736 6378.1 6378.1
57849.3227199 6130.9 6130.9
57849.3227662 6146.4 6146.4
57849.3228241 6500.9 6500.9
57849.3228935 6767.1 6767.1
57849.3229282 6692.5 6692.5
57849.3229745 6116.2 6116.2
57849.3230324 6138.9 6138.9
57849.3231019 6167.6 6167.6
57849.3231481 6578.6 6578.6
57849.3231829 6172.2 6172.2
57849.3232407 6404.7 6404.7
57849.3233102 6302.0 6302.0
57849.3233565 6906.7 6906.7
57849.3234028 6358.8 6358.8
57849.3234491 6242.1 6242.1
57849.3235185 6357.6 6357.6
57849.3235648 6300.2 6300.2
57849.3236111 6798.1 6798.1
57849.3236574 6348.5 6348.5
57849.3260417 357207.9 357207.9
57849.326088 385130.3 385130.3
57849.3261343 445568.2 445568.2
57849.3261806 408841.8 408841.8
57849.32625 338072.6 338072.6
57849.3262963 5469.4 5469.4
57849.3263426 5445.2 5445.2
57849.3263889 5424.8 5424.8
57849.3264699 5325.9 5325.9
57849.3265046 5281.3 5281.3
57849.3265509 5261.9 5261.9
57849.3266088 5270.3 5270.3
57849.3266782 5249.6 5249.6
57849.3267245 5226.0 5226.0
57849.3267593 5232.1 5232.1
57849.3268171 5230.2 5230.2
57849.3268866 5432.0 5432.0
57849.3269329 5346.8 5346.8
57849.3269792 5367.0 5367.0
57849.3270255 5368.7 5368.7
57849.3270949 5533.4 5533.4
57849.3271412 5434.9 5434.9
57849.3271875 5244.6 5244.6
57849.3272338 5255.4 5255.4
57849.3273032 5307.5 5307.5
57849.3273495 5323.1 5323.1
57849.3273958 5428.0 5428.0
57849.3274421 5435.9 5435.9
57849.3275116 5422.9 5422.9
57849.3275579 5228.8 5228.8
57849.3276157 5357.3 5357.3
57849.3276505 5344.5 5344.5
57849.3277199 5448.7 5448.7
57849.3277662 5362.6 5362.6
57849.3278241 5389.0 5389.0
57849.3278704 5489.5 5489.5
57849.3279398 5270.7 5270.7
57849.3279861 5359.2 5359.2
57849.3280324 5429.5 5429.5
57849.3280787 5259.0 5259.0
57849.3281481 5244.0 5244.0
57849.3281944 5236.6 5236.6
57849.3282407 5473.5 5473.5
57849.328287 5243.2 5243.2
57849.3283565 5247.7 5247.7
57849.3284028 5248.3 5248.3
