57849.04484490741 72.1697064617741 0.0 73.06039963750752 0.0
57849.04584490741 72.1697064617741 0.0 73.06039963750752 0.0
57849.07145833333 69.2001743174144 0.0 70.25024637241222 0.0
57849.10980324074 66.59829715433047 0.0 67.69618096072087 0.0
57849.135196759256 65.75956495601412 0.0 67.02750105319382 0.0
57849.161157407405 65.16853530878765 0.0 66.48201541317347 0.0
57849.185069444444 66.0664923430761 0.0 67.223587654777 0.0
57849.18613425926 65.02287847232498 0.0 66.29988808630382 0.0
57849.21115740741 64.91714246054396 0.0 66.18785365271974 0.0
57849.23201388889 65.94717864301943 0.0 69.60862458767002 0.0
57849.23375 65.1923460952337 0.0 66.46868720085517 0.0
57849.25717592592 66.20161671936452 0.0 69.87970518766794 0.0
57849.2583912037 65.52165225315123 0.0 66.75572096870262 0.0
57849.280543981484 65.92011805921534 0.0 67.05856874873042 0.0
57849.30420138889 66.91319376168279 0.0 70.47834643140493 0.0
57849.3055787037 66.4476185963191 0.0 67.52907790114928 0.0
57849.326469907406 67.65820794496175 0.0 71.19553276869237 0.0
57849.32778935185 67.42322897897947 0.0 68.46212602834149 0.0
57849.32878935185 67.42322897897947 0.0 68.46212602834149 0.0
