57849.03263425926 75.16291396934818 0.0 73.01042662410165 0.0
57849.033634259256 75.16291396934818 0.0 73.01042662410165 0.0
57849.0584375 71.84092417035171 0.0 69.61748710789516 0.0
57849.083391203705 69.82373912541884 0.0 67.5049348267335 0.0
57849.09724537037 69.04077385830143 0.0 66.7181719109646 0.0
57849.122349537036 67.99978447724892 0.0 65.62944856716967 0.0
57849.14879629629 67.47741087500175 0.0 65.06161065551439 0.0
57849.17361111111 67.23841706125586 0.0 64.85667507112935 0.0
57849.20018518518 67.2129975248992 0.0 64.80369117128342 0.0
57849.22091435185 70.14705071499026 0.0 65.30901889263036 0.0
57849.22225694444 67.39434121559631 0.0 65.02117813273789 0.0
57849.24730324074 67.79776376327207 0.0 65.46139190490992 0.0
57849.26944444444 68.28339814545753 0.0 65.94788303837804 0.0
57849.29445601852 69.07049165134723 0.0 66.85970709397633 0.0
57849.3153125 71.45280928236218 0.0 66.68824029940188 0.0
57849.31699074074 70.14351777617888 0.0 67.97435354885411 0.0
57849.31799074074 70.14351777617888 0.0 67.97435354885411 0.0
