57849.1462337963 136.3735389551576 0.0 134.2571604343696 0.0
57849.1472337963 136.3735389551576 0.0 134.2571604343696 0.0
57849.17223379629 135.06011953309797 0.0 132.92123505793867 0.0
57849.19862268519 129.21445553770263 0.0 126.73542494406419 0.0
57849.22084490741 127.59487283809338 0.0 124.84374528848515 0.0
57849.245844907404 127.59487283809338 0.0 124.84374528848515 0.0
57849.26806712963 125.71837543794854 0.0 122.19487853536926 0.0
57849.29306712963 124.05315786960551 0.0 120.47891741686313 0.0
57849.31528935185 124.76954394743478 0.0 121.21730380282125 0.0
57849.316289351846 124.76954394743478 0.0 121.21730380282125 0.0
