57849.365770833334 70.10418634089811 0.0 73.59545438034009 0.0
57849.36677083333 70.10418634089811 0.0 73.59545438034009 0.0
57849.36746527778 66.09128451089478 0.0 69.73387657133846 0.0
57849.40277777778 64.96419440921656 0.0 66.2128990212245 0.0
57849.44515046296 64.76588274605751 0.0 65.99209961456341 0.0
57849.4465625 64.36277159750817 0.0 65.60305890841543 0.0
57849.49047453704 64.47197048003477 0.0 65.72828471715182 0.0
57849.54168981482 67.51883673693594 0.0 71.05183756803811 0.0
57849.543032407404 64.80914499646835 0.0 66.02885805580652 0.0
57849.61038194445 67.3693538711112 0.0 68.42324711084902 0.0
57849.6159837963 67.2863040915766 0.0 68.36389218591707 0.0
57849.616983796295 67.2863040915766 0.0 68.36389218591707 0.0
