57849.472611111116 256.5859770844144 0.0 227.24207585515725 0.0
57849.47361111111 256.5859770844144 0.0 227.24207585515725 0.0
57849.47430555556 256.18580919162724 0.0 226.70995257686107 0.0
57849.475 255.35816456066607 0.0 225.82029402780697 0.0
57849.475694444445 254.9662569984354 0.0 225.27328281012808 0.0
57849.47638888889 253.85853510204427 0.0 224.23897271240983 0.0
57849.47708333333 252.98221281347034 0.0 223.67648251697995 0.0
57849.47777777778 252.35514039368582 0.0 222.5472370695101 0.0
57849.478472222225 251.37027069049552 0.0 221.61157079829633 0.0
57849.48125 249.76352452233328 0.0 220.5070897349485 0.0
57849.481944444444 248.36086020771646 0.0 219.39704860153643 0.0
57849.48263888889 248.50723159667638 0.0 219.18384621490344 0.0
57849.48333333333 247.75878508019767 0.0 218.7805637275283 0.0
57849.48402777778 247.47556615584463 0.0 218.18614714320157 0.0
57849.48472222222 246.68714083742884 0.0 217.64978422095567 0.0
57849.48541666667 245.6742643335768 0.0 216.84275229017737 0.0
57849.48611111111 245.2933573679303 0.0 216.2610255428175 0.0
57849.49444444444 237.35008939342097 0.0 208.426386145225 0.0
57849.49513888889 236.93935878249468 0.0 207.82735092428953 0.0
57849.495833333334 236.67062980646122 0.0 207.46459563395015 0.0
57849.49652777778 236.1597522259637 0.0 207.0635764090939 0.0
57849.49722222222 235.6422558185877 0.0 206.66177902333783 0.0
57849.49791666667 234.93021898471852 0.0 205.95044164940364 0.0
57849.498611111114 234.79197756156987 0.0 205.5970084172673 0.0
57849.49930555555 234.14946941211298 0.0 205.1290376273483 0.0
57849.50208333333 232.1609383567815 0.0 203.55923864163876 0.0
57849.50277777778 231.44380260925925 0.0 202.85622827670178 0.0
57849.50347222222 230.82010761179814 0.0 202.36908546822747 0.0
57849.504166666666 230.1213683164694 0.0 201.92579323609445 0.0
57849.50486111111 229.73728643653118 0.0 201.24934459843266 0.0
57849.50555555556 229.3412361469315 0.0 200.79064499344364 0.0
57849.50625 229.09760864250478 0.0 200.3827506379897 0.0
57849.506944444445 228.37654029222037 0.0 199.81809909833675 0.0
57849.51527777778 224.31425081096188 0.0 195.93266800003104 0.0
57849.51597222222 224.0767493748283 0.0 195.66735620873064 0.0
57849.51666666667 224.0535650240808 0.0 195.44820285692063 0.0
57849.51736111111 223.63583570838333 0.0 195.0757428655481 0.0
57849.518055555556 223.21732465463793 0.0 194.8692535368932 0.0
57849.51875 222.96118117665304 0.0 194.56912102680337 0.0
57849.51944444444 222.99612715756462 0.0 194.642529488584 0.0
57849.52013888889 222.42465527168358 0.0 194.2551542046309 0.0
57849.52638888889 220.91897791994876 0.0 192.7046053810467 0.0
57849.527083333334 220.589528898677 0.0 192.52930288019138 0.0
57849.52777777778 220.41872784410944 0.0 192.07006297418943 0.0
57849.52847222222 220.3480128189196 0.0 191.9550813256926 0.0
57849.52916666667 220.50120004385286 0.0 192.05653929432938 0.0
57849.529861111114 220.4305114760894 0.0 191.94831555435917 0.0
57849.53055555555 220.2772750922753 0.0 191.63683185827125 0.0
57849.53125 220.15342937944996 0.0 191.3723507285643 0.0
57849.53402777778 219.0356669052403 0.0 190.74699364450174 0.0
57849.53472222222 218.4895016646391 0.0 190.5630754219865 0.0
57849.535416666666 218.51921963673894 0.0 190.3448681503361 0.0
57849.53611111111 218.37058933316612 0.0 190.14690151523413 0.0
57849.53680555556 218.13852384302865 0.0 189.85982525735466 0.0
57849.5375 218.1682896238649 0.0 190.14690151523413 0.0
57849.538194444445 218.02537681440876 0.0 189.90086272141488 0.0
57849.53888888889 217.88833074610645 0.0 189.64765689623948 0.0
57849.54722222222 216.9086228100456 0.0 188.77596148970778 0.0
57849.54791666667 217.11209624906286 0.0 188.89287832133712 0.0
57849.54861111111 217.08218564561054 0.0 188.72779821261577 0.0
57849.549305555556 216.83077368211462 0.0 188.52813355798423 0.0
57849.55 216.81879441226863 0.0 188.50057700831456 0.0
57849.55069444444 216.68098520786117 0.0 188.3351530387513 0.0
57849.55138888889 216.5730733583843 0.0 188.1488772222678 0.0
57849.552083333336 216.20096471305845 0.0 188.03840447749377 0.0
57849.55486111111 215.60545977714546 0.0 187.73426923222047 0.0
57849.555555555555 215.47892897257688 0.0 187.65815840400975 0.0
57849.55625 215.23771214002608 0.0 187.2910090685671 0.0
57849.55694444444 215.29200949094545 0.0 187.32567653930704 0.0
57849.55763888889 215.0505829956135 0.0 186.9439807751294 0.0
57849.558333333334 214.7907468562483 0.0 186.90229408026948 0.0
57849.55902777778 214.427658615256 0.0 186.64502038994675 0.0
57849.55972222222 214.36102572680826 0.0 186.59630708613133 0.0
57849.56805555556 212.7372625027004 0.0 185.01667176546232 0.0
57849.56875 212.79219788450771 0.0 185.00965225785228 0.0
57849.569444444445 212.57848054215268 0.0 184.9043276659862 0.0
57849.57013888889 212.63956455839636 0.0 184.9394425280811 0.0
57849.57083333333 212.52960068854213 0.0 184.7075610712326 0.0
57849.57152777778 212.72505271346873 0.0 185.26218697315952 0.0
57849.572222222225 212.26056028981327 0.0 184.45426702404208 0.0
57849.572916666664 212.11366715091177 0.0 184.41905978067888 0.0
57849.57916666667 210.71307505705477 0.0 182.9342369949788 0.0
57849.57986111111 210.52192408269624 0.0 182.7637748641601 0.0
57849.580555555556 210.33059938810862 0.0 182.60026599886743 0.0
57849.58125 210.32442472609696 0.0 182.57181472633593 0.0
57849.58194444444 210.1143782515893 0.0 182.2229261240056 0.0
57849.58263888889 210.18853626975184 0.0 182.2157989928354 0.0
57849.583333333336 210.20089339585496 0.0 182.25143186154781 0.0
57849.584027777775 209.9350548925245 0.0 181.873368248136 0.0
57849.586805555555 210.0092762329705 0.0 181.873368248136 0.0
57849.5875 210.04019405076525 0.0 182.0089907869189 0.0
57849.58819444444 210.07110731814151 0.0 182.09459508299952 0.0
57849.58888888889 209.77415189959606 0.0 181.69476330645034 0.0
57849.589583333334 209.8669956047302 0.0 181.98758342117884 0.0
57849.59027777778 209.87937166227331 0.0 181.9947194895443 0.0
57849.59097222222 209.67507330065814 0.0 181.88050879772544 0.0
57849.59166666667 209.63790675364973 0.0 181.6518719898108 0.0
57849.59444444445 209.56975096487687 0.0 181.6733189139088 0.0
57849.595138888886 209.58834110530273 0.0 181.6518719898108 0.0
57849.59583333333 209.34033682827737 0.0 181.53029155831473 0.0
57849.59652777778 209.56355388493276 0.0 181.6590212458495 0.0
57849.59722222222 209.1913931332715 0.0 181.27972214877664 0.0
57849.597916666666 209.1479312421166 0.0 181.35134873584946 0.0
57849.59861111111 209.21001689410372 0.0 181.58751601920758 0.0
57849.59930555556 209.2844953645635 0.0 181.98044707298396 0.0
57849.60138888889 208.79991043437397 0.0 181.13638400495248 0.0
57849.60208333333 208.91183749169372 0.0 181.1650607064707 0.0
57849.60277777778 208.96777853901895 0.0 181.34418735022714 0.0
57849.603472222225 208.86209953789276 0.0 181.17939735514636 0.0
57849.604166666664 208.87453513669738 0.0 181.12204395157096 0.0
57849.60486111111 208.88075265846976 0.0 181.26539343499314 0.0
57849.60555555556 208.76880893566351 0.0 181.33702568178646 0.0
57849.60625 208.60700639451954 0.0 181.01445734038418 0.0
57849.607249999994 208.60700639451954 0.0 181.01445734038418 0.0
