57848.53860648149 312.8454011368874 0.0 510.89343673118367 0.0
57848.539606481485 312.8454011368874 0.0 510.89343673118367 0.0
57848.539722222224 226.3643732659802 0.0 803.0549604398194 0.0
57848.53983796296 136.71000533903873 0.0 159.18686920251935 0.0
57848.53996527778 371.82509307872164 0.0 1375.1280393548814 0.0
57848.54008101852 191.4999525469915 0.0 188.79511369842174 0.0
57848.54019675926 134.67072430524757 0.0 150.5517808001619 0.0
57848.54027777778 141.18028423508716 0.0 153.10275743597828 0.0
57848.54032407407 148.92595037534593 0.0 155.89004665885503 0.0
57848.54043981482 264.7189876965761 0.0 527.00075590553 0.0
57848.540555555555 136.72273267273442 0.0 157.38481199435986 0.0
57848.54068287037 148.05114732551044 0.0 166.57196450513513 0.0
57848.54079861111 191.64947648167472 0.0 262.3825762130557 0.0
57848.540914351855 161.965487072092 0.0 163.63531405751021 0.0
57848.540972222225 147.04692922125236 0.0 159.96456154411203 0.0
57848.541041666664 135.61773222812715 0.0 156.6045427917083 0.0
57848.54115740741 144.90092920992606 0.0 164.71952940711068 0.0
57848.54127314815 149.1745813377735 0.0 182.60317550606834 0.0
57848.541400462964 144.33413546801742 0.0 197.50406938212691 0.0
57848.5415162037 264.24072885987886 0.0 214.05504945901183 0.0
57848.54163194444 632.5007572311673 0.0 598.5338598926546 0.0
57848.541666666664 257.58337713563736 0.0 277.1313012210999 0.0
57848.579872685186 107.41030499537742 0.0 119.03832854967345 0.0
57848.579988425925 111.03657959744618 0.0 122.35339283771414 0.0
57848.58011574074 110.56196266166769 0.0 123.7122637340373 0.0
57848.58023148148 108.09826645927306 0.0 119.60108508955928 0.0
57848.580347222225 113.52156927077779 0.0 123.46397387173313 0.0
57848.58047453704 109.520906427951 0.0 122.275391922496 0.0
57848.580555555556 108.86545967936755 0.0 120.56280251221767 0.0
57848.58059027778 108.23171518967996 0.0 118.94692404177587 0.0
57848.58070601852 107.39922526815545 0.0 118.96640439930931 0.0
57848.58083333333 110.96309386007583 0.0 122.8104535196414 0.0
57848.58094907407 116.49918840146483 0.0 129.7288654471317 0.0
57848.58106481482 107.9865222280077 0.0 119.9307632302905 0.0
57848.581192129626 116.06205163575216 0.0 129.5737062555517 0.0
57848.58125 111.53068910349295 0.0 123.77469844923881 0.0
57848.58130787037 107.46242821470209 0.0 118.64314394097958 0.0
57848.58142361111 109.1230347314443 0.0 121.53201840831905 0.0
57848.58155092593 114.11706333936218 0.0 127.97287541741024 0.0
57848.581666666665 112.70820916552618 0.0 124.71875334848404 0.0
57848.581782407404 110.5523563412377 0.0 123.31616279831286 0.0
57848.58190972222 114.70872079619753 0.0 126.79308336695658 0.0
57848.58194444444 113.13109426280646 0.0 124.76300278728466 0.0
57848.62372685185 98.58153978899904 0.0 109.11359654323562 0.0
57848.62384259259 103.406046112401 0.0 113.03447516178416 0.0
57848.62396990741 101.72125068588176 0.0 114.73699078675543 0.0
57848.624085648145 99.23009510294747 0.0 110.9517028251482 0.0
57848.62420138889 102.00363723612998 0.0 112.56787669224289 0.0
57848.62430555555 117.38784024250553 0.0 129.47028177269098 0.0
57848.62432870371 143.05703274568504 0.0 157.61987541994824 0.0
57848.624444444446 125.87190979563312 0.0 152.39276003012742 0.0
57848.624560185184 138.40371630595763 0.0 158.53295345889447 0.0
57848.6246875 116.36710773582027 0.0 135.96333327886603 0.0
57848.62480324074 101.78236557921024 0.0 114.1049856158792 0.0
57848.624918981484 100.71578915989289 0.0 111.29173323162867 0.0
57848.625 100.09761721889288 0.0 110.79665874700375 0.0
57848.6250462963 99.35400156963986 0.0 110.15464770766597 0.0
57848.62516203704 98.46263438259206 0.0 109.47213410772625 0.0
57848.62527777778 102.03050893629806 0.0 114.26665451434202 0.0
57848.62540509259 99.67578727579733 0.0 110.52337373424682 0.0
57848.62552083333 106.4367735470218 0.0 115.4530082622363 0.0
57848.62563657408 98.92056624625639 0.0 108.90780635381469 0.0
57848.62569444445 102.08973596449351 0.0 113.37573543267536 0.0
57848.64309027778 97.28337446819985 0.0 108.21987457255715 0.0
57848.64320601852 108.15157369405219 0.0 124.92936565275596 0.0
57848.64332175926 98.19315466594401 0.0 107.70476162408049 0.0
57848.64344907407 101.53665676739608 0.0 115.03967382385957 0.0
57848.64356481482 97.45604677981763 0.0 108.34141516566967 0.0
57848.64368055556 97.14901002151282 0.0 108.07107515935982 0.0
57848.64375 97.6568171840553 0.0 108.59390093693108 0.0
57848.64380787037 98.25573963753975 0.0 109.23824696414714 0.0
57848.64392361111 96.82392041474048 0.0 108.0807936226414 0.0
57848.64403935185 97.21294246565115 0.0 107.59075752823753 0.0
57848.644166666665 96.70638350791533 0.0 107.0723318378749 0.0
57848.644282407404 96.9360888710701 0.0 107.31190059261834 0.0
57848.64439814815 98.43483115163046 0.0 109.04123153468142 0.0
57848.64444444444 102.70434289405682 0.0 113.49768989411194 0.0
57848.644525462965 107.42140962536286 0.0 118.33548924604149 0.0
57848.644641203704 99.25893745069006 0.0 111.01896634134187 0.0
57848.64475694444 108.55849008806267 0.0 121.76679220707098 0.0
57848.64488425926 96.89630517202399 0.0 107.5123627091322 0.0
57848.645 112.90997561597469 0.0 126.23593537182667 0.0
57848.64511574074 101.46151050225893 0.0 111.99732427696654 0.0
57848.64513888889 102.13388465881438 0.0 112.72417141278973 0.0
57848.65766203704 101.90121645348499 0.0 112.57183271094061 0.0
57848.657789351855 102.30331874235557 0.0 114.93860626786807 0.0
57848.657905092594 98.94143321308825 0.0 108.84169587846378 0.0
57848.65802083333 98.52608671291071 0.0 109.30696311809234 0.0
57848.65814814815 97.9896731823308 0.0 107.46107640536643 0.0
57848.65826388889 95.58066425653256 0.0 106.39623307382644 0.0
57848.65833333333 95.49195501245119 0.0 106.01083957218715 0.0
57848.65837962963 95.51039841106308 0.0 105.76009920239296 0.0
57848.65850694444 95.65589703761081 0.0 106.01549415297747 0.0
57848.65862268519 96.05950261660738 0.0 107.0051383495204 0.0
57848.658738425926 97.21893367832214 0.0 106.95993049922947 0.0
57848.658854166664 96.80146730979857 0.0 107.37449883841136 0.0
57848.65898148148 95.95901727404257 0.0 106.13248545944828 0.0
57848.65902777778 96.30160366966896 0.0 107.04948639717988 0.0
57848.659097222226 96.48398761535512 0.0 107.77896537868602 0.0
57848.659212962964 96.10522127210363 0.0 106.21276430777988 0.0
57848.65934027778 98.68969752760417 0.0 109.67630062096369 0.0
57848.65945601852 111.4415027177936 0.0 122.91087429800506 0.0
57848.65957175926 107.40816737892888 0.0 119.98625150199501 0.0
57848.65969907407 127.38973540360305 0.0 137.04281099495878 0.0
57848.65972222222 115.72830555745642 0.0 126.78963693259793 0.0
57848.67989583333 101.34195596987459 0.0 106.33666184858353 0.0
57848.68001157408 107.56932293316714 0.0 106.94469721636506 0.0
57848.680127314816 123.12366835625066 0.0 113.2558888822122 0.0
57848.68025462963 97.29568984831754 0.0 111.66559333698093 0.0
57848.68037037037 99.06820220908423 0.0 105.33529152045861 0.0
57848.68048611111 94.98530107995657 0.0 104.94965578123636 0.0
57848.680555555555 94.51597342470743 0.0 104.75067491429351 0.0
57848.680613425924 94.29956121265889 0.0 104.8221050737868 0.0
57848.68072916667 144.31445114783205 0.0 163.3472996131249 0.0
57848.68084490741 114.13780087771097 0.0 132.55581112497484 0.0
57848.680972222224 95.6522632800709 0.0 108.15852516699735 0.0
57848.68108796296 100.39203309376695 0.0 112.23872151935801 0.0
57848.6812037037 100.34387879138418 0.0 111.56382074714006 0.0
57848.68125 100.25024712238869 0.0 111.01303346589535 0.0
57848.68131944445 100.02311124335215 0.0 110.30798067501735 0.0
57848.681446759256 94.16757374271677 0.0 103.98978287697305 0.0
57848.6815625 94.5117750154974 0.0 105.278196157609 0.0
57848.68167824074 98.10649923323123 0.0 108.45029786957711 0.0
57848.681805555556 97.03414599608737 0.0 107.49601469449927 0.0
57848.681921296295 94.71146200270589 0.0 105.46026533391617 0.0
57848.68194444444 95.08111132249138 0.0 105.85960991662495 0.0
57848.68203703704 95.51503722121456 0.0 106.34976617463717 0.0
57848.68216435185 95.12623160989823 0.0 104.59093080473086 0.0
57848.682280092595 93.6723602234405 0.0 104.29069702902557 0.0
57848.68239583333 93.60020787621147 0.0 103.94081405684679 0.0
57848.68252314815 93.93373778286478 0.0 104.10529190583925 0.0
57848.68263888889 94.33260100463677 0.0 104.55409904685708 0.0
57848.68622685185 100.50433667210584 0.0 111.92851519876426 0.0
57848.68634259259 95.33480399250843 0.0 104.6018241580901 0.0
57848.68645833333 96.61831924335054 0.0 107.01146127822011 0.0
57848.686585648145 95.05889828017153 0.0 104.96034631754985 0.0
57848.68670138889 96.4874685441068 0.0 106.63434432630042 0.0
57848.68680555555 96.48835884784236 0.0 106.56940909801462 0.0
57848.68681712963 96.53541621519017 0.0 106.54623879518226 0.0
57848.686944444446 97.90211806350258 0.0 109.8347992213761 0.0
57848.687060185184 100.28713315774861 0.0 110.93340531868658 0.0
57848.68717592592 100.27598912850473 0.0 113.03104382071325 0.0
57848.68730324074 99.18586217153128 0.0 109.85925276143107 0.0
57848.687418981484 98.73016327976977 0.0 110.82028661711718 0.0
57848.6875 97.59587116820056 0.0 109.33327123890513 0.0
57848.68753472222 96.48575979319436 0.0 107.89918407939886 0.0
57848.68766203704 94.24230847867639 0.0 104.33169286942487 0.0
57848.68777777778 98.43916859136915 0.0 108.9310610748835 0.0
57848.687893518516 102.92363830335576 0.0 117.54151599881635 0.0
57848.68802083333 94.36584653029931 0.0 104.80898129263541 0.0
57848.68813657408 104.99122723399323 0.0 117.65668972948372 0.0
57848.68819444445 107.90295152775016 0.0 119.6251863618193 0.0
57848.688252314816 111.11246895465874 0.0 121.74306558937967 0.0
57848.68837962963 102.35321325537367 0.0 112.83948801682858 0.0
57848.68849537037 100.08892979395874 0.0 109.9808715982011 0.0
57848.68861111111 95.68600751651205 0.0 106.24505669441756 0.0
57848.688738425924 94.5557661823963 0.0 104.89459281154582 0.0
57848.68885416666 94.95820513852397 0.0 105.62678127681446 0.0
57848.688888888886 94.72111781561702 0.0 105.21142923323492 0.0
57848.69100694444 114.97334631078631 0.0 128.9773250606478 0.0
57848.69112268519 98.28288927580427 0.0 108.21498643395009 0.0
57848.69123842593 96.38333713303354 0.0 106.2080502043042 0.0
57848.69136574074 96.34872733010022 0.0 105.6481493240653 0.0
57848.69148148148 96.46099127740705 0.0 107.66702091634188 0.0
57848.69159722222 98.84047670473873 0.0 109.17431576108 0.0
57848.691666666666 97.74133467571436 0.0 107.36767026623983 0.0
57848.691724537035 96.63105538593688 0.0 105.5708140515171 0.0
57848.69184027778 97.64557037751379 0.0 109.73792969980799 0.0
57848.69195601852 94.54820011131888 0.0 104.55086153016626 0.0
57848.692083333335 95.29035317376047 0.0 105.52799412336046 0.0
57848.692199074074 97.00317284192306 0.0 106.48677369232293 0.0
57848.69231481481 94.92105434812659 0.0 105.28124170762804 0.0
57848.69236111111 96.15102646877983 0.0 106.12021496491609 0.0
57848.69244212963 97.4791376997663 0.0 107.05358297039852 0.0
57848.692557870374 102.73269255986625 0.0 114.00811580804236 0.0
57848.69267361111 117.27766827320536 0.0 133.43535601293985 0.0
57848.69280092593 120.3487697365453 0.0 138.52481304661632 0.0
57848.69291666667 98.90305258565077 0.0 108.88290608355382 0.0
57848.693032407406 98.62593592610415 0.0 107.61015410080965 0.0
57848.69305555556 100.15705709035184 0.0 109.24924710770321 0.0
57848.69315972222 101.75693457155636 0.0 110.94252962277362 0.0
57848.69327546296 99.96485050556521 0.0 109.74269665449268 0.0
57848.693391203706 97.00748353075653 0.0 106.2359374030276 0.0
57848.69351851852 103.94573857547023 0.0 113.38866857098199 0.0
57848.69363425926 103.63617179392531 0.0 113.85480137701704 0.0
57848.69375 97.74793565308681 0.0 107.45132638595021 0.0
57848.69590277778 98.92761565503335 0.0 111.12266579820698 0.0
57848.696018518516 100.01371713870053 0.0 109.6103784470248 0.0
57848.69614583333 95.00561358188263 0.0 105.25796508578341 0.0
57848.69626157408 96.10779417716338 0.0 106.93543730260797 0.0
57848.696377314816 99.07678318153047 0.0 111.62512693117083 0.0
57848.69650462963 96.4735178380575 0.0 107.05958120971705 0.0
57848.69652777778 96.49747833047245 0.0 106.90713294163304 0.0
57848.69662037037 96.54199003967135 0.0 106.79038926982147 0.0
57848.69673611111 107.1816896489321 0.0 119.17123731588927 0.0
57848.696863425925 94.88120440893444 0.0 105.06742405950571 0.0
57848.69697916666 102.69567801032329 0.0 114.41924141594367 0.0
57848.69709490741 107.3691871972588 0.0 120.40412782791128 0.0
57848.697222222225 94.88037145943306 0.0 105.16180345020715 0.0
57848.69733796296 105.43214620835526 0.0 114.43513067279645 0.0
57848.6974537037 99.91747210903607 0.0 111.14195842525 0.0
57848.69758101852 105.05606569922557 0.0 116.68281657167863 0.0
57848.697696759256 115.65763292321004 0.0 128.0684271297965 0.0
57848.6978125 100.09438268104759 0.0 110.6695997150979 0.0
57848.697916666664 97.64789954766051 0.0 108.54613208124921 0.0
57848.69793981482 95.41597681698805 0.0 106.58365229902755 0.0
57848.69805555556 95.62555153435719 0.0 105.83386490060731 0.0
57848.698171296295 95.07009409220126 0.0 105.89621481903875 0.0
57848.69829861111 124.48407886553204 0.0 136.07155379064355 0.0
57848.69841435185 111.32737268165452 0.0 123.60662700518932 0.0
57848.698530092595 149.24174506249918 0.0 164.65340625598972 0.0
57848.69861111111 122.44162610199196 0.0 139.1915879013527 0.0
57848.70079861111 101.50716068041703 0.0 113.56787276954694 0.0
57848.70092592593 95.76555175823925 0.0 106.14524906325295 0.0
57848.70104166667 112.44360438459806 0.0 123.81343541191319 0.0
57848.701157407406 98.46771881855494 0.0 108.94932716084115 0.0
57848.70128472222 97.45273149901956 0.0 109.75378273936622 0.0
57848.70138888889 96.5947618251114 0.0 108.23580580565749 0.0
57848.70140046296 95.7395551137564 0.0 106.75305300271276 0.0
57848.701516203706 97.23099528452848 0.0 108.89641216954763 0.0
57848.70164351852 98.60838644293902 0.0 109.73089767608757 0.0
57848.70175925926 97.90480187238009 0.0 108.68632190068813 0.0
57848.701875 99.08860209953514 0.0 110.58108380595661 0.0
57848.702002314814 95.26594475320128 0.0 105.67898706460049 0.0
57848.70208333333 96.86178245639505 0.0 107.12491385247411 0.0
57848.70211805555 98.64922110371677 0.0 108.76306505473262 0.0
57848.7022337963 97.21476214814291 0.0 108.48424787405773 0.0
57848.702361111114 100.87695513346941 0.0 113.0668244574862 0.0
57848.70247685185 96.68372396422265 0.0 107.27333497099828 0.0
57848.70259259259 96.85452313237622 0.0 107.05743204093773 0.0
57848.70271990741 110.58417589465502 0.0 126.75347546043855 0.0
57848.70277777778 103.90863951087032 0.0 117.12264204371417 0.0
57848.702835648146 98.29047935949849 0.0 109.38537296686427 0.0
57848.70295138889 95.96275673228651 0.0 106.32858975788214 0.0
57848.7030787037 99.68311397583845 0.0 110.41450008717152 0.0
57848.703194444446 101.42801436486864 0.0 113.83080248026015 0.0
57848.703310185185 130.0257552333383 0.0 151.66725577955185 0.0
57848.7034375 100.72928373715362 0.0 113.40026923909838 0.0
57848.70347222222 101.10932941276982 0.0 112.69422853944208 0.0
57848.7055787037 95.04932569218995 0.0 105.19531949236145 0.0
57848.70570601852 97.00864737037621 0.0 108.42893472039648 0.0
57848.70582175926 97.8504910710723 0.0 109.36398277815233 0.0
57848.7059375 95.45712200417526 0.0 106.3118626442976 0.0
57848.70606481482 96.79748755034916 0.0 108.09755488862827 0.0
57848.70618055556 97.05281952086709 0.0 107.2737543763618 0.0
57848.70625 96.47805977505975 0.0 107.31230427728221 0.0
57848.706296296295 95.88771462476306 0.0 107.30999995946324 0.0
57848.70642361111 95.32844539695378 0.0 105.5122154198271 0.0
57848.70653935185 95.5591160075793 0.0 106.2989077563829 0.0
57848.706655092596 97.68559885781528 0.0 107.95907380808711 0.0
57848.706782407404 98.72112488885041 0.0 109.84163371554521 0.0
57848.70689814815 95.59667974521919 0.0 106.15037149016484 0.0
57848.70694444444 99.83614033920783 0.0 110.44662799741782 0.0
57848.70701388889 104.7381904622187 0.0 115.36708864793286 0.0
57848.707141203704 94.49042280331906 0.0 104.88661911607218 0.0
57848.70725694444 95.49402585638538 0.0 106.13461966766546 0.0
57848.70737268519 98.53698732993617 0.0 108.11783822108173 0.0
57848.7075 95.07642211289821 0.0 105.69598621518227 0.0
57848.70761574074 95.01649365052364 0.0 105.2644441561347 0.0
57848.70763888889 96.56464338964858 0.0 107.0603164734721 0.0
57848.70773148148 98.2429360222403 0.0 109.03734342279255 0.0
57848.7078587963 97.37815252581044 0.0 108.24614590875741 0.0
57848.707974537036 97.67170788979786 0.0 107.97568809597834 0.0
57848.708090277774 95.63545847675955 0.0 105.72266563703357 0.0
57848.70820601852 111.86081334542494 0.0 124.22274156007023 0.0
57848.708333333336 96.32103697707993 0.0 107.28745743562013 0.0
57848.710486111115 105.56695071091141 0.0 117.17054246695284 0.0
57848.71060185185 96.04963430987127 0.0 106.42868164362461 0.0
57848.71071759259 99.56016741533735 0.0 109.26562099535242 0.0
57848.71084490741 95.7658117075713 0.0 105.67249133099872 0.0
57848.710960648146 94.90352509875488 0.0 105.60801443309121 0.0
57848.71107638889 107.83462137087514 0.0 117.03853617249321 0.0
57848.71111111111 111.47638452605108 0.0 122.25483995981509 0.0
57848.7112037037 115.73204874882325 0.0 128.4599073781388 0.0
57848.71131944445 103.57644616562204 0.0 113.63533912080344 0.0
57848.711435185185 101.06642992062201 0.0 113.36369326331953 0.0
57848.7115625 96.570782984762 0.0 106.21433621879864 0.0
57848.71167824074 95.7945502940016 0.0 105.83834687815187 0.0
57848.71179398148 102.03602903484632 0.0 111.59343391033363 0.0
57848.711805555555 98.58269531778892 0.0 108.70499693942317 0.0
57848.71192129629 95.45141743054421 0.0 105.99098663141126 0.0
57848.71203703704 99.88812718411533 0.0 113.67195511382744 0.0
57848.71215277778 98.12966484840351 0.0 106.4302636447923 0.0
57848.71228009259 95.20566972029555 0.0 106.36417452507212 0.0
57848.71239583333 94.9187559735693 0.0 106.04541307524809 0.0
57848.7125 95.75923780549843 0.0 106.79044586712803 0.0
57848.71251157407 96.56671549721467 0.0 107.55076377460088 0.0
57848.71262731482 97.50498248664013 0.0 107.53253201891975 0.0
57848.71275462963 95.95027890376349 0.0 106.01891858154374 0.0
57848.71287037037 97.1828532739701 0.0 107.59410642177386 0.0
57848.71298611111 100.8939209997312 0.0 112.38548500629429 0.0
57848.713113425925 102.25119128010196 0.0 113.5347655694061 0.0
57848.71319444444 98.94306984574513 0.0 109.57784659090541 0.0
57848.71419444444 98.94306984574513 0.0 109.57784659090541 0.0
