57847.93731444445 12.331967375680115 0.0 12.331967375680115 0.0
57847.938314444444 12.331967375680115 0.0 12.331967375680115 0.0
57847.9383611111 10.801582918646094 0.0 10.801582918646094 0.0
57847.938407777765 9.969954864491614 0.0 9.969954864491614 0.0
57847.93852499999 9.99983870837667 0.0 9.99983870837667 0.0
57847.93857166666 10.202940752547768 0.0 10.202940752547768 0.0
57847.93861833333 10.41277131466993 0.0 10.41277131466993 0.0
57847.93873555556 15.319605823279044 0.0 15.319605823279044 0.0
57847.93878222222 13.7946927616057 0.0 13.7946927616057 0.0
57847.93882888888 13.324849451428179 0.0 13.324849451428179 0.0
57847.93894611111 10.915511307161669 0.0 10.915511307161669 0.0
57847.93899277778 10.610554696515255 0.0 10.610554696515255 0.0
57847.939039444434 11.128719023174868 0.0 11.128719023174868 0.0
57847.93915666665 11.582244475781636 0.0 11.582244475781636 0.0
57847.93920333332 10.081762518720176 0.0 10.081762518720176 0.0
57847.93925 9.80207351335881 0.0 9.80207351335881 0.0
57847.939367222214 9.447477902047584 0.0 9.447477902047584 0.0
57847.939413888875 10.243487309411016 0.0 10.243487309411016 0.0
57847.93946055556 13.118566011327168 0.0 13.118566011327168 0.0
57847.93957777777 11.56412695615473 0.0 11.56412695615473 0.0
57847.93962444444 12.630352586195402 0.0 12.630352586195402 0.0
57847.93967111111 12.70483778825241 0.0 12.70483778825241 0.0
57847.93978833332 9.629088993186722 0.0 9.629088993186722 0.0
57847.93983499999 11.726452038845972 0.0 11.726452038845972 0.0
57847.93988166666 13.297707782097806 0.0 13.297707782097806 0.0
57847.93999888889 10.434588883194696 0.0 10.434588883194696 0.0
57847.94004555556 10.140465090816326 0.0 10.140465090816326 0.0
57847.94009222222 9.536178987278886 0.0 9.536178987278886 0.0
57847.94020944443 10.170958022564747 0.0 10.170958022564747 0.0
57847.94025611111 11.311284687882388 0.0 11.311284687882388 0.0
57847.940302777766 13.507823300686926 0.0 13.507823300686926 0.0
57847.94042 11.618394758924035 0.0 11.618394758924035 0.0
57847.94046666667 12.287024364830385 0.0 12.287024364830385 0.0
57847.940513333335 11.166626544623794 0.0 11.166626544623794 0.0
57847.94063055555 12.881719981330884 0.0 12.881719981330884 0.0
57847.94067722222 15.636598920687696 0.0 15.636598920687696 0.0
57847.940841111114 11.807187532149847 0.0 11.807187532149847 0.0
57847.940887777775 11.787773873943538 0.0 11.787773873943538 0.0
57847.940934444436 10.501459192002335 0.0 10.501459192002335 0.0
57847.941051666654 13.478656963821994 0.0 13.478656963821994 0.0
57847.94109833334 13.140064319575481 0.0 13.140064319575481 0.0
57847.94114499999 11.462561780886729 0.0 11.462561780886729 0.0
57847.94126222222 12.608113107401609 0.0 12.608113107401609 0.0
57847.94130888889 12.682093039832491 0.0 12.682093039832491 0.0
57847.94135555556 10.41633332799983 0.0 10.41633332799983 0.0
57847.94147277777 15.689939246166222 0.0 15.689939246166222 0.0
57847.941519444445 12.292798836140062 0.0 12.292798836140062 0.0
57847.9415661111 11.597969788967655 0.0 11.597969788967655 0.0
57847.94168333332 10.406728592598157 0.0 10.406728592598157 0.0
57847.94173 10.457749094763761 0.0 10.457749094763761 0.0
57847.94177666667 11.112184535962777 0.0 11.112184535962777 0.0
57847.94189388888 10.544988107795493 0.0 10.544988107795493 0.0
57847.941940555545 11.847553170550968 0.0 11.847553170550968 0.0
57847.94198722222 12.416170517618571 0.0 12.416170517618571 0.0
57847.94210444443 10.003870218812253 0.0 10.003870218812253 0.0
57847.942151111114 10.08544143963258 0.0 10.08544143963258 0.0
57847.942197777775 10.220946234839701 0.0 10.220946234839701 0.0
57847.942314999986 10.542234567558214 0.0 10.542234567558214 0.0
57847.94236166667 10.687798288612322 0.0 10.687798288612322 0.0
57847.942408333336 10.901020964318716 0.0 10.901020964318716 0.0
57847.942525555554 10.78992959407805 0.0 10.78992959407805 0.0
57847.94257222221 10.844799556439705 0.0 10.844799556439705 0.0
57847.942618888876 10.239077579421856 0.0 10.239077579421856 0.0
57847.94273611111 10.012894911868848 0.0 10.012894911868848 0.0
57847.94278277777 10.729218472575626 0.0 10.729218472575626 0.0
57847.94282944443 11.180484149018396 0.0 11.180484149018396 0.0
57847.942946666655 11.435090306708586 0.0 11.435090306708586 0.0
57847.94299333333 11.764352935882194 0.0 11.764352935882194 0.0
57847.94303999999 11.24004936276613 0.0 11.24004936276613 0.0
57847.945953333336 10.981362510209976 0.0 10.981362510209976 0.0
57847.94599999999 11.331372379372237 0.0 11.331372379372237 0.0
57847.94604666666 11.687462264903719 0.0 11.687462264903719 0.0
57847.946163888875 9.705169889324205 0.0 9.705169889324205 0.0
57847.94621055554 10.21731610488277 0.0 10.21731610488277 0.0
57847.946257222226 10.76373840801276 0.0 10.76373840801276 0.0
57847.946374444444 9.951171109553535 0.0 9.951171109553535 0.0
57847.94642111111 10.598082601995024 0.0 10.598082601995024 0.0
57847.946467777765 10.87287242814472 0.0 10.87287242814472 0.0
57847.946585 9.38444148234107 0.0 9.38444148234107 0.0
57847.946631666666 10.01740420951327 0.0 10.01740420951327 0.0
57847.94667833332 10.757742897934703 0.0 10.757742897934703 0.0
57847.946795555545 9.577695864064392 0.0 9.577695864064392 0.0
57847.94684222221 9.420122593545127 0.0 9.420122593545127 0.0
57847.94688888889 9.5881311038448 0.0 9.5881311038448 0.0
57847.9470061111 10.090877387601779 0.0 10.090877387601779 0.0
57847.94705277777 10.125980637497177 0.0 10.125980637497177 0.0
57847.94709944444 10.342677010423147 0.0 10.342677010423147 0.0
57847.94721666665 9.678876234423619 0.0 9.678876234423619 0.0
57847.947263333335 9.693695989429619 0.0 9.693695989429619 0.0
57847.94731 9.53042665666467 0.0 9.53042665666467 0.0
57847.947427222214 9.511792341529912 0.0 9.511792341529912 0.0
57847.947473888875 9.31422775702191 0.0 9.31422775702191 0.0
57847.94752055554 9.409672442963728 0.0 9.409672442963728 0.0
57847.947637777776 9.886288973999262 0.0 9.886288973999262 0.0
57847.94768444444 10.339089621119859 0.0 10.339089621119859 0.0
57847.94773111111 10.478395592529822 0.0 10.478395592529822 0.0
57847.94784833332 9.119988681373849 0.0 9.119988681373849 0.0
57847.947895 9.708493122502453 0.0 9.708493122502453 0.0
57847.94794166666 10.524318995668112 0.0 10.524318995668112 0.0
57847.94805888889 9.704671306195296 0.0 9.704671306195296 0.0
57847.94810555556 9.488702960413912 0.0 9.488702960413912 0.0
57847.94815222222 9.523993469805784 0.0 9.523993469805784 0.0
57847.948269444445 10.55049303235666 0.0 10.55049303235666 0.0
57847.94831611111 10.739586103636368 0.0 10.739586103636368 0.0
57847.948362777766 10.547588013533037 0.0 10.547588013533037 0.0
57847.94848 10.301581463307526 0.0 10.301581463307526 0.0
57847.94852666667 10.061905161741038 0.0 10.061905161741038 0.0
57847.94857333332 10.142214557434302 0.0 10.142214557434302 0.0
57847.948690555546 9.076911511116826 0.0 9.076911511116826 0.0
57847.94873722222 9.178867735359619 0.0 9.178867735359619 0.0
57847.948783888874 9.323055016394019 0.0 9.323055016394019 0.0
57847.948901111115 9.118750621835526 0.0 9.118750621835526 0.0
57847.948947777775 9.20255925132751 0.0 9.20255925132751 0.0
57847.94899444444 9.268051261918462 0.0 9.268051261918462 0.0
57847.949111666654 9.052000313600267 0.0 9.052000313600267 0.0
57847.94915833334 9.213069258465948 0.0 9.213069258465948 0.0
57847.94920499999 9.340339152507845 0.0 9.340339152507845 0.0
57847.94932222221 9.503310119416627 0.0 9.503310119416627 0.0
57847.94936888889 9.612324078678807 0.0 9.612324078678807 0.0
57847.94941555556 9.321151804779381 0.0 9.321151804779381 0.0
57847.94953277777 9.651842545137642 0.0 9.651842545137642 0.0
57847.94957944443 9.435690651166778 0.0 9.435690651166778 0.0
57847.94962611111 9.455839636214568 0.0 9.455839636214568 0.0
57847.94974333332 9.373607423454017 0.0 9.373607423454017 0.0
57847.94979 9.71928578286657 0.0 9.71928578286657 0.0
57847.94983666667 10.11769449704249 0.0 10.11769449704249 0.0
57847.94995388888 10.038956378094802 0.0 10.038956378094802 0.0
57847.95000055555 10.944729177745495 0.0 10.944729177745495 0.0
57847.95004722222 10.453892622738286 0.0 10.453892622738286 0.0
57847.950164444446 12.025108141154142 0.0 12.025108141154142 0.0
57847.9502111111 11.178752887913403 0.0 11.178752887913403 0.0
57847.95025777777 10.227571843133228 0.0 10.227571843133228 0.0
57847.950375 9.502291743947707 0.0 9.502291743947707 0.0
57847.950421666654 9.622721766400003 0.0 9.622721766400003 0.0
57847.95046833332 9.602083107326242 0.0 9.602083107326242 0.0
57847.95058555555 9.308858077641824 0.0 9.308858077641824 0.0
57847.95063222222 9.411900497122883 0.0 9.411900497122883 0.0
57847.950678888876 10.789032663146942 0.0 10.789032663146942 0.0
57847.95359222222 9.755726192774533 0.0 9.755726192774533 0.0
57847.953638888874 9.40830107045146 0.0 9.40830107045146 0.0
57847.95368555554 9.22496612459905 0.0 9.22496612459905 0.0
57847.95380277777 10.06655273025318 0.0 10.06655273025318 0.0
57847.953849444435 10.354522153738337 0.0 10.354522153738337 0.0
57847.95389611111 10.297509877510162 0.0 10.297509877510162 0.0
57847.954013333336 10.919500165802816 0.0 10.919500165802816 0.0
57847.95406 10.840336859424916 0.0 10.840336859424916 0.0
57847.95410666666 10.020623894040055 0.0 10.020623894040055 0.0
57847.95422388889 9.340339152507845 0.0 9.340339152507845 0.0
57847.95427055556 9.512470592553417 0.0 9.512470592553417 0.0
57847.95431722221 9.866692095288359 0.0 9.866692095288359 0.0
57847.95443444443 9.08383889290525 0.0 9.08383889290525 0.0
57847.9544811111 9.169901677455083 0.0 9.169901677455083 0.0
57847.95452777778 9.292903987243657 0.0 9.292903987243657 0.0
57847.95464499999 9.516878045973664 0.0 9.516878045973664 0.0
57847.95469166666 10.312691835947867 0.0 10.312691835947867 0.0
57847.954738333334 11.048135151353854 0.0 11.048135151353854 0.0
57847.954855555545 9.160398639022565 0.0 9.160398639022565 0.0
57847.95490222222 9.3020982717914 0.0 9.3020982717914 0.0
57847.95494888889 9.426284459408034 0.0 9.426284459408034 0.0
57847.9550661111 9.622889378975527 0.0 9.622889378975527 0.0
57847.95511277777 9.732552627402603 0.0 9.732552627402603 0.0
57847.955159444435 9.385300792608723 0.0 9.385300792608723 0.0
57847.95527666667 9.55138902244404 0.0 9.55138902244404 0.0
57847.955323333335 10.027542715103527 0.0 10.027542715103527 0.0
57847.95537 10.679343945054592 0.0 10.679343945054592 0.0
57847.95548722221 9.412757300600074 0.0 9.412757300600074 0.0
57847.95548722221 9.412585946144047 0.0 9.412585946144047 0.0
57847.95553388889 9.432100303168548 0.0 9.432100303168548 0.0
57847.95558055554 9.561178224060988 0.0 9.561178224060988 0.0
57847.955697777776 9.074245725341084 0.0 9.074245725341084 0.0
57847.95574444444 9.088809141625939 0.0 9.088809141625939 0.0
57847.95579111111 9.333774951149705 0.0 9.333774951149705 0.0
57847.95590833333 9.660194347874668 0.0 9.660194347874668 0.0
57847.955955 10.003064046709921 0.0 10.003064046709921 0.0
57847.95600166666 10.052924466173048 0.0 10.052924466173048 0.0
57847.95611888889 9.07211253272641 0.0 9.07211253272641 0.0
57847.95616555556 9.254118525144325 0.0 9.254118525144325 0.0
57847.95621222221 9.087921796574019 0.0 9.087921796574019 0.0
57847.95632944443 9.063752694288707 0.0 9.063752694288707 0.0
57847.95637611111 9.029878718865461 0.0 9.029878718865461 0.0
57847.95642277777 8.927485648266257 0.0 8.927485648266257 0.0
57847.95654 9.265614545362105 0.0 9.265614545362105 0.0
57847.95658666667 9.396979610835155 0.0 9.396979610835155 0.0
57847.956633333335 9.326168524900174 0.0 9.326168524900174 0.0
57847.956750555546 9.055741361860067 0.0 9.055741361860067 0.0
57847.95679722222 9.02576955882612 0.0 9.02576955882612 0.0
57847.956843888875 9.040767880604374 0.0 9.040767880604374 0.0
57847.9569611111 8.857837790487059 0.0 8.857837790487059 0.0
57847.957007777775 8.917181675409449 0.0 8.917181675409449 0.0
57847.95705444444 8.967324195422314 0.0 8.967324195422314 0.0
57847.957171666654 8.96138670144879 0.0 8.96138670144879 0.0
57847.95721833332 9.099273278319998 0.0 9.099273278319998 0.0
57847.957265 9.07211253272641 0.0 9.07211253272641 0.0
57847.95738222221 8.775331994454866 0.0 8.775331994454866 0.0
57847.95742888889 8.878571521256363 0.0 8.878571521256363 0.0
57847.95747555556 9.049148953033846 0.0 9.049148953033846 0.0
57847.95759277777 9.084549094922902 0.0 9.084549094922902 0.0
57847.957639444445 9.338784890220271 0.0 9.338784890220271 0.0
57847.95768611111 9.61802742837133 0.0 9.61802742837133 0.0
57847.95780333333 8.964445901592615 0.0 8.964445901592615 0.0
57847.95784999999 9.056453767270591 0.0 9.056453767270591 0.0
57847.95789666665 9.060370995750956 0.0 9.060370995750956 0.0
57847.95801388889 8.968942829780495 0.0 8.968942829780495 0.0
57847.958060555546 9.094663447638206 0.0 9.094663447638206 0.0
57847.95810722221 9.026663013610861 0.0 9.026663013610861 0.0
57847.95822444443 8.956705903688102 0.0 8.956705903688102 0.0
57847.958271111114 9.209917515654594 0.0 9.209917515654594 0.0
57847.95831777777 9.648834126463155 0.0 9.648834126463155 0.0
57847.96123111111 8.966784585705827 0.0 8.966784585705827 0.0
57847.961277777766 8.936694922007366 0.0 8.936694922007366 0.0
57847.96132444443 9.045583488374938 0.0 9.045583488374938 0.0
57847.96144166665 9.058946745015794 0.0 9.058946745015794 0.0
57847.96148833332 9.17535267846384 0.0 9.17535267846384 0.0
57847.961535 9.342238455254646 0.0 9.342238455254646 0.0
57847.96165222222 8.954724829618918 0.0 8.954724829618918 0.0
57847.96169888889 8.863844647526482 0.0 8.863844647526482 0.0
57847.96174555554 8.988343706192214 0.0 8.988343706192214 0.0
57847.961862777775 9.095904785724601 0.0 9.095904785724601 0.0
57847.96190944444 9.086501864250746 0.0 9.086501864250746 0.0
57847.9619561111 9.23178240924324 0.0 9.23178240924324 0.0
57847.96207333332 8.900525537220242 0.0 8.900525537220242 0.0
57847.96211999999 8.91989440122652 0.0 8.91989440122652 0.0
57847.962166666664 8.968403317453788 0.0 8.968403317453788 0.0
57847.962283888875 8.974875324859626 0.0 8.974875324859626 0.0
57847.96233055554 9.010925268447652 0.0 9.010925268447652 0.0
57847.962377222226 9.004479172128185 0.0 9.004479172128185 0.0
57847.96249444443 8.816041098200557 0.0 8.816041098200557 0.0
57847.96254111111 8.815492228219957 0.0 8.815492228219957 0.0
57847.96258777778 8.812198290419786 0.0 8.812198290419786 0.0
57847.96270499999 8.95076136606591 0.0 8.95076136606591 0.0
57847.96275166665 8.782680904539783 0.0 8.782680904539783 0.0
57847.96279833332 8.833221748128647 0.0 8.833221748128647 0.0
57847.96291555555 9.62439776079857 0.0 9.62439776079857 0.0
57847.96296222222 10.194875372998327 0.0 10.194875372998327 0.0
57847.96300888889 10.165723559288388 0.0 10.165723559288388 0.0
57847.9631261111 9.000179209685307 0.0 9.000179209685307 0.0
57847.963172777774 8.999641569923591 0.0 8.999641569923591 0.0
57847.963219444435 9.067666769636018 0.0 9.067666769636018 0.0
57847.96333666667 8.800659799311969 0.0 8.800659799311969 0.0
57847.963383333336 8.798093635152062 0.0 8.798093635152062 0.0
57847.96343 8.914287191303197 0.0 8.914287191303197 0.0
57847.96354722222 8.85383095505246 0.0 8.85383095505246 0.0
57847.96359388889 9.028628302918337 0.0 9.028628302918337 0.0
57847.96364055554 8.809818569403484 0.0 8.809818569403484 0.0
57847.963757777776 9.060370995750956 0.0 9.060370995750956 0.0
57847.963804444444 9.219369511715449 0.0 9.219369511715449 0.0
57847.9638511111 9.243480701763321 0.0 9.243480701763321 0.0
57847.96396833332 8.879661429174774 0.0 8.879661429174774 0.0
57847.964015 9.179921989970039 0.0 9.179921989970039 0.0
57847.96406166666 9.680209275263797 0.0 9.680209275263797 0.0
57847.96417888889 10.400992508471985 0.0 10.400992508471985 0.0
57847.96422555556 11.490388690469288 0.0 11.490388690469288 0.0
57847.96427222222 11.79037332851706 0.0 11.79037332851706 0.0
57847.96438944443 9.31561297829028 0.0 9.31561297829028 0.0
57847.96443611111 9.286653621400497 0.0 9.286653621400497 0.0
57847.96448277777 9.24906272496422 0.0 9.24906272496422 0.0
57847.96459999999 8.97595353906669 0.0 8.97595353906669 0.0
57847.96464666667 8.896900511395945 0.0 8.896900511395945 0.0
57847.964693333335 8.917181675409449 0.0 8.917181675409449 0.0
57847.964810555546 9.22951087369975 0.0 9.22951087369975 0.0
57847.964857222214 9.003046079504282 0.0 9.003046079504282 0.0
57847.96490388889 8.77551579221158 0.0 8.77551579221158 0.0
57847.9650211111 9.293251106530603 0.0 9.293251106530603 0.0
57847.965067777775 9.48241156205836 0.0 9.48241156205836 0.0
57847.96511444444 9.55729749897276 0.0 9.55729749897276 0.0
57847.965231666654 9.34862418720254 0.0 9.34862418720254 0.0
57847.96527833334 9.881066939909262 0.0 9.881066939909262 0.0
57847.965325 10.902944260537478 0.0 10.902944260537478 0.0
57847.96544222222 10.68855281552758 0.0 10.68855281552758 0.0
57847.965488888876 9.876332086552727 0.0 9.876332086552727 0.0
57847.965535555544 9.575843262791448 0.0 9.575843262791448 0.0
57847.96565277778 9.513826949540677 0.0 9.513826949540677 0.0
57847.96569944443 9.545307916762374 0.0 9.545307916762374 0.0
57847.9657461111 9.55054465597677 0.0 9.55054465597677 0.0
57847.965863333324 8.881840843777463 0.0 8.881840843777463 0.0
57847.96591 8.940123402482367 0.0 8.940123402482367 0.0
57847.96595666665 9.192037227247113 0.0 9.192037227247113 0.0
57847.97292166667 9.442525632614435 0.0 9.442525632614435 0.0
57847.97296833332 9.468794248273063 0.0 9.468794248273063 0.0
57847.973015 9.169198086440662 0.0 9.169198086440662 0.0
57847.97313222222 9.234228053385703 0.0 9.234228053385703 0.0
57847.973178888875 9.146478257566079 0.0 9.146478257566079 0.0
57847.97322555554 9.277791728360727 0.0 9.277791728360727 0.0
57847.973342777776 8.957426185627641 0.0 8.957426185627641 0.0
57847.973389444436 9.133772848698007 0.0 9.133772848698007 0.0
57847.97343611111 9.143127156151138 0.0 9.143127156151138 0.0
57847.97355333332 9.451233065140913 0.0 9.451233065140913 0.0
57847.97359999999 10.006933080490713 0.0 10.006933080490713 0.0
57847.973646666665 11.569286369382263 0.0 11.569286369382263 0.0
57847.97376388888 10.039599015254382 0.0 10.039599015254382 0.0
57847.973810555544 10.683420981641028 0.0 10.683420981641028 0.0
57847.97385722221 10.485781463640455 0.0 10.485781463640455 0.0
57847.97397444443 9.513148795220223 0.0 9.513148795220223 0.0
57847.9740211111 9.555440942881875 0.0 9.555440942881875 0.0
57847.974067777766 9.483942286323899 0.0 9.483942286323899 0.0
57847.974185 8.976133228842778 0.0 8.976133228842778 0.0
57847.97423166665 9.035592702411446 0.0 9.035592702411446 0.0
57847.97427833332 9.098918758877078 0.0 9.098918758877078 0.0
57847.974395555546 8.887105555876465 0.0 8.887105555876465 0.0
57847.974442222214 9.250980767534346 0.0 9.250980767534346 0.0
57847.974488888874 9.913822217880545 0.0 9.913822217880545 0.0
57847.974606111115 9.16638318232231 0.0 9.16638318232231 0.0
57847.974652777775 9.523485401550651 0.0 9.523485401550651 0.0
57847.97469944444 9.638297266299084 0.0 9.638297266299084 0.0
57847.974816666654 8.759510959983126 0.0 8.759510959983126 0.0
57847.97486333334 8.782864548506902 0.0 8.782864548506902 0.0
57847.97490999999 8.89907570408842 0.0 8.89907570408842 0.0
57847.97502722221 8.691115225963108 0.0 8.691115225963108 0.0
57847.975073888876 8.766321183756284 0.0 8.766321183756284 0.0
57847.97512055556 8.767425045900527 0.0 8.767425045900527 0.0
57847.97523777778 8.756932737422503 0.0 8.756932737422503 0.0
57847.975284444445 8.806156204427344 0.0 8.806156204427344 0.0
57847.97533111111 8.807255073828841 0.0 8.807255073828841 0.0
57847.97544833332 8.976492597603961 0.0 8.976492597603961 0.0
57847.975495 9.06855609661314 0.0 9.06855609661314 0.0
57847.97554166667 8.918086009033336 0.0 8.918086009033336 0.0
57847.97565888888 9.760189051579925 0.0 9.760189051579925 0.0
57847.97570555555 8.994263404723501 0.0 8.994263404723501 0.0
57847.97575222222 8.9514821263333 0.0 8.9514821263333 0.0
57847.975869444446 9.779174712853642 0.0 9.779174712853642 0.0
57847.9759161111 9.58207331595089 0.0 9.58207331595089 0.0
57847.975962777775 9.655518228353385 0.0 9.655518228353385 0.0
57847.97608 8.943550568660836 0.0 8.943550568660836 0.0
57847.976126666654 9.296721586562896 0.0 9.296721586562896 0.0
57847.97617333332 9.688370148225772 0.0 9.688370148225772 0.0
57847.976290555554 9.038983671102168 0.0 9.038983671102168 0.0
57847.97633722222 9.307471851048732 0.0 9.307471851048732 0.0
57847.976383888876 9.345863325039723 0.0 9.345863325039723 0.0
57847.97928666667 8.74790297451983 0.0 8.74790297451983 0.0
57847.97933333332 8.724270928037853 0.0 8.724270928037853 0.0
57847.97937999999 8.79405957854322 0.0 8.79405957854322 0.0
57847.97949722221 9.201332301848044 0.0 9.201332301848044 0.0
57847.979543888876 9.32374699702411 0.0 9.32374699702411 0.0
57847.97959055556 9.68487347328546 0.0 9.68487347328546 0.0
57847.97970777778 8.8693018963745 0.0 8.8693018963745 0.0
57847.979754444445 9.009314176755291 0.0 9.009314176755291 0.0
57847.9798011111 9.179570585219784 0.0 9.179570585219784 0.0
57847.97991833333 9.697688450879548 0.0 9.697688450879548 0.0
57847.979965 9.399382272084384 0.0 9.399382272084384 0.0
57847.98001166665 9.213944551252109 0.0 9.213944551252109 0.0
57847.98012888888 8.87021111142741 0.0 8.87021111142741 0.0
57847.980175555545 9.010388269891234 0.0 9.010388269891234 0.0
57847.98022222222 9.120519226872005 0.0 9.120519226872005 0.0
57847.98033944443 9.012715032556201 0.0 9.012715032556201 0.0
57847.9803861111 9.10494371207203 0.0 9.10494371207203 0.0
57847.980432777775 9.193967166466527 0.0 9.193967166466527 0.0
57847.980549999986 8.908676452146654 0.0 8.908676452146654 0.0
57847.98059666667 8.917543419864087 0.0 8.917543419864087 0.0
57847.980643333336 9.00627021723235 0.0 9.00627021723235 0.0
57847.98076055555 9.28039904592539 0.0 9.28039904592539 0.0
57847.98080722221 9.291168196282582 0.0 9.291168196282582 0.0
57847.980853888876 9.458568397439025 0.0 9.458568397439025 0.0
57847.98097111111 8.909400617035848 0.0 8.909400617035848 0.0
57847.981017777776 9.013430838691278 0.0 9.013430838691278 0.0
57847.981064444444 9.021122167518314 0.0 9.021122167518314 0.0
57847.981181666655 9.295507065937997 0.0 9.295507065937997 0.0
57847.98122833333 9.298282879979993 0.0 9.298282879979993 0.0
57847.98127499999 9.193440859586236 0.0 9.193440859586236 0.0
57847.981392222224 9.155114910925915 0.0 9.155114910925915 0.0
57847.98143888889 9.092180263032837 0.0 9.092180263032837 0.0
57847.98148555555 9.176583101533755 0.0 9.176583101533755 0.0
57847.98160277778 8.993546073031588 0.0 8.993546073031588 0.0
57847.981649444446 9.413100000154214 0.0 9.413100000154214 0.0
57847.9816961111 9.38083151964686 0.0 9.38083151964686 0.0
57847.98181333333 8.942468447553164 0.0 8.942468447553164 0.0
57847.98186 9.058234535671165 0.0 9.058234535671165 0.0
57847.98190666665 9.589813143593169 0.0 9.589813143593169 0.0
57847.98202388888 9.250457704456329 0.0 9.250457704456329 0.0
57847.982070555554 9.241735628081711 0.0 9.241735628081711 0.0
57847.98211722221 9.14771256442234 0.0 9.14771256442234 0.0
57847.98223444445 8.936333952809116 0.0 8.936333952809116 0.0
57847.98228111111 9.074778945143834 0.0 9.074778945143834 0.0
57847.982327777776 9.080287049605085 0.0 9.080287049605085 0.0
57847.98244499999 8.979187404860916 0.0 8.979187404860916 0.0
57847.98249166667 9.41395669445963 0.0 9.41395669445963 0.0
57847.98253833332 10.173177890270905 0.0 10.173177890270905 0.0
57847.98265555554 9.622721766400003 0.0 9.622721766400003 0.0
57847.98270222222 9.258648964355505 0.0 9.258648964355505 0.0
57847.98274888889 8.994084077164096 0.0 8.994084077164096 0.0
57847.9828661111 8.764297075396662 0.0 8.764297075396662 0.0
57847.98291277776 8.8814776451495 0.0 8.8814776451495 0.0
57847.982959444445 9.183084027605569 0.0 9.183084027605569 0.0
57847.98307666666 8.769632353348868 0.0 8.769632353348868 0.0
57847.98312333333 9.14171579857608 0.0 9.14171579857608 0.0
57847.98317 9.545814823531897 0.0 9.545814823531897 0.0
57847.98328722221 8.974875324859626 0.0 8.974875324859626 0.0
57847.983333888886 9.143656359077765 0.0 9.143656359077765 0.0
57847.98338055555 9.307818427051945 0.0 9.307818427051945 0.0
57847.98349777778 8.779374656251932 0.0 8.779374656251932 0.0
57847.98354444443 8.959226637131348 0.0 8.959226637131348 0.0
57847.9835911111 9.168670357747205 0.0 9.168670357747205 0.0
57847.98370833333 8.711320036262792 0.0 8.711320036262792 0.0
57847.98375499999 8.746981046015524 0.0 8.746981046015524 0.0
57847.983801666654 8.663047217738928 0.0 8.663047217738928 0.0
57847.98391888888 9.09076099586118 0.0 9.09076099586118 0.0
57847.983965555555 9.108663015804453 0.0 9.108663015804453 0.0
57847.98401222221 8.920256035671592 0.0 8.920256035671592 0.0
57847.99664777778 8.633767166415305 0.0 8.633767166415305 0.0
57847.99669444443 8.782497256732626 0.0 8.782497256732626 0.0
57847.9967411111 8.991393734584344 0.0 8.991393734584344 0.0
57847.996858333325 9.17447370381187 0.0 9.17447370381187 0.0
57847.996904999985 9.516369597834071 0.0 9.516369597834071 0.0
57847.99695166667 9.59620220577878 0.0 9.59620220577878 0.0
57847.997068888886 8.655224042496325 0.0 8.655224042496325 0.0
57847.997115555554 8.6935274402764 0.0 8.6935274402764 0.0
57847.99716222221 8.83687289603314 0.0 8.83687289603314 0.0
57847.99727944445 8.782129949597245 0.0 8.782129949597245 0.0
57847.99732611111 8.768896645935383 0.0 8.768896645935383 0.0
57847.99737277777 8.831943489767788 0.0 8.831943489767788 0.0
57847.99748999999 8.573214099741124 0.0 8.573214099741124 0.0
57847.997536666655 8.566626919283548 0.0 8.566626919283548 0.0
57847.99758333333 8.459962632419572 0.0 8.459962632419572 0.0
57847.99770055554 8.589190506001545 0.0 8.589190506001545 0.0
57847.99774722221 8.728706810326782 0.0 8.728706810326782 0.0
57847.99779388889 9.10228613608833 0.0 9.10228613608833 0.0
57847.9979111111 8.993546073031588 0.0 8.993546073031588 0.0
57847.99795777778 9.333774951149705 0.0 9.333774951149705 0.0
57847.998004444446 9.447477902047584 0.0 9.447477902047584 0.0
57847.99812166666 9.205187878091772 0.0 9.205187878091772 0.0
57847.998168333324 9.613163018788688 0.0 9.613163018788688 0.0
57847.998214999985 9.240513880417772 0.0 9.240513880417772 0.0
57847.998332222225 9.910242339408581 0.0 9.910242339408581 0.0
57847.998378888886 9.365688924593751 0.0 9.365688924593751 0.0
57847.998425555554 9.048792469787907 0.0 9.048792469787907 0.0
57847.998542777765 8.547778432378337 0.0 8.547778432378337 0.0
57847.99858944445 8.619370533113006 0.0 8.619370533113006 0.0
57847.9986361111 8.614878352725478 0.0 8.614878352725478 0.0
57847.99875333333 8.791858403861402 0.0 8.791858403861402 0.0
57847.9988 9.038626786937737 0.0 9.038626786937737 0.0
57847.99884666667 9.074245725341084 0.0 9.074245725341084 0.0
57847.99896388889 9.352591498720312 0.0 9.352591498720312 0.0
57847.999010555555 9.617859731065515 0.0 9.617859731065515 0.0
57847.99905722221 9.332046762323555 0.0 9.332046762323555 0.0
57847.99917444444 8.69983314634215 0.0 8.69983314634215 0.0
57847.99922111111 8.862570805941273 0.0 8.862570805941273 0.0
57847.99926777776 8.770367999047114 0.0 8.770367999047114 0.0
57847.99938499999 8.811100037507673 0.0 8.811100037507673 0.0
57847.99943166666 9.242957214253247 0.0 9.242957214253247 0.0
57847.999478333324 9.87143157248849 0.0 9.87143157248849 0.0
57847.99959555556 9.342929015070444 0.0 9.342929015070444 0.0
57847.999642222225 9.281094206903589 0.0 9.281094206903589 0.0
57847.999688888885 9.306432045599154 0.0 9.306432045599154 0.0
57847.9998061111 8.612818653686512 0.0 8.612818653686512 0.0
57847.99985277778 8.622176957350794 0.0 8.622176957350794 0.0
57847.99989944443 8.5415493042029 0.0 8.5415493042029 0.0
57848.00001666666 9.771419812969368 0.0 9.771419812969368 0.0
57848.00006333333 10.077762168387418 0.0 10.077762168387418 0.0
57848.00011 9.62523564856064 0.0 9.62523564856064 0.0
57848.00022722221 8.991214349790075 0.0 8.991214349790075 0.0
57848.00027388888 9.191159848182313 0.0 9.191159848182313 0.0
57848.000320555555 9.357763725136676 0.0 9.357763725136676 0.0
57848.000437777766 9.084904175112019 0.0 9.084904175112019 0.0
57848.00048444444 9.500763976072255 0.0 9.500763976072255 0.0
57848.00053111111 9.739510486473588 0.0 9.739510486473588 0.0
57848.00064833332 9.304352086090438 0.0 9.304352086090438 0.0
57848.000695 9.527549188977568 0.0 9.527549188977568 0.0
57848.00074166666 10.098866113291805 0.0 10.098866113291805 0.0
57848.00085888889 8.587688111288987 0.0 8.587688111288987 0.0
57848.00090555554 8.705949022771541 0.0 8.705949022771541 0.0
57848.00095222221 8.73443315737462 0.0 8.73443315737462 0.0
57848.00106944444 8.855834599382087 0.0 8.855834599382087 0.0
57848.001116111096 8.973796981103625 0.0 8.973796981103625 0.0
57848.001162777764 9.007344673349417 0.0 9.007344673349417 0.0
57848.00127999999 8.709097949660126 0.0 8.709097949660126 0.0
57848.001326666665 8.686103101896396 0.0 8.686103101896396 0.0
57848.001373333325 8.753063979673522 0.0 8.753063979673522 0.0
57848.01400888889 9.493121448644258 0.0 9.493121448644258 0.0
57848.01405555554 10.008222426037118 0.0 10.008222426037118 0.0
57848.01410222221 9.161631070446342 0.0 9.161631070446342 0.0
57848.014219444434 9.687371227031747 0.0 9.687371227031747 0.0
57848.0142661111 9.710818709048171 0.0 9.710818709048171 0.0
57848.01431277778 10.244117115880265 0.0 10.244117115880265 0.0
57848.01443 9.08135274845854 0.0 9.08135274845854 0.0
57848.01447666666 9.320113525544219 0.0 9.320113525544219 0.0
57848.014523333324 9.04807946116102 0.0 9.04807946116102 0.0
57848.01464055556 9.649669892398293 0.0 9.649669892398293 0.0
57848.014687222225 9.144891046812123 0.0 9.144891046812123 0.0
57848.01473388888 8.756195962970192 0.0 8.756195962970192 0.0
57848.0148511111 8.694455036809194 0.0 8.694455036809194 0.0
57848.014897777764 8.861296781237005 0.0 8.861296781237005 0.0
57848.01494444445 9.13695085724674 0.0 9.13695085724674 0.0
57848.01506166666 9.160222563854813 0.0 9.160222563854813 0.0
57848.01510833332 9.60863187199993 0.0 9.60863187199993 0.0
57848.015155 10.356702676169702 0.0 10.356702676169702 0.0
57848.01527222221 9.229161357070245 0.0 9.229161357070245 0.0
57848.01531888889 8.895812715596463 0.0 8.895812715596463 0.0
57848.015365555555 8.543248607771726 0.0 8.543248607771726 0.0
57848.015482777766 9.160398639022565 0.0 9.160398639022565 0.0
57848.015529444434 9.335157271857963 0.0 9.335157271857963 0.0
57848.0155761111 9.34396475910279 0.0 9.34396475910279 0.0
57848.015693333335 8.946255298781033 0.0 8.946255298781033 0.0
57848.01574 9.17605579756357 0.0 9.17605579756357 0.0
57848.01578666666 9.345518159921328 0.0 9.345518159921328 0.0
57848.015903888874 8.824452829605669 0.0 8.824452829605669 0.0
57848.01595055556 8.868756322601124 0.0 8.868756322601124 0.0
57848.01599722221 8.910667763978186 0.0 8.910667763978186 0.0
57848.01611444444 8.461868931060774 0.0 8.461868931060774 0.0
57848.01616111111 8.362358056078712 0.0 8.362358056078712 0.0
57848.01620777778 8.37892902541269 0.0 8.37892902541269 0.0
57848.016325 8.544947573406057 0.0 8.544947573406057 0.0
57848.016371666665 8.798460275855454 0.0 8.798460275855454 0.0
57848.01641833332 8.891460201571451 0.0 8.891460201571451 0.0
57848.01653555556 8.70539321155236 0.0 8.70539321155236 0.0
57848.01658222222 8.610758461966205 0.0 8.610758461966205 0.0
57848.01662888888 8.673281181399165 0.0 8.673281181399165 0.0
57848.0167461111 8.330666239863412 0.0 8.330666239863412 0.0
57848.01679277778 8.338600485963825 0.0 8.338600485963825 0.0
57848.01683944443 8.400844811588124 0.0 8.400844811588124 0.0
57848.01695666667 8.257547866902955 0.0 8.257547866902955 0.0
57848.017003333334 8.311282654009469 0.0 8.311282654009469 0.0
57848.01705 8.632646213367098 0.0 8.632646213367098 0.0
57848.01716722221 8.743661298519392 0.0 8.743661298519392 0.0
57848.01721388889 8.752326879547612 0.0 8.752326879547612 0.0
57848.01726055554 8.672723276587238 0.0 8.672723276587238 0.0
57848.01737777777 8.97235898782765 0.0 8.97235898782765 0.0
57848.01742444444 8.84690578312462 0.0 8.84690578312462 0.0
57848.01747111111 8.73369448485798 0.0 8.73369448485798 0.0
57848.01758833332 9.697688450879548 0.0 9.697688450879548 0.0
57848.01763499999 9.170077566773639 0.0 9.170077566773639 0.0
57848.017681666664 8.835412617927489 0.0 8.835412617927489 0.0
57848.017798888875 8.682945835780435 0.0 8.682945835780435 0.0
57848.01784555556 8.685360319006215 0.0 8.685360319006215 0.0
57848.017892222226 8.609821848218726 0.0 8.609821848218726 0.0
57848.01800944443 8.838515420516597 0.0 8.838515420516597 0.0
57848.01805611111 8.945534117377303 0.0 8.945534117377303 0.0
57848.01810277778 9.089696400054365 0.0 9.089696400054365 0.0
57848.01822 8.519616832213874 0.0 8.519616832213874 0.0
57848.01826666665 9.10884008762562 0.0 9.10884008762562 0.0
57848.01831333332 9.927803902302898 0.0 9.927803902302898 0.0
57848.01843055555 8.658205133226648 0.0 8.658205133226648 0.0
57848.01847722221 8.756748549621047 0.0 8.756748549621047 0.0
57848.01852388888 8.675698354339199 0.0 8.675698354339199 0.0
57848.0186411111 8.697051780771423 0.0 8.697051780771423 0.0
57848.018687777774 8.664536545504733 0.0 8.664536545504733 0.0
57848.018734444435 8.76613719321815 0.0 8.76613719321815 0.0
57848.02164777778 9.388909036902307 0.0 9.388909036902307 0.0
57848.02169444443 10.381435042824625 0.0 10.381435042824625 0.0
57848.0217411111 11.771754055721141 0.0 11.771754055721141 0.0
57848.02185833332 8.819882231676631 0.0 8.819882231676631 0.0
57848.02190499999 8.805423548641356 0.0 8.805423548641356 0.0
57848.02195166667 8.990855569464328 0.0 8.990855569464328 0.0
57848.02206888889 9.430390133208494 0.0 9.430390133208494 0.0
57848.022115555556 10.14491768516185 0.0 10.14491768516185 0.0
57848.02216222221 10.055651596602681 0.0 10.055651596602681 0.0
57848.02227944444 9.030771767112567 0.0 9.030771767112567 0.0
57848.02232611111 8.887468524512114 0.0 8.887468524512114 0.0
57848.02237277776 8.833404341366046 0.0 8.833404341366046 0.0
57848.02248999999 8.348459390423384 0.0 8.348459390423384 0.0
57848.02253666666 8.729445904892911 0.0 8.729445904892911 0.0
57848.02258333333 8.65764625690363 0.0 8.65764625690363 0.0
57848.02270055554 9.179043452870097 0.0 9.179043452870097 0.0
57848.02274722221 8.688702341955143 0.0 8.688702341955143 0.0
57848.022793888886 8.377196389893143 0.0 8.377196389893143 0.0
57848.0229111111 8.28095366177031 0.0 8.28095366177031 0.0
57848.02295777778 8.342661445845685 0.0 8.342661445845685 0.0
57848.02300444445 8.255203637510961 0.0 8.255203637510961 0.0
57848.02312166666 8.034803327781525 0.0 8.034803327781525 0.0
57848.02316833332 8.082637704243865 0.0 8.082637704243865 0.0
57848.02321499999 8.056454034679478 0.0 8.056454034679478 0.0
57848.02333222222 8.199331207974495 0.0 8.199331207974495 0.0
57848.02337888889 8.183776240122105 0.0 8.183776240122105 0.0
57848.023425555555 8.245428841133345 0.0 8.245428841133345 0.0
57848.023542777766 8.598011773172498 0.0 8.598011773172498 0.0
57848.02358944444 8.848910995509652 0.0 8.848910995509652 0.0
57848.0236361111 8.812747365551349 0.0 8.812747365551349 0.0
57848.023753333335 8.538905270923577 0.0 8.538905270923577 0.0
57848.0238 8.872574634521891 0.0 8.872574634521891 0.0
57848.02384666666 9.067844642009085 0.0 9.067844642009085 0.0
57848.02396388889 8.121059838667968 0.0 8.121059838667968 0.0
57848.02401055556 8.422320575172126 0.0 8.422320575172126 0.0
57848.02405722221 8.705578485901643 0.0 8.705578485901643 0.0
57848.02417444444 8.733879158844044 0.0 8.733879158844044 0.0
57848.02422111111 8.765401192444996 0.0 8.765401192444996 0.0
57848.024267777764 8.603262696922492 0.0 8.603262696922492 0.0
57848.02438499999 8.304681928616162 0.0 8.304681928616162 0.0
57848.024431666665 8.54400374531753 0.0 8.54400374531753 0.0
57848.02447833332 8.46834713659085 0.0 8.46834713659085 0.0
57848.02459555556 8.177664308859047 0.0 8.177664308859047 0.0
57848.02464222222 8.249731178415999 0.0 8.249731178415999 0.0
57848.02468888889 8.494210552089335 0.0 8.494210552089335 0.0
57848.0248061111 8.453478001543546 0.0 8.453478001543546 0.0
57848.02485277778 8.574907128247194 0.0 8.574907128247194 0.0
57848.024899444434 8.441831325549703 0.0 8.441831325549703 0.0
57848.02501666665 9.745139400515718 0.0 9.745139400515718 0.0
57848.025063333334 9.300017343029268 0.0 9.300017343029268 0.0
57848.02511 8.94733696189416 0.0 8.94733696189416 0.0
57848.02522722221 12.074900654102777 0.0 12.074900654102777 0.0
57848.025273888874 14.06138615660495 0.0 14.06138615660495 0.0
57848.02532055556 14.499054474177317 0.0 14.499054474177317 0.0
57848.02543777777 9.81194137509938 0.0 9.81194137509938 0.0
57848.02548444444 9.887430926311476 0.0 9.887430926311476 0.0
57848.02553111111 9.748283554455343 0.0 9.748283554455343 0.0
57848.02564833332 9.657856571123174 0.0 9.657856571123174 0.0
57848.025695 9.949063823684213 0.0 9.949063823684213 0.0
57848.025741666665 10.474546722042824 0.0 10.474546722042824 0.0
57848.02585888889 10.38795828925756 0.0 10.38795828925756 0.0
57848.02590555554 11.219366896059114 0.0 11.219366896059114 0.0
57848.02595222221 12.758678261001096 0.0 12.758678261001096 0.0
57848.026069444444 10.394787775766556 0.0 10.394787775766556 0.0
57848.0261161111 11.854085997608994 0.0 11.854085997608994 0.0
57848.026162777765 14.09895900984503 0.0 14.09895900984503 0.0
57848.02627999999 9.206939878998009 0.0 9.206939878998009 0.0
57848.026326666666 8.946976422053107 0.0 8.946976422053107 0.0
57848.02637333332 8.814943324063497 0.0 8.814943324063497 0.0
57848.043909999986 7.884856862488722 0.0 7.884856862488722 0.0
57848.043956666654 7.967474202110122 0.0 7.967474202110122 0.0
57848.044003333336 8.105155667049017 0.0 8.105155667049017 0.0
57848.04412055555 8.070256021841223 0.0 8.070256021841223 0.0
57848.04416722222 8.10177200848181 0.0 8.10177200848181 0.0
57848.04421388889 8.131777570224907 0.0 8.131777570224907 0.0
57848.0443311111 8.325824574101334 0.0 8.325824574101334 0.0
57848.04437777778 8.474439747396762 0.0 8.474439747396762 0.0
57848.04442444443 8.363515235639511 0.0 8.363515235639511 0.0
57848.04454166667 7.969295917416723 0.0 7.969295917416723 0.0
57848.04458833333 7.987288287870196 0.0 7.987288287870196 0.0
57848.04463499999 8.119073520957283 0.0 8.119073520957283 0.0
57848.04475222221 8.667700517326642 0.0 8.667700517326642 0.0
57848.04479888888 9.043978570689825 0.0 9.043978570689825 0.0
57848.044845555545 8.770735798757872 0.0 8.770735798757872 0.0
57848.04496277776 8.118278857793886 0.0 8.118278857793886 0.0
57848.045009444446 8.129198667011524 0.0 8.129198667011524 0.0
57848.0450561111 7.981834213973305 0.0 7.981834213973305 0.0
57848.04517333333 8.419255962835548 0.0 8.419255962835548 0.0
57848.04522 8.892004382336069 0.0 8.892004382336069 0.0
57848.04526666665 9.122287489016012 0.0 9.122287489016012 0.0
57848.04538388888 8.12701587895423 0.0 8.12701587895423 0.0
57848.04543055555 8.155939850115967 0.0 8.155939850115967 0.0
57848.04547722222 8.175691743447215 0.0 8.175691743447215 0.0
57848.04559444443 8.294770991802704 0.0 8.294770991802704 0.0
57848.0456411111 8.223098858624386 0.0 8.223098858624386 0.0
57848.04568777777 8.279200522412932 0.0 8.279200522412932 0.0
57848.045805 8.421171476241181 0.0 8.421171476241181 0.0
57848.04585166667 8.817138735659714 0.0 8.817138735659714 0.0
57848.04589833333 8.79772697916911 0.0 8.79772697916911 0.0
57848.046015555556 7.9303418955707805 0.0 7.9303418955707805 0.0
57848.04606222221 8.164241465664608 0.0 8.164241465664608 0.0
57848.04610888888 8.10634956227564 0.0 8.10634956227564 0.0
57848.04622611111 8.32214302425337 0.0 8.32214302425337 0.0
57848.04627277778 8.19952791717402 0.0 8.19952791717402 0.0
57848.046319444446 8.153566407486379 0.0 8.153566407486379 0.0
57848.046436666664 8.478435643899289 0.0 8.478435643899289 0.0
57848.04648333333 8.705763756307952 0.0 8.705763756307952 0.0
57848.048731111114 8.15633535674036 0.0 8.15633535674036 0.0
57848.04877777777 8.066257876427722 0.0 8.066257876427722 0.0
57848.048824444435 8.206213224372796 0.0 8.206213224372796 0.0
57848.04894166665 8.087624955409025 0.0 8.087624955409025 0.0
57848.04898833332 7.977993926844905 0.0 7.977993926844905 0.0
57848.049035 8.037011160070438 0.0 8.037011160070438 0.0
57848.04915222222 8.102170159304395 0.0 8.102170159304395 0.0
57848.04919888889 8.237404852845186 0.0 8.237404852845186 0.0
57848.04924555554 8.354832482249515 0.0 8.354832482249515 0.0
57848.049362777776 8.658763973477225 0.0 8.658763973477225 0.0
57848.049409444444 9.244353115071332 0.0 9.244353115071332 0.0
57848.0494561111 9.333083714019887 0.0 9.333083714019887 0.0
57848.04957333332 8.686660147382828 0.0 8.686660147382828 0.0
57848.04961999999 9.063752694288707 0.0 9.063752694288707 0.0
57848.049666666666 9.45396315599118 0.0 9.45396315599118 0.0
57848.04978388888 8.086228835136534 0.0 8.086228835136534 0.0
57848.049830555545 8.113708034216916 0.0 8.113708034216916 0.0
57848.04987722222 8.195199224093374 0.0 8.195199224093374 0.0
57848.04999444443 8.002822082885674 0.0 8.002822082885674 0.0
57848.05004111111 7.990720424544072 0.0 7.990720424544072 0.0
57848.05008777778 8.154950999635227 0.0 8.154950999635227 0.0
57848.050204999985 7.8199496739573595 0.0 7.8199496739573595 0.0
57848.05025166665 7.850416056366982 0.0 7.850416056366982 0.0
57848.05029833332 7.8473336338714645 0.0 7.8473336338714645 0.0
57848.05041555555 7.904878036642536 0.0 7.904878036642536 0.0
57848.05046222222 8.072853754524202 0.0 8.072853754524202 0.0
57848.05050888889 8.01249024960405 0.0 8.01249024960405 0.0
57848.0506261111 7.86170793230728 0.0 7.86170793230728 0.0
57848.050672777776 7.866835245141057 0.0 7.866835245141057 0.0
57848.050719444436 7.89242184507678 0.0 7.89242184507678 0.0
57848.05083666667 7.8094235878324305 0.0 7.8094235878324305 0.0
57848.05088333334 7.768630053183496 0.0 7.768630053183496 0.0
57848.05093 7.822836710142196 0.0 7.822836710142196 0.0
57848.05104722222 7.882197171986026 0.0 7.882197171986026 0.0
57848.05109388889 7.989307370358492 0.0 7.989307370358492 0.0
57848.051140555544 7.979813240598975 0.0 7.979813240598975 0.0
57848.05125777778 8.165821768890765 0.0 8.165821768890765 0.0
57848.051304444445 8.365250704840753 0.0 8.365250704840753 0.0
57848.0513511111 8.872756417912807 0.0 8.872756417912807 0.0
57848.051468333324 8.952743317175234 0.0 8.952743317175234 0.0
57848.051515 9.213769499346984 0.0 9.213769499346984 0.0
57848.05156166665 9.445429002023046 0.0 9.445429002023046 0.0
57848.051678888885 8.07964387589517 0.0 8.07964387589517 0.0
57848.05172555555 8.054051274699203 0.0 8.054051274699203 0.0
57848.05177222222 8.070256021841223 0.0 8.070256021841223 0.0
57848.05188944443 8.05825563450104 0.0 8.05825563450104 0.0
57848.051936111115 8.040422072054067 0.0 8.040422072054067 0.0
57848.05198277777 8.07984349896345 0.0 8.07984349896345 0.0
57848.052099999986 8.222706563279905 0.0 8.222706563279905 0.0
57848.05214666667 8.455767262643882 0.0 8.455767262643882 0.0
57848.05219333334 8.542871013967746 0.0 8.542871013967746 0.0
57848.05231055555 7.898754495529353 0.0 7.898754495529353 0.0
57848.05235722221 7.886902167927 0.0 7.886902167927 0.0
57848.05240388889 7.906714174185005 0.0 7.906714174185005 0.0
57848.0525211111 7.8748271870439455 0.0 7.8748271870439455 0.0
57848.05256777778 7.9063061804710575 0.0 7.9063061804710575 0.0
57848.052614444445 7.8686802598820895 0.0 7.8686802598820895 0.0
57848.052731666656 7.945987017194236 0.0 7.945987017194236 0.0
57848.05277833333 8.008866054808943 0.0 8.008866054808943 0.0
57848.052825 7.965854549869551 0.0 7.965854549869551 0.0
57848.052942222224 7.952885457289963 0.0 7.952885457289963 0.0
57848.05298888888 7.979813240598975 0.0 7.979813240598975 0.0
57848.053035555546 8.034803327781525 0.0 8.034803327781525 0.0
57848.05315277778 7.853908006065638 0.0 7.853908006065638 0.0
57848.05319944443 7.892626203431705 0.0 7.892626203431705 0.0
57848.0532461111 7.880969319782615 0.0 7.880969319782615 0.0
57848.053363333325 7.803845206050668 0.0 7.803845206050668 0.0
57848.05341 7.8329329570523845 0.0 7.8329329570523845 0.0
57848.053456666654 8.008664662565124 0.0 8.008664662565124 0.0
57848.07581444445 7.906714174185005 0.0 7.906714174185005 0.0
57848.0758611111 7.897120749300486 0.0 7.897120749300486 0.0
57848.07590777777 7.908549885429223 0.0 7.908549885429223 0.0
57848.07602499999 7.887106669299156 0.0 7.887106669299156 0.0
57848.076071666655 7.894465190572524 0.0 7.894465190572524 0.0
57848.07611833333 7.915277184232136 0.0 7.915277184232136 0.0
57848.076235555556 7.937457137298545 0.0 7.937457137298545 0.0
57848.076282222224 7.929528318559605 0.0 7.929528318559605 0.0
57848.07632888888 7.997983616855181 0.0 7.997983616855181 0.0
57848.07644611111 8.022146764406484 0.0 8.022146764406484 0.0
57848.07649277778 8.03400032924586 0.0 8.03400032924586 0.0
57848.07653944443 8.06465806326712 0.0 8.06465806326712 0.0
57848.07665666666 8.009067441988648 0.0 8.009067441988648 0.0
57848.076703333325 8.019934840053857 0.0 8.019934840053857 0.0
57848.07675 8.084832473776576 0.0 8.084832473776576 0.0
57848.07686722221 7.926273175434526 0.0 7.926273175434526 0.0
57848.07691388888 7.93420524710735 0.0 7.93420524710735 0.0
57848.076960555554 7.944769023622379 0.0 7.944769023622379 0.0
57848.077077777765 8.208374952135088 0.0 8.208374952135088 0.0
57848.07712444445 8.536827241712151 0.0 8.536827241712151 0.0
57848.07717111111 8.706319543871567 0.0 8.706319543871567 0.0
57848.07728833332 8.165821768890765 0.0 8.165821768890765 0.0
57848.07733499999 8.08223859120487 0.0 8.08223859120487 0.0
57848.077381666655 8.118477530877009 0.0 8.118477530877009 0.0
57848.07749888889 8.044032049470168 0.0 8.044032049470168 0.0
57848.077545555556 8.014502983000014 0.0 8.014502983000014 0.0
57848.077592222224 7.967271763586247 0.0 7.967271763586247 0.0
57848.077709444435 8.035405524022037 0.0 8.035405524022037 0.0
57848.07775611111 8.168784013429692 0.0 8.168784013429692 0.0
57848.07780277776 8.380276383154944 0.0 8.380276383154944 0.0
57848.07792 8.01832578454485 0.0 8.01832578454485 0.0
57848.077966666664 7.9921332288937155 0.0 7.9921332288937155 0.0
57848.07801333333 7.977993926844905 0.0 7.977993926844905 0.0
57848.07813055556 7.947813657571738 0.0 7.947813657571738 0.0
57848.078177222225 7.948828276402878 0.0 7.948828276402878 0.0
57848.07822388888 7.913646849058461 0.0 7.913646849058461 0.0
57848.07834111111 7.884652302764142 0.0 7.884652302764142 0.0
57848.07838777778 7.884243167392838 0.0 7.884243167392838 0.0
57848.07843444443 7.924848629876259 0.0 7.924848629876259 0.0
57848.07855166666 7.862323386395275 0.0 7.862323386395275 0.0
57848.07859833333 7.905286104063329 0.0 7.905286104063329 0.0
57848.07864499999 7.976174198117144 0.0 7.976174198117144 0.0
57848.07876222222 7.913239212781937 0.0 7.913239212781937 0.0
57848.07880888889 7.976780820485449 0.0 7.976780820485449 0.0
57848.078855555555 8.006046102387144 0.0 8.006046102387144 0.0
57848.07897277777 7.991527771898953 0.0 7.991527771898953 0.0
57848.07901944444 8.0275734492978 0.0 8.0275734492978 0.0
57848.0790661111 8.153368589413747 0.0 8.153368589413747 0.0
57848.07918333332 7.956535151239088 0.0 7.956535151239088 0.0
57848.07923 8.109532423576114 0.0 8.109532423576114 0.0
57848.079276666664 8.229569031948932 0.0 8.229569031948932 0.0
57848.079393888875 8.06585795288567 0.0 8.06585795288567 0.0
57848.07944055554 8.019130352656903 0.0 8.019130352656903 0.0
57848.079487222225 8.042828903700087 0.0 8.042828903700087 0.0
57848.079604444436 7.975567529609089 0.0 7.975567529609089 0.0
57848.07965111111 7.963221912379842 0.0 7.963221912379842 0.0
57848.07969777778 7.945175042226126 0.0 7.945175042226126 0.0
57848.07981499999 8.02797528003009 0.0 8.02797528003009 0.0
57848.079861666665 8.01832578454485 0.0 8.01832578454485 0.0
57848.07990833333 8.04844204519351 0.0 8.04844204519351 0.0
57848.08002555556 7.917925762919022 0.0 7.917925762919022 0.0
57848.08007222221 7.923220264187958 0.0 7.923220264187958 0.0
57848.08011888888 8.005844639205582 0.0 8.005844639205582 0.0
57848.08023611111 8.046437801308263 0.0 8.046437801308263 0.0
57848.080282777766 8.033398027669719 0.0 8.033398027669719 0.0
57848.080329444434 8.03219328902499 0.0 8.03219328902499 0.0
57848.08044666665 8.046437801308263 0.0 8.046437801308263 0.0
57848.080493333335 8.019733725770331 0.0 8.019733725770331 0.0
57848.08053999999 8.129992262822173 0.0 8.129992262822173 0.0
57848.082758888886 8.092210511828146 0.0 8.092210511828146 0.0
57848.08280555555 8.081440305994645 0.0 8.081440305994645 0.0
57848.08285222221 8.184367475116321 0.0 8.184367475116321 0.0
57848.08296944443 8.222706563279905 0.0 8.222706563279905 0.0
57848.0830161111 8.197954111417264 0.0 8.197954111417264 0.0
57848.083062777776 8.179636398575624 0.0 8.179636398575624 0.0
57848.08318 7.945987017194236 0.0 7.945987017194236 0.0
57848.08322666667 8.064258060386964 0.0 8.064258060386964 0.0
57848.08327333332 8.16246325882162 0.0 8.16246325882162 0.0
57848.083390555556 7.937660336201294 0.0 7.937660336201294 0.0
57848.08343722222 7.9654495853513625 0.0 7.9654495853513625 0.0
57848.08348388888 8.148421576817707 0.0 8.148421576817707 0.0
57848.0836011111 7.970510162973541 0.0 7.970510162973541 0.0
57848.08364777776 7.975365296517974 0.0 7.975365296517974 0.0
57848.083694444445 8.035204796956469 0.0 8.035204796956469 0.0
57848.08381166666 7.936441064746436 0.0 7.936441064746436 0.0
57848.083858333324 8.0838349251314 0.0 8.0838349251314 0.0
57848.083905 8.191065155832712 0.0 8.191065155832712 0.0
57848.08402222221 8.28854631404084 0.0 8.28854631404084 0.0
57848.084068888886 8.387394535657316 0.0 8.387394535657316 0.0
57848.08411555555 8.179833581397292 0.0 8.179833581397292 0.0
57848.084232777765 8.11808017984866 0.0 8.11808017984866 0.0
57848.08427944443 8.222902713291582 0.0 8.222902713291582 0.0
57848.0843261111 8.409480057572505 0.0 8.409480057572505 0.0
57848.08444333333 8.238775355284226 0.0 8.238775355284226 0.0
57848.08449 8.229961000181966 0.0 8.229961000181966 0.0
57848.08453666667 8.200118016459944 0.0 8.200118016459944 0.0
57848.08465388888 7.897733443741128 0.0 7.897733443741128 0.0
57848.084700555555 7.969700686491185 0.0 7.969700686491185 0.0
57848.08474722221 8.073453112596265 0.0 8.073453112596265 0.0
57848.08486444444 7.965044600243678 0.0 7.965044600243678 0.0
57848.08491111111 8.113906819218949 0.0 8.113906819218949 0.0
57848.08495777778 8.130190649671139 0.0 8.130190649671139 0.0
57848.085075 8.046638248161415 0.0 8.046638248161415 0.0
57848.08512166666 8.063257966371786 0.0 8.063257966371786 0.0
57848.085168333324 8.044633554877317 0.0 8.044633554877317 0.0
57848.08528555556 7.918333157931662 0.0 7.918333157931662 0.0
57848.085332222225 7.975971980408286 0.0 7.975971980408286 0.0
57848.08537888888 7.9939493247362785 0.0 7.9939493247362785 0.0
57848.085496111096 7.95004564807345 0.0 7.95004564807345 0.0
57848.08554277778 7.952479832346069 0.0 7.952479832346069 0.0
57848.08558944443 7.966866871106576 0.0 7.966866871106576 0.0
57848.085706666665 7.975163058298659 0.0 7.975163058298659 0.0
57848.08575333333 7.979206848771617 0.0 7.979206848771617 0.0
57848.0858 8.025764962033616 0.0 8.025764962033616 0.0
57848.08591722221 8.057855313795633 0.0 8.057855313795633 0.0
57848.08596388889 8.316520674478737 0.0 8.316520674478737 0.0
57848.08601055555 8.540416247316013 0.0 8.540416247316013 0.0
57848.086127777766 8.301379597741958 0.0 8.301379597741958 0.0
57848.08617444444 8.269454091277243 0.0 8.269454091277243 0.0
57848.08622111111 8.179439211000446 0.0 8.179439211000446 0.0
57848.08633833332 7.958156700173485 0.0 7.958156700173485 0.0
57848.08638499999 8.015106704459459 0.0 8.015106704459459 0.0
57848.08643166667 8.089818371899494 0.0 8.089818371899494 0.0
57848.086548888874 8.095797396419389 0.0 8.095797396419389 0.0
57848.08659555556 8.108736825377045 0.0 8.108736825377045 0.0
57848.086642222224 8.117484116836742 0.0 8.117484116836742 0.0
57848.086759444435 7.942535550297646 0.0 7.942535550297646 0.0
57848.08680611111 8.00926882410462 0.0 8.00926882410462 0.0
57848.08685277778 8.014502983000014 0.0 8.014502983000014 0.0
57848.08697 7.916703452093371 0.0 7.916703452093371 0.0
57848.08701666666 7.96382952135223 0.0 7.96382952135223 0.0
57848.087063333325 8.013697950304195 0.0 8.013697950304195 0.0
57848.08718055556 7.922405955833888 0.0 7.922405955833888 0.0
57848.08722722221 7.934611806265574 0.0 7.934611806265574 0.0
57848.08727388888 7.9028373834767365 0.0 7.9028373834767365 0.0
57848.0873911111 8.048241643265136 0.0 8.048241643265136 0.0
57848.08743777778 8.189489723754702 0.0 8.189489723754702 0.0
57848.08748444443 8.195592836121365 0.0 8.195592836121365 0.0
57848.09444944444 8.296132017489409 0.0 8.296132017489409 0.0
57848.0944961111 8.345367654592732 0.0 8.345367654592732 0.0
57848.09454277778 8.228393015218902 0.0 8.228393015218902 0.0
57848.09466 7.906714174185005 0.0 7.906714174185005 0.0
57848.094706666656 7.9303418955707805 0.0 7.9303418955707805 0.0
57848.094753333324 7.918944211153077 0.0 7.918944211153077 0.0
57848.09487055556 7.863964361813383 0.0 7.863964361813383 0.0
57848.09491722221 7.880764659149722 0.0 7.880764659149722 0.0
57848.09496388889 7.880355321938218 0.0 7.880355321938218 0.0
57848.095081111096 7.878103587097105 0.0 7.878103587097105 0.0
57848.095127777764 7.966057024408564 0.0 7.966057024408564 0.0
57848.09517444445 8.113509244344554 0.0 8.113509244344554 0.0
57848.09529166666 7.839725143305769 0.0 7.839725143305769 0.0
57848.095338333325 7.914665847897242 0.0 7.914665847897242 0.0
57848.095384999986 7.974556312867618 0.0 7.974556312867618 0.0
57848.09550222221 8.03299646819694 0.0 8.03299646819694 0.0
57848.09554888888 7.965044600243678 0.0 7.965044600243678 0.0
57848.09559555555 7.908345938555734 0.0 7.908345938555734 0.0
57848.09571277778 8.128206563288353 0.0 8.128206563288353 0.0
57848.09575944443 8.287962510813207 0.0 8.287962510813207 0.0
57848.0958061111 8.33705293331542 0.0 8.33705293331542 0.0
57848.09592333332 7.885061416906471 0.0 7.885061416906471 0.0
57848.09596999999 7.89078678770579 0.0 7.89078678770579 0.0
57848.096016666655 7.929528318559605 0.0 7.929528318559605 0.0
57848.09613388889 7.832109261487033 0.0 7.832109261487033 0.0
57848.096180555556 7.904265896010755 0.0 7.904265896010755 0.0
57848.096227222224 7.966057024408564 0.0 7.966057024408564 0.0
57848.096344444435 8.002822082885674 0.0 8.002822082885674 0.0
57848.09639111111 7.9858746263879645 0.0 7.9858746263879645 0.0
57848.096437777764 8.028577988419183 0.0 8.028577988419183 0.0
57848.09655499999 7.830255629658999 0.0 7.830255629658999 0.0
57848.09660166666 7.839930875271303 0.0 7.839930875271303 0.0
57848.09664833333 7.885265966017806 0.0 7.885265966017806 0.0
57848.09676555556 7.843838757369563 0.0 7.843838757369563 0.0
57848.096812222226 7.9107929540148065 0.0 7.9107929540148065 0.0
57848.096858888886 7.992940433544688 0.0 7.992940433544688 0.0
57848.0969761111 7.849388716696763 0.0 7.849388716696763 0.0
57848.09702277778 7.8965080073205405 0.0 7.8965080073205405 0.0
57848.09706944445 7.904878036642536 0.0 7.904878036642536 0.0
57848.09718666666 7.952479832346069 0.0 7.952479832346069 0.0
57848.097233333334 7.9455810400823506 0.0 7.9455810400823506 0.0
57848.09728 8.002015875047745 0.0 8.002015875047745 0.0
57848.09739722222 8.144263764028306 0.0 8.144263764028306 0.0
57848.09744388888 8.188504924784855 0.0 8.188504924784855 0.0
57848.097490555556 8.093605600281201 0.0 8.093605600281201 0.0
57848.09760777778 7.864784721127299 0.0 7.864784721127299 0.0
57848.097654444435 7.862323386395275 0.0 7.862323386395275 0.0
57848.0977011111 7.832109261487033 0.0 7.832109261487033 0.0
57848.097818333335 7.819330884664682 0.0 7.819330884664682 0.0
57848.097865 7.854934754662192 0.0 7.854934754662192 0.0
57848.09791166666 7.855140088276696 0.0 7.855140088276696 0.0
57848.13206444444 7.7449254978819475 0.0 7.7449254978819475 0.0
57848.1321111111 7.79433210116337 0.0 7.79433210116337 0.0
57848.13215777776 7.814997987740439 0.0 7.814997987740439 0.0
57848.13227499999 7.7984696596356695 0.0 7.7984696596356695 0.0
57848.13232166666 7.805085190996296 0.0 7.805085190996296 0.0
57848.13236833333 7.805291836002117 0.0 7.805291836002117 0.0
57848.13248555556 7.7819062263772505 0.0 7.7819062263772505 0.0
57848.132532222226 7.801571388446835 0.0 7.801571388446835 0.0
57848.13257888888 7.949639878230233 0.0 7.949639878230233 0.0
57848.13269611111 7.819743416300447 0.0 7.819743416300447 0.0
57848.13274277778 7.812933858920794 0.0 7.812933858920794 0.0
57848.13278944443 7.840342323007044 0.0 7.840342323007044 0.0
57848.13290666666 7.905490129874832 0.0 7.905490129874832 0.0
57848.13295333332 7.986076593349122 0.0 7.986076593349122 0.0
57848.133 7.827989483567202 0.0 7.827989483567202 0.0
57848.13311722221 7.836226873496149 0.0 7.836226873496149 0.0
57848.13316388888 7.837461735256696 0.0 7.837461735256696 0.0
57848.133210555556 7.833344772354951 0.0 7.833344772354951 0.0
57848.13332777777 7.86560499488017 0.0 7.86560499488017 0.0
57848.13337444444 7.8098366427920105 0.0 7.8098366427920105 0.0
57848.13342111111 7.814585205593697 0.0 7.814585205593697 0.0
57848.13353833332 7.851648686535471 0.0 7.851648686535471 0.0
57848.13358499999 7.828813612588127 0.0 7.828813612588127 0.0
57848.13363166666 7.817267899935042 0.0 7.817267899935042 0.0
57848.13374888889 7.816442553588454 0.0 7.816442553588454 0.0
57848.13379555556 7.836021044283355 0.0 7.836021044283355 0.0
57848.133842222225 7.8582194486553885 0.0 7.8582194486553885 0.0
57848.133959444436 7.9063061804710575 0.0 7.9063061804710575 0.0
57848.13400611111 7.905286104063329 0.0 7.905286104063329 0.0
57848.134052777765 7.986480511949049 0.0 7.986480511949049 0.0
57848.13417 7.821805748117907 0.0 7.821805748117907 0.0
57848.134216666665 7.826959200262937 0.0 7.826959200262937 0.0
57848.13426333333 7.898958690048757 0.0 7.898958690048757 0.0
57848.13438055556 7.8594508549857025 0.0 7.8594508549857025 0.0
57848.13442722222 7.884447737732318 0.0 7.884447737732318 0.0
57848.13447388888 7.886697661252141 0.0 7.886697661252141 0.0
57848.13459111111 7.863349036162399 0.0 7.863349036162399 0.0
57848.13463777778 7.881583269794825 0.0 7.881583269794825 0.0
57848.134684444434 7.8748271870439455 0.0 7.8748271870439455 0.0
57848.13480166665 7.850416056366982 0.0 7.850416056366982 0.0
57848.134848333335 7.86109243003467 0.0 7.86109243003467 0.0
57848.13489499999 7.864989797585819 0.0 7.864989797585819 0.0
57848.13501222222 7.860682068411441 0.0 7.860682068411441 0.0
57848.13505888889 7.839519405941224 0.0 7.839519405941224 0.0
57848.13510555556 7.886493149274168 0.0 7.886493149274168 0.0
57848.13522277777 7.89139997392016 0.0 7.89139997392016 0.0
57848.13526944444 7.912016177940993 0.0 7.912016177940993 0.0
57848.1353161111 7.895078091096764 0.0 7.895078091096764 0.0
57848.13543333332 7.909365620334481 0.0 7.909365620334481 0.0
57848.13548 7.93115538912532 0.0 7.93115538912532 0.0
57848.135526666665 8.065458009513522 0.0 8.065458009513522 0.0
57848.135643888876 7.9215915637721315 0.0 7.9215915637721315 0.0
57848.135690555544 7.887720141603533 0.0 7.887720141603533 0.0
57848.13573722222 7.93013850914305 0.0 7.93013850914305 0.0
57848.13585444443 7.897937664658965 0.0 7.897937664658965 0.0
57848.13590111111 7.948625362997701 0.0 7.948625362997701 0.0
57848.13594777778 8.06145748448713 0.0 8.06145748448713 0.0
57848.13606499999 7.950451397207258 0.0 7.950451397207258 0.0
57848.13611166667 7.914258264105849 0.0 7.914258264105849 0.0
57848.136158333335 7.949436985541604 0.0 7.949436985541604 0.0
57848.13627555555 7.9417232224458365 0.0 7.9417232224458365 0.0
57848.13632222221 7.955724252831842 0.0 7.955724252831842 0.0
57848.136368888874 7.975365296517974 0.0 7.975365296517974 0.0
57848.136486111114 8.07245415775353 0.0 8.07245415775353 0.0
57848.13653277777 8.262624748948454 0.0 8.262624748948454 0.0
57848.136579444435 8.302351007881112 0.0 8.302351007881112 0.0
57848.136696666654 7.975163058298659 0.0 7.975163058298659 0.0
57848.136743333336 8.07185472550624 0.0 8.07185472550624 0.0
57848.13678999999 8.10993019340706 0.0 8.10993019340706 0.0
57848.15637 8.715207324537804 0.0 8.715207324537804 0.0
57848.15641666666 8.820430828479978 0.0 8.820430828479978 0.0
57848.15646333332 8.830665046376197 0.0 8.830665046376197 0.0
57848.156580555544 8.676813745505521 0.0 8.676813745505521 0.0
57848.15662722221 8.606823999294903 0.0 8.606823999294903 0.0
57848.15667388889 8.642542935218593 0.0 8.642542935218593 0.0
57848.15679111111 8.876391303939071 0.0 8.876391303939071 0.0
57848.15683777778 8.899438184514796 0.0 8.899438184514796 0.0
57848.156884444434 8.815492228219957 0.0 8.815492228219957 0.0
57848.15700166667 8.852373474330614 0.0 8.852373474330614 0.0
57848.157048333334 9.012178140644451 0.0 9.012178140644451 0.0
57848.15709499999 9.002150280761777 0.0 9.002150280761777 0.0
57848.15721222221 8.943730909449654 0.0 8.943730909449654 0.0
57848.157258888874 8.996952889191016 0.0 8.996952889191016 0.0
57848.15730555556 8.930737064550105 0.0 8.930737064550105 0.0
57848.15742277777 8.87566444582256 0.0 8.87566444582256 0.0
57848.157469444435 8.860932740533473 0.0 8.860932740533473 0.0
57848.15751611111 8.900163101078904 0.0 8.900163101078904 0.0
57848.15763333332 8.635821869100747 0.0 8.635821869100747 0.0
57848.15768 8.615440003366801 0.0 8.615440003366801 0.0
57848.157726666665 8.63227253000379 0.0 8.63227253000379 0.0
57848.157843888876 8.664350393534155 0.0 8.664350393534155 0.0
57848.15789055554 8.657087344501186 0.0 8.657087344501186 0.0
57848.15793722221 8.616750379161171 0.0 8.616750379161171 0.0
57848.158054444444 8.607948314990535 0.0 8.607948314990535 0.0
57848.15810111111 8.601200216323901 0.0 8.601200216323901 0.0
57848.15814777778 8.619370533113006 0.0 8.619370533113006 0.0
57848.15826499999 8.661743845878433 0.0 8.661743845878433 0.0
57848.158311666666 8.692228638828906 0.0 8.692228638828906 0.0
57848.15835833332 8.70131617778635 0.0 8.70131617778635 0.0
57848.15847555555 8.68888797220613 0.0 8.68888797220613 0.0
57848.15852222222 8.727598051121253 0.0 8.727598051121253 0.0
57848.15856888889 8.791491487833287 0.0 8.791491487833287 0.0
57848.158686111114 8.67179335547152 0.0 8.67179335547152 0.0
57848.158732777774 8.667700517326642 0.0 8.667700517326642 0.0
57848.158779444435 8.641236470664108 0.0 8.641236470664108 0.0
57848.15889666667 8.780660567406077 0.0 8.780660567406077 0.0
57848.158943333336 8.699647749635725 0.0 8.699647749635725 0.0
57848.15898999999 8.650750480216601 0.0 8.650750480216601 0.0
57848.15910722221 8.69593898545233 0.0 8.69593898545233 0.0
57848.15915388889 8.720572635829265 0.0 8.720572635829265 0.0
57848.15920055554 8.861296781237005 0.0 8.861296781237005 0.0
57848.159317777776 8.703540251140671 0.0 8.703540251140671 0.0
57848.159364444444 8.697237232815427 0.0 8.697237232815427 0.0
57848.15941111111 8.652428337122029 0.0 8.652428337122029 0.0
57848.15952833332 8.862570805941273 0.0 8.862570805941273 0.0
57848.159575 8.852737867006766 0.0 8.852737867006766 0.0
57848.15962166666 8.77275842153314 0.0 8.77275842153314 0.0
57848.15973888888 8.754353755556108 0.0 8.754353755556108 0.0
57848.15978555555 8.799926685911615 0.0 8.799926685911615 0.0
57848.15983222222 8.830482396496734 0.0 8.830482396496734 0.0
57848.15994944443 8.686474469523146 0.0 8.686474469523146 0.0
57848.1599961111 8.697422680905108 0.0 8.697422680905108 0.0
57848.16004277778 8.705022651023874 0.0 8.705022651023874 0.0
57848.160159999985 8.690558466037318 0.0 8.690558466037318 0.0
57848.16020666667 8.665839497333677 0.0 8.665839497333677 0.0
57848.160253333335 8.6788582570037 0.0 8.6788582570037 0.0
57848.160370555546 8.740709353364862 0.0 8.740709353364862 0.0
57848.16041722222 8.7782722967637 0.0 8.7782722967637 0.0
57848.16046388889 8.765953198818197 0.0 8.765953198818197 0.0
57848.16058111111 8.687774131205224 0.0 8.687774131205224 0.0
57848.16062777777 8.685731718391432 0.0 8.685731718391432 0.0
57848.160674444436 8.71002388797139 0.0 8.71002388797139 0.0
57848.16079166667 8.700018539097785 0.0 8.700018539097785 0.0
57848.16083833332 8.714096847692694 0.0 8.714096847692694 0.0
57848.16088499999 8.706690049203727 0.0 8.706690049203727 0.0
57848.16100222221 8.692970834846042 0.0 8.692970834846042 0.0
57848.16104888889 8.7161326138337 0.0 8.7161326138337 0.0
57848.161095555544 8.71280111248997 0.0 8.71280111248997 0.0
57848.16209555554 8.71280111248997 0.0 8.71280111248997 0.0
