57848.041361111114 103.49651287990335 0.0 127.23024806782387 0.0
57848.04236111111 103.49651287990335 0.0 127.23024806782387 0.0
57848.04305555556 102.99134026412123 0.0 125.17115450414285 0.0
57848.04375 102.79377398364164 0.0 123.23294610127601 0.0
57848.044444444444 102.99392977258417 0.0 122.01389404940734 0.0
57848.04513888889 103.20537742530668 0.0 120.8252297539715 0.0
57848.04583333333 102.90666328377381 0.0 119.07148838533934 0.0
57848.04652777778 102.59555103365837 0.0 117.04841413107656 0.0
57848.049305555556 102.03780486564771 0.0 111.5170550265743 0.0
57848.049791666665 102.3483239657592 0.0 110.62126996965819 0.0
57848.04990740741 94.81836954804697 0.0 104.85124767593373 0.0
57848.05 95.53428705271212 0.0 105.62415482170734 0.0
57848.05002314815 96.22358455836074 0.0 106.40110961310508 0.0
57848.050150462965 107.34271697837725 0.0 115.5522044276958 0.0
57848.0502662037 113.93755513876889 0.0 120.51616560030443 0.0
57848.05038194444 96.66531174268255 0.0 109.00908827707899 0.0
57848.05050925926 96.33166047702075 0.0 106.11676365164931 0.0
57848.050625 108.31096486505879 0.0 117.26621972588696 0.0
57848.05069444444 111.85701953789042 0.0 123.76095115099916 0.0
57848.05074074074 115.6875264646107 0.0 131.36809755720756 0.0
57848.050983796296 396.58315466872773 0.0 199.471112738662 0.0
57848.051099537035 510.64076140668595 0.0 205.4754867024288 0.0
57848.05122685185 318.98857775475284 0.0 212.77410296368308 0.0
57848.05134259259 364.73857410205466 0.0 179.74195399766856 0.0
57848.05138888889 400.1588232439715 0.0 187.14148724187268 0.0
57848.051458333335 449.19869817932465 0.0 195.7979403042841 0.0
57848.05158564815 334.1129107457537 0.0 182.37073823423538 0.0
57848.05170138889 481.5050374970131 0.0 206.33443621460768 0.0
57848.05181712963 397.52924036981227 0.0 232.480911844177 0.0
57848.05194444444 262.42989333972605 0.0 475.9112710611086 0.0
57848.05206018518 194.35236455649311 0.0 814.8456870788481 0.0
57848.052083333336 165.76826825571897 0.0 272.9517408693339 0.0
57848.05217592593 146.85644025305803 0.0 198.52469215238693 0.0
57848.052303240744 175.32380002327122 0.0 445.25900123635904 0.0
57848.05241898148 1248.7631687834166 0.0 664.442598623839 0.0
57848.05253472222 194.2081732324878 0.0 716.9363409264452 0.0
57848.05266203704 200.95708911829908 0.0 354.74999863002114 0.0
57848.052777777775 281.04687204717294 0.0 262.5696448335184 0.0
57848.05289351852 266.9033373691682 0.0 364.30215071970133 0.0
57848.05302083334 245.37019701809754 0.0 300.77625203380006 0.0
57848.053136574075 820.7450930447285 0.0 154.47568194120393 0.0
57848.053252314814 517.9407773742091 0.0 383.8221897702112 0.0
57848.05337962963 474.30461803043835 0.0 731.2909852992856 0.0
57848.05347222222 207.53921714967512 0.0 956.4409663460679 0.0
57848.07571759259 91.84165664261506 0.0 100.414275462705 0.0
57848.075844907406 84.88891274324345 0.0 93.71264636040326 0.0
57848.07596064815 84.88179245162063 0.0 93.86760455332819 0.0
57848.07607638889 84.65984055300365 0.0 93.57573373685081 0.0
57848.076203703706 91.91031388533062 0.0 102.17000791621777 0.0
57848.076319444444 93.55245856747966 0.0 103.63315834519375 0.0
57848.07638888889 88.8773760374371 0.0 98.17541478068732 0.0
57848.07643518518 84.79672888920892 0.0 93.45840111803754 0.0
57848.07655092593 85.3522271610999 0.0 94.48741709201285 0.0
57848.07667824074 86.76193170648058 0.0 95.26097842684591 0.0
57848.07679398148 85.36572698800146 0.0 94.32566765568109 0.0
57848.07690972222 85.18841719823183 0.0 93.9717681893876 0.0
57848.07703703704 84.79074297498519 0.0 93.20165646264019 0.0
57848.07708333333 84.6616074139276 0.0 93.30119694366198 0.0
57848.077152777776 84.52394688311709 0.0 93.39758194059415 0.0
57848.07726851852 85.3431501441094 0.0 93.82455393722903 0.0
57848.07739583333 85.32200621738802 0.0 93.47116825802489 0.0
57848.077511574076 84.44560215102975 0.0 93.82087836265444 0.0
57848.077627314815 84.5388598580558 0.0 92.80523078474619 0.0
57848.07775462963 83.7177720970882 0.0 92.66258190731574 0.0
57848.07777777778 83.76116107343546 0.0 92.62616856158955 0.0
57848.07787037037 83.85035724819542 0.0 92.61256718885402 0.0
57848.07798611111 84.12116114420913 0.0 93.10369567407086 0.0
57848.07811342592 84.41746638303 0.0 92.63614560899 0.0
57848.07822916667 84.4242323703331 0.0 93.00149710504664 0.0
57848.07834490741 85.21587361736074 0.0 93.75648309023755 0.0
57848.07847222222 83.85394868239659 0.0 92.23906332324717 0.0
57848.07858796296 83.7929413343988 0.0 92.53717062834805 0.0
57848.0787037037 86.3444738210269 0.0 95.54812772535107 0.0
57848.078831018516 85.47104580078566 0.0 94.01531728649327 0.0
57848.07894675926 98.9710002400198 0.0 109.30430267560376 0.0
57848.0790625 90.20995047338182 0.0 99.53972892820234 0.0
57848.07916666667 94.26741345857539 0.0 103.06069355045113 0.0
57848.079189814816 98.82774698787786 0.0 106.87160134619486 0.0
57848.079305555555 86.44137562568055 0.0 95.14674310516361 0.0
57848.079421296294 84.85907804077299 0.0 93.26416901023671 0.0
57848.07954861111 84.49618265241335 0.0 93.0662037779021 0.0
57848.079664351855 83.88933236294112 0.0 92.56582582654356 0.0
57848.079780092594 84.12073945829292 0.0 92.75701289870217 0.0
57848.07986111111 84.72983896898424 0.0 93.77563773326204 0.0
57848.07990740741 85.35315665509975 0.0 94.83012974150147 0.0
57848.08002314815 85.1374098100829 0.0 93.70085039149858 0.0
57848.08013888889 85.66404321446659 0.0 94.79884554455292 0.0
57848.0802662037 84.66672118093389 0.0 93.56680145906454 0.0
57848.08038194444 85.54989645651244 0.0 94.45440257182298 0.0
57848.08049768519 85.75243040141778 0.0 96.20931466937077 0.0
57848.080555555556 84.84704496268564 0.0 94.35877165266619 0.0
57848.082650462966 83.0978586237335 0.0 91.85199726679872 0.0
57848.082766203705 84.46346826906885 0.0 93.31648126547636 0.0
57848.08289351852 83.21323640088757 0.0 91.75161244784748 0.0
57848.08300925926 82.92227398473827 0.0 91.41598136392783 0.0
57848.083125 87.29897908566858 0.0 97.87434120309571 0.0
57848.08325231481 91.64169778365087 0.0 102.3986327003442 0.0
57848.083333333336 87.86546472630756 0.0 97.81174608435327 0.0
57848.08336805556 84.51242815444365 0.0 93.79205360439657 0.0
57848.0834837963 88.65292015190475 0.0 97.02851756128194 0.0
57848.08361111111 89.63231875060468 0.0 100.48710527425895 0.0
57848.08372685185 84.38514420933343 0.0 92.62182877038221 0.0
57848.08384259259 84.50145839492949 0.0 93.0914483553672 0.0
57848.083969907406 83.67485195493327 0.0 92.45181204497833 0.0
57848.084027777775 84.2072166271395 0.0 93.02392489800674 0.0
57848.084085648145 84.76521987460423 0.0 93.59755390414858 0.0
57848.08420138889 83.82350369651701 0.0 92.16489832447058 0.0
57848.084328703706 86.98376138349042 0.0 96.5283504109544 0.0
57848.084444444445 84.4895585961366 0.0 92.71649922554238 0.0
57848.08456018518 82.57198223271621 0.0 91.10694725639752 0.0
57848.0846875 84.33119266481413 0.0 92.22664139997727 0.0
57848.08472222222 84.85370802940788 0.0 93.11886186568218 0.0
57848.08480324074 85.3892445126434 0.0 94.07219477890372 0.0
57848.08491898148 83.13059940136364 0.0 91.48946855021073 0.0
57848.0850462963 88.03027466269772 0.0 94.17033782948855 0.0
57848.08516203704 83.17614032353268 0.0 91.61135070060915 0.0
57848.085277777776 84.48594841256148 0.0 93.44404095468046 0.0
57848.08540509259 83.68606604913388 0.0 91.93899223485104 0.0
57848.08541666667 83.47874742034645 0.0 91.71733209846435 0.0
57848.08552083333 83.2229725032698 0.0 91.44947459318725 0.0
57848.08563657408 82.74559967279227 0.0 91.2153088716472 0.0
57848.085752314815 83.71839309703692 0.0 92.14899463504743 0.0
57848.08587962963 83.18110586040558 0.0 91.48701281247519 0.0
57848.08599537037 84.08409051152304 0.0 92.96126923525733 0.0
57848.08611111111 84.09816389678195 0.0 92.41765734138687 0.0
57848.08623842592 82.8286735864459 0.0 91.84072694545705 0.0
57848.08635416667 82.56274854708992 0.0 90.8968809425274 0.0
57848.08646990741 82.54039134011904 0.0 90.8263785165411 0.0
57848.086597222224 82.13048080572766 0.0 90.65171667172112 0.0
57848.08671296296 82.51702392197625 0.0 90.83118119814363 0.0
57848.086805555555 82.35645996714526 0.0 90.6518450404072 0.0
57848.0868287037 82.26496402071784 0.0 90.54165194362206 0.0
57848.08695601852 85.1297782515613 0.0 93.9685417743087 0.0
57848.08707175926 82.04612314539914 0.0 90.28052020834838 0.0
57848.0871875 82.0563110260265 0.0 90.56730812075625 0.0
57848.08731481482 82.33616396001213 0.0 90.81486373232082 0.0
57848.087430555555 82.09508809782714 0.0 90.3240194076858 0.0
57848.0875 82.36676199481195 0.0 90.72555350048849 0.0
57848.0931712963 81.94479590358377 0.0 90.54134012190232 0.0
57848.09328703704 82.78084159447765 0.0 91.90828695552975 0.0
57848.09340277778 80.93498465781038 0.0 89.60273465173928 0.0
57848.09353009259 81.13602217338486 0.0 89.20919733844711 0.0
57848.09364583333 83.81025680607357 0.0 92.15415117025385 0.0
57848.09375 82.09186966984002 0.0 90.75894320346619 0.0
57848.09376157408 80.49181466851148 0.0 89.42524577025215 0.0
57848.09388888889 80.8231123993626 0.0 89.32793984398162 0.0
57848.09400462963 80.67139824634255 0.0 88.88179319405072 0.0
57848.09412037037 80.58627452811055 0.0 88.89139119751698 0.0
57848.094247685185 80.58304810287335 0.0 89.14053809754571 0.0
57848.094363425924 81.58950317234442 0.0 89.81648614925881 0.0
57848.09444444445 81.53075565637792 0.0 89.78320532805677 0.0
57848.09447916667 81.4700876784848 0.0 89.73343095663957 0.0
57848.09459490741 82.35687133111603 0.0 91.09383697797563 0.0
57848.094722222224 84.30733098040763 0.0 93.71564628123737 0.0
57848.09483796296 81.38225247146949 0.0 89.59860933859409 0.0
57848.0949537037 80.00315082001458 0.0 88.5822836369666 0.0
57848.09508101852 80.0767175258202 0.0 88.8116848146121 0.0
57848.095138888886 80.22336826224638 0.0 88.78242244656315 0.0
57848.09519675926 80.3790980728199 0.0 88.76516583300005 0.0
57848.0953125 81.14881010926777 0.0 89.60597674156563 0.0
57848.09543981482 82.2223679894346 0.0 90.38777536060947 0.0
57848.095555555556 80.1008042039529 0.0 88.64587070444962 0.0
57848.095671296294 81.48403576897748 0.0 89.92497888812652 0.0
57848.09579861111 80.3077635657973 0.0 88.9332543932808 0.0
57848.09583333333 80.79931119396997 0.0 89.28447666313556 0.0
57848.09591435185 81.2949393900383 0.0 89.64841710119593 0.0
57848.096030092594 79.6898699179513 0.0 88.22866660264111 0.0
57848.09615740741 80.21977219245889 0.0 88.50246804208344 0.0
57848.09627314815 79.83655911498191 0.0 88.14489733977798 0.0
57848.09638888889 79.7871307527724 0.0 88.4164900955133 0.0
57848.0965162037 79.77172136716118 0.0 88.28648008608113 0.0
57848.09652777778 80.04815732014073 0.0 88.4902243586262 0.0
57848.09663194444 80.35547289718355 0.0 88.71452161703856 0.0
57848.09674768519 80.17081753961351 0.0 88.45110608047816 0.0
57848.096875 80.88164013142908 0.0 91.25351766606042 0.0
57848.09699074074 83.6211260120312 0.0 93.96069465196604 0.0
57848.09710648148 87.84426008613198 0.0 98.95848187790676 0.0
57848.09722222222 86.84947189281003 0.0 97.81809959992067 0.0
57848.097233796296 85.81660321342251 0.0 96.63500984229266 0.0
57848.097349537034 80.03736906276967 0.0 88.59051443709987 0.0
57848.09746527778 80.92185401639041 0.0 89.12511630960152 0.0
57848.097592592596 81.4290023291456 0.0 90.07200010297318 0.0
57848.097708333335 79.15540428802066 0.0 87.54792183273113 0.0
57848.09782407407 82.2462783541602 0.0 90.16258008996859 0.0
57848.097916666666 82.12301889476544 0.0 90.57305594645683 0.0
57848.132002314815 88.3378591661582 0.0 97.51858824383174 0.0
57848.13211805555 88.51489495243159 0.0 97.58324380394413 0.0
57848.13224537037 88.50131537220224 0.0 97.54720324448057 0.0
57848.132361111115 88.93564440206188 0.0 98.41315586952793 0.0
57848.13247685185 90.52026763675636 0.0 99.68468949312125 0.0
57848.13260416667 88.49672706931031 0.0 97.55210718416082 0.0
57848.13263888889 88.91641268624146 0.0 97.95872192760581 0.0
57848.13271990741 89.31622839238119 0.0 98.32037251861895 0.0
57848.132835648146 88.70532191807885 0.0 97.85167317475977 0.0
57848.13296296296 88.38252869600417 0.0 97.54457572053917 0.0
57848.1330787037 89.71344610826183 0.0 98.59093447345957 0.0
57848.13319444445 88.62902579933957 0.0 97.90208851858064 0.0
57848.13332175926 88.98071029335516 0.0 98.10641925985271 0.0
57848.13333333333 88.72533753139517 0.0 97.81281561395726 0.0
57848.1334375 88.46537930015334 0.0 97.555433512952 0.0
57848.13355324074 88.64132992075423 0.0 97.98325231793442 0.0
57848.133680555555 89.60157853860612 0.0 98.91642834610437 0.0
57848.13379629629 89.38211860584867 0.0 98.48536050571171 0.0
57848.13391203704 88.39438319423921 0.0 97.74471857737379 0.0
57848.13402777778 88.41126107453734 0.0 97.68261472800572 0.0
57848.134039351855 88.43410844566705 0.0 97.59116762694255 0.0
57848.13415509259 89.58222937072955 0.0 98.61025401021944 0.0
57848.13427083333 88.70984865678669 0.0 98.06452355413755 0.0
57848.13439814815 88.71705637221064 0.0 97.65643506615424 0.0
57848.13451388889 88.82549483588595 0.0 98.1459708815395 0.0
57848.13462962963 89.30390506002523 0.0 98.33325099308982 0.0
57848.134722222225 88.7044721912599 0.0 97.89953880177373 0.0
57848.13475694445 88.10443287496946 0.0 97.4463042539839 0.0
57848.13487268519 88.59062165381842 0.0 97.74853864733733 0.0
57848.134988425925 88.57711213603659 0.0 97.71175971442742 0.0
57848.135104166664 88.06673266126091 0.0 97.24412702472063 0.0
57848.13523148148 88.17910324028024 0.0 97.30929174246414 0.0
57848.135347222225 88.02874204071077 0.0 97.09318958737528 0.0
57848.135416666664 87.97219743197279 0.0 97.03823139453851 0.0
57848.135462962964 87.93198260917355 0.0 97.04487938521022 0.0
57848.13559027778 88.88665790190336 0.0 98.06272018075983 0.0
57848.13570601852 88.81008347704669 0.0 98.0038153457813 0.0
57848.13582175926 88.71146048707574 0.0 97.75250883547695 0.0
57848.13594907407 88.07495605267141 0.0 97.12036634578764 0.0
57848.13606481482 88.2014786381725 0.0 97.41525799047088 0.0
57848.13611111111 88.40441498256747 0.0 97.76635828775663 0.0
57848.13618055556 88.59272853507787 0.0 98.06275821962178 0.0
57848.13630787037 87.9990921787833 0.0 97.16279349776848 0.0
57848.13642361111 87.96979465788243 0.0 97.26736958317521 0.0
57848.13653935185 88.80337151099613 0.0 98.14415785333328 0.0
57848.136666666665 88.20155227301842 0.0 97.54020204843744 0.0
57848.136782407404 87.73606039223553 0.0 96.9059878810386 0.0
57848.13680555556 87.77583775043107 0.0 96.90543483185037 0.0
57848.15626157408 87.29192933713861 0.0 96.80711649656755 0.0
57848.156377314815 86.3757739354039 0.0 96.11632563128909 0.0
57848.15650462963 87.33601042439481 0.0 96.69742578843555 0.0
57848.15662037037 86.59036322715133 0.0 95.98409033584682 0.0
57848.15673611111 86.47068115592707 0.0 95.93194404425462 0.0
57848.156863425924 86.87730076562 0.0 96.53478263133967 0.0
57848.15694444445 86.89556504534625 0.0 96.5121252153324 0.0
57848.15697916667 86.8745108077162 0.0 96.434600046923 0.0
57848.15709490741 86.26761134290204 0.0 95.92394211889959 0.0
57848.15721064815 86.37224995732136 0.0 95.97314097371202 0.0
57848.15733796296 86.59417176738859 0.0 96.20569347434693 0.0
57848.1574537037 86.35764029708083 0.0 95.91320629600493 0.0
57848.15756944445 86.45293163091695 0.0 96.02331800021284 0.0
57848.157638888886 86.43246016092566 0.0 95.99126882133604 0.0
57848.15769675926 86.42378025404814 0.0 95.96912554629223 0.0
57848.1578125 86.20651197067423 0.0 95.64058438471609 0.0
57848.15792824074 86.28518949732914 0.0 95.86840330651178 0.0
57848.158055555556 87.03093274807527 0.0 96.6747742125111 0.0
57848.158171296294 86.1975613221163 0.0 95.50020082785167 0.0
57848.15828703704 86.22816932424114 0.0 95.72125390538926 0.0
57848.15833333333 86.6943297077727 0.0 96.04341816121499 0.0
57848.15841435185 87.1723460838929 0.0 96.37343919228991 0.0
57848.158530092594 86.13230976677683 0.0 95.61164605428567 0.0
57848.15864583333 87.09460783498598 0.0 96.19416511353482 0.0
57848.15877314815 86.07573149715314 0.0 95.50005268694882 0.0
57848.15888888889 86.19525714852297 0.0 95.53904925693996 0.0
57848.159004629626 86.18702627304181 0.0 95.51912912987639 0.0
57848.15902777778 86.12286323880552 0.0 95.50084374192723 0.0
57848.15913194444 86.02872578604196 0.0 95.43920913010543 0.0
57848.15924768519 86.3281688228124 0.0 95.62517614258287 0.0
57848.159363425926 86.19223900694308 0.0 95.72505294200677 0.0
57848.15949074074 85.92176976185954 0.0 95.2815072636868 0.0
57848.15960648148 86.32681192057309 0.0 95.59793016389006 0.0
57848.15972222222 86.0970293210515 0.0 95.237544634141 0.0
57848.159849537034 86.24189387971487 0.0 95.47725880606335 0.0
57848.15996527778 86.57370901567057 0.0 96.07375507952212 0.0
57848.16008101852 86.59937180961533 0.0 95.7075716236704 0.0
57848.160208333335 85.83388484130262 0.0 95.27727590805691 0.0
57848.16032407407 85.98208750646846 0.0 95.40599232249512 0.0
57848.160416666666 86.73068982995581 0.0 96.2635976436576 0.0
57848.16043981481 87.5214990009312 0.0 97.14256852894101 0.0
57848.16056712963 86.08715051005 0.0 95.48033093951864 0.0
57848.16068287037 86.48546828381055 0.0 95.94304291255307 0.0
57848.16079861111 86.2550322420669 0.0 95.44849441269359 0.0
57848.16092592593 85.86714335099312 0.0 95.2499678421993 0.0
57848.161041666666 86.5464773387109 0.0 96.03314772348139 0.0
57848.16111111111 86.76166686400164 0.0 96.03659904609285 0.0
57848.16211111111 86.76166686400164 0.0 96.03659904609285 0.0
