57848.06875 230.38082532 0.0 201.642605269 0.0
57848.0694444 230.386462445 0.0 202.176469143 0.0
57848.0701389 229.392195205 0.0 201.371917979 0.0
57848.0708333 229.318584042 0.0 201.010434568 0.0
57848.1013889 212.920325322 0.0 185.93393604 0.0
57848.1020833 212.657886342 0.0 185.563375249 0.0
57848.1027778 212.822711414 0.0 186.129406178 0.0
57848.1034722 212.541821706 0.0 185.843112161 0.0
57848.1666667 238.659677278 0.0 208.967778539 0.0
57848.1673611 237.97849952 0.0 208.251845535 0.0
57848.1680556 237.087303773 0.0 207.358150545 0.0
57848.16875 236.599283133 0.0 206.674347016 0.0
