57848.2430556 75.0310587024 0.0 75.3560657811 0.0
57848.24375 75.0586161543 0.0 75.4751505331 0.0
57848.2444444 74.9473114661 0.0 75.455062355 0.0
57848.2451389 75.0153831024 0.0 75.6160804856 0.0
57848.2584259 90.9512867638 0.0 90.5233487118 0.0
57848.2585532 91.5056535303 0.0 91.5438163996 0.0
57848.258669 88.7911003592 0.0 88.7009462013 0.0
57848.2587847 86.8951735886 0.0 86.7904638944 0.0
57848.258912 88.8920743824 0.0 88.8317900698 0.0
57848.2590278 86.8709284226 0.0 87.0883395352 0.0
57848.2591435 86.5781388342 0.0 86.4315004382 0.0
57848.2592708 87.8340195539 0.0 88.5068003602 0.0
57848.2593866 87.2128740038 0.0 87.174582104 0.0
57848.2595023 86.0710112059 0.0 86.275609485 0.0
57848.2596296 85.9862435916 0.0 85.9211502425 0.0
57848.2597222 86.3959056495 0.0 86.3502685983 0.0
57848.2597454 86.8250498819 0.0 86.7994882589 0.0
57848.2598611 85.8746525466 0.0 85.8043564279 0.0
57848.2599884 86.0460689457 0.0 86.2263492675 0.0
57848.2601042 86.6249791804 0.0 86.5036552754 0.0
57848.2602199 87.7637148826 0.0 87.6723818086 0.0
57848.2603356 87.0122209807 0.0 87.0848075269 0.0
57848.2604167 86.2496449036 0.0 86.3038675321 0.0
57848.260463 85.5304771763 0.0 85.5672578794 0.0
57848.2605787 85.4684237131 0.0 85.3894306223 0.0
57848.2606944 87.2214302394 0.0 87.227278348 0.0
57848.2608218 88.0742006492 0.0 88.4339823993 0.0
57848.2609375 85.5307414442 0.0 85.6094949232 0.0
57848.2610532 85.6761329134 0.0 85.4885709086 0.0
57848.2611111 87.0368263783 0.0 86.9113016184 0.0
57848.2715741 82.4989290355 0.0 82.4621278649 0.0
57848.2716898 82.4006667995 0.0 82.3623326892 0.0
57848.2718171 83.1712996231 0.0 83.1806493843 0.0
57848.2719329 82.7789294688 0.0 82.8406614471 0.0
57848.2720486 82.1458309837 0.0 82.1626401961 0.0
57848.2721759 82.1920150745 0.0 82.1864342577 0.0
57848.2722222 82.9538603683 0.0 82.8870923486 0.0
57848.2722917 83.7222630248 0.0 83.5909212295 0.0
57848.2724074 82.1766925594 0.0 82.0989026114 0.0
57848.2725347 82.2763741058 0.0 82.373166359 0.0
57848.2726505 84.1019579915 0.0 83.9393032196 0.0
57848.2727662 82.2876792236 0.0 82.2172578295 0.0
57848.2728935 82.448126704 0.0 82.3095392528 0.0
57848.2729167 82.1531887999 0.0 82.0894864584 0.0
57848.2730093 81.8703435073 0.0 81.8802585487 0.0
57848.273125 81.7649338959 0.0 81.7079578988 0.0
57848.2732523 82.7586586286 0.0 83.0440127643 0.0
57848.2733681 81.9204210133 0.0 81.8972834897 0.0
57848.2734838 82.4789453133 0.0 82.5908299995 0.0
57848.2736111 82.9228895239 0.0 82.781765009 0.0
57848.2737269 81.9712702232 0.0 81.9559242886 0.0
57848.2738426 82.5496281033 0.0 82.4923085687 0.0
57848.2739583 83.2711580381 0.0 83.4444338347 0.0
57848.2740856 81.5869063024 0.0 81.5593722634 0.0
57848.2742014 82.2699411207 0.0 82.2584881638 0.0
57848.2743056 81.833943978 0.0 81.8280689678 0.0
57848.284838 79.2883054996 0.0 79.3281337358 0.0
57848.2849537 78.9875649517 0.0 78.9725284007 0.0
57848.285081 79.2726067378 0.0 79.1891241586 0.0
57848.2851968 80.653625399 0.0 80.5953060296 0.0
57848.2853125 79.6054670736 0.0 79.4929069666 0.0
57848.2854167 79.2291877846 0.0 79.1747922258 0.0
57848.2854398 78.9536008932 0.0 78.9560571774 0.0
57848.2855556 79.0288802464 0.0 78.9864011207 0.0
57848.2856713 81.098608231 0.0 81.2667086635 0.0
57848.2857986 79.604260445 0.0 79.4701532401 0.0
57848.2859144 79.1033787711 0.0 79.1494200989 0.0
57848.2860301 80.7653239887 0.0 80.6508873045 0.0
57848.2861111 80.5257529614 0.0 80.4157072343 0.0
57848.2861574 80.1445429022 0.0 80.0389970577 0.0
57848.2862731 78.9574554238 0.0 78.9656635444 0.0
57848.2863889 79.014820015 0.0 79.0222585162 0.0
57848.2865162 79.2567992919 0.0 79.4378116076 0.0
57848.2866319 78.6846161521 0.0 78.7448326051 0.0
57848.2867477 78.6005339677 0.0 78.5633632363 0.0
57848.2868056 87.5748908535 0.0 87.5934889875 0.0
57848.286875 100.86514735 0.0 101.000833546 0.0
57848.2869907 88.4731818802 0.0 88.5573169535 0.0
57848.2871065 80.1525749306 0.0 80.1716126257 0.0
57848.2872222 87.7287680923 0.0 87.9036835747 0.0
57848.2873495 95.3858609229 0.0 95.668408469 0.0
57848.2874653 80.1053900184 0.0 80.0006470036 0.0
57848.2875 79.977275585 0.0 79.941319191 0.0
57848.2979861 77.3364318223 0.0 77.3818760822 0.0
57848.2981019 77.8103505711 0.0 77.7669806087 0.0
57848.2982176 78.6650997965 0.0 78.5379724656 0.0
57848.2983449 77.2165351074 0.0 77.1700953155 0.0
57848.2984606 77.6355462594 0.0 77.5492496353 0.0
57848.2985764 77.0438285523 0.0 77.0444334394 0.0
57848.2986111 77.0151557292 0.0 77.0202344452 0.0
57848.2987037 76.9883811753 0.0 76.9979311865 0.0
57848.2988194 77.2529129936 0.0 77.2919228251 0.0
57848.2989352 77.3828693446 0.0 77.4466015394 0.0
57848.2990625 76.9837972498 0.0 76.9825095655 0.0
57848.2991782 77.3331980265 0.0 77.3486864013 0.0
57848.299294 77.686927092 0.0 77.474836218 0.0
57848.2993056 77.2743885062 0.0 77.2022329729 0.0
57848.2994213 76.89174126 0.0 76.9560773494 0.0
57848.299537 77.7680784834 0.0 77.7012438897 0.0
57848.2996528 77.4034743729 0.0 77.4500267011 0.0
57848.2997801 77.2193618142 0.0 77.2477803435 0.0
57848.2998958 78.3168616838 0.0 78.3567424731 0.0
57848.3 78.2743442259 0.0 78.3063364231 0.0
57848.3000116 78.2050963621 0.0 78.2292188252 0.0
57848.3001389 76.9344289314 0.0 76.9316265394 0.0
57848.3002546 78.4014178061 0.0 78.5315997481 0.0
57848.3003704 77.0517899597 0.0 77.0682006342 0.0
57848.3004861 76.9292027776 0.0 76.9466656393 0.0
57848.3006134 76.8570967706 0.0 76.8947405484 0.0
57848.3006944 77.088304982 0.0 77.156760151 0.0
57848.3167477 75.2695460462 0.0 75.3951932022 0.0
57848.3168634 75.1152047391 0.0 75.1915760375 0.0
57848.3169792 75.1111955969 0.0 75.1670304921 0.0
57848.3171065 75.0236362422 0.0 74.968594518 0.0
57848.3172222 75.2319003947 0.0 75.2508956026 0.0
57848.317338 76.7606537166 0.0 76.5894338274 0.0
57848.3173611 75.8864282003 0.0 75.7755792192 0.0
57848.3174653 75.0605749312 0.0 75.0063270865 0.0
57848.317581 75.7463469482 0.0 75.8113964058 0.0
57848.3176968 74.9249387053 0.0 74.8338671792 0.0
57848.3178241 75.1020390735 0.0 75.1444214164 0.0
57848.3179398 74.7202472627 0.0 74.6942912611 0.0
57848.3180556 75.3601601644 0.0 75.3376197991 0.0
57848.3181829 75.1219279039 0.0 75.0724390772 0.0
57848.3182986 75.2569859481 0.0 75.3928570357 0.0
57848.3184144 74.8931391651 0.0 74.8046802881 0.0
57848.3185301 75.2533937175 0.0 75.2708867159 0.0
57848.3186574 75.0196298045 0.0 75.0067403638 0.0
57848.31875 74.9844521218 0.0 74.9688973508 0.0
57848.3187731 74.9297171021 0.0 74.9115099301 0.0
57848.3188889 75.0168515202 0.0 75.0772555172 0.0
57848.3190162 74.8107453913 0.0 74.8011588613 0.0
57848.3191319 75.0777736151 0.0 75.084465657 0.0
57848.3192477 75.6942329772 0.0 75.6027604456 0.0
57848.319375 74.6935480614 0.0 74.6644590284 0.0
57848.3194444 74.6789839915 0.0 74.6870081607 0.0
57848.3194907 74.6937558769 0.0 74.7389565555 0.0
57848.3196065 74.8354586009 0.0 74.82008614 0.0
57848.3197338 74.5629807344 0.0 74.5706167468 0.0
57848.3198495 75.9307983956 0.0 75.9251673097 0.0
57848.3199653 76.0933685875 0.0 76.2521230459 0.0
57848.3200926 79.6940829108 0.0 79.9470712284 0.0
57848.3201389 77.9140153952 0.0 78.1913707963 0.0
57848.3202083 76.1980244035 0.0 76.4961567727 0.0
57848.3203241 75.8967118853 0.0 75.8966442209 0.0
57848.3204514 75.9039823329 0.0 75.9509039117 0.0
57848.3205671 74.8631368565 0.0 74.8227017088 0.0
57848.3206829 76.4316226833 0.0 76.5059885826 0.0
57848.3208102 74.6116133655 0.0 74.6430996744 0.0
57848.3208333 74.5246554034 0.0 74.5476790316 0.0
57848.3209259 74.4722044457 0.0 74.486816753 0.0
57848.3210417 74.4639656277 0.0 74.4384815401 0.0
57848.321169 75.0115890513 0.0 75.0042969969 0.0
57848.3212847 74.4102903905 0.0 74.3994164964 0.0
57848.3214005 74.5762053607 0.0 74.547655664 0.0
57848.3215278 74.4623542134 0.0 74.4936479305 0.0
57848.3298843 74.0357174747 0.0 74.0457068911 0.0
57848.3300116 74.0736285664 0.0 74.1164310123 0.0
57848.3301273 74.5542941285 0.0 74.5245935916 0.0
57848.3302431 74.6578068055 0.0 74.7236371304 0.0
57848.3303704 75.6112578721 0.0 75.7536836068 0.0
57848.3304861 74.3517687012 0.0 74.3846235253 0.0
57848.3305556 75.1043534357 0.0 75.1877957052 0.0
57848.3306019 75.9037978496 0.0 76.0411965582 0.0
57848.3307292 75.0910707541 0.0 75.1642670888 0.0
57848.3308449 76.3390009956 0.0 76.4108240173 0.0
57848.3309606 78.9643425921 0.0 78.9815982049 0.0
57848.331088 74.7535314818 0.0 74.8262032179 0.0
57848.3312037 74.1410334093 0.0 74.1544921566 0.0
57848.33125 74.480149785 0.0 74.5745323619 0.0
57848.3313194 74.8298056258 0.0 75.007642464 0.0
57848.3314468 75.4379816737 0.0 75.5048628633 0.0
57848.3315625 73.8909530254 0.0 73.9434110858 0.0
57848.3316782 74.3291349674 0.0 74.3789803439 0.0
57848.3318056 74.640830964 0.0 74.6277801894 0.0
57848.3319213 74.0718281805 0.0 74.0871283355 0.0
57848.3319444 76.5864662261 0.0 76.9360261971 0.0
57848.332037 79.3533937523 0.0 80.1181358807 0.0
57848.3321528 74.1144408061 0.0 74.1805282942 0.0
57848.3322801 74.8460740654 0.0 74.9800414844 0.0
57848.3323958 80.2917984915 0.0 80.5187510149 0.0
57848.3325116 74.0110939117 0.0 73.9464322195 0.0
57848.3326389 76.6101386893 0.0 76.9563819381 0.0
57848.3327546 73.8613955595 0.0 73.8341231884 0.0
57848.3328704 73.8741887536 0.0 73.8848060429 0.0
57848.3329977 77.5327709875 0.0 77.6861602153 0.0
57848.3331134 75.9860782249 0.0 76.1658855722 0.0
57848.3332292 73.7748673262 0.0 73.7838446748 0.0
57848.3333333 74.4405354696 0.0 74.4602598572 0.0
57848.3333565 75.1212690854 0.0 75.1523360914 0.0
57848.3334722 74.7898004477 0.0 74.7098046979 0.0
57848.333588 74.7194451063 0.0 74.7494946739 0.0
57848.3337153 75.3859431459 0.0 75.354228322 0.0
57848.333831 74.2669997711 0.0 74.3440661048 0.0
57848.3339468 75.23861056 0.0 75.2293320986 0.0
57848.3340278 75.4110499065 0.0 75.4477142994 0.0
57848.3340741 75.5473035521 0.0 75.6305840517 0.0
57848.3341898 74.1181165978 0.0 74.1309901526 0.0
57848.3343056 79.8349245944 0.0 79.8980767854 0.0
57848.3344329 74.2899409543 0.0 74.3295708181 0.0
57848.3345486 74.0039216664 0.0 74.1149980031 0.0
57848.3346644 83.75588365 0.0 84.2344573438 0.0
57848.3347222 80.3222661906 0.0 80.5693242494 0.0
57848.3431481 73.9595656085 0.0 73.8137582704 0.0
57848.3432755 74.0020238102 0.0 73.8890158278 0.0
57848.3433912 73.5241841777 0.0 73.4969429772 0.0
57848.3435069 73.5939898022 0.0 73.5191023 0.0
57848.3436343 73.2764698658 0.0 73.277082966 0.0
57848.34375 73.3255466464 0.0 73.3246580967 0.0
57848.3438657 74.8301394159 0.0 74.7676728874 0.0
57848.3439931 73.3669649161 0.0 73.3946835745 0.0
57848.3441088 76.0959365144 0.0 76.0291510475 0.0
57848.3442245 73.3345957444 0.0 73.3260037572 0.0
57848.3443519 74.8507921 0.0 74.8860001602 0.0
57848.3444444 74.3284249261 0.0 74.3649503866 0.0
57848.3444676 73.8533318815 0.0 73.89113639 0.0
57848.3445833 73.4284559759 0.0 73.4032007545 0.0
57848.3447106 73.4570466735 0.0 73.4043984104 0.0
57848.3448264 73.8141738083 0.0 73.8807144389 0.0
57848.3449421 73.400740875 0.0 73.3729931242 0.0
57848.3450694 73.3060495594 0.0 73.3448466561 0.0
57848.3451389 73.3662783164 0.0 73.3749185417 0.0
57848.3451852 73.4177950636 0.0 73.3961911546 0.0
57848.3453009 73.851887112 0.0 73.9954109928 0.0
57848.3454167 73.8213891091 0.0 73.7701788055 0.0
57848.345544 73.6528963585 0.0 73.6530156409 0.0
57848.3456597 73.3270070711 0.0 73.2965168681 0.0
57848.3457755 74.4311315983 0.0 74.3998146301 0.0
57848.3458333 74.1096037299 0.0 74.0622229345 0.0
57848.3459028 73.7611581457 0.0 73.6981668429 0.0
57848.3460185 74.5059680831 0.0 74.3874176726 0.0
57848.3461343 74.6143117639 0.0 74.8223524289 0.0
57848.3462616 75.9574118635 0.0 75.9539452432 0.0
57848.3463773 73.4463427136 0.0 73.5124223244 0.0
57848.3464931 73.4416530587 0.0 73.4647605318 0.0
57848.3465278 73.3117427361 0.0 73.3479329293 0.0
57848.3466204 73.2028908514 0.0 73.252065104 0.0
57848.3467361 74.6046257949 0.0 74.7443705104 0.0
57848.3468519 73.4577921939 0.0 73.5360094308 0.0
57848.3469792 74.8672043354 0.0 74.9520472169 0.0
57848.3470949 74.6724295239 0.0 74.5921549829 0.0
57848.3472106 74.5627858989 0.0 74.540865168 0.0
57848.3472222 73.935528584 0.0 73.9229768949 0.0
57848.347338 73.3677764485 0.0 73.3641411181 0.0
57848.3474537 75.8252595116 0.0 75.7966544578 0.0
57848.3475694 73.3931801055 0.0 73.4539428077 0.0
57848.3476968 73.8825018594 0.0 73.9366959229 0.0
57848.3478125 73.796899752 0.0 73.7290682703 0.0
57848.3479167 73.8958253692 0.0 73.9157621756 0.0
57848.3535532 74.7251250584 0.0 74.7506637429 0.0
57848.353669 73.9341506612 0.0 74.1184673411 0.0
57848.3537847 73.8874332752 0.0 73.8859602969 0.0
57848.353912 73.2632240759 0.0 73.2859328384 0.0
57848.3540278 73.4119382117 0.0 73.4807745332 0.0
57848.3541435 73.9682228325 0.0 73.9454885034 0.0
57848.3541667 74.5712131053 0.0 74.6870907453 0.0
57848.3542593 75.2644932555 0.0 75.5274380606 0.0
57848.3543866 74.08019703 0.0 74.1136748853 0.0
57848.3545023 74.1894485827 0.0 74.1537834841 0.0
57848.3546181 73.7223336242 0.0 73.7727931829 0.0
57848.3547454 73.5040013265 0.0 73.4874505817 0.0
57848.3548611 73.3189928395 0.0 73.3256860588 0.0
57848.3549769 74.0306350439 0.0 74.0111322572 0.0
57848.3551042 73.9607497258 0.0 74.0035585293 0.0
57848.3552199 73.1443024712 0.0 73.1411914519 0.0
57848.3553356 74.3401155434 0.0 74.294359584 0.0
57848.355463 73.3173540575 0.0 73.3028897589 0.0
57848.3555556 73.3280617431 0.0 73.3000451637 0.0
57848.3555787 73.3249921787 0.0 73.2834245584 0.0
57848.3556944 73.4522788278 0.0 73.4371354493 0.0
57848.3558218 74.3417465022 0.0 74.232375154 0.0
57848.3559375 74.5560486815 0.0 74.4402762085 0.0
57848.3560532 73.0495946738 0.0 73.0354207491 0.0
57848.3561806 73.4652943505 0.0 73.4757040116 0.0
57848.35625 73.3838177053 0.0 73.370803696 0.0
57848.3562963 73.312165157 0.0 73.275878903 0.0
57848.356412 73.2758530486 0.0 73.2806263415 0.0
57848.3565394 73.1708469542 0.0 73.162695631 0.0
57848.3566551 73.2081052275 0.0 73.1193943219 0.0
57848.3567708 73.9916065172 0.0 74.0356957285 0.0
57848.3568981 74.5160548204 0.0 74.5856073046 0.0
57848.3569444 76.319396414 0.0 76.3331787167 0.0
57848.3570139 78.2668936844 0.0 78.216165062 0.0
57848.3571296 73.7389565766 0.0 73.7057644354 0.0
57848.3572569 73.6324223152 0.0 73.6484932568 0.0
57848.3573727 72.9263706762 0.0 72.9331738717 0.0
57848.3574884 73.0065566028 0.0 73.057984526 0.0
57848.3576157 73.1857809619 0.0 73.1287477809 0.0
57848.3576389 73.1690281813 0.0 73.1597675024 0.0
57848.3577315 73.1562036946 0.0 73.1947507203 0.0
57848.3578472 73.065874928 0.0 73.0522352293 0.0
57848.3579745 73.2994563486 0.0 73.2645869298 0.0
57848.3580903 73.6271694893 0.0 73.6346166351 0.0
57848.358206 73.8285163064 0.0 73.7002710714 0.0
57848.3583333 74.0318966527 0.0 73.8844427265 0.0
57848.3604745 72.9205438748 0.0 72.9567023515 0.0
57848.3606019 72.821937869 0.0 72.8581859711 0.0
57848.3607176 73.1292920997 0.0 73.1481904629 0.0
57848.3608333 73.9658251492 0.0 74.0408392038 0.0
57848.3609606 75.2665645888 0.0 75.2731942327 0.0
57848.3610764 75.3951273956 0.0 75.5098036019 0.0
57848.3611111 74.2795443107 0.0 74.3152711695 0.0
57848.3611921 73.1843801982 0.0 73.1480716219 0.0
57848.3613194 74.4328402992 0.0 74.5934444774 0.0
57848.3614352 72.8930086565 0.0 72.9089270803 0.0
57848.3615509 74.1647460927 0.0 74.1337366656 0.0
57848.3616782 75.8467163693 0.0 76.1081675118 0.0
57848.361794 73.3890532096 0.0 73.388805536 0.0
57848.3618056 73.3923012379 0.0 73.43231636 0.0
57848.3619097 73.4181871678 0.0 73.4986039187 0.0
57848.362037 73.7430352847 0.0 73.6224657017 0.0
57848.3621528 73.0983184348 0.0 73.0729326427 0.0
57848.3622685 72.8116304377 0.0 72.7911472502 0.0
57848.3623958 73.8390854494 0.0 73.9577115993 0.0
57848.3625 73.433493775 0.0 73.4936048919 0.0
57848.3625116 73.0270243266 0.0 73.0306554126 0.0
57848.3626273 73.6443882587 0.0 73.5945078929 0.0
57848.3627546 72.7984137258 0.0 72.8105959459 0.0
57848.3628704 72.9232919718 0.0 72.8651095861 0.0
57848.3629861 72.8212919207 0.0 72.8470494392 0.0
57848.3631134 73.1731366555 0.0 73.1920575746 0.0
57848.3631944 73.0387365033 0.0 73.0902371524 0.0
57848.3632292 72.8883195924 0.0 72.97207002 0.0
57848.3633449 72.9346126335 0.0 72.9527107516 0.0
57848.3634606 72.8165822323 0.0 72.8016921575 0.0
57848.363588 72.8012955585 0.0 72.7356834504 0.0
57848.3637037 72.8009396849 0.0 72.8666553301 0.0
57848.3638194 73.2558529197 0.0 73.1656701398 0.0
57848.3638889 73.0301738872 0.0 73.0032100253 0.0
57848.3639468 72.8073689952 0.0 72.8426925642 0.0
57848.3640625 72.6638159265 0.0 72.6275852827 0.0
57848.3641782 72.7010526678 0.0 72.6749422772 0.0
57848.3643056 72.8675400093 0.0 72.9224820889 0.0
57848.3644213 72.7972438833 0.0 72.8033443119 0.0
57848.364537 72.8133968786 0.0 72.8746347504 0.0
57848.3645833 72.6874190834 0.0 72.7280377777 0.0
57848.3646644 72.5957867097 0.0 72.6160053432 0.0
57848.3647801 73.369127397 0.0 73.4040055855 0.0
57848.3648958 73.2523589381 0.0 73.3193624631 0.0
57848.3650231 73.9403341486 0.0 73.9466044657 0.0
57848.3651389 72.8114506105 0.0 72.8105561097 0.0
57848.3652546 72.5988281861 0.0 72.5854279246 0.0
57848.3652778 73.3930934217 0.0 73.4644188638 0.0
57848.3674074 73.851405315 0.0 73.9771057017 0.0
57848.3675347 75.0169620486 0.0 75.075800049 0.0
57848.3676505 73.4608309305 0.0 73.4042528264 0.0
57848.3677662 73.2674681765 0.0 73.2318779016 0.0
57848.3678819 73.6535516455 0.0 73.6467813282 0.0
57848.3680093 73.7239709932 0.0 73.7198877305 0.0
57848.3680556 73.4661777963 0.0 73.4755242445 0.0
57848.368125 73.1808428825 0.0 73.2033320826 0.0
57848.3682407 72.9401422469 0.0 72.8962422214 0.0
57848.3683681 72.934852389 0.0 72.973101976 0.0
57848.3684838 72.9445595367 0.0 72.943181388 0.0
57848.3685995 73.1323786158 0.0 73.1577561028 0.0
57848.3687269 73.1038944517 0.0 73.1413756502 0.0
57848.36875 72.974448446 0.0 72.9757119938 0.0
57848.3688426 72.9040578295 0.0 72.8694689085 0.0
57848.3689583 73.387954359 0.0 73.5156013714 0.0
57848.3690856 72.9322676598 0.0 72.9695872881 0.0
57848.3692014 72.9287836523 0.0 72.936643767 0.0
57848.3693171 72.9330526099 0.0 72.8949835723 0.0
57848.3694444 72.9721951362 0.0 72.9890784912 0.0
57848.3695602 73.5194387288 0.0 73.4308694283 0.0
57848.3696759 72.8690771727 0.0 72.9039797679 0.0
57848.3698032 73.4424729227 0.0 73.3638161289 0.0
57848.369919 72.958451923 0.0 72.9384617332 0.0
57848.3700347 72.8497234243 0.0 72.8446552878 0.0
57848.3701389 72.7795686096 0.0 72.7637294055 0.0
57848.370162 72.7279520336 0.0 72.7013776004 0.0
57848.3702778 72.6858163606 0.0 72.7064087753 0.0
57848.3703935 72.8219715059 0.0 72.8082978169 0.0
57848.3705208 72.6200893417 0.0 72.5965447525 0.0
57848.3706366 72.6790992858 0.0 72.6969100788 0.0
57848.3707523 72.5331656761 0.0 72.5095123622 0.0
57848.3708333 72.5698941848 0.0 72.5559673494 0.0
57848.3708796 72.6316258389 0.0 72.6274699408 0.0
57848.3709954 72.7647975191 0.0 72.7104904811 0.0
57848.3711111 72.6727576193 0.0 72.6327992026 0.0
57848.3712384 72.6155647916 0.0 72.6056124346 0.0
57848.3713542 72.4933518745 0.0 72.5099717487 0.0
57848.3714699 72.7567603251 0.0 72.8155361376 0.0
57848.3715278 72.6304116056 0.0 72.6536448707 0.0
57848.3715972 72.5046657188 0.0 72.4927793715 0.0
57848.371713 72.5620718351 0.0 72.5510899574 0.0
57848.3718287 72.6390588458 0.0 72.6311241893 0.0
57848.371956 72.5387732389 0.0 72.5342906286 0.0
57848.3720718 72.7307113123 0.0 72.772774449 0.0
57848.3721875 72.5691357879 0.0 72.5573099281 0.0
57848.3722222 72.5642782159 0.0 72.5650454282 0.0
57848.3743403 72.5260050671 0.0 72.560943482 0.0
57848.374456 72.4875540076 0.0 72.4916119148 0.0
57848.3745833 73.2028654016 0.0 73.1970884872 0.0
57848.3746991 72.55237513 0.0 72.5356876027 0.0
57848.3748148 72.4360694199 0.0 72.4077694726 0.0
57848.3749421 72.3716764695 0.0 72.3672589297 0.0
57848.375 72.6308896682 0.0 72.5801969617 0.0
57848.3750579 72.9094914329 0.0 72.8115405345 0.0
57848.3751736 72.7958179843 0.0 72.6400848705 0.0
57848.3753009 72.6520275629 0.0 72.6254630966 0.0
57848.3754167 72.6287662294 0.0 72.6697451557 0.0
57848.3755324 72.3980258433 0.0 72.3945067875 0.0
57848.3756597 72.6086471297 0.0 72.5822980347 0.0
57848.3756944 72.5583433452 0.0 72.5701170662 0.0
57848.3757755 72.5199732763 0.0 72.5697827956 0.0
57848.3758912 72.9046832241 0.0 72.8911658228 0.0
57848.3760185 72.8738159424 0.0 72.8978842491 0.0
57848.3761343 72.5999006611 0.0 72.5896715587 0.0
57848.37625 72.4559552418 0.0 72.4542501031 0.0
57848.3763773 72.6291907707 0.0 72.6753084066 0.0
57848.3763889 72.5291850499 0.0 72.5609964099 0.0
57848.3764931 72.4177830992 0.0 72.4354190227 0.0
57848.3766088 72.4857436466 0.0 72.462249282 0.0
57848.3767245 72.5640930213 0.0 72.5725472476 0.0
57848.3768519 72.4785603196 0.0 72.5028750602 0.0
57848.3769676 72.8058253233 0.0 72.769339986 0.0
57848.3770833 72.4044548698 0.0 72.4069807408 0.0
57848.3772106 72.4575091623 0.0 72.5213411418 0.0
57848.3773264 72.5365582793 0.0 72.5579966165 0.0
57848.3774421 72.4704890421 0.0 72.4897518895 0.0
57848.3775694 72.9134573724 0.0 72.8724982212 0.0
57848.3776852 72.7776005032 0.0 72.8341911399 0.0
57848.3777778 72.633515666 0.0 72.6877973528 0.0
57848.3778009 72.4994786878 0.0 72.5514828449 0.0
57848.3779282 72.410948668 0.0 72.385752507 0.0
57848.378044 72.3141543268 0.0 72.3243190981 0.0
57848.3781597 72.3343474844 0.0 72.3653054647 0.0
57848.378287 72.2886605008 0.0 72.2971144445 0.0
57848.3784028 72.4956044185 0.0 72.4931438965 0.0
57848.3784722 72.5899018115 0.0 72.6223586508 0.0
57848.3806713 72.3058375859 0.0 72.2953655223 0.0
57848.3807986 72.0873657862 0.0 72.0982729682 0.0
57848.3809144 72.1466588901 0.0 72.1729527732 0.0
57848.3810301 72.1039535879 0.0 72.1208646371 0.0
57848.3811458 72.0758303941 0.0 72.0850381286 0.0
57848.38125 72.1650248181 0.0 72.1753684992 0.0
57848.3812731 72.2546852737 0.0 72.2661730341 0.0
57848.3813889 72.1260276045 0.0 72.1505645785 0.0
57848.3815046 72.1208796674 0.0 72.1237239333 0.0
57848.3816319 72.8249048472 0.0 72.8219059418 0.0
57848.3817477 72.1023560919 0.0 72.1100432603 0.0
57848.3818634 72.188119632 0.0 72.1641456473 0.0
57848.3819444 72.2120309575 0.0 72.2009766277 0.0
57848.3819907 72.2297301462 0.0 72.2316236561 0.0
57848.3821065 72.2796966236 0.0 72.2509513017 0.0
57848.3822222 72.2314711189 0.0 72.2338396183 0.0
57848.3823495 72.5205097403 0.0 72.5774959681 0.0
57848.3824653 72.4345537088 0.0 72.4132024565 0.0
57848.382581 72.1693410944 0.0 72.1697594772 0.0
57848.3826389 72.2042005426 0.0 72.2293070228 0.0
57848.3827083 72.2536102835 0.0 72.3035122453 0.0
57848.3828241 72.2296812121 0.0 72.2304898779 0.0
57848.3829398 72.3614946709 0.0 72.3315824312 0.0
57848.3830671 72.315435586 0.0 72.3286546743 0.0
57848.3831829 72.3452087702 0.0 72.2909532307 0.0
57848.3832986 72.5303680743 0.0 72.5291220683 0.0
57848.3833333 72.7044535775 0.0 72.7071397526 0.0
57848.3834259 72.849556663 0.0 72.8562268169 0.0
57848.3835417 72.2536310991 0.0 72.2699987132 0.0
57848.3836574 72.2941367885 0.0 72.3303071057 0.0
57848.3837847 72.5896534638 0.0 72.5941195897 0.0
57848.3839005 72.2118804838 0.0 72.1967046616 0.0
57848.3840162 72.4557874017 0.0 72.5975736854 0.0
57848.3840278 72.29209075 0.0 72.3680061146 0.0
