57848.4 208.463768692 0.0 181.694763306 0.0
57848.4006944 208.737702803 0.0 181.951898881 0.0
57848.4013889 208.644356579 0.0 181.673318914 0.0
57848.4208333 207.527184888 0.0 180.281165687 0.0
57848.4215278 207.777353365 0.0 180.547507868 0.0
57848.4222222 208.095881996 0.0 180.878089101 0.0
57848.4486111 207.921063943 0.0 182.393893723 0.0
57848.4493056 208.276788863 0.0 182.671374793 0.0
57848.45 208.32666656 0.0 182.621601544 0.0
57848.4791667 236.72549723 0.0 208.270553311 0.0
57848.4798611 236.407088913 0.0 207.852345194 0.0
57848.4805556 236.071747843 0.0 207.545957984 0.0
57848.5166667 227.190634524 0.0 199.043165716 0.0
57848.5173611 227.076278734 0.0 198.964853648 0.0
57848.5180556 226.704224034 0.0 198.566289759 0.0
57848.5590278 215.725896307 0.0 187.87257356 0.0
57848.5597222 215.749975546 0.0 187.969326041 0.0
57848.5604167 216.104832665 0.0 188.252386543 0.0
57848.6055556 209.197601238 0.0 181.92334621 0.0
57848.60625 209.259672153 0.0 181.787659776 0.0
57848.6069444 209.116881504 0.0 181.794803692 0.0
