57848.4785417 83.0789634685 0.0 82.7356254705 0.0
57848.4786574 83.230974769 0.0 83.9641265303 0.0
57848.4787847 82.5772919997 0.0 82.6902197663 0.0
57848.4789005 82.6955503761 0.0 83.225732487 0.0
57848.4790162 82.5396841041 0.0 82.9661871307 0.0
57848.4791435 82.5803784927 0.0 82.4972862766 0.0
57848.4791667 82.8244795215 0.0 82.5998770762 0.0
57848.4792593 83.055743522 0.0 82.6878406962 0.0
57848.479375 83.0335337981 0.0 84.15162491 0.0
57848.4795023 83.2522305287 0.0 82.4332900472 0.0
57848.4796181 82.8663277393 0.0 82.4453927336 0.0
57848.4797338 83.0381534958 0.0 82.5042258796 0.0
57848.4798495 82.9297617988 0.0 82.4211518483 0.0
57848.4798611 82.7715464637 0.0 82.5714249665 0.0
57848.4799769 82.6212983921 0.0 82.7299597909 0.0
57848.4800926 84.0619772608 0.0 82.6986217116 0.0
57848.4802083 82.5535514439 0.0 82.6154883058 0.0
57848.4803356 82.825141334 0.0 82.9606883891 0.0
57848.4804514 82.9810874658 0.0 82.8790220562 0.0
57848.4805556 82.8560969513 0.0 82.6209017198 0.0
57848.5160648 81.104986573 0.0 80.119589652 0.0
57848.5161806 80.5666685609 0.0 80.585546415 0.0
57848.5162963 78.7855949397 0.0 79.0520989095 0.0
57848.5164236 79.1279148405 0.0 79.0508805201 0.0
57848.5165394 79.4160069444 0.0 78.8461050718 0.0
57848.5166551 79.1096975345 0.0 79.0317850615 0.0
57848.5166667 79.2486464679 0.0 79.1751498262 0.0
57848.5167824 79.3662790422 0.0 79.2972651546 0.0
57848.5168981 78.9570809048 0.0 78.7926452723 0.0
57848.5170139 79.3764456876 0.0 79.6969341945 0.0
57848.5171412 78.8174098471 0.0 78.8862463488 0.0
57848.5172569 79.6562359266 0.0 79.512290704 0.0
57848.5173611 79.1842275141 0.0 79.28332336 0.0
57848.5173727 78.7283768028 0.0 79.0644555347 0.0
57848.5175 79.727715664 0.0 78.7811706438 0.0
57848.5176157 78.7325175198 0.0 79.1059188873 0.0
57848.5177315 78.8831638247 0.0 78.9187413673 0.0
57848.5178588 78.7760765398 0.0 79.1319022898 0.0
57848.5179745 79.2966315867 0.0 78.7669325225 0.0
57848.5180556 79.0736952532 0.0 78.7562833684 0.0
57848.5583681 74.822712521 0.0 74.8953295273 0.0
57848.5584838 74.5019659405 0.0 75.0606804459 0.0
57848.5585995 75.2487479763 0.0 75.1870365622 0.0
57848.5587269 74.896031497 0.0 76.0364015456 0.0
57848.5588426 74.9523921966 0.0 75.3341473968 0.0
57848.5589583 74.5098969064 0.0 74.3346685067 0.0
57848.5590278 74.7689895077 0.0 74.8127861732 0.0
57848.5590856 75.0599758193 0.0 75.3296993821 0.0
57848.5592014 76.3636398818 0.0 76.8478179716 0.0
57848.5593171 75.4530034061 0.0 74.9584636916 0.0
57848.5594444 75.0931527105 0.0 75.1387584806 0.0
57848.5595602 77.2312102327 0.0 76.7258348993 0.0
57848.5596759 74.6701694253 0.0 75.1867824621 0.0
57848.5597222 74.8650949642 0.0 75.0869284097 0.0
57848.5598032 75.0551317566 0.0 74.981286352 0.0
57848.559919 75.2548721346 0.0 74.7856163778 0.0
57848.5600347 74.538162313 0.0 74.5224194052 0.0
57848.560162 74.37957112 0.0 74.3694111581 0.0
57848.5602778 74.6546962019 0.0 74.5079838541 0.0
57848.5603935 74.6093951524 0.0 74.5388891318 0.0
57848.5604167 74.6603388018 0.0 74.5415074103 0.0
57848.6049653 72.6977072403 0.0 73.1952966522 0.0
57848.605081 73.098522468 0.0 72.3166628724 0.0
57848.6052083 72.5238189769 0.0 72.141081812 0.0
57848.6053241 72.8695036075 0.0 73.1022170799 0.0
57848.6054398 72.7492132604 0.0 73.1772980439 0.0
57848.6055556 72.8085082665 0.0 72.8077678411 0.0
57848.6055671 72.8543747691 0.0 72.4301716552 0.0
57848.6056829 72.2870750273 0.0 72.2630056391 0.0
57848.6057986 74.5342578684 0.0 76.1295576435 0.0
57848.6059259 73.717922251 0.0 73.9283011708 0.0
57848.6060417 72.8937388806 0.0 73.9003860409 0.0
57848.6061574 72.8925779898 0.0 72.8365422848 0.0
57848.60625 72.6733734046 0.0 72.6527996845 0.0
57848.6062847 72.4527690775 0.0 72.4671099948 0.0
57848.6064005 74.1586587999 0.0 74.2417112815 0.0
57848.6065162 74.8685146574 0.0 73.6592841874 0.0
57848.6066435 72.1962567104 0.0 72.8413646632 0.0
57848.6067593 74.0372402984 0.0 73.5451145556 0.0
57848.606875 79.5688195526 0.0 79.4678410302 0.0
57848.6069444 76.4530161995 0.0 76.4256442302 0.0
