57848.4916782 149.131148666 0.0 147.564836615 0.0
57848.5395949 121.705606589 0.0 137.60060153 0.0
57848.5798727 138.80773187 0.0 137.417302174 0.0
57848.6236227 143.758133403 0.0 142.172100739 0.0
57848.6430671 146.65763855 0.0 145.310066589 0.0
57848.6576505 153.075781575 0.0 151.769278747 0.0
57848.6798727 166.38532084 0.0 164.948283135 0.0
57848.6861227 168.910226107 0.0 167.483077315 0.0
57848.6909838 172.319929666 0.0 171.113474248 0.0
57848.6958449 175.345257559 0.0 174.151064839 0.0
57848.700706 181.319157869 0.0 179.960942806 0.0
57848.7055671 184.565816871 0.0 183.606029726 0.0
