57848.0320255 9.54405574166 0.0 9.54405574166 0.0
57848.0320602 10.0494775984 0.0 10.0494775984 0.0
57848.0321065 10.5135151115 0.0 10.5135151115 0.0
57848.0321644 11.0455873542 0.0 11.0455873542 0.0
57848.0322338 10.3919680523 0.0 10.3919680523 0.0
57848.0322801 10.4216601365 0.0 10.4216601365 0.0
57848.0323148 10.3900914337 0.0 10.3900914337 0.0
57848.0323727 9.90832982899 0.0 9.90832982899 0.0
57848.0324421 10.5592139859 0.0 10.5592139859 0.0
57848.0324884 10.1271911209 0.0 10.1271911209 0.0
57848.0325347 10.1457380215 0.0 10.1457380215 0.0
57848.032581 9.77660472761 0.0 9.77660472761 0.0
57848.0326505 9.72121391597 0.0 9.72121391597 0.0
57848.0326968 10.8596961283 0.0 10.8596961283 0.0
57848.0327431 10.2849890617 0.0 10.2849890617 0.0
57848.0327894 9.88448278869 0.0 9.88448278869 0.0
57848.0328588 9.97887769241 0.0 9.97887769241 0.0
57848.0329051 9.41174797793 0.0 9.41174797793 0.0
57848.0329514 9.31799334621 0.0 9.31799334621 0.0
57848.0329977 9.21471649048 0.0 9.21471649048 0.0
57848.0330671 9.11570074103 0.0 9.11570074103 0.0
57848.0331134 9.52969044618 0.0 9.52969044618 0.0
57848.0331713 9.38509456532 0.0 9.38509456532 0.0
57848.033206 9.20901732 0.0 9.20901732 0.0
57848.0332755 9.34087790307 0.0 9.34087790307 0.0
57848.0333218 9.4847772773 0.0 9.4847772773 0.0
57848.0333796 9.64396184148 0.0 9.64396184148 0.0
57848.0334259 9.75725371198 0.0 9.75725371198 0.0
57848.0334954 9.7443829974 0.0 9.7443829974 0.0
57848.0335417 9.36018162217 0.0 9.36018162217 0.0
57848.033588 9.46366736524 0.0 9.46366736524 0.0
57848.0336343 9.4142976371 0.0 9.4142976371 0.0
57848.0337037 9.46578047495 0.0 9.46578047495 0.0
57848.03375 9.62875900623 0.0 9.62875900623 0.0
57848.0337963 9.78718549942 0.0 9.78718549942 0.0
57848.0338426 9.74330539396 0.0 9.74330539396 0.0
57848.033912 9.28870281579 0.0 9.28870281579 0.0
57848.0339583 9.20733403326 0.0 9.20733403326 0.0
57848.0340046 9.51015246986 0.0 9.51015246986 0.0
57848.0340509 9.82165973754 0.0 9.82165973754 0.0
57848.0341204 9.65266802496 0.0 9.65266802496 0.0
57848.0341667 9.48187745122 0.0 9.48187745122 0.0
57848.034213 9.7861126092 0.0 9.7861126092 0.0
57848.0342593 10.35234273 0.0 10.35234273 0.0
57848.0343287 9.99894994487 0.0 9.99894994487 0.0
57848.0343866 9.22469511691 0.0 9.22469511691 0.0
57848.0344329 9.22718808739 0.0 9.22718808739 0.0
57848.0344676 9.49957893804 0.0 9.49957893804 0.0
57848.034537 10.0402689207 0.0 10.0402689207 0.0
57848.0345949 10.0219259626 0.0 10.0219259626 0.0
57848.0346412 9.9281418201 0.0 9.9281418201 0.0
57848.0346875 9.67052221961 0.0 9.67052221961 0.0
57848.0347569 9.45605626041 0.0 9.45605626041 0.0
57848.0348032 9.77542837936 0.0 9.77542837936 0.0
57848.0348495 10.0605665844 0.0 10.0605665844 0.0
57848.0348958 10.0457453681 0.0 10.0457453681 0.0
57848.0349653 9.76580769829 0.0 9.76580769829 0.0
57848.0350116 9.18972252029 0.0 9.18972252029 0.0
57848.0350579 9.28202564099 0.0 9.28202564099 0.0
57848.0351042 9.65038859321 0.0 9.65038859321 0.0
57848.0351736 9.54468438451 0.0 9.54468438451 0.0
57848.0352199 9.60650821058 0.0 9.60650821058 0.0
57848.0352662 9.75248686233 0.0 9.75248686233 0.0
57848.0353241 9.78626588643 0.0 9.78626588643 0.0
57848.0353935 9.2869801335 0.0 9.2869801335 0.0
57848.0354282 9.21715791337 0.0 9.21715791337 0.0
57848.0354745 9.13980306134 0.0 9.13980306134 0.0
57848.0355324 9.14521732929 0.0 9.14521732929 0.0
57848.0356019 9.1295673501 0.0 9.1295673501 0.0
57848.0356481 8.99505419661 0.0 8.99505419661 0.0
57848.0356829 9.08894933422 0.0 9.08894933422 0.0
57848.0357407 9.53981131889 0.0 9.53981131889 0.0
57848.0358102 10.0201796391 0.0 10.0201796391 0.0
57848.0358565 9.54725091322 0.0 9.54725091322 0.0
57848.0359028 9.30714779081 0.0 9.30714779081 0.0
57848.0359491 9.12507534215 0.0 9.12507534215 0.0
57848.0360185 9.07882150943 0.0 9.07882150943 0.0
57848.0360648 8.94265061377 0.0 8.94265061377 0.0
57848.0361111 8.94874292848 0.0 8.94874292848 0.0
57848.0361574 8.88948817424 0.0 8.88948817424 0.0
57848.0362269 8.97607932229 0.0 8.97607932229 0.0
57848.0362731 9.09472374512 0.0 9.09472374512 0.0
57848.0363194 9.09213946219 0.0 9.09213946219 0.0
57848.0363657 9.21097171855 0.0 9.21097171855 0.0
57848.0364352 9.09109454356 0.0 9.09109454356 0.0
57848.0364815 9.36028845709 0.0 9.36028845709 0.0
57848.0365394 9.32137328938 0.0 9.32137328938 0.0
57848.0365741 9.30462250712 0.0 9.30462250712 0.0
57848.0366551 9.05654459493 0.0 9.05654459493 0.0
57848.0366898 9.27852358945 0.0 9.27852358945 0.0
57848.0367477 9.39659512802 0.0 9.39659512802 0.0
57848.036794 9.48809780725 0.0 9.48809780725 0.0
57848.0591088 8.47850222622 0.0 8.47850222622 0.0
57848.0591435 8.3941050744 0.0 8.3941050744 0.0
57848.0591898 8.36887089158 0.0 8.36887089158 0.0
57848.0592477 8.38939807138 0.0 8.38939807138 0.0
57848.0593171 8.37806660274 0.0 8.37806660274 0.0
57848.0593634 8.4739011087 0.0 8.4739011087 0.0
57848.0593981 8.55914715378 0.0 8.55914715378 0.0
57848.059456 8.68619594529 0.0 8.68619594529 0.0
57848.0595255 8.59214757788 0.0 8.59214757788 0.0
57848.0595718 8.57379729175 0.0 8.57379729175 0.0
57848.0596181 9.07143869516 0.0 9.07143869516 0.0
57848.0596644 9.13329075416 0.0 9.13329075416 0.0
57848.0597338 9.13712208521 0.0 9.13712208521 0.0
57848.0597801 8.66741022451 0.0 8.66741022451 0.0
57848.0598264 8.80550963886 0.0 8.80550963886 0.0
57848.0598727 8.90741264341 0.0 8.90741264341 0.0
57848.0599421 8.85759561055 0.0 8.85759561055 0.0
57848.0599884 8.75928079239 0.0 8.75928079239 0.0
57848.0600347 8.78088833775 0.0 8.78088833775 0.0
57848.060081 8.8192403301 0.0 8.8192403301 0.0
57848.0601505 8.80102266785 0.0 8.80102266785 0.0
57848.0601968 8.42282612904 0.0 8.42282612904 0.0
57848.0602546 8.4366462531 0.0 8.4366462531 0.0
57848.0602894 8.38707338706 0.0 8.38707338706 0.0
57848.0603588 8.33984412324 0.0 8.33984412324 0.0
57848.0604051 8.35799018903 0.0 8.35799018903 0.0
57848.060463 8.34931134885 0.0 8.34931134885 0.0
57848.0605093 8.40517697613 0.0 8.40517697613 0.0
57848.0605787 8.40672349968 0.0 8.40672349968 0.0
57848.060625 8.33882485726 0.0 8.33882485726 0.0
57848.0606713 8.35793036583 0.0 8.35793036583 0.0
57848.0607176 8.4061881968 0.0 8.4061881968 0.0
57848.060787 8.39213917902 0.0 8.39213917902 0.0
57848.0608333 8.36791491353 0.0 8.36791491353 0.0
57848.0608796 8.40136893607 0.0 8.40136893607 0.0
57848.0609259 8.46079192511 0.0 8.46079192511 0.0
57848.0609954 8.55587517441 0.0 8.55587517441 0.0
57848.0610417 8.57811168032 0.0 8.57811168032 0.0
57848.061088 8.64736954224 0.0 8.64736954224 0.0
57848.0611343 8.62548549358 0.0 8.62548549358 0.0
57848.0612037 8.55897190088 0.0 8.55897190088 0.0
57848.06125 8.41760060825 0.0 8.41760060825 0.0
57848.0612963 8.4512720936 0.0 8.4512720936 0.0
57848.0613426 8.50382266984 0.0 8.50382266984 0.0
57848.061412 8.40583130928 0.0 8.40583130928 0.0
57848.0614699 8.38110971173 0.0 8.38110971173 0.0
57848.0615162 8.42062943016 0.0 8.42062943016 0.0
57848.0615509 8.4455313628 0.0 8.4455313628 0.0
57848.0616204 8.44399194694 0.0 8.44399194694 0.0
57848.0616782 8.43504593941 0.0 8.43504593941 0.0
57848.0617245 8.47277994521 0.0 8.47277994521 0.0
57848.0617708 8.4512720936 0.0 8.4512720936 0.0
57848.0618403 8.41296618322 0.0 8.41296618322 0.0
57848.0618866 8.40505800099 0.0 8.40505800099 0.0
57848.0619329 8.40999405469 0.0 8.40999405469 0.0
57848.0619792 8.40713982279 0.0 8.40713982279 0.0
57848.0620486 8.40386815699 0.0 8.40386815699 0.0
57848.0620949 8.41249071322 0.0 8.41249071322 0.0
57848.0621412 8.48763806957 0.0 8.48763806957 0.0
57848.0621875 8.50435182715 0.0 8.50435182715 0.0
57848.0622569 8.65759781926 0.0 8.65759781926 0.0
57848.0623032 8.46215102678 0.0 8.46215102678 0.0
57848.0623495 8.62936845893 0.0 8.62936845893 0.0
57848.0624074 8.78248256474 0.0 8.78248256474 0.0
57848.0624769 8.87062568255 0.0 8.87062568255 0.0
57848.0625116 8.599418585 0.0 8.599418585 0.0
57848.0625579 8.64875713614 0.0 8.64875713614 0.0
57848.0626157 8.51927226939 0.0 8.51927226939 0.0
57848.0626852 8.37955846092 0.0 8.37955846092 0.0
57848.0627315 8.37997613362 0.0 8.37997613362 0.0
57848.0627662 8.44488010572 0.0 8.44488010572 0.0
57848.0628241 8.45499852158 0.0 8.45499852158 0.0
57848.0628935 8.52959553555 0.0 8.52959553555 0.0
57848.0629398 8.47838428004 0.0 8.47838428004 0.0
57848.0629861 8.6987355403 0.0 8.6987355403 0.0
57848.0630324 8.74002288327 0.0 8.74002288327 0.0
57848.0631019 8.6323229782 0.0 8.6323229782 0.0
57848.0631481 8.36391056863 0.0 8.36391056863 0.0
57848.0631944 8.38665606783 0.0 8.38665606783 0.0
57848.0632407 8.42395394099 0.0 8.42395394099 0.0
57848.0633102 8.48769697857 0.0 8.48769697857 0.0
57848.0633565 8.60464990572 0.0 8.60464990572 0.0
57848.0634028 8.90803008527 0.0 8.90803008527 0.0
57848.0634491 9.09917578685 0.0 9.09917578685 0.0
57848.0635185 8.80130672116 0.0 8.80130672116 0.0
57848.0635648 8.36695882624 0.0 8.36695882624 0.0
57848.0636227 8.39636826253 0.0 8.39636826253 0.0
57848.0636574 8.38915967186 0.0 8.38915967186 0.0
57848.0637384 8.34505841801 0.0 8.34505841801 0.0
57848.0637731 8.35834911929 0.0 8.35834911929 0.0
57848.063831 8.38832522021 0.0 8.38832522021 0.0
57848.0638773 8.43350460959 0.0 8.43350460959 0.0
57848.1084144 7.8101856572 0.0 7.8101856572 0.0
57848.1084491 7.4783019463 0.0 7.4783019463 0.0
57848.1084954 7.4115450481 0.0 7.4115450481 0.0
57848.1085532 7.43141978359 0.0 7.43141978359 0.0
57848.1086227 7.43397605592 0.0 7.43397605592 0.0
57848.108669 7.41626590678 0.0 7.41626590678 0.0
57848.1087037 7.45318723769 0.0 7.45318723769 0.0
57848.1087616 7.48959277932 0.0 7.48959277932 0.0
57848.108831 7.45318723769 0.0 7.45318723769 0.0
57848.1088773 7.4205794922 0.0 7.4205794922 0.0
57848.1089236 7.47074293494 0.0 7.47074293494 0.0
57848.1089699 7.5436065645 0.0 7.5436065645 0.0
57848.1090394 7.53916440993 0.0 7.53916440993 0.0
57848.1090856 7.45124150729 0.0 7.45124150729 0.0
57848.1091319 7.47174678372 0.0 7.47174678372 0.0
57848.1091782 7.48351521679 0.0 7.48351521679 0.0
57848.1092477 7.43242894349 0.0 7.43242894349 0.0
57848.109294 7.37990514844 0.0 7.37990514844 0.0
57848.1093403 7.37299125186 0.0 7.37299125186 0.0
57848.1093866 7.38037939404 0.0 7.38037939404 0.0
57848.109456 7.40067564483 0.0 7.40067564483 0.0
57848.1095023 7.38505247104 0.0 7.38505247104 0.0
57848.1095602 7.40472821919 0.0 7.40472821919 0.0
57848.1095949 7.42138801034 0.0 7.42138801034 0.0
57848.1096644 7.39405166333 0.0 7.39405166333 0.0
57848.1097106 7.44748279622 0.0 7.44748279622 0.0
57848.1097685 7.46773057896 0.0 7.46773057896 0.0
57848.1098148 7.42509259202 0.0 7.42509259202 0.0
57848.1098843 7.40439058937 0.0 7.40439058937 0.0
57848.1099306 7.36946402393 0.0 7.36946402393 0.0
57848.1099769 7.37434742876 0.0 7.37434742876 0.0
57848.1100231 7.36349101989 0.0 7.36349101989 0.0
57848.1100926 7.4271124941 0.0 7.4271124941 0.0
57848.1101389 7.48044116346 0.0 7.48044116346 0.0
57848.1101852 7.54029177154 0.0 7.54029177154 0.0
57848.1102315 7.44298327286 0.0 7.44298327286 0.0
57848.1103009 7.39695883455 0.0 7.39695883455 0.0
57848.1103472 7.44378935758 0.0 7.44378935758 0.0
57848.1103935 7.46056298144 0.0 7.46056298144 0.0
57848.1104398 7.4824461241 0.0 7.4824461241 0.0
57848.1105093 7.47970587657 0.0 7.47970587657 0.0
57848.1105556 7.3809213517 0.0 7.3809213517 0.0
57848.1106019 7.38403683631 0.0 7.38403683631 0.0
57848.1106481 7.36966756374 0.0 7.36966756374 0.0
57848.1107176 7.36851409716 0.0 7.36851409716 0.0
57848.1107755 7.37488982969 0.0 7.37488982969 0.0
57848.1108218 7.37549998305 0.0 7.37549998305 0.0
57848.1108565 7.37210960309 0.0 7.37210960309 0.0
57848.1109259 7.36226867209 0.0 7.36226867209 0.0
57848.1109838 7.39797269527 0.0 7.39797269527 0.0
57848.1110301 7.38911361396 0.0 7.38911361396 0.0
57848.1110764 7.37299125186 0.0 7.37299125186 0.0
57848.1111458 7.3769912566 0.0 7.3769912566 0.0
57848.1111921 7.35023809138 0.0 7.35023809138 0.0
57848.1112384 7.36423791033 0.0 7.36423791033 0.0
57848.1112847 7.37244871125 0.0 7.37244871125 0.0
57848.1113542 7.38065037785 0.0 7.38065037785 0.0
57848.1114005 7.35064623009 0.0 7.35064623009 0.0
57848.1114468 7.35812476111 0.0 7.35812476111 0.0
57848.1114931 7.34669993943 0.0 7.34669993943 0.0
57848.1115625 7.35384253299 0.0 7.35384253299 0.0
57848.1116088 7.35717337026 0.0 7.35717337026 0.0
57848.1116551 7.37509321975 0.0 7.37509321975 0.0
57848.111713 7.36634237597 0.0 7.36634237597 0.0
57848.1117824 7.39039917731 0.0 7.39039917731 0.0
57848.1118171 7.43989247234 0.0 7.43989247234 0.0
57848.1118634 7.39986486363 0.0 7.39986486363 0.0
57848.1119213 7.36715684644 0.0 7.36715684644 0.0
57848.1119907 7.35594997264 0.0 7.35594997264 0.0
57848.112037 7.43007402386 0.0 7.43007402386 0.0
57848.1120718 7.43384153719 0.0 7.43384153719 0.0
57848.1121296 7.46498492966 0.0 7.46498492966 0.0
57848.1121991 7.66231035654 0.0 7.66231035654 0.0
57848.1122454 7.59578830669 0.0 7.59578830669 0.0
57848.1122917 7.65702292017 0.0 7.65702292017 0.0
57848.112338 7.56934607479 0.0 7.56934607479 0.0
57848.1124074 7.44815413374 0.0 7.44815413374 0.0
57848.1124537 7.37488982969 0.0 7.37488982969 0.0
57848.1125 7.37475423319 0.0 7.37475423319 0.0
57848.1125463 7.37672013838 0.0 7.37672013838 0.0
57848.1126157 7.44412520045 0.0 7.44412520045 0.0
57848.112662 7.38647412505 0.0 7.38647412505 0.0
57848.1127083 7.3954715874 0.0 7.3954715874 0.0
57848.1127546 7.46973895126 0.0 7.46973895126 0.0
57848.1128241 7.45110730026 0.0 7.45110730026 0.0
57848.1128704 7.35540617505 0.0 7.35540617505 0.0
57848.1129282 7.37007462649 0.0 7.37007462649 0.0
57848.112963 7.42307214029 0.0 7.42307214029 0.0
57848.113044 7.4161310668 0.0 7.4161310668 0.0
57848.1130787 7.34880942738 0.0 7.34880942738 0.0
57848.1131366 1.48458748479 0.0 1.48458748479 0.0
57848.1131829 0.574456264654 0.0 0.574456264654 0.0
57848.1236227 64.9801969834 0.0 64.9801969834 0.0
57848.1236921 59.8314465812 0.0 59.8314465812 0.0
57848.1237384 7.45124150729 0.0 7.45124150729 0.0
57848.1237731 7.44916102659 0.0 7.44916102659 0.0
57848.123831 7.44439386384 0.0 7.44439386384 0.0
57848.1239005 7.37339813112 0.0 7.37339813112 0.0
57848.1239468 7.29719124047 0.0 7.29719124047 0.0
57848.1239931 7.3177182236 0.0 7.3177182236 0.0
57848.1240394 7.28498455729 0.0 7.28498455729 0.0
57848.1241088 7.2688375962 0.0 7.2688375962 0.0
57848.1241551 7.39296963337 0.0 7.39296963337 0.0
57848.1242014 7.44251301645 0.0 7.44251301645 0.0
57848.1242477 7.53843485082 0.0 7.53843485082 0.0
57848.1243171 7.61859567112 0.0 7.61859567112 0.0
57848.1243634 7.29239329713 0.0 7.29239329713 0.0
57848.1244097 7.28079665971 0.0 7.28079665971 0.0
57848.124456 7.27743086535 0.0 7.27743086535 0.0
57848.1245255 7.24624040451 0.0 7.24624040451 0.0
57848.1245718 7.25871889523 0.0 7.25871889523 0.0
57848.1246296 7.32775545443 0.0 7.32775545443 0.0
57848.1246644 7.40540343263 0.0 7.40540343263 0.0
57848.1247338 7.34513444397 0.0 7.34513444397 0.0
57848.1247801 7.26312604875 0.0 7.26312604875 0.0
57848.124838 7.24699937905 0.0 7.24699937905 0.0
57848.1248843 7.25534285889 0.0 7.25534285889 0.0
57848.1249537 7.29136475565 0.0 7.29136475565 0.0
57848.1249884 7.29712272063 0.0 7.29712272063 0.0
57848.1250463 7.29527244179 0.0 7.29527244179 0.0
57848.1250926 7.28079665971 0.0 7.28079665971 0.0
57848.125162 7.23678105237 0.0 7.23678105237 0.0
57848.1252083 7.20874468961 0.0 7.20874468961 0.0
57848.1252546 7.22979944397 0.0 7.22979944397 0.0
57848.1253009 7.24009668444 0.0 7.24009668444 0.0
57848.1253704 7.24555035867 0.0 7.24555035867 0.0
57848.1254167 7.26670489287 0.0 7.26670489287 0.0
57848.125463 7.2444461486 0.0 7.2444461486 0.0
57848.1255093 7.25830558739 0.0 7.25830558739 0.0
57848.1255787 7.26464039027 0.0 7.26464039027 0.0
57848.125625 7.24492926121 0.0 7.24492926121 0.0
57848.1256713 7.24810320015 0.0 7.24810320015 0.0
57848.1257176 7.26973176947 0.0 7.26973176947 0.0
57848.125787 7.31812817598 0.0 7.31812817598 0.0
57848.1258449 7.26388325897 0.0 7.26388325897 0.0
57848.1258796 7.2547225998 0.0 7.2547225998 0.0
57848.1259259 7.29211903359 0.0 7.29211903359 0.0
57848.1259954 7.31846978541 0.0 7.31846978541 0.0
57848.1260532 7.31183971378 0.0 7.31183971378 0.0
57848.1260995 7.29684863486 0.0 7.29684863486 0.0
57848.1261343 7.27901092182 0.0 7.27901092182 0.0
57848.1262153 7.34275152787 0.0 7.34275152787 0.0
57848.1262616 7.43619526371 0.0 7.43619526371 0.0
57848.1263079 7.43915317761 0.0 7.43915317761 0.0
57848.1263542 7.42313949754 0.0 7.42313949754 0.0
57848.1264236 7.25361978601 0.0 7.25361978601 0.0
57848.1264699 7.22627151441 0.0 7.22627151441 0.0
57848.1265162 7.26952543155 0.0 7.26952543155 0.0
57848.1265625 7.30828297208 0.0 7.30828297208 0.0
57848.1266319 7.30520362481 0.0 7.30520362481 0.0
57848.1266782 7.23664286807 0.0 7.23664286807 0.0
57848.1267245 7.23878442834 0.0 7.23878442834 0.0
57848.1267708 7.27303237996 0.0 7.27303237996 0.0
57848.1268519 7.3252303718 0.0 7.3252303718 0.0
57848.1268866 7.27261988557 0.0 7.27261988557 0.0
57848.1269329 7.27447592614 0.0 7.27447592614 0.0
57848.1269907 7.25099993104 0.0 7.25099993104 0.0
57848.1270602 7.21089453535 0.0 7.21089453535 0.0
57848.1271065 7.24140870273 0.0 7.24140870273 0.0
57848.1271412 7.26546626171 0.0 7.26546626171 0.0
57848.1271991 7.24147774974 0.0 7.24147774974 0.0
57848.1272685 7.19743009692 0.0 7.19743009692 0.0
57848.1273148 7.21456859417 0.0 7.21456859417 0.0
57848.1273611 7.22848531852 0.0 7.22848531852 0.0
57848.1274074 7.25678992393 0.0 7.25678992393 0.0
57848.1274769 7.28402361336 0.0 7.28402361336 0.0
57848.1275231 7.2256487598 0.0 7.2256487598 0.0
57848.1275694 7.24824116597 0.0 7.24824116597 0.0
57848.1276157 7.23767918604 0.0 7.23767918604 0.0
57848.1276852 7.22613312914 0.0 7.22613312914 0.0
57848.1277315 7.23346390051 0.0 7.23346390051 0.0
57848.1277778 7.28553361121 0.0 7.28553361121 0.0
57848.1278241 7.26450273591 0.0 7.26450273591 0.0
57848.1278935 7.20812042075 0.0 7.20812042075 0.0
57848.1279398 7.18922805314 0.0 7.18922805314 0.0
57848.1279977 7.19068842323 0.0 7.19068842323 0.0
57848.1280324 7.20888340868 0.0 7.20888340868 0.0
57848.1281134 7.18790651024 0.0 7.18790651024 0.0
57848.1281481 7.16882138151 0.0 7.16882138151 0.0
57848.128206 7.18011141975 0.0 7.18011141975 0.0
57848.1282523 7.1787185486 0.0 7.1787185486 0.0
57848.1283218 7.18449719883 0.0 7.18449719883 0.0
57848.1283681 7.17760405707 0.0 7.17760405707 0.0
57848.1284144 1.13578166916 0.0 1.13578166916 0.0
57848.1284606 0.423083916026 0.0 0.423083916026 0.0
57848.1473032 7.17300494911 0.0 7.17300494911 0.0
57848.147338 7.19235705454 0.0 7.19235705454 0.0
57848.1473843 7.11533555077 0.0 7.11533555077 0.0
57848.1474421 7.08343137187 0.0 7.08343137187 0.0
57848.1475116 7.06222344591 0.0 7.06222344591 0.0
57848.1475579 7.16610075285 0.0 7.16610075285 0.0
57848.1475926 7.14107834994 0.0 7.14107834994 0.0
57848.1476505 7.10176034515 0.0 7.10176034515 0.0
57848.1477199 7.05528170947 0.0 7.05528170947 0.0
57848.1477662 7.08166647054 0.0 7.08166647054 0.0
57848.1478125 7.07142135642 0.0 7.07142135642 0.0
57848.1478588 7.08364313048 0.0 7.08364313048 0.0
57848.1479282 7.06781437221 0.0 7.06781437221 0.0
57848.1479745 7.052659073 0.0 7.052659073 0.0
57848.1480208 7.05924925187 0.0 7.05924925187 0.0
57848.1480671 7.0442174867 0.0 7.0442174867 0.0
57848.1481366 7.03626321281 0.0 7.03626321281 0.0
57848.1481829 7.05301354032 0.0 7.05301354032 0.0
57848.1482292 7.0573366081 0.0 7.0573366081 0.0
57848.1482755 7.05457298495 0.0 7.05457298495 0.0
57848.1483449 7.03164276681 0.0 7.03164276681 0.0
57848.1483912 7.07403703694 0.0 7.07403703694 0.0
57848.1484491 7.06031160785 0.0 7.06031160785 0.0
57848.1484838 7.06668238992 0.0 7.06668238992 0.0
57848.1485532 7.04748181977 0.0 7.04748181977 0.0
57848.1485995 7.04670135595 0.0 7.04670135595 0.0
57848.1486574 7.04833313628 0.0 7.04833313628 0.0
57848.1487037 7.05202098692 0.0 7.05202098692 0.0
57848.1487731 7.08766534199 0.0 7.08766534199 0.0
57848.1488194 7.10724981973 0.0 7.10724981973 0.0
57848.1488657 7.08561923899 0.0 7.08561923899 0.0
57848.148912 7.08639541657 0.0 7.08639541657 0.0
57848.1489815 7.10985231914 0.0 7.10985231914 0.0
57848.1490278 7.12621919393 0.0 7.12621919393 0.0
57848.1490741 7.14744709669 0.0 7.14744709669 0.0
57848.1491204 7.1961100603 0.0 7.1961100603 0.0
57848.1491898 7.2113105605 0.0 7.2113105605 0.0
57848.1492361 7.18157364371 0.0 7.18157364371 0.0
57848.1492824 7.21033979782 0.0 7.21033979782 0.0
57848.1493287 7.21380620754 0.0 7.21380620754 0.0
57848.1493981 7.1655425475 0.0 7.1655425475 0.0
57848.1494444 7.05358065099 0.0 7.05358065099 0.0
57848.1494907 7.06569175665 0.0 7.06569175665 0.0
57848.149537 7.11041489647 0.0 7.11041489647 0.0
57848.1496065 7.16910036197 0.0 7.16910036197 0.0
57848.1496644 7.09788700953 0.0 7.09788700953 0.0
57848.1497106 7.09281326414 0.0 7.09281326414 0.0
57848.1497454 7.06463020971 0.0 7.06463020971 0.0
57848.1498148 7.04620465215 0.0 7.04620465215 0.0
57848.1498727 7.0673899001 0.0 7.0673899001 0.0
57848.149919 7.05336798983 0.0 7.05336798983 0.0
57848.1499653 7.05648637779 0.0 7.05648637779 0.0
57848.1500347 7.0486168856 0.0 7.0486168856 0.0
57848.150081 7.06703615386 0.0 7.06703615386 0.0
57848.1501273 7.08237248385 0.0 7.08237248385 0.0
57848.1501736 7.08851183254 0.0 7.08851183254 0.0
57848.1502431 7.10703876449 0.0 7.10703876449 0.0
57848.1502894 7.15506813385 0.0 7.15506813385 0.0
57848.1503356 7.21262781516 0.0 7.21262781516 0.0
57848.1503819 7.19242657244 0.0 7.19242657244 0.0
57848.1504514 7.0659748089 0.0 7.0659748089 0.0
57848.1504977 7.26126710706 0.0 7.26126710706 0.0
57848.150544 7.29965752621 0.0 7.29965752621 0.0
57848.1506019 7.39053448676 0.0 7.39053448676 0.0
57848.1506713 7.25099993104 0.0 7.25099993104 0.0
57848.150706 7.14331855653 0.0 7.14331855653 0.0
57848.1507523 7.19465079069 0.0 7.19465079069 0.0
57848.1508102 7.23028353524 0.0 7.23028353524 0.0
57848.1508796 7.16512386494 0.0 7.16512386494 0.0
57848.1509259 7.06986562814 0.0 7.06986562814 0.0
57848.1509606 7.08844129552 0.0 7.08844129552 0.0
57848.1510185 7.0808897746 0.0 7.0808897746 0.0
57848.151088 7.05917842245 0.0 7.05917842245 0.0
57848.1511343 7.04116467639 0.0 7.04116467639 0.0
57848.1511806 7.04968084384 0.0 7.04968084384 0.0
57848.1512269 7.06661163501 0.0 7.06661163501 0.0
57848.1512963 7.10168993973 0.0 7.10168993973 0.0
57848.1513426 7.06958273168 0.0 7.06958273168 0.0
57848.1513889 7.09830965794 0.0 7.09830965794 0.0
57848.1514352 7.09443443835 0.0 7.09443443835 0.0
57848.1515046 7.06463020971 0.0 7.06463020971 0.0
57848.1515509 7.044927253 0.0 7.044927253 0.0
57848.1515972 7.06406398612 0.0 7.06406398612 0.0
57848.1516435 7.05861176153 0.0 7.05861176153 0.0
57848.151713 7.08378429937 0.0 7.08378429937 0.0
57848.1517593 7.06016996963 0.0 7.06016996963 0.0
57848.1518171 7.04797843357 0.0 7.04797843357 0.0
57848.1518519 7.04911341943 0.0 7.04911341943 0.0
57848.1519329 7.0525881774 0.0 7.0525881774 0.0
57848.1519676 7.06823881883 0.0 7.06823881883 0.0
57848.1520255 0.262678510731 0.0 0.262678510731 0.0
57848.1520718 0.0894427191 0.0 0.0894427191 0.0
57848.1771644 7.12628935702 0.0 7.12628935702 0.0
57848.1771991 7.08039546918 0.0 7.08039546918 0.0
57848.1772454 7.01284535691 0.0 7.01284535691 0.0
57848.1773032 7.00606879784 0.0 7.00606879784 0.0
57848.1773727 6.98820434733 0.0 6.98820434733 0.0
57848.177419 7.06144461141 0.0 7.06144461141 0.0
57848.1774537 7.04698517098 0.0 7.04698517098 0.0
57848.1775116 7.06491330449 0.0 7.06491330449 0.0
57848.177581 6.96591702506 0.0 6.96591702506 0.0
57848.1776273 7.06830955745 0.0 7.06830955745 0.0
57848.1776736 7.15660534052 0.0 7.15660534052 0.0
57848.1777199 7.21325169393 0.0 7.21325169393 0.0
57848.1777894 7.20791231911 0.0 7.20791231911 0.0
57848.1778356 7.09013399027 0.0 7.09013399027 0.0
57848.1778819 7.09083916049 0.0 7.09083916049 0.0
57848.1779282 7.0743904331 0.0 7.0743904331 0.0
57848.1779977 7.09239028819 0.0 7.09239028819 0.0
57848.178044 7.08667764189 0.0 7.08667764189 0.0
57848.1780903 7.05074464153 0.0 7.05074464153 0.0
57848.1781366 7.01712191714 0.0 7.01712191714 0.0
57848.178206 7.02730389267 0.0 7.02730389267 0.0
57848.1782523 7.05981586162 0.0 7.05981586162 0.0
57848.1783102 7.05882426471 0.0 7.05882426471 0.0
57848.1783449 7.13119905766 0.0 7.13119905766 0.0
57848.1784144 7.16072622015 0.0 7.16072622015 0.0
57848.1784606 7.05988668464 0.0 7.05988668464 0.0
57848.1785185 7.12193793851 0.0 7.12193793851 0.0
57848.1785648 7.1043648555 0.0 7.1043648555 0.0
57848.1786343 6.99321099353 0.0 6.99321099353 0.0
57848.1786806 6.9854133736 0.0 6.9854133736 0.0
57848.1787269 6.98569967863 0.0 6.98569967863 0.0
57848.1787731 7.00321354808 0.0 7.00321354808 0.0
57848.1788426 7.0330647658 0.0 7.0330647658 0.0
57848.1788889 7.07417839752 0.0 7.07417839752 0.0
57848.1789352 7.11392999684 0.0 7.11392999684 0.0
57848.1789815 7.1030979157 0.0 7.1030979157 0.0
57848.1790509 7.04088062674 0.0 7.04088062674 0.0
57848.1790972 7.00135701132 0.0 7.00135701132 0.0
57848.1791435 7.04322369374 0.0 7.04322369374 0.0
57848.1791898 7.05776168484 0.0 7.05776168484 0.0
57848.1792593 7.03654744886 0.0 7.03654744886 0.0
57848.1793056 7.04911341943 0.0 7.04911341943 0.0
57848.1793519 7.03370457156 0.0 7.03370457156 0.0
57848.1793981 7.02652118761 0.0 7.02652118761 0.0
57848.1794676 6.96548634339 0.0 6.96548634339 0.0
57848.1795255 6.97660375828 0.0 6.97660375828 0.0
57848.1795718 6.97452507344 0.0 6.97452507344 0.0
57848.1796065 6.96426593404 0.0 6.96426593404 0.0
57848.1796759 6.99864272556 0.0 6.99864272556 0.0
57848.1797338 6.98691634414 0.0 6.98691634414 0.0
57848.1797801 7.00578332522 0.0 7.00578332522 0.0
57848.1798264 6.98648695698 0.0 6.98648695698 0.0
57848.1798958 6.977105417 0.0 6.977105417 0.0
57848.1799421 7.02103980903 0.0 7.02103980903 0.0
57848.1799884 7.02694812846 0.0 7.02694812846 0.0
57848.1800347 7.01191842508 0.0 7.01191842508 0.0
57848.1801042 7.00970755453 0.0 7.00970755453 0.0
57848.1801505 7.01947291469 0.0 7.01947291469 0.0
57848.1801968 7.05662808996 0.0 7.05662808996 0.0
57848.1802431 7.04982269281 0.0 7.04982269281 0.0
57848.1803125 7.00999286733 0.0 7.00999286733 0.0
57848.1803588 6.9942118927 0.0 6.9942118927 0.0
57848.1804051 6.99528412575 0.0 6.99528412575 0.0
57848.180463 6.98713102783 0.0 6.98713102783 0.0
57848.1805324 6.9660605797 0.0 6.9660605797 0.0
57848.1805671 6.99099420683 0.0 6.99099420683 0.0
57848.1806134 7.08223128682 0.0 7.08223128682 0.0
57848.1806713 7.12102520709 0.0 7.12102520709 0.0
57848.1807407 7.10380179904 0.0 7.10380179904 0.0
57848.180787 6.96735243834 0.0 6.96735243834 0.0
57848.1808218 6.98569967863 0.0 6.98569967863 0.0
57848.1808796 7.06710690453 0.0 7.06710690453 0.0
57848.1809491 7.08561923899 0.0 7.08561923899 0.0
57848.1809954 6.99328249108 0.0 6.99328249108 0.0
57848.1810417 6.97631707995 0.0 6.97631707995 0.0
57848.181088 6.98519863712 0.0 6.98519863712 0.0
57848.1811574 6.97474013853 0.0 6.97474013853 0.0
57848.1812037 6.96498384779 0.0 6.96498384779 0.0
57848.18125 6.99242447224 0.0 6.99242447224 0.0
57848.1812963 6.97954153222 0.0 6.97954153222 0.0
57848.1813657 6.96893105146 0.0 6.96893105146 0.0
57848.181412 6.94830914684 0.0 6.94830914684 0.0
57848.1814583 6.95125887879 0.0 6.95125887879 0.0
57848.1815046 6.96476848144 0.0 6.96476848144 0.0
57848.1815741 6.96562990691 0.0 6.96562990691 0.0
57848.1816204 7.00357051796 0.0 7.00357051796 0.0
57848.1816782 6.99342548398 0.0 6.99342548398 0.0
57848.181713 6.9839100796 0.0 6.9839100796 0.0
57848.181794 6.96448131593 0.0 6.96448131593 0.0
57848.1818287 7.02794422289 0.0 7.02794422289 0.0
57848.1818866 7.10140831103 0.0 7.10140831103 0.0
57848.1819329 7.15346070095 0.0 7.15346070095 0.0
57848.1910532 7.1106258515 0.0 7.1106258515 0.0
57848.191088 7.05747830319 0.0 7.05747830319 0.0
57848.1911343 7.03690272776 0.0 7.03690272776 0.0
57848.1911921 7.14919575896 0.0 7.14919575896 0.0
57848.1912616 7.04272674466 0.0 7.04272674466 0.0
57848.1913079 7.00499821556 0.0 7.00499821556 0.0
57848.1913426 6.98190518412 0.0 6.98190518412 0.0
57848.1914005 7.04187475038 0.0 7.04187475038 0.0
57848.1914699 7.0880885999 0.0 7.0880885999 0.0
57848.1915162 7.10499824068 0.0 7.10499824068 0.0
57848.1915625 7.10042252264 0.0 7.10042252264 0.0
57848.1916088 7.21089453535 0.0 7.21089453535 0.0
57848.1916782 7.18129514781 0.0 7.18129514781 0.0
57848.1917245 7.18741956477 0.0 7.18741956477 0.0
57848.1917708 7.1454880869 0.0 7.1454880869 0.0
57848.1918171 7.0680265987 0.0 7.0680265987 0.0
57848.1918866 7.20097215659 0.0 7.20097215659 0.0
57848.1919329 7.10872703091 0.0 7.10872703091 0.0
57848.1919792 7.03157165931 0.0 7.03157165931 0.0
57848.1920255 7.02431491321 0.0 7.02431491321 0.0
57848.1920949 7.04364962218 0.0 7.04364962218 0.0
57848.1921412 7.10323869795 0.0 7.10323869795 0.0
57848.1921991 7.10675734776 0.0 7.10675734776 0.0
57848.1922338 7.08039546918 0.0 7.08039546918 0.0
57848.1923032 6.99006437739 0.0 6.99006437739 0.0
57848.1923495 7.02175191815 0.0 7.02175191815 0.0
57848.1924074 7.12074434311 0.0 7.12074434311 0.0
57848.1924537 7.12263996001 0.0 7.12263996001 0.0
57848.1925231 6.99907136697 0.0 6.99907136697 0.0
57848.1925694 6.98548495095 0.0 6.98548495095 0.0
57848.1926157 7.012346255 0.0 7.012346255 0.0
57848.192662 7.09133273793 0.0 7.09133273793 0.0
57848.1927315 7.11898869222 0.0 7.11898869222 0.0
57848.1927778 7.25031033819 0.0 7.25031033819 0.0
57848.1928241 7.25293044224 0.0 7.25293044224 0.0
57848.1928704 7.1984720601 0.0 7.1984720601 0.0
57848.1929398 7.02039884907 0.0 7.02039884907 0.0
57848.1929861 7.23878442834 0.0 7.23878442834 0.0
57848.1930324 7.24913787978 0.0 7.24913787978 0.0
57848.1930787 7.19388629324 0.0 7.19388629324 0.0
57848.1931481 7.21907196252 0.0 7.21907196252 0.0
57848.1931944 6.96239901183 0.0 6.96239901183 0.0
57848.1932407 6.96598880275 0.0 6.96598880275 0.0
57848.193287 6.98734570492 0.0 6.98734570492 0.0
57848.1933565 6.97581536453 0.0 6.97581536453 0.0
57848.1934144 6.95686711099 0.0 6.95686711099 0.0
57848.1934606 6.96433772874 0.0 6.96433772874 0.0
57848.1934954 6.97079622425 0.0 6.97079622425 0.0
57848.1935648 6.98870517335 0.0 6.98870517335 0.0
57848.1936227 6.97438169302 0.0 6.97438169302 0.0
57848.193669 6.97638875064 0.0 6.97638875064 0.0
57848.1937153 6.97158518559 0.0 6.97158518559 0.0
57848.1937847 7.00299935742 0.0 7.00299935742 0.0
57848.193831 6.97567201064 0.0 6.97567201064 0.0
57848.1938773 6.98655852334 0.0 6.98655852334 0.0
57848.1939236 7.15017482304 0.0 7.15017482304 0.0
57848.1939931 7.12958624325 0.0 7.12958624325 0.0
57848.1940394 7.03278038901 0.0 7.03278038901 0.0
57848.1940856 7.03889195826 0.0 7.03889195826 0.0
57848.1941319 7.04712707421 0.0 7.04712707421 0.0
57848.1942014 7.01134794458 0.0 7.01134794458 0.0
57848.1942477 7.01548287718 0.0 7.01548287718 0.0
57848.194294 7.04932620894 0.0 7.04932620894 0.0
57848.1943519 7.05804505511 0.0 7.05804505511 0.0
57848.1944213 6.99735664376 0.0 6.99735664376 0.0
57848.194456 6.95808881806 0.0 6.95808881806 0.0
57848.1945023 6.99006437739 0.0 6.99006437739 0.0
57848.1945602 7.00328494351 0.0 7.00328494351 0.0
57848.1946296 6.9969278973 0.0 6.9969278973 0.0
57848.1946759 7.02801536709 0.0 7.02801536709 0.0
57848.1947106 6.97208720542 0.0 6.97208720542 0.0
57848.1947685 6.96936152025 0.0 6.96936152025 0.0
57848.194838 7.02210794562 0.0 7.02210794562 0.0
57848.1948843 7.07156276929 0.0 7.07156276929 0.0
57848.1949306 7.06222344591 0.0 7.06222344591 0.0
57848.1949769 7.04755276674 0.0 7.04755276674 0.0
57848.1950463 7.08067793364 0.0 7.08067793364 0.0
57848.1950926 7.01106268693 0.0 7.01106268693 0.0
57848.1951389 6.99263898682 0.0 6.99263898682 0.0
57848.1951852 6.98111738907 0.0 6.98111738907 0.0
57848.1952546 7.01141925718 0.0 7.01141925718 0.0
57848.1953009 7.00892288444 0.0 7.00892288444 0.0
57848.1953472 7.04002840903 0.0 7.04002840903 0.0
57848.1953935 7.02616538376 0.0 7.02616538376 0.0
57848.195463 7.03114499922 0.0 7.03114499922 0.0
57848.1955093 6.99335398789 0.0 6.99335398789 0.0
57848.1955671 6.99949998214 0.0 6.99949998214 0.0
57848.1956019 6.99585591618 0.0 6.99585591618 0.0
57848.1956829 7.0346286327 0.0 7.0346286327 0.0
57848.1957176 6.99814261072 0.0 6.99814261072 0.0
57848.1957755 6.98126063115 0.0 6.98126063115 0.0
57848.1958218 7.02659234622 0.0 7.02659234622 0.0
57848.2014352 7.16889112764 0.0 7.16889112764 0.0
57848.2015046 7.08300783566 0.0 7.08300783566 0.0
57848.2015509 7.1272014143 0.0 7.1272014143 0.0
57848.2016088 7.27530068107 0.0 7.27530068107 0.0
57848.2016551 7.29760234598 0.0 7.29760234598 0.0
57848.2017245 7.12895504264 0.0 7.12895504264 0.0
57848.2017593 7.11926962546 0.0 7.11926962546 0.0
57848.2018171 7.04308171186 0.0 7.04308171186 0.0
57848.2018634 7.11997191006 0.0 7.11997191006 0.0
57848.2019329 7.24596439406 0.0 7.24596439406 0.0
57848.2019792 7.10443523442 0.0 7.10443523442 0.0
57848.2020255 7.03270929301 0.0 7.03270929301 0.0
57848.2020718 6.99921424161 0.0 6.99921424161 0.0
57848.2021412 7.03967328787 0.0 7.03967328787 0.0
57848.2021875 7.03974431354 0.0 7.03974431354 0.0
57848.2022338 7.08350195878 0.0 7.08350195878 0.0
57848.2022801 7.06356850324 0.0 7.06356850324 0.0
57848.2023495 7.03398891099 0.0 7.03398891099 0.0
57848.2023958 7.01455629388 0.0 7.01455629388 0.0
57848.2024421 7.06073650549 0.0 7.06073650549 0.0
57848.2024884 7.07050210381 0.0 7.07050210381 0.0
57848.2025579 7.07014851329 0.0 7.07014851329 0.0
57848.2026157 6.99456932198 0.0 6.99456932198 0.0
57848.2026505 6.99978571101 0.0 6.99978571101 0.0
57848.2026968 6.99542707774 0.0 6.99542707774 0.0
57848.2027662 7.04953899202 0.0 7.04953899202 0.0
57848.2028241 7.08216068725 0.0 7.08216068725 0.0
57848.2028704 7.01491268656 0.0 7.01491268656 0.0
57848.2029051 6.99178088902 0.0 6.99178088902 0.0
57848.2029861 7.01626681363 0.0 7.01626681363 0.0
57848.2030324 7.03562363974 0.0 7.03562363974 0.0
57848.2030787 7.0883707578 0.0 7.0883707578 0.0
57848.203125 7.09598478014 0.0 7.09598478014 0.0
57848.2031944 7.07304743374 0.0 7.07304743374 0.0
57848.2032407 7.02773078596 0.0 7.02773078596 0.0
57848.203287 7.10478711856 0.0 7.10478711856 0.0
57848.2033333 7.18734999843 0.0 7.18734999843 0.0
57848.2034028 7.04478530546 0.0 7.04478530546 0.0
57848.2034491 6.99442635246 0.0 6.99442635246 0.0
57848.2034954 7.01206103795 0.0 7.01206103795 0.0
57848.2035417 7.0054264681 0.0 7.0054264681 0.0
57848.2036227 7.08914663412 0.0 7.08914663412 0.0
57848.2036574 7.12060390697 0.0 7.12060390697 0.0
57848.2037037 7.19395579636 0.0 7.19395579636 0.0
57848.2037616 7.25341298976 0.0 7.25341298976 0.0
57848.203831 7.11484363848 0.0 7.11484363848 0.0
57848.2038773 7.08237248385 0.0 7.08237248385 0.0
57848.203912 7.1232015274 0.0 7.1232015274 0.0
57848.2039699 7.09563245948 0.0 7.09563245948 0.0
57848.2040394 7.36220075793 0.0 7.36220075793 0.0
57848.2040856 7.27866746046 0.0 7.27866746046 0.0
57848.2041319 7.21844858678 0.0 7.21844858678 0.0
57848.2041782 7.16051674113 0.0 7.16051674113 0.0
57848.2042477 7.02338949511 0.0 7.02338949511 0.0
57848.204294 7.11765410792 0.0 7.11765410792 0.0
57848.2043403 7.1440884653 0.0 7.1440884653 0.0
57848.2043866 7.12481578709 0.0 7.12481578709 0.0
57848.204456 7.12951611261 0.0 7.12951611261 0.0
57848.2045023 7.10352025407 0.0 7.10352025407 0.0
57848.2045486 7.0743904331 0.0 7.0743904331 0.0
57848.2045949 7.10021126446 0.0 7.10021126446 0.0
57848.2046644 6.99835695003 0.0 6.99835695003 0.0
57848.2047106 7.05244638406 0.0 7.05244638406 0.0
57848.2047685 7.08463125364 0.0 7.08463125364 0.0
57848.2048032 7.20479007328 0.0 7.20479007328 0.0
57848.2048727 7.25871889523 0.0 7.25871889523 0.0
57848.204919 7.18957578721 0.0 7.18957578721 0.0
57848.2049769 7.21803297305 0.0 7.21803297305 0.0
57848.2050231 7.29177618965 0.0 7.29177618965 0.0
57848.2050926 7.08237248385 0.0 7.08237248385 0.0
57848.2051389 7.05910759232 0.0 7.05910759232 0.0
57848.2051852 7.03356239753 0.0 7.03356239753 0.0
57848.2052315 7.1238332378 0.0 7.1238332378 0.0
57848.2053009 7.05556517935 0.0 7.05556517935 0.0
57848.2053472 7.02616538376 0.0 7.02616538376 0.0
57848.2053935 7.02004273491 0.0 7.02004273491 0.0
57848.2054398 7.02125344935 0.0 7.02125344935 0.0
57848.2055093 6.98398167237 0.0 6.98398167237 0.0
57848.2055556 6.9700071736 0.0 6.9700071736 0.0
57848.2056019 6.99864272556 0.0 6.99864272556 0.0
57848.2056481 6.9708679517 0.0 6.9708679517 0.0
57848.2057176 7.07311812428 0.0 7.07311812428 0.0
57848.2057639 7.00735328066 0.0 7.00735328066 0.0
57848.2058102 7.02438609417 0.0 7.02438609417 0.0
57848.2058565 7.01484140947 0.0 7.01484140947 0.0
57848.2059259 6.98713102783 0.0 6.98713102783 0.0
57848.2059838 6.99335398789 0.0 6.99335398789 0.0
57848.2060301 6.95650774455 0.0 6.95650774455 0.0
57848.2060648 7.00421301789 0.0 7.00421301789 0.0
57848.2061343 7.04435944568 0.0 7.04435944568 0.0
57848.2061921 7.0112053172 0.0 7.0112053172 0.0
57848.2062384 7.01633807623 0.0 7.01633807623 0.0
57848.2084144 7.04946806504 0.0 7.04946806504 0.0
57848.2084491 7.06264822853 0.0 7.06264822853 0.0
57848.2084954 7.00171407585 0.0 7.00171407585 0.0
57848.2085532 6.97172862352 0.0 6.97172862352 0.0
57848.2086227 6.96993543729 0.0 6.96993543729 0.0
57848.208669 6.93584890262 0.0 6.93584890262 0.0
57848.2087037 6.99699935687 0.0 6.99699935687 0.0
57848.2087616 7.07057281979 0.0 7.07057281979 0.0
57848.208831 7.06024078909 0.0 7.06024078909 0.0
57848.2088773 6.99564150025 0.0 6.99564150025 0.0
57848.2089236 6.97524193129 0.0 6.97524193129 0.0
57848.2089699 6.97911169133 0.0 6.97911169133 0.0
57848.2090394 7.00257095644 0.0 7.00257095644 0.0
57848.2090856 6.93613725354 0.0 6.93613725354 0.0
57848.2091319 6.92618220956 0.0 6.92618220956 0.0
57848.2091782 6.93865981296 0.0 6.93865981296 0.0
57848.2092477 6.94521417956 0.0 6.94521417956 0.0
57848.209294 6.93584890262 0.0 6.93584890262 0.0
57848.2093403 6.94024495245 0.0 6.94024495245 0.0
57848.2093866 6.93383011041 0.0 6.93383011041 0.0
57848.209456 6.99292499602 0.0 6.99292499602 0.0
57848.2095023 6.95801695888 0.0 6.95801695888 0.0
57848.2095602 6.9263987757 0.0 6.9263987757 0.0
57848.2095949 6.95176236648 0.0 6.95176236648 0.0
57848.2096644 6.96577346746 0.0 6.96577346746 0.0
57848.2097106 7.02851335632 0.0 7.02851335632 0.0
57848.2097685 7.05889509768 0.0 7.05889509768 0.0
57848.2098148 7.04847501237 0.0 7.04847501237 0.0
57848.2098843 7.04215875993 0.0 7.04215875993 0.0
57848.2099306 6.96002873557 0.0 6.96002873557 0.0
57848.2099769 6.9942118927 0.0 6.9942118927 0.0
57848.2100231 7.02652118761 0.0 7.02652118761 0.0
57848.2100926 7.00478407947 0.0 7.00478407947 0.0
57848.2101389 7.08138404551 0.0 7.08138404551 0.0
57848.2101852 7.09231978974 0.0 7.09231978974 0.0
57848.2102315 7.080748548 0.0 7.080748548 0.0
57848.2103009 7.01876057435 0.0 7.01876057435 0.0
57848.2103472 7.10907870262 0.0 7.10907870262 0.0
57848.2103935 7.00899422171 0.0 7.00899422171 0.0
57848.2104398 6.96282988447 0.0 6.96282988447 0.0
57848.2105093 6.9746684509 0.0 6.9746684509 0.0
57848.2105556 6.9746684509 0.0 6.9746684509 0.0
57848.2106019 6.99628472834 0.0 6.99628472834 0.0
57848.2106481 7.07170417933 0.0 7.07170417933 0.0
57848.2107176 7.02765963888 0.0 7.02765963888 0.0
57848.2107755 6.94139755381 0.0 6.94139755381 0.0
57848.2108218 6.96957674468 0.0 6.96957674468 0.0
57848.2108565 6.95176236648 0.0 6.95176236648 0.0
57848.2109259 7.04265574908 0.0 7.04265574908 0.0
57848.2109838 7.14506822921 0.0 7.14506822921 0.0
57848.2110301 7.22647908736 0.0 7.22647908736 0.0
57848.2110764 7.0341310764 0.0 7.0341310764 0.0
57848.2111458 6.98075927102 0.0 6.98075927102 0.0
57848.2111921 7.01648059927 0.0 7.01648059927 0.0
57848.2112384 6.98319411158 0.0 6.98319411158 0.0
57848.2112847 7.00585469447 0.0 7.00585469447 0.0
57848.2113542 6.95276923247 0.0 6.95276923247 0.0
57848.2114005 6.9633325355 0.0 6.9633325355 0.0
57848.2114468 6.9681417896 0.0 6.9681417896 0.0
57848.2114931 6.95391975795 0.0 6.95391975795 0.0
57848.2115625 6.94895675623 0.0 6.94895675623 0.0
57848.2116088 6.96972022394 0.0 6.96972022394 0.0
57848.2116551 7.021538293 0.0 7.021538293 0.0
57848.211713 7.05818673598 0.0 7.05818673598 0.0
57848.2117824 7.03071831323 0.0 7.03071831323 0.0
57848.2118171 7.01505523856 0.0 7.01505523856 0.0
57848.2118634 7.06859250488 0.0 7.06859250488 0.0
57848.2119213 7.03114499922 0.0 7.03114499922 0.0
57848.2119907 7.02758849108 0.0 7.02758849108 0.0
57848.212037 7.20118045879 0.0 7.20118045879 0.0
57848.2120718 7.19673537099 0.0 7.19673537099 0.0
57848.2121296 7.1630300851 0.0 7.1630300851 0.0
57848.2121991 7.05428947521 0.0 7.05428947521 0.0
57848.2122454 7.12628935702 0.0 7.12628935702 0.0
57848.2122917 7.23387862768 0.0 7.23387862768 0.0
57848.212338 7.30691453351 0.0 7.30691453351 0.0
57848.2124074 7.16958855165 0.0 7.16958855165 0.0
57848.2124537 6.98204841003 0.0 6.98204841003 0.0
57848.2125 6.98176195527 0.0 6.98176195527 0.0
57848.2125463 7.00856618717 0.0 7.00856618717 0.0
57848.2126157 7.02808651057 0.0 7.02808651057 0.0
57848.212662 6.92942999099 0.0 6.92942999099 0.0
57848.2127083 6.9660605797 0.0 6.9660605797 0.0
57848.2127546 7.07495583025 0.0 7.07495583025 0.0
57848.2128241 7.05294264829 0.0 7.05294264829 0.0
57848.2128704 6.99707081571 0.0 6.99707081571 0.0
57848.2129282 7.05329710136 0.0 7.05329710136 0.0
57848.212963 7.04698517098 0.0 7.04698517098 0.0
57848.213044 6.96792652085 0.0 6.96792652085 0.0
57848.2130787 7.00028570846 0.0 7.00028570846 0.0
57848.2131366 6.99549855264 0.0 6.99549855264 0.0
57848.2131829 7.02936697008 0.0 7.02936697008 0.0
57848.2216088 7.1824090666 0.0 7.1824090666 0.0
57848.2216435 7.08491354923 0.0 7.08491354923 0.0
57848.2216898 7.20534523809 0.0 7.20534523809 0.0
57848.2217477 7.19020166616 0.0 7.19020166616 0.0
57848.2218171 7.07135064892 0.0 7.07135064892 0.0
57848.2218634 6.99614179387 0.0 6.99614179387 0.0
57848.2218981 6.99135180062 0.0 6.99135180062 0.0
57848.221956 7.03676061835 0.0 7.03676061835 0.0
57848.2220255 6.95686711099 0.0 6.95686711099 0.0
57848.2220718 6.92170499227 0.0 6.92170499227 0.0
57848.2221181 6.93253200497 0.0 6.93253200497 0.0
57848.2221644 6.93498377792 0.0 6.93498377792 0.0
57848.2222338 6.9316664663 0.0 6.9316664663 0.0
57848.2222801 6.93310897073 0.0 6.93310897073 0.0
57848.2223264 6.94679782346 0.0 6.94679782346 0.0
57848.2223727 6.96096257712 0.0 6.96096257712 0.0
57848.2224421 6.9440622117 0.0 6.9440622117 0.0
57848.2224884 6.97208720542 0.0 6.97208720542 0.0
57848.2225347 6.99206693332 0.0 6.99206693332 0.0
57848.222581 6.97638875064 0.0 6.97638875064 0.0
57848.2226505 7.03775532397 0.0 7.03775532397 0.0
57848.2226968 7.09816877793 0.0 7.09816877793 0.0
57848.2227546 7.02011395919 0.0 7.02011395919 0.0
57848.2227894 6.93952447939 0.0 6.93952447939 0.0
57848.2228588 7.041022653 0.0 7.041022653 0.0
57848.2229051 7.41431048716 0.0 7.41431048716 0.0
57848.222963 7.25106888672 0.0 7.25106888672 0.0
57848.2230093 7.01277405882 0.0 7.01277405882 0.0
57848.2230787 7.02018518274 0.0 7.02018518274 0.0
57848.223125 7.12271015836 0.0 7.12271015836 0.0
57848.2231713 7.14933563347 0.0 7.14933563347 0.0
57848.2232176 7.23988950192 0.0 7.23988950192 0.0
57848.223287 7.15436929435 0.0 7.15436929435 0.0
57848.2233333 7.02438609417 0.0 7.02438609417 0.0
57848.2233796 7.0445014018 0.0 7.0445014018 0.0
57848.2234259 7.02701928274 0.0 7.02701928274 0.0
57848.2234954 7.06094894472 0.0 7.06094894472 0.0
57848.2235417 6.99313949525 0.0 6.99313949525 0.0
57848.223588 6.998428395 0.0 6.998428395 0.0
57848.2236343 7.05676979928 0.0 7.05676979928 0.0
57848.2237037 7.23906071255 0.0 7.23906071255 0.0
57848.22375 7.20485947122 0.0 7.20485947122 0.0
57848.2237963 7.24092535523 0.0 7.24092535523 0.0
57848.2238426 7.21110255093 0.0 7.21110255093 0.0
57848.223912 7.02758849108 0.0 7.02758849108 0.0
57848.2239699 6.98841899145 0.0 6.98841899145 0.0
57848.2240162 6.9929964965 0.0 6.9929964965 0.0
57848.2240509 7.01198973188 0.0 7.01198973188 0.0
57848.2241204 7.11118836764 0.0 7.11118836764 0.0
57848.2241782 7.11294594384 0.0 7.11294594384 0.0
57848.2242245 7.15870099948 0.0 7.15870099948 0.0
57848.2242708 7.50712994426 0.0 7.50712994426 0.0
57848.2243403 7.06250663717 0.0 7.06250663717 0.0
57848.2243866 7.09697118495 0.0 7.09697118495 0.0
57848.2244329 7.08992242553 0.0 7.08992242553 0.0
57848.2244792 7.09323621487 0.0 7.09323621487 0.0
57848.2245486 7.17857924662 0.0 7.17857924662 0.0
57848.2245949 7.03562363974 0.0 7.03562363974 0.0
57848.2246412 7.11877798502 0.0 7.11877798502 0.0
57848.2246875 7.12046346806 0.0 7.12046346806 0.0
57848.2247569 7.02659234622 0.0 7.02659234622 0.0
57848.2248032 7.0922492906 0.0 7.0922492906 0.0
57848.2248495 7.11132898972 0.0 7.11132898972 0.0
57848.2249074 7.13197027476 0.0 7.13197027476 0.0
57848.2249769 7.03612109049 0.0 7.03612109049 0.0
57848.2250116 7.01141925718 0.0 7.01141925718 0.0
57848.2250579 7.060665691 0.0 7.060665691 0.0
57848.2251157 7.2004860947 0.0 7.2004860947 0.0
57848.2251852 7.2212187337 0.0 7.2212187337 0.0
57848.2252315 7.1033794774 0.0 7.1033794774 0.0
57848.2252662 7.0843489468 0.0 7.0843489468 0.0
57848.2253241 7.05365153662 0.0 7.05365153662 0.0
57848.2253935 6.96383515026 0.0 6.96383515026 0.0
57848.2254398 7.18957578721 0.0 7.18957578721 0.0
57848.2254861 7.2422372234 0.0 7.2422372234 0.0
57848.2255324 7.26002754816 0.0 7.26002754816 0.0
57848.2256019 7.04648848718 0.0 7.04648848718 0.0
57848.2256481 7.04790749088 0.0 7.04790749088 0.0
57848.2256944 6.99857128277 0.0 6.99857128277 0.0
57848.2257407 7.03612109049 0.0 7.03612109049 0.0
57848.2258102 7.0301493583 0.0 7.0301493583 0.0
57848.2258565 7.0337756575 0.0 7.0337756575 0.0
57848.2259028 7.03626321281 0.0 7.03626321281 0.0
57848.2259491 7.02716158915 0.0 7.02716158915 0.0
57848.2260185 6.97803697325 0.0 6.97803697325 0.0
57848.2260648 7.00878020771 0.0 7.00878020771 0.0
57848.2261227 7.0375421846 0.0 7.0375421846 0.0
57848.2261574 7.03356239753 0.0 7.03356239753 0.0
57848.2262384 6.99978571101 0.0 6.99978571101 0.0
57848.2262731 7.09013399027 0.0 7.09013399027 0.0
57848.226331 7.06172783389 0.0 7.06172783389 0.0
57848.2263773 6.98326571169 0.0 6.98326571169 0.0
57848.2348032 7.21117188812 0.0 7.21117188812 0.0
57848.234838 7.18268751931 0.0 7.18268751931 0.0
57848.2348843 7.08194888431 0.0 7.08194888431 0.0
57848.2349421 7.22246495319 0.0 7.22246495319 0.0
57848.2350116 7.29712272063 0.0 7.29712272063 0.0
57848.2350579 7.26477804203 0.0 7.26477804203 0.0
57848.2350926 7.32836953217 0.0 7.32836953217 0.0
57848.2351505 7.33416661932 0.0 7.33416661932 0.0
57848.2352199 7.29061039969 0.0 7.29061039969 0.0
57848.2352662 7.21477650381 0.0 7.21477650381 0.0
57848.2353125 7.27530068107 0.0 7.27530068107 0.0
57848.2353588 7.18881075005 0.0 7.18881075005 0.0
57848.2354282 7.26842486375 0.0 7.26842486375 0.0
57848.2354745 7.24906890573 0.0 7.24906890573 0.0
57848.2355208 7.17788269617 0.0 7.17788269617 0.0
57848.2355671 7.1556271563 0.0 7.1556271563 0.0
57848.2356366 7.08773588673 0.0 7.08773588673 0.0
57848.2356829 7.16442600632 0.0 7.16442600632 0.0
57848.2357292 7.37963413727 0.0 7.37963413727 0.0
57848.2357755 7.44916102659 0.0 7.44916102659 0.0
57848.2358449 7.1370862402 0.0 7.1370862402 0.0
57848.2358912 7.28553361121 0.0 7.28553361121 0.0
57848.2359491 7.43128521859 0.0 7.43128521859 0.0
57848.2359838 7.40155389091 0.0 7.40155389091 0.0
57848.2360532 7.17850959462 0.0 7.17850959462 0.0
57848.2360995 7.13946776728 0.0 7.13946776728 0.0
57848.2361574 7.15429940665 0.0 7.15429940665 0.0
57848.2362037 7.08822968025 0.0 7.08822968025 0.0
57848.2362731 7.07933612707 0.0 7.07933612707 0.0
57848.2363194 7.17175013508 0.0 7.17175013508 0.0
57848.2363657 7.31313886098 0.0 7.31313886098 0.0
57848.236412 7.37827893211 0.0 7.37827893211 0.0
57848.2364815 7.22066478934 0.0 7.22066478934 0.0
57848.2365278 7.04797843357 0.0 7.04797843357 0.0
57848.2365741 7.0721283925 0.0 7.0721283925 0.0
57848.2366204 7.09978872925 0.0 7.09978872925 0.0
57848.2366898 7.18707172637 0.0 7.18707172637 0.0
57848.2367361 7.24858606902 0.0 7.24858606902 0.0
57848.2367824 7.24748232147 0.0 7.24748232147 0.0
57848.2368287 7.22689421536 0.0 7.22689421536 0.0
57848.2368981 7.08928769341 0.0 7.08928769341 0.0
57848.2369444 7.0915442606 0.0 7.0915442606 0.0
57848.2369907 7.07333019164 0.0 7.07333019164 0.0
57848.237037 7.10739051973 0.0 7.10739051973 0.0
57848.2371065 7.1655425475 0.0 7.1655425475 0.0
57848.2371644 7.19979166365 0.0 7.19979166365 0.0
57848.2372106 7.13337227404 0.0 7.13337227404 0.0
57848.2372454 7.10457599016 0.0 7.10457599016 0.0
57848.2373148 7.04372060775 0.0 7.04372060775 0.0
57848.2373727 7.12053368786 0.0 7.12053368786 0.0
57848.237419 7.20180532922 0.0 7.20180532922 0.0
57848.2374653 7.16309988762 0.0 7.16309988762 0.0
57848.2375347 7.10844568102 0.0 7.10844568102 0.0
57848.237581 7.17425954367 0.0 7.17425954367 0.0
57848.2376273 7.42462120246 0.0 7.42462120246 0.0
57848.2376736 7.71511503479 0.0 7.71511503479 0.0
57848.2377431 7.33171194197 0.0 7.33171194197 0.0
57848.2377894 7.19152278728 0.0 7.19152278728 0.0
57848.2378356 7.2228803119 0.0 7.2228803119 0.0
57848.2378819 7.21304374034 0.0 7.21304374034 0.0
57848.2379514 7.13407317036 0.0 7.13407317036 0.0
57848.2379977 7.04826219717 0.0 7.04826219717 0.0
57848.238044 7.09436396022 0.0 7.09436396022 0.0
57848.2381019 7.14184850021 0.0 7.14184850021 0.0
57848.2381713 7.17948466117 0.0 7.17948466117 0.0
57848.238206 7.26498451478 0.0 7.26498451478 0.0
57848.2382523 7.20277724215 0.0 7.20277724215 0.0
57848.2383102 7.1232015274 0.0 7.1232015274 0.0
57848.2383796 7.12614903016 0.0 7.12614903016 0.0
57848.2384259 7.26250645439 0.0 7.26250645439 0.0
57848.2384606 7.35696948478 0.0 7.35696948478 0.0
57848.2385185 7.31669324217 0.0 7.31669324217 0.0
57848.238588 7.11400028114 0.0 7.11400028114 0.0
57848.2386343 7.12158690181 0.0 7.12158690181 0.0
57848.2386806 7.18992350446 0.0 7.18992350446 0.0
57848.2387269 7.19986110977 0.0 7.19986110977 0.0
57848.2387963 7.18533228181 0.0 7.18533228181 0.0
57848.2388426 7.12285055297 0.0 7.12285055297 0.0
57848.2388889 7.17446862144 0.0 7.17446862144 0.0
57848.2389352 7.27846137587 0.0 7.27846137587 0.0
57848.2390046 7.35989130355 0.0 7.35989130355 0.0
57848.2390509 7.16282067345 0.0 7.16282067345 0.0
57848.2390972 7.08103099838 0.0 7.08103099838 0.0
57848.2391435 7.04599176837 0.0 7.04599176837 0.0
57848.239213 7.13750656742 0.0 7.13750656742 0.0
57848.2392593 7.26498451478 0.0 7.26498451478 0.0
57848.2393171 7.38843691182 0.0 7.38843691182 0.0
57848.2393519 7.34806096872 0.0 7.34806096872 0.0
57848.2394329 7.15367038659 0.0 7.15367038659 0.0
57848.2394676 7.06448865807 0.0 7.06448865807 0.0
57848.2395255 1.30345694214 0.0 1.30345694214 0.0
57848.2395718 0.494974746831 0.0 0.494974746831 0.0
57848.2479977 7.4005405208 0.0 7.4005405208 0.0
57848.2480324 7.46103210019 0.0 7.46103210019 0.0
57848.2480787 8.15916662411 0.0 8.15916662411 0.0
57848.2481366 8.47696879787 0.0 8.47696879787 0.0
57848.248206 7.82259547721 0.0 7.82259547721 0.0
57848.2482523 8.11788149704 0.0 8.11788149704 0.0
57848.248287 7.60217074262 0.0 7.60217074262 0.0
57848.2483449 7.16917010539 0.0 7.16917010539 0.0
57848.2484144 7.2104784862 0.0 7.2104784862 0.0
57848.2484606 7.26464039027 0.0 7.26464039027 0.0
57848.2485069 7.22073403471 0.0 7.22073403471 0.0
57848.2485532 7.31006155925 0.0 7.31006155925 0.0
57848.2486227 7.32133867541 0.0 7.32133867541 0.0
57848.248669 7.15045453101 0.0 7.15045453101 0.0
57848.2487153 7.16212259041 0.0 7.16212259041 0.0
57848.2487616 7.25417121386 0.0 7.25417121386 0.0
57848.248831 7.14114836703 0.0 7.14114836703 0.0
57848.2488773 7.18540186768 0.0 7.18540186768 0.0
57848.2489236 7.3897225929 0.0 7.3897225929 0.0
57848.2489699 7.50239961612 0.0 7.50239961612 0.0
57848.2490394 7.37617787204 0.0 7.37617787204 0.0
57848.2490856 7.04939713734 0.0 7.04939713734 0.0
57848.2491435 7.01477013166 0.0 7.01477013166 0.0
57848.2491782 7.03690272776 0.0 7.03690272776 0.0
57848.2492477 7.0782059874 0.0 7.0782059874 0.0
57848.249294 7.2928046731 0.0 7.2928046731 0.0
57848.2493519 7.30349231532 0.0 7.30349231532 0.0
57848.2493981 7.22820863008 0.0 7.22820863008 0.0
57848.2494676 7.07099710083 0.0 7.07099710083 0.0
57848.2495139 7.18846297897 0.0 7.18846297897 0.0
57848.2495602 7.30848821577 0.0 7.30848821577 0.0
57848.2496065 7.43236167042 0.0 7.43236167042 0.0
57848.2496759 7.14394848806 0.0 7.14394848806 0.0
57848.2497222 7.02901131028 0.0 7.02901131028 0.0
57848.2497685 7.04017045248 0.0 7.04017045248 0.0
57848.2498148 7.06512561813 0.0 7.06512561813 0.0
57848.2498843 7.06845103258 0.0 7.06845103258 0.0
57848.2499306 7.01184711756 0.0 7.01184711756 0.0
57848.2499769 7.0333491311 0.0 7.0333491311 0.0
57848.2500231 7.10612411938 0.0 7.10612411938 0.0
57848.2500926 7.01975783058 0.0 7.01975783058 0.0
57848.2501389 7.02588072771 0.0 7.02588072771 0.0
57848.2501852 7.03533936637 0.0 7.03533936637 0.0
57848.2502315 7.10696841136 0.0 7.10696841136 0.0
57848.2503009 7.18164326599 0.0 7.18164326599 0.0
57848.2503588 7.05237548632 0.0 7.05237548632 0.0
57848.2504051 7.01013551937 0.0 7.01013551937 0.0
57848.2504398 7.025311381 0.0 7.025311381 0.0
57848.2505093 7.11378942618 0.0 7.11378942618 0.0
57848.2505671 7.16923984813 0.0 7.16923984813 0.0
57848.2506134 7.09182628101 0.0 7.09182628101 0.0
57848.2506597 7.03043384152 0.0 7.03043384152 0.0
57848.2507292 7.04939713734 0.0 7.04939713734 0.0
57848.2507755 7.02068372739 0.0 7.02068372739 0.0
57848.2508218 7.03327804086 0.0 7.03327804086 0.0
57848.2508681 7.08590149522 0.0 7.08590149522 0.0
57848.2509375 7.07000707213 0.0 7.07000707213 0.0
57848.2509838 7.47315194546 0.0 7.47315194546 0.0
57848.2510301 7.25699662395 0.0 7.25699662395 0.0
57848.2510764 7.21609312578 0.0 7.21609312578 0.0
57848.2511458 7.29115902995 0.0 7.29115902995 0.0
57848.2511921 7.16868188721 0.0 7.16868188721 0.0
57848.2512384 7.30889868585 0.0 7.30889868585 0.0
57848.2512963 7.2731698729 0.0 7.2731698729 0.0
57848.2513657 7.20291607615 0.0 7.20291607615 0.0
57848.2514005 7.23394774656 0.0 7.23394774656 0.0
57848.2514468 7.17056483131 0.0 7.17056483131 0.0
57848.2515046 7.13035763479 0.0 7.13035763479 0.0
57848.2515741 7.13330218062 0.0 7.13330218062 0.0
57848.2516204 7.02182312509 0.0 7.02182312509 0.0
57848.2516551 7.04514016894 0.0 7.04514016894 0.0
57848.251713 7.0659748089 0.0 7.0659748089 0.0
57848.2517824 7.03654744886 0.0 7.03654744886 0.0
57848.2518287 7.02068372739 0.0 7.02068372739 0.0
57848.251875 7.05350976465 0.0 7.05350976465 0.0
57848.2519213 7.05995750695 0.0 7.05995750695 0.0
57848.2519907 6.99892848942 0.0 6.99892848942 0.0
57848.252037 7.02203674157 0.0 7.02203674157 0.0
57848.2520833 7.04606273035 0.0 7.04606273035 0.0
57848.2521296 7.04755276674 0.0 7.04755276674 0.0
57848.2521991 7.07389567353 0.0 7.07389567353 0.0
57848.2522454 7.06647012305 0.0 7.06647012305 0.0
57848.2522917 7.0579033714 0.0 7.0579033714 0.0
57848.252338 7.06519638793 0.0 7.06519638793 0.0
57848.2524074 7.17377167186 0.0 7.17377167186 0.0
57848.2524537 7.09175577696 0.0 7.09175577696 0.0
57848.2525116 7.080748548 0.0 7.080748548 0.0
57848.2525463 7.09436396022 0.0 7.09436396022 0.0
57848.2526273 7.12158690181 0.0 7.12158690181 0.0
57848.252662 7.14520818451 0.0 7.14520818451 0.0
57848.2527199 7.18115589582 0.0 7.18115589582 0.0
57848.2527662 7.24106345781 0.0 7.24106345781 0.0
57848.2639699 7.12649984214 0.0 7.12649984214 0.0
57848.2640046 7.21456859417 0.0 7.21456859417 0.0
57848.2640509 7.19979166365 0.0 7.19979166365 0.0
57848.2641088 7.27578174494 0.0 7.27578174494 0.0
57848.2641782 7.19652694013 0.0 7.19652694013 0.0
57848.2642245 7.1444383964 0.0 7.1444383964 0.0
57848.2642593 7.13617544627 0.0 7.13617544627 0.0
57848.2643171 7.10063377453 0.0 7.10063377453 0.0
57848.2643866 7.10570193577 0.0 7.10570193577 0.0
57848.2644329 7.07495583025 0.0 7.07495583025 0.0
57848.2644792 7.06087813236 0.0 7.06087813236 0.0
57848.2645255 7.12327172021 0.0 7.12327172021 0.0
57848.2645949 7.13946776728 0.0 7.13946776728 0.0
57848.2646412 7.10211236183 0.0 7.10211236183 0.0
57848.2646875 7.13133928516 0.0 7.13133928516 0.0
57848.2647338 7.18373162082 0.0 7.18373162082 0.0
57848.2648032 7.3397547643 0.0 7.3397547643 0.0
57848.2648495 7.15667520571 0.0 7.15667520571 0.0
57848.2648958 7.20492886849 0.0 7.20492886849 0.0
57848.2649421 7.21325169393 0.0 7.21325169393 0.0
57848.2650116 7.15828191677 0.0 7.15828191677 0.0
57848.2650579 7.30924072664 0.0 7.30924072664 0.0
57848.2651157 7.40344514399 0.0 7.40344514399 0.0
57848.2651505 7.3035607754 0.0 7.3035607754 0.0
57848.2652199 7.29294179327 0.0 7.29294179327 0.0
57848.2652662 7.20131932357 0.0 7.20131932357 0.0
57848.2653241 7.21179589284 0.0 7.21179589284 0.0
57848.2653704 7.17488675869 0.0 7.17488675869 0.0
57848.2654398 7.18011141975 0.0 7.18011141975 0.0
57848.2654861 7.27234487631 0.0 7.27234487631 0.0
57848.2655324 7.28059063538 0.0 7.28059063538 0.0
57848.2655787 7.24982758416 0.0 7.24982758416 0.0
57848.2656481 7.180250692 0.0 7.180250692 0.0
57848.2656944 7.17321406344 0.0 7.17321406344 0.0
57848.2657407 7.09823921829 0.0 7.09823921829 0.0
57848.265787 7.12839392851 0.0 7.12839392851 0.0
57848.2658565 7.0894992771 0.0 7.0894992771 0.0
57848.2659028 7.09542105868 0.0 7.09542105868 0.0
57848.2659491 7.1137191398 0.0 7.1137191398 0.0
57848.2659954 7.11421112984 0.0 7.11421112984 0.0
57848.2660648 7.10710911693 0.0 7.10710911693 0.0
57848.2661111 7.20173590185 0.0 7.20173590185 0.0
57848.2661574 7.16791462003 0.0 7.16791462003 0.0
57848.2662037 7.14870617664 0.0 7.14870617664 0.0
57848.2662731 7.13344236677 0.0 7.13344236677 0.0
57848.266331 7.08639541657 0.0 7.08639541657 0.0
57848.2663773 7.09267227496 0.0 7.09267227496 0.0
57848.266412 7.10197155725 0.0 7.10197155725 0.0
57848.2664815 7.11800533858 0.0 7.11800533858 0.0
57848.2665394 7.12986675892 0.0 7.12986675892 0.0
57848.2665856 7.1363856398 0.0 7.1363856398 0.0
57848.2666319 7.1378568212 0.0 7.1378568212 0.0
57848.2667014 7.1431785642 0.0 7.1431785642 0.0
57848.2667477 7.1533209071 0.0 7.1533209071 0.0
57848.266794 7.17697707952 0.0 7.17697707952 0.0
57848.2668403 7.17676807484 0.0 7.17676807484 0.0
57848.2669097 7.24078725002 0.0 7.24078725002 0.0
57848.266956 7.26904395364 0.0 7.26904395364 0.0
57848.2670023 7.17641972017 0.0 7.17641972017 0.0
57848.2670486 7.16365828331 0.0 7.16365828331 0.0
57848.2671181 7.14359853295 0.0 7.14359853295 0.0
57848.2671644 7.18811519106 0.0 7.18811519106 0.0
57848.2672106 7.21096387455 0.0 7.21096387455 0.0
57848.2672685 7.15017482304 0.0 7.15017482304 0.0
57848.267338 7.13351245881 0.0 7.13351245881 0.0
57848.2673727 7.09394107672 0.0 7.09394107672 0.0
57848.267419 7.08385488276 0.0 7.08385488276 0.0
57848.2674769 7.09922530985 0.0 7.09922530985 0.0
57848.2675463 7.16540298936 0.0 7.16540298936 0.0
57848.2675926 7.16372807971 0.0 7.16372807971 0.0
57848.2676273 7.21352895607 0.0 7.21352895607 0.0
57848.2676852 7.23014522676 0.0 7.23014522676 0.0
57848.2677546 7.18790651024 0.0 7.18790651024 0.0
57848.2678009 7.2980819398 0.0 7.2980819398 0.0
57848.2678472 7.55288024531 0.0 7.55288024531 0.0
57848.2678935 7.45231507654 0.0 7.45231507654 0.0
57848.267963 7.1918704104 0.0 7.1918704104 0.0
57848.2680093 7.39290200124 0.0 7.39290200124 0.0
57848.2680556 7.53677649927 0.0 7.53677649927 0.0
57848.2681019 7.7276775295 0.0 7.7276775295 0.0
57848.2681713 7.32352374202 0.0 7.32352374202 0.0
57848.2682176 7.2924618614 0.0 7.2924618614 0.0
57848.2682639 7.36403422045 0.0 7.36403422045 0.0
57848.2683102 7.48030748031 0.0 7.48030748031 0.0
57848.2683796 7.25575633549 0.0 7.25575633549 0.0
57848.2684259 7.16519364707 0.0 7.16519364707 0.0
57848.2684838 7.18874119718 0.0 7.18874119718 0.0
57848.2685185 7.17300494911 0.0 7.17300494911 0.0
57848.2685995 7.125377183 0.0 7.125377183 0.0
57848.2686343 7.1576532467 0.0 7.1576532467 0.0
57848.2686921 7.15856130797 0.0 7.15856130797 0.0
57848.2687384 7.16714727071 0.0 7.16714727071 0.0
57848.2771644 7.22156492735 0.0 7.22156492735 0.0
57848.2771991 7.24741333167 0.0 7.24741333167 0.0
57848.2772454 7.27007565298 0.0 7.27007565298 0.0
57848.2773032 7.27220736778 0.0 7.27220736778 0.0
57848.2773727 7.27708732942 0.0 7.27708732942 0.0
57848.277419 7.19138373333 0.0 7.19138373333 0.0
57848.2774537 7.26395209235 0.0 7.26395209235 0.0
57848.2775116 7.51378732731 0.0 7.51378732731 0.0
57848.277581 7.573044302 0.0 7.573044302 0.0
57848.2776273 7.40229694082 0.0 7.40229694082 0.0
57848.2776736 7.42111851408 0.0 7.42111851408 0.0
57848.2777199 7.40850862185 0.0 7.40850862185 0.0
57848.2777894 7.32720956436 0.0 7.32720956436 0.0
57848.2778356 7.6210235533 0.0 7.6210235533 0.0
57848.2778819 7.69012353607 0.0 7.69012353607 0.0
57848.2779282 7.57937992187 0.0 7.57937992187 0.0
57848.2779977 7.43747268903 0.0 7.43747268903 0.0
57848.278044 7.37604229923 0.0 7.37604229923 0.0
57848.2780903 7.32256785561 0.0 7.32256785561 0.0
57848.2781366 7.5167147079 0.0 7.5167147079 0.0
57848.278206 7.57990765115 0.0 7.57990765115 0.0
57848.2782523 7.41302907049 0.0 7.41302907049 0.0
57848.2783102 7.40155389091 0.0 7.40155389091 0.0
57848.2783449 7.41923176616 0.0 7.41923176616 0.0
57848.2784144 7.69083870589 0.0 7.69083870589 0.0
57848.2784606 8.01916454501 0.0 8.01916454501 0.0
57848.2785185 7.98248081739 0.0 7.98248081739 0.0
57848.2785648 7.61754553646 0.0 7.61754553646 0.0
57848.2786343 7.5375062189 0.0 7.5375062189 0.0
57848.2786806 7.9585802754 0.0 7.9585802754 0.0
57848.2787269 8.24305768511 0.0 8.24305768511 0.0
57848.2787731 8.38570211729 0.0 8.38570211729 0.0
57848.2788426 8.1165263506 0.0 8.1165263506 0.0
57848.2788889 7.41410817294 0.0 7.41410817294 0.0
57848.2789352 7.47268358757 0.0 7.47268358757 0.0
57848.2789815 7.40499831195 0.0 7.40499831195 0.0
57848.2790509 7.52628726531 0.0 7.52628726531 0.0
57848.2790972 7.38024389841 0.0 7.38024389841 0.0
57848.2791435 7.26801210786 0.0 7.26801210786 0.0
57848.2791898 7.29753383 0.0 7.29753383 0.0
57848.2792593 7.36987109792 0.0 7.36987109792 0.0
57848.2793056 7.24810320015 0.0 7.24810320015 0.0
57848.2793519 7.39804028105 0.0 7.39804028105 0.0
57848.2793981 7.41862520957 0.0 7.41862520957 0.0
57848.2794676 7.3026022759 0.0 7.3026022759 0.0
57848.2795255 7.34894550259 0.0 7.34894550259 0.0
57848.2795718 7.35995923902 0.0 7.35995923902 0.0
57848.2796065 7.31669324217 0.0 7.31669324217 0.0
57848.2796759 7.26608560368 0.0 7.26608560368 0.0
57848.2797338 7.2949982865 0.0 7.2949982865 0.0
57848.2797801 7.23615920223 0.0 7.23615920223 0.0
57848.2798264 7.22128797376 0.0 7.22128797376 0.0
57848.2798958 7.23505355889 0.0 7.23505355889 0.0
57848.2799421 7.33505282871 0.0 7.33505282871 0.0
57848.2799884 7.34002724791 0.0 7.34002724791 0.0
57848.2800347 7.32891533585 0.0 7.32891533585 0.0
57848.2801042 7.23263437483 0.0 7.23263437483 0.0
57848.2801505 7.30664081504 0.0 7.30664081504 0.0
57848.2801968 7.34506637138 0.0 7.34506637138 0.0
57848.2802431 7.33723381119 0.0 7.33723381119 0.0
57848.2803125 7.29321602587 0.0 7.29321602587 0.0
57848.2803588 7.19874989147 0.0 7.19874989147 0.0
57848.2804051 7.21546949269 0.0 7.21546949269 0.0
57848.280463 7.24203010212 0.0 7.24203010212 0.0
57848.2805324 7.28491592264 0.0 7.28491592264 0.0
57848.2805671 7.3347801603 0.0 7.3347801603 0.0
57848.2806134 7.30520362481 0.0 7.30520362481 0.0
57848.2806713 7.250448262 0.0 7.250448262 0.0
57848.2807407 7.24810320015 0.0 7.24810320015 0.0
57848.280787 7.21990304644 0.0 7.21990304644 0.0
57848.2808218 7.24354885398 0.0 7.24354885398 0.0
57848.2808796 7.24320371107 0.0 7.24320371107 0.0
57848.2809491 7.3687176632 0.0 7.3687176632 0.0
57848.2809954 7.43713654574 0.0 7.43713654574 0.0
57848.2810417 7.397229211 0.0 7.397229211 0.0
57848.281088 7.24920685317 0.0 7.24920685317 0.0
57848.2811574 7.15737382005 0.0 7.15737382005 0.0
57848.2812037 7.27138226199 0.0 7.27138226199 0.0
57848.28125 7.36566358178 0.0 7.36566358178 0.0
57848.2812963 7.35139442555 0.0 7.35139442555 0.0
57848.2813657 7.18220021999 0.0 7.18220021999 0.0
57848.281412 7.20319373611 0.0 7.20319373611 0.0
57848.2814583 7.25506719473 0.0 7.25506719473 0.0
57848.2815046 7.31812817598 0.0 7.31812817598 0.0
57848.2815741 7.21831005153 0.0 7.21831005153 0.0
57848.2816204 7.3034238546 0.0 7.3034238546 0.0
57848.2816782 7.44721424427 0.0 7.44721424427 0.0
57848.281713 7.49646583398 0.0 7.49646583398 0.0
57848.281794 7.51292220111 0.0 7.51292220111 0.0
57848.2818287 7.30835138728 0.0 7.30835138728 0.0
57848.2818866 1.96519719112 0.0 1.96519719112 0.0
57848.2819329 0.788035532194 0.0 0.788035532194 0.0
57848.2903588 7.43693485248 0.0 7.43693485248 0.0
57848.2903935 7.29122760583 0.0 7.29122760583 0.0
57848.2904398 7.25982093443 0.0 7.25982093443 0.0
57848.2904977 7.24258241237 0.0 7.24258241237 0.0
57848.2905671 7.22135721316 0.0 7.22135721316 0.0
57848.2906134 7.30157517252 0.0 7.30157517252 0.0
57848.2906481 7.38863992897 0.0 7.38863992897 0.0
57848.290706 7.46706100149 0.0 7.46706100149 0.0
57848.2907755 7.40958838263 0.0 7.40958838263 0.0
57848.2908218 7.29746531338 0.0 7.29746531338 0.0
57848.2908681 7.30807772263 0.0 7.30807772263 0.0
57848.2909144 7.39242855901 0.0 7.39242855901 0.0
57848.2909838 7.35846451374 0.0 7.35846451374 0.0
57848.2910301 7.5926938566 0.0 7.5926938566 0.0
57848.2910764 7.59670981412 0.0 7.59670981412 0.0
57848.2911227 7.50506495641 0.0 7.50506495641 0.0
57848.2911921 7.30609334734 0.0 7.30609334734 0.0
57848.2912384 7.29198189795 0.0 7.29198189795 0.0
57848.2912847 7.3789565658 0.0 7.3789565658 0.0
57848.291331 7.44338632613 0.0 7.44338632613 0.0
57848.2914005 7.49439790777 0.0 7.49439790777 0.0
57848.2914468 7.33075712324 0.0 7.33075712324 0.0
57848.2915046 7.28642573557 0.0 7.28642573557 0.0
57848.2915394 7.29191332916 0.0 7.29191332916 0.0
57848.2916088 7.2212187337 0.0 7.2212187337 0.0
57848.2916551 7.25099993104 0.0 7.25099993104 0.0
57848.291713 7.25858112857 0.0 7.25858112857 0.0
57848.2917593 7.26546626171 0.0 7.26546626171 0.0
57848.2918287 7.26629203927 0.0 7.26629203927 0.0
57848.291875 7.25644541081 0.0 7.25644541081 0.0
57848.2919213 7.27983516297 0.0 7.27983516297 0.0
57848.2919676 7.24734434121 0.0 7.24734434121 0.0
57848.292037 7.31498462063 0.0 7.31498462063 0.0
57848.2920833 7.26512216002 0.0 7.26512216002 0.0
57848.2921296 7.27564430137 0.0 7.27564430137 0.0
57848.2921759 7.29438139941 0.0 7.29438139941 0.0
57848.2922454 7.28072798558 0.0 7.28072798558 0.0
57848.2922917 7.28059063538 0.0 7.28059063538 0.0
57848.292338 7.284435462 0.0 7.284435462 0.0
57848.2923843 7.25541177329 0.0 7.25541177329 0.0
57848.2924537 7.29081614087 0.0 7.29081614087 0.0
57848.2925 7.36579934562 0.0 7.36579934562 0.0
57848.2925463 7.41916437343 0.0 7.41916437343 0.0
57848.2925926 7.3954715874 0.0 7.3954715874 0.0
57848.292662 7.29540951558 0.0 7.29540951558 0.0
57848.2927199 7.3292564425 0.0 7.3292564425 0.0
57848.2927662 7.42852609876 0.0 7.42852609876 0.0
57848.2928009 7.33246206946 0.0 7.33246206946 0.0
57848.2928704 7.29129618106 0.0 7.29129618106 0.0
57848.2929282 7.33266663636 0.0 7.33266663636 0.0
57848.2929745 7.26863123291 0.0 7.26863123291 0.0
57848.2930208 7.28107134974 0.0 7.28107134974 0.0
57848.2930903 7.39060214056 0.0 7.39060214056 0.0
57848.2931366 7.38688026165 0.0 7.38688026165 0.0
57848.2931829 7.41350119714 0.0 7.41350119714 0.0
57848.2932292 7.35200652883 0.0 7.35200652883 0.0
57848.2932986 7.40425553314 0.0 7.40425553314 0.0
57848.2933449 7.45680896899 0.0 7.45680896899 0.0
57848.2933912 7.48371565467 0.0 7.48371565467 0.0
57848.2934375 7.39249619547 0.0 7.39249619547 0.0
57848.2935069 7.33239387922 0.0 7.33239387922 0.0
57848.2935532 7.39060214056 0.0 7.39060214056 0.0
57848.2935995 7.37082084981 0.0 7.37082084981 0.0
57848.2936574 7.34717632836 0.0 7.34717632836 0.0
57848.2937269 7.31881137891 0.0 7.31881137891 0.0
57848.2937616 7.31081390818 0.0 7.31081390818 0.0
57848.2938079 7.32604941288 0.0 7.32604941288 0.0
57848.2938657 7.30116429071 0.0 7.30116429071 0.0
57848.2939352 7.284435462 0.0 7.284435462 0.0
57848.2939815 7.26333256846 0.0 7.26333256846 0.0
57848.2940162 7.27536940643 0.0 7.27536940643 0.0
57848.2940741 7.2658103471 0.0 7.2658103471 0.0
57848.2941435 7.33293938336 0.0 7.33293938336 0.0
57848.2941898 7.41592880225 0.0 7.41592880225 0.0
57848.2942361 7.39405166333 0.0 7.39405166333 0.0
57848.2942824 7.40992577561 0.0 7.40992577561 0.0
57848.2943519 7.36124989387 0.0 7.36124989387 0.0
57848.2943981 7.39094040025 0.0 7.39094040025 0.0
57848.2944444 7.38200514765 0.0 7.38200514765 0.0
57848.2944907 7.33471199162 0.0 7.33471199162 0.0
57848.2945602 7.29225616665 0.0 7.29225616665 0.0
57848.2946065 7.33178013855 0.0 7.33178013855 0.0
57848.2946528 7.36220075793 0.0 7.36220075793 0.0
57848.2946991 7.34751658726 0.0 7.34751658726 0.0
57848.2947685 7.32325064435 0.0 7.32325064435 0.0
57848.2948148 7.30219145189 0.0 7.30219145189 0.0
57848.2948727 7.30794088646 0.0 7.30794088646 0.0
57848.2949074 7.32065570834 0.0 7.32065570834 0.0
57848.2949884 7.28374903467 0.0 7.28374903467 0.0
57848.2950231 7.28759219496 0.0 7.28759219496 0.0
57848.295081 7.3299386082 0.0 7.3299386082 0.0
57848.2951273 7.40303991614 0.0 7.40303991614 0.0
57848.3111921 7.61400026267 0.0 7.61400026267 0.0
57848.3112269 7.54910590732 0.0 7.54910590732 0.0
57848.3112731 7.61255541852 0.0 7.61255541852 0.0
57848.311331 7.60223651303 0.0 7.60223651303 0.0
57848.3114005 7.52482557937 0.0 7.52482557937 0.0
57848.3114468 7.60769347437 0.0 7.60769347437 0.0
57848.3114815 7.72819513211 0.0 7.72819513211 0.0
57848.3115394 7.72521844351 0.0 7.72521844351 0.0
57848.3116088 7.72198161096 0.0 7.72198161096 0.0
57848.3116551 7.57898410079 0.0 7.57898410079 0.0
57848.3117014 7.56002645498 0.0 7.56002645498 0.0
57848.3117477 7.54453444554 0.0 7.54453444554 0.0
57848.3118171 7.50579775907 0.0 7.50579775907 0.0
57848.3118634 7.55029800736 0.0 7.55029800736 0.0
57848.3119097 7.58096299951 0.0 7.58096299951 0.0
57848.311956 7.67893221744 0.0 7.67893221744 0.0
57848.3120255 7.75461153121 0.0 7.75461153121 0.0
57848.3120718 7.57383654431 0.0 7.57383654431 0.0
57848.3121181 7.60440661722 0.0 7.60440661722 0.0
57848.3121644 7.62135158617 0.0 7.62135158617 0.0
57848.3122338 7.53279496601 0.0 7.53279496601 0.0
57848.3122801 7.58498516808 0.0 7.58498516808 0.0
57848.312338 7.59611742932 0.0 7.59611742932 0.0
57848.3123727 7.58320512712 0.0 7.58320512712 0.0
57848.3124421 7.54287743504 0.0 7.54287743504 0.0
57848.3124884 7.49706609281 0.0 7.49706609281 0.0
57848.3125463 7.52077123705 0.0 7.52077123705 0.0
57848.3125926 7.53259583411 0.0 7.53259583411 0.0
57848.312662 7.52296484107 0.0 7.52296484107 0.0
57848.3127083 7.50999334221 0.0 7.50999334221 0.0
57848.3127546 7.54128636242 0.0 7.54128636242 0.0
57848.3128009 7.56313427092 0.0 7.56313427092 0.0
57848.3128704 7.60006578919 0.0 7.60006578919 0.0
57848.3129167 7.58564433651 0.0 7.58564433651 0.0
57848.312963 7.5850510875 0.0 7.5850510875 0.0
57848.3130093 7.57396857664 0.0 7.57396857664 0.0
57848.3130787 7.5787861825 0.0 7.5787861825 0.0
57848.313125 7.61971128062 0.0 7.61971128062 0.0
57848.3131713 7.60335452284 0.0 7.60335452284 0.0
57848.3132176 7.63419936863 0.0 7.63419936863 0.0
57848.313287 7.68908317031 0.0 7.68908317031 0.0
57848.3133333 7.60756202735 0.0 7.60756202735 0.0
57848.3133796 7.60138145339 0.0 7.60138145339 0.0
57848.3134259 7.61347489652 0.0 7.61347489652 0.0
57848.3134954 7.6092706615 0.0 7.6092706615 0.0
57848.3135532 7.62502459012 0.0 7.62502459012 0.0
57848.3135995 7.69512832901 0.0 7.69512832901 0.0
57848.3136343 7.76756074968 0.0 7.76756074968 0.0
57848.3137037 7.72651279686 0.0 7.72651279686 0.0
57848.3137616 7.55109263617 0.0 7.55109263617 0.0
57848.3138079 7.52303130394 0.0 7.52303130394 0.0
57848.3138542 7.48384927694 0.0 7.48384927694 0.0
57848.3243866 8.27393497678 0.0 8.27393497678 0.0
57848.3244213 8.28649503711 0.0 8.28649503711 0.0
57848.3244676 8.21827232452 0.0 8.21827232452 0.0
57848.3245255 8.15751187557 0.0 8.15751187557 0.0
57848.3245949 8.07000619578 0.0 8.07000619578 0.0
57848.3246412 8.06504804697 0.0 8.06504804697 0.0
57848.3246759 8.06913873967 0.0 8.06913873967 0.0
57848.3247338 8.30608210891 0.0 8.30608210891 0.0
57848.3248032 8.68596569185 0.0 8.68596569185 0.0
57848.3248495 8.35571660601 0.0 8.35571660601 0.0
57848.3248958 8.28993365474 0.0 8.28993365474 0.0
57848.3249421 8.33210657637 0.0 8.33210657637 0.0
57848.3250116 8.07978960122 0.0 8.07978960122 0.0
57848.3250579 8.29228557154 0.0 8.29228557154 0.0
57848.3251042 8.16780264208 0.0 8.16780264208 0.0
57848.3251505 8.46587266618 0.0 8.46587266618 0.0
57848.3252199 8.33966426183 0.0 8.33966426183 0.0
57848.3252662 8.03834560093 0.0 8.03834560093 0.0
57848.3253125 8.15671502506 0.0 8.15671502506 0.0
57848.3253588 8.20962849342 0.0 8.20962849342 0.0
57848.3254282 8.06907677495 0.0 8.06907677495 0.0
57848.3254745 8.32466215531 0.0 8.32466215531 0.0
57848.3255324 8.47236684758 0.0 8.47236684758 0.0
57848.3255671 8.49864695113 0.0 8.49864695113 0.0
57848.3256366 8.09370125468 0.0 8.09370125468 0.0
57848.3256829 8.2167511828 0.0 8.2167511828 0.0
57848.3257407 8.29602314365 0.0 8.29602314365 0.0
57848.325787 8.64268476806 0.0 8.64268476806 0.0
57848.3258565 8.68164730912 0.0 8.68164730912 0.0
57848.3259028 8.00587284436 0.0 8.00587284436 0.0
57848.3259491 8.06399404762 0.0 8.06399404762 0.0
57848.3259954 8.12194557972 0.0 8.12194557972 0.0
57848.3260648 8.03909198853 0.0 8.03909198853 0.0
57848.3261111 7.95336406812 0.0 7.95336406812 0.0
57848.3261574 7.97784432037 0.0 7.97784432037 0.0
57848.3262037 8.08820128335 0.0 8.08820128335 0.0
57848.3262731 8.02408873331 0.0 8.02408873331 0.0
57848.3263194 8.00343676179 0.0 8.00343676179 0.0
57848.3263657 8.07743771254 0.0 8.07743771254 0.0
57848.326412 8.08486239833 0.0 8.08486239833 0.0
57848.3264815 8.13314207425 0.0 8.13314207425 0.0
57848.3265278 8.00118741188 0.0 8.00118741188 0.0
57848.3265741 7.97684148018 0.0 7.97684148018 0.0
57848.3266204 8.02527258104 0.0 8.02527258104 0.0
57848.3266898 8.01835394579 0.0 8.01835394579 0.0
57848.3267477 8.08708847485 0.0 8.08708847485 0.0
57848.326794 8.27224274305 0.0 8.27224274305 0.0
57848.3268287 8.43877953261 0.0 8.43877953261 0.0
57848.3268981 8.98198196391 0.0 8.98198196391 0.0
57848.326956 8.57916079812 0.0 8.57916079812 0.0
57848.3270023 8.68855569125 0.0 8.68855569125 0.0
57848.3270486 8.52584306682 0.0 8.52584306682 0.0
57848.337581 8.6861383825 0.0 8.6861383825 0.0
57848.3376157 8.59563842888 0.0 8.59563842888 0.0
57848.337662 8.72152509599 0.0 8.72152509599 0.0
57848.3377199 8.85296560481 0.0 8.85296560481 0.0
57848.3377894 8.66596792055 0.0 8.66596792055 0.0
57848.3378356 8.65078031163 0.0 8.65078031163 0.0
57848.3378704 8.84104066273 0.0 8.84104066273 0.0
57848.3379282 9.10505354185 0.0 9.10505354185 0.0
57848.3379977 8.71865815364 0.0 8.71865815364 0.0
57848.338044 8.62652885001 0.0 8.62652885001 0.0
57848.3380903 8.68786510024 0.0 8.68786510024 0.0
57848.3381366 8.50617422817 0.0 8.50617422817 0.0
57848.338206 8.60691582392 0.0 8.60691582392 0.0
57848.3382523 8.56037382361 0.0 8.56037382361 0.0
57848.3382986 8.57455538206 0.0 8.57455538206 0.0
57848.3383449 8.60215089382 0.0 8.60215089382 0.0
57848.3384144 8.50970034725 0.0 8.50970034725 0.0
57848.3384606 8.83560976956 0.0 8.83560976956 0.0
57848.3385069 8.80068179177 0.0 8.80068179177 0.0
57848.3385532 8.76327564327 0.0 8.76327564327 0.0
57848.3386227 8.93901560576 0.0 8.93901560576 0.0
57848.338669 8.59022700515 0.0 8.59022700515 0.0
57848.3387269 8.60929730001 0.0 8.60929730001 0.0
57848.3387616 8.7137248063 0.0 8.7137248063 0.0
57848.338831 8.62676068985 0.0 8.62676068985 0.0
57848.3388773 8.90550391612 0.0 8.90550391612 0.0
57848.3389352 8.7693215245 0.0 8.7693215245 0.0
57848.3389815 8.75773943435 0.0 8.75773943435 0.0
57848.3390509 8.78760490691 0.0 8.78760490691 0.0
57848.3390972 8.63330759327 0.0 8.63330759327 0.0
57848.3391435 8.68867078442 0.0 8.68867078442 0.0
57848.3391898 8.76453079178 0.0 8.76453079178 0.0
57848.3392593 8.651647242 0.0 8.651647242 0.0
57848.3393056 8.65453638273 0.0 8.65453638273 0.0
57848.3393519 8.67162037914 0.0 8.67162037914 0.0
57848.3393981 8.76116430619 0.0 8.76116430619 0.0
57848.3394676 8.82887308777 0.0 8.82887308777 0.0
57848.3395139 8.7295475255 0.0 8.7295475255 0.0
57848.3395602 8.69275560452 0.0 8.69275560452 0.0
57848.3396065 8.69120244845 0.0 8.69120244845 0.0
57848.3396759 8.69108738881 0.0 8.69108738881 0.0
57848.3397222 8.67917046727 0.0 8.67917046727 0.0
57848.3397685 8.7395079953 0.0 8.7395079953 0.0
57848.3398148 8.74522726977 0.0 8.74522726977 0.0
57848.3398843 8.63585548744 0.0 8.63585548744 0.0
57848.3399421 8.83277985687 0.0 8.83277985687 0.0
57848.3399884 8.87654211954 0.0 8.87654211954 0.0
57848.3400231 8.80834831282 0.0 8.80834831282 0.0
57848.3400926 8.69476854206 0.0 8.69476854206 0.0
57848.3401505 9.11509736646 0.0 9.11509736646 0.0
57848.3401968 9.04063050899 0.0 9.04063050899 0.0
57848.3402431 9.20733403326 0.0 9.20733403326 0.0
