57848.1909838 135.98248323 0.0 135.98248323 0.0
57848.2014005 125.83470217 0.0 125.83470217 0.0
57848.2083449 114.560596703 0.0 114.560596703 0.0
57848.2215394 107.044997762 0.0 107.044997762 0.0
57848.2347338 104.032273037 0.0 104.032273037 0.0
57848.2479282 101.169397517 0.0 101.169397517 0.0
57848.2639005 98.0997182357 0.0 98.0997182357 0.0
57848.2770949 96.4498195022 0.0 96.4498195022 0.0
57848.2902894 94.8670107235 0.0 94.8670107235 0.0
57848.3111227 93.6461855883 0.0 93.6461855883 0.0
57848.3243171 92.9972090542 0.0 92.9972090542 0.0
57848.3375116 93.1273661634 0.0 93.1273661634 0.0
