57848.4708912 102.302706215 0.0 105.705453341 0.0
57848.4710069 108.036584683 0.0 108.219920278 0.0
57848.4711343 107.705420003 0.0 104.944149561 0.0
57848.47125 118.332990535 0.0 122.665301899 0.0
57848.4713657 112.101093688 0.0 111.612193693 0.0
57848.4714931 102.37052102 0.0 106.235795069 0.0
57848.4715278 106.050172857 0.0 107.284989616 0.0
57848.4716088 110.188752761 0.0 108.387227038 0.0
57848.4717245 133.347455506 0.0 119.10318735 0.0
57848.4718519 119.030135462 0.0 116.768269633 0.0
57848.4719676 103.268928614 0.0 104.195892841 0.0
57848.4720833 101.511555598 0.0 102.168168536 0.0
57848.4722106 103.317802212 0.0 105.128734464 0.0
57848.4722222 103.51972541 0.0 104.244354312 0.0
57848.4723264 103.694040504 0.0 103.350764284 0.0
57848.4724421 101.67113346 0.0 101.254971759 0.0
57848.4725694 106.463417623 0.0 106.495435137 0.0
57848.4726852 108.94225626 0.0 112.826009058 0.0
57848.4728009 104.122600789 0.0 102.723486258 0.0
57848.4729167 105.521504704 0.0 105.441148685 0.0
57848.4729282 106.98900608 0.0 108.402862384 0.0
57848.473044 100.365812516 0.0 100.688870671 0.0
57848.4731597 102.872028642 0.0 106.186586036 0.0
57848.473287 100.607165297 0.0 100.701524671 0.0
57848.4734028 102.488241657 0.0 104.316761438 0.0
57848.4735185 101.723530646 0.0 102.532900817 0.0
57848.4736111 101.001524429 0.0 101.603023292 0.0
57848.4736458 100.315368583 0.0 100.718132504 0.0
57848.4737616 109.144543231 0.0 111.397698302 0.0
57848.4738773 100.602749341 0.0 99.7776050224 0.0
57848.4740046 102.333487369 0.0 102.932714396 0.0
57848.4741204 99.8739627531 0.0 99.8892630066 0.0
57848.4742361 103.505559397 0.0 101.439225968 0.0
57848.4743056 102.648572669 0.0 101.338995096 0.0
57848.4743634 101.790736636 0.0 101.219156596 0.0
57848.4744792 108.414193407 0.0 106.351495786 0.0
57848.4745949 110.781086666 0.0 109.109423851 0.0
57848.4747222 99.6183260701 0.0 99.3284481908 0.0
57848.474838 106.92372103 0.0 106.292546183 0.0
57848.4749537 103.996161343 0.0 103.257942222 0.0
57848.475 101.302099174 0.0 100.856205595 0.0
57848.475081 98.7991880432 0.0 98.6074652042 0.0
57848.4751968 103.580814792 0.0 102.326070481 0.0
57848.4753125 101.912621407 0.0 100.742745054 0.0
57848.4754282 104.070191943 0.0 102.10962604 0.0
57848.4755556 99.2168399315 0.0 99.7060656981 0.0
57848.4756713 101.265724557 0.0 99.2086838991 0.0
57848.4756944 99.8074248691 0.0 99.0301905481 0.0
57848.4834375 140.425505707 0.0 98.7624936097 0.0
57848.4835648 123.559243766 0.0 97.0835027232 0.0
57848.4836806 94.4520201107 0.0 107.570217216 0.0
57848.4837963 115.094194584 0.0 95.6917942302 0.0
57848.4839236 122.305537319 0.0 149.427056948 0.0
57848.4840278 122.280916267 0.0 120.52421509 0.0
57848.4840394 122.213879952 0.0 103.707393811 0.0
57848.4841551 120.297451486 0.0 124.418274289 0.0
57848.4842708 98.7038357816 0.0 142.25462705 0.0
57848.4843981 119.429065127 0.0 128.273798525 0.0
57848.4845139 107.853075663 0.0 95.8949724438 0.0
57848.4846296 133.609313223 0.0 127.193109342 0.0
57848.4847222 128.943449686 0.0 131.015580883 0.0
57848.4847569 124.758171556 0.0 135.248518953 0.0
57848.4848727 99.149318621 0.0 102.611442919 0.0
57848.4849884 107.771990619 0.0 100.89140063 0.0
57848.4851157 99.8710495089 0.0 100.219855603 0.0
57848.4852315 103.042907019 0.0 135.25525324 0.0
57848.4853472 107.243266012 0.0 130.054572223 0.0
57848.4854167 104.933405682 0.0 123.551300026 0.0
57848.4854745 102.765318401 0.0 117.930689649 0.0
57848.4855903 96.1829210359 0.0 123.472984762 0.0
57848.485706 128.291333698 0.0 113.426012647 0.0
57848.4858333 95.4725912186 0.0 114.038561325 0.0
57848.4859491 100.64104995 0.0 98.500737581 0.0
57848.4860648 99.1051533776 0.0 99.8932017807 0.0
57848.4861111 100.287791236 0.0 100.082759934 0.0
57848.4861921 101.506690947 0.0 100.265301276 0.0
57848.4863079 95.7816337353 0.0 95.4173961602 0.0
57848.4864236 94.6755976532 0.0 96.3292471786 0.0
57848.4865509 101.491002138 0.0 101.818907748 0.0
57848.4866667 94.4691168795 0.0 94.7200290857 0.0
57848.4867824 98.4704997042 0.0 97.4052139313 0.0
57848.4868056 98.0316365109 0.0 98.0759629522 0.0
57848.4869097 97.6488941156 0.0 98.8132116268 0.0
57848.4870255 148.170361503 0.0 138.333579705 0.0
57848.4871412 99.9055509068 0.0 99.711307428 0.0
57848.4872685 101.508713848 0.0 99.660290116 0.0
57848.4873843 98.9075032695 0.0 98.7086838328 0.0
57848.4875 93.9390957163 0.0 94.1323255954 0.0
57848.4876273 107.399059423 0.0 108.077459648 0.0
57848.4877431 97.8636333783 0.0 97.5550339706 0.0
57848.4878588 94.201165306 0.0 94.8355471593 0.0
57848.4879861 95.6508893581 0.0 96.1609740955 0.0
57848.4881019 101.740504142 0.0 99.115521731 0.0
57848.4881944 98.1263665434 0.0 96.5927859573 0.0
57848.4882176 94.875792724 0.0 94.259330875 0.0
57848.4883449 95.27265233 0.0 94.4506437299 0.0
57848.4884606 130.55249913 0.0 135.709800726 0.0
57848.4885764 96.8947929354 0.0 99.8380356077 0.0
57848.4886921 97.1340802293 0.0 97.9877650271 0.0
57848.4888194 100.494738822 0.0 99.4848623812 0.0
57848.4888889 100.47530632 0.0 99.5605137894 0.0
57848.4973032 94.3315926506 0.0 95.005196721 0.0
57848.497419 95.0203456319 0.0 95.0147482868 0.0
57848.4975463 93.9755912511 0.0 94.3902704308 0.0
57848.497662 92.2598790916 0.0 92.1660909229 0.0
57848.4977778 92.4285221293 0.0 92.7122654884 0.0
57848.4978935 93.0085899904 0.0 92.621615868 0.0
57848.4979167 92.542805917 0.0 92.5146237575 0.0
57848.4980208 92.1289348685 0.0 92.453580915 0.0
57848.4981366 94.3018372196 0.0 93.2463188174 0.0
57848.4982523 92.5974881841 0.0 92.0493781782 0.0
57848.4983796 92.4224290419 0.0 92.1777155391 0.0
57848.4984954 92.4834073929 0.0 92.5128640622 0.0
57848.4986111 92.1541697863 0.0 92.0168306507 0.0
57848.4987384 92.7903931665 0.0 92.5779537795 0.0
57848.4988542 92.284312578 0.0 93.0165951269 0.0
57848.4989699 92.7207632087 0.0 92.299789366 0.0
57848.4990972 93.9391368068 0.0 94.9005225592 0.0
57848.499213 91.6864642791 0.0 91.7171099359 0.0
57848.4993056 92.0729071769 0.0 91.8801966585 0.0
57848.4993287 92.5423908325 0.0 92.1210071862 0.0
57848.499456 91.5432763069 0.0 91.9852649015 0.0
57848.4995718 93.0954888434 0.0 93.6032646119 0.0
57848.4996875 92.2581822821 0.0 92.6936467726 0.0
57848.4998148 92.1359281659 0.0 91.9408750176 0.0
57848.4999306 92.4921486452 0.0 92.1030718815 0.0
57848.5 92.4686526667 0.0 92.4311350682 0.0
57848.5000463 92.4158037567 0.0 92.7334966773 0.0
57848.5001736 93.7837707175 0.0 92.7022233282 0.0
57848.5002894 92.2936081915 0.0 92.9369317925 0.0
57848.5004051 91.2954203671 0.0 91.3540881844 0.0
57848.5005324 91.635845219 0.0 91.8877952287 0.0
57848.5006481 91.3799252298 0.0 91.5478100503 0.0
57848.5006944 91.6553403518 0.0 91.8718961163 0.0
57848.5007639 91.989614017 0.0 92.2560615895 0.0
57848.5008912 92.0209112756 0.0 92.2974508857 0.0
57848.5010069 91.3548955393 0.0 91.3303536345 0.0
57848.5011227 95.2194101641 0.0 95.5216055822 0.0
57848.50125 92.2813769566 0.0 91.9448643264 0.0
57848.5013657 92.3992391365 0.0 92.0810467197 0.0
57848.5013889 92.2069483662 0.0 92.4318970756 0.0
57848.5014815 91.9186297385 0.0 92.6884951707 0.0
57848.5016088 92.4601306077 0.0 91.7615887123 0.0
57848.5017245 91.2442024021 0.0 91.2267312689 0.0
57848.5018403 91.0124101098 0.0 90.8676150232 0.0
57848.5019676 91.9017466972 0.0 91.7569069335 0.0
57848.5020833 92.2266026914 0.0 92.2203964641 0.0
57848.5021991 91.0133077412 0.0 91.1460271707 0.0
57848.5023148 90.7445935029 0.0 90.8910317798 0.0
57848.5024421 90.9181736673 0.0 90.7612878875 0.0
57848.5025579 91.1963525915 0.0 91.1693054103 0.0
57848.5026736 90.8054137924 0.0 90.8850008032 0.0
57848.5027778 90.9273751738 0.0 90.9428725355 0.0
57848.5028009 91.0143999596 0.0 90.9654880051 0.0
57848.5029167 90.743107033 0.0 90.9798616563 0.0
57848.5030324 90.8731967964 0.0 90.6486232107 0.0
57848.5031597 90.8698528556 0.0 91.0921004753 0.0
57848.5032755 91.1382612683 0.0 91.9762609916 0.0
57848.5033912 91.5094834102 0.0 90.8223874879 0.0
57848.5034722 91.2761327676 0.0 90.8255953628 0.0
57848.5035185 91.0448619528 0.0 90.829313864 0.0
57848.5036343 90.8835919625 0.0 90.8280339047 0.0
57848.50375 92.6073497191 0.0 92.1942141894 0.0
57848.5038773 90.5964854175 0.0 90.6872602409 0.0
57848.5039931 91.6771171994 0.0 91.2266762082 0.0
57848.5041088 92.2616502291 0.0 92.1739093507 0.0
57848.5041667 92.1062472908 0.0 91.9133034277 0.0
57848.5062616 90.4837779384 0.0 90.4196192483 0.0
57848.5063889 90.4080085612 0.0 91.2953630915 0.0
57848.5065046 90.6250466096 0.0 90.4133330599 0.0
57848.5066204 90.1663260647 0.0 90.6754901172 0.0
57848.5067361 90.5983355863 0.0 90.7721893699 0.0
57848.5068634 92.5590197334 0.0 92.0621647258 0.0
57848.5069444 94.9880164073 0.0 94.5744612567 0.0
57848.5069792 97.7487743811 0.0 97.4342914943 0.0
57848.5070949 94.1742650356 0.0 92.3907772508 0.0
57848.5072222 89.9527868273 0.0 89.9415974675 0.0
57848.507338 90.6512199532 0.0 89.7860825964 0.0
57848.5074537 91.5674711456 0.0 90.6144751571 0.0
57848.507581 90.5173115321 0.0 90.6014982051 0.0
57848.5076389 103.873383111 0.0 94.7654492629 0.0
57848.5076968 125.548336871 0.0 99.4769770198 0.0
57848.5078125 92.4831957979 0.0 91.5969665164 0.0
57848.5079398 115.094358685 0.0 98.9587585411 0.0
57848.5080556 93.7609140047 0.0 91.1967668944 0.0
57848.5081713 95.7033922596 0.0 97.0271427694 0.0
57848.5082986 100.37215723 0.0 96.1211182155 0.0
57848.5083333 96.6823858363 0.0 94.3678070795 0.0
57848.5084144 93.3957254215 0.0 92.7343464203 0.0
57848.5085301 94.3788113614 0.0 94.6599897898 0.0
57848.5086574 90.9451387541 0.0 90.4506556693 0.0
57848.5087731 90.3426736819 0.0 90.5583590675 0.0
57848.5088889 92.1570009766 0.0 92.6402917526 0.0
57848.5090162 89.8819596582 0.0 90.5502712475 0.0
57848.5090278 91.6050480268 0.0 91.6212553559 0.0
57848.5091319 93.4454199627 0.0 92.7445690378 0.0
57848.5092477 89.3320683685 0.0 89.407671701 0.0
57848.509375 90.39664064 0.0 90.1982711863 0.0
57848.5094907 89.5189135155 0.0 89.3629862247 0.0
57848.5096065 92.440162608 0.0 92.0497549046 0.0
57848.5097222 91.7989428044 0.0 91.0234893091 0.0
57848.5097338 91.1611920062 0.0 90.0210700447 0.0
57848.5098495 89.5725518616 0.0 90.1742871666 0.0
57848.5099653 90.1950827263 0.0 89.5378224216 0.0
57848.5100926 89.7722653607 0.0 89.5369503445 0.0
57848.5102083 90.0204204834 0.0 89.2450257269 0.0
57848.5103241 89.8369691719 0.0 89.9549946807 0.0
57848.5104167 89.5964114627 0.0 89.808316881 0.0
57848.5104514 89.3183630168 0.0 89.6228869263 0.0
57848.5105671 88.938658951 0.0 89.2104553402 0.0
57848.5106829 89.2078179646 0.0 88.9729028188 0.0
57848.5108102 89.2793163672 0.0 89.0903067904 0.0
57848.5109259 90.1816086406 0.0 89.6582910834 0.0
57848.5110417 88.9377624859 0.0 89.2519983026 0.0
57848.5111111 89.1712771244 0.0 89.4050961523 0.0
57848.5111574 89.4432115032 0.0 89.595399614 0.0
57848.5112847 88.8152959574 0.0 88.6965819071 0.0
57848.5114005 88.6184848719 0.0 88.5435723924 0.0
57848.5115162 88.6317194237 0.0 88.5021122403 0.0
57848.5116435 88.5594976273 0.0 88.5100128347 0.0
57848.5117593 88.4915367309 0.0 88.7309249473 0.0
57848.5118056 88.9970513051 0.0 89.1968792728 0.0
57848.511875 89.5216971298 0.0 89.6805941104 0.0
57848.5120023 88.3944980924 0.0 88.6874249711 0.0
57848.5121181 89.3598745411 0.0 89.6311461881 0.0
57848.5122338 89.0550772893 0.0 89.3380834807 0.0
57848.5123611 88.8142407275 0.0 88.9933609041 0.0
57848.5124769 90.1029363672 0.0 90.4406588488 0.0
57848.5125 90.2186685614 0.0 90.5257874089 0.0
57848.5125926 90.3337402746 0.0 90.6100270058 0.0
57848.5127199 88.6795626963 0.0 88.9789208689 0.0
57848.5128356 89.5033461721 0.0 89.8151727549 0.0
57848.5129514 89.2426882047 0.0 88.4928300655 0.0
57848.5130787 88.6854869525 0.0 88.6606605265 0.0
57848.5131944 88.6302937319 0.0 89.036009951 0.0
57848.5208449 87.7534589803 0.0 86.9517846395 0.0
57848.5209606 89.2722322058 0.0 88.6170274552 0.0
57848.5210764 88.7346160075 0.0 88.2406816837 0.0
57848.5212037 86.421767582 0.0 86.4104311932 0.0
57848.5213194 87.9291048743 0.0 87.9736000912 0.0
57848.5214352 88.5438094618 0.0 88.5657175943 0.0
57848.5215278 88.2888255104 0.0 88.3367408047 0.0
57848.5215625 88.0771445552 0.0 88.1507517155 0.0
57848.5216782 88.5659367421 0.0 88.5667811372 0.0
57848.521794 87.7315434094 0.0 87.7165279751 0.0
57848.5219213 88.5356857318 0.0 88.1264150411 0.0
57848.522037 92.8049512957 0.0 93.3529670391 0.0
57848.5221528 87.2312305255 0.0 87.5402962584 0.0
57848.5222222 87.2480156393 0.0 87.2718853068 0.0
57848.5222801 87.2658707228 0.0 87.0067075805 0.0
57848.5223958 90.8842077151 0.0 89.9007043632 0.0
57848.5225116 86.7928772826 0.0 86.4291017713 0.0
57848.5226389 86.6578019107 0.0 86.5414216662 0.0
57848.5227546 86.0630614027 0.0 86.5592307614 0.0
57848.5228704 86.225306871 0.0 86.1221866304 0.0
57848.5229167 86.4753577732 0.0 86.8091136863 0.0
57848.5229977 86.7210719087 0.0 87.5065920831 0.0
57848.5231134 87.9334098395 0.0 88.5701941908 0.0
57848.5232292 86.1782392081 0.0 86.3420520662 0.0
57848.5233565 87.5115046151 0.0 88.6530117988 0.0
57848.5234722 87.5659150012 0.0 88.3767985107 0.0
57848.523588 86.726801757 0.0 86.9104342527 0.0
57848.5236111 86.6973763559 0.0 86.8608948204 0.0
57848.5237153 86.6828518912 0.0 86.8263103673 0.0
57848.523831 85.7331950005 0.0 85.731492825 0.0
57848.5239468 85.7926731079 0.0 85.8434158337 0.0
57848.5240741 86.5065563469 0.0 86.3040190489 0.0
57848.5241898 86.7817629978 0.0 87.4922111905 0.0
57848.5243056 87.2006402213 0.0 86.7209612378 0.0
57848.5244329 86.011411894 0.0 85.9708800525 0.0
57848.5245486 85.711476822 0.0 85.7842665703 0.0
57848.5246644 86.8228676444 0.0 87.0000839367 0.0
57848.5247801 87.2988273174 0.0 87.2438450494 0.0
57848.5249074 86.2407158713 0.0 85.8498808852 0.0
57848.525 86.0691220183 0.0 85.9778845169 0.0
57848.5250231 85.8402623482 0.0 86.0478957965 0.0
57848.5251389 87.3739401137 0.0 88.1310172414 0.0
57848.5252662 85.6601451318 0.0 85.705265095 0.0
57848.5253819 86.0158280667 0.0 86.2015952869 0.0
57848.5254977 85.9572795696 0.0 86.1946931719 0.0
57848.525625 85.7608973367 0.0 85.7850681354 0.0
57848.5256944 85.7474305679 0.0 85.6860479833 0.0
57848.5257407 85.7533182915 0.0 85.6064907119 0.0
57848.5258565 85.8918319458 0.0 86.0013405186 0.0
57848.5259838 87.0955303331 0.0 87.2432188769 0.0
57848.5260995 86.4920325695 0.0 85.9789613045 0.0
57848.5262153 86.7565135134 0.0 87.0580717912 0.0
57848.5263426 86.2128919246 0.0 86.1185462081 0.0
57848.5263889 85.8243698957 0.0 85.7349443284 0.0
57848.5264583 85.4780745981 0.0 85.3934136219 0.0
57848.5265741 86.8331086568 0.0 87.3858083444 0.0
57848.5267014 86.469250176 0.0 87.2154999584 0.0
57848.5268171 86.2429017311 0.0 86.0367995163 0.0
57848.5269329 86.9437848843 0.0 85.940719691 0.0
57848.5270602 87.3933132911 0.0 86.4075952159 0.0
57848.5270833 87.4392517694 0.0 87.0284672219 0.0
57848.5271759 87.4347849886 0.0 87.6121180945 0.0
57848.5272917 85.4386765523 0.0 85.6728599266 0.0
57848.527419 93.9452711529 0.0 94.5311270429 0.0
57848.5275347 85.5657488602 0.0 85.8507548715 0.0
57848.5276505 85.8556980986 0.0 85.9424505934 0.0
57848.5277778 85.2195575088 0.0 85.5872747025 0.0
57848.529919 87.7015551915 0.0 87.4535703616 0.0
57848.5300463 85.7598248133 0.0 85.8134070178 0.0
57848.530162 85.2557446627 0.0 85.3294340659 0.0
57848.5302778 86.8860857848 0.0 86.7242869616 0.0
57848.5304051 85.015260089 0.0 84.8281822804 0.0
57848.5305208 85.605179633 0.0 85.2399715626 0.0
57848.5305556 86.2594379938 0.0 85.9085681408 0.0
57848.5306366 86.911657561 0.0 86.575940994 0.0
57848.5307639 87.1177829493 0.0 88.1134043946 0.0
57848.5308796 88.2002606062 0.0 87.8723350947 0.0
57848.5309954 85.5438875198 0.0 84.8135350106 0.0
57848.5311227 85.9006065695 0.0 87.1493755801 0.0
57848.5312384 87.3867293644 0.0 87.8631227763 0.0
57848.53125 86.2571694527 0.0 86.3231130637 0.0
57848.5313542 85.1548512535 0.0 84.8456793714 0.0
57848.5314815 85.9020601208 0.0 85.728520406 0.0
57848.5315972 85.4435431733 0.0 85.6744224608 0.0
57848.531713 85.577664031 0.0 86.2468036509 0.0
57848.5318403 89.3622832352 0.0 88.3486873417 0.0
57848.5319444 89.5029490743 0.0 89.222401436 0.0
57848.531956 89.689857537 0.0 90.1694743968 0.0
57848.5320718 86.1326065552 0.0 85.4386084215 0.0
57848.5321991 84.442180757 0.0 85.0823034126 0.0
57848.5323148 115.972648681 0.0 113.106121519 0.0
57848.5324306 85.1626936047 0.0 84.9284615603 0.0
57848.5325579 99.5081039916 0.0 98.3192191741 0.0
57848.5326389 94.1796151511 0.0 93.61104993 0.0
57848.5326736 89.5808749232 0.0 89.4764060018 0.0
57848.5327894 102.422246905 0.0 101.042604108 0.0
57848.5329167 85.7050499154 0.0 85.4329356806 0.0
57848.5330324 87.943007863 0.0 88.7029714778 0.0
57848.5331481 84.8096681458 0.0 84.8957973871 0.0
57848.5332755 86.7109008199 0.0 87.0784389157 0.0
57848.5333333 86.2996214128 0.0 86.7249230671 0.0
57848.5333912 85.895791777 0.0 86.3774253089 0.0
57848.5335069 84.9255980668 0.0 84.7726466497 0.0
57848.5336227 85.4345414162 0.0 84.9012469284 0.0
57848.53375 91.8136119701 0.0 90.6312628567 0.0
57848.5338657 85.9476657042 0.0 85.0106371403 0.0
57848.5339815 90.1023061248 0.0 89.0754921569 0.0
57848.5340278 87.0814690218 0.0 86.494051992 0.0
57848.5341088 84.3523581176 0.0 84.132148778 0.0
57848.5342245 84.2848687547 0.0 84.1733144589 0.0
57848.5343403 84.7203499934 0.0 85.1191061807 0.0
57848.5344676 84.7583193616 0.0 84.6748695718 0.0
57848.5345833 83.9567465425 0.0 84.0861201388 0.0
57848.5346991 84.4566999711 0.0 84.7469668484 0.0
57848.5347222 84.9593908465 0.0 84.6469953749 0.0
57848.5348264 85.4503422521 0.0 84.5262365186 0.0
57848.5349421 85.7599461987 0.0 86.2159271597 0.0
57848.5350579 83.8346733458 0.0 83.8191672531 0.0
57848.5351852 84.2775422814 0.0 84.142151054 0.0
57848.5353009 84.9395455898 0.0 84.4303377466 0.0
57848.5354167 86.0419039015 0.0 85.3008052248 0.0
57848.535544 84.1085750563 0.0 83.6376382617 0.0
57848.5356597 83.8433363065 0.0 84.4526373123 0.0
57848.5357755 83.9221899202 0.0 83.673527797 0.0
57848.5359028 84.6829937768 0.0 85.2194309591 0.0
57848.5360185 84.0768727594 0.0 84.0449487715 0.0
57848.5361111 84.0437761884 0.0 84.1779952363 0.0
57848.5361343 84.002553604 0.0 84.3035506844 0.0
57848.5362616 83.7590459353 0.0 83.7160312903 0.0
57848.5363773 83.9790939282 0.0 84.0210036062 0.0
57848.5364931 84.6073907115 0.0 84.522897939 0.0
57848.5366204 86.0605796924 0.0 86.7259730761 0.0
57848.5367361 83.7349470592 0.0 83.7756766609 0.0
57848.5368056 84.2912160785 0.0 84.3360178749 0.0
57848.5486806 81.6319887299 0.0 81.2948638538 0.0
57848.5488079 81.1933663423 0.0 81.3457967322 0.0
57848.5489236 81.8452132321 0.0 82.0805239079 0.0
57848.5490394 81.4556725526 0.0 81.3077194306 0.0
57848.5491667 81.5292262505 0.0 81.4658447203 0.0
57848.5492824 81.5543451142 0.0 81.5138025183 0.0
57848.5493056 81.5871486755 0.0 81.4813558797 0.0
57848.5493981 81.558558386 0.0 81.3877243016 0.0
57848.5495255 81.9649163118 0.0 81.5047640755 0.0
57848.5496412 81.3022745192 0.0 81.1821577011 0.0
57848.5497569 81.2679503371 0.0 81.25834463 0.0
57848.5498843 81.5584766165 0.0 81.316304964 0.0
57848.55 81.0603828143 0.0 81.2313911059 0.0
57848.5501157 80.9832584242 0.0 81.1300034636 0.0
57848.5502431 82.3191140866 0.0 82.2772276818 0.0
57848.5503588 82.3988107256 0.0 81.9920389733 0.0
57848.5504745 81.3596136729 0.0 81.6444460512 0.0
57848.5506019 82.3230397398 0.0 82.6747191045 0.0
57848.5506944 81.8621827525 0.0 82.1055715466 0.0
57848.5507176 81.3925750791 0.0 81.5315925332 0.0
57848.5508333 81.1832393416 0.0 81.2654925168 0.0
57848.5509606 81.8139346872 0.0 82.1753898013 0.0
57848.5510764 82.6783315265 0.0 82.193427955 0.0
57848.5511921 81.7327808655 0.0 82.1547374593 0.0
57848.5513194 81.0631589811 0.0 81.0507772202 0.0
57848.5513889 81.253090052 0.0 81.0407450793 0.0
57848.5514352 81.4341628556 0.0 81.0204183277 0.0
57848.5515509 80.9068079274 0.0 81.0117974989 0.0
57848.5516667 80.9177483374 0.0 80.8662574131 0.0
57848.551794 81.7415679566 0.0 81.4943319808 0.0
57848.5519097 81.1465944818 0.0 80.9869258893 0.0
57848.5520255 80.7973315153 0.0 80.9424486966 0.0
57848.5520833 80.9790600835 0.0 81.0852552996 0.0
57848.5521528 81.1679039276 0.0 81.2346583177 0.0
57848.5522685 80.6663745993 0.0 80.7471125676 0.0
57848.5523843 81.1006409777 0.0 81.5082760092 0.0
57848.5525116 80.625441512 0.0 80.7604698785 0.0
57848.5526273 83.3948678817 0.0 83.7965912195 0.0
57848.5527431 81.0862864608 0.0 80.9443521995 0.0
57848.5527778 81.0497956876 0.0 81.0362289165 0.0
57848.5528704 80.9962979216 0.0 81.11146705 0.0
57848.5529861 81.875561763 0.0 80.9741881898 0.0
57848.5531019 80.687693219 0.0 80.5540478685 0.0
57848.5532292 82.430525893 0.0 82.0715777173 0.0
57848.5533449 80.8604445078 0.0 80.5585261285 0.0
57848.5534606 80.4917570003 0.0 80.7683148518 0.0
57848.5534722 80.8591362865 0.0 81.2033282015 0.0
57848.553588 81.2931786991 0.0 81.7074746336 0.0
57848.5537037 80.7245476977 0.0 80.3994440839 0.0
57848.5538194 81.1283721333 0.0 81.5333488457 0.0
57848.5539468 80.6315203565 0.0 80.6043037561 0.0
57848.5540625 81.3953024934 0.0 81.1223293859 0.0
57848.5541667 81.0010500673 0.0 80.8502015211 0.0
57848.5541782 80.5820171192 0.0 80.5502183299 0.0
57848.5543056 81.2229158489 0.0 81.2679548162 0.0
57848.5544213 81.351282977 0.0 81.2406144425 0.0
57848.554537 80.5188704156 0.0 80.455945349 0.0
57848.5546644 81.2524524984 0.0 81.3076928402 0.0
57848.5547801 80.8878867384 0.0 80.7152850023 0.0
57848.5548611 81.2071814558 0.0 81.0101567644 0.0
57848.5548958 81.5221580492 0.0 81.3001669863 0.0
57848.5550231 80.7879201737 0.0 80.7817489969 0.0
57848.5551389 80.7113362918 0.0 80.6106409167 0.0
57848.5552546 80.7588050555 0.0 80.8987722589 0.0
57848.5553819 80.325012686 0.0 80.2953038166 0.0
57848.5554977 80.4677742702 0.0 80.2759292752 0.0
57848.5555556 81.1763327147 0.0 80.9246557113 0.0
57848.5632639 83.3307352542 0.0 83.537848895 0.0
57848.5633796 80.8058311819 0.0 82.2308413675 0.0
57848.5635069 79.5961048544 0.0 79.4096868839 0.0
57848.5636227 80.0623991334 0.0 80.7628884761 0.0
57848.5637384 80.0233497862 0.0 79.9609385263 0.0
57848.5638657 79.5381449369 0.0 79.6413625637 0.0
57848.5638889 79.764776606 0.0 79.8412433458 0.0
57848.5639815 79.9463714624 0.0 79.9956526131 0.0
57848.5640972 80.5377517007 0.0 80.8439000482 0.0
57848.5642245 80.0932035132 0.0 80.4826516648 0.0
57848.5643403 79.8478089054 0.0 80.2890052062 0.0
57848.564456 80.5212860677 0.0 80.4180304969 0.0
57848.5645833 80.4424299484 0.0 79.9666304279 0.0
57848.5646991 79.6123254214 0.0 79.5866406377 0.0
57848.5648148 80.0317587899 0.0 80.0575115651 0.0
57848.5649306 79.6098226226 0.0 79.7233004836 0.0
57848.5650579 79.9728655295 0.0 79.839282374 0.0
57848.5651736 80.0620812682 0.0 79.8082976826 0.0
57848.5652778 80.0194408316 0.0 79.8046504033 0.0
57848.5652894 79.9658167469 0.0 79.7900238689 0.0
57848.5654167 80.1534395145 0.0 79.6787239356 0.0
57848.5655324 79.49660989 0.0 79.9751456204 0.0
57848.5656481 81.6264815853 0.0 81.4468070706 0.0
57848.5657755 80.9908305057 0.0 81.3042833496 0.0
57848.5658912 79.3513607508 0.0 79.7743035194 0.0
57848.5659722 82.2971134548 0.0 81.8633108175 0.0
57848.5660069 85.6750257485 0.0 84.1999274525 0.0
57848.5661343 79.6475029678 0.0 79.3870125398 0.0
57848.56625 80.5432475506 0.0 80.1035395597 0.0
57848.5663657 81.1448835725 0.0 81.2178560724 0.0
57848.5664931 79.9463404854 0.0 80.4157700392 0.0
57848.5666088 82.1227316338 0.0 81.9634944533 0.0
57848.5666667 81.4547834446 0.0 81.5487650366 0.0
57848.5667245 80.7305649924 0.0 81.0672895193 0.0
57848.5668519 81.0918233856 0.0 81.1002697221 0.0
57848.5669676 79.5506361508 0.0 79.4881474561 0.0
57848.5670833 79.7881770628 0.0 79.884418318 0.0
57848.5672106 81.0345218348 0.0 81.1855551992 0.0
57848.5673264 80.0487050926 0.0 79.4795856054 0.0
57848.5673611 83.3602323833 0.0 83.6316968978 0.0
57848.5674421 87.1753634693 0.0 88.5697781357 0.0
57848.5675694 81.3811517982 0.0 80.5847042248 0.0
57848.5676852 79.296024995 0.0 79.1199853071 0.0
57848.5678009 80.5708716659 0.0 81.151414695 0.0
57848.5679282 79.2549611507 0.0 79.2097641835 0.0
57848.568044 79.9317973087 0.0 79.994630201 0.0
57848.5680556 79.7891481656 0.0 79.9012976866 0.0
57848.5681597 79.6578800998 0.0 79.8189314574 0.0
57848.568287 80.9843554275 0.0 80.4983145227 0.0
57848.5684028 79.1552435155 0.0 79.5266109991 0.0
57848.5685185 79.4727996046 0.0 79.7218246028 0.0
57848.5686458 79.1120019592 0.0 79.0344609711 0.0
57848.56875 79.8522302757 0.0 79.6601934532 0.0
57848.5687616 80.5821316794 0.0 80.2697134977 0.0
57848.5688773 79.9728067533 0.0 79.6184817866 0.0
57848.5690046 78.9897688818 0.0 78.9512648094 0.0
57848.5691204 79.5794732956 0.0 79.7178426514 0.0
57848.5692361 80.0464699596 0.0 79.8154401541 0.0
57848.5693519 82.5892519157 0.0 83.6202895056 0.0
57848.5694444 82.1000353106 0.0 83.0789801454 0.0
57848.5694792 81.6409413775 0.0 82.5697803134 0.0
57848.5695949 80.3259373055 0.0 80.2364147753 0.0
57848.5697106 83.6590922554 0.0 84.587447609 0.0
57848.569838 79.3797485194 0.0 79.3507870219 0.0
57848.5699537 79.0252321287 0.0 79.2049578625 0.0
57848.5700694 82.6864127835 0.0 81.428944952 0.0
57848.5701389 81.5981436186 0.0 81.0647668843 0.0
57848.5723495 81.392937255 0.0 81.308855926 0.0
57848.5724653 79.1701908423 0.0 78.6181040219 0.0
57848.572581 79.9914223964 0.0 80.0904891794 0.0
57848.5727083 81.4924073948 0.0 81.1328258598 0.0
57848.5728241 78.8715370777 0.0 78.699177124 0.0
57848.5729167 79.9741152811 0.0 79.9472617042 0.0
57848.5729398 81.0608822799 0.0 81.1928142202 0.0
57848.5730671 78.6513166832 0.0 78.8185948619 0.0
57848.5731829 78.4936156703 0.0 78.5458790198 0.0
57848.5732986 78.4156842411 0.0 78.4497829315 0.0
57848.5734259 80.0552607516 0.0 79.8394664499 0.0
57848.5735417 80.6996259161 0.0 81.5025211389 0.0
57848.5736111 80.6639392356 0.0 81.3368196698 0.0
57848.5736574 80.6434317908 0.0 81.1872634777 0.0
57848.5737731 84.9997138407 0.0 84.9775080065 0.0
57848.5739005 86.8831442571 0.0 87.7958418321 0.0
57848.5740162 80.5942425363 0.0 79.979166406 0.0
57848.5741319 81.1814455649 0.0 81.5876323409 0.0
57848.5742593 79.3167068782 0.0 79.4160454568 0.0
57848.5743056 78.8875494929 0.0 78.967272911 0.0
57848.574375 78.4724168355 0.0 78.5331620846 0.0
57848.5744907 78.3441781181 0.0 78.3734328966 0.0
57848.5746181 78.4083380324 0.0 78.4019110673 0.0
57848.5747338 80.2313612436 0.0 79.9689587215 0.0
57848.5748495 79.8200758957 0.0 79.0791275875 0.0
57848.5749769 78.8193205058 0.0 78.5008967783 0.0
57848.575 78.8424789438 0.0 78.5517412283 0.0
57848.5750926 78.8398123539 0.0 78.576915236 0.0
57848.5752083 81.1170366014 0.0 80.7694165015 0.0
57848.5753356 78.4963369846 0.0 78.4999349299 0.0
57848.5754514 78.6973868118 0.0 79.0073879583 0.0
57848.5755671 78.3605990023 0.0 78.5415339168 0.0
57848.5756944 79.5929215823 0.0 79.5731605945 0.0
57848.5758102 78.4126066778 0.0 78.5465702052 0.0
57848.5759259 79.755350786 0.0 79.2542163106 0.0
57848.5760532 78.7592753458 0.0 78.5402911696 0.0
57848.576169 78.5420553525 0.0 78.4896009482 0.0
57848.5762847 78.7865289881 0.0 78.7627207885 0.0
57848.5763889 78.5268449958 0.0 78.5181813913 0.0
57848.576412 78.3282460866 0.0 78.3344658691 0.0
57848.5765278 78.6532870324 0.0 78.8166722655 0.0
57848.5766435 79.7923075678 0.0 79.7490952927 0.0
57848.5767708 78.8232232594 0.0 78.8256495628 0.0
57848.5768866 78.6871177004 0.0 78.876976026 0.0
57848.5770023 79.3619339041 0.0 79.7785390127 0.0
57848.5770833 79.0351304864 0.0 79.1835030609 0.0
57848.5847685 80.424376286 0.0 80.1788682135 0.0
57848.5848958 81.0533790165 0.0 79.8629173772 0.0
57848.5850116 80.3873998958 0.0 79.7635566221 0.0
57848.5851273 78.5370252429 0.0 78.4690451643 0.0
57848.5852546 79.3590990183 0.0 79.4064173414 0.0
57848.5853704 80.793997933 0.0 79.7729729733 0.0
57848.5854167 80.1428700946 0.0 79.3300136266 0.0
57848.5854861 79.5368144698 0.0 78.9239765154 0.0
57848.5856134 82.6010574388 0.0 82.50364015 0.0
57848.5857292 79.7790096579 0.0 79.2102765871 0.0
57848.5858449 81.4160947356 0.0 81.5324877947 0.0
57848.5859722 79.8814933386 0.0 78.9558947768 0.0
57848.586088 79.9917680452 0.0 80.4372368247 0.0
57848.5861111 80.7325940497 0.0 80.5274019636 0.0
57848.5862037 81.4934074082 0.0 80.6169670107 0.0
57848.586331 78.4227018981 0.0 78.4196804316 0.0
57848.5864468 83.726667723 0.0 84.5587385254 0.0
57848.5865625 78.6854930213 0.0 78.6479660703 0.0
57848.5866898 81.0663485547 0.0 81.5829856465 0.0
57848.5868056 78.8771216196 0.0 78.8397057453 0.0
57848.5869213 80.1213949329 0.0 79.9160421067 0.0
57848.5870486 79.4939770612 0.0 79.6461528575 0.0
57848.5871644 97.2112294799 0.0 93.9894703092 0.0
57848.5872801 83.4004610958 0.0 82.9146775366 0.0
57848.5873958 92.4713283294 0.0 89.8239843917 0.0
57848.5875 84.9551532104 0.0 83.6638817591 0.0
57848.5875231 79.038800225 0.0 78.6421060883 0.0
57848.5876389 85.6935341727 0.0 83.7012025182 0.0
57848.5877546 80.2957909607 0.0 81.2081480826 0.0
57848.5878819 83.0147737695 0.0 83.5667096516 0.0
57848.5879977 82.1695697324 0.0 81.8167956107 0.0
57848.5881134 78.8751999047 0.0 78.9187982422 0.0
57848.5881944 79.8110071732 0.0 80.0014524931 0.0
57848.5882407 80.7845623 0.0 81.1335905221 0.0
57848.5883565 83.389298612 0.0 82.5381085075 0.0
57848.5884722 81.7387813403 0.0 80.6844489229 0.0
57848.5885995 81.2142664622 0.0 81.0181269655 0.0
57848.5887153 79.2340583335 0.0 78.7433630283 0.0
57848.588831 78.7274717046 0.0 78.8821679596 0.0
57848.5888889 78.6168749761 0.0 78.7907867203 0.0
57848.5889583 78.4908504795 0.0 78.6837903574 0.0
57848.5890741 84.2888183391 0.0 83.9196227708 0.0
57848.5891898 79.7314053683 0.0 79.4537094792 0.0
57848.5893171 79.3374217756 0.0 78.9876290504 0.0
57848.5894329 82.6933239929 0.0 82.3587185852 0.0
57848.5895486 78.7745902623 0.0 78.8952987826 0.0
57848.5895833 78.4794627594 0.0 78.5724650243 0.0
57848.5896759 78.2064466205 0.0 78.2723758743 0.0
57848.5897917 83.3742022331 0.0 83.5992310012 0.0
57848.5899074 82.876008567 0.0 83.970927076 0.0
57848.5900347 78.9053429116 0.0 78.6093975934 0.0
57848.5901505 79.2935068779 0.0 78.8778009582 0.0
57848.5902662 78.0634780547 0.0 77.9986881492 0.0
57848.5902778 78.7883578836 0.0 78.9922368401 0.0
57848.5903935 79.483576574 0.0 79.9741481418 0.0
57848.5905093 77.7813324198 0.0 77.846177639 0.0
57848.590625 78.3757014514 0.0 78.41720134 0.0
57848.5907523 78.6871100499 0.0 78.9353929679 0.0
57848.5908681 82.8910500537 0.0 80.9620779686 0.0
57848.5909722 82.3405412722 0.0 81.32070277 0.0
57848.5965972 77.237573609 0.0 77.4376323954 0.0
57848.5967245 77.7698093607 0.0 77.6314003481 0.0
57848.5968403 77.8536077777 0.0 78.0795937938 0.0
57848.596956 80.3884317051 0.0 79.7873588546 0.0
57848.5970833 77.4420876849 0.0 77.1466792934 0.0
57848.5971991 81.7818702647 0.0 80.4533278118 0.0
57848.5972222 82.0162522918 0.0 81.2203002888 0.0
57848.5973148 82.2485839392 0.0 82.006060526 0.0
57848.5974421 77.0132178071 0.0 77.3190834012 0.0
57848.5975579 79.6153930029 0.0 79.0057241977 0.0
57848.5976736 81.9445208602 0.0 80.8921564554 0.0
57848.5978009 82.9933426547 0.0 82.4755874911 0.0
57848.5979167 77.6898689019 0.0 78.1758085152 0.0
57848.5980324 78.156061985 0.0 78.8744588317 0.0
57848.5981597 77.5432622734 0.0 77.3919039758 0.0
57848.5982755 77.2150027326 0.0 77.1400206637 0.0
57848.5983912 80.5023766047 0.0 80.9948393726 0.0
57848.5985185 78.222459262 0.0 78.6369382797 0.0
57848.5986111 80.7041481895 0.0 81.0906105909 0.0
57848.5986343 83.4480400848 0.0 83.7992297876 0.0
57848.59875 80.3052714085 0.0 79.716470751 0.0
57848.5988773 77.6479758461 0.0 77.6470197625 0.0
57848.5989931 76.8550626049 0.0 77.0236025904 0.0
57848.5991088 76.7701242672 0.0 76.717918246 0.0
57848.5992361 77.4296128946 0.0 77.3897927055 0.0
57848.5993056 78.2180772456 0.0 77.8674667239 0.0
57848.5993519 79.0358531238 0.0 78.3585069026 0.0
57848.5994676 78.5442120337 0.0 77.6431079427 0.0
57848.5995949 78.9208805387 0.0 78.2762433565 0.0
57848.5997106 77.8128402836 0.0 78.0990289248 0.0
57848.5998264 76.9239645234 0.0 76.7490600073 0.0
57848.5999537 78.2702164875 0.0 78.8098537875 0.0
57848.6 79.8829275628 0.0 80.5288948266 0.0
57848.6000694 81.5768426945 0.0 82.3426479778 0.0
57848.6001852 79.1583481826 0.0 78.5513703572 0.0
57848.6003125 76.7407264691 0.0 76.8156781523 0.0
57848.6004282 77.5522459701 0.0 77.8856233204 0.0
57848.600544 77.9332312111 0.0 77.8602893521 0.0
57848.6006597 77.1443664048 0.0 77.899139071 0.0
57848.6006944 77.1383909866 0.0 77.648680182 0.0
57848.600787 77.1898613291 0.0 77.4578275644 0.0
57848.6009028 79.8897081982 0.0 80.9084409873 0.0
57848.6010185 78.679194232 0.0 78.2531088328 0.0
57848.6011458 77.8843925572 0.0 78.2719662651 0.0
57848.6012616 80.4190979059 0.0 81.3549051195 0.0
57848.6013773 77.9146594551 0.0 78.3993524591 0.0
57848.6013889 77.5108918669 0.0 78.086846895 0.0
57848.6015046 77.0596542751 0.0 77.7237984339 0.0
57848.6016204 76.824095159 0.0 77.1869733569 0.0
57848.6017361 76.9934788992 0.0 77.8372970625 0.0
57848.6018634 79.4798339014 0.0 79.7062434694 0.0
57848.6019792 80.318451504 0.0 80.6471114548 0.0
57848.6020833 79.1266930941 0.0 79.1323035365 0.0
57848.6097454 76.6723601763 0.0 77.0527681657 0.0
57848.6098611 78.5857522519 0.0 79.3707498012 0.0
57848.6099884 77.1979732312 0.0 76.9396693975 0.0
57848.6101042 78.4061956098 0.0 78.9850091916 0.0
57848.6102199 77.6647932914 0.0 78.3295204249 0.0
57848.6103472 76.3299702542 0.0 76.3151185218 0.0
57848.6104167 77.5179686782 0.0 77.7885032958 0.0
57848.610463 78.7777278487 0.0 79.3650241101 0.0
57848.6105787 76.3928340422 0.0 76.6689890242 0.0
57848.610706 78.8249440533 0.0 80.0405065639 0.0
57848.6108218 77.5909870539 0.0 78.2851216579 0.0
57848.6109375 101.101339882 0.0 105.877168374 0.0
57848.6110648 101.783698056 0.0 115.81625136 0.0
57848.6111111 90.1863684434 0.0 94.1327117213 0.0
57848.6111806 81.7975564488 0.0 81.3170237158 0.0
57848.6112963 90.0269444167 0.0 92.9812797449 0.0
57848.6114236 76.3913066847 0.0 76.5216413833 0.0
57848.6115394 78.0154774195 0.0 77.8802699597 0.0
57848.6116551 78.0338028229 0.0 78.3448973961 0.0
57848.6117824 83.9209611361 0.0 86.2123837044 0.0
57848.6118056 83.7867974683 0.0 84.7620443477 0.0
57848.6118981 83.5892906239 0.0 83.3184891486 0.0
57848.6120139 83.4504175843 0.0 83.2006432968 0.0
57848.6121412 80.4929377151 0.0 80.1748215776 0.0
57848.6122569 77.3061761116 0.0 78.1239588603 0.0
57848.6123727 76.4133036127 0.0 76.940933215 0.0
57848.6125 79.4165089701 0.0 78.6109091666 0.0
57848.6126157 76.7521075541 0.0 77.3553627617 0.0
57848.6127315 78.0903367133 0.0 78.7620458343 0.0
57848.6128588 78.4463593292 0.0 78.9939999684 0.0
57848.6129745 82.7880688505 0.0 85.9556108174 0.0
57848.6130903 79.5544904138 0.0 79.4277410921 0.0
57848.6131944 79.1993594797 0.0 79.3031693314 0.0
57848.6132176 78.8178279452 0.0 79.1473030431 0.0
57848.6133333 78.9106656226 0.0 80.5473726201 0.0
57848.6134491 76.6443224381 0.0 77.0183869865 0.0
57848.6135764 80.091698596 0.0 79.7029631507 0.0
57848.6136921 78.3639268222 0.0 78.8286106563 0.0
57848.6138079 81.5152428016 0.0 81.0490288036 0.0
57848.6138889 80.3435596734 0.0 80.0551704014 0.0
57848.6139352 79.1437667792 0.0 79.0197123255 0.0
57848.6140509 81.6347298703 0.0 80.6564342133 0.0
57848.6141667 83.7575728457 0.0 84.7665363867 0.0
57848.6142824 81.2548735277 0.0 79.789257134 0.0
57848.6144097 78.5826041373 0.0 79.4560298593 0.0
57848.6145255 83.9478694846 0.0 82.2510507896 0.0
57848.6145833 88.3139460618 0.0 86.9425858886 0.0
57848.6146412 93.5435151734 0.0 92.6444485061 0.0
57848.6147685 83.0499787598 0.0 83.8342626257 0.0
57848.6148843 86.3813961279 0.0 86.1866093195 0.0
57848.615 80.8232578717 0.0 80.185919113 0.0
57848.6151273 77.3884315386 0.0 77.4377742836 0.0
57848.6152431 76.8532603017 0.0 77.1252823463 0.0
57848.6152778 76.5721414158 0.0 76.6778907965 0.0
57848.6173958 90.4180061547 0.0 90.3222901171 0.0
57848.6175116 83.630428619 0.0 81.6119636879 0.0
57848.6176389 78.8824720264 0.0 79.6652823694 0.0
57848.6177546 83.8487864969 0.0 85.4090526701 0.0
57848.6178704 91.2562972731 0.0 97.6901755142 0.0
57848.6179977 106.462979476 0.0 103.200032243 0.0
57848.6180556 94.1016961909 0.0 90.3188773126 0.0
57848.6181134 85.3022804853 0.0 81.3622599121 0.0
57848.6182292 76.7052263734 0.0 76.6158878171 0.0
57848.6183565 90.7198503306 0.0 94.9866367812 0.0
57848.6184722 105.479798094 0.0 110.057810813 0.0
57848.618588 78.0920547943 0.0 77.7939530041 0.0
57848.6187037 76.7880045775 0.0 76.2865104589 0.0
57848.61875 79.1192244527 0.0 78.8693256342 0.0
57848.618831 81.6827998786 0.0 81.7394953679 0.0
57848.6189468 76.9341444873 0.0 76.8362089512 0.0
57848.6190625 77.321157913 0.0 77.0976739662 0.0
57848.6191898 76.6121245953 0.0 76.6797750258 0.0
57848.6193056 76.8794802987 0.0 76.6105955466 0.0
57848.6194213 77.1246305599 0.0 77.4492254448 0.0
57848.6194444 78.4995433936 0.0 78.0990352693 0.0
57848.6195486 79.9084420947 0.0 78.7250598857 0.0
57848.6196644 84.1373302464 0.0 82.6606090166 0.0
57848.6197801 81.5961189151 0.0 81.434464473 0.0
57848.6199074 80.3174521508 0.0 80.2427648078 0.0
57848.6200231 81.2106274696 0.0 81.2329859294 0.0
57848.6201389 79.3518774825 0.0 79.737325463 0.0
57848.6202662 77.3858432467 0.0 76.9853096766 0.0
57848.6203819 83.2298813468 0.0 82.9084638562 0.0
57848.6204977 78.7195273106 0.0 77.7201058092 0.0
57848.620625 77.3804268468 0.0 77.6024392336 0.0
57848.6207407 77.9390016295 0.0 78.5649755935 0.0
57848.6208333 77.4390388306 0.0 77.6886319805 0.0
57848.6285069 84.4621814423 0.0 85.9544118239 0.0
57848.6286227 84.5039038862 0.0 84.5374041534 0.0
57848.62875 79.0433457098 0.0 78.7961278617 0.0
57848.6288657 76.9864006043 0.0 77.2481251811 0.0
57848.6289815 82.6134156781 0.0 81.9295826182 0.0
57848.6291088 95.4444188939 0.0 94.2721239657 0.0
57848.6291667 84.5307451996 0.0 83.9853020653 0.0
57848.6292245 76.693370235 0.0 76.4917307295 0.0
57848.6293403 82.4479424243 0.0 81.1132733713 0.0
57848.6294676 77.799784402 0.0 78.1120075981 0.0
57848.6295833 78.7225387675 0.0 78.0785694029 0.0
57848.6296991 76.9574137429 0.0 76.8557808756 0.0
57848.6298264 77.7795130995 0.0 78.2898636159 0.0
57848.6298611 77.1155123824 0.0 77.2941298677 0.0
57848.6299421 76.5055700979 0.0 76.3727176549 0.0
57848.6300579 83.6451077709 0.0 83.126977372 0.0
57848.6301852 80.2502285043 0.0 79.536639758 0.0
57848.6303009 77.547844767 0.0 77.6594221843 0.0
57848.6304167 77.0665012635 0.0 77.141923388 0.0
57848.630544 80.575467079 0.0 80.304459845 0.0
57848.6305556 78.7262613808 0.0 78.6760307463 0.0
57848.6306597 76.9360628899 0.0 77.0796044489 0.0
57848.6307755 77.3749972213 0.0 78.0409675683 0.0
57848.6309028 77.1754311682 0.0 77.386868408 0.0
57848.6310185 80.8997937451 0.0 81.410163223 0.0
57848.6311343 82.1829313909 0.0 82.6245630851 0.0
57848.63125 79.6719880949 0.0 79.8116173687 0.0
57848.6312616 77.4299679581 0.0 77.3192733153 0.0
57848.6313773 78.5776188428 0.0 78.8785107998 0.0
57848.6314931 76.8931412741 0.0 76.8618944276 0.0
57848.6316204 77.2521852506 0.0 77.3661126657 0.0
57848.6317361 76.5617757566 0.0 76.5821783576 0.0
57848.6318519 77.412791753 0.0 77.361941903 0.0
57848.6319444 78.1121508666 0.0 77.4651669526 0.0
57848.6341204 78.4394289755 0.0 78.0401688876 0.0
57848.6342477 81.523949015 0.0 81.2285687551 0.0
57848.6343634 76.9150681141 0.0 76.9931236475 0.0
57848.6344792 77.90881909 0.0 77.7873209141 0.0
57848.6346065 80.5907742611 0.0 80.9406409537 0.0
57848.6347222 78.8683115706 0.0 78.6076009874 0.0
57848.634838 78.8750079746 0.0 79.4263490033 0.0
57848.6349653 78.5747952527 0.0 77.8260723344 0.0
57848.635081 76.967045474 0.0 77.1189448903 0.0
57848.6351968 77.9918406373 0.0 77.6684137858 0.0
57848.6353241 83.6361815125 0.0 82.4951374325 0.0
57848.6354167 82.8944876575 0.0 82.3975530765 0.0
57848.6354398 82.2115738932 0.0 82.3406524749 0.0
57848.6355556 77.6362107267 0.0 77.7642065477 0.0
57848.6356829 85.81503331 0.0 87.2326361518 0.0
57848.6357986 81.2872623355 0.0 81.6360131437 0.0
57848.6359144 77.8081848972 0.0 78.0111232518 0.0
57848.6360417 83.9384420215 0.0 83.2669297921 0.0
57848.6361111 84.7987939773 0.0 84.4124837035 0.0
57848.6361574 85.708271357 0.0 85.6285833294 0.0
57848.6362731 82.6321301553 0.0 81.1089883798 0.0
57848.6364005 77.1301391221 0.0 77.1343699397 0.0
57848.6365162 84.0978593961 0.0 82.8675685115 0.0
57848.6366319 81.0231007183 0.0 78.8531817304 0.0
57848.6367477 81.0371444277 0.0 80.7771770304 0.0
57848.6368056 79.2451279575 0.0 79.2250308615 0.0
57848.636875 77.5569788865 0.0 77.7487188255 0.0
57848.6369907 78.2465899576 0.0 78.0510345607 0.0
57848.6371065 82.1474303554 0.0 82.216413185 0.0
57848.6372338 77.1721035867 0.0 77.1484263935 0.0
57848.6373495 79.303775692 0.0 79.1752760968 0.0
57848.6374653 78.7890095001 0.0 78.5784482412 0.0
57848.6375 78.4575931953 0.0 78.5448623399 0.0
57848.6375926 78.0558353744 0.0 78.4362005964 0.0
57848.6377083 79.4590418518 0.0 78.993689653 0.0
57848.6378241 76.8862724613 0.0 76.8345846868 0.0
57848.6379514 78.663304056 0.0 78.5145453212 0.0
57848.6380671 77.3679712801 0.0 77.4328939792 0.0
57848.6381829 77.5650619867 0.0 78.0256030352 0.0
57848.6381944 78.3161921955 0.0 78.5924249021 0.0
57848.6383102 79.194604791 0.0 79.2763284152 0.0
57848.6384259 77.2836227606 0.0 77.4340777823 0.0
57848.6385417 77.9849039687 0.0 77.9018129892 0.0
57848.638669 80.1556445361 0.0 82.03523237 0.0
57848.6387847 77.462653834 0.0 77.5215065321 0.0
57848.6388889 77.3607584503 0.0 77.7079267643 0.0
57848.6389005 77.2667264351 0.0 77.9025778264 0.0
57848.6390278 83.0596025454 0.0 83.0699450102 0.0
57848.6391435 83.7870491126 0.0 81.9022001597 0.0
57848.6392593 77.8770501303 0.0 78.0625410873 0.0
57848.6393866 78.9028975007 0.0 79.8255941851 0.0
57848.6395023 78.5696723743 0.0 78.3984820453 0.0
57848.6395833 83.940510369 0.0 83.8224464806 0.0
57848.6396181 90.478414901 0.0 90.4440211512 0.0
57848.6397454 84.4454386808 0.0 83.5928803428 0.0
57848.6398611 79.9002979469 0.0 80.1368826322 0.0
57848.6399769 78.3055383163 0.0 78.6333157319 0.0
57848.6401042 81.6556865809 0.0 83.0292858815 0.0
57848.6402199 80.1131907179 0.0 79.6234460696 0.0
57848.6402778 79.0228266073 0.0 78.6696287966 0.0
57848.6479861 77.8163042813 0.0 77.7139826479 0.0
57848.6481019 81.4853534753 0.0 81.8959122789 0.0
57848.6482292 76.9751757127 0.0 77.0451909985 0.0
57848.6483449 79.6276962872 0.0 79.8847272137 0.0
57848.6484606 77.3694638666 0.0 77.6345014475 0.0
57848.648588 77.5032757114 0.0 77.5704696067 0.0
57848.6486111 78.019105769 0.0 78.2875280872 0.0
57848.6487037 78.4817429343 0.0 78.960398131 0.0
57848.6488194 81.7277942624 0.0 82.2529108239 0.0
57848.6489468 79.9044612334 0.0 79.7251711695 0.0
57848.6490625 77.5654291099 0.0 77.7584995611 0.0
57848.6491782 77.5244578375 0.0 77.3362623159 0.0
57848.6493056 82.3817850802 0.0 83.3821474598 0.0
57848.6494213 77.366215902 0.0 77.2451704898 0.0
57848.649537 79.7307173616 0.0 79.5472711348 0.0
57848.6496644 77.3028400125 0.0 77.1582108463 0.0
57848.6497801 77.6184443158 0.0 77.8039425351 0.0
57848.6498958 77.9247651135 0.0 77.6537002982 0.0
57848.65 77.373295503 0.0 77.2598432823 0.0
57848.6500116 76.8672310221 0.0 76.9059036095 0.0
57848.6501389 80.2500622305 0.0 80.9705139295 0.0
57848.6502546 78.5265071998 0.0 78.0182594846 0.0
57848.6503704 77.4635739493 0.0 76.9658297168 0.0
57848.6504977 78.8284216828 0.0 78.862868189 0.0
57848.6506134 77.8507441133 0.0 77.3015738973 0.0
57848.6506944 78.3338258545 0.0 77.948873693 0.0
57848.6507292 78.780512273 0.0 78.5671462063 0.0
57848.6508565 77.414323694 0.0 77.2937861992 0.0
57848.6509722 79.989786623 0.0 79.8679020258 0.0
57848.651088 79.6577720753 0.0 80.2879405889 0.0
57848.6512153 83.1535224269 0.0 82.5600061228 0.0
57848.651331 86.0370457884 0.0 86.7724060229 0.0
57848.6513889 82.8919914165 0.0 83.1844641805 0.0
57848.6514468 80.0713325979 0.0 80.010234939 0.0
57848.6515741 78.5821756571 0.0 79.0166914772 0.0
57848.6516898 77.5426499547 0.0 77.6594920341 0.0
57848.6518056 78.4121999946 0.0 78.8352169401 0.0
57848.6519329 76.8483216407 0.0 76.7725803656 0.0
57848.6520486 77.458431239 0.0 77.1911579068 0.0
57848.6520833 77.4314268175 0.0 77.1471262718 0.0
57848.6521644 77.4441249676 0.0 77.1426738388 0.0
57848.6522917 77.0195230899 0.0 76.834175469 0.0
57848.6524074 77.028214928 0.0 76.8710567834 0.0
57848.6525231 77.1261463967 0.0 76.9643133472 0.0
57848.6526505 76.8517791791 0.0 76.984604974 0.0
57848.6527662 78.3949671025 0.0 78.3810109274 0.0
57848.6527778 77.7702251058 0.0 77.8467928177 0.0
57848.6528819 77.1577141898 0.0 77.3207797878 0.0
57848.6530093 78.5159435465 0.0 79.7272570267 0.0
57848.653125 78.7018639678 0.0 78.0183035319 0.0
57848.6532407 77.9530731017 0.0 77.7880858744 0.0
57848.6533681 77.6150559234 0.0 77.5474930672 0.0
57848.6534722 77.5105449987 0.0 77.3994506763 0.0
57848.6534838 77.3677057434 0.0 77.2136212918 0.0
57848.6535995 78.1489964939 0.0 78.5364047051 0.0
57848.6537269 77.3580418185 0.0 77.421110758 0.0
57848.6538426 77.2040835902 0.0 77.0840082767 0.0
57848.6539583 77.2598005951 0.0 77.450086701 0.0
57848.6540856 78.9892954583 0.0 78.5592088491 0.0
57848.6541667 78.1772690876 0.0 77.7987636855 0.0
57848.6542014 77.4567718344 0.0 77.1267342755 0.0
57848.6543171 77.3599645036 0.0 77.8498909505 0.0
57848.6544329 77.0216027748 0.0 77.0590004153 0.0
57848.6545602 80.3644581765 0.0 79.9224152413 0.0
57848.6546759 77.9485638803 0.0 77.8196952577 0.0
57848.6547917 81.0359387433 0.0 80.7593717472 0.0
57848.6548611 80.2824125696 0.0 80.1428336909 0.0
