57848.1423727 133.065685021 0.0 131.797620352 0.0
57848.1722338 135.060119533 0.0 133.813333896 0.0
57848.1861227 131.040898851 0.0 129.521151681 0.0
57848.2423727 128.291483326 0.0 126.735424944 0.0
57848.2583449 119.167243183 0.0 116.716937698 0.0
57848.2715394 118.667587971 0.0 116.20613902 0.0
57848.2847338 117.914135351 0.0 115.435703085 0.0
57848.2979282 117.914135351 0.0 115.177745884 0.0
57848.3166782 117.40914744 0.0 114.919209653 0.0
57848.3298727 116.901978125 0.0 114.140087383 0.0
57848.3430671 118.667587971 0.0 115.693085128 0.0
57848.3534838 117.914135351 0.0 115.693085128 0.0
57848.3604282 117.914135351 0.0 115.435703085 0.0
57848.3673727 118.917678002 0.0 116.716937698 0.0
57848.3743171 119.167243183 0.0 116.716937698 0.0
