57849.2027778 7271.341859 7123.462209
57849.2027894 7184.871002 6949.349489
57849.2029051 6893.462987 7379.113856
57849.2030324 7341.959067 7734.337257
57849.2031481 11664.776122 10202.86326
57849.2032639 17467.938124 17819.31977
57849.2033912 10401.148042 8575.286344
57849.2034722 8932.305027 8135.806317
57849.2035069 7810.976256 7723.452664
57849.2036227 7855.796385 7262.225448
57849.20375 7012.632791 7023.38381
57849.2038657 7728.441831 8389.410626
57849.2039815 8120.385036 8225.846574
57849.2041088 10510.819002 10359.859308
57849.2041667 8669.571537 9398.182201
57849.2042245 7380.635795 8606.195669
57849.2043403 9688.291859 8236.435885
57849.2044676 6833.219267 6978.917215
57849.2045833 7727.615337 7745.702344
57849.2046991 8655.904975 10002.985819
57849.2048264 8397.493803 10522.740388
57849.2048611 7875.956792 8711.253679
57849.2049421 7414.488584 7429.546993
57849.2050579 8924.156298 8649.760767
57849.2051852 6810.624105 6881.43116
57849.2053009 6820.595331 6757.448211
57849.2054167 6884.724022 7096.321063
57849.205544 6912.148303 6954.622459
57849.2055556 7288.773663 7224.251275
57849.2056597 7704.029529 7510.695671
57849.2057755 7645.418722 7857.168788
57849.2058912 7428.630325 6955.424204
57849.2060185 7512.679089 7432.394576
57849.2061343 7428.831343 8654.255115
57849.20625 10379.008516 15042.946614
57849.2063773 7124.529744 7374.063432
57849.2064931 7096.159652 7108.703576
57849.2066088 7400.103806 7114.441367
57849.2067361 14690.219195 18330.481315
57849.2068519 6865.399465 6754.570162
57849.2069444 8933.996373 8821.841299
57849.2229167 7737.612637 7704.407061
57849.225 5879.566064 5876.351536
57849.2250116 5503.130929 5564.074271
57849.2251389 5511.444272 5615.533349
57849.2252546 5578.570821 5481.044237
57849.2253704 5500.264801 5584.240196
57849.2254977 5519.117211 5530.567467
57849.2256134 6948.753003 7062.93374
57849.2256944 6169.32189 6274.007339
57849.2257292 5547.437907 5643.952414
57849.2258565 6507.624618 6435.020956
57849.2259722 5699.287765 5807.909669
57849.226088 5701.199992 5656.676353
57849.2262153 6392.528126 5979.082321
57849.226331 6276.657879 6241.749374
57849.2263889 5927.597363 5879.249905
57849.2264468 5610.353643 5551.627737
57849.2265741 5745.79911 5761.341922
57849.2266898 6233.41154 6093.813116
57849.2268056 5652.876528 5606.233315
57849.2269329 5458.417646 5475.861554
57849.2270486 5491.109983 5469.109712
57849.2270833 5614.91128 5555.280087
57849.2271644 5746.970253 5646.620024
57849.2272917 5616.181539 5733.282407
57849.2274074 5812.546918 5572.426147
57849.2275231 5626.187531 5584.043424
57849.2276505 5512.339005 5416.221089
57849.2277662 5526.224748 5461.040878
57849.2277778 5493.932342 5471.212096
57849.2278819 5462.567262 5482.039504
57849.2280093 6731.661391 6441.255692
57849.228125 5716.242379 5746.348842
57849.2282407 5519.442403 5486.918122
57849.2283565 5745.024934 5557.501051
57849.2284722 5670.608132 5555.432424
57849.2284838 5599.792387 5555.140066
57849.2285995 5786.756603 5669.076149
57849.2287153 5462.884528 5357.73743
57849.2288426 5435.483779 5394.2724
57849.2289583 5445.939405 5390.286427
57849.2290741 5443.576537 5395.873146
57849.2291667 5427.609571 5380.937451
57849.2319444 5336.561793 5345.48578
57849.2320718 5315.465215 5232.688603
57849.2321875 5555.374178 5492.451791
57849.2323032 5541.009724 5726.928681
57849.2324306 5721.706709 5501.1591
57849.2325463 5322.771049 5480.276801
57849.2326389 5259.150356 5502.45075
57849.232662 5197.054704 5524.95477
57849.2327778 5389.383163 5421.956583
57849.2329051 5284.190133 5497.953766
57849.2330208 5210.309121 5252.331877
57849.2331366 5234.876098 5275.258851
57849.2332639 5336.190835 5233.707601
57849.2333333 5296.676256 5207.975233
57849.2333796 5258.075447 5182.840701
57849.2334954 5256.427169 5260.982876
57849.2336227 5174.016018 5218.599135
57849.2337384 5365.130362 5270.746238
57849.2338542 5448.87194 5614.067736
57849.2339815 5198.511534 5257.551123
57849.2479167 5127.46183 5137.401172
57849.25 5076.805819 5088.329311
57849.2506944 5056.15324 5068.424682
57849.2513889 5056.360585 5069.428125
57849.2520833 5027.750672 5041.536099
57849.2527778 5029.483207 5044.066216
57849.2534722 5007.016429 5022.324317
57849.2540509 5001.185768 5017.265663
57849.2541667 5138.372788 5139.562577
57849.2569444 7460.929911 7480.152461
57849.257037 7178.814726 7100.702313
57849.2571644 7669.075337 7768.343544
57849.2572801 6070.472756 6048.93101
57849.2573958 5730.903519 5724.617914
57849.2575231 5711.008176 5711.631707
57849.2576389 5807.938706 5803.259661
57849.2577546 6285.919396 6281.039926
57849.2578819 5708.528274 5703.02288
57849.2579977 5718.388333 5717.155906
57849.2581134 5722.631852 5734.546046
57849.2582407 8969.418237 8940.022928
57849.2583333 7758.306026 7810.823949
57849.2583565 6832.206968 6931.777663
57849.2584722 6859.795256 6951.978686
57849.2585995 7795.761451 7812.959919
57849.2587153 6274.128814 6391.649316
57849.258831 6628.858594 6766.792951
57849.2589583 6719.285434 6773.146158
57849.2701389 4634.982246 4640.936695
57849.2722222 4402.053337 4464.193931
57849.272338 4416.540125 4425.154607
57849.2724537 4444.364829 4406.842065
57849.272581 4474.705084 4401.5887
57849.2726968 4417.641097 4471.095567
57849.2728125 4464.432097 4404.361721
57849.2729167 4439.019607 4401.792096
57849.2729398 4416.068348 4401.420315
57849.2730556 4441.655989 4400.044289
57849.2731713 4425.925676 4473.43072
57849.273287 4432.102601 4422.482646
57849.2734144 4430.67738 4469.389971
57849.2735301 4422.681101 4387.335226
57849.2736111 4437.823824 4384.980867
57849.2736458 4452.380408 4381.944902
57849.2737731 4389.522315 4389.552213
57849.2738889 4474.511128 4403.365668
57849.2740046 4415.678963 4414.45657
57849.2741319 4382.20336 4451.776217
57849.2742477 4454.93233 4436.544328
57849.2743056 4421.121576 4402.515088
57849.2743634 4387.812274 4368.995828
57849.2744907 4476.549891 4433.187338
57849.2746065 4426.369934 4451.728711
57849.2747222 4416.613736 4406.116727
57849.2748495 4443.567295 4439.220683
57849.2749653 4732.4739 4568.063094
57849.275 4602.759352 4488.777592
57849.275081 4478.705456 4410.98111
57849.2752083 4387.401551 4373.355543
57849.2753241 4453.758229 4459.339004
57849.2754398 4580.7568 4567.244474
57849.2755671 4399.263122 4420.628321
57849.2756829 4372.771073 4367.661838
57849.2756944 4437.100486 4408.04911
57849.2757986 4506.214209 4451.990889
57849.2759259 4497.908099 4489.778981
57849.2760417 4363.50176 4378.789192
57849.2761574 4447.676834 4436.385934
57849.2762847 4352.15367 4385.663294
57849.2763889 4360.124617 4364.935911
57849.2791667 4982.08984 4982.072863
57849.2792708 4949.113357 4958.531239
57849.2793866 4942.413094 4942.636125
57849.2795023 4970.548856 4978.957129
57849.2796296 5075.227192 5093.105457
57849.2797454 5082.068334 5083.662035
57849.2798611 4993.840356 5007.938493
57849.2799884 4938.126237 4945.046566
57849.2801042 4960.470434 4967.688192
57849.2802199 4922.261546 4922.266536
57849.2803472 4898.180498 4898.69616
57849.280463 4983.596879 4993.502975
57849.2805556 4975.193296 4978.287127
57849.2805787 4967.26091 4963.598679
57849.280706 5225.382932 5252.855972
57849.2808218 5000.931702 5020.257428
57849.2809375 4943.317305 4934.954807
57849.2810648 4946.368803 4948.162765
57849.2811806 4968.012687 4966.262237
57849.2951389 4306.661366 4313.660474
57849.2972222 4186.644184 4203.47095
57849.2973148 4178.450909 4206.455352
57849.2974306 4161.93372 4148.837762
57849.2975463 4213.41877 4188.362721
57849.2976736 4189.333646 4210.778777
57849.2977894 4205.815223 4186.656527
57849.2979051 4238.620213 4168.31738
57849.2979167 4208.889456 4173.497234
57849.2980324 4181.657429 4180.804713
57849.2981481 4210.499252 4296.677259
57849.2982639 4312.712137 4227.128512
57849.2983912 4182.594773 4242.526972
57849.2985069 4185.642013 4169.12311
57849.2986111 4205.651931 4172.466373
57849.2986227 4223.294604 4173.287772
57849.29875 4272.683857 4320.567258
57849.2988657 4208.253471 4232.793759
57849.2989815 4226.080653 4213.760775
57849.2991088 4154.619278 4187.499377
57849.2992245 4161.541184 4179.83539
57849.2993056 4190.281393 4173.312673
57849.2993403 4219.187775 4166.540627
57849.2994676 4163.471604 4204.223836
57849.2995833 4150.647105 4127.093431
57849.2996991 4139.647723 4177.377429
57849.2998264 4237.268365 4169.288859
57849.2999421 4147.127193 4194.796247
57849.3 4189.702111 4230.050929
57849.3000579 4237.888405 4270.657925
57849.3001736 4267.959286 4302.900374
57849.3003009 4181.230461 4261.197052
57849.3004167 4350.499678 4342.898328
57849.3005324 4173.692116 4212.150055
57849.3006597 4213.523993 4289.615567
57849.3006944 4193.397761 4220.22569
57849.3007755 4169.413129 4149.059242
57849.3008912 4126.443031 4207.476228
57849.3010185 4148.672028 4215.2451
57849.3011343 4129.019056 4168.234494
57849.30125 4155.172195 4150.922719
57849.3013773 4147.74983 4125.753159
57849.3013889 4259.948807 4178.000437
57849.3041667 4520.764683 4523.111488
57849.3042477 4519.004447 4515.896087
57849.3043634 4514.113014 4521.945422
57849.3044792 4498.316679 4502.776016
57849.3045949 4499.515371 4496.55892
57849.3047222 4523.962813 4537.189638
57849.304838 4479.030034 4482.12315
57849.3048611 4502.241614 4506.508333
57849.3049537 4527.626177 4533.09493
57849.305081 4529.748833 4522.483255
57849.3051968 4542.895766 4542.58237
57849.3053125 4543.74635 4530.283033
57849.3054398 4494.117777 4491.659594
57849.3055556 4508.68614 4503.574935
57849.3056713 4533.447515 4529.185563
57849.3057986 4500.478779 4493.294305
57849.3059144 4481.409633 4479.309096
57849.3060301 4502.14141 4499.488011
57849.3061574 4472.839461 4470.94179
57849.3173611 4164.694892 4170.283548
57849.3194444 4216.12761 4118.208961
57849.319537 4037.728852 4072.170099
57849.3196528 4120.382318 4117.864599
57849.3197801 4035.658172 4028.028281
57849.3198958 4065.822285 4103.547561
57849.3200116 4091.723071 4116.208847
57849.3201389 4073.928752 4048.322601
57849.3202546 4012.638341 4033.128301
57849.3203704 4039.952932 4056.63695
57849.3204977 4035.412818 4036.401467
57849.3206134 4076.977564 4036.56409
57849.3207292 4030.430488 4034.588872
57849.3208333 4028.375089 4039.764636
57849.3208565 4024.063092 4042.68157
57849.3209722 4028.742546 4025.257576
57849.321088 4039.376609 4061.911431
57849.3212153 4068.124454 4035.294634
57849.321331 4033.247879 4072.591155
57849.3214468 4031.663244 4017.822913
57849.3215278 4039.490173 4021.783131
57849.3215741 4049.291647 4027.682114
57849.3216898 4037.698291 4010.587545
57849.3218056 4016.257694 4045.230777
57849.3219329 4021.454823 4021.764858
57849.3220486 4038.742883 4062.926864
57849.3221644 4093.114064 4140.493213
57849.3222222 4052.359354 4092.862688
57849.3222917 4010.345584 4044.236935
57849.3224074 3998.029419 4031.59727
57849.3225231 4044.900301 4077.558851
57849.3226389 4028.837569 4076.302527
57849.3227662 4066.210461 4043.960688
57849.3228819 4018.716226 3992.145503
57849.3229167 4011.22131 4036.990126
57849.3229977 4003.416688 4082.552638
57849.323125 3983.447427 4016.032444
57849.3232407 3993.495788 4002.294534
57849.3233565 3993.126633 4004.37438
57849.3234838 4011.236609 4076.177727
57849.3235995 4017.326842 3977.527253
57849.3236111 4268.833085 4071.220594
57849.3263889 4342.241778 4343.720549
57849.3264699 4349.233423 4351.671397
57849.3265856 4247.199507 4245.137597
57849.326713 4278.24711 4280.343933
57849.3268287 4319.375363 4324.380322
57849.3269444 4400.842304 4396.526806
57849.3270602 4423.846914 4429.899923
57849.3270833 4355.942763 4357.430454
57849.3271875 4290.125987 4287.328084
57849.3273032 4533.793014 4544.938152
57849.327419 4385.690091 4394.551665
57849.3275463 4483.382118 4529.068518
57849.327662 5252.628835 5224.308321
57849.3277778 4292.03035 4308.211616
57849.3279051 4318.908386 4311.426412
57849.3280208 4269.546566 4268.892831
57849.3281366 4402.058691 4409.226242
57849.3282639 4296.668783 4302.509422
57849.3283796 4612.375652 4630.929795
