57849.036412 4852.26468165 4701.6288015
57849.0397454 4957.76775281 4804.24846442
57849.0404861 5094.60029963 4838.83033708
57849.0425231 4957.76775281 4804.24846442
57849.0432639 5094.60029963 4838.83033708
57849.0458449 4657.92164794 4512.33640449
57849.0612153 4417.20153558 4274.33071161
57849.0649306 4482.40842697 4337.9488764
57849.0656481 4639.34078652 4381.83029963
57849.0677083 4482.40842697 4337.9488764
57849.0684259 4639.34078652 4381.83029963
57849.0714583 4289.39374532 4148.82737828
57849.1000231 4059.74573034 3923.76404494
57849.1035532 4141.75576779 4004.15131086
57849.1043171 4260.73370787 4010.19340824
57849.106331 4141.75576779 4004.15131086
57849.1070949 4260.73370787 4010.19340824
57849.1098032 3978.03022472 3841.67569288
57849.1251273 3935.04745318 3797.08303371
57849.1294907 4008.75037453 3863.84580524
57849.1302315 4124.64011236 3868.07550562
57849.1322685 4008.75037453 3863.84580524
57849.1330093 4124.64011236 3868.07550562
57849.1351968 3888.34273408 3746.69801498
57849.1515741 3873.50659176 3731.90423221
57849.1548495 3938.22299625 3798.57022472
57849.1556366 4050.01258427 3797.34456929
57849.1576273 3938.22299625 3798.57022472
57849.1584144 4050.01258427 3797.34456929
57849.1611574 3815.62205993 3676.79337079
57849.1763889 3847.83247191 3706.76322097
57849.1822917 3919.24033708 3780.59041199
57849.1850694 3919.24033708 3780.59041199
57849.1861343 3801.81513109 3660.32299625
57849.202963 3842.07123596 3699.60074906
57849.2064931 3916.05670412 3780.817603
57849.2092708 3916.05670412 3780.817603
57849.2111574 3789.92636704 3646.82962547
57849.2250347 3864.82067416 3724.05490637
57849.2285069 3956.25303371 3821.88509363
57849.2292361 3996.40786517 3738.45794007
57849.2312847 3956.25303371 3821.88509363
57849.2320139 3996.40786517 3738.45794007
57849.23375 3823.49719101 3680.03602996
57849.250081 3914.09093633 3774.11820225
57849.253669 4026.54966292 3887.44404494
57849.2543981 4028.34205993 3765.2611236
57849.2564468 4026.54966292 3887.44404494
57849.2571759 4028.34205993 3765.2611236
57849.2583912 3853.93737828 3713.41707865
57849.2715162 4089.13086142 3950.26977528
57849.2722222 3971.21089888 3831.57108614
57849.2722454 4052.93438202 3791.31157303
57849.274294 4089.13086142 3950.26977528
57849.2750231 4052.93438202 3791.31157303
57849.280544 3895.6988015 3757.23213483
57849.2972338 4070.79659176 3938.01973783
57849.300706 4226.20479401 4090.95677903
57849.3014236 4102.00093633 3845.60655431
57849.3034838 4226.20479401 4090.95677903
57849.3042014 4102.00093633 3845.60655431
57849.3055787 3953.62666667 3820.1211236
57849.3197685 4211.33876404 4070.53569288
57849.3229167 4451.66644195 4303.40902622
57849.3236921 4193.39374532 3930.18097378
57849.3256944 4451.66644195 4303.40902622
57849.3264699 4193.39374532 3930.18097378
57849.3277894 4069.31898876 3934.49614232
