57848.1909838 128.98308663 0.0 128.98308663 0.0
57848.2014005 119.357640083 0.0 119.357640083 0.0
57848.2083449 114.083368705 0.0 114.083368705 0.0
57848.2215394 106.599077685 0.0 106.599077685 0.0
57848.2291782 131.336397275 0.0 131.336397275 0.0
57848.2347338 103.598903144 0.0 103.598903144 0.0
57848.2423727 118.169217497 0.0 118.169217497 0.0
57848.2479282 100.747953578 0.0 100.747953578 0.0
57848.2583449 109.954945728 0.0 109.954945728 0.0
57848.2639005 97.6910617382 0.0 97.6910617382 0.0
57848.2715394 104.378613206 0.0 104.378613206 0.0
57848.2770949 96.04803603 0.0 96.04803603 0.0
57848.2847338 101.134703382 0.0 101.134703382 0.0
57848.2902894 94.4718207982 0.0 94.4718207982 0.0
57848.2979282 98.4870534624 0.0 98.4870534624 0.0
57848.3111227 93.2560812853 0.0 93.2560812853 0.0
57848.3166782 95.766231894 0.0 95.766231894 0.0
57848.3243171 92.6098082094 0.0 92.6098082094 0.0
57848.3298727 95.1685717927 0.0 95.1685717927 0.0
57848.3375116 92.7394231198 0.0 92.7394231198 0.0
57848.3430671 94.344585965 0.0 94.344585965 0.0
57848.3534838 93.7698927844 0.0 93.7698927844 0.0
57848.3604282 93.8979063495 0.0 93.8979063495 0.0
57848.3673727 92.5773761271 0.0 92.5773761271 0.0
57848.3743171 93.8979063495 0.0 93.8979063495 0.0
57848.3805671 92.4800116379 0.0 92.4800116379 0.0
