57849.2209491 102.984401901 0.0 97.839132166 0.0
57849.2210764 83.9919562518 0.0 84.6515895303 0.0
57849.2211921 106.496876471 0.0 104.45698149 0.0
57849.2213079 84.2220198048 0.0 84.6973192433 0.0
57849.2214352 88.2533215862 0.0 87.5341694311 0.0
57849.2215278 86.2966894904 0.0 85.986184053 0.0
57849.2215509 84.4978625173 0.0 84.5520693597 0.0
57849.2216667 102.197454215 0.0 102.892886265 0.0
57849.221794 84.3567826141 0.0 84.6459434941 0.0
57849.2219097 92.6248685883 0.0 93.3565618904 0.0
57849.2220255 86.5391296524 0.0 86.3015539258 0.0
57849.2221528 92.2227068731 0.0 92.8369908226 0.0
57849.2222222 88.3016914447 0.0 88.5501575041 0.0
57849.2222685 84.8387658031 0.0 84.8036555226 0.0
57849.2223843 95.8989937538 0.0 95.7560700113 0.0
57849.2225116 97.791412082 0.0 97.7066590412 0.0
57849.2226273 99.7609726045 0.0 101.69023728 0.0
57849.2227431 86.748836142 0.0 86.4568251499 0.0
57849.2228704 90.4435208293 0.0 90.950748716 0.0
57849.2229167 95.0184153941 0.0 94.2644762888 0.0
57849.2459259 76.7742873754 0.0 76.7895461245 0.0
57849.2460532 76.5625845175 0.0 76.5650346111 0.0
57849.246169 77.570331661 0.0 77.6183896187 0.0
57849.2462847 78.0560934585 0.0 77.9352835948 0.0
57849.2464005 77.7948910533 0.0 77.8196010077 0.0
57849.2465278 76.7423678485 0.0 76.7852537405 0.0
57849.2466435 79.9993519474 0.0 80.4862993931 0.0
57849.2467593 77.1406263392 0.0 77.1691627465 0.0
57849.2468866 76.4262004485 0.0 76.4201064511 0.0
57849.2470023 77.4416994519 0.0 77.4692437616 0.0
57849.2471181 77.3995343332 0.0 77.2875857496 0.0
57849.2472222 78.6356800695 0.0 78.4714291637 0.0
57849.2472454 79.8970369601 0.0 79.6754787184 0.0
57849.2473611 78.5360122746 0.0 78.6967023578 0.0
57849.2474769 76.3770473048 0.0 76.5389780439 0.0
57849.2476042 77.6619023782 0.0 77.7041160428 0.0
57849.2477199 77.8853770614 0.0 77.8738562163 0.0
57849.2478356 76.7662383213 0.0 76.7593584588 0.0
57849.2479167 76.8390506448 0.0 76.7644250483 0.0
57849.2681597 73.109734858 0.0 73.0341820451 0.0
57849.2682755 73.1309375572 0.0 73.1171373004 0.0
57849.2683912 73.0660940519 0.0 73.0130767671 0.0
57849.2685185 72.7046363102 0.0 72.7205389832 0.0
57849.2686343 72.7528587686 0.0 72.7853706043 0.0
57849.26875 72.5406462406 0.0 72.5339020666 0.0
57849.2688657 72.7645166616 0.0 72.7757602434 0.0
57849.2689931 72.6770835752 0.0 72.6136331414 0.0
57849.2691088 72.8160014145 0.0 72.9014098355 0.0
57849.2692245 72.5033147863 0.0 72.5077998425 0.0
57849.2693519 72.87395567 0.0 72.9535924749 0.0
57849.2694444 72.9136764537 0.0 72.9346281131 0.0
57849.2694676 72.9693371218 0.0 72.9314997241 0.0
57849.2695833 72.5632628539 0.0 72.6015511336 0.0
57849.2697106 72.7013211022 0.0 72.6590300789 0.0
57849.2698264 72.9441737906 0.0 72.9772638772 0.0
57849.2699421 72.6810669776 0.0 72.6773619706 0.0
57849.2700694 73.2475128861 0.0 73.1677741017 0.0
57849.2701389 73.2060640726 0.0 73.0514187473 0.0
57849.293125 70.4863324269 0.0 70.509184579 0.0
57849.2932523 70.4825900702 0.0 70.4305926427 0.0
57849.2933681 70.2599374181 0.0 70.2831004296 0.0
57849.2934838 70.5260884283 0.0 70.5810983833 0.0
57849.2936111 70.3085878112 0.0 70.2917846195 0.0
57849.2937269 70.3733926211 0.0 70.3506426836 0.0
57849.29375 70.3626981859 0.0 70.3559378731 0.0
57849.2938426 70.3438772389 0.0 70.3531054752 0.0
57849.2939699 70.883291515 0.0 70.8722018707 0.0
57849.2940856 70.445106544 0.0 70.5585463286 0.0
57849.2942014 70.1903637546 0.0 70.2303733936 0.0
57849.2943287 70.4721282068 0.0 70.4660150569 0.0
57849.2944444 71.0350556627 0.0 70.9739901161 0.0
57849.2945602 70.9967907585 0.0 71.1998348594 0.0
57849.2946875 70.9213355768 0.0 71.0646003225 0.0
57849.2948032 70.2270748572 0.0 70.2198229847 0.0
57849.294919 70.4393985494 0.0 70.4120349443 0.0
57849.2950463 70.3566243221 0.0 70.2896346697 0.0
57849.2951389 70.7157744566 0.0 70.6388721739 0.0
57849.3153588 69.016159586 0.0 69.0115920987 0.0
57849.3154745 69.3114551211 0.0 69.3180272512 0.0
57849.3155903 69.4755663885 0.0 69.627014075 0.0
57849.3157176 69.0532518713 0.0 69.0502025631 0.0
57849.3158333 69.0116691872 0.0 69.1330732718 0.0
57849.3159491 69.2272766473 0.0 69.1786277112 0.0
57849.3159722 69.1133818157 0.0 69.1330135464 0.0
57849.3160764 68.9818949653 0.0 69.0692538254 0.0
57849.3161921 69.0292508289 0.0 69.0754047328 0.0
57849.3163079 68.8928573003 0.0 68.8715379529 0.0
57849.3164352 68.8391707823 0.0 68.8157344726 0.0
57849.3165509 68.8545007244 0.0 68.9183868137 0.0
57849.3166667 68.8660212296 0.0 68.8759214312 0.0
57849.316794 69.1912605464 0.0 69.1366666538 0.0
57849.3169097 68.7245584417 0.0 68.7611150942 0.0
57849.3170255 68.7565789361 0.0 68.7540831442 0.0
57849.3171528 68.7360321811 0.0 68.758373221 0.0
57849.3172685 69.6037187009 0.0 69.6621135338 0.0
57849.3173611 69.3994343277 0.0 69.5245111238 0.0
