57849.0320255 8.34571746466 0.0 8.34571746466 0.0
57849.0320602 8.24202644985 0.0 8.24202644985 0.0
57849.0321065 8.16492498435 0.0 8.16492498435 0.0
57849.0321644 8.29891559181 0.0 8.29891559181 0.0
57849.0322338 8.39327111441 0.0 8.39327111441 0.0
57849.0322801 8.16780264208 0.0 8.16780264208 0.0
57849.0323148 8.27357238441 0.0 8.27357238441 0.0
57849.0323727 8.13019064967 0.0 8.13019064967 0.0
57849.0324421 8.03174949809 0.0 8.03174949809 0.0
57849.0324884 8.17012851796 0.0 8.17012851796 0.0
57849.0325347 8.29361199961 0.0 8.29361199961 0.0
57849.032581 8.41641253742 0.0 8.41641253742 0.0
57849.0326505 8.40934004545 0.0 8.40934004545 0.0
57849.0326968 8.07848995791 0.0 8.07848995791 0.0
57849.0327431 8.09462784815 0.0 8.09462784815 0.0
57849.0327894 8.1891391489 0.0 8.1891391489 0.0
57849.0328588 8.11880533084 0.0 8.11880533084 0.0
57849.0329051 8.08529529455 0.0 8.08529529455 0.0
57849.0329514 8.13148202974 0.0 8.13148202974 0.0
57849.0329977 8.10333264774 0.0 8.10333264774 0.0
57849.0330671 8.06740354761 0.0 8.06740354761 0.0
57849.0331134 8.15469190099 0.0 8.15469190099 0.0
57849.0331713 8.08084154033 0.0 8.08084154033 0.0
57849.033206 8.0777472107 0.0 8.0777472107 0.0
57849.0332755 8.0540052148 0.0 8.0540052148 0.0
57849.0333218 7.98448495521 0.0 7.98448495521 0.0
57849.0333796 7.99481081702 0.0 7.99481081702 0.0
57849.0334259 8.05661219124 0.0 8.05661219124 0.0
57849.0334954 8.13474031546 0.0 8.13474031546 0.0
57849.0335417 8.0362926776 0.0 8.0362926776 0.0
57849.033588 8.00118741188 0.0 8.00118741188 0.0
57849.0336343 8.02527258104 0.0 8.02527258104 0.0
57849.0337037 8.00337428839 0.0 8.00337428839 0.0
57849.03375 8.12699206349 0.0 8.12699206349 0.0
57849.0337963 8.06250581395 0.0 8.06250581395 0.0
57849.0338426 8.0877067207 0.0 8.0877067207 0.0
57849.033912 8.06380803343 0.0 8.06380803343 0.0
57849.0339583 8.11412348932 0.0 8.11412348932 0.0
57849.0340046 8.08486239833 0.0 8.08486239833 0.0
57849.0570255 7.56300204945 0.0 7.56300204945 0.0
57849.0570602 7.54499834327 0.0 7.54499834327 0.0
57849.0571065 7.61859567112 0.0 7.61859567112 0.0
57849.0571644 7.60111833877 0.0 7.60111833877 0.0
57849.0572338 7.74080099215 0.0 7.74080099215 0.0
57849.0572801 7.51185729364 0.0 7.51185729364 0.0
57849.0573148 7.48378246611 0.0 7.48378246611 0.0
57849.0573727 7.4568760215 0.0 7.4568760215 0.0
57849.0574421 7.46565469333 0.0 7.46565469333 0.0
57849.0574884 7.52655299589 0.0 7.52655299589 0.0
57849.0575347 7.62456556139 0.0 7.62456556139 0.0
57849.057581 7.80365299075 0.0 7.80365299075 0.0
57849.0576505 7.81492162469 0.0 7.81492162469 0.0
57849.0576968 7.5057311436 0.0 7.5057311436 0.0
57849.0577431 7.45137571191 0.0 7.45137571191 0.0
57849.0577894 7.44922814794 0.0 7.44922814794 0.0
57849.0578588 7.51711380784 0.0 7.51711380784 0.0
57849.0579051 7.52515780565 0.0 7.52515780565 0.0
57849.0579514 7.49579882334 0.0 7.49579882334 0.0
57849.0579977 7.50859507498 0.0 7.50859507498 0.0
57849.0580671 7.43881711027 0.0 7.43881711027 0.0
57849.0581134 7.49593223022 0.0 7.49593223022 0.0
57849.0581713 7.45620546927 0.0 7.45620546927 0.0
57849.058206 7.43612802472 0.0 7.43612802472 0.0
57849.0582755 7.43417782946 0.0 7.43417782946 0.0
57849.0583218 7.44721424427 0.0 7.44721424427 0.0
57849.0583796 7.43982526677 0.0 7.43982526677 0.0
57849.0584259 7.48237930073 0.0 7.48237930073 0.0
57849.0584954 7.58986165882 0.0 7.58986165882 0.0
57849.0585417 7.465319819 0.0 7.465319819 0.0
57849.058588 7.45258344469 0.0 7.45258344469 0.0
57849.0586343 7.45352265711 0.0 7.45352265711 0.0
57849.0587037 7.43236167042 0.0 7.43236167042 0.0
57849.05875 7.4033100705 0.0 7.4033100705 0.0
57849.0587963 7.3780078612 0.0 7.3780078612 0.0
57849.0588426 7.40256712229 0.0 7.40256712229 0.0
57849.058912 7.41565910759 0.0 7.41565910759 0.0
57849.0589583 7.39452500165 0.0 7.39452500165 0.0
57849.0590046 2.21765642064 0.0 2.21765642064 0.0
57849.0820255 7.2447222169 0.0 7.2447222169 0.0
57849.0820602 7.2985615021 0.0 7.2985615021 0.0
57849.0821065 7.23685014354 0.0 7.23685014354 0.0
57849.0821644 7.28409225642 0.0 7.28409225642 0.0
57849.0822338 7.24837912916 0.0 7.24837912916 0.0
57849.0822801 7.17523518778 0.0 7.17523518778 0.0
57849.0823148 7.20714922837 0.0 7.20714922837 0.0
57849.0823727 7.19659641775 0.0 7.19659641775 0.0
57849.0824421 7.17781303741 0.0 7.17781303741 0.0
57849.0824884 7.15681493403 0.0 7.15681493403 0.0
57849.0825347 7.10788294783 0.0 7.10788294783 0.0
57849.082581 7.23553729864 0.0 7.23553729864 0.0
57849.0826505 7.4047957433 0.0 7.4047957433 0.0
57849.0826968 7.26801210786 0.0 7.26801210786 0.0
57849.0827431 7.3396185187 0.0 7.3396185187 0.0
57849.0827894 7.22696340104 0.0 7.22696340104 0.0
57849.0828588 7.24734434121 0.0 7.24734434121 0.0
57849.0829051 7.13967786388 0.0 7.13967786388 0.0
57849.0829514 7.15611626513 0.0 7.15611626513 0.0
57849.0829977 7.26904395364 0.0 7.26904395364 0.0
57849.0830671 7.50279947753 0.0 7.50279947753 0.0
57849.0831134 7.59341820263 0.0 7.59341820263 0.0
57849.0831713 7.64715633422 0.0 7.64715633422 0.0
57849.083206 7.37692347798 0.0 7.37692347798 0.0
57849.0832755 7.16344889002 0.0 7.16344889002 0.0
57849.0833218 7.34989795848 0.0 7.34989795848 0.0
57849.0833796 7.26168024633 0.0 7.26168024633 0.0
57849.0834259 7.19096655534 0.0 7.19096655534 0.0
57849.0834954 7.13225069666 0.0 7.13225069666 0.0
57849.0835417 7.14114836703 0.0 7.14114836703 0.0
57849.083588 7.17621069925 0.0 7.17621069925 0.0
57849.0836343 7.22682502902 0.0 7.22682502902 0.0
57849.0837037 7.15946925407 0.0 7.15946925407 0.0
57849.08375 7.13967786388 0.0 7.13967786388 0.0
57849.0837963 7.12523683817 0.0 7.12523683817 0.0
57849.0838426 7.11863751009 0.0 7.11863751009 0.0
57849.083912 7.137646671 0.0 7.137646671 0.0
57849.0839583 7.08512526354 0.0 7.08512526354 0.0
57849.0840046 2.53850349616 0.0 2.53850349616 0.0
57849.1209144 6.91997109821 0.0 6.91997109821 0.0
57849.1209491 6.83929820961 0.0 6.83929820961 0.0
57849.1209954 6.85025546969 0.0 6.85025546969 0.0
57849.1210532 6.85995626808 0.0 6.85995626808 0.0
57849.1211227 6.87560906393 0.0 6.87560906393 0.0
57849.121169 6.83037334265 0.0 6.83037334265 0.0
57849.1212037 6.88549199404 0.0 6.88549199404 0.0
57849.1212616 6.94391820228 0.0 6.94391820228 0.0
57849.121331 6.90702540896 0.0 6.90702540896 0.0
57849.1213773 6.82326901126 0.0 6.82326901126 0.0
57849.1214236 6.81989735993 0.0 6.81989735993 0.0
57849.1214699 6.82107029725 0.0 6.82107029725 0.0
57849.1215394 6.81549704717 0.0 6.81549704717 0.0
57849.1215856 6.81535032115 0.0 6.81535032115 0.0
57849.1216319 6.82627277509 0.0 6.82627277509 0.0
57849.1216782 6.83395932092 0.0 6.83395932092 0.0
57849.1217477 6.834398291 0.0 6.834398291 0.0
57849.121794 6.81909084849 0.0 6.81909084849 0.0
57849.1218403 6.82634602112 0.0 6.82634602112 0.0
57849.1218866 6.82663899734 0.0 6.82663899734 0.0
57849.121956 6.82304917174 0.0 6.82304917174 0.0
57849.1220023 6.83212997534 0.0 6.83212997534 0.0
57849.1220602 6.85040144809 0.0 6.85040144809 0.0
57849.1220949 6.86447375987 0.0 6.86447375987 0.0
57849.1221644 6.85718601177 0.0 6.85718601177 0.0
57849.1222106 6.81131411697 0.0 6.81131411697 0.0
57849.1222685 6.81615727518 0.0 6.81615727518 0.0
57849.1223148 6.81579048974 0.0 6.81579048974 0.0
57849.1223843 6.81424977529 0.0 6.81424977529 0.0
57849.1224306 6.81476338547 0.0 6.81476338547 0.0
57849.1224769 6.81967741173 0.0 6.81967741173 0.0
57849.1225231 6.82319573221 0.0 6.82319573221 0.0
57849.1225926 6.81153433523 0.0 6.81153433523 0.0
57849.1226389 6.80521858576 0.0 6.80521858576 0.0
57849.1226852 6.79977940819 0.0 6.79977940819 0.0
57849.1227315 6.80294054068 0.0 6.80294054068 0.0
57849.1228009 6.81953077565 0.0 6.81953077565 0.0
57849.1228472 6.82129020054 0.0 6.82129020054 0.0
57849.1228935 1.03585713301 0.0 1.03585713301 0.0
57849.1473032 6.76343108193 0.0 6.76343108193 0.0
57849.147338 6.73023030809 0.0 6.73023030809 0.0
57849.1473843 6.72011904656 0.0 6.72011904656 0.0
57849.1474421 6.72093743461 0.0 6.72093743461 0.0
57849.1475116 6.71245111714 0.0 6.71245111714 0.0
57849.1475579 6.71542999368 0.0 6.71542999368 0.0
57849.1475926 6.71416413264 0.0 6.71416413264 0.0
57849.1476505 6.72264828769 0.0 6.72264828769 0.0
57849.1477199 6.70991803229 0.0 6.70991803229 0.0
57849.1477662 6.71431306985 0.0 6.71431306985 0.0
57849.1478125 6.71513216549 0.0 6.71513216549 0.0
57849.1478588 6.71475986168 0.0 6.71475986168 0.0
57849.1479282 6.71915173218 0.0 6.71915173218 0.0
57849.1479745 6.72302015466 0.0 6.72302015466 0.0
57849.1480208 6.71185518318 0.0 6.71185518318 0.0
57849.1480671 6.71043962792 0.0 6.71043962792 0.0
57849.1481366 6.71133369756 0.0 6.71133369756 0.0
57849.1481829 6.71103568758 0.0 6.71103568758 0.0
57849.1482292 6.7158767112 0.0 6.7158767112 0.0
57849.1482755 6.72420999077 0.0 6.72420999077 0.0
57849.1483449 6.72703500808 0.0 6.72703500808 0.0
57849.1483912 6.72168133728 0.0 6.72168133728 0.0
57849.1484491 6.72733230932 0.0 6.72733230932 0.0
57849.1484838 6.72651469931 0.0 6.72651469931 0.0
57849.1485532 6.7207886442 0.0 6.7207886442 0.0
57849.1485995 6.72629169751 0.0 6.72629169751 0.0
57849.1486574 6.73542871687 0.0 6.73542871687 0.0
57849.1487037 6.73624524494 0.0 6.73624524494 0.0
57849.1487731 6.74403440086 0.0 6.74403440086 0.0
57849.1488194 6.72249953514 0.0 6.72249953514 0.0
57849.1488657 6.72205325775 0.0 6.72205325775 0.0
57849.148912 6.72807550493 0.0 6.72807550493 0.0
57849.1489815 6.73305279944 0.0 6.73305279944 0.0
57849.1490278 6.73223588416 0.0 6.73223588416 0.0
57849.1490741 6.74944442158 0.0 6.74944442158 0.0
57849.1491204 6.75810624362 0.0 6.75810624362 0.0
57849.1491898 6.75965975475 0.0 6.75965975475 0.0
57849.1492361 6.75980768957 0.0 6.75980768957 0.0
57849.1492824 6.77709377241 0.0 6.77709377241 0.0
57849.1723032 6.74670289845 0.0 6.74670289845 0.0
57849.172338 6.71900290222 0.0 6.71900290222 0.0
57849.1723843 6.69932832454 0.0 6.69932832454 0.0
57849.1724421 6.69723823677 0.0 6.69723823677 0.0
57849.1725116 6.69813406853 0.0 6.69813406853 0.0
57849.1725579 6.69791012182 0.0 6.69791012182 0.0
57849.1725926 6.70238763427 0.0 6.70238763427 0.0
57849.1726505 6.70149237111 0.0 6.70149237111 0.0
57849.1727199 6.70276062529 0.0 6.70276062529 0.0
57849.1727662 6.70350654509 0.0 6.70350654509 0.0
57849.1728125 6.70425238188 0.0 6.70425238188 0.0
57849.1728588 6.70529641403 0.0 6.70529641403 0.0
57849.1729282 6.70141776044 0.0 6.70141776044 0.0
57849.1729745 6.69813406853 0.0 6.69813406853 0.0
57849.1730208 6.69649161875 0.0 6.69649161875 0.0
57849.1730671 6.69544621366 0.0 6.69544621366 0.0
57849.1731366 6.69805942046 0.0 6.69805942046 0.0
57849.1731829 6.70097007903 0.0 6.70097007903 0.0
57849.1732292 6.70283522101 0.0 6.70283522101 0.0
57849.1732755 6.70305900317 0.0 6.70305900317 0.0
57849.1733449 6.70253683317 0.0 6.70253683317 0.0
57849.1733912 6.69940295847 0.0 6.69940295847 0.0
57849.1734491 6.69753686067 0.0 6.69753686067 0.0
57849.1734838 6.69962685528 0.0 6.69962685528 0.0
57849.1735532 6.69626761711 0.0 6.69626761711 0.0
57849.1735995 6.70410322116 0.0 6.70410322116 0.0
57849.1736574 6.70111930949 0.0 6.70111930949 0.0
57849.1737037 6.70111930949 0.0 6.70111930949 0.0
57849.1737731 6.70223843205 0.0 6.70223843205 0.0
57849.1738194 6.70932187333 0.0 6.70932187333 0.0
57849.1738657 6.70880019079 0.0 6.70880019079 0.0
57849.173912 6.70246223413 0.0 6.70246223413 0.0
57849.1739815 6.69783547125 0.0 6.69783547125 0.0
57849.1740278 6.69761151456 0.0 6.69761151456 0.0
57849.1740741 6.69649161875 0.0 6.69649161875 0.0
57849.1741204 6.69649161875 0.0 6.69649161875 0.0
57849.1741898 6.69805942046 0.0 6.69805942046 0.0
57849.1742361 6.70044774623 0.0 6.70044774623 0.0
57849.1742824 0.817312669668 0.0 0.817312669668 0.0
57849.1986227 6.83564188647 0.0 6.83564188647 0.0
57849.1986921 6.75951181669 0.0 6.75951181669 0.0
57849.1987384 6.71766328421 0.0 6.71766328421 0.0
57849.1987731 6.69305610316 0.0 6.69305610316 0.0
57849.198831 6.69245844216 0.0 6.69245844216 0.0
57849.1989005 6.69178600973 0.0 6.69178600973 0.0
57849.1989468 6.69245844216 0.0 6.69245844216 0.0
57849.1989931 6.70537098153 0.0 6.70537098153 0.0
57849.1990394 6.70552011406 0.0 6.70552011406 0.0
57849.1991088 6.69888050349 0.0 6.69888050349 0.0
57849.1991551 6.70059698833 0.0 6.70059698833 0.0
57849.1992014 6.69499813293 0.0 6.69499813293 0.0
57849.1992477 6.69544621366 0.0 6.69544621366 0.0
57849.1993171 6.70059698833 0.0 6.70059698833 0.0
57849.1993634 6.69940295847 0.0 6.69940295847 0.0
57849.1994097 6.70201462248 0.0 6.70201462248 0.0
57849.199456 6.70402863956 0.0 6.70402863956 0.0
57849.1995255 6.7067876066 0.0 6.7067876066 0.0
57849.1995718 6.70126853663 0.0 6.70126853663 0.0
57849.1996296 6.7 0.0 6.7 0.0
57849.1996644 6.704326961 0.0 6.704326961 0.0
57849.1997338 6.70947091804 0.0 6.70947091804 0.0
57849.1997801 6.69544621366 0.0 6.69544621366 0.0
57849.199838 6.69731289399 0.0 6.69731289399 0.0
57849.1998843 6.70253683317 0.0 6.70253683317 0.0
57849.1999537 6.70305900317 0.0 6.70305900317 0.0
57849.1999884 6.69365371079 0.0 6.69365371079 0.0
57849.2000463 6.69925368978 0.0 6.69925368978 0.0
57849.2000926 6.70894924709 0.0 6.70894924709 0.0
57849.200162 6.70589293085 0.0 6.70589293085 0.0
57849.2002083 6.69783547125 0.0 6.69783547125 0.0
57849.2002546 6.69947759157 0.0 6.69947759157 0.0
57849.2003009 6.69977611566 0.0 6.69977611566 0.0
57849.2003704 6.69835800775 0.0 6.69835800775 0.0
57849.2004167 6.6949234499 0.0 6.6949234499 0.0
57849.200463 6.69977611566 0.0 6.69977611566 0.0
57849.2005093 6.70134314895 0.0 6.70134314895 0.0
57849.2005787 6.69723823677 0.0 6.69723823677 0.0
57849.200625 6.69268257129 0.0 6.69268257129 0.0
57849.2006713 6.69686493816 0.0 6.69686493816 0.0
57849.2208449 6.85922736174 0.0 6.85922736174 0.0
57849.2209144 6.78608871147 0.0 6.78608871147 0.0
57849.2209606 6.76121290894 0.0 6.76121290894 0.0
57849.2209954 6.7394361782 0.0 6.7394361782 0.0
57849.2210532 6.74640645084 0.0 6.74640645084 0.0
57849.2211227 6.74307051721 0.0 6.74307051721 0.0
57849.221169 6.73765537854 0.0 6.73765537854 0.0
57849.2212153 6.74203233454 0.0 6.74203233454 0.0
57849.2212616 6.73008172313 0.0 6.73008172313 0.0
57849.221331 6.72562264776 0.0 6.72562264776 0.0
57849.2213773 6.73542871687 0.0 6.73542871687 0.0
57849.2214236 6.73305279944 0.0 6.73305279944 0.0
57849.2214699 6.73037888978 0.0 6.73037888978 0.0
57849.2215394 6.72941305018 0.0 6.72941305018 0.0
57849.2215856 6.72116061406 0.0 6.72116061406 0.0
57849.2216319 6.72413563218 0.0 6.72413563218 0.0
57849.2216782 6.72480482988 0.0 6.72480482988 0.0
57849.2217477 6.72406127277 0.0 6.72406127277 0.0
57849.221794 6.72041665375 0.0 6.72041665375 0.0
57849.2218519 6.72354073387 0.0 6.72354073387 0.0
57849.2218866 6.72473047787 0.0 6.72473047787 0.0
57849.221956 6.72762959741 0.0 6.72762959741 0.0
57849.2220023 6.72941305018 0.0 6.72941305018 0.0
57849.2220602 6.72420999077 0.0 6.72420999077 0.0
57849.2221065 6.7244330616 0.0 6.7244330616 0.0
57849.2221759 6.73008172313 0.0 6.73008172313 0.0
57849.2222106 6.73431510994 0.0 6.73431510994 0.0
57849.2222685 6.74366369268 0.0 6.74366369268 0.0
57849.2223148 6.73253295573 0.0 6.73253295573 0.0
57849.2223843 6.7334240918 0.0 6.7334240918 0.0
57849.2224306 6.71691893654 0.0 6.71691893654 0.0
57849.2224769 6.71758885315 0.0 6.71758885315 0.0
57849.2225231 6.71937497093 0.0 6.71937497093 0.0
57849.2225926 6.71885406896 0.0 6.71885406896 0.0
57849.2226389 6.72406127277 0.0 6.72406127277 0.0
57849.2226852 6.72257391183 0.0 6.72257391183 0.0
57849.2227315 6.72086303982 0.0 6.72086303982 0.0
57849.2228009 6.71438753722 0.0 6.71438753722 0.0
57849.2228472 6.71438753722 0.0 6.71438753722 0.0
57849.2228935 6.72101182859 0.0 6.72101182859 0.0
57849.2458449 6.854852296 0.0 6.854852296 0.0
57849.2459144 6.80676134443 0.0 6.80676134443 0.0
57849.2459606 6.76882559976 0.0 6.76882559976 0.0
57849.2459954 6.75277720645 0.0 6.75277720645 0.0
57849.2460532 6.75233293018 0.0 6.75233293018 0.0
57849.2461227 6.75181457091 0.0 6.75181457091 0.0
57849.246169 6.75144428993 0.0 6.75144428993 0.0
57849.2462153 6.75351760196 0.0 6.75351760196 0.0
57849.2462616 6.76202632352 0.0 6.76202632352 0.0
57849.246331 6.76742196113 0.0 6.76742196113 0.0
57849.2463773 6.75551626451 0.0 6.75551626451 0.0
57849.2464236 6.75522020366 0.0 6.75522020366 0.0
57849.2464699 6.75810624362 0.0 6.75810624362 0.0
57849.2465394 6.76136080978 0.0 6.76136080978 0.0
57849.2465856 6.76771748819 0.0 6.76771748819 0.0
57849.2466319 6.77281330025 0.0 6.77281330025 0.0
57849.2466782 6.76335715455 0.0 6.76335715455 0.0
57849.2467477 6.75625635985 0.0 6.75625635985 0.0
57849.246794 6.770450502 0.0 6.770450502 0.0
57849.2468519 6.76941651843 0.0 6.76941651843 0.0
57849.2468866 6.75906798309 0.0 6.75906798309 0.0
57849.246956 6.75847615961 0.0 6.75847615961 0.0
57849.2470023 6.75610834727 0.0 6.75610834727 0.0
57849.2470602 6.75596033144 0.0 6.75596033144 0.0
57849.2471065 6.76483554863 0.0 6.76483554863 0.0
57849.2471759 6.75781029624 0.0 6.75781029624 0.0
57849.2472106 6.76402247187 0.0 6.76402247187 0.0
57849.2472685 6.76749584411 0.0 6.76749584411 0.0
57849.2473148 6.77665109032 0.0 6.77665109032 0.0
57849.2473843 6.77392057822 0.0 6.77392057822 0.0
57849.2474306 6.76483554863 0.0 6.76483554863 0.0
57849.2474769 6.77229650857 0.0 6.77229650857 0.0
57849.2475231 6.76897333427 0.0 6.76897333427 0.0
57849.2475926 6.76550072057 0.0 6.76550072057 0.0
57849.2476389 6.76705253415 0.0 6.76705253415 0.0
57849.2476852 6.76985967358 0.0 6.76985967358 0.0
57849.2477315 6.77761019829 0.0 6.77761019829 0.0
57849.2478009 6.76616582711 0.0 6.76616582711 0.0
57849.2478472 6.76683086829 0.0 6.76683086829 0.0
57849.2478935 6.77606080256 0.0 6.77606080256 0.0
57849.2680671 6.94377418988 0.0 6.94377418988 0.0
57849.2681366 6.91216319252 0.0 6.91216319252 0.0
57849.2681829 6.8622882481 0.0 6.8622882481 0.0
57849.2682176 6.8570401778 0.0 6.8570401778 0.0
57849.2682755 6.87299061545 0.0 6.87299061545 0.0
57849.2683449 6.90297037514 0.0 6.90297037514 0.0
57849.2683912 6.86534776978 0.0 6.86534776978 0.0
57849.2684375 6.85368514013 0.0 6.85368514013 0.0
57849.2684838 6.8751727251 0.0 6.8751727251 0.0
57849.2685532 6.88549199404 0.0 6.88549199404 0.0
57849.2685995 6.85959182459 0.0 6.85959182459 0.0
57849.2686458 6.85259075095 0.0 6.85259075095 0.0
57849.2686921 6.85383104548 0.0 6.85383104548 0.0
57849.2687616 6.87808112776 0.0 6.87808112776 0.0
57849.2688079 6.84470598346 0.0 6.84470598346 0.0
57849.2688542 6.84864950191 0.0 6.84864950191 0.0
57849.2689005 6.85324740543 0.0 6.85324740543 0.0
57849.2689699 6.87844459162 0.0 6.87844459162 0.0
57849.2690162 6.84974452078 0.0 6.84974452078 0.0
57849.2690741 6.84748128877 0.0 6.84748128877 0.0
57849.2691088 6.86075797562 0.0 6.86075797562 0.0
57849.2691782 6.88846862517 0.0 6.88846862517 0.0
57849.2692245 6.87088058403 0.0 6.87088058403 0.0
57849.2692824 6.88178755848 0.0 6.88178755848 0.0
57849.2693287 6.90601187372 0.0 6.90601187372 0.0
57849.2693981 6.8970283456 0.0 6.8970283456 0.0
57849.2694329 6.85142320982 0.0 6.85142320982 0.0
57849.2694907 6.87197206048 0.0 6.87197206048 0.0
57849.269537 6.88178755848 0.0 6.88178755848 0.0
57849.2696065 6.90347738462 0.0 6.90347738462 0.0
57849.2696528 6.85127725318 0.0 6.85127725318 0.0
57849.2696991 6.85733184263 0.0 6.85733184263 0.0
57849.2697454 6.84791939205 0.0 6.84791939205 0.0
57849.2698148 6.85310148765 0.0 6.85310148765 0.0
57849.2698611 6.86869711081 0.0 6.86869711081 0.0
57849.2699074 6.86272540613 0.0 6.86272540613 0.0
57849.2699537 6.87546362073 0.0 6.87546362073 0.0
57849.2700231 6.8444137806 0.0 6.8444137806 0.0
57849.2700694 6.85580046384 0.0 6.85580046384 0.0
57849.2701157 6.84572859526 0.0 6.84572859526 0.0
57849.2931366 7.14219854107 0.0 7.14219854107 0.0
57849.2931713 7.05754914967 0.0 7.05754914967 0.0
57849.2932176 7.03725798873 0.0 7.03725798873 0.0
57849.2932755 7.04066758198 0.0 7.04066758198 0.0
57849.2933449 7.04080961254 0.0 7.04080961254 0.0
57849.2933912 7.02879790576 0.0 7.02879790576 0.0
57849.2934259 7.03498400851 0.0 7.03498400851 0.0
57849.2934838 7.03043384152 0.0 7.03043384152 0.0
57849.2935532 7.03228270194 0.0 7.03228270194 0.0
57849.2935995 7.04698517098 0.0 7.04698517098 0.0
57849.2936458 7.06087813236 0.0 7.06087813236 0.0
57849.2936921 7.04592080569 0.0 7.04592080569 0.0
57849.2937616 7.04804937554 0.0 7.04804937554 0.0
57849.2938079 7.03761323177 0.0 7.03761323177 0.0
57849.2938542 7.04336567274 0.0 7.04336567274 0.0
57849.2939005 7.04293972713 0.0 7.04293972713 0.0
57849.2939699 7.03761323177 0.0 7.03761323177 0.0
57849.2940162 7.03299367268 0.0 7.03299367268 0.0
57849.2940625 7.15639574087 0.0 7.15639574087 0.0
57849.2941088 7.11449225174 0.0 7.11449225174 0.0
57849.2941782 7.12341210376 0.0 7.12341210376 0.0
57849.2942245 7.08540753944 0.0 7.08540753944 0.0
57849.2942824 7.09506871003 0.0 7.09506871003 0.0
57849.2943171 7.05535257801 0.0 7.05535257801 0.0
57849.2943866 7.04776560337 0.0 7.04776560337 0.0
57849.2944329 7.0333491311 0.0 7.0333491311 0.0
57849.2944907 7.03661850607 0.0 7.03661850607 0.0
57849.294537 7.05216278882 0.0 7.05216278882 0.0
57849.2946065 7.07679305901 0.0 7.07679305901 0.0
57849.2946528 7.10605375718 0.0 7.10605375718 0.0
57849.2946991 7.10957101378 0.0 7.10957101378 0.0
57849.2947454 7.11709210282 0.0 7.11709210282 0.0
57849.2948148 7.10429447588 0.0 7.10429447588 0.0
57849.2948611 7.06477175852 0.0 7.06477175852 0.0
57849.2949074 7.11104774277 0.0 7.11104774277 0.0
57849.2949537 7.1475170514 0.0 7.1475170514 0.0
57849.2950231 7.09802789513 0.0 7.09802789513 0.0
57849.2950694 7.09704163719 0.0 7.09704163719 0.0
57849.2951157 7.10429447588 0.0 7.10429447588 0.0
57849.3153588 7.39844578273 0.0 7.39844578273 0.0
57849.3153935 7.35554212822 0.0 7.35554212822 0.0
57849.3154398 7.33805151249 0.0 7.33805151249 0.0
57849.3154977 7.3415938324 0.0 7.3415938324 0.0
57849.3155671 7.34418137031 0.0 7.34418137031 0.0
57849.3156134 7.35309458663 0.0 7.35309458663 0.0
57849.3156481 7.3442494511 0.0 7.3442494511 0.0
57849.315706 7.69915579788 0.0 7.69915579788 0.0
57849.3157755 7.37068517846 0.0 7.37068517846 0.0
57849.3158218 7.36410211771 0.0 7.36410211771 0.0
57849.3158681 8.97201203744 0.0 8.97201203744 0.0
57849.3159144 8.02882307689 0.0 8.02882307689 0.0
57849.3159838 8.07359894966 0.0 8.07359894966 0.0
57849.3160301 7.35955161678 0.0 7.35955161678 0.0
57849.3160764 7.38572948327 0.0 7.38572948327 0.0
57849.3161227 7.73285199651 0.0 7.73285199651 0.0
57849.3161921 7.37753346316 0.0 7.37753346316 0.0
57849.3162384 7.3862033549 0.0 7.3862033549 0.0
57849.3162847 7.39310489578 0.0 7.39310489578 0.0
57849.316331 7.39371354598 0.0 7.39371354598 0.0
57849.3164005 7.42185960525 0.0 7.42185960525 0.0
57849.3164468 7.36613874428 0.0 7.36613874428 0.0
57849.3165046 7.36810694819 0.0 7.36810694819 0.0
57849.3165394 7.70798287492 0.0 7.70798287492 0.0
57849.3166088 7.36389842407 0.0 7.36389842407 0.0
57849.3166551 7.70733416948 0.0 7.70733416948 0.0
57849.316713 7.38065037785 0.0 7.38065037785 0.0
57849.3167593 7.74712850029 0.0 7.74712850029 0.0
57849.3168287 7.75016128864 0.0 7.75016128864 0.0
57849.316875 8.07489938018 0.0 8.07489938018 0.0
57849.3169213 8.07954206623 0.0 8.07954206623 0.0
57849.3169676 7.40715869953 0.0 7.40715869953 0.0
57849.317037 7.38153100651 0.0 7.38153100651 0.0
57849.3170833 7.39560680404 0.0 7.39560680404 0.0
57849.3171296 7.38322422794 0.0 7.38322422794 0.0
57849.3171759 7.38010840029 0.0 7.38010840029 0.0
57849.3172454 7.37794009192 0.0 7.37794009192 0.0
57849.3172917 7.38633874122 0.0 7.38633874122 0.0
57849.317338 7.74977419026 0.0 7.74977419026 0.0
