57849.6479977 7.18303557001 0.0 7.18303557001 0.0
57849.6480324 7.94449494933 0.0 7.94449494933 0.0
57849.6480787 7.80570304329 0.0 7.80570304329 0.0
57849.6481366 7.40256712229 0.0 7.40256712229 0.0
57849.648206 7.33600708833 0.0 7.33600708833 0.0
57849.6482523 7.57515676405 0.0 7.57515676405 0.0
57849.648287 8.03567047607 0.0 8.03567047607 0.0
57849.6483449 7.98592511861 0.0 7.98592511861 0.0
57849.6484144 7.16386767047 0.0 7.16386767047 0.0
57849.6484606 7.7195854811 0.0 7.7195854811 0.0
57849.6485069 8.00462366386 0.0 8.00462366386 0.0
57849.6485532 7.67267880209 0.0 7.67267880209 0.0
57849.6486227 7.1871412954 0.0 7.1871412954 0.0
57849.648669 7.50659709855 0.0 7.50659709855 0.0
57849.6487153 7.38037939404 0.0 7.38037939404 0.0
57849.6487616 7.29568365542 0.0 7.29568365542 0.0
57849.648831 7.24858606902 0.0 7.24858606902 0.0
57849.6488773 7.31375416595 0.0 7.31375416595 0.0
57849.6489236 7.45023489563 0.0 7.45023489563 0.0
57849.6489699 7.48217882705 0.0 7.48217882705 0.0
57849.6490394 7.68823776948 0.0 7.68823776948 0.0
57849.6490856 7.18261790714 0.0 7.18261790714 0.0
57849.6491435 7.31238675126 0.0 7.31238675126 0.0
57849.6491782 7.52509136157 0.0 7.52509136157 0.0
57849.6492477 8.0088700826 0.0 8.0088700826 0.0
57849.649294 7.56035713442 0.0 7.56035713442 0.0
57849.6493519 7.43229439675 0.0 7.43229439675 0.0
57849.6493981 7.26718652575 0.0 7.26718652575 0.0
57849.6494676 7.15073422804 0.0 7.15073422804 0.0
57849.6495139 7.18498434236 0.0 7.18498434236 0.0
57849.6495602 7.24009668444 0.0 7.24009668444 0.0
57849.6496065 7.12727156772 0.0 7.12727156772 0.0
57849.6496759 7.58643526302 0.0 7.58643526302 0.0
57849.6497222 8.14984662432 0.0 8.14984662432 0.0
57849.6497685 8.80130672116 0.0 8.80130672116 0.0
57849.6498148 8.65580729915 0.0 8.65580729915 0.0
57849.6498843 7.57766454787 0.0 7.57766454787 0.0
57849.6499306 7.70584193972 0.0 7.70584193972 0.0
57849.6499769 1.71551741466 0.0 1.71551741466 0.0
