57849.6285532 0.0316227766017 0.0 0.0316227766017 0.0
57849.628588 0.0316227766017 0.0 0.0316227766017 0.0
57849.6286343 0.0316227766017 0.0 0.0316227766017 0.0
57849.6286921 0.0316227766017 0.0 0.0316227766017 0.0
57849.6289699 0.04472135955 0.0 0.04472135955 0.0
57849.6290162 0.0316227766017 0.0 0.0316227766017 0.0
57849.6290625 0.04472135955 0.0 0.04472135955 0.0
57849.6291088 0.0316227766017 0.0 0.0316227766017 0.0
57849.6298495 0.0316227766017 0.0 0.0316227766017 0.0
57849.6299074 0.0316227766017 0.0 0.0316227766017 0.0
57849.6299537 0.0316227766017 0.0 0.0316227766017 0.0
57849.6303241 0.0316227766017 0.0 0.0316227766017 0.0
57849.6303704 0.0316227766017 0.0 0.0316227766017 0.0
57849.6743866 0.0316227766017 0.0 0.0316227766017 0.0
57849.6744213 0.0316227766017 0.0 0.0316227766017 0.0
57849.6744676 0.0316227766017 0.0 0.0316227766017 0.0
57849.6745255 0.0316227766017 0.0 0.0316227766017 0.0
57849.6745949 0.0316227766017 0.0 0.0316227766017 0.0
57849.6746412 0.0316227766017 0.0 0.0316227766017 0.0
57849.6746759 0.0316227766017 0.0 0.0316227766017 0.0
57849.6747338 0.0316227766017 0.0 0.0316227766017 0.0
57849.6748032 0.0316227766017 0.0 0.0316227766017 0.0
57849.6748495 0.0316227766017 0.0 0.0316227766017 0.0
57849.6748958 0.0316227766017 0.0 0.0316227766017 0.0
57849.6749421 0.0316227766017 0.0 0.0316227766017 0.0
57849.6750116 0.0316227766017 0.0 0.0316227766017 0.0
57849.6750579 0.0316227766017 0.0 0.0316227766017 0.0
57849.6751042 0.04472135955 0.0 0.04472135955 0.0
57849.6751505 0.0316227766017 0.0 0.0316227766017 0.0
57849.6752199 0.0316227766017 0.0 0.0316227766017 0.0
57849.6752662 0.0316227766017 0.0 0.0316227766017 0.0
57849.6753125 0.0316227766017 0.0 0.0316227766017 0.0
57849.6753588 0.0316227766017 0.0 0.0316227766017 0.0
57849.6754282 0.0316227766017 0.0 0.0316227766017 0.0
57849.6754745 0.0316227766017 0.0 0.0316227766017 0.0
57849.675787 0.0316227766017 0.0 0.0316227766017 0.0
57849.6758565 0.0316227766017 0.0 0.0316227766017 0.0
57849.6759028 0.0316227766017 0.0 0.0316227766017 0.0
57849.6759491 0.0316227766017 0.0 0.0316227766017 0.0
57849.6759954 0.0316227766017 0.0 0.0316227766017 0.0
57849.6762731 0.04472135955 0.0 0.04472135955 0.0
57849.6763194 0.04472135955 0.0 0.04472135955 0.0
57849.6763657 0.04472135955 0.0 0.04472135955 0.0
