57849.3666667 196.521701653 0.0 170.042011616 0.0
57849.3673611 196.415938201 0.0 170.034373912 0.0
57849.3680556 196.594381022 0.0 170.080194988 0.0
57849.4020833 195.972433789 0.0 169.253517679 0.0
57849.4027778 195.985687259 0.0 169.406910422 0.0
57849.4034722 196.098305588 0.0 169.391577398 0.0
57849.4458333 197.016711006 0.0 170.26335598 0.0
57849.4465278 197.155090906 0.0 170.187062856 0.0
57849.4472222 197.207781517 0.0 170.270983412 0.0
57849.4895833 242.031445848 0.0 213.145886264 0.0
57849.4902778 241.752261301 0.0 212.816609058 0.0
57849.4909722 241.408206319 0.0 211.942163147 0.0
57849.5423611 256.00831967 0.0 226.285648695 0.0
57849.5430556 255.108838499 0.0 225.50376505 0.0
57849.54375 254.74713717 0.0 225.221391801 0.0
57849.6097222 218.299210843 0.0 190.215189146 0.0
57849.6104167 217.637850031 0.0 189.633960463 0.0
57849.6111111 217.608011694 0.0 189.73665961 0.0
57849.6145833 216.788843342 0.0 188.638319502 0.0
57849.6152778 216.890660107 0.0 188.528133558 0.0
57849.6159722 216.465107713 0.0 188.32825722 0.0
57849.6166667 216.224991047 0.0 187.90022221 0.0
