57849.3667708 74.6035552018 0.0 70.4496710766 0.0
57849.3674653 70.6890820096 0.0 66.4169930192 0.0
57849.4027778 67.1198745737 0.0 65.2843484357 0.0
57849.4451505 66.8960506859 0.0 65.0850594607 0.0
57849.4465625 66.5016809515 0.0 64.6799617154 0.0
57849.4904745 66.6286220868 0.0 64.7896987477 0.0
57849.5416898 72.0250962621 0.0 67.8515804528 0.0
57849.5430324 66.9333126394 0.0 65.1285349145 0.0
57849.6103819 69.3604997197 0.0 67.7013609113 0.0
57849.6159838 69.3003317588 0.0 67.6179018491 0.0
