57849.5416782 91.3478727229 0.0 91.4871199733 0.0
57849.541794 91.4090099006 0.0 90.8961406551 0.0
57849.5419213 103.190697933 0.0 102.329184747 0.0
57849.542037 92.5275192362 0.0 92.9962980338 0.0
57849.5421528 116.806386324 0.0 114.21955513 0.0
57849.5422801 93.8027243688 0.0 93.3789528052 0.0
57849.5423611 96.3702465806 0.0 95.8723466074 0.0
57849.5423958 99.1239224759 0.0 98.5400115791 0.0
57849.5425116 93.4411996017 0.0 91.5007766852 0.0
57849.5426389 94.7541339679 0.0 94.5317328044 0.0
57849.5427546 95.2259930954 0.0 92.9935442222 0.0
57849.5428704 116.363176014 0.0 125.138245633 0.0
57849.5429977 96.0040612526 0.0 94.9040998219 0.0
57849.5430556 94.6710852108 0.0 94.028152061 0.0
57849.5431134 93.4620244591 0.0 93.2467265163 0.0
57849.5432292 104.792688166 0.0 105.553909572 0.0
57849.5433565 90.4399208978 0.0 90.5177099412 0.0
57849.5434722 89.9032741172 0.0 89.9757833031 0.0
57849.543588 95.4956163706 0.0 93.7601148303 0.0
57849.5437153 89.7574929128 0.0 90.0865338716 0.0
57849.54375 92.5358926093 0.0 92.3576829722 0.0
57849.6090741 80.2323121691 0.0 81.2536035262 0.0
57849.6091898 90.8186011894 0.0 89.3816120295 0.0
57849.6093171 81.7247683631 0.0 81.1905555037 0.0
57849.6094329 76.141569796 0.0 75.7988155778 0.0
57849.6095486 76.5635058497 0.0 76.5208891937 0.0
57849.6096759 75.362943102 0.0 75.4816211604 0.0
57849.6097222 75.7729227363 0.0 75.8466099638 0.0
57849.6097917 76.1720473468 0.0 76.1992915256 0.0
57849.6099074 76.7242953307 0.0 76.445909884 0.0
57849.6100347 76.5361669801 0.0 76.6796179242 0.0
57849.6101505 76.0602884362 0.0 75.9143974882 0.0
57849.6102662 76.2255952158 0.0 75.9573211021 0.0
57849.6103935 82.5004918228 0.0 81.2141354137 0.0
57849.6104167 79.5359188732 0.0 79.0740047424 0.0
57849.6105093 76.8917516448 0.0 77.1178521096 0.0
57849.610625 81.0039663659 0.0 81.1829103753 0.0
57849.6107523 81.3781280013 0.0 81.5695319589 0.0
57849.6108681 75.6089743284 0.0 75.3397359499 0.0
57849.6109838 75.4664473127 0.0 75.20324616 0.0
57849.6111111 75.3395711695 0.0 75.602352675 0.0
57849.6139699 74.3600689013 0.0 74.5169756297 0.0
57849.6140972 74.2660193359 0.0 74.2657055578 0.0
57849.614213 74.3807305423 0.0 74.3705073803 0.0
57849.6143287 74.773374633 0.0 75.1957595546 0.0
57849.614456 76.4195290616 0.0 76.6734925447 0.0
57849.6145718 75.651478743 0.0 75.0667691392 0.0
57849.6145833 75.7766541357 0.0 75.6737363885 0.0
57849.6146875 75.8617810363 0.0 76.2546636148 0.0
57849.6148148 75.9428920505 0.0 75.8883532632 0.0
57849.6149306 75.765268877 0.0 75.6693969647 0.0
57849.6150463 75.0927708505 0.0 75.0661154983 0.0
57849.6151736 75.3148733585 0.0 75.6378273419 0.0
57849.6152778 75.1028296671 0.0 75.3432790898 0.0
57849.6152894 74.9422325195 0.0 75.1017609381 0.0
57849.6154051 77.2982896253 0.0 77.4375024197 0.0
57849.6155324 75.1842559317 0.0 75.3659532481 0.0
57849.6156481 75.0734261973 0.0 75.3143839914 0.0
57849.6157639 74.310571287 0.0 74.4194716388 0.0
57849.6158912 74.315083987 0.0 74.3868528707 0.0
57849.6159722 74.4485875151 0.0 74.7043352089 0.0
57849.6160069 74.5582624596 0.0 75.0010912787 0.0
57849.6161227 74.7955716604 0.0 74.679335763 0.0
57849.61625 76.475927657 0.0 76.8797249995 0.0
57849.6163657 85.4496298529 0.0 84.6833461609 0.0
57849.6164815 76.1114102024 0.0 76.2113697948 0.0
57849.6166088 74.2081767799 0.0 74.1411203989 0.0
57849.6166667 74.2372107033 0.0 74.0967248129 0.0
