57849.0361921 9.06796559323 0.0 9.06796559323 0.0
57849.0362269 9.18662070622 0.0 9.18662070622 0.0
57849.0362731 9.55013088916 0.0 9.55013088916 0.0
57849.036331 9.54007337498 0.0 9.54007337498 0.0
57849.0364005 9.12255446681 0.0 9.12255446681 0.0
57849.0364468 8.37818596117 0.0 8.37818596117 0.0
57849.0364815 8.39470070938 0.0 8.39470070938 0.0
57849.0365394 8.36474745584 0.0 8.36474745584 0.0
57849.0366088 8.37442535342 0.0 8.37442535342 0.0
57849.0366551 8.38260102832 0.0 8.38260102832 0.0
57849.0367014 8.50799623883 0.0 8.50799623883 0.0
57849.0367477 8.73567398659 0.0 8.73567398659 0.0
57849.0368171 11.7403577458 0.0 11.7403577458 0.0
57849.0368634 19.1953119277 0.0 19.1953119277 0.0
57849.0369097 21.183625752 0.0 21.183625752 0.0
57849.036956 14.5261488358 0.0 14.5261488358 0.0
57849.0370255 10.9132030129 0.0 10.9132030129 0.0
57849.0370718 17.1889790273 0.0 17.1889790273 0.0
57849.0371181 20.2696324584 0.0 20.2696324584 0.0
57849.0371644 24.2391006434 0.0 24.2391006434 0.0
57849.0372338 17.7957579215 0.0 17.7957579215 0.0
57849.0372801 9.00916200321 0.0 9.00916200321 0.0
57849.037338 8.84364178379 0.0 8.84364178379 0.0
57849.0373727 8.75973743899 0.0 8.75973743899 0.0
57849.0374421 8.89173773792 0.0 8.89173773792 0.0
57849.0374884 8.95561276519 0.0 8.95561276519 0.0
57849.0375463 9.46704811438 0.0 9.46704811438 0.0
57849.0375926 9.7683161292 0.0 9.7683161292 0.0
57849.037662 8.99522095337 0.0 8.99522095337 0.0
57849.0377083 8.67830628637 0.0 8.67830628637 0.0
57849.0377546 8.80073860537 0.0 8.80073860537 0.0
57849.0378009 8.80868889222 0.0 8.80868889222 0.0
57849.0378704 9.01371177706 0.0 9.01371177706 0.0
57849.0379167 8.74922853742 0.0 8.74922853742 0.0
57849.037963 9.38221722196 0.0 9.38221722196 0.0
57849.0380093 10.129215172 0.0 10.129215172 0.0
57849.0380787 11.1704073337 0.0 11.1704073337 0.0
57849.038125 9.02740272725 0.0 9.02740272725 0.0
57849.0381713 8.97535514618 0.0 8.97535514618 0.0
57849.0382176 8.96816592175 0.0 8.96816592175 0.0
57849.038287 8.6586950518 0.0 8.6586950518 0.0
57849.0383333 8.46522297403 0.0 8.46522297403 0.0
57849.0383796 8.4402014194 0.0 8.4402014194 0.0
57849.0384259 8.59691805242 0.0 8.59691805242 0.0
57849.0384954 8.55073096291 0.0 8.55073096291 0.0
57849.0385532 8.31691048407 0.0 8.31691048407 0.0
57849.0385995 8.5062330088 0.0 8.5062330088 0.0
57849.0386343 8.69793078841 0.0 8.69793078841 0.0
57849.0387037 8.48975853602 0.0 8.48975853602 0.0
57849.0387616 8.64725389936 0.0 8.64725389936 0.0
57849.0388079 8.58259867406 0.0 8.58259867406 0.0
57849.0388542 8.55090638471 0.0 8.55090638471 0.0
57849.0389236 8.55429716575 0.0 8.55429716575 0.0
57849.0389699 8.98804761892 0.0 8.98804761892 0.0
57849.0390162 9.2998924725 0.0 9.2998924725 0.0
57849.0390625 9.74597352757 0.0 9.74597352757 0.0
57849.0391319 9.41334159584 0.0 9.41334159584 0.0
57849.0391782 8.25760255764 0.0 8.25760255764 0.0
57849.0392245 8.45511679399 0.0 8.45511679399 0.0
57849.0392708 9.0963179364 0.0 9.0963179364 0.0
57849.0393403 10.146772886 0.0 10.146772886 0.0
57849.0393866 10.0648894678 0.0 10.0648894678 0.0
57849.0394329 10.4789789579 0.0 10.4789789579 0.0
57849.0394907 10.561202583 0.0 10.561202583 0.0
57849.0395602 11.9388860452 0.0 11.9388860452 0.0
57849.0395949 11.3337548941 0.0 11.3337548941 0.0
57849.0396412 14.6008561393 0.0 14.6008561393 0.0
57849.0396991 16.0400124688 0.0 16.0400124688 0.0
57849.0397685 15.4689689378 0.0 15.4689689378 0.0
57849.0398148 31.5921667506 0.0 31.5921667506 0.0
57849.0398495 212.30910249 0.0 212.30910249 0.0
57849.0399074 78.5458974104 0.0 78.5458974104 0.0
57849.0399769 132.318252709 0.0 132.318252709 0.0
57849.0400231 9.94907030833 0.0 9.94907030833 0.0
57849.0400694 9.31954934533 0.0 9.31954934533 0.0
57849.0401157 9.23119710547 0.0 9.23119710547 0.0
57849.0401852 9.42772507024 0.0 9.42772507024 0.0
57849.0402315 8.41480837571 0.0 8.41480837571 0.0
57849.0402778 2.55773337156 0.0 2.55773337156 0.0
57849.0486921 7.90113915837 0.0 7.90113915837 0.0
57849.0487269 7.8659392319 0.0 7.8659392319 0.0
57849.0487731 7.94418025979 0.0 7.94418025979 0.0
57849.048831 7.97652806677 0.0 7.97652806677 0.0
57849.0489005 7.8551257151 0.0 7.8551257151 0.0
57849.0489468 7.80627952356 0.0 7.80627952356 0.0
57849.0489815 7.78016709332 0.0 7.78016709332 0.0
57849.0490394 7.78601310043 0.0 7.78601310043 0.0
57849.0491088 7.74002583975 0.0 7.74002583975 0.0
57849.0491551 7.7312353476 0.0 7.7312353476 0.0
57849.0492014 7.74893541075 0.0 7.74893541075 0.0
57849.0492477 7.76453475747 0.0 7.76453475747 0.0
57849.0493171 7.71965025114 0.0 7.71965025114 0.0
57849.0493634 7.72269383052 0.0 7.72269383052 0.0
57849.0494097 7.72618922885 0.0 7.72618922885 0.0
57849.049456 7.722629086 0.0 7.722629086 0.0
57849.0495255 7.7105771509 0.0 7.7105771509 0.0
57849.0495718 7.72754812343 0.0 7.72754812343 0.0
57849.0496181 7.73278733705 0.0 7.73278733705 0.0
57849.0496644 7.71025291414 0.0 7.71025291414 0.0
57849.0497338 7.69766198271 0.0 7.69766198271 0.0
57849.0497801 7.6984414007 0.0 7.6984414007 0.0
57849.049838 7.70512816246 0.0 7.70512816246 0.0
57849.0498727 7.79333048189 0.0 7.79333048189 0.0
57849.0499421 7.81376989679 0.0 7.81376989679 0.0
57849.0499884 7.75261246291 0.0 7.75261246291 0.0
57849.0500463 7.76292470658 0.0 7.76292470658 0.0
57849.0500926 7.77978148793 0.0 7.77978148793 0.0
57849.050162 7.79544738934 0.0 7.79544738934 0.0
57849.0502083 7.74609579078 0.0 7.74609579078 0.0
57849.0502546 7.71965025114 0.0 7.71965025114 0.0
57849.0503009 7.71874342105 0.0 7.71874342105 0.0
57849.0503704 7.77798174336 0.0 7.77798174336 0.0
57849.0504167 7.7716793552 0.0 7.7716793552 0.0
57849.050463 7.84091831357 0.0 7.84091831357 0.0
57849.0505093 7.89233805662 0.0 7.89233805662 0.0
57849.0505787 7.84773852775 0.0 7.84773852775 0.0
57849.050625 7.7442236538 0.0 7.7442236538 0.0
57849.0506713 7.7618296812 0.0 7.7618296812 0.0
57849.0507176 7.77116464888 0.0 7.77116464888 0.0
57849.050787 7.73621354411 0.0 7.73621354411 0.0
57849.0508333 7.71310572986 0.0 7.71310572986 0.0
57849.0508796 7.75254796825 0.0 7.75254796825 0.0
57849.0509259 7.86085237109 0.0 7.86085237109 0.0
57849.0509954 7.80679191474 0.0 7.80679191474 0.0
57849.0510532 7.77122898903 0.0 7.77122898903 0.0
57849.0510995 7.75383775946 0.0 7.75383775946 0.0
57849.0511343 7.77180802645 0.0 7.77180802645 0.0
57849.0512037 7.75099993549 0.0 7.75099993549 0.0
57849.0512616 7.88948667532 0.0 7.88948667532 0.0
57849.0513079 7.8907540831 0.0 7.8907540831 0.0
57849.0513542 8.06932463097 0.0 8.06932463097 0.0
57849.0514236 8.15223895626 0.0 8.15223895626 0.0
57849.0514699 7.82566291122 0.0 7.82566291122 0.0
57849.0515162 7.74280310999 0.0 7.74280310999 0.0
57849.0515625 7.72133408162 0.0 7.72133408162 0.0
57849.0516319 7.75087091881 0.0 7.75087091881 0.0
57849.0516782 7.85926205187 0.0 7.85926205187 0.0
57849.0517245 7.78138805098 0.0 7.78138805098 0.0
57849.0517708 7.73879835633 0.0 7.73879835633 0.0
57849.0518403 7.68732723383 0.0 7.68732723383 0.0
57849.0518866 7.74021963513 0.0 7.74021963513 0.0
57849.0519329 7.73795838707 0.0 7.73795838707 0.0
57849.0519907 7.75222548692 0.0 7.75222548692 0.0
57849.0520602 7.70960439971 0.0 7.70960439971 0.0
57849.0520949 7.7120036307 0.0 7.7120036307 0.0
57849.0521412 7.7586081226 0.0 7.7586081226 0.0
57849.0521991 7.77457394331 0.0 7.77457394331 0.0
57849.0522685 7.75693238336 0.0 7.75693238336 0.0
57849.0523148 7.7048036964 0.0 7.7048036964 0.0
57849.0523495 7.79243222621 0.0 7.79243222621 0.0
57849.0524074 7.88232199292 0.0 7.88232199292 0.0
57849.0524769 7.88295629824 0.0 7.88295629824 0.0
57849.0525231 7.79724310253 0.0 7.79724310253 0.0
57849.0525694 7.83728269236 0.0 7.83728269236 0.0
57849.0526157 7.88530278429 0.0 7.88530278429 0.0
57849.0526852 7.89328828816 0.0 7.89328828816 0.0
57849.0527315 7.81805602436 0.0 7.81805602436 0.0
57849.0527778 2.71127276385 0.0 2.71127276385 0.0
57849.0611921 7.52023935789 0.0 7.52023935789 0.0
57849.0612269 7.48191152046 0.0 7.48191152046 0.0
57849.0612731 7.44385652737 0.0 7.44385652737 0.0
57849.061331 7.43915317761 0.0 7.43915317761 0.0
57849.0614005 7.48097587217 0.0 7.48097587217 0.0
57849.0614468 7.44063169361 0.0 7.44063169361 0.0
57849.0614815 7.43841380941 0.0 7.43841380941 0.0
57849.0615394 7.48511856954 0.0 7.48511856954 0.0
57849.0616088 7.51471889028 0.0 7.51471889028 0.0
57849.0616551 7.53153370835 0.0 7.53153370835 0.0
57849.0617014 7.50912777891 0.0 7.50912777891 0.0
57849.0617477 7.51777892732 0.0 7.51777892732 0.0
57849.0618171 7.54267856931 0.0 7.54267856931 0.0
57849.0618634 7.51851049078 0.0 7.51851049078 0.0
57849.0619097 7.51584991867 0.0 7.51584991867 0.0
57849.061956 7.47395477642 0.0 7.47395477642 0.0
57849.0620255 7.49653253178 0.0 7.49653253178 0.0
57849.0620718 7.50333259292 0.0 7.50333259292 0.0
57849.0621181 7.47288431598 0.0 7.47288431598 0.0
57849.0621644 7.45975870923 0.0 7.45975870923 0.0
57849.0622338 7.43404331437 0.0 7.43404331437 0.0
57849.0622801 7.45251635355 0.0 7.45251635355 0.0
57849.062338 7.47321885134 0.0 7.47321885134 0.0
57849.0623727 7.45714422551 0.0 7.45714422551 0.0
57849.0624421 7.45922247959 0.0 7.45922247959 0.0
57849.0624884 7.40715869953 0.0 7.40715869953 0.0
57849.0625463 7.4028372939 0.0 7.4028372939 0.0
57849.0625926 7.41592880225 0.0 7.41592880225 0.0
57849.062662 7.44338632613 0.0 7.44338632613 0.0
57849.0627083 7.42327421021 0.0 7.42327421021 0.0
57849.0627546 7.41896219157 0.0 7.41896219157 0.0
57849.0628009 7.42583328657 0.0 7.42583328657 0.0
57849.0628704 7.42030996657 0.0 7.42030996657 0.0
57849.0629167 7.39141393781 0.0 7.39141393781 0.0
57849.062963 7.43054506749 0.0 7.43054506749 0.0
57849.0630093 7.46498492966 0.0 7.46498492966 0.0
57849.0630787 7.44130364923 0.0 7.44130364923 0.0
57849.063125 7.39107569979 0.0 7.39107569979 0.0
57849.0631713 7.39608004283 0.0 7.39608004283 0.0
57849.0632176 7.42462120246 0.0 7.42462120246 0.0
57849.063287 7.44365501619 0.0 7.44365501619 0.0
57849.0633333 7.39499830967 0.0 7.39499830967 0.0
57849.0633796 7.38173421358 0.0 7.38173421358 0.0
57849.0634259 7.38863992897 0.0 7.38863992897 0.0
57849.0634954 7.38356282563 0.0 7.38356282563 0.0
57849.0635532 7.39797269527 0.0 7.39797269527 0.0
57849.0635995 7.39533636828 0.0 7.39533636828 0.0
57849.0636343 7.41275927034 0.0 7.41275927034 0.0
57849.0637037 7.42239853417 0.0 7.42239853417 0.0
57849.0637616 7.47783391097 0.0 7.47783391097 0.0
57849.0638079 7.44815413374 0.0 7.44815413374 0.0
57849.0638542 7.4035126798 0.0 7.4035126798 0.0
57849.0639236 7.3954715874 0.0 7.3954715874 0.0
57849.0639699 7.47629587429 0.0 7.47629587429 0.0
57849.0640162 7.49299673028 0.0 7.49299673028 0.0
57849.0640625 7.50426545373 0.0 7.50426545373 0.0
57849.0641319 7.44446102817 0.0 7.44446102817 0.0
57849.0641782 7.40317499455 0.0 7.40317499455 0.0
57849.0642245 7.37868551979 0.0 7.37868551979 0.0
57849.0642708 7.37455083378 0.0 7.37455083378 0.0
57849.0643403 7.37597451189 0.0 7.37597451189 0.0
57849.0643866 7.37509321975 0.0 7.37509321975 0.0
57849.0644329 7.41289417164 0.0 7.41289417164 0.0
57849.0644907 7.3897225929 0.0 7.3897225929 0.0
57849.0645602 7.3781433979 0.0 7.3781433979 0.0
57849.0645949 7.39804028105 0.0 7.39804028105 0.0
57849.0646412 7.41147758548 0.0 7.41147758548 0.0
57849.0646991 7.46163520952 0.0 7.46163520952 0.0
57849.0647685 7.47810136331 0.0 7.47810136331 0.0
57849.0648148 7.37021030908 0.0 7.37021030908 0.0
57849.0648495 7.36335521349 0.0 7.36335521349 0.0
57849.0649074 7.38627104837 0.0 7.38627104837 0.0
57849.0649769 7.3731946943 0.0 7.3731946943 0.0
57849.0650231 7.42118588906 0.0 7.42118588906 0.0
57849.0650694 7.43263075902 0.0 7.43263075902 0.0
57849.0651157 7.4237456853 0.0 7.4237456853 0.0
57849.0651852 7.36491683592 0.0 7.36491683592 0.0
57849.0652315 7.44922814794 0.0 7.44922814794 0.0
57849.0652778 2.51137412585 0.0 2.51137412585 0.0
57849.0736921 7.32877888874 0.0 7.32877888874 0.0
57849.0737269 7.260234156 0.0 7.260234156 0.0
57849.0737731 7.24292758489 0.0 7.24292758489 0.0
57849.073831 7.25865001223 0.0 7.25865001223 0.0
57849.0739005 7.26663608556 0.0 7.26663608556 0.0
57849.0739468 7.23145905057 0.0 7.23145905057 0.0
57849.0739815 7.24272048335 0.0 7.24272048335 0.0
57849.0740394 7.22246495319 0.0 7.22246495319 0.0
57849.0741088 7.20520645089 0.0 7.20520645089 0.0
57849.0741551 7.28608262374 0.0 7.28608262374 0.0
57849.0742014 7.27035074807 0.0 7.27035074807 0.0
57849.0742477 7.27907961215 0.0 7.27907961215 0.0
57849.0743171 7.2104784862 0.0 7.2104784862 0.0
57849.0743634 7.22634070606 0.0 7.22634070606 0.0
57849.0744097 7.26636084983 0.0 7.26636084983 0.0
57849.074456 7.23885350038 0.0 7.23885350038 0.0
57849.0745255 7.19277415188 0.0 7.19277415188 0.0
57849.0745718 7.22405703189 0.0 7.22405703189 0.0
57849.0746181 7.22903866361 0.0 7.22903866361 0.0
57849.0746644 7.22779357757 0.0 7.22779357757 0.0
57849.0747338 7.21262781516 0.0 7.21262781516 0.0
57849.0747801 7.28388632531 0.0 7.28388632531 0.0
57849.074838 7.23512266655 0.0 7.23512266655 0.0
57849.0748727 7.23318740252 0.0 7.23318740252 0.0
57849.0749421 7.21352895607 0.0 7.21352895607 0.0
57849.0749884 7.19736062734 0.0 7.19736062734 0.0
57849.0750463 7.21449928963 0.0 7.21449928963 0.0
57849.0750926 7.21193455322 0.0 7.21193455322 0.0
57849.075162 7.21817151362 0.0 7.21817151362 0.0
57849.0752083 7.24313468051 0.0 7.24313468051 0.0
57849.0752546 7.27481958539 0.0 7.27481958539 0.0
57849.0753009 7.23242697855 0.0 7.23242697855 0.0
57849.0753704 7.22073403471 0.0 7.22073403471 0.0
57849.0754167 7.1894366956 0.0 7.1894366956 0.0
57849.075463 7.18317478557 0.0 7.18317478557 0.0
57849.0755093 7.1921484968 0.0 7.1921484968 0.0
57849.0755787 7.19228753597 0.0 7.19228753597 0.0
57849.075625 7.19638798287 0.0 7.19638798287 0.0
57849.0756713 7.20215245604 0.0 7.20215245604 0.0
57849.0757176 7.20256898613 0.0 7.20256898613 0.0
57849.075787 7.17607134859 0.0 7.17607134859 0.0
57849.0758333 7.23761010279 0.0 7.23761010279 0.0
57849.0758796 7.22724013715 0.0 7.22724013715 0.0
57849.0759259 7.1972911571 0.0 7.1972911571 0.0
57849.0759954 7.2658103471 0.0 7.2658103471 0.0
57849.0760532 7.26415858858 0.0 7.26415858858 0.0
57849.0760995 7.30472449857 0.0 7.30472449857 0.0
57849.0761343 7.28910145354 0.0 7.28910145354 0.0
57849.0762037 7.21664742107 0.0 7.21664742107 0.0
57849.0762616 7.17732540714 0.0 7.17732540714 0.0
57849.0763079 7.20367961531 0.0 7.20367961531 0.0
57849.0763542 7.18526269527 0.0 7.18526269527 0.0
57849.0764236 7.20076384837 0.0 7.20076384837 0.0
57849.0764699 7.18985396236 0.0 7.18985396236 0.0
57849.0765162 7.24679239388 0.0 7.24679239388 0.0
57849.0765625 7.29883552356 0.0 7.29883552356 0.0
57849.0766319 7.32284097875 0.0 7.32284097875 0.0
57849.0766782 7.32625415885 0.0 7.32625415885 0.0
57849.0767245 7.40425553314 0.0 7.40425553314 0.0
57849.0767708 7.49546529576 0.0 7.49546529576 0.0
57849.0768403 7.42159012611 0.0 7.42159012611 0.0
57849.0768866 7.231804754 0.0 7.231804754 0.0
57849.0769329 7.20638605682 0.0 7.20638605682 0.0
57849.0769907 7.208536606 0.0 7.208536606 0.0
57849.0770602 7.20215245604 0.0 7.20215245604 0.0
57849.0770949 7.1890889548 0.0 7.1890889548 0.0
57849.0771412 7.20499826509 0.0 7.20499826509 0.0
57849.0771991 7.22191110441 0.0 7.22191110441 0.0
57849.0772685 7.19756903406 0.0 7.19756903406 0.0
57849.0773148 7.27406351361 0.0 7.27406351361 0.0
57849.0773495 7.28155203236 0.0 7.28155203236 0.0
57849.0774074 7.27103844028 0.0 7.27103844028 0.0
57849.0774769 7.21893343923 0.0 7.21893343923 0.0
57849.0775231 7.20409605711 0.0 7.20409605711 0.0
57849.0775694 7.23857720826 0.0 7.23857720826 0.0
57849.0776157 7.25816781289 0.0 7.25816781289 0.0
57849.0776852 7.19319122504 0.0 7.19319122504 0.0
57849.0777315 7.24630940548 0.0 7.24630940548 0.0
57849.0777778 2.13190056053 0.0 2.13190056053 0.0
57849.0861921 7.91201617794 0.0 7.91201617794 0.0
57849.0862269 7.54738365263 0.0 7.54738365263 0.0
57849.0862731 7.61124168582 0.0 7.61124168582 0.0
57849.086331 7.40722620149 0.0 7.40722620149 0.0
57849.0864005 7.21165722979 0.0 7.21165722979 0.0
57849.0864468 7.5453959472 0.0 7.5453959472 0.0
57849.0864815 7.68544078111 0.0 7.68544078111 0.0
57849.0865394 7.83594282776 0.0 7.83594282776 0.0
57849.0866088 7.95644392929 0.0 7.95644392929 0.0
57849.0866551 7.58280950572 0.0 7.58280950572 0.0
57849.0867014 7.52814718241 0.0 7.52814718241 0.0
57849.0867477 7.57060103294 0.0 7.57060103294 0.0
57849.0868171 7.30623021811 0.0 7.30623021811 0.0
57849.0868634 7.23152819257 0.0 7.23152819257 0.0
57849.0869097 7.20694109869 0.0 7.20694109869 0.0
57849.086956 7.19492876963 0.0 7.19492876963 0.0
57849.0870255 7.17823097984 0.0 7.17823097984 0.0
57849.0870718 7.16582165561 0.0 7.16582165561 0.0
57849.0871181 7.15255199212 0.0 7.15255199212 0.0
57849.0871644 7.13512438574 0.0 7.13512438574 0.0
57849.0872338 7.39695883455 0.0 7.39695883455 0.0
57849.0872801 7.35085029095 0.0 7.35085029095 0.0
57849.087338 7.25037930042 0.0 7.25037930042 0.0
57849.0873727 7.1442284398 0.0 7.1442284398 0.0
57849.0874421 7.1921484968 0.0 7.1921484968 0.0
57849.0874884 7.21325169393 0.0 7.21325169393 0.0
57849.0875463 7.17718607812 0.0 7.17718607812 0.0
57849.0875926 7.11814582599 0.0 7.11814582599 0.0
57849.087662 7.1269909499 0.0 7.1269909499 0.0
57849.0877083 7.25685882459 0.0 7.25685882459 0.0
57849.0877546 7.25954544032 0.0 7.25954544032 0.0
57849.0878009 7.28464137758 0.0 7.28464137758 0.0
57849.0878704 7.21803297305 0.0 7.21803297305 0.0
57849.0879167 7.09922530985 0.0 7.09922530985 0.0
57849.087963 7.13183005967 0.0 7.13183005967 0.0
57849.0880093 7.12685063685 0.0 7.12685063685 0.0
57849.0880787 7.13834714762 0.0 7.13834714762 0.0
57849.088125 7.15828191677 0.0 7.15828191677 0.0
57849.0881713 7.22467992371 0.0 7.22467992371 0.0
57849.0882176 7.33239387922 0.0 7.33239387922 0.0
57849.088287 7.28010988928 0.0 7.28010988928 0.0
57849.0883333 7.16868188721 0.0 7.16868188721 0.0
57849.0883796 7.13547475645 0.0 7.13547475645 0.0
57849.0884259 7.10584266643 0.0 7.10584266643 0.0
57849.0884954 7.08364313048 0.0 7.08364313048 0.0
57849.0885532 7.13645570294 0.0 7.13645570294 0.0
57849.0885995 7.15807236622 0.0 7.15807236622 0.0
57849.0886343 7.19138373333 0.0 7.19138373333 0.0
57849.0887037 7.2256487598 0.0 7.2256487598 0.0
57849.0887616 7.25258574579 0.0 7.25258574579 0.0
57849.0888079 7.2661544162 0.0 7.2661544162 0.0
57849.0888542 7.25037930042 0.0 7.25037930042 0.0
57849.0889236 7.15988826728 0.0 7.15988826728 0.0
57849.0889699 7.1477269114 0.0 7.1477269114 0.0
57849.0890162 7.12944598128 0.0 7.12944598128 0.0
57849.0890625 7.12144648228 0.0 7.12144648228 0.0
57849.0891319 7.06491330449 0.0 7.06491330449 0.0
57849.0891782 7.03171387359 0.0 7.03171387359 0.0
57849.0892245 7.05669894497 0.0 7.05669894497 0.0
57849.0892708 7.08300783566 0.0 7.08300783566 0.0
57849.0893403 7.12755217448 0.0 7.12755217448 0.0
57849.0893866 7.13750656742 0.0 7.13750656742 0.0
57849.0894329 7.12088477649 0.0 7.12088477649 0.0
57849.0894907 7.1095006857 0.0 7.1095006857 0.0
57849.0895602 7.09323621487 0.0 7.09323621487 0.0
57849.0895949 7.03874988901 0.0 7.03874988901 0.0
57849.0896412 7.02509786409 0.0 7.02509786409 0.0
57849.0896991 7.04308171186 0.0 7.04308171186 0.0
57849.0897685 7.07021923281 0.0 7.07021923281 0.0
57849.0898148 7.03761323177 0.0 7.03761323177 0.0
57849.0898495 7.03640533227 0.0 7.03640533227 0.0
57849.0899074 7.05301354032 0.0 7.05301354032 0.0
57849.0899769 7.04222976052 0.0 7.04222976052 0.0
57849.0900231 7.06328535456 0.0 7.06328535456 0.0
57849.0900694 7.05535257801 0.0 7.05535257801 0.0
57849.0901157 7.04506919767 0.0 7.04506919767 0.0
57849.0901852 7.05124102552 0.0 7.05124102552 0.0
57849.0902315 7.02360306396 0.0 7.02360306396 0.0
57849.0902778 7.03356239753 0.0 7.03356239753 0.0
57849.112581 6.88113362754 0.0 6.88113362754 0.0
57849.1126157 6.80734897005 0.0 6.80734897005 0.0
57849.112662 6.7924958594 0.0 6.7924958594 0.0
57849.1127199 6.80154394237 0.0 6.80154394237 0.0
57849.1127894 6.83637330754 0.0 6.83637330754 0.0
57849.1128356 6.79286390266 0.0 6.79286390266 0.0
57849.1128704 6.78881432947 0.0 6.78881432947 0.0
57849.1129282 6.80984581323 0.0 6.80984581323 0.0
57849.1129977 6.80558594098 0.0 6.80558594098 0.0
57849.113044 6.78969807871 0.0 6.78969807871 0.0
57849.1130903 6.78129781089 0.0 6.78129781089 0.0
57849.1131366 6.78969807871 0.0 6.78969807871 0.0
57849.113206 6.78748848986 0.0 6.78748848986 0.0
57849.1132523 6.78291972531 0.0 6.78291972531 0.0
57849.1132986 6.78549924471 0.0 6.78549924471 0.0
57849.1133449 6.78704648577 0.0 6.78704648577 0.0
57849.1134144 6.78822509939 0.0 6.78822509939 0.0
57849.1134606 6.78638342565 0.0 6.78638342565 0.0
57849.1135069 6.78483603339 0.0 6.78483603339 0.0
57849.1135532 6.78807778388 0.0 6.78807778388 0.0
57849.1136227 6.78549924471 0.0 6.78549924471 0.0
57849.113669 6.78291972531 0.0 6.78291972531 0.0
57849.1137269 6.78365683094 0.0 6.78365683094 0.0
57849.1137616 6.80264654381 0.0 6.80264654381 0.0
57849.113831 6.82290260813 0.0 6.82290260813 0.0
57849.1138773 6.81131411697 0.0 6.81131411697 0.0
57849.1139352 6.8189441998 0.0 6.8189441998 0.0
57849.1139815 6.80374896656 0.0 6.80374896656 0.0
57849.1140509 6.80573287751 0.0 6.80573287751 0.0
57849.1140972 6.78107661069 0.0 6.78107661069 0.0
57849.1141435 6.788961629 0.0 6.788961629 0.0
57849.1141898 6.79183333129 0.0 6.79183333129 0.0
57849.1142593 6.798455707 0.0 6.798455707 0.0
57849.1143056 6.78350941622 0.0 6.78350941622 0.0
57849.1143519 6.77598701297 0.0 6.77598701297 0.0
57849.1143981 6.77790528113 0.0 6.77790528113 0.0
57849.1144676 6.7856466162 0.0 6.7856466162 0.0
57849.1145139 6.78822509939 0.0 6.78822509939 0.0
57849.1145602 6.79013991019 0.0 6.79013991019 0.0
57849.1146065 6.79720530807 0.0 6.79720530807 0.0
57849.1146759 6.79646967182 0.0 6.79646967182 0.0
57849.1147222 6.78262486063 0.0 6.78262486063 0.0
57849.1147685 6.78432015754 0.0 6.78432015754 0.0
57849.1148148 6.80147042925 0.0 6.80147042925 0.0
57849.1148843 6.78063418863 0.0 6.78063418863 0.0
57849.1149421 6.78063418863 0.0 6.78063418863 0.0
57849.1149884 6.78284601034 0.0 6.78284601034 0.0
57849.1150231 6.77997050141 0.0 6.77997050141 0.0
57849.1150926 6.78468864429 0.0 6.78468864429 0.0
57849.1151505 6.79021354598 0.0 6.79021354598 0.0
57849.1151968 6.79220141044 0.0 6.79220141044 0.0
57849.1152431 6.79735242576 0.0 6.79735242576 0.0
57849.1153125 6.78579398449 0.0 6.78579398449 0.0
57849.1153588 6.78483603339 0.0 6.78483603339 0.0
57849.1154051 6.78188764283 0.0 6.78188764283 0.0
57849.1154514 6.78770948111 0.0 6.78770948111 0.0
57849.1155208 6.79043444855 0.0 6.79043444855 0.0
57849.1155671 6.78586766744 0.0 6.78586766744 0.0
57849.1156134 6.77908548405 0.0 6.77908548405 0.0
57849.1156597 6.77790528113 0.0 6.77790528113 0.0
57849.1157292 6.79455664484 0.0 6.79455664484 0.0
57849.1157755 6.78107661069 0.0 6.78107661069 0.0
57849.1158218 6.77746265205 0.0 6.77746265205 0.0
57849.1158796 6.78277229457 0.0 6.78277229457 0.0
57849.1159491 6.79352633026 0.0 6.79352633026 0.0
57849.1159838 6.79190694871 0.0 6.79190694871 0.0
57849.1160301 6.80984581323 0.0 6.80984581323 0.0
57849.116088 6.79602825185 0.0 6.79602825185 0.0
57849.1161574 6.78122407829 0.0 6.78122407829 0.0
57849.1162037 6.78527818147 0.0 6.78527818147 0.0
57849.1162384 6.78174018966 0.0 6.78174018966 0.0
57849.1162963 6.78417275723 0.0 6.78417275723 0.0
57849.1163657 6.79212779621 0.0 6.79212779621 0.0
57849.116412 6.78881432947 0.0 6.78881432947 0.0
57849.1164583 6.78454125199 0.0 6.78454125199 0.0
57849.1165046 6.78785680462 0.0 6.78785680462 0.0
57849.1165741 6.78837241171 0.0 6.78837241171 0.0
57849.1166204 6.79933820309 0.0 6.79933820309 0.0
57849.1166667 0.684105255059 0.0 0.684105255059 0.0
57849.125081 6.86694983235 0.0 6.86694983235 0.0
57849.1251157 6.80903811122 0.0 6.80903811122 0.0
57849.125162 6.80022058466 0.0 6.80022058466 0.0
57849.1252199 6.79852925271 0.0 6.79852925271 0.0
57849.1252894 6.81013949931 0.0 6.81013949931 0.0
57849.1253356 6.75670037814 0.0 6.75670037814 0.0
57849.1253704 6.76919492998 0.0 6.76919492998 0.0
57849.1254282 6.78432015754 0.0 6.78432015754 0.0
57849.1254977 6.77797904983 0.0 6.77797904983 0.0
57849.125544 6.77753642558 0.0 6.77753642558 0.0
57849.1255903 6.77266564951 0.0 6.77266564951 0.0
57849.1256366 6.78350941622 0.0 6.78350941622 0.0
57849.125706 6.76025147461 0.0 6.76025147461 0.0
57849.1257523 6.74499814678 0.0 6.74499814678 0.0
57849.1257986 6.74988888797 0.0 6.74988888797 0.0
57849.1258449 6.74803675153 0.0 6.74803675153 0.0
57849.1259144 6.75995562116 0.0 6.75995562116 0.0
57849.1259606 6.7578842843 0.0 6.7578842843 0.0
57849.1260069 6.75633036492 0.0 6.75633036492 0.0
57849.1260532 6.76195238078 0.0 6.76195238078 0.0
57849.1261227 6.76683086829 0.0 6.76683086829 0.0
57849.126169 6.77554425858 0.0 6.77554425858 0.0
57849.1262269 6.76912106554 0.0 6.76912106554 0.0
57849.1262616 6.7765035232 0.0 6.7765035232 0.0
57849.126331 6.76889946742 0.0 6.76889946742 0.0
57849.1263773 6.76158265497 0.0 6.76158265497 0.0
57849.1264352 6.76808687888 0.0 6.76808687888 0.0
57849.1264815 6.77185351289 0.0 6.77185351289 0.0
57849.1265509 6.76513118868 0.0 6.76513118868 0.0
57849.1265972 6.74751806222 0.0 6.74751806222 0.0
57849.1266435 6.7429963666 0.0 6.7429963666 0.0
57849.1266898 6.74470162424 0.0 6.74470162424 0.0
57849.1267593 6.76394855096 0.0 6.76394855096 0.0
57849.1268056 6.75129617185 0.0 6.75129617185 0.0
57849.1268519 6.74418267843 0.0 6.74418267843 0.0
57849.1268981 6.73780379649 0.0 6.73780379649 0.0
57849.1269676 6.75048146431 0.0 6.75048146431 0.0
57849.1270139 6.75588632231 0.0 6.75588632231 0.0
57849.1270602 6.77436343873 0.0 6.77436343873 0.0
57849.1271065 6.80441033448 0.0 6.80441033448 0.0
57849.1271759 6.84251415782 0.0 6.84251415782 0.0
57849.1272222 6.83308129617 0.0 6.83308129617 0.0
57849.1272685 6.87386354243 0.0 6.87386354243 0.0
57849.1273148 6.87095335452 0.0 6.87095335452 0.0
57849.1273843 6.79801441599 0.0 6.79801441599 0.0
57849.1274421 6.77797904983 0.0 6.77797904983 0.0
57849.1274884 6.78063418863 0.0 6.78063418863 0.0
57849.1275231 6.7801917377 0.0 6.7801917377 0.0
57849.1275926 6.76025147461 0.0 6.76025147461 0.0
57849.1276505 6.74158735017 0.0 6.74158735017 0.0
57849.1276968 6.74803675153 0.0 6.74803675153 0.0
57849.1277431 6.74396026086 0.0 6.74396026086 0.0
57849.1278125 6.7388426306 0.0 6.7388426306 0.0
57849.1278588 6.72993313488 0.0 6.72993313488 0.0
57849.1279051 6.73283001419 0.0 6.73283001419 0.0
57849.1279514 6.73795221117 0.0 6.73795221117 0.0
57849.1280208 6.73483481609 0.0 6.73483481609 0.0
57849.1280671 6.72807550493 0.0 6.72807550493 0.0
57849.1281134 6.72725798524 0.0 6.72725798524 0.0
57849.1281597 6.7392877962 0.0 6.7392877962 0.0
57849.1282292 6.73698745731 0.0 6.73698745731 0.0
57849.1282755 6.72807550493 0.0 6.72807550493 0.0
57849.1283218 6.72710933463 0.0 6.72710933463 0.0
57849.1283796 6.72807550493 0.0 6.72807550493 0.0
57849.1284491 6.72227640015 0.0 6.72227640015 0.0
57849.1284838 6.72755527662 0.0 6.72755527662 0.0
57849.1285301 6.72190449203 0.0 6.72190449203 0.0
57849.128588 6.71840754941 0.0 6.71840754941 0.0
57849.1286574 6.71900290222 0.0 6.71900290222 0.0
57849.1287037 6.72324326497 0.0 6.72324326497 0.0
57849.1287384 6.72257391183 0.0 6.72257391183 0.0
57849.1287963 6.73134459079 0.0 6.73134459079 0.0
57849.1288657 6.72852138289 0.0 6.72852138289 0.0
57849.128912 6.71505770638 0.0 6.71505770638 0.0
57849.1289583 6.71729112068 0.0 6.71729112068 0.0
57849.1290046 6.72220202017 0.0 6.72220202017 0.0
57849.1290741 6.71654673177 0.0 6.71654673177 0.0
57849.1291204 6.72525092469 0.0 6.72525092469 0.0
57849.1291667 0.790569415042 0.0 0.790569415042 0.0
57849.137581 6.78166646187 0.0 6.78166646187 0.0
57849.1376157 6.72673769371 0.0 6.72673769371 0.0
57849.137662 6.71438753722 0.0 6.71438753722 0.0
57849.1377199 6.70894924709 0.0 6.70894924709 0.0
57849.1377894 6.71297251596 0.0 6.71297251596 0.0
57849.1378356 6.71639784408 0.0 6.71639784408 0.0
57849.1378704 6.71215315677 0.0 6.71215315677 0.0
57849.1379282 6.71096118302 0.0 6.71096118302 0.0
57849.1379977 6.71155719636 0.0 6.71155719636 0.0
57849.138044 6.71438753722 0.0 6.71438753722 0.0
57849.1380903 6.72011904656 0.0 6.72011904656 0.0
57849.1381366 6.7282984476 0.0 6.7282984476 0.0
57849.138206 6.71840754941 0.0 6.71840754941 0.0
57849.1382523 6.71810985323 0.0 6.71810985323 0.0
57849.1382986 6.71729112068 0.0 6.71729112068 0.0
57849.1383449 6.71602561043 0.0 6.71602561043 0.0
57849.1384144 6.71959820227 0.0 6.71959820227 0.0
57849.1384606 6.72562264776 0.0 6.72562264776 0.0
57849.1385069 6.72629169751 0.0 6.72629169751 0.0
57849.1385532 6.72629169751 0.0 6.72629169751 0.0
57849.1386227 6.7172166855 0.0 6.7172166855 0.0
57849.138669 6.71922614592 0.0 6.71922614592 0.0
57849.1387269 6.71937497093 0.0 6.71937497093 0.0
57849.1387616 6.7172166855 0.0 6.7172166855 0.0
57849.138831 6.71438753722 0.0 6.71438753722 0.0
57849.1388773 6.71729112068 0.0 6.71729112068 0.0
57849.1389352 6.71595116123 0.0 6.71595116123 0.0
57849.1389815 6.71222764811 0.0 6.71222764811 0.0
57849.1390509 6.71178068772 0.0 6.71178068772 0.0
57849.1390972 6.71230213861 0.0 6.71230213861 0.0
57849.1391435 6.72205325775 0.0 6.72205325775 0.0
57849.1391898 6.73060175616 0.0 6.73060175616 0.0
57849.1392593 6.75684837776 0.0 6.75684837776 0.0
57849.1393056 6.74106816462 0.0 6.74106816462 0.0
57849.1393519 6.74899992591 0.0 6.74899992591 0.0
57849.1393981 6.75285124966 0.0 6.75285124966 0.0
57849.1394676 6.76801300235 0.0 6.76801300235 0.0
57849.1395139 6.73758116834 0.0 6.73758116834 0.0
57849.1395602 6.73141886975 0.0 6.73141886975 0.0
57849.1396065 6.72004464271 0.0 6.72004464271 0.0
57849.1396759 6.72733230932 0.0 6.72733230932 0.0
57849.1397222 6.72212763937 0.0 6.72212763937 0.0
57849.1397685 6.7167700571 0.0 6.7167700571 0.0
57849.1398148 6.71758885315 0.0 6.71758885315 0.0
57849.1398843 6.71773771444 0.0 6.71773771444 0.0
57849.1399421 6.72525092469 0.0 6.72525092469 0.0
57849.1399884 6.74951850135 0.0 6.74951850135 0.0
57849.1400231 6.73669058218 0.0 6.73669058218 0.0
57849.1400926 6.73691323976 0.0 6.73691323976 0.0
57849.1401505 6.71438753722 0.0 6.71438753722 0.0
57849.1401968 6.71118469423 0.0 6.71118469423 0.0
57849.1402431 6.71118469423 0.0 6.71118469423 0.0
57849.1403125 6.71148269759 0.0 6.71148269759 0.0
57849.1403588 6.7205654524 0.0 6.7205654524 0.0
57849.1404051 6.72398691254 0.0 6.72398691254 0.0
57849.1404514 6.71297251596 0.0 6.71297251596 0.0
57849.1405208 6.70596749172 0.0 6.70596749172 0.0
57849.1405671 6.70581836915 0.0 6.70581836915 0.0
57849.1406134 6.70596749172 0.0 6.70596749172 0.0
57849.1406597 6.70663850226 0.0 6.70663850226 0.0
57849.1407292 6.70350654509 0.0 6.70350654509 0.0
57849.1407755 6.70537098153 0.0 6.70537098153 0.0
57849.1408218 6.71490878568 0.0 6.71490878568 0.0
57849.1408796 6.71088667763 0.0 6.71088667763 0.0
57849.1409491 6.71118469423 0.0 6.71118469423 0.0
57849.1409838 6.70954543915 0.0 6.70954543915 0.0
57849.1410301 6.70909830007 0.0 6.70909830007 0.0
57849.141088 6.7073839908 0.0 6.7073839908 0.0
57849.1411574 6.70104469467 0.0 6.70104469467 0.0
57849.1412037 6.70059698833 0.0 6.70059698833 0.0
57849.1412384 6.70014925207 0.0 6.70014925207 0.0
57849.1412963 6.69761151456 0.0 6.69761151456 0.0
57849.1413657 6.69783547125 0.0 6.69783547125 0.0
57849.141412 6.69693959955 0.0 6.69693959955 0.0
57849.1414583 6.69746220594 0.0 6.69746220594 0.0
57849.1415046 6.69858193949 0.0 6.69858193949 0.0
57849.1415741 6.69962685528 0.0 6.69962685528 0.0
57849.1416204 6.70097007903 0.0 6.70097007903 0.0
57849.1416667 6.70410322116 0.0 6.70410322116 0.0
57849.1514699 6.70089546255 0.0 6.70089546255 0.0
57849.1515046 6.6626571276 0.0 6.6626571276 0.0
57849.1515509 6.65702636317 0.0 6.65702636317 0.0
57849.1516088 6.66363264294 0.0 6.66363264294 0.0
57849.1516782 6.66325746163 0.0 6.66325746163 0.0
57849.1517245 6.66385774158 0.0 6.66385774158 0.0
57849.1517593 6.66805818811 0.0 6.66805818811 0.0
57849.1518171 6.66918285849 0.0 6.66918285849 0.0
57849.1518866 6.66933280021 0.0 6.66933280021 0.0
57849.1519329 6.66130617822 0.0 6.66130617822 0.0
57849.1519792 6.666333325 0.0 6.666333325 0.0
57849.1520255 6.66708332031 0.0 6.66708332031 0.0
57849.1520949 6.65680103353 0.0 6.65680103353 0.0
57849.1521412 6.65972972425 0.0 6.65972972425 0.0
57849.1521875 6.66393277277 0.0 6.66393277277 0.0
57849.1522338 6.6497368369 0.0 6.6497368369 0.0
57849.1523032 6.66175652512 0.0 6.66175652512 0.0
57849.1523495 6.65056388587 0.0 6.65056388587 0.0
57849.1523958 6.65469758892 0.0 6.65469758892 0.0
57849.1524421 6.65439704256 0.0 6.65439704256 0.0
57849.1525116 6.65169151419 0.0 6.65169151419 0.0
57849.1525579 6.66753327701 0.0 6.66753327701 0.0
57849.1526157 6.67015741943 0.0 6.67015741943 0.0
57849.1526505 6.66063060078 0.0 6.66063060078 0.0
57849.1527199 6.65357047006 0.0 6.65357047006 0.0
57849.1527662 6.66010510428 0.0 6.66010510428 0.0
57849.1528241 6.65477272339 0.0 6.65477272339 0.0
57849.1528704 6.65499812171 0.0 6.65499812171 0.0
57849.1529398 6.65927924028 0.0 6.65927924028 0.0
57849.1529861 6.66145629724 0.0 6.66145629724 0.0
57849.1530324 6.6690329134 0.0 6.6690329134 0.0
57849.1530787 6.67600179748 0.0 6.67600179748 0.0
57849.1531481 6.66138123815 0.0 6.66138123815 0.0
57849.1531944 6.6589789007 0.0 6.6589789007 0.0
57849.1532407 6.66070566832 0.0 6.66070566832 0.0
57849.153287 6.65732679084 0.0 6.65732679084 0.0
57849.1533565 6.65665080953 0.0 6.65665080953 0.0
57849.1534028 6.65514838302 0.0 6.65514838302 0.0
57849.1534491 6.66055553239 0.0 6.66055553239 0.0
57849.1534954 6.65266863747 0.0 6.65266863747 0.0
57849.1535648 6.6571765787 0.0 6.6571765787 0.0
57849.1536111 6.65093978322 0.0 6.65093978322 0.0
57849.1536574 6.65740189563 0.0 6.65740189563 0.0
57849.1537037 6.66550823269 0.0 6.66550823269 0.0
57849.1537731 6.66543321923 0.0 6.66543321923 0.0
57849.153831 6.65387105376 0.0 6.65387105376 0.0
57849.1538773 6.66160641287 0.0 6.66160641287 0.0
57849.153912 6.65890381369 0.0 6.65890381369 0.0
57849.1539815 6.65244316022 0.0 6.65244316022 0.0
57849.1540394 6.65529864093 0.0 6.65529864093 0.0
57849.1540856 6.66018017774 0.0 6.66018017774 0.0
57849.1541319 6.66168146942 0.0 6.66168146942 0.0
57849.1542014 6.6552235124 0.0 6.6552235124 0.0
57849.1542477 6.65559914658 0.0 6.65559914658 0.0
57849.154294 6.65957956631 0.0 6.65957956631 0.0
57849.1543403 6.65860345718 0.0 6.65860345718 0.0
57849.1544097 6.65657569626 0.0 6.65657569626 0.0
57849.154456 6.652142512 0.0 6.652142512 0.0
57849.1545023 6.66393277277 0.0 6.66393277277 0.0
57849.1545486 6.66115605582 0.0 6.66115605582 0.0
57849.1546181 6.64793200928 0.0 6.64793200928 0.0
57849.1546644 6.6512404858 0.0 6.6512404858 0.0
57849.1547106 6.65319472134 0.0 6.65319472134 0.0
57849.1547685 6.64823284791 0.0 6.64823284791 0.0
57849.154838 6.65469758892 0.0 6.65469758892 0.0
57849.1548727 6.65770230635 0.0 6.65770230635 0.0
57849.154919 6.6623569403 0.0 6.6623569403 0.0
57849.1549769 6.66078073502 0.0 6.66078073502 0.0
57849.1550463 6.65920415665 0.0 6.65920415665 0.0
57849.1550926 6.66145629724 0.0 6.66145629724 0.0
57849.1551273 6.65702636317 0.0 6.65702636317 0.0
57849.1551852 6.64890968505 0.0 6.64890968505 0.0
57849.1552546 6.6519921828 0.0 6.6519921828 0.0
57849.1553009 6.65266863747 0.0 6.65266863747 0.0
57849.1553472 6.65469758892 0.0 6.65469758892 0.0
57849.1553935 6.65296926192 0.0 6.65296926192 0.0
57849.155463 6.66888296493 0.0 6.66888296493 0.0
57849.1555093 6.6671583152 0.0 6.6671583152 0.0
57849.1555556 1.26451571758 0.0 1.26451571758 0.0
57849.1639699 6.72108622174 0.0 6.72108622174 0.0
57849.1640046 6.68453438917 0.0 6.68453438917 0.0
57849.1640509 6.65905398687 0.0 6.65905398687 0.0
57849.1641088 6.6671583152 0.0 6.6671583152 0.0
57849.1641782 6.66423288909 0.0 6.66423288909 0.0
57849.1642245 6.65972972425 0.0 6.65972972425 0.0
57849.1642593 6.65875363713 0.0 6.65875363713 0.0
57849.1643171 6.65695125414 0.0 6.65695125414 0.0
57849.1643866 6.6546224536 0.0 6.6546224536 0.0
57849.1644329 6.66318242284 0.0 6.66318242284 0.0
57849.1644792 6.67255573225 0.0 6.67255573225 0.0
57849.1645255 6.69021673789 0.0 6.69021673789 0.0
57849.1645949 6.72592001142 0.0 6.72592001142 0.0
57849.1646412 6.69021673789 0.0 6.69021673789 0.0
57849.1646875 6.68931984584 0.0 6.68931984584 0.0
57849.1647338 6.67495318336 0.0 6.67495318336 0.0
57849.1648032 6.6589789007 0.0 6.6589789007 0.0
57849.1648495 6.66198168716 0.0 6.66198168716 0.0
57849.1648958 6.66190663399 0.0 6.66190663399 0.0
57849.1649421 6.67255573225 0.0 6.67255573225 0.0
57849.1650116 6.66400780312 0.0 6.66400780312 0.0
57849.1650579 6.65604987962 0.0 6.65604987962 0.0
57849.1651157 6.65822799249 0.0 6.65822799249 0.0
57849.1651505 6.66063060078 0.0 6.66063060078 0.0
57849.1652199 6.65432190385 0.0 6.65432190385 0.0
57849.1652662 6.65957956631 0.0 6.65957956631 0.0
57849.1653241 6.6623569403 0.0 6.6623569403 0.0
57849.1653704 6.65942940499 0.0 6.65942940499 0.0
57849.1654398 6.67090698481 0.0 6.67090698481 0.0
57849.1654861 6.66123111744 0.0 6.66123111744 0.0
57849.1655324 6.65357047006 0.0 6.65357047006 0.0
57849.1655787 6.65402134051 0.0 6.65402134051 0.0
57849.1656481 6.65695125414 0.0 6.65695125414 0.0
57849.1656944 6.65003759388 0.0 6.65003759388 0.0
57849.1657407 6.64996240591 0.0 6.64996240591 0.0
57849.165787 6.65417162388 0.0 6.65417162388 0.0
57849.1658565 6.64890968505 0.0 6.64890968505 0.0
57849.1659028 6.6480824303 0.0 6.6480824303 0.0
57849.1659491 6.64733029118 0.0 6.64733029118 0.0
57849.1659954 6.64793200928 0.0 6.64793200928 0.0
57849.1660648 6.65206734783 0.0 6.65206734783 0.0
57849.1661111 6.65447218042 0.0 6.65447218042 0.0
57849.1661574 6.65852836594 0.0 6.65852836594 0.0
57849.1662037 6.66520817379 0.0 6.66520817379 0.0
57849.1662731 6.65807780069 0.0 6.65807780069 0.0
57849.166331 6.65469758892 0.0 6.65469758892 0.0
57849.1663773 6.651390832 0.0 6.651390832 0.0
57849.166412 6.65409648262 0.0 6.65409648262 0.0
57849.1664815 6.65514838302 0.0 6.65514838302 0.0
57849.1665394 6.65732679084 0.0 6.65732679084 0.0
57849.1665856 6.65071424736 0.0 6.65071424736 0.0
57849.1666319 6.66430791606 0.0 6.66430791606 0.0
57849.1667014 6.6599549548 0.0 6.6599549548 0.0
57849.1667477 6.66475806012 0.0 6.66475806012 0.0
57849.166794 6.66220684158 0.0 6.66220684158 0.0
57849.1668403 6.65499812171 0.0 6.65499812171 0.0
57849.1669097 6.64913528213 0.0 6.64913528213 0.0
57849.166956 6.66648333081 0.0 6.66648333081 0.0
57849.1670023 6.66325746163 0.0 6.66325746163 0.0
57849.1670486 6.65815289701 0.0 6.65815289701 0.0
57849.1671181 6.64928567592 0.0 6.64928567592 0.0
57849.1671644 6.65266863747 0.0 6.65266863747 0.0
57849.1672106 6.65086460545 0.0 6.65086460545 0.0
57849.1672685 6.66115605582 0.0 6.66115605582 0.0
57849.167338 6.65041352098 0.0 6.65041352098 0.0
57849.1673727 6.65349532201 0.0 6.65349532201 0.0
57849.167419 6.65063906704 0.0 6.65063906704 0.0
57849.1674769 6.64793200928 0.0 6.64793200928 0.0
57849.1675463 6.65191701692 0.0 6.65191701692 0.0
57849.1675926 6.6515411748 0.0 6.6515411748 0.0
57849.1676273 6.65394619756 0.0 6.65394619756 0.0
57849.1676852 6.65387105376 0.0 6.65387105376 0.0
57849.1677546 6.64838326212 0.0 6.64838326212 0.0
57849.1678009 6.65244316022 0.0 6.65244316022 0.0
57849.1678472 6.64898488493 0.0 6.64898488493 0.0
57849.1678935 6.65845327385 0.0 6.65845327385 0.0
57849.167963 6.66363264294 0.0 6.66363264294 0.0
57849.1680093 6.65454731744 0.0 6.65454731744 0.0
57849.1680556 0.933809402394 0.0 0.933809402394 0.0
57849.1764699 6.65041352098 0.0 6.65041352098 0.0
57849.1765046 6.64725507258 0.0 6.64725507258 0.0
57849.1765509 6.62849907596 0.0 6.62849907596 0.0
57849.1766088 6.62231077495 0.0 6.62231077495 0.0
57849.1766782 6.62261277745 0.0 6.62261277745 0.0
57849.1767245 6.62555658039 0.0 6.62555658039 0.0
57849.1767593 6.63121406682 0.0 6.63121406682 0.0
57849.1768171 6.62744294581 0.0 6.62744294581 0.0
57849.1768866 6.62283927028 0.0 6.62283927028 0.0
57849.1769329 6.62804646936 0.0 6.62804646936 0.0
57849.1769792 6.626311191 0.0 6.626311191 0.0
57849.1770255 6.62533018045 0.0 6.62533018045 0.0
57849.1770949 6.626311191 0.0 6.626311191 0.0
57849.1771412 6.62253727811 0.0 6.62253727811 0.0
57849.1771875 6.62163121897 0.0 6.62163121897 0.0
57849.1772338 6.6268393673 0.0 6.6268393673 0.0
57849.1773032 6.62955503786 0.0 6.62955503786 0.0
57849.1773495 6.62049847066 0.0 6.62049847066 0.0
57849.1773958 6.62374516418 0.0 6.62374516418 0.0
57849.1774421 6.63400331625 0.0 6.63400331625 0.0
57849.1775116 6.63189264087 0.0 6.63189264087 0.0
57849.1775579 6.6211781429 0.0 6.6211781429 0.0
57849.1776157 6.62774471446 0.0 6.62774471446 0.0
57849.1776505 6.62480188383 0.0 6.62480188383 0.0
57849.1777199 6.62608481684 0.0 6.62608481684 0.0
57849.1777662 6.61974319744 0.0 6.61974319744 0.0
57849.1778241 6.62095159324 0.0 6.62095159324 0.0
57849.1778704 6.62042294721 0.0 6.62042294721 0.0
57849.1779398 6.61891229735 0.0 6.61891229735 0.0
57849.1779861 6.62170672863 0.0 6.62170672863 0.0
57849.1780324 6.62442450331 0.0 6.62442450331 0.0
57849.1780787 6.62925335162 0.0 6.62925335162 0.0
57849.1781481 6.63257114549 0.0 6.63257114549 0.0
57849.1781944 6.62932877447 0.0 6.62932877447 0.0
57849.1782407 6.63242037268 0.0 6.63242037268 0.0
57849.178287 6.64258985637 0.0 6.64258985637 0.0
57849.1783565 6.63046001421 0.0 6.63046001421 0.0
57849.1784028 6.62540564796 0.0 6.62540564796 0.0
57849.1784491 6.62970587583 0.0 6.62970587583 0.0
57849.1784954 6.63038460423 0.0 6.63038460423 0.0
57849.1785648 6.62291476617 0.0 6.62291476617 0.0
57849.1786111 6.62699026708 0.0 6.62699026708 0.0
57849.1786574 6.62533018045 0.0 6.62533018045 0.0
57849.1787037 6.62389613445 0.0 6.62389613445 0.0
57849.1787731 6.62246177792 0.0 6.62246177792 0.0
57849.178831 6.6246509342 0.0 6.6246509342 0.0
57849.1788773 6.62548111461 0.0 6.62548111461 0.0
57849.178912 6.62699026708 0.0 6.62699026708 0.0
57849.1789815 6.63694206695 0.0 6.63694206695 0.0
57849.1790394 6.62480188383 0.0 6.62480188383 0.0
57849.1790856 6.6192144549 0.0 6.6192144549 0.0
57849.1791319 6.62208426404 0.0 6.62208426404 0.0
57849.1792014 6.61913891681 0.0 6.61913891681 0.0
57849.1792477 6.62087607496 0.0 6.62087607496 0.0
57849.179294 6.61725018418 0.0 6.61725018418 0.0
57849.1793403 6.61868567013 0.0 6.61868567013 0.0
57849.1794097 6.61793019002 0.0 6.61793019002 0.0
57849.179456 6.62548111461 0.0 6.62548111461 0.0
57849.1795023 6.62427354508 0.0 6.62427354508 0.0
57849.1795486 6.62427354508 0.0 6.62427354508 0.0
57849.1796181 6.61944106402 0.0 6.61944106402 0.0
57849.1796644 6.62525471208 0.0 6.62525471208 0.0
57849.1797106 6.62427354508 0.0 6.62427354508 0.0
57849.1797685 6.62517924286 0.0 6.62517924286 0.0
57849.179838 6.62314124868 0.0 6.62314124868 0.0
57849.1798727 6.62261277745 0.0 6.62261277745 0.0
57849.179919 6.61944106402 0.0 6.61944106402 0.0
57849.1799769 6.61913891681 0.0 6.61913891681 0.0
57849.1800463 6.61626783013 0.0 6.61626783013 0.0
57849.1800926 6.61785463727 0.0 6.61785463727 0.0
57849.1801273 6.61793019002 0.0 6.61793019002 0.0
57849.1801852 6.61369790662 0.0 6.61369790662 0.0
57849.1802546 6.6213291717 0.0 6.6213291717 0.0
57849.1803009 6.62419806467 0.0 6.62419806467 0.0
57849.1803472 6.62472640945 0.0 6.62472640945 0.0
57849.1803935 6.62004531707 0.0 6.62004531707 0.0
57849.180463 6.61740130263 0.0 6.61740130263 0.0
57849.1805093 6.63347571036 0.0 6.63347571036 0.0
57849.1805556 6.63611332031 0.0 6.63611332031 0.0
57849.1889699 6.68273895944 0.0 6.68273895944 0.0
57849.1890046 6.64492287389 0.0 6.64492287389 0.0
57849.1890509 6.63370183231 0.0 6.63370183231 0.0
57849.1891088 6.63287268082 0.0 6.63287268082 0.0
57849.1891782 6.61815684311 0.0 6.61815684311 0.0
57849.1892245 6.63106326316 0.0 6.63106326316 0.0
57849.1892593 6.6302337817 0.0 6.6302337817 0.0
57849.1893171 6.62827277652 0.0 6.62827277652 0.0
57849.1893866 6.63920175925 0.0 6.63920175925 0.0
57849.1894329 6.62789559363 0.0 6.62789559363 0.0
57849.1894792 6.6367160554 0.0 6.6367160554 0.0
57849.1895255 6.63438015191 0.0 6.63438015191 0.0
57849.1895949 6.62336772345 0.0 6.62336772345 0.0
57849.1896412 6.61928999214 0.0 6.61928999214 0.0
57849.1896875 6.6213291717 0.0 6.6213291717 0.0
57849.1897338 6.62246177792 0.0 6.62246177792 0.0
57849.1898032 6.62140468481 0.0 6.62140468481 0.0
57849.1898495 6.61989425897 0.0 6.61989425897 0.0
57849.1898958 6.62185774538 0.0 6.62185774538 0.0
57849.1899421 6.62442450331 0.0 6.62442450331 0.0
57849.1900116 6.62864993796 0.0 6.62864993796 0.0
57849.1900579 6.61898783803 0.0 6.61898783803 0.0
57849.1901157 6.63015836915 0.0 6.63015836915 0.0
57849.1901505 6.63324958071 0.0 6.63324958071 0.0
57849.1902199 6.62766927358 0.0 6.62766927358 0.0
57849.1902662 6.62676391612 0.0 6.62676391612 0.0
57849.1903241 6.63242037268 0.0 6.63242037268 0.0
57849.1903704 6.6425145841 0.0 6.6425145841 0.0
57849.1904398 6.64793200928 0.0 6.64793200928 0.0
57849.1904861 6.62895165166 0.0 6.62895165166 0.0
57849.1905324 6.64424563062 0.0 6.64424563062 0.0
57849.1905787 6.650112781 0.0 6.650112781 0.0
57849.1906481 6.63852393232 0.0 6.63852393232 0.0
57849.1906944 6.64349305712 0.0 6.64349305712 0.0
57849.1907407 6.65424676429 0.0 6.65424676429 0.0
57849.190787 6.66573326799 0.0 6.66573326799 0.0
57849.1908565 6.64748072581 0.0 6.64748072581 0.0
57849.1909028 6.62827277652 0.0 6.62827277652 0.0
57849.1909491 6.62351870232 0.0 6.62351870232 0.0
57849.1909954 6.62714116343 0.0 6.62714116343 0.0
57849.1910648 6.63151566386 0.0 6.63151566386 0.0
57849.1911111 6.63588728054 0.0 6.63588728054 0.0
57849.1911574 6.63807200925 0.0 6.63807200925 0.0
57849.1912037 6.63370183231 0.0 6.63370183231 0.0
57849.1912731 6.62563204532 0.0 6.62563204532 0.0
57849.191331 6.62812190594 0.0 6.62812190594 0.0
57849.1913773 6.63000754147 0.0 6.63000754147 0.0
57849.191412 6.62827277652 0.0 6.62827277652 0.0
57849.1914815 6.6239716183 0.0 6.6239716183 0.0
57849.1915394 6.62593389644 0.0 6.62593389644 0.0
57849.1915856 6.63204342567 0.0 6.63204342567 0.0
57849.1916319 6.6239716183 0.0 6.6239716183 0.0
57849.1917014 6.62351870232 0.0 6.62351870232 0.0
57849.1917477 6.626311191 0.0 6.626311191 0.0
57849.191794 6.63061083159 0.0 6.63061083159 0.0
57849.1918403 6.63242037268 0.0 6.63242037268 0.0
57849.1919097 6.63837329472 0.0 6.63837329472 0.0
57849.191956 6.64078308635 0.0 6.64078308635 0.0
57849.1920023 6.63498304444 0.0 6.63498304444 0.0
57849.1920486 6.6407077936 0.0 6.6407077936 0.0
57849.1921181 6.64228876217 0.0 6.64228876217 0.0
57849.1921644 6.62993212635 0.0 6.62993212635 0.0
57849.1922106 6.63792136139 0.0 6.63792136139 0.0
57849.1922685 6.65695125414 0.0 6.65695125414 0.0
57849.192338 6.65109013621 0.0 6.65109013621 0.0
57849.1923727 6.6537959091 0.0 6.6537959091 0.0
57849.192419 6.64755594185 0.0 6.64755594185 0.0
57849.1924769 6.6372434037 0.0 6.6372434037 0.0
57849.1925463 6.64100895949 0.0 6.64100895949 0.0
57849.1925926 6.62623573381 0.0 6.62623573381 0.0
57849.1926273 6.62985671037 0.0 6.62985671037 0.0
57849.1926852 6.63340033467 0.0 6.63340033467 0.0
57849.1927546 6.63038460423 0.0 6.63038460423 0.0
57849.1928009 6.63460624303 0.0 6.63460624303 0.0
57849.1928472 6.64552480998 0.0 6.64552480998 0.0
57849.1928935 6.65680103353 0.0 6.65680103353 0.0
57849.192963 6.65357047006 0.0 6.65357047006 0.0
57849.1930093 6.63272191487 0.0 6.63272191487 0.0
57849.1930556 2.32012930674 0.0 2.32012930674 0.0
57849.2027894 6.72614302554 0.0 6.72614302554 0.0
57849.2028588 6.67802365974 0.0 6.67802365974 0.0
57849.2029051 6.65048870385 0.0 6.65048870385 0.0
57849.2029398 6.64853367292 0.0 6.64853367292 0.0
57849.2029977 6.65935432306 0.0 6.65935432306 0.0
57849.2030671 6.64725507258 0.0 6.64725507258 0.0
57849.2031134 6.63626400921 0.0 6.63626400921 0.0
57849.2031597 6.6355858822 0.0 6.6355858822 0.0
57849.203206 6.63249575952 0.0 6.63249575952 0.0
57849.2032755 6.63528447016 0.0 6.63528447016 0.0
57849.2033218 6.62932877447 0.0 6.62932877447 0.0
57849.2033681 6.63566123306 0.0 6.63566123306 0.0
57849.2034144 6.63822265369 0.0 6.63822265369 0.0
57849.2034838 6.63618866519 0.0 6.63618866519 0.0
57849.2035301 6.63611332031 0.0 6.63611332031 0.0
57849.2035764 6.63656537676 0.0 6.63656537676 0.0
57849.2036227 6.63566123306 0.0 6.63566123306 0.0
57849.2036921 6.63995481912 0.0 6.63995481912 0.0
57849.2037384 6.6431167384 0.0 6.6431167384 0.0
57849.2037963 6.64040661406 0.0 6.64040661406 0.0
57849.203831 6.63513375901 0.0 6.63513375901 0.0
57849.2039005 6.62932877447 0.0 6.62932877447 0.0
57849.2039468 6.62540564796 0.0 6.62540564796 0.0
57849.2040046 6.63053542333 0.0 6.63053542333 0.0
57849.2040509 6.63942768618 0.0 6.63942768618 0.0
57849.2041204 6.64567528548 0.0 6.64567528548 0.0
57849.2041551 6.62985671037 0.0 6.62985671037 0.0
57849.204213 6.6246509342 0.0 6.6246509342 0.0
57849.2042593 6.63498304444 0.0 6.63498304444 0.0
57849.2043287 6.63852393232 0.0 6.63852393232 0.0
57849.204375 6.63965360542 0.0 6.63965360542 0.0
57849.2044213 6.64266512779 0.0 6.64266512779 0.0
57849.2044676 6.64823284791 0.0 6.64823284791 0.0
57849.204537 6.63596262798 0.0 6.63596262798 0.0
57849.2045833 6.64537433107 0.0 6.64537433107 0.0
57849.2046296 6.64085837825 0.0 6.64085837825 0.0
57849.2046759 6.63543517789 0.0 6.63543517789 0.0
57849.2047454 6.63596262798 0.0 6.63596262798 0.0
57849.2047917 6.6355858822 0.0 6.6355858822 0.0
57849.204838 6.63211881679 0.0 6.63211881679 0.0
57849.2048843 6.64228876217 0.0 6.64228876217 0.0
57849.2049537 6.65432190385 0.0 6.65432190385 0.0
57849.2050116 6.64281566807 0.0 6.64281566807 0.0
57849.2050463 6.65281895139 0.0 6.65281895139 0.0
57849.2050926 6.65447218042 0.0 6.65447218042 0.0
57849.205162 6.68064368156 0.0 6.68064368156 0.0
57849.2052199 6.65281895139 0.0 6.65281895139 0.0
57849.2052662 6.64657806695 0.0 6.64657806695 0.0
57849.2053009 6.65417162388 0.0 6.65417162388 0.0
57849.2053819 6.66948273856 0.0 6.66948273856 0.0
57849.2054282 6.68288859701 0.0 6.68288859701 0.0
57849.2054745 6.73579987826 0.0 6.73579987826 0.0
57849.2055208 6.76150870738 0.0 6.76150870738 0.0
57849.2055903 6.66130617822 0.0 6.66130617822 0.0
57849.2056366 6.64123482494 0.0 6.64123482494 0.0
57849.2056829 6.64815763953 0.0 6.64815763953 0.0
57849.2057292 6.64349305712 0.0 6.64349305712 0.0
57849.2057986 6.63905113702 0.0 6.63905113702 0.0
57849.2058449 6.63882519728 0.0 6.63882519728 0.0
57849.2058912 6.63505840215 0.0 6.63505840215 0.0
57849.2059375 6.63920175925 0.0 6.63920175925 0.0
57849.2060185 6.64710463285 0.0 6.64710463285 0.0
57849.2060532 6.6416865328 0.0 6.6416865328 0.0
57849.2060995 6.63987951698 0.0 6.63987951698 0.0
57849.2061574 6.64033131704 0.0 6.64033131704 0.0
57849.2062269 6.66175652512 0.0 6.66175652512 0.0
57849.2062731 6.65176668262 0.0 6.65176668262 0.0
57849.2063079 6.65364561725 0.0 6.65364561725 0.0
57849.2063657 6.65665080953 0.0 6.65665080953 0.0
57849.2064352 6.66258208205 0.0 6.66258208205 0.0
57849.2064815 6.6469541897 0.0 6.6469541897 0.0
57849.2065278 6.63987951698 0.0 6.63987951698 0.0
57849.2065741 6.642364037 0.0 6.642364037 0.0
57849.2066435 6.64921047945 0.0 6.64921047945 0.0
57849.2066898 6.64364357864 0.0 6.64364357864 0.0
57849.2067361 6.65499812171 0.0 6.65499812171 0.0
57849.2067824 6.66055553239 0.0 6.66055553239 0.0
57849.2068519 6.6631073832 0.0 6.6631073832 0.0
57849.2068981 6.642364037 0.0 6.642364037 0.0
57849.2069444 1.03295692069 0.0 1.03295692069 0.0
57849.2139005 6.7979408647 0.0 6.7979408647 0.0
57849.2139699 6.73253295573 0.0 6.73253295573 0.0
57849.2140162 6.68199072133 0.0 6.68199072133 0.0
57849.2140509 6.6598798788 0.0 6.6598798788 0.0
57849.2141088 6.66498312076 0.0 6.66498312076 0.0
57849.2141782 6.65394619756 0.0 6.65394619756 0.0
57849.2142245 6.64996240591 0.0 6.64996240591 0.0
57849.2142708 6.64943606631 0.0 6.64943606631 0.0
57849.2143171 6.65063906704 0.0 6.65063906704 0.0
57849.2143866 6.65604987962 0.0 6.65604987962 0.0
57849.2144329 6.6480824303 0.0 6.6480824303 0.0
57849.2144792 6.64936087154 0.0 6.64936087154 0.0
57849.2145255 6.64733029118 0.0 6.64733029118 0.0
57849.2145949 6.65244316022 0.0 6.65244316022 0.0
57849.2146412 6.65402134051 0.0 6.65402134051 0.0
57849.2146875 6.65417162388 0.0 6.65417162388 0.0
57849.2147338 6.65093978322 0.0 6.65093978322 0.0
57849.2148032 6.65026315269 0.0 6.65026315269 0.0
57849.2148495 6.66220684158 0.0 6.66220684158 0.0
57849.2149074 6.67562731135 0.0 6.67562731135 0.0
57849.2149421 6.67090698481 0.0 6.67090698481 0.0
57849.2150116 6.6687330131 0.0 6.6687330131 0.0
57849.2150579 6.65695125414 0.0 6.65695125414 0.0
57849.2151157 6.66093086588 0.0 6.66093086588 0.0
57849.215162 6.66543321923 0.0 6.66543321923 0.0
57849.2152315 6.66400780312 0.0 6.66400780312 0.0
57849.2152662 6.66018017774 0.0 6.66018017774 0.0
57849.2153241 6.66423288909 0.0 6.66423288909 0.0
57849.2153704 6.66580827807 0.0 6.66580827807 0.0
57849.2154398 6.6623569403 0.0 6.6623569403 0.0
57849.2154861 6.66078073502 0.0 6.66078073502 0.0
57849.2155324 6.66183157998 0.0 6.66183157998 0.0
57849.2155787 6.66258208205 0.0 6.66258208205 0.0
57849.2156481 6.66415786128 0.0 6.66415786128 0.0
57849.2156944 6.66543321923 0.0 6.66543321923 0.0
57849.2157407 6.66168146942 0.0 6.66168146942 0.0
57849.215787 6.66798320334 0.0 6.66798320334 0.0
57849.2158565 6.66490810139 0.0 6.66490810139 0.0
57849.2159028 6.65612499883 0.0 6.65612499883 0.0
57849.2159491 6.65815289701 0.0 6.65815289701 0.0
57849.2159954 6.66940776981 0.0 6.66940776981 0.0
57849.2160648 6.67697536314 0.0 6.67697536314 0.0
57849.2161227 6.68371154375 0.0 6.68371154375 0.0
57849.2161574 6.67817340296 0.0 6.67817340296 0.0
57849.2162037 6.68438478845 0.0 6.68438478845 0.0
57849.2162731 6.67337995322 0.0 6.67337995322 0.0
57849.216331 6.66228189136 0.0 6.66228189136 0.0
57849.2163773 6.66340753669 0.0 6.66340753669 0.0
57849.216412 6.66378270954 0.0 6.66378270954 0.0
57849.2164931 6.66130617822 0.0 6.66130617822 0.0
57849.2165394 6.66085580087 0.0 6.66085580087 0.0
57849.2165856 6.66655833245 0.0 6.66655833245 0.0
57849.2166319 6.66280721618 0.0 6.66280721618 0.0
57849.2167014 6.65875363713 0.0 6.65875363713 0.0
57849.2167477 6.66333249958 0.0 6.66333249958 0.0
57849.216794 6.66580827807 0.0 6.66580827807 0.0
57849.2168403 6.66753327701 0.0 6.66753327701 0.0
57849.2169097 6.66775824397 0.0 6.66775824397 0.0
57849.216956 6.66340753669 0.0 6.66340753669 0.0
57849.2170023 6.66745828633 0.0 6.66745828633 0.0
57849.2170486 6.66730830246 0.0 6.66730830246 0.0
57849.2171296 6.66483308118 0.0 6.66483308118 0.0
57849.2171644 6.66048046315 0.0 6.66048046315 0.0
57849.2172106 6.666933328 0.0 6.666933328 0.0
57849.2172685 6.66423288909 0.0 6.66423288909 0.0
57849.217338 6.67105688778 0.0 6.67105688778 0.0
57849.2173843 6.67367964469 0.0 6.67367964469 0.0
57849.217419 6.66993253339 0.0 6.66993253339 0.0
57849.2174769 6.66498312076 0.0 6.66498312076 0.0
57849.2175463 6.65762720494 0.0 6.65762720494 0.0
57849.2175926 6.65710147136 0.0 6.65710147136 0.0
57849.2176389 6.66025525036 0.0 6.66025525036 0.0
57849.2176852 6.6552235124 0.0 6.6552235124 0.0
57849.2177546 6.65807780069 0.0 6.65807780069 0.0
57849.2178009 6.66183157998 0.0 6.66183157998 0.0
57849.2178472 6.65544889545 0.0 6.65544889545 0.0
57849.2178935 6.65852836594 0.0 6.65852836594 0.0
57849.217963 6.66205673948 0.0 6.66205673948 0.0
57849.2180093 6.66175652512 0.0 6.66175652512 0.0
57849.2180556 6.66408283262 0.0 6.66408283262 0.0
57849.2250116 6.76882559976 0.0 6.76882559976 0.0
57849.225081 6.72123500556 0.0 6.72123500556 0.0
57849.2251273 6.71550444866 0.0 6.71550444866 0.0
57849.225162 6.70611661098 0.0 6.70611661098 0.0
57849.2252199 6.70305900317 0.0 6.70305900317 0.0
57849.2252894 6.68154173825 0.0 6.68154173825 0.0
57849.2253356 6.68064368156 0.0 6.68064368156 0.0
57849.2253819 6.68468398655 0.0 6.68468398655 0.0
57849.2254282 6.68386115954 0.0 6.68386115954 0.0
57849.2254977 6.68229002663 0.0 6.68229002663 0.0
57849.225544 6.68595542911 0.0 6.68595542911 0.0
57849.2255903 6.69820871577 0.0 6.69820871577 0.0
57849.2256366 6.68760046654 0.0 6.68760046654 0.0
57849.225706 6.67705024693 0.0 6.67705024693 0.0
57849.2257523 6.69328021227 0.0 6.69328021227 0.0
57849.2257986 6.69567024278 0.0 6.69567024278 0.0
57849.2258449 6.67914665208 0.0 6.67914665208 0.0
57849.2259144 6.69029147347 0.0 6.69029147347 0.0
57849.2259606 6.68386115954 0.0 6.68386115954 0.0
57849.2260185 6.68961882322 0.0 6.68961882322 0.0
57849.2260532 6.68894610533 0.0 6.68894610533 0.0
57849.2261227 6.69014200148 0.0 6.69014200148 0.0
57849.226169 6.6874509344 0.0 6.6874509344 0.0
57849.2262269 6.68303823122 0.0 6.68303823122 0.0
57849.2262731 6.68752570089 0.0 6.68752570089 0.0
57849.2263426 6.68588064506 0.0 6.68588064506 0.0
57849.2263773 6.68647889401 0.0 6.68647889401 0.0
57849.2264352 6.68700231793 0.0 6.68700231793 0.0
57849.2264815 6.69178600973 0.0 6.69178600973 0.0
57849.2265509 6.70268602875 0.0 6.70268602875 0.0
57849.2265972 6.69044094212 0.0 6.69044094212 0.0
57849.2266435 6.69156185057 0.0 6.69156185057 0.0
57849.2266898 6.68632933679 0.0 6.68632933679 0.0
57849.2267593 6.69410188151 0.0 6.69410188151 0.0
57849.2268056 6.68931984584 0.0 6.68931984584 0.0
57849.2268519 6.69514749651 0.0 6.69514749651 0.0
57849.2268981 6.69544621366 0.0 6.69544621366 0.0
57849.2269676 6.69313080703 0.0 6.69313080703 0.0
57849.2270139 6.70290981589 0.0 6.70290981589 0.0
57849.2270602 6.69103878333 0.0 6.69103878333 0.0
57849.2271065 6.69850729641 0.0 6.69850729641 0.0
57849.2271759 6.68879660328 0.0 6.68879660328 0.0
57849.2272338 6.7 0.0 6.7 0.0
57849.2272685 6.69305610316 0.0 6.69305610316 0.0
57849.2273148 6.69835800775 0.0 6.69835800775 0.0
57849.2273843 6.69440064532 0.0 6.69440064532 0.0
57849.2274421 6.68752570089 0.0 6.68752570089 0.0
57849.2274884 6.68939459144 0.0 6.68939459144 0.0
57849.2275231 6.691935445 0.0 6.691935445 0.0
57849.2276042 6.69529685675 0.0 6.69529685675 0.0
57849.2276505 6.69171129084 0.0 6.69171129084 0.0
57849.2276968 6.69118823528 0.0 6.69118823528 0.0
57849.2277431 6.69455002222 0.0 6.69455002222 0.0
57849.2278125 6.69298139845 0.0 6.69298139845 0.0
57849.2278588 6.68827331977 0.0 6.68827331977 0.0
57849.2279051 6.6909640561 0.0 6.6909640561 0.0
57849.2279514 6.68730139892 0.0 6.68730139892 0.0
57849.2280208 6.69245844216 0.0 6.69245844216 0.0
57849.2280671 6.69178600973 0.0 6.69178600973 0.0
57849.2281134 6.69178600973 0.0 6.69178600973 0.0
57849.2281597 6.69298139845 0.0 6.69298139845 0.0
57849.2282407 6.69014200148 0.0 6.69014200148 0.0
57849.2282755 6.69350431389 0.0 6.69350431389 0.0
57849.2283218 6.6938777999 0.0 6.6938777999 0.0
57849.2283796 6.69679027595 0.0 6.69679027595 0.0
57849.2284491 6.69522217705 0.0 6.69522217705 0.0
57849.2284954 6.68961882322 0.0 6.68961882322 0.0
57849.2285301 6.68812380268 0.0 6.68812380268 0.0
57849.228588 6.69051567519 0.0 6.69051567519 0.0
57849.2286574 6.69275727933 0.0 6.69275727933 0.0
57849.2287037 6.69417657371 0.0 6.69417657371 0.0
57849.22875 6.69604360798 0.0 6.69604360798 0.0
57849.2287963 6.69888050349 0.0 6.69888050349 0.0
57849.2288657 6.69977611566 0.0 6.69977611566 0.0
57849.228912 6.7 0.0 6.7 0.0
57849.2289583 6.69469939579 0.0 6.69469939579 0.0
57849.2290046 6.69611827853 0.0 6.69611827853 0.0
57849.2290741 6.70596749172 0.0 6.70596749172 0.0
57849.2291204 6.70119392347 0.0 6.70119392347 0.0
57849.2291667 6.6958942644 0.0 6.6958942644 0.0
57849.2361227 6.80778965597 0.0 6.80778965597 0.0
57849.2361921 6.75522020366 0.0 6.75522020366 0.0
57849.2362384 6.72287141034 0.0 6.72287141034 0.0
57849.2362731 6.70641483954 0.0 6.70641483954 0.0
57849.236331 6.70798032197 0.0 6.70798032197 0.0
57849.2364005 6.71006706375 0.0 6.71006706375 0.0
57849.2364468 6.704326961 0.0 6.704326961 0.0
57849.2364931 6.70708580533 0.0 6.70708580533 0.0
57849.2365394 6.70812939649 0.0 6.70812939649 0.0
57849.2366088 6.70798032197 0.0 6.70798032197 0.0
57849.2366551 6.71267457874 0.0 6.71267457874 0.0
57849.2367014 6.71364282636 0.0 6.71364282636 0.0
57849.2367477 6.71014157824 0.0 6.71014157824 0.0
57849.2368171 6.71215315677 0.0 6.71215315677 0.0
57849.2368634 6.71029060474 0.0 6.71029060474 0.0
57849.2369097 6.71051413828 0.0 6.71051413828 0.0
57849.236956 6.71051413828 0.0 6.71051413828 0.0
57849.2370255 6.71155719636 0.0 6.71155719636 0.0
57849.2370718 6.7102160919 0.0 6.7102160919 0.0
57849.2371296 6.7082039325 0.0 6.7082039325 0.0
57849.2371644 6.7131959602 0.0 6.7131959602 0.0
57849.2372338 6.71699337502 0.0 6.71699337502 0.0
57849.2372801 6.7106631565 0.0 6.7106631565 0.0
57849.237338 6.71751442127 0.0 6.71751442127 0.0
57849.2373843 6.7183331266 0.0 6.7183331266 0.0
57849.2374537 6.71327043996 0.0 6.71327043996 0.0
57849.2374884 6.71490878568 0.0 6.71490878568 0.0
57849.2375463 6.71006706375 0.0 6.71006706375 0.0
57849.2375926 6.71267457874 0.0 6.71267457874 0.0
57849.237662 6.71371730117 0.0 6.71371730117 0.0
57849.2377083 6.71274906428 0.0 6.71274906428 0.0
57849.2377546 6.70961995943 0.0 6.70961995943 0.0
57849.2378009 6.71185518318 0.0 6.71185518318 0.0
57849.2378704 6.70984351531 0.0 6.70984351531 0.0
57849.2379167 6.71394072062 0.0 6.71394072062 0.0
57849.237963 6.72041665375 0.0 6.72041665375 0.0
57849.2380093 6.72354073387 0.0 6.72354073387 0.0
57849.2380787 6.73149314788 0.0 6.73149314788 0.0
57849.238125 6.70611661098 0.0 6.70611661098 0.0
57849.2381713 6.70693670762 0.0 6.70693670762 0.0
57849.2382176 6.70917282532 0.0 6.70917282532 0.0
57849.238287 6.71654673177 0.0 6.71654673177 0.0
57849.2383449 6.71163169431 0.0 6.71163169431 0.0
57849.2383796 6.70768216301 0.0 6.70768216301 0.0
57849.2384259 6.71245111714 0.0 6.71245111714 0.0
57849.2384954 6.71081217141 0.0 6.71081217141 0.0
57849.2385532 6.70410322116 0.0 6.70410322116 0.0
57849.2385995 6.70619116936 0.0 6.70619116936 0.0
57849.2386343 6.70880019079 0.0 6.70880019079 0.0
57849.2387153 6.70984351531 0.0 6.70984351531 0.0
57849.2387616 6.70492356407 0.0 6.70492356407 0.0
57849.2388079 6.7105886478 0.0 6.7105886478 0.0
57849.2388542 6.7130469982 0.0 6.7130469982 0.0
57849.2389236 6.71654673177 0.0 6.71654673177 0.0
57849.2389699 6.71699337502 0.0 6.71699337502 0.0
57849.2390162 6.70872566141 0.0 6.70872566141 0.0
57849.2390625 6.71192967782 0.0 6.71192967782 0.0
57849.2391319 6.71453646948 0.0 6.71453646948 0.0
57849.2391782 6.71952379265 0.0 6.71952379265 0.0
57849.2392245 6.71267457874 0.0 6.71267457874 0.0
57849.2392708 6.7184819714 0.0 6.7184819714 0.0
57849.2393519 6.71088667763 0.0 6.71088667763 0.0
57849.2393866 6.7158767112 0.0 6.7158767112 0.0
57849.2394329 6.71140819799 0.0 6.71140819799 0.0
57849.2394907 6.71617450637 0.0 6.71617450637 0.0
57849.2395602 6.72302015466 0.0 6.72302015466 0.0
57849.2396065 6.72123500556 0.0 6.72123500556 0.0
57849.2396412 6.71796100018 0.0 6.71796100018 0.0
57849.2396991 6.716323399 0.0 6.716323399 0.0
57849.2397685 6.71729112068 0.0 6.71729112068 0.0
57849.2398148 6.7219788753 0.0 6.7219788753 0.0
57849.2398611 6.74788855865 0.0 6.74788855865 0.0
57849.2399074 6.75292529205 0.0 6.75292529205 0.0
57849.2399769 6.7435154037 0.0 6.7435154037 0.0
57849.2400231 6.72249953514 0.0 6.72249953514 0.0
57849.2400694 6.72978454336 0.0 6.72978454336 0.0
57849.2401157 6.73364685739 0.0 6.73364685739 0.0
57849.2401852 6.72837276019 0.0 6.72837276019 0.0
57849.2402315 6.72406127277 0.0 6.72406127277 0.0
57849.2402778 1.40071410359 0.0 1.40071410359 0.0
57849.2500116 6.88236877826 0.0 6.88236877826 0.0
57849.250081 6.81432315054 0.0 6.81432315054 0.0
57849.2501273 6.78851972082 0.0 6.78851972082 0.0
57849.250162 6.7736991371 0.0 6.7736991371 0.0
57849.2502199 6.78594134958 0.0 6.78594134958 0.0
57849.2502894 6.78660445289 0.0 6.78660445289 0.0
57849.2503356 6.75514618643 0.0 6.75514618643 0.0
57849.2503819 6.77200118133 0.0 6.77200118133 0.0
57849.2504282 6.78210881659 0.0 6.78210881659 0.0
57849.2504977 6.77259182293 0.0 6.77259182293 0.0
57849.250544 6.75751433591 0.0 6.75751433591 0.0
57849.2505903 6.75566429006 0.0 6.75566429006 0.0
57849.2506366 6.76705253415 0.0 6.76705253415 0.0
57849.250706 6.76720030736 0.0 6.76720030736 0.0
57849.2507523 6.77399439031 0.0 6.77399439031 0.0
57849.2507986 6.78734115836 0.0 6.78734115836 0.0
57849.2508449 6.79323192597 0.0 6.79323192597 0.0
57849.2509144 6.815570409 0.0 6.815570409 0.0
57849.2509606 6.79897051031 0.0 6.79897051031 0.0
57849.2510185 6.80323452484 0.0 6.80323452484 0.0
57849.2510532 6.80918497325 0.0 6.80918497325 0.0
57849.2511227 6.79175971306 0.0 6.79175971306 0.0
57849.251169 6.77908548405 0.0 6.77908548405 0.0
57849.2512269 6.77510147525 0.0 6.77510147525 0.0
57849.2512731 6.77620837932 0.0 6.77620837932 0.0
57849.2513426 6.79330552824 0.0 6.79330552824 0.0
57849.2513773 6.78726749141 0.0 6.78726749141 0.0
57849.2514352 6.80940526037 0.0 6.80940526037 0.0
57849.2514815 6.80918497325 0.0 6.80918497325 0.0
57849.2515509 6.79588110549 0.0 6.79588110549 0.0
57849.2515972 6.78092913987 0.0 6.78092913987 0.0
57849.2516435 6.78682547293 0.0 6.78682547293 0.0
57849.2516898 6.77547046337 0.0 6.77547046337 0.0
57849.2517593 6.77111512234 0.0 6.77111512234 0.0
57849.2518056 6.76838237691 0.0 6.76838237691 0.0
57849.2518519 6.76985967358 0.0 6.76985967358 0.0
57849.2518981 6.77960175822 0.0 6.77960175822 0.0
57849.2519676 6.77015509424 0.0 6.77015509424 0.0
57849.2520139 6.76535291023 0.0 6.76535291023 0.0
57849.2520602 6.76963809963 0.0 6.76963809963 0.0
57849.2521065 6.76453989566 0.0 6.76453989566 0.0
57849.2521759 6.76764360764 0.0 6.76764360764 0.0
57849.2522338 6.77008124028 0.0 6.77008124028 0.0
57849.2522685 6.77908548405 0.0 6.77908548405 0.0
57849.2523148 6.78056044881 0.0 6.78056044881 0.0
57849.2523843 6.77554425858 0.0 6.77554425858 0.0
57849.2524421 6.79389431769 0.0 6.79389431769 0.0
57849.2524884 6.78446755464 0.0 6.78446755464 0.0
57849.2525231 6.77251799555 0.0 6.77251799555 0.0
57849.2526042 6.76513118868 0.0 6.76513118868 0.0
57849.2526505 6.77141048822 0.0 6.77141048822 0.0
57849.2526968 6.77820035113 0.0 6.77820035113 0.0
57849.2527431 6.78033922455 0.0 6.78033922455 0.0
57849.2528125 6.78549924471 0.0 6.78549924471 0.0
57849.2528588 6.77687243498 0.0 6.77687243498 0.0
57849.2529051 6.77355150567 0.0 6.77355150567 0.0
57849.2529514 6.77694621493 0.0 6.77694621493 0.0
57849.2530208 6.79043444855 0.0 6.79043444855 0.0
57849.2530671 6.81344259534 0.0 6.81344259534 0.0
57849.2531134 6.80205851195 0.0 6.80205851195 0.0
57849.2531597 6.79669037106 0.0 6.79669037106 0.0
57849.2532407 6.78726749141 0.0 6.78726749141 0.0
57849.2532755 6.78888797963 0.0 6.78888797963 0.0
57849.2533218 6.80514511234 0.0 6.80514511234 0.0
57849.2533796 6.81344259534 0.0 6.81344259534 0.0
57849.2534491 6.80102933386 0.0 6.80102933386 0.0
57849.2534954 6.81021291884 0.0 6.81021291884 0.0
57849.2535301 6.82693196099 0.0 6.82693196099 0.0
57849.253588 6.81835757349 0.0 6.81835757349 0.0
57849.2536574 6.81204815015 0.0 6.81204815015 0.0
57849.2537037 6.78255114245 0.0 6.78255114245 0.0
57849.25375 6.78763581816 0.0 6.78763581816 0.0
57849.2537963 6.78734115836 0.0 6.78734115836 0.0
57849.2538657 6.78343570766 0.0 6.78343570766 0.0
57849.253912 6.77849540827 0.0 6.77849540827 0.0
57849.2539583 6.77930674922 0.0 6.77930674922 0.0
57849.2540046 6.78925621847 0.0 6.78925621847 0.0
57849.2540741 6.78527818147 0.0 6.78527818147 0.0
57849.2541204 6.78291972531 0.0 6.78291972531 0.0
57849.2541667 1.19749739039 0.0 1.19749739039 0.0
57849.2611227 6.90043476891 0.0 6.90043476891 0.0
57849.2611921 6.87459089692 0.0 6.87459089692 0.0
57849.2612384 6.83095893707 0.0 6.83095893707 0.0
57849.2612731 6.8214367988 0.0 6.8214367988 0.0
57849.261331 6.820703776 0.0 6.820703776 0.0
57849.2614005 6.85062040986 0.0 6.85062040986 0.0
57849.2614468 6.82429483537 0.0 6.82429483537 0.0
57849.2614931 6.82392848732 0.0 6.82392848732 0.0
57849.2615394 6.83520299625 0.0 6.83520299625 0.0
57849.2616088 6.85733184263 0.0 6.85733184263 0.0
57849.2616551 6.83849398625 0.0 6.83849398625 0.0
57849.2617014 6.84675105433 0.0 6.84675105433 0.0
57849.2617477 6.83980993888 0.0 6.83980993888 0.0
57849.2618171 6.83008052661 0.0 6.83008052661 0.0
57849.2618634 6.82510073186 0.0 6.82510073186 0.0
57849.2619097 6.82524724827 0.0 6.82524724827 0.0
57849.261956 6.82846981395 0.0 6.82846981395 0.0
57849.2620255 6.83871332927 0.0 6.83871332927 0.0
57849.2620718 6.82956806833 0.0 6.82956806833 0.0
57849.2621296 6.83081254318 0.0 6.83081254318 0.0
57849.2621644 6.84127181159 0.0 6.84127181159 0.0
57849.2622338 6.86957058338 0.0 6.86957058338 0.0
57849.2622801 6.85419579528 0.0 6.85419579528 0.0
57849.262338 6.89086351628 0.0 6.89086351628 0.0
57849.2623843 6.90043476891 0.0 6.90043476891 0.0
57849.2624537 6.88578245372 0.0 6.88578245372 0.0
57849.2624884 6.84368321885 0.0 6.84368321885 0.0
57849.2625463 6.88396687964 0.0 6.88396687964 0.0
57849.2625926 6.903694663 0.0 6.903694663 0.0
57849.262662 6.89862305102 0.0 6.89862305102 0.0
57849.2627083 6.86338109098 0.0 6.86338109098 0.0
57849.2627546 6.88868637695 0.0 6.88868637695 0.0
57849.2628009 6.90702540896 0.0 6.90702540896 0.0
57849.2628704 6.9493884623 0.0 6.9493884623 0.0
57849.2629167 6.88258672303 0.0 6.88258672303 0.0
57849.262963 6.8803342942 0.0 6.8803342942 0.0
57849.2630093 6.88411214319 0.0 6.88411214319 0.0
57849.2630787 6.87415449346 0.0 6.87415449346 0.0
57849.263125 6.84434072793 0.0 6.84434072793 0.0
57849.2631713 6.85040144809 0.0 6.85040144809 0.0
57849.2632176 6.8556546004 0.0 6.8556546004 0.0
57849.263287 6.88498366011 0.0 6.88498366011 0.0
57849.2633449 6.87240860252 0.0 6.87240860252 0.0
57849.2633796 6.87168101704 0.0 6.87168101704 0.0
57849.2634259 6.89673835954 0.0 6.89673835954 0.0
57849.2634954 6.88142427118 0.0 6.88142427118 0.0
57849.2635532 6.85463346941 0.0 6.85463346941 0.0
57849.2635995 6.84229493664 0.0 6.84229493664 0.0
57849.2636343 6.86440092069 0.0 6.86440092069 0.0
57849.2637153 6.8633082402 0.0 6.8633082402 0.0
57849.2637616 6.85995626808 0.0 6.85995626808 0.0
57849.2638079 6.88527414124 0.0 6.88527414124 0.0
57849.2638542 6.91223552839 0.0 6.91223552839 0.0
57849.2639236 6.90304280734 0.0 6.90304280734 0.0
57849.2639699 6.86767791906 0.0 6.86767791906 0.0
57849.2640162 6.88672636308 0.0 6.88672636308 0.0
57849.2640625 6.91548985973 0.0 6.91548985973 0.0
57849.2641319 6.95873551732 0.0 6.95873551732 0.0
57849.2641782 6.90231845107 0.0 6.90231845107 0.0
57849.2642245 6.90340495698 0.0 6.90340495698 0.0
57849.2642708 6.94593406246 0.0 6.94593406246 0.0
57849.2643519 6.9692897773 0.0 6.9692897773 0.0
57849.2643866 6.8963033576 0.0 6.8963033576 0.0
57849.2644329 6.91845358444 0.0 6.91845358444 0.0
57849.2644907 6.86600320419 0.0 6.86600320419 0.0
57849.2645602 6.88374897857 0.0 6.88374897857 0.0
57849.2646065 6.90441887489 0.0 6.90441887489 0.0
57849.2646412 6.89137141649 0.0 6.89137141649 0.0
57849.2646991 6.9053602368 0.0 6.9053602368 0.0
57849.2647685 6.8970283456 0.0 6.8970283456 0.0
57849.2648148 6.8593731492 0.0 6.8593731492 0.0
57849.2648611 6.87204481941 0.0 6.87204481941 0.0
57849.2649074 6.89666586112 0.0 6.89666586112 0.0
57849.2649769 6.91736944221 0.0 6.91736944221 0.0
57849.2650231 6.91700802371 0.0 6.91700802371 0.0
57849.2650694 6.93707431126 0.0 6.93707431126 0.0
57849.2651157 6.99892848942 0.0 6.99892848942 0.0
57849.2651852 6.97968480664 0.0 6.97968480664 0.0
57849.2652315 6.87837190038 0.0 6.87837190038 0.0
57849.2652778 0.694262198308 0.0 0.694262198308 0.0
57849.2722338 6.97954153222 0.0 6.97954153222 0.0
57849.2723032 6.99978571101 0.0 6.99978571101 0.0
57849.2723495 6.93426275822 0.0 6.93426275822 0.0
57849.2723843 6.91997109821 0.0 6.91997109821 0.0
57849.2724421 6.99056507015 0.0 6.99056507015 0.0
57849.2725116 6.96871580709 0.0 6.96871580709 0.0
57849.2725579 6.91700802371 0.0 6.91700802371 0.0
57849.2726042 6.92834756634 0.0 6.92834756634 0.0
57849.2726505 6.93700223439 0.0 6.93700223439 0.0
57849.2727199 6.92820323028 0.0 6.92820323028 0.0
57849.2727662 6.92127155948 0.0 6.92127155948 0.0
57849.2728125 6.93988472527 0.0 6.93988472527 0.0
57849.2728588 6.9362093394 0.0 6.9362093394 0.0
57849.2729282 6.90376708761 0.0 6.90376708761 0.0
57849.2729745 6.9011593229 0.0 6.9011593229 0.0
57849.2730208 6.90362223764 0.0 6.90362223764 0.0
57849.2730671 6.91049925837 0.0 6.91049925837 0.0
57849.2731366 6.91274185834 0.0 6.91274185834 0.0
57849.2731829 6.90543264394 0.0 6.90543264394 0.0
57849.2732407 6.90427403859 0.0 6.90427403859 0.0
57849.2732755 6.90702540896 0.0 6.90702540896 0.0
57849.2733449 6.90202868728 0.0 6.90202868728 0.0
57849.2733912 6.91194618035 0.0 6.91194618035 0.0
57849.2734491 6.94384619645 0.0 6.94384619645 0.0
57849.2734954 6.91599595142 0.0 6.91599595142 0.0
57849.2735648 6.91715259337 0.0 6.91715259337 0.0
57849.2735995 6.98756037541 0.0 6.98756037541 0.0
57849.2736574 6.9318828611 0.0 6.9318828611 0.0
57849.2737037 6.91606824721 0.0 6.91606824721 0.0
57849.2737731 6.91686345102 0.0 6.91686345102 0.0
57849.2738194 6.94017290851 0.0 6.94017290851 0.0
57849.2738657 6.93873187261 0.0 6.93873187261 0.0
57849.273912 6.91512834299 0.0 6.91512834299 0.0
57849.2739815 6.92755368077 0.0 6.92755368077 0.0
57849.2740278 6.99263898682 0.0 6.99263898682 0.0
57849.2740741 6.93793917529 0.0 6.93793917529 0.0
57849.2741204 7.04357863589 0.0 7.04357863589 0.0
57849.2741898 6.9725891891 0.0 6.9725891891 0.0
57849.2742361 6.94017290851 0.0 6.94017290851 0.0
57849.2742824 6.98147548875 0.0 6.98147548875 0.0
57849.2743287 6.92971860901 0.0 6.92971860901 0.0
57849.2743981 6.91830904196 0.0 6.91830904196 0.0
57849.274456 6.93527216481 0.0 6.93527216481 0.0
57849.2744907 6.92271622992 0.0 6.92271622992 0.0
57849.274537 6.9240161756 0.0 6.9240161756 0.0
57849.2746065 6.92054911116 0.0 6.92054911116 0.0
57849.2746644 6.91288651722 0.0 6.91288651722 0.0
57849.2747106 6.91151213556 0.0 6.91151213556 0.0
57849.2747454 6.96196811254 0.0 6.96196811254 0.0
57849.2748264 6.93065653456 0.0 6.93065653456 0.0
57849.2748727 6.94953235837 0.0 6.94953235837 0.0
57849.274919 6.94866893729 0.0 6.94866893729 0.0
57849.2749653 7.0883707578 0.0 7.0883707578 0.0
57849.2750347 7.02139587262 0.0 7.02139587262 0.0
57849.275081 6.93858775256 0.0 6.93858775256 0.0
57849.2751273 6.94593406246 0.0 6.94593406246 0.0
57849.2751736 6.94319811038 0.0 6.94319811038 0.0
57849.2752431 6.93440696816 0.0 6.93440696816 0.0
57849.2752894 6.93469537903 0.0 6.93469537903 0.0
57849.2753356 6.93714638738 0.0 6.93714638738 0.0
57849.2753819 6.93080081953 0.0 6.93080081953 0.0
57849.275463 7.01020684431 0.0 7.01020684431 0.0
57849.2754977 7.00870886826 0.0 7.00870886826 0.0
57849.275544 7.0138434542 0.0 7.0138434542 0.0
57849.2756019 6.94442222219 0.0 6.94442222219 0.0
57849.2756713 7.01491268656 0.0 7.01491268656 0.0
57849.2757176 7.00114276386 0.0 7.00114276386 0.0
57849.2757523 6.93635350887 0.0 6.93635350887 0.0
57849.2758102 6.95679523919 0.0 6.95679523919 0.0
57849.2758796 6.96857230715 0.0 6.96857230715 0.0
57849.2759259 6.96383515026 0.0 6.96383515026 0.0
57849.2759722 6.97359304806 0.0 6.97359304806 0.0
57849.2760185 6.98054439138 0.0 6.98054439138 0.0
57849.276088 7.00721057198 0.0 7.00721057198 0.0
57849.2761343 7.01811940622 0.0 7.01811940622 0.0
57849.2761806 6.93959653006 0.0 6.93959653006 0.0
57849.2762269 6.94694177318 0.0 6.94694177318 0.0
57849.2762963 7.0341310764 0.0 7.0341310764 0.0
57849.2763426 6.96132171358 0.0 6.96132171358 0.0
57849.2763889 0.931665175908 0.0 0.931665175908 0.0
57849.2833449 7.32632240623 0.0 7.32632240623 0.0
57849.2834144 7.13077835864 0.0 7.13077835864 0.0
57849.2834606 7.03924711883 0.0 7.03924711883 0.0
57849.2834954 7.02773078596 0.0 7.02773078596 0.0
57849.2835532 7.02936697008 0.0 7.02936697008 0.0
57849.2836227 7.0080667805 0.0 7.0080667805 0.0
57849.283669 7.05988668464 0.0 7.05988668464 0.0
57849.2837153 6.99514117084 0.0 6.99514117084 0.0
57849.2837616 7.00157125223 0.0 7.00157125223 0.0
57849.283831 7.00264235842 0.0 7.00264235842 0.0
57849.2838773 6.99935711334 0.0 6.99935711334 0.0
57849.2839236 7.00792408635 0.0 7.00792408635 0.0
57849.2839699 7.01712191714 0.0 7.01712191714 0.0
57849.2840394 7.04407552486 0.0 7.04407552486 0.0
57849.2840856 7.03185608499 0.0 7.03185608499 0.0
57849.2841319 7.03199829352 0.0 7.03199829352 0.0
57849.2841782 7.02737504336 0.0 7.02737504336 0.0
57849.2842477 7.1107664847 0.0 7.1107664847 0.0
57849.284294 7.00157125223 0.0 7.00157125223 0.0
57849.2843519 6.99485525226 0.0 6.99485525226 0.0
57849.2843866 7.00485545889 0.0 7.00485545889 0.0
57849.284456 7.11744336121 0.0 7.11744336121 0.0
57849.2845023 7.07975988293 0.0 7.07975988293 0.0
57849.2845602 7.13421334136 0.0 7.13421334136 0.0
57849.2846065 7.07792342428 0.0 7.07792342428 0.0
57849.2846759 7.0194016839 0.0 7.0194016839 0.0
57849.2847106 7.155417528 0.0 7.155417528 0.0
57849.2847685 7.02360306396 0.0 7.02360306396 0.0
57849.2848148 7.02459963272 0.0 7.02459963272 0.0
57849.2848843 7.02139587262 0.0 7.02139587262 0.0
57849.2849306 6.99935711334 0.0 6.99935711334 0.0
57849.2849769 7.00357051796 0.0 7.00357051796 0.0
57849.2850231 7.07933612707 0.0 7.07933612707 0.0
57849.2850926 7.17161069774 0.0 7.17161069774 0.0
57849.2851389 7.08413720929 0.0 7.08413720929 0.0
57849.2851852 7.15059438089 0.0 7.15059438089 0.0
57849.2852315 7.02744619332 0.0 7.02744619332 0.0
57849.2853009 7.04237175957 0.0 7.04237175957 0.0
57849.2853472 7.08223128682 0.0 7.08223128682 0.0
57849.2853935 7.09443443835 0.0 7.09443443835 0.0
57849.2854398 7.10218276307 0.0 7.10218276307 0.0
57849.2855093 7.03349130944 0.0 7.03349130944 0.0
57849.2855671 7.02723274127 0.0 7.02723274127 0.0
57849.2856019 7.02701928274 0.0 7.02701928274 0.0
57849.2856481 7.0808897746 0.0 7.0808897746 0.0
57849.2857176 7.15038460504 0.0 7.15038460504 0.0
57849.2857755 7.13295170319 0.0 7.13295170319 0.0
57849.2858218 7.01925922017 0.0 7.01925922017 0.0
57849.2858565 7.03612109049 0.0 7.03612109049 0.0
57849.2859375 7.11153991763 0.0 7.11153991763 0.0
57849.2859838 7.03988636272 0.0 7.03988636272 0.0
57849.2860301 7.0416617357 0.0 7.0416617357 0.0
57849.2860764 7.04038351228 0.0 7.04038351228 0.0
57849.2861458 7.04009943112 0.0 7.04009943112 0.0
57849.2861921 7.07156276929 0.0 7.07156276929 0.0
57849.2862384 7.09372962552 0.0 7.09372962552 0.0
57849.2862847 7.11435169218 0.0 7.11435169218 0.0
57849.2863542 7.11498418832 0.0 7.11498418832 0.0
57849.2864005 7.03526829623 0.0 7.03526829623 0.0
57849.2864468 7.04549501455 0.0 7.04549501455 0.0
57849.2864931 7.04620465215 0.0 7.04620465215 0.0
57849.2865741 7.04485627958 0.0 7.04485627958 0.0
57849.2866088 7.04123568701 0.0 7.04123568701 0.0
57849.2866551 7.03278038901 0.0 7.03278038901 0.0
57849.286713 7.16547276877 0.0 7.16547276877 0.0
57849.2867824 7.09971830427 0.0 7.09971830427 0.0
57849.2868287 7.08745370355 0.0 7.08745370355 0.0
57849.2868634 7.15660534052 0.0 7.15660534052 0.0
57849.2869213 7.04804937554 0.0 7.04804937554 0.0
57849.2869907 7.05967421345 0.0 7.05967421345 0.0
57849.287037 7.03718693797 0.0 7.03718693797 0.0
57849.2870833 7.0728353579 0.0 7.0728353579 0.0
57849.2871296 7.04237175957 0.0 7.04237175957 0.0
57849.2871991 7.06682389762 0.0 7.06682389762 0.0
57849.2872454 7.05322621217 0.0 7.05322621217 0.0
57849.2872917 7.11048521551 0.0 7.11048521551 0.0
57849.287338 7.10147871925 0.0 7.10147871925 0.0
57849.2874074 7.05251728108 0.0 7.05251728108 0.0
57849.2874537 7.03917608815 0.0 7.03917608815 0.0
57849.2875 7.0729767425 0.0 7.0729767425 0.0
57849.2973032 7.312181617 0.0 7.312181617 0.0
57849.297338 7.25134470288 0.0 7.25134470288 0.0
57849.2973843 7.21332101046 0.0 7.21332101046 0.0
57849.2974421 7.20784295056 0.0 7.20784295056 0.0
57849.2975116 7.21678598824 0.0 7.21678598824 0.0
57849.2975579 7.20465127539 0.0 7.20465127539 0.0
57849.2975926 7.21158789727 0.0 7.21158789727 0.0
57849.2976505 7.21491510692 0.0 7.21491510692 0.0
57849.2977199 7.20201360732 0.0 7.20201360732 0.0
57849.2977662 7.20166647381 0.0 7.20166647381 0.0
57849.2978125 7.22329564673 0.0 7.22329564673 0.0
57849.2978588 7.40493078968 0.0 7.40493078968 0.0
57849.2979282 7.32871066423 0.0 7.32871066423 0.0
57849.2979745 7.24837912916 0.0 7.24837912916 0.0
57849.2980208 7.33600708833 0.0 7.33600708833 0.0
57849.2980671 7.20055553412 0.0 7.20055553412 0.0
57849.2981366 7.30294461159 0.0 7.30294461159 0.0
57849.2981829 7.30944594344 0.0 7.30944594344 0.0
57849.2982292 7.28395496966 0.0 7.28395496966 0.0
57849.2982755 7.21997229912 0.0 7.21997229912 0.0
57849.2983449 7.25265468639 0.0 7.25265468639 0.0
57849.2983912 7.24023480282 0.0 7.24023480282 0.0
57849.2984491 7.30910391225 0.0 7.30910391225 0.0
57849.2984838 7.2452053111 0.0 7.2452053111 0.0
57849.2985532 7.22364174084 0.0 7.22364174084 0.0
57849.2985995 7.31245512807 0.0 7.31245512807 0.0
57849.2986574 7.22758604238 0.0 7.22758604238 0.0
57849.2987037 7.24568837309 0.0 7.24568837309 0.0
57849.2987731 7.3258446612 0.0 7.3258446612 0.0
57849.2988194 7.3285059869 0.0 7.3285059869 0.0
57849.2988657 7.27818658733 0.0 7.27818658733 0.0
57849.298912 7.38058263283 0.0 7.38058263283 0.0
57849.2989815 7.44076608959 0.0 7.44076608959 0.0
57849.2990278 7.2867002134 0.0 7.2867002134 0.0
57849.2990741 7.3770590346 0.0 7.3770590346 0.0
57849.2991204 7.4 0.0 7.4 0.0
57849.2991898 7.3175815677 0.0 7.3175815677 0.0
57849.2992361 7.2661544162 0.0 7.2661544162 0.0
57849.2992824 7.37380498793 0.0 7.37380498793 0.0
57849.2993287 7.40810367098 0.0 7.40810367098 0.0
57849.2993981 7.26856244384 0.0 7.26856244384 0.0
57849.2994444 7.23201216813 0.0 7.23201216813 0.0
57849.2994907 7.22772439984 0.0 7.22772439984 0.0
57849.299537 7.23781735056 0.0 7.23781735056 0.0
57849.2996065 7.2610605286 0.0 7.2610605286 0.0
57849.2996644 7.24672339751 0.0 7.24672339751 0.0
57849.2997106 7.24837912916 0.0 7.24837912916 0.0
57849.2997454 7.2478962465 0.0 7.2478962465 0.0
57849.2998148 7.26216221245 0.0 7.26216221245 0.0
57849.2998727 7.35832861457 0.0 7.35832861457 0.0
57849.299919 7.27907961215 0.0 7.27907961215 0.0
57849.2999653 7.25120679611 0.0 7.25120679611 0.0
57849.3000347 7.25334405636 0.0 7.25334405636 0.0
57849.300081 7.2810026782 0.0 7.2810026782 0.0
57849.3001273 7.26429624947 0.0 7.26429624947 0.0
57849.3001736 7.26498451478 0.0 7.26498451478 0.0
57849.3002431 7.30588803637 0.0 7.30588803637 0.0
57849.3002894 7.35927985607 0.0 7.35927985607 0.0
57849.3003356 7.25803003576 0.0 7.25803003576 0.0
57849.3003819 7.27708732942 0.0 7.27708732942 0.0
57849.3004514 7.50932753314 0.0 7.50932753314 0.0
57849.3004977 7.33409844494 0.0 7.33409844494 0.0
57849.300544 7.26814969576 0.0 7.26814969576 0.0
57849.3006019 7.27365107769 0.0 7.27365107769 0.0
57849.3006713 7.3430919918 0.0 7.3430919918 0.0
57849.300706 7.28278792771 0.0 7.28278792771 0.0
57849.3007523 7.28999314129 0.0 7.28999314129 0.0
57849.3008102 7.29184475973 0.0 7.29184475973 0.0
57849.3008796 7.27736215946 0.0 7.27736215946 0.0
57849.3009259 7.28319984622 0.0 7.28319984622 0.0
57849.3009606 7.33566629557 0.0 7.33566629557 0.0
57849.3010185 7.3379833742 0.0 7.3379833742 0.0
57849.301088 7.3379833742 0.0 7.3379833742 0.0
57849.3011343 7.29540951558 0.0 7.29540951558 0.0
57849.3011806 7.30958275143 0.0 7.30958275143 0.0
57849.3012269 7.41087039422 0.0 7.41087039422 0.0
57849.3012963 7.41754676426 0.0 7.41754676426 0.0
57849.3013426 7.34234295031 0.0 7.34234295031 0.0
57849.3013889 7.31669324217 0.0 7.31669324217 0.0
57849.3084144 7.43404331437 0.0 7.43404331437 0.0
57849.3084491 7.42051211171 0.0 7.42051211171 0.0
57849.3084954 7.41255691378 0.0 7.41255691378 0.0
57849.3085532 7.42509259202 0.0 7.42509259202 0.0
57849.3086227 7.42717981471 0.0 7.42717981471 0.0
57849.308669 7.65055553538 0.0 7.65055553538 0.0
57849.3087037 7.4237456853 0.0 7.4237456853 0.0
57849.3087616 7.45124150729 0.0 7.45124150729 0.0
57849.308831 7.4267758819 0.0 7.4267758819 0.0
57849.3088773 7.39269910114 0.0 7.39269910114 0.0
57849.3089236 7.38931661252 0.0 7.38931661252 0.0
57849.3089699 7.71738297611 0.0 7.71738297611 0.0
57849.3090394 7.42105113848 0.0 7.42105113848 0.0
57849.3090856 7.4303431953 0.0 7.4303431953 0.0
57849.3091319 8.10296242124 0.0 8.10296242124 0.0
57849.3091782 7.40958838263 0.0 7.40958838263 0.0
57849.3092477 7.43720377561 0.0 7.43720377561 0.0
57849.309294 7.41511968885 0.0 7.41511968885 0.0
57849.3093403 7.67815081904 0.0 7.67815081904 0.0
57849.3093866 7.77573147685 0.0 7.77573147685 0.0
57849.309456 7.42010781593 0.0 7.42010781593 0.0
57849.3095023 7.41188235201 0.0 7.41188235201 0.0
57849.3095602 7.69538822932 0.0 7.69538822932 0.0
57849.3095949 7.73252869377 0.0 7.73252869377 0.0
57849.3096644 7.40256712229 0.0 7.40256712229 0.0
57849.3097106 7.65245058788 0.0 7.65245058788 0.0
57849.3097685 7.41275927034 0.0 7.41275927034 0.0
57849.3098148 7.42246589753 0.0 7.42246589753 0.0
57849.3098843 7.77894594402 0.0 7.77894594402 0.0
57849.3099306 7.7729016461 0.0 7.7729016461 0.0
57849.3099769 7.42933375209 0.0 7.42933375209 0.0
57849.3100231 7.43700208417 0.0 7.43700208417 0.0
57849.3100926 7.45701012471 0.0 7.45701012471 0.0
57849.3101389 8.17441129379 0.0 8.17441129379 0.0
57849.3101852 7.79608876296 0.0 7.79608876296 0.0
57849.3102315 7.43014131763 0.0 7.43014131763 0.0
57849.3103009 7.766788268 0.0 7.766788268 0.0
57849.3103472 7.81236199878 0.0 7.81236199878 0.0
57849.3103935 8.42365716301 0.0 8.42365716301 0.0
57849.3104398 7.44949662729 0.0 7.44949662729 0.0
57849.3105093 7.79743547585 0.0 7.79743547585 0.0
57849.3105556 7.43834659047 0.0 7.43834659047 0.0
57849.3106019 7.43532110941 0.0 7.43532110941 0.0
57849.3106481 7.43451410652 0.0 7.43451410652 0.0
57849.3107176 7.44916102659 0.0 7.44916102659 0.0
57849.3107755 7.45305306569 0.0 7.45305306569 0.0
57849.3108218 7.45553485674 0.0 7.45553485674 0.0
57849.3108565 7.45975870923 0.0 7.45975870923 0.0
57849.3109259 7.44345349955 0.0 7.44345349955 0.0
57849.3109838 7.45231507654 0.0 7.45231507654 0.0
57849.3110301 8.13977886678 0.0 8.13977886678 0.0
57849.3110764 7.82968709464 0.0 7.82968709464 0.0
57849.3111458 7.82265939435 0.0 7.82265939435 0.0
57849.3111921 7.46337725162 0.0 7.46337725162 0.0
57849.3112384 7.4613001548 0.0 7.4613001548 0.0
57849.3112847 7.82949551376 0.0 7.82949551376 0.0
57849.3113542 8.18547494041 0.0 8.18547494041 0.0
57849.3114005 7.45365682065 0.0 7.45365682065 0.0
57849.3114468 7.45104019584 0.0 7.45104019584 0.0
57849.3114931 7.473620274 0.0 7.473620274 0.0
57849.3115625 7.45419345067 0.0 7.45419345067 0.0
57849.3116088 7.47656338166 0.0 7.47656338166 0.0
57849.3116551 7.81517754117 0.0 7.81517754117 0.0
57849.311713 7.47188062003 0.0 7.47188062003 0.0
57849.3117824 7.80730427228 0.0 7.80730427228 0.0
57849.3118171 7.48785683624 0.0 7.48785683624 0.0
57849.3118634 7.47268358757 0.0 7.47268358757 0.0
57849.3119213 7.47080986239 0.0 7.47080986239 0.0
57849.3119907 7.78761837791 0.0 7.78761837791 0.0
57849.312037 7.47535952313 0.0 7.47535952313 0.0
57849.3120718 7.79640942999 0.0 7.79640942999 0.0
57849.3121296 7.48605370005 0.0 7.48605370005 0.0
57849.3121991 8.10185164021 0.0 8.10185164021 0.0
57849.3122454 7.4758945953 0.0 7.4758945953 0.0
57849.3122917 7.85047769247 0.0 7.85047769247 0.0
57849.312338 7.48732261893 0.0 7.48732261893 0.0
57849.3124074 7.50173313308 0.0 7.50173313308 0.0
57849.3124537 7.49286327114 0.0 7.49286327114 0.0
57849.3125 7.83792064262 0.0 7.83792064262 0.0
57849.3195255 7.77913876981 0.0 7.77913876981 0.0
57849.3195602 7.74654761813 0.0 7.74654761813 0.0
57849.3196065 7.75667454519 0.0 7.75667454519 0.0
57849.3196644 7.78710472512 0.0 7.78710472512 0.0
57849.3197338 7.75409569196 0.0 7.75409569196 0.0
57849.3197801 7.71304090486 0.0 7.71304090486 0.0
57849.3198148 7.73323994196 0.0 7.73323994196 0.0
57849.3198727 7.73382182365 0.0 7.73382182365 0.0
57849.3199421 7.7223701025 0.0 7.7223701025 0.0
57849.3199884 7.71828996605 0.0 7.71828996605 0.0
57849.3200347 7.84346862045 0.0 7.84346862045 0.0
57849.320081 7.99624912068 0.0 7.99624912068 0.0
57849.3201505 7.72016839195 0.0 7.72016839195 0.0
57849.3201968 7.72625394354 0.0 7.72625394354 0.0
57849.3202431 7.73918600371 0.0 7.73918600371 0.0
57849.3202894 8.01779271371 0.0 8.01779271371 0.0
57849.3203588 7.73950902836 0.0 7.73950902836 0.0
57849.3204051 7.71582788818 0.0 7.71582788818 0.0
57849.3204514 7.72670693116 0.0 7.72670693116 0.0
57849.3204977 7.88251228987 0.0 7.88251228987 0.0
57849.3205671 7.89601165146 0.0 7.89601165146 0.0
57849.3206134 7.79172638123 0.0 7.79172638123 0.0
57849.3206713 7.92313069437 0.0 7.92313069437 0.0
57849.320706 7.77354487991 0.0 7.77354487991 0.0
57849.3207755 7.75512733616 0.0 7.75512733616 0.0
57849.3208218 7.89715138515 0.0 7.89715138515 0.0
57849.3208796 7.76968467829 0.0 7.76968467829 0.0
57849.3209259 7.78395786217 0.0 7.78395786217 0.0
57849.3209954 7.95072323754 0.0 7.95072323754 0.0
57849.3210417 7.75951029383 0.0 7.75951029383 0.0
57849.321088 7.89170450537 0.0 7.89170450537 0.0
57849.3211343 7.90620009866 0.0 7.90620009866 0.0
57849.3212037 7.86981575388 0.0 7.86981575388 0.0
57849.32125 7.75035483059 0.0 7.75035483059 0.0
57849.3212963 8.25384758764 0.0 8.25384758764 0.0
57849.3213426 7.92016413971 0.0 7.92016413971 0.0
57849.321412 7.77811031035 0.0 7.77811031035 0.0
57849.3214583 7.77920304401 0.0 7.77920304401 0.0
57849.3215046 7.78659103845 0.0 7.78659103845 0.0
57849.3215509 7.79602462798 0.0 7.79602462798 0.0
57849.3216204 7.80980153397 0.0 7.80980153397 0.0
57849.3216667 7.77798174336 0.0 7.77798174336 0.0
57849.321713 7.7767602509 0.0 7.7767602509 0.0
57849.3217593 7.78203058334 0.0 7.78203058334 0.0
57849.3218287 7.87134041952 0.0 7.87134041952 0.0
57849.3218866 7.9344817096 0.0 7.9344817096 0.0
57849.3219329 7.82202019941 0.0 7.82202019941 0.0
57849.3219676 7.95524983894 0.0 7.95524983894 0.0
57849.322037 7.85614409236 0.0 7.85614409236 0.0
57849.3220949 7.81383388613 0.0 7.81383388613 0.0
57849.3221412 7.80736831461 0.0 7.80736831461 0.0
57849.3221875 7.80557493078 0.0 7.80557493078 0.0
57849.3222569 7.94021410291 0.0 7.94021410291 0.0
57849.3223032 7.97502351094 0.0 7.97502351094 0.0
57849.3223495 7.99674933958 0.0 7.99674933958 0.0
57849.3223958 7.85620773656 0.0 7.85620773656 0.0
57849.3224653 7.83798443479 0.0 7.83798443479 0.0
57849.3225116 7.80858501907 0.0 7.80858501907 0.0
57849.3225579 7.81978260567 0.0 7.81978260567 0.0
57849.3226042 7.82719617743 0.0 7.82719617743 0.0
57849.3226736 7.98630077069 0.0 7.98630077069 0.0
57849.3227199 7.83000638569 0.0 7.83000638569 0.0
57849.3227662 7.83989795852 0.0 7.83989795852 0.0
57849.3228241 8.06281588528 0.0 8.06281588528 0.0
57849.3228935 8.22623850858 0.0 8.22623850858 0.0
57849.3229282 8.1807701349 0.0 8.1807701349 0.0
57849.3229745 7.82061378665 0.0 7.82061378665 0.0
57849.3230324 7.83511327295 0.0 7.83511327295 0.0
57849.3231019 7.85340690401 0.0 7.85340690401 0.0
57849.3231481 8.11085692144 0.0 8.11085692144 0.0
57849.3231829 7.85633502341 0.0 7.85633502341 0.0
57849.3232407 8.00293696089 0.0 8.00293696089 0.0
57849.3233102 7.9385137148 0.0 7.9385137148 0.0
57849.3233565 8.31065581046 0.0 8.31065581046 0.0
57849.3234028 7.97420842467 0.0 7.97420842467 0.0
57849.3234491 7.90069617186 0.0 7.90069617186 0.0
57849.3235185 7.97345596338 0.0 7.97345596338 0.0
57849.3235648 7.93737992035 0.0 7.93737992035 0.0
57849.3236111 8.24505912653 0.0 8.24505912653 0.0
57849.3306366 8.19560858021 0.0 8.19560858021 0.0
57849.3306713 8.14960121724 0.0 8.14960121724 0.0
57849.3307176 8.16002450977 0.0 8.16002450977 0.0
57849.3307755 8.17135239725 0.0 8.17135239725 0.0
57849.3308449 8.15095086478 0.0 8.15095086478 0.0
57849.3308912 8.14665575558 0.0 8.14665575558 0.0
57849.3309259 8.23729324475 0.0 8.23729324475 0.0
57849.3309838 8.22660318722 0.0 8.22660318722 0.0
57849.3310532 8.22362450505 0.0 8.22362450505 0.0
57849.3310995 8.18736831955 0.0 8.18736831955 0.0
57849.3311458 8.29156197589 0.0 8.29156197589 0.0
57849.3311921 8.26922003577 0.0 8.26922003577 0.0
57849.3312616 8.37012544709 0.0 8.37012544709 0.0
57849.3313079 8.26062951596 0.0 8.26062951596 0.0
57849.3313542 8.15696021812 0.0 8.15696021812 0.0
57849.3314005 8.26770826771 0.0 8.26770826771 0.0
57849.3314699 8.23553276965 0.0 8.23553276965 0.0
57849.3315162 8.19408323121 0.0 8.19408323121 0.0
57849.3315625 8.25112113594 0.0 8.25112113594 0.0
57849.3316088 8.19426628808 0.0 8.19426628808 0.0
57849.3316782 8.2018290643 0.0 8.2018290643 0.0
57849.3317245 8.22143539779 0.0 8.22143539779 0.0
57849.3317824 8.18516951565 0.0 8.18516951565 0.0
57849.3318171 8.24724196323 0.0 8.24724196323 0.0
57849.3318866 8.30614230555 0.0 8.30614230555 0.0
57849.3319329 8.17569568905 0.0 8.17569568905 0.0
57849.3319907 8.19530353312 0.0 8.19530353312 0.0
57849.332037 8.24463461895 0.0 8.24463461895 0.0
57849.3321065 8.2340755401 0.0 8.2340755401 0.0
57849.3321528 8.31901436469 0.0 8.31901436469 0.0
57849.3321991 8.30313193921 0.0 8.30313193921 0.0
57849.3322454 8.37209651163 0.0 8.37209651163 0.0
57849.3323148 8.33792540144 0.0 8.33792540144 0.0
57849.3323611 8.28806370632 0.0 8.28806370632 0.0
57849.3324074 8.31919467256 0.0 8.31919467256 0.0
57849.3324537 8.30156611731 0.0 8.30156611731 0.0
57849.3325231 8.24906055257 0.0 8.24906055257 0.0
57849.3325694 8.45340168216 0.0 8.45340168216 0.0
57849.3326157 8.45978723137 0.0 8.45978723137 0.0
57849.332662 8.42407264926 0.0 8.42407264926 0.0
57849.3327315 8.42454746559 0.0 8.42454746559 0.0
57849.3327778 8.21407328918 0.0 8.21407328918 0.0
57849.3328241 8.35517803521 0.0 8.35517803521 0.0
57849.3328704 8.22125294587 0.0 8.22125294587 0.0
57849.3329398 8.30511890342 0.0 8.30511890342 0.0
57849.3329977 8.25675481046 0.0 8.25675481046 0.0
57849.333044 8.2637158712 0.0 8.2637158712 0.0
57849.3330787 8.35553708627 0.0 8.35553708627 0.0
57849.3331481 8.39809502209 0.0 8.39809502209 0.0
57849.333206 8.2559675387 0.0 8.2559675387 0.0
57849.3332523 8.26565181943 0.0 8.26565181943 0.0
57849.3332986 8.32430177252 0.0 8.32430177252 0.0
57849.3333681 8.25372643113 0.0 8.25372643113 0.0
57849.3334144 8.26359485938 0.0 8.26359485938 0.0
57849.3334606 8.2854692082 0.0 8.2854692082 0.0
57849.3335069 8.28969239478 0.0 8.28969239478 0.0
57849.3335764 8.28951144519 0.0 8.28951144519 0.0
57849.3336227 8.37991646736 0.0 8.37991646736 0.0
57849.333669 8.28902889366 0.0 8.28902889366 0.0
57849.3337153 8.31011431931 0.0 8.31011431931 0.0
57849.3337847 8.31648964407 0.0 8.31648964407 0.0
57849.333831 8.35050896652 0.0 8.35050896652 0.0
57849.3338773 8.34056353012 0.0 8.34056353012 0.0
57849.3339352 8.46764430051 0.0 8.46764430051 0.0
57849.3340046 8.51798098143 0.0 8.51798098143 0.0
57849.3340394 8.45972812802 0.0 8.45972812802 0.0
57849.3340856 8.39773779062 0.0 8.39773779062 0.0
57849.3341435 8.44174152649 0.0 8.44174152649 0.0
57849.334213 8.36187777954 0.0 8.36187777954 0.0
57849.3342593 8.42353844889 0.0 8.42353844889 0.0
57849.334294 8.48728460699 0.0 8.48728460699 0.0
57849.3343519 8.53973067491 0.0 8.53973067491 0.0
57849.3344213 8.43658698764 0.0 8.43658698764 0.0
57849.3344676 8.44031989915 0.0 8.44031989915 0.0
57849.3345139 8.42525963992 0.0 8.42525963992 0.0
57849.3345602 8.44174152649 0.0 8.44174152649 0.0
57849.3346296 8.39511762872 0.0 8.39511762872 0.0
57849.3346759 8.48616521168 0.0 8.48616521168 0.0
57849.3347222 8.34068342524 0.0 8.34068342524 0.0
