57849.2027894 90.2466034707 0.0 92.4434443268 0.0
57849.2029051 89.7337220837 0.0 92.4219386347 0.0
57849.2030324 93.5987099323 0.0 95.3044565222 0.0
57849.2031481 113.077294007 0.0 114.53000203 0.0
57849.2032639 134.603522837 0.0 133.747584767 0.0
57849.2033912 117.049682298 0.0 106.756626047 0.0
57849.2034722 104.643703222 0.0 100.924722358 0.0
57849.2035069 95.4115698278 0.0 95.8713679208 0.0
57849.2036227 93.0019810434 0.0 90.9331966006 0.0
57849.20375 90.1053212247 0.0 88.6242337343 0.0
57849.2038657 101.808540329 0.0 95.1858105759 0.0
57849.2039815 94.9737119155 0.0 93.6624968064 0.0
57849.2041088 108.570868869 0.0 107.68835587 0.0
57849.2041667 99.6395563318 0.0 101.72673448 0.0
57849.2042245 92.6268492717 0.0 96.6898529475 0.0
57849.2043403 102.246269198 0.0 101.669077964 0.0
57849.2044676 91.6557592408 0.0 91.6605817077 0.0
57849.2045833 91.7655433646 0.0 95.3772292846 0.0
57849.2046991 105.108823507 0.0 102.406874423 0.0
57849.2048264 107.734295032 0.0 101.698461178 0.0
57849.2048611 98.3785419591 0.0 95.0453272129 0.0
57849.2049421 91.0893027528 0.0 89.5381851558 0.0
57849.2050579 96.8247787191 0.0 98.9218325346 0.0
57849.2051852 89.3557420483 0.0 88.4541963222 0.0
57849.2053009 88.1109543927 0.0 87.5609466657 0.0
57849.2054167 91.2497730518 0.0 91.0180122668 0.0
57849.205544 90.5234504976 0.0 87.8174089574 0.0
57849.2055556 90.2154017117 0.0 89.742143762 0.0
57849.2056597 89.8489697604 0.0 91.741060758 0.0
57849.2057755 92.2038415089 0.0 98.1793258889 0.0
57849.2058912 88.9124924012 0.0 90.3488372864 0.0
57849.2060185 95.0858676145 0.0 93.9119565817 0.0
57849.2061343 96.2483485209 0.0 100.534959303 0.0
57849.20625 123.456003924 0.0 112.251412298 0.0
57849.2063773 91.4051355669 0.0 90.1025308135 0.0
57849.2064931 90.0117643478 0.0 89.2623967693 0.0
57849.2066088 97.3078727699 0.0 92.5929626592 0.0
57849.2067361 130.023176249 0.0 136.883604095 0.0
57849.2068519 93.4074981466 0.0 88.7411128114 0.0
57849.2069444 103.678877916 0.0 104.515738365 0.0
57849.2139005 101.565822037 0.0 104.595534235 0.0
57849.2140278 112.135740462 0.0 113.308927618 0.0
57849.2141435 105.773654952 0.0 98.2475730082 0.0
57849.2142593 88.0646046888 0.0 84.0426592987 0.0
57849.2143866 84.4684666725 0.0 87.4333560376 0.0
57849.2145023 85.4560572926 0.0 84.4987862576 0.0
57849.2145833 88.5331516382 0.0 88.52928106 0.0
57849.2146181 91.9421670019 0.0 93.173374802 0.0
57849.2147454 87.4896220131 0.0 92.1033392663 0.0
57849.2148611 87.2588250838 0.0 88.0939283776 0.0
57849.2149769 93.2631133621 0.0 103.293339916 0.0
57849.2150926 85.4791477496 0.0 84.6949352736 0.0
57849.2152199 85.3615238735 0.0 85.6116774512 0.0
57849.2152778 85.5880070921 0.0 86.2267242855 0.0
57849.2153356 85.8545982519 0.0 86.8953137862 0.0
57849.2154514 86.1280649614 0.0 85.2538323537 0.0
57849.2155787 90.8599909861 0.0 86.6475703814 0.0
57849.2156944 97.8508589947 0.0 96.8397177144 0.0
57849.2158102 88.9547644087 0.0 84.8984003206 0.0
57849.2159375 101.984862352 0.0 95.30439727 0.0
57849.2159722 91.081731121 0.0 90.3002254981 0.0
57849.2160532 83.0840964927 0.0 86.0364136107 0.0
57849.216169 82.3341940812 0.0 82.4612535376 0.0
57849.2162963 83.712808781 0.0 82.8248812435 0.0
57849.216412 84.4025819747 0.0 84.1154342912 0.0
57849.2165278 82.3325464078 0.0 82.3871726241 0.0
57849.2166551 82.1868503533 0.0 82.6877881915 0.0
57849.2166667 82.2653317747 0.0 83.0487268897 0.0
57849.2167708 82.3055205925 0.0 83.3754401068 0.0
57849.2168866 84.6871288036 0.0 87.5304062541 0.0
57849.2170139 84.429164274 0.0 83.9439359156 0.0
57849.2171296 91.5596391758 0.0 91.4812206794 0.0
57849.2172454 94.9556725688 0.0 96.5065044129 0.0
57849.2173611 89.5218567223 0.0 91.4092838228 0.0
57849.2173727 84.9463421402 0.0 87.0648528397 0.0
57849.2174884 83.5857489827 0.0 84.1565798438 0.0
57849.2176042 86.7932002521 0.0 85.9547186896 0.0
57849.2177315 82.6543488269 0.0 81.9675501403 0.0
57849.2178472 84.5172418149 0.0 82.4724819137 0.0
57849.217963 84.3666227189 0.0 84.275638188 0.0
57849.2180556 85.7905704609 0.0 85.3803209762 0.0
57849.2250116 80.5564718195 0.0 79.8548177194 0.0
57849.2251389 79.4611630547 0.0 80.1564717537 0.0
57849.2252546 79.8171974326 0.0 81.7217758312 0.0
57849.2253704 79.300709814 0.0 79.3013570628 0.0
57849.2254977 79.2812463827 0.0 79.5236391962 0.0
57849.2256134 90.9501383451 0.0 93.6881951102 0.0
57849.2256944 86.4416430374 0.0 86.6957851282 0.0
57849.2257292 82.5550604264 0.0 81.0766925448 0.0
57849.2258565 86.0718433055 0.0 86.1936472485 0.0
57849.2259722 82.8979004378 0.0 81.9177708864 0.0
57849.226088 81.7598490336 0.0 80.2878093548 0.0
57849.2262153 84.3765102857 0.0 87.5945423186 0.0
57849.226331 82.1972158957 0.0 82.3771126891 0.0
57849.2263889 80.972574709 0.0 81.1520307817 0.0
57849.2264468 79.7541655338 0.0 79.9330009946 0.0
57849.2265741 81.2979336945 0.0 81.6071190767 0.0
57849.2266898 83.844374039 0.0 85.6875531685 0.0
57849.2268056 79.9243221429 0.0 80.0438570348 0.0
57849.2269329 79.506177521 0.0 79.257575865 0.0
57849.2270486 79.1875797079 0.0 78.823115385 0.0
57849.2270833 80.1907223187 0.0 79.787063281 0.0
57849.2271644 81.2719638805 0.0 80.8259359921 0.0
57849.2272917 81.0142478518 0.0 80.1061526289 0.0
57849.2274074 80.8039583746 0.0 80.7561238978 0.0
57849.2275231 79.7669028858 0.0 79.7973105374 0.0
57849.2276505 79.275656459 0.0 79.3048935375 0.0
57849.2277662 79.5776108274 0.0 78.9466395548 0.0
57849.2277778 79.3861612562 0.0 79.3104150412 0.0
57849.2278819 79.2130190688 0.0 79.6967656119 0.0
57849.2280093 85.8035797563 0.0 84.6059729038 0.0
57849.228125 81.9504150935 0.0 81.8325593086 0.0
57849.2282407 79.3122501383 0.0 79.3302921147 0.0
57849.2283565 79.9136392864 0.0 81.2449004861 0.0
57849.2284722 79.7251671055 0.0 81.0809768688 0.0
57849.2284838 79.4911922102 0.0 80.870398206 0.0
57849.2285995 81.8949386531 0.0 81.5175426764 0.0
57849.2287153 79.1765610392 0.0 79.0648249729 0.0
57849.2288426 78.8457125023 0.0 79.6593852035 0.0
57849.2289583 78.4263933252 0.0 78.745678364 0.0
57849.2290741 78.2589808904 0.0 79.1485783006 0.0
57849.2291667 78.6683494297 0.0 79.4826087644 0.0
57849.2361343 77.3216194929 0.0 78.1774148844 0.0
57849.23625 76.9993406141 0.0 76.9661808004 0.0
57849.2363657 76.9053030486 0.0 76.588956495 0.0
57849.2364931 78.2412077616 0.0 77.6944690889 0.0
57849.2366088 78.627670155 0.0 78.6261201065 0.0
57849.2367245 78.1938874721 0.0 77.7593005563 0.0
57849.2368056 81.0047312198 0.0 80.5326230977 0.0
57849.2368519 84.1513833101 0.0 83.6345805932 0.0
57849.2369676 78.5944755183 0.0 79.7212975308 0.0
57849.2370833 77.2084612721 0.0 76.8651049892 0.0
57849.2372106 81.7453164224 0.0 83.3237192821 0.0
57849.2373264 78.5391433618 0.0 77.0409106255 0.0
57849.2374421 77.0926603251 0.0 77.4926100928 0.0
57849.2375 77.5832308363 0.0 77.7823256659 0.0
57849.2375579 78.0688243283 0.0 78.0606325813 0.0
57849.2376852 80.7607654991 0.0 81.3488999311 0.0
57849.2378009 78.6206656866 0.0 78.4833924789 0.0
57849.2379167 76.5741769267 0.0 76.4174983626 0.0
57849.238044 77.1118468784 0.0 77.6654702104 0.0
57849.2381597 76.6311410263 0.0 77.3791432752 0.0
57849.2381944 77.1866866046 0.0 76.9810356516 0.0
57849.2382755 77.7690847317 0.0 76.6016190038 0.0
57849.2384028 77.7492414432 0.0 76.5490945538 0.0
57849.2385185 76.2280101013 0.0 76.4709921081 0.0
57849.2386343 78.157366972 0.0 77.1259206687 0.0
57849.2387616 77.443295591 0.0 76.74281855 0.0
57849.2388773 77.2876295859 0.0 77.6815341185 0.0
57849.2388889 76.9930284506 0.0 76.7963212465 0.0
57849.2389931 76.7275963393 0.0 75.9656116871 0.0
57849.2391204 76.1430295694 0.0 76.3958237995 0.0
57849.2392361 77.2219475926 0.0 76.4992821796 0.0
57849.2393519 76.2552160773 0.0 76.1508694829 0.0
57849.2394792 77.1275547713 0.0 76.1800218233 0.0
57849.2395833 76.7506004928 0.0 76.3514790165 0.0
57849.2395949 76.3373031682 0.0 76.4821117909 0.0
57849.2397106 76.6778464812 0.0 77.5340783914 0.0
57849.239838 77.960791312 0.0 78.1789501209 0.0
57849.2399537 75.7897968859 0.0 76.4156882322 0.0
57849.2400694 76.2742319922 0.0 76.3169227826 0.0
57849.2401968 75.7221966665 0.0 76.3284184102 0.0
57849.2402778 75.8584189922 0.0 76.1582016791 0.0
57849.2506944 76.4591589935 0.0 76.4042894346 0.0
57849.2513889 76.3755549374 0.0 76.3425501801 0.0
57849.2520833 76.2913445353 0.0 76.2801838488 0.0
57849.2527778 76.2850526512 0.0 76.2957257191 0.0
57849.2534722 76.0496208472 0.0 76.0820533503 0.0
57849.2540509 75.9666443316 0.0 76.0208370054 0.0
57849.2541667 76.5524588436 0.0 76.7015998986 0.0
57849.2612269 72.9233615654 0.0 73.5013905311 0.0
57849.2613426 73.1195133737 0.0 73.2578961751 0.0
57849.2614583 72.9922319771 0.0 72.8204158598 0.0
57849.2615856 72.7737601887 0.0 72.8230921892 0.0
57849.2617014 73.0038324405 0.0 73.2137202374 0.0
57849.2618056 72.9398185561 0.0 73.5723544478 0.0
57849.2618171 72.8700765747 0.0 73.9305714235 0.0
57849.2619444 72.92068581 0.0 72.7639991685 0.0
57849.2620602 72.6072922095 0.0 73.2333978114 0.0
57849.2621759 73.9397395789 0.0 72.9515966309 0.0
57849.2623032 73.6979876252 0.0 72.8385220127 0.0
57849.262419 73.2210037558 0.0 72.4276237012 0.0
57849.2625 73.1496122409 0.0 72.9232774017 0.0
57849.2625347 73.0758050589 0.0 73.4271337994 0.0
57849.262662 73.5241183694 0.0 73.9577246405 0.0
57849.2627778 72.7923641737 0.0 72.3791443097 0.0
57849.2628935 73.2251987433 0.0 73.6541688637 0.0
57849.2630208 72.3155735578 0.0 72.4076274435 0.0
57849.2631366 72.8571915599 0.0 72.5931372238 0.0
57849.2631944 73.2165320949 0.0 72.7269394791 0.0
57849.2632523 73.5917358132 0.0 72.8716332258 0.0
57849.2633796 73.9617077548 0.0 72.7038742572 0.0
57849.2634954 73.4046333483 0.0 73.6927749783 0.0
57849.2636111 73.1963698963 0.0 73.860925441 0.0
57849.2637384 73.0723752864 0.0 72.5155767404 0.0
57849.2638542 73.1559709456 0.0 73.7110819755 0.0
57849.2638889 72.7706092595 0.0 73.1899326001 0.0
57849.2639699 72.4090310735 0.0 72.697444625 0.0
57849.2640972 72.9319379764 0.0 72.3469320911 0.0
57849.264213 72.6837620793 0.0 72.5344551644 0.0
57849.2643287 74.0279381923 0.0 72.5473604482 0.0
57849.2644444 72.294434025 0.0 72.935212929 0.0
57849.2645718 73.5895265102 0.0 72.7474222086 0.0
57849.2645833 73.1494124583 0.0 72.7617199632 0.0
57849.2646875 72.68292717 0.0 72.7416202597 0.0
57849.2648032 72.7518734123 0.0 72.2703542678 0.0
57849.2649306 72.5121983117 0.0 72.8588575878 0.0
57849.2650463 72.4525378921 0.0 72.6103786039 0.0
57849.265162 72.5299191782 0.0 72.5260984888 0.0
57849.2652778 72.4904155458 0.0 72.7503965969 0.0
57849.272338 71.5257350539 0.0 71.70676413 0.0
57849.2724537 71.4688431066 0.0 71.6094533494 0.0
57849.272581 71.3050877217 0.0 71.2634668817 0.0
57849.2726968 72.8244702967 0.0 71.9626069984 0.0
57849.2728125 71.6889416019 0.0 71.1010150349 0.0
57849.2729167 71.5531304556 0.0 71.3517520037 0.0
57849.2729398 71.4245570445 0.0 71.6122229232 0.0
57849.2730556 71.9975155682 0.0 71.5286424938 0.0
57849.2731713 72.356164264 0.0 71.6811062205 0.0
57849.273287 72.2106311979 0.0 71.8014966418 0.0
57849.2734144 72.2907105996 0.0 71.4231858713 0.0
57849.2735301 71.3558231821 0.0 71.0665471794 0.0
57849.2736111 71.2385241355 0.0 71.1578429198 0.0
57849.2736458 71.1485217837 0.0 71.2764943723 0.0
57849.2737731 71.1175229391 0.0 71.1913932017 0.0
57849.2738889 71.6065171964 0.0 71.0557528917 0.0
57849.2740046 72.2040916084 0.0 71.4197547461 0.0
57849.2741319 71.4288573827 0.0 71.3752883357 0.0
57849.2742477 71.4664581465 0.0 71.3661642727 0.0
57849.2743056 71.4261235473 0.0 71.4433481438 0.0
57849.2743634 71.3572688799 0.0 71.4920969548 0.0
57849.2744907 71.5368937332 0.0 71.8332422699 0.0
57849.2746065 71.7554378845 0.0 71.1577510184 0.0
57849.2747222 71.2512949567 0.0 71.5711933672 0.0
57849.2748495 71.4380956843 0.0 72.1537854724 0.0
57849.2749653 73.4677745341 0.0 72.0139238064 0.0
57849.275 72.3543005425 0.0 72.1924147608 0.0
57849.275081 71.3024407577 0.0 72.386447074 0.0
57849.2752083 71.3927163512 0.0 71.3888384903 0.0
57849.2753241 71.5146413541 0.0 72.1468967455 0.0
57849.2754398 72.4120380876 0.0 74.5447681732 0.0
57849.2755671 71.4748513814 0.0 72.5281245104 0.0
57849.2756829 70.9886816965 0.0 71.0511796876 0.0
57849.2756944 71.3978655913 0.0 71.5347575169 0.0
57849.2757986 71.8177354001 0.0 72.0319211947 0.0
57849.2759259 71.2674407145 0.0 71.3422465584 0.0
57849.2760417 71.4943222431 0.0 71.4319325862 0.0
57849.2761574 71.5295425122 0.0 72.773609097 0.0
57849.2762847 71.9656244328 0.0 70.9531424392 0.0
57849.2763889 71.3824642612 0.0 70.9686812052 0.0
57849.2834491 71.4953177488 0.0 70.6292236401 0.0
57849.2835648 70.6170610972 0.0 71.2917360919 0.0
57849.2836921 70.8880571465 0.0 70.7533127846 0.0
57849.2838079 70.2733384222 0.0 70.9481183401 0.0
57849.2839236 70.3014996213 0.0 70.6719524423 0.0
57849.2840278 70.855272916 0.0 70.5829224742 0.0
57849.2840509 71.4428450441 0.0 70.5135574057 0.0
57849.2841667 70.9080880366 0.0 70.4865241376 0.0
57849.2842824 70.2098597919 0.0 70.41386617 0.0
57849.2844097 70.796283377 0.0 70.3734359968 0.0
57849.2845255 70.6462904688 0.0 70.5817987799 0.0
57849.2846412 71.8326739931 0.0 70.6836005733 0.0
57849.2847222 71.0354542324 0.0 70.6146505833 0.0
57849.2847685 70.2593050706 0.0 70.5411820995 0.0
57849.2848843 71.1316870178 0.0 70.6588080214 0.0
57849.285 70.5286127894 0.0 70.6958773126 0.0
57849.2851273 70.9721771964 0.0 70.228662247 0.0
57849.2852431 70.8265148867 0.0 70.98882405 0.0
57849.2853588 70.6347124012 0.0 70.2557279871 0.0
57849.2854167 71.0619439292 0.0 70.7538388782 0.0
57849.2854861 71.5151930711 0.0 71.2808516784 0.0
57849.2856019 70.8362807959 0.0 71.2972505922 0.0
57849.2857176 70.6646102303 0.0 71.0181635499 0.0
57849.2858449 72.0398098346 0.0 73.782335081 0.0
57849.2859606 72.5430250403 0.0 71.17594685 0.0
57849.2860764 70.771299225 0.0 70.4490771054 0.0
57849.2861111 71.6823087519 0.0 71.9041568339 0.0
57849.2862037 72.5967460703 0.0 73.4199773495 0.0
57849.2863194 71.0198375104 0.0 70.8494143871 0.0
57849.2864352 70.7627718719 0.0 71.2229612555 0.0
57849.2865509 71.964027611 0.0 71.2674361402 0.0
57849.2866782 70.7561498246 0.0 71.082398412 0.0
57849.286794 70.6481302513 0.0 70.6486416642 0.0
57849.2868056 71.0131008688 0.0 70.8804446515 0.0
57849.2869097 71.3948672175 0.0 71.1253938689 0.0
57849.287037 70.0599885812 0.0 70.0849438824 0.0
57849.2871528 71.180697812 0.0 70.4776032793 0.0
57849.2872685 70.1566184547 0.0 70.8528469647 0.0
57849.2873958 71.11913779 0.0 70.6273400745 0.0
57849.2875 70.6040202113 0.0 70.3664744321 0.0
57849.2973148 69.7436377385 0.0 70.2982475173 0.0
57849.2974306 69.3772756888 0.0 69.5729853535 0.0
57849.2975463 69.2136227776 0.0 69.2795961593 0.0
57849.2976736 69.6287442512 0.0 69.613023803 0.0
57849.2977894 69.5565057633 0.0 69.2611972752 0.0
57849.2979051 69.3485436184 0.0 69.1475422991 0.0
57849.2979167 69.4917099084 0.0 69.1998240821 0.0
57849.2980324 69.6596474726 0.0 69.2758865263 0.0
57849.2981481 70.7302423154 0.0 69.9707159317 0.0
57849.2982639 70.1814178611 0.0 70.2768737495 0.0
57849.2983912 70.3867666682 0.0 69.9422589069 0.0
57849.2985069 69.5370890892 0.0 69.3958128924 0.0
57849.2986111 69.366131462 0.0 69.3481347406 0.0
57849.2986227 69.1690704867 0.0 69.2731064555 0.0
57849.29875 69.829077167 0.0 70.2608961514 0.0
57849.2988657 69.3965253237 0.0 69.3522018612 0.0
57849.2989815 69.3261978404 0.0 69.270016147 0.0
57849.2991088 69.6919925816 0.0 69.4891157736 0.0
57849.2992245 69.7558933353 0.0 69.8783059755 0.0
57849.2993056 69.6920938629 0.0 69.5799403133 0.0
57849.2993403 69.6487337214 0.0 69.305254202 0.0
57849.2994676 69.6433678967 0.0 69.2242229498 0.0
57849.2995833 69.114094619 0.0 69.122752506 0.0
57849.2996991 69.6176225822 0.0 69.2359388107 0.0
57849.2998264 69.3330902816 0.0 70.0329195664 0.0
57849.2999421 70.2536341053 0.0 70.001201104 0.0
57849.3 70.5613819167 0.0 70.4648393385 0.0
57849.3000579 70.8661277833 0.0 70.9307312876 0.0
57849.3001736 70.9897860541 0.0 70.1849227755 0.0
57849.3003009 70.6000668201 0.0 70.4666384256 0.0
57849.3004167 72.0209173921 0.0 70.9724547835 0.0
57849.3005324 69.352856704 0.0 69.9981876408 0.0
57849.3006597 69.3022568319 0.0 69.5484302051 0.0
57849.3006944 69.3241212061 0.0 69.4917894287 0.0
57849.3007755 69.3402473388 0.0 69.4294848821 0.0
57849.3008912 69.151844791 0.0 69.0368502251 0.0
57849.3010185 69.4186166601 0.0 69.4935778184 0.0
57849.3011343 69.4719612722 0.0 69.3166890727 0.0
57849.30125 69.5567425704 0.0 69.061993028 0.0
57849.3013773 69.1944668091 0.0 68.9623217707 0.0
57849.3013889 69.4192086962 0.0 69.5632958535 0.0
57849.3084259 68.6930995661 0.0 68.7367740587 0.0
57849.3085417 69.1448165158 0.0 69.3350832263 0.0
57849.308669 69.4380988939 0.0 69.9399569702 0.0
57849.3087847 68.9140319166 0.0 68.8240036179 0.0
57849.3089005 68.7317864456 0.0 69.1588129959 0.0
57849.3090162 69.2756380988 0.0 69.5534862821 0.0
57849.3090278 69.2453402331 0.0 69.4758551585 0.0
57849.3091435 69.2231645477 0.0 69.4065647832 0.0
57849.3092593 70.3463422645 0.0 69.3334645752 0.0
57849.309375 70.0516535422 0.0 69.5826593915 0.0
57849.3095023 68.7677183495 0.0 69.5138404276 0.0
57849.3096181 70.0700354431 0.0 69.3471880036 0.0
57849.3097222 69.5397803131 0.0 69.3171787582 0.0
57849.3097338 69.0032786395 0.0 69.2690396137 0.0
57849.3098611 68.8502146692 0.0 68.8290585581 0.0
57849.3099769 68.9031076585 0.0 69.4011390252 0.0
57849.3100926 69.4552631483 0.0 71.1984534031 0.0
57849.3102199 69.0514448292 0.0 69.0349183167 0.0
57849.3103356 68.6812560383 0.0 69.0366066518 0.0
57849.3104167 69.3581236194 0.0 70.8039779673 0.0
57849.3104514 70.0927499247 0.0 72.754529048 0.0
57849.3105787 69.4406146574 0.0 70.8458032984 0.0
57849.3106944 68.5454181474 0.0 68.7666246009 0.0
57849.3108102 69.1067544383 0.0 69.7770228442 0.0
57849.3109375 68.9552405115 0.0 69.8603819128 0.0
57849.3110532 69.3695140534 0.0 69.2633953687 0.0
57849.3111111 69.5612024623 0.0 69.3957666216 0.0
57849.311169 69.7234145033 0.0 69.4979866543 0.0
57849.3112963 68.9485062202 0.0 69.2014846228 0.0
57849.311412 68.9212847094 0.0 68.9337561431 0.0
57849.3115278 69.111328876 0.0 69.2585062935 0.0
57849.3116551 69.3510056308 0.0 69.7879808491 0.0
57849.3117708 68.7665854394 0.0 68.6849027152 0.0
57849.3118056 68.6169137312 0.0 68.8141223514 0.0
57849.3118866 68.4779919755 0.0 68.954137026 0.0
57849.3120139 68.9942481516 0.0 68.9908851154 0.0
57849.3121296 69.1698145509 0.0 68.495478004 0.0
57849.3122454 68.7879721463 0.0 68.7621765435 0.0
57849.3123727 69.8297987825 0.0 69.227920704 0.0
57849.3124884 68.7429944431 0.0 68.6305283165 0.0
57849.3125 69.1995172888 0.0 69.5844214606 0.0
57849.319537 68.8676709567 0.0 68.928270782 0.0
57849.3196528 68.3859254306 0.0 68.5546460059 0.0
57849.3197801 68.2673904291 0.0 68.3845782834 0.0
57849.3198958 68.5315665442 0.0 69.1371391945 0.0
57849.3200116 68.5505797204 0.0 68.7327994192 0.0
57849.3201389 69.2717033355 0.0 69.1423974997 0.0
57849.3202546 68.3311481171 0.0 68.2010371255 0.0
57849.3203704 68.2318607397 0.0 68.381707905 0.0
57849.3204977 68.8166629967 0.0 68.4499304455 0.0
57849.3206134 68.4293435231 0.0 68.5824302063 0.0
57849.3207292 68.4507857004 0.0 68.6585473339 0.0
57849.3208333 68.4148943652 0.0 69.0635389623 0.0
57849.3208565 68.3578271378 0.0 69.4539385996 0.0
57849.3209722 68.4098556715 0.0 68.6342395893 0.0
57849.321088 68.9471686003 0.0 69.4518688877 0.0
57849.3212153 69.1215233628 0.0 68.2592757873 0.0
57849.321331 68.3498072931 0.0 68.6240091586 0.0
57849.3214468 68.1515358668 0.0 68.3143505129 0.0
57849.3215278 68.3166682882 0.0 68.2671315276 0.0
57849.3215741 68.483279609 0.0 68.220143257 0.0
57849.3216898 68.6516241614 0.0 68.0684624551 0.0
57849.3218056 68.6431999764 0.0 68.4016923329 0.0
57849.3219329 68.5729526344 0.0 68.0560266325 0.0
57849.3220486 68.3682647579 0.0 68.2551711667 0.0
57849.3221644 69.2238437173 0.0 68.9952488364 0.0
57849.3222222 68.6981703395 0.0 68.6042652027 0.0
57849.3222917 68.2001548239 0.0 68.2358062603 0.0
57849.3224074 68.1248787815 0.0 68.1896907457 0.0
57849.3225231 68.033530902 0.0 68.3202061545 0.0
57849.3226389 68.2268501252 0.0 68.7842025323 0.0
57849.3227662 69.3094956986 0.0 69.7899331996 0.0
57849.3228819 68.1943120355 0.0 68.2190173339 0.0
57849.3229167 68.3944302703 0.0 68.3995164164 0.0
57849.3229977 68.5740213419 0.0 68.5591671843 0.0
57849.323125 67.9975084544 0.0 68.4481558846 0.0
57849.3232407 67.9330598383 0.0 68.3312528496 0.0
57849.3233565 67.9832941685 0.0 68.079222403 0.0
57849.3234838 68.2246689182 0.0 69.9256435079 0.0
57849.3235995 67.8765808803 0.0 68.6027503676 0.0
57849.3236111 73.8189409569 0.0 68.6115956672 0.0
57849.3306481 67.8446359339 0.0 67.5114647671 0.0
57849.3307755 68.020784331 0.0 67.6907234486 0.0
57849.3308912 68.6860143697 0.0 68.7794461522 0.0
57849.3310069 68.5761929389 0.0 68.5675590786 0.0
57849.3311343 67.8217450896 0.0 67.7750502176 0.0
57849.33125 67.7549503505 0.0 68.2485804468 0.0
57849.3313657 68.7728449317 0.0 69.5539304353 0.0
57849.3314815 68.2257962137 0.0 68.1889572878 0.0
57849.3316088 68.0207763481 0.0 68.6374681715 0.0
57849.3317245 69.1776959648 0.0 70.5602932534 0.0
57849.3318403 67.7262063015 0.0 68.8872354867 0.0
57849.3319444 68.3919034682 0.0 69.3963830037 0.0
57849.3319676 69.0583593781 0.0 69.8974615705 0.0
57849.3320833 68.8790703988 0.0 68.9262668944 0.0
57849.3321991 68.0621103699 0.0 69.2790558971 0.0
57849.3323264 68.4107370082 0.0 68.3765340449 0.0
57849.3324421 67.6814489871 0.0 67.9871431522 0.0
57849.3325579 67.6432324627 0.0 67.5721400875 0.0
57849.3326389 67.9602437827 0.0 67.8052839755 0.0
57849.3326852 68.302821501 0.0 68.0617393254 0.0
57849.3328009 67.6516050733 0.0 67.5585197366 0.0
57849.3329167 68.2143423555 0.0 68.5778219981 0.0
57849.333044 69.2039832524 0.0 68.4802869299 0.0
57849.3331597 71.3718583687 0.0 70.8105225938 0.0
57849.3332755 68.167465781 0.0 68.6804127608 0.0
57849.3333333 68.4598724436 0.0 68.5873723436 0.0
57849.3334028 68.7664390382 0.0 68.5049985621 0.0
57849.3335185 70.8013496764 0.0 70.3065541824 0.0
57849.3336343 68.230074989 0.0 67.9557972214 0.0
57849.3337616 67.4182105073 0.0 67.8610525191 0.0
57849.3338773 68.071520506 0.0 67.6446385459 0.0
57849.3339931 68.5124433443 0.0 68.870048185 0.0
57849.3340278 68.2255692538 0.0 68.3208830959 0.0
57849.3341204 67.9073125812 0.0 67.7498965313 0.0
57849.3342361 67.5043253503 0.0 67.9198665046 0.0
57849.3343519 68.0833833398 0.0 68.3987985933 0.0
57849.3344792 67.6460251678 0.0 67.502874087 0.0
57849.3345949 67.9648141247 0.0 68.3721491398 0.0
57849.3347106 67.4674571331 0.0 68.2309596591 0.0
57849.3347222 67.4440621701 0.0 67.9576533438 0.0
