57853.0777662 7.22765522144 0.0 7.22765522144 0.0
57853.0822917 93.4551817718 0.0 93.4551817718 0.0
57853.082338 79.3399899168 0.0 79.3399899168 0.0
57853.0823843 96.3673803732 0.0 96.3673803732 0.0
57853.0824306 133.165930328 0.0 133.165930328 0.0
57853.0825 35.067991103 0.0 35.067991103 0.0
57853.0825463 7.58979578118 0.0 7.58979578118 0.0
57853.0825926 7.62548359122 0.0 7.62548359122 0.0
57853.0826389 7.5045985902 0.0 7.5045985902 0.0
57853.0827199 7.284435462 0.0 7.284435462 0.0
57853.0827546 7.55592482758 0.0 7.55592482758 0.0
57853.0828009 7.60046051236 0.0 7.60046051236 0.0
57853.0828588 7.76492112001 0.0 7.76492112001 0.0
57853.0829282 7.45318723769 0.0 7.45318723769 0.0
57853.0829745 7.38037939404 0.0 7.38037939404 0.0
57853.0830093 7.3321893047 0.0 7.3321893047 0.0
57853.0830671 7.30362923484 0.0 7.30362923484 0.0
57853.0831366 7.25823670047 0.0 7.25823670047 0.0
57853.0831829 7.21664742107 0.0 7.21664742107 0.0
57853.0832292 7.21650885124 0.0 7.21650885124 0.0
57853.0832755 7.19951387248 0.0 7.19951387248 0.0
57853.0833449 1.71084774308 0.0 1.71084774308 0.0
57853.0833912 1.92535710973 0.0 1.92535710973 0.0
57853.0834375 1.92275843517 0.0 1.92275843517 0.0
57853.0834838 1.7615334229 0.0 1.7615334229 0.0
57853.0835532 1.20249740124 0.0 1.20249740124 0.0
57853.0835995 1.93545860199 0.0 1.93545860199 0.0
57853.0836458 2.58689002472 0.0 2.58689002472 0.0
57853.0836921 3.06055550513 0.0 3.06055550513 0.0
57853.0837616 2.62354721703 0.0 2.62354721703 0.0
57853.0838079 2.11565592666 0.0 2.11565592666 0.0
57853.0838657 2.17025344142 0.0 2.17025344142 0.0
57853.0839005 2.29281486387 0.0 2.29281486387 0.0
57853.0839699 2.21810730128 0.0 2.21810730128 0.0
57853.0840162 2.08206628137 0.0 2.08206628137 0.0
57853.0840741 2.56359123107 0.0 2.56359123107 0.0
57853.0841204 2.99566353251 0.0 2.99566353251 0.0
57853.0841898 2.50379711638 0.0 2.50379711638 0.0
57853.0842361 2.10095216509 0.0 2.10095216509 0.0
57853.0842824 2.03690942361 0.0 2.03690942361 0.0
57853.0843287 2.33045060021 0.0 2.33045060021 0.0
57853.0843981 2.83689971624 0.0 2.83689971624 0.0
57853.0844444 2.10095216509 0.0 2.10095216509 0.0
57853.0844907 1.96494274726 0.0 1.96494274726 0.0
57853.084537 1.83956516601 0.0 1.83956516601 0.0
57853.0846065 2.26384628453 0.0 2.26384628453 0.0
57853.0846528 2.7727242921 0.0 2.7727242921 0.0
57853.0846991 2.82913414316 0.0 2.82913414316 0.0
57853.0847454 2.36326045962 0.0 2.36326045962 0.0
57853.0848148 1.59843673631 0.0 1.59843673631 0.0
57853.0848611 3.05548686791 0.0 3.05548686791 0.0
57853.0849074 3.01048168903 0.0 3.01048168903 0.0
57853.0849537 2.35902522242 0.0 2.35902522242 0.0
57853.0850231 2.04597165181 0.0 2.04597165181 0.0
57853.085081 1.8726985876 0.0 1.8726985876 0.0
57853.0851273 1.84173830932 0.0 1.84173830932 0.0
57853.085162 1.75413796493 0.0 1.75413796493 0.0
57853.0852315 1.54563902642 0.0 1.54563902642 0.0
57853.0852894 1.48559752288 0.0 1.48559752288 0.0
57853.0853356 1.59749804382 0.0 1.59749804382 0.0
57853.0853819 1.62265215003 0.0 1.62265215003 0.0
57853.0854514 1.40960987511 0.0 1.40960987511 0.0
57853.0854977 1.526761278 0.0 1.526761278 0.0
57853.085544 1.65710591092 0.0 1.65710591092 0.0
57853.0855903 1.59499216299 0.0 1.59499216299 0.0
57853.0856597 1.54628587266 0.0 1.54628587266 0.0
57853.085706 1.42583308981 0.0 1.42583308981 0.0
57853.0857523 1.47444904965 0.0 1.47444904965 0.0
57853.0857986 1.35129567453 0.0 1.35129567453 0.0
57853.0858681 1.37985506485 0.0 1.37985506485 0.0
57853.0859144 1.38021737418 0.0 1.38021737418 0.0
57853.0859606 1.47851276626 0.0 1.47851276626 0.0
57853.0860185 1.33790881603 0.0 1.33790881603 0.0
57853.1090046 7.38119231561 0.0 7.38119231561 0.0
57853.1090394 7.1477269114 0.0 7.1477269114 0.0
57853.1090856 0.76026311235 0.0 0.76026311235 0.0
57853.1091435 0.281069386451 0.0 0.281069386451 0.0
57853.1128472 4.37687102849 0.0 4.37687102849 0.0
57853.1128935 11.8957975773 0.0 11.8957975773 0.0
57853.1129398 101.837223057 0.0 101.837223057 0.0
57853.1129861 88.9867068724 0.0 88.9867068724 0.0
57853.1130556 65.7304039239 0.0 65.7304039239 0.0
57853.1131019 7.37611008595 0.0 7.37611008595 0.0
57853.1131481 7.34472599897 0.0 7.34472599897 0.0
57853.1131944 7.26044075797 0.0 7.26044075797 0.0
57853.1132755 7.18484516187 0.0 7.18484516187 0.0
57853.1133102 7.11744336121 0.0 7.11744336121 0.0
57853.1133565 7.10183074988 0.0 7.10183074988 0.0
57853.1134144 7.14296857056 0.0 7.14296857056 0.0
57853.1134838 7.13659582714 0.0 7.13659582714 0.0
57853.1135301 7.11554635991 0.0 7.11554635991 0.0
57853.1135648 7.14044816521 0.0 7.14044816521 0.0
57853.1136227 7.18303557001 0.0 7.18303557001 0.0
57853.1136921 7.13028751173 0.0 7.13028751173 0.0
57853.1137384 7.1891585043 0.0 7.1891585043 0.0
57853.1137847 7.20291607615 0.0 7.20291607615 0.0
57853.113831 7.21442998441 0.0 7.21442998441 0.0
57853.1139005 7.14366852534 0.0 7.14366852534 0.0
57853.1139468 7.14219854107 0.0 7.14219854107 0.0
57853.1139931 7.14373851705 0.0 7.14373851705 0.0
57853.1140394 7.12453507255 0.0 7.12453507255 0.0
57853.1141088 7.0947868185 0.0 7.0947868185 0.0
57853.1141551 7.10746086869 0.0 7.10746086869 0.0
57853.1142014 7.14947550524 0.0 7.14947550524 0.0
57853.1142477 7.19437280102 0.0 7.19437280102 0.0
57853.1143171 7.10288673709 0.0 7.10288673709 0.0
57853.1143634 7.11709210282 0.0 7.11709210282 0.0
57853.1144213 7.09288375768 0.0 7.09288375768 0.0
57853.114456 7.11083680026 0.0 7.11083680026 0.0
57853.1145255 7.19096655534 0.0 7.19096655534 0.0
57853.1145718 7.13211048709 0.0 7.13211048709 0.0
57853.1146296 7.10556120233 0.0 7.10556120233 0.0
57853.1146759 7.13533461023 0.0 7.13533461023 0.0
57853.1147454 7.13757661955 0.0 7.13757661955 0.0
57853.1147917 7.17126209255 0.0 7.17126209255 0.0
57853.114838 7.18686301525 0.0 7.18686301525 0.0
57853.1148843 7.17586231752 0.0 7.17586231752 0.0
57853.1149537 7.11449225174 0.0 7.11449225174 0.0
57853.115 7.16847264067 0.0 7.16847264067 0.0
57853.1150463 7.20590036012 0.0 7.20590036012 0.0
57853.1150926 7.19416430171 0.0 7.19416430171 0.0
57853.115162 7.35261858116 0.0 7.35261858116 0.0
57853.1152083 7.29630043241 0.0 7.29630043241 0.0
57853.1152546 7.27399477591 0.0 7.27399477591 0.0
57853.1153009 7.27186358508 0.0 7.27186358508 0.0
57853.1153704 7.17781303741 0.0 7.17781303741 0.0
57853.1154167 7.45714422551 0.0 7.45714422551 0.0
57853.115463 7.42340892044 0.0 7.42340892044 0.0
57853.1155093 7.42832417171 0.0 7.42832417171 0.0
57853.1155787 7.25534285889 0.0 7.25534285889 0.0
57853.1156366 7.17648939245 0.0 7.17648939245 0.0
57853.1156829 7.21706311459 0.0 7.21706311459 0.0
57853.1157176 7.21740950757 0.0 7.21740950757 0.0
57853.115787 7.14121838344 0.0 7.14121838344 0.0
57853.1158449 7.25761668869 0.0 7.25761668869 0.0
57853.1158912 7.21560808248 0.0 7.21560808248 0.0
57853.1159375 7.20111102539 0.0 7.20111102539 0.0
57853.1160069 7.16149425749 0.0 7.16149425749 0.0
57853.1160532 7.10788294783 0.0 7.10788294783 0.0
57853.1160995 7.12930571655 0.0 7.12930571655 0.0
57853.1161458 7.11681108362 0.0 7.11681108362 0.0
57853.1162153 7.11287564913 0.0 7.11287564913 0.0
57853.1162616 7.09880271595 0.0 7.09880271595 0.0
57853.1163079 7.12390342439 0.0 7.12390342439 0.0
57853.1163542 7.14394848806 0.0 7.14394848806 0.0
57853.1164236 7.20298549214 0.0 7.20298549214 0.0
57853.1164699 7.27138226199 0.0 7.27138226199 0.0
57853.1165162 7.25582524597 0.0 7.25582524597 0.0
57853.1165741 7.23028353524 0.0 7.23028353524 0.0
57853.1346991 7.77129332866 0.0 7.77129332866 0.0
57853.1347338 7.65192786166 0.0 7.65192786166 0.0
57853.1347801 7.72916554358 0.0 7.72916554358 0.0
57853.134838 7.76099220461 0.0 7.76099220461 0.0
57853.165625 3.41394200302 0.0 3.41394200302 0.0
57853.1656713 10.1331633758 0.0 10.1331633758 0.0
57853.1657176 42.6469107908 0.0 42.6469107908 0.0
57853.1657639 42.7655585723 0.0 42.7655585723 0.0
57853.1658333 35.3191307934 0.0 35.3191307934 0.0
57853.1658796 7.20069441096 0.0 7.20069441096 0.0
57853.1659259 7.19124467669 0.0 7.19124467669 0.0
57853.1659722 7.13617544627 0.0 7.13617544627 0.0
57853.1660532 7.06094894472 0.0 7.06094894472 0.0
57853.166088 6.94471021714 0.0 6.94471021714 0.0
57853.1661343 6.92156051769 0.0 6.92156051769 0.0
57853.1661921 6.92011560597 0.0 6.92011560597 0.0
57853.1662616 6.9303679556 0.0 6.9303679556 0.0
57853.1663079 6.97796531949 0.0 6.97796531949 0.0
57853.1663426 7.02623654598 0.0 7.02623654598 0.0
57853.1664005 7.06420554627 0.0 7.06420554627 0.0
57853.1664699 7.01291665429 0.0 7.01291665429 0.0
57853.1665162 6.94960430528 0.0 6.94960430528 0.0
57853.1665625 6.94658189328 0.0 6.94658189328 0.0
57853.1666088 6.9582325342 0.0 6.9582325342 0.0
57853.1666782 2.92984641236 0.0 2.92984641236 0.0
57853.1667245 3.00965114257 0.0 3.00965114257 0.0
57853.1667708 3.10483493925 0.0 3.10483493925 0.0
57853.1668171 3.13241121183 0.0 3.13241121183 0.0
57853.1668866 0.378153408024 0.0 0.378153408024 0.0
57853.1669329 2.95956077822 0.0 2.95956077822 0.0
57853.1669792 2.95245660425 0.0 2.95245660425 0.0
57853.1670255 2.9402380856 0.0 2.9402380856 0.0
57853.1670949 2.82895740512 0.0 2.82895740512 0.0
57853.1671412 2.88288050394 0.0 2.88288050394 0.0
57853.1671991 2.90774826971 0.0 2.90774826971 0.0
57853.1672338 2.93069957519 0.0 2.93069957519 0.0
57853.1673032 2.88894444391 0.0 2.88894444391 0.0
57853.1673495 2.91616186108 0.0 2.91616186108 0.0
57853.1674074 2.90447929929 0.0 2.90447929929 0.0
57853.1674537 2.91513293007 0.0 2.91513293007 0.0
57853.1675231 3.0189402114 0.0 3.0189402114 0.0
57853.1675694 2.93887733667 0.0 2.93887733667 0.0
57853.1676157 2.97052183968 0.0 2.97052183968 0.0
57853.167662 2.98563226135 0.0 2.98563226135 0.0
57853.1677315 2.92044517154 0.0 2.92044517154 0.0
57853.1677778 2.88877136513 0.0 2.88877136513 0.0
57853.1678241 2.88911751232 0.0 2.88911751232 0.0
57853.1678704 2.94499575551 0.0 2.94499575551 0.0
57853.1679398 2.86181760425 0.0 2.86181760425 0.0
57853.1679861 2.87141080307 0.0 2.87141080307 0.0
57853.1680324 2.90671636043 0.0 2.90671636043 0.0
57853.1680787 2.98881247321 0.0 2.98881247321 0.0
57853.1681481 3.00183277349 0.0 3.00183277349 0.0
57853.1681944 2.88305393637 0.0 2.88305393637 0.0
57853.1682407 3.0192714353 0.0 3.0192714353 0.0
57853.168287 3.1414964587 0.0 3.1414964587 0.0
57853.1683565 0.415932686862 0.0 0.415932686862 0.0
57853.1684144 3.09499596123 0.0 3.09499596123 0.0
57853.1684606 0.660302960769 0.0 0.660302960769 0.0
57853.1684954 1.10544108843 0.0 1.10544108843 0.0
57853.1685648 1.16318528189 0.0 1.16318528189 0.0
57853.1686227 3.07587385957 0.0 3.07587385957 0.0
57853.168669 3.00516222524 0.0 3.00516222524 0.0
57853.1687153 2.94159820506 0.0 2.94159820506 0.0
57853.1687847 2.98546478794 0.0 2.98546478794 0.0
57853.168831 0.860232526704 0.0 0.860232526704 0.0
57853.1688773 1.1903780912 0.0 1.1903780912 0.0
57853.1689236 1.32778010228 0.0 1.32778010228 0.0
57853.1689931 3.15452056579 0.0 3.15452056579 0.0
57853.1690394 2.89551377134 0.0 2.89551377134 0.0
57853.1690856 2.95127091267 0.0 2.95127091267 0.0
57853.1691319 2.99466191748 0.0 2.99466191748 0.0
57853.1692014 2.95939182941 0.0 2.95939182941 0.0
57853.1692477 2.86618212959 0.0 2.86618212959 0.0
57853.169294 2.94754134831 0.0 2.94754134831 0.0
57853.1693519 2.92933439539 0.0 2.92933439539 0.0
57853.1694213 2.9894815604 0.0 2.9894815604 0.0
57853.169456 2.95110148927 0.0 2.95110148927 0.0
57853.1695023 0.672309452559 0.0 0.672309452559 0.0
57853.1695602 0.270185121722 0.0 0.270185121722 0.0
57853.1711806 1.03053384224 0.0 1.03053384224 0.0
57853.1712269 4.00786726327 0.0 4.00786726327 0.0
57853.1712731 20.1234688859 0.0 20.1234688859 0.0
57853.1713194 19.7957571212 0.0 19.7957571212 0.0
57853.1713889 18.007387373 0.0 18.007387373 0.0
57853.1714352 0.897775027499 0.0 0.897775027499 0.0
57853.1714815 0.657267069006 0.0 0.657267069006 0.0
57853.1715278 3.09806391154 0.0 3.09806391154 0.0
57853.1716088 3.00366442866 0.0 3.00366442866 0.0
57853.1716435 3.04630924235 0.0 3.04630924235 0.0
57853.1716898 0.22360679775 0.0 0.22360679775 0.0
57853.1717477 0.89888820217 0.0 0.89888820217 0.0
57853.1718171 0.819145896651 0.0 0.819145896651 0.0
57853.1718634 3.08561177078 0.0 3.08561177078 0.0
57853.1718981 0.798122797569 0.0 0.798122797569 0.0
57853.171956 1.2829653152 0.0 1.2829653152 0.0
57853.1720255 1.412798641 0.0 1.412798641 0.0
57853.1720718 2.93955778987 0.0 2.93955778987 0.0
57853.1721181 2.92916370318 0.0 2.92916370318 0.0
57853.1721644 2.92557686619 0.0 2.92557686619 0.0
57853.1722338 2.90258505474 0.0 2.90258505474 0.0
57853.1722801 2.85184151032 0.0 2.85184151032 0.0
57853.1723264 2.92335423786 0.0 2.92335423786 0.0
57853.1723727 3.01711782998 0.0 3.01711782998 0.0
57853.1724421 3.01363567805 0.0 3.01363567805 0.0
57853.1724884 2.99249060149 0.0 2.99249060149 0.0
57853.1725347 3.03397429126 0.0 3.03397429126 0.0
57853.172581 3.07164451068 0.0 3.07164451068 0.0
57853.1726505 3.05057371653 0.0 3.05057371653 0.0
57853.1726968 2.95803989155 0.0 2.95803989155 0.0
57853.1727546 2.93530236943 0.0 2.93530236943 0.0
57853.1727894 2.91513293007 0.0 2.91513293007 0.0
57853.1728588 2.97909382195 0.0 2.97909382195 0.0
57853.1729051 2.9779187363 0.0 2.9779187363 0.0
57853.172963 3.01512852131 0.0 3.01512852131 0.0
57853.1730093 3.06414751603 0.0 3.06414751603 0.0
57853.1730787 3.04417476502 0.0 3.04417476502 0.0
57853.173125 2.90224051381 0.0 2.90224051381 0.0
57853.1731713 3.04171004535 0.0 3.04171004535 0.0
57853.1732176 3.01280600106 0.0 3.01280600106 0.0
57853.173287 2.9565182225 0.0 2.9565182225 0.0
57853.1733333 2.85814625238 0.0 2.85814625238 0.0
57853.1733796 2.89724006599 0.0 2.89724006599 0.0
57853.1734259 2.92403830344 0.0 2.92403830344 0.0
57853.1734954 3.04450324355 0.0 3.04450324355 0.0
57853.1735417 0.275680975042 0.0 0.275680975042 0.0
57853.173588 3.09644957976 0.0 3.09644957976 0.0
57853.1736343 7.00999286733 0.0 7.00999286733 0.0
57853.1737037 7.07135064892 0.0 7.07135064892 0.0
57853.17375 6.95039567219 0.0 6.95039567219 0.0
57853.1737963 6.99292499602 0.0 6.99292499602 0.0
57853.1738426 7.0581158959 0.0 7.0581158959 0.0
57853.173912 7.0868893035 0.0 7.0868893035 0.0
57853.1739699 7.02865563248 0.0 7.02865563248 0.0
57853.1740162 7.05521084022 0.0 7.05521084022 0.0
57853.1740509 7.04535307845 0.0 7.04535307845 0.0
57853.1741204 7.00107134659 0.0 7.00107134659 0.0
57853.1741782 6.96670653896 0.0 6.96670653896 0.0
57853.1742245 6.97022237809 0.0 6.97022237809 0.0
57853.1742708 7.00357051796 0.0 7.00357051796 0.0
57853.1743403 7.10147871925 0.0 7.10147871925 0.0
57853.1743866 7.05017730274 0.0 7.05017730274 0.0
57853.1744329 7.07099710083 0.0 7.07099710083 0.0
57853.1744792 7.09520965159 0.0 7.09520965159 0.0
57853.1745486 7.07488515808 0.0 7.07488515808 0.0
57853.1745949 6.9777503538 0.0 6.9777503538 0.0
57853.1746412 6.98197679744 0.0 6.98197679744 0.0
57853.1746875 7.00663970816 0.0 7.00663970816 0.0
57853.1747569 7.05237548632 0.0 7.05237548632 0.0
57853.1748032 7.00635425881 0.0 7.00635425881 0.0
57853.1748495 7.00499821556 0.0 7.00499821556 0.0
57853.1749074 7.00242815029 0.0 7.00242815029 0.0
57853.1881713 7.25086201772 0.0 7.25086201772 0.0
57853.188206 7.203610206 0.0 7.203610206 0.0
57853.1882523 0.425440947724 0.0 0.425440947724 0.0
57853.1883102 0.148323969742 0.0 0.148323969742 0.0
57853.1920139 0.616441400297 0.0 0.616441400297 0.0
57853.1920602 1.84173830932 0.0 1.84173830932 0.0
57853.1921065 62.3552724314 0.0 62.3552724314 0.0
57853.1921528 60.2182530467 0.0 60.2182530467 0.0
57853.1922222 60.1806364207 0.0 60.1806364207 0.0
57853.1922685 7.34955780983 0.0 7.34955780983 0.0
57853.1923148 7.34363670125 0.0 7.34363670125 0.0
57853.1923611 7.29540951558 0.0 7.29540951558 0.0
57853.1924421 7.24327274096 0.0 7.24327274096 0.0
57853.1924769 7.13014726356 0.0 7.13014726356 0.0
57853.1925231 7.0947868185 0.0 7.0947868185 0.0
57853.192581 7.14933563347 0.0 7.14933563347 0.0
57853.1926505 7.1892976013 0.0 7.1892976013 0.0
57853.1926968 7.09668936899 0.0 7.09668936899 0.0
57853.1927315 7.12860435148 0.0 7.12860435148 0.0
57853.1927894 7.12446489219 0.0 7.12446489219 0.0
57853.1928588 7.07170417933 0.0 7.07170417933 0.0
57853.1929051 7.02175191815 0.0 7.02175191815 0.0
57853.1929514 7.01377216625 0.0 7.01377216625 0.0
57853.1929977 7.02858449476 0.0 7.02858449476 0.0
57853.1930671 7.04918434998 0.0 7.04918434998 0.0
57853.1931134 7.04748181977 0.0 7.04748181977 0.0
57853.1931597 7.03775532397 0.0 7.03775532397 0.0
57853.193206 7.0344153986 0.0 7.0344153986 0.0
57853.1932755 7.02580956189 0.0 7.02580956189 0.0
57853.1933218 7.0301493583 0.0 7.0301493583 0.0
57853.1933681 7.05315532227 0.0 7.05315532227 0.0
57853.1934144 7.0872420588 0.0 7.0872420588 0.0
57853.1934838 7.10225316361 0.0 7.10225316361 0.0
57853.1935301 7.0381105419 0.0 7.0381105419 0.0
57853.193588 7.05953256243 0.0 7.05953256243 0.0
57853.1936227 7.09041606678 0.0 7.09041606678 0.0
57853.1936921 7.09605524218 0.0 7.09605524218 0.0
57853.1937384 7.03541043579 0.0 7.03541043579 0.0
57853.1937963 7.05124102552 0.0 7.05124102552 0.0
57853.1938426 7.06696540249 0.0 7.06696540249 0.0
57853.193912 7.08766534199 0.0 7.08766534199 0.0
57853.1939583 7.05847008919 0.0 7.05847008919 0.0
57853.1940046 7.05974503789 0.0 7.05974503789 0.0
57853.1940509 7.10246436105 0.0 7.10246436105 0.0
57853.1941204 7.07862981092 0.0 7.07862981092 0.0
57853.1941667 7.05230458786 0.0 7.05230458786 0.0
57853.194213 7.03278038901 0.0 7.03278038901 0.0
57853.1942593 7.025311381 0.0 7.025311381 0.0
57853.1943287 7.02687697345 0.0 7.02687697345 0.0
57853.194375 7.02844221716 0.0 7.02844221716 0.0
57853.1944213 7.05662808996 0.0 7.05662808996 0.0
57853.1944676 7.09943659736 0.0 7.09943659736 0.0
57853.194537 7.07559184804 0.0 7.07559184804 0.0
57853.1945833 7.044927253 0.0 7.044927253 0.0
57853.1946296 7.11456253047 0.0 7.11456253047 0.0
57853.1946759 7.18832386583 0.0 7.18832386583 0.0
57853.1947454 7.15031467839 0.0 7.15031467839 0.0
57853.1948032 7.03029160135 0.0 7.03029160135 0.0
57853.1948495 7.03938917805 0.0 7.03938917805 0.0
57853.1948843 7.05570691001 0.0 7.05570691001 0.0
57853.1949537 7.01868933634 0.0 7.01868933634 0.0
57853.1950116 7.01391474143 0.0 7.01391474143 0.0
57853.1950579 7.04364962218 0.0 7.04364962218 0.0
57853.1951042 7.05088646909 0.0 7.05088646909 0.0
57853.1951736 7.04854594934 0.0 7.04854594934 0.0
57853.1952199 7.07933612707 0.0 7.07933612707 0.0
57853.1952662 7.11266476083 0.0 7.11266476083 0.0
57853.1953125 7.12474560949 0.0 7.12474560949 0.0
57853.1953819 7.17586231752 0.0 7.17586231752 0.0
57853.1954282 7.07629846742 0.0 7.07629846742 0.0
57853.1954745 7.10619448087 0.0 7.10619448087 0.0
57853.1955208 7.0947868185 0.0 7.0947868185 0.0
57853.1955903 7.05513997026 0.0 7.05513997026 0.0
57853.1956366 7.04464335506 0.0 7.04464335506 0.0
57853.1956829 7.05358065099 0.0 7.05358065099 0.0
57853.1957407 7.05301354032 0.0 7.05301354032 0.0
57853.1958102 7.03747113671 0.0 7.03747113671 0.0
57853.1958449 7.04648848718 0.0 7.04648848718 0.0
57853.1958912 7.04960991829 0.0 7.04960991829 0.0
57853.1959491 7.06823881883 0.0 7.06823881883 0.0
57853.1975694 47.4055798404 0.0 47.4055798404 0.0
57853.1976157 47.9713456138 0.0 47.9713456138 0.0
57853.197662 45.8136224283 0.0 45.8136224283 0.0
57853.1977083 46.6809382939 0.0 46.6809382939 0.0
57853.1977778 41.0271739217 0.0 41.0271739217 0.0
57853.1978241 7.33784709571 0.0 7.33784709571 0.0
57853.1978704 7.31969944738 0.0 7.31969944738 0.0
57853.1979167 7.2447222169 0.0 7.2447222169 0.0
57853.1979977 7.18387082289 0.0 7.18387082289 0.0
57853.1980324 7.10478711856 0.0 7.10478711856 0.0
57853.1980787 7.09936616889 0.0 7.09936616889 0.0
57853.1981366 7.09358865455 0.0 7.09358865455 0.0
57853.198206 7.08329019595 0.0 7.08329019595 0.0
57853.1982523 7.07686371213 0.0 7.07686371213 0.0
57853.198287 7.07679305901 0.0 7.07679305901 0.0
57853.1983449 7.07891234583 0.0 7.07891234583 0.0
57853.1984144 7.07707566725 0.0 7.07707566725 0.0
57853.1984606 7.08674819646 0.0 7.08674819646 0.0
57853.1985069 7.09041606678 0.0 7.09041606678 0.0
57853.1985532 7.08681875033 0.0 7.08681875033 0.0
57853.1986227 7.09647799968 0.0 7.09647799968 0.0
57853.198669 7.09823921829 0.0 7.09823921829 0.0
57853.1987153 7.11238356671 0.0 7.11238356671 0.0
57853.1987616 7.11863751009 0.0 7.11863751009 0.0
57853.198831 7.10422409556 0.0 7.10422409556 0.0
57853.1988773 7.11477336252 0.0 7.11477336252 0.0
57853.1989236 7.12727156772 0.0 7.12727156772 0.0
57853.1989699 7.13554482853 0.0 7.13554482853 0.0
57853.1990394 7.11421112984 0.0 7.11421112984 0.0
57853.1990856 7.11069616845 0.0 7.11069616845 0.0
57853.1991435 7.12018258193 0.0 7.12018258193 0.0
57853.1991782 7.11168053276 0.0 7.11168053276 0.0
57853.1992477 7.14534813707 0.0 7.14534813707 0.0
57853.199294 7.18366201878 0.0 7.18366201878 0.0
57853.1993519 7.22931532028 0.0 7.22931532028 0.0
57853.1993981 7.22481833682 0.0 7.22481833682 0.0
57853.1994676 7.21255849196 0.0 7.21255849196 0.0
57853.1995139 7.13659582714 0.0 7.13659582714 0.0
57853.1995602 7.17446862144 0.0 7.17446862144 0.0
57853.1996065 7.22737850123 0.0 7.22737850123 0.0
57853.1996759 7.2534819225 0.0 7.2534819225 0.0
57853.1997222 7.18554103739 0.0 7.18554103739 0.0
57853.1997685 7.26828728106 0.0 7.26828728106 0.0
57853.1998148 7.38390140779 0.0 7.38390140779 0.0
57853.1998843 7.37909208507 0.0 7.37909208507 0.0
57853.1999306 7.13995798307 0.0 7.13995798307 0.0
57853.1999769 7.15122367151 0.0 7.15122367151 0.0
57853.2000231 7.17781303741 0.0 7.17781303741 0.0
57853.2000926 7.23622829933 0.0 7.23622829933 0.0
57853.2001389 7.09570292501 0.0 7.09570292501 0.0
57853.2001852 7.09295425052 0.0 7.09295425052 0.0
57853.2002315 7.07431975528 0.0 7.07431975528 0.0
57853.2003009 7.08992242553 0.0 7.08992242553 0.0
57853.2003588 7.12207834835 0.0 7.12207834835 0.0
57853.2004051 7.12818349932 0.0 7.12818349932 0.0
57853.2004398 7.12825364307 0.0 7.12825364307 0.0
57853.2005093 7.10373141384 0.0 7.10373141384 0.0
57853.2005671 7.05917842245 0.0 7.05917842245 0.0
57853.2006134 7.06760213934 0.0 7.06760213934 0.0
57853.2006597 7.09450491578 0.0 7.09450491578 0.0
57853.2007292 7.07516784253 0.0 7.07516784253 0.0
57853.2007755 7.02844221716 0.0 7.02844221716 0.0
57853.2008218 7.02260635377 0.0 7.02260635377 0.0
57853.2008681 7.0300782357 0.0 7.0300782357 0.0
57853.2009375 7.04606273035 0.0 7.04606273035 0.0
57853.2009838 7.03157165931 0.0 7.03157165931 0.0
57853.2010301 7.04457237879 0.0 7.04457237879 0.0
57853.2010764 7.04620465215 0.0 7.04620465215 0.0
57853.2011458 7.02744619332 0.0 7.02744619332 0.0
57853.2011921 7.02780193233 0.0 7.02780193233 0.0
57853.2012384 7.05761999544 0.0 7.05761999544 0.0
57853.2012963 7.08173707504 0.0 7.08173707504 0.0
57853.2145602 0.971081870905 0.0 0.971081870905 0.0
57853.2145949 0.462601340249 0.0 0.462601340249 0.0
57853.2146412 0.705691150575 0.0 0.705691150575 0.0
57853.2146991 0.700713921654 0.0 0.700713921654 0.0
57853.2209954 48.8124062099 0.0 48.8124062099 0.0
57853.2210417 49.9752538763 0.0 49.9752538763 0.0
57853.221088 51.6317053757 0.0 51.6317053757 0.0
57853.2211343 51.038338531 0.0 51.038338531 0.0
57853.2212037 42.4616297379 0.0 42.4616297379 0.0
57853.2212616 7.22717095411 0.0 7.22717095411 0.0
57853.2213079 7.21401413916 0.0 7.21401413916 0.0
57853.2213426 7.14282857137 0.0 7.14282857137 0.0
57853.221412 7.03505508152 0.0 7.03505508152 0.0
57853.2214699 6.96943326247 0.0 6.96943326247 0.0
57853.2215162 6.95895107038 0.0 6.95895107038 0.0
57853.2215625 6.9440622117 0.0 6.9440622117 0.0
57853.2216319 6.91989884319 0.0 6.91989884319 0.0
57853.2216782 6.93383011041 0.0 6.93383011041 0.0
57853.2217245 6.93851569141 0.0 6.93851569141 0.0
57853.2217708 6.951186949 0.0 6.951186949 0.0
57853.2218403 6.95636399278 0.0 6.95636399278 0.0
57853.2218866 6.93829950348 0.0 6.93829950348 0.0
57853.2219329 6.95097115517 0.0 6.95097115517 0.0
57853.2219792 6.9708679517 0.0 6.9708679517 0.0
57853.2220486 6.98612911418 0.0 6.98612911418 0.0
57853.2220949 6.95931031066 0.0 6.95931031066 0.0
57853.2221412 6.95679523919 0.0 6.95679523919 0.0
57853.2221991 6.95693898205 0.0 6.95693898205 0.0
57853.2222685 6.93325320467 0.0 6.93325320467 0.0
57853.2223032 6.93664183882 0.0 6.93664183882 0.0
57853.2223495 6.93865981296 0.0 6.93865981296 0.0
57853.2224074 6.93606516694 0.0 6.93606516694 0.0
57853.2224769 6.94211783248 0.0 6.94211783248 0.0
57853.2225231 6.94103738644 0.0 6.94103738644 0.0
57853.2225579 6.95104308719 0.0 6.95104308719 0.0
57853.2226157 6.96541456053 0.0 6.96541456053 0.0
57853.2226852 6.97172862352 0.0 6.97172862352 0.0
57853.2227315 6.97760703967 0.0 6.97760703967 0.0
57853.2227778 6.99671351422 0.0 6.99671351422 0.0
57853.2228241 7.01362958817 0.0 7.01362958817 0.0
57853.2228935 7.00142842569 0.0 7.00142842569 0.0
57853.2229398 6.98355210477 0.0 6.98355210477 0.0
57853.2229861 6.98734570492 0.0 6.98734570492 0.0
57853.2230324 6.97431000171 0.0 6.97431000171 0.0
57853.2231019 6.97359304806 0.0 6.97359304806 0.0
57853.2231481 6.97359304806 0.0 6.97359304806 0.0
57853.2231944 6.97588704037 0.0 6.97588704037 0.0
57853.2232407 6.9834805076 0.0 6.9834805076 0.0
57853.2233102 6.95981321588 0.0 6.95981321588 0.0
57853.2233565 6.97717707959 0.0 6.97717707959 0.0
57853.2234144 7.01027816852 0.0 7.01027816852 0.0
57853.2234491 7.02666350411 0.0 7.02666350411 0.0
57853.2235301 7.01947291469 0.0 7.01947291469 0.0
57853.2235648 6.97560033259 0.0 6.97560033259 0.0
57853.2236227 6.96570168755 0.0 6.96570168755 0.0
57853.223669 6.97115485411 0.0 6.97115485411 0.0
57853.2237384 6.98870517335 0.0 6.98870517335 0.0
57853.2237847 7.01783442381 0.0 7.01783442381 0.0
57853.223831 0.863133825082 0.0 0.863133825082 0.0
57853.2238773 0.319374388453 0.0 0.319374388453 0.0
57853.2253472 1.51822264507 0.0 1.51822264507 0.0
57853.2253935 4.31149626 0.0 4.31149626 0.0
57853.2254398 42.8744912506 0.0 42.8744912506 0.0
57853.2254861 42.6798195872 0.0 42.6798195872 0.0
57853.2255556 32.8687997956 0.0 32.8687997956 0.0
57853.2256019 7.18101664112 0.0 7.18101664112 0.0
57853.2256481 7.17488675869 0.0 7.17488675869 0.0
57853.2256944 7.12088477649 0.0 7.12088477649 0.0
57853.2257755 7.04414650614 0.0 7.04414650614 0.0
57853.2258102 7.00185689657 0.0 7.00185689657 0.0
57853.2258565 7.02495551587 0.0 7.02495551587 0.0
57853.2259144 7.09260177932 0.0 7.09260177932 0.0
57853.2259838 7.07757020453 0.0 7.07757020453 0.0
57853.2260301 7.00192830583 0.0 7.00192830583 0.0
57853.2260648 7.0142711667 0.0 7.0142711667 0.0
57853.2261227 7.01626681363 0.0 7.01626681363 0.0
57853.2261921 6.96763948551 0.0 6.96763948551 0.0
57853.2262384 7.01883181163 0.0 7.01883181163 0.0
57853.2262847 7.08858236885 0.0 7.08858236885 0.0
57853.226331 7.11153991763 0.0 7.11153991763 0.0
57853.2264005 7.00385608076 0.0 7.00385608076 0.0
57853.2264468 6.98068764521 0.0 6.98068764521 0.0
57853.2264931 7.00142842569 0.0 7.00142842569 0.0
57853.2265394 7.01868933634 0.0 7.01868933634 0.0
57853.2266088 6.98727414662 0.0 6.98727414662 0.0
57853.2266551 6.93613725354 0.0 6.93613725354 0.0
57853.2267014 6.94319811038 0.0 6.94319811038 0.0
57853.2267477 6.95197813575 0.0 6.95197813575 0.0
57853.2268171 6.93909215964 0.0 6.93909215964 0.0
57853.2268634 6.92668752002 0.0 6.92668752002 0.0
57853.2269213 6.92026011072 0.0 6.92026011072 0.0
57853.226956 6.93462327744 0.0 6.93462327744 0.0
57853.2270255 6.95291305857 0.0 6.95291305857 0.0
57853.2270718 6.93902010373 0.0 6.93902010373 0.0
57853.2271296 6.93224350409 0.0 6.93224350409 0.0
57853.2271759 6.93123365643 0.0 6.93123365643 0.0
57853.2272454 6.95463873972 0.0 6.95463873972 0.0
57853.2272917 6.99020743612 0.0 6.99020743612 0.0
57853.227338 6.99156634811 0.0 6.99156634811 0.0
57853.2273843 6.98448280118 0.0 6.98448280118 0.0
57853.2274537 6.97495519699 0.0 6.97495519699 0.0
57853.2275 6.9708679517 0.0 6.9708679517 0.0
57853.2275463 6.9882758961 0.0 6.9882758961 0.0
57853.2275926 7.0313583325 0.0 7.0313583325 0.0
57853.227662 7.0374000881 0.0 7.0374000881 0.0
57853.2277083 7.01355829804 0.0 7.01355829804 0.0
57853.2277546 7.06236504296 0.0 7.06236504296 0.0
57853.2278009 7.07318881411 0.0 7.07318881411 0.0
57853.2278704 7.09781656568 0.0 7.09781656568 0.0
57853.2279167 6.97567201064 0.0 6.97567201064 0.0
57853.227963 6.99356847396 0.0 6.99356847396 0.0
57853.2280093 7.03988636272 0.0 7.03988636272 0.0
57853.2280787 7.00364190975 0.0 7.00364190975 0.0
57853.2281366 6.94924456326 0.0 6.94924456326 0.0
57853.2281829 6.94341414579 0.0 6.94341414579 0.0
57853.2282176 6.93419065212 0.0 6.93419065212 0.0
57853.228287 6.9249548735 0.0 6.9249548735 0.0
57853.2283449 6.91801994793 0.0 6.91801994793 0.0
57853.2283912 6.92271622992 0.0 6.92271622992 0.0
57853.2284375 6.9295743015 0.0 6.9295743015 0.0
57853.2285069 6.91303117308 0.0 6.91303117308 0.0
57853.2285532 6.90941386805 0.0 6.90941386805 0.0
57853.2285995 6.9146221878 0.0 6.9146221878 0.0
57853.2286458 6.91765856342 0.0 6.91765856342 0.0
57853.2287153 6.91585135757 0.0 6.91585135757 0.0
57853.2287616 6.91693573774 0.0 6.91693573774 0.0
57853.2288079 6.91816449645 0.0 6.91816449645 0.0
57853.2288542 6.92351067017 0.0 6.92351067017 0.0
57853.2289236 6.94276601939 0.0 6.94276601939 0.0
57853.2289699 6.94053312073 0.0 6.94053312073 0.0
57853.2290162 6.97818027855 0.0 6.97818027855 0.0
57853.2290741 6.98340890969 0.0 6.98340890969 0.0
57853.242338 6.91968207362 0.0 6.91968207362 0.0
57853.2423727 6.91469449795 0.0 6.91469449795 0.0
57853.242419 6.92582125094 0.0 6.92582125094 0.0
57853.2424769 6.93520006921 0.0 6.93520006921 0.0
57853.2461806 48.859523125 0.0 48.859523125 0.0
57853.2462269 46.2384688328 0.0 46.2384688328 0.0
57853.2462731 46.2593450018 0.0 46.2593450018 0.0
57853.2463194 46.1406436886 0.0 46.1406436886 0.0
57853.2463889 35.2413393616 0.0 35.2413393616 0.0
57853.2464352 7.13946776728 0.0 7.13946776728 0.0
57853.2464815 7.1343535096 0.0 7.1343535096 0.0
57853.2465278 7.11596795946 0.0 7.11596795946 0.0
57853.2466088 7.01484140947 0.0 7.01484140947 0.0
57853.2466435 6.90608427403 0.0 6.90608427403 0.0
57853.2466898 6.87575450405 0.0 6.87575450405 0.0
57853.2467477 6.89274981412 0.0 6.89274981412 0.0
57853.2468171 6.87640894654 0.0 6.87640894654 0.0
57853.2468634 6.88672636308 0.0 6.88672636308 0.0
57853.2468981 6.88411214319 0.0 6.88411214319 0.0
57853.246956 6.91960981559 0.0 6.91960981559 0.0
57853.2470255 6.92026011072 0.0 6.92026011072 0.0
57853.2470718 6.894418032 0.0 6.894418032 0.0
57853.2471181 6.90398435688 0.0 6.90398435688 0.0
57853.2471644 6.92827539868 0.0 6.92827539868 0.0
57853.2472338 6.91845358444 0.0 6.91845358444 0.0
57853.2472801 6.89100863445 0.0 6.89100863445 0.0
57853.2473264 6.90659105493 0.0 6.90659105493 0.0
57853.2473727 6.93440696816 0.0 6.93440696816 0.0
57853.2474421 6.89572331231 0.0 6.89572331231 0.0
57853.2474884 6.8751727251 0.0 6.8751727251 0.0
57853.2475347 6.87546362073 0.0 6.87546362073 0.0
57853.247581 6.89318504031 0.0 6.89318504031 0.0
57853.2476505 6.90427403859 0.0 6.90427403859 0.0
57853.2476968 6.88098830111 0.0 6.88098830111 0.0
57853.2477546 6.89093607574 0.0 6.89093607574 0.0
57853.2477894 6.87997093017 0.0 6.87997093017 0.0
57853.2478588 6.88447528865 0.0 6.88447528865 0.0
57853.2479051 6.90007246339 0.0 6.90007246339 0.0
57853.247963 6.8906458333 0.0 6.8906458333 0.0
57853.2480093 6.87931682655 0.0 6.87931682655 0.0
57853.2480787 6.89666586112 0.0 6.89666586112 0.0
57853.248125 6.90449129191 0.0 6.90449129191 0.0
57853.2481713 6.92271622992 0.0 6.92271622992 0.0
57853.2482176 6.95442305299 0.0 6.95442305299 0.0
57853.248287 6.94485421013 0.0 6.94485421013 0.0
57853.2483333 6.86738669364 0.0 6.86738669364 0.0
57853.2483796 6.88026162293 0.0 6.88026162293 0.0
57853.2484259 6.9026082027 0.0 6.9026082027 0.0
57853.2484954 6.91382672621 0.0 6.91382672621 0.0
57853.2485417 6.89296743065 0.0 6.89296743065 0.0
57853.248588 6.88984760354 0.0 6.88984760354 0.0
57853.2486343 6.88265936975 0.0 6.88265936975 0.0
57853.2487037 6.87073504074 0.0 6.87073504074 0.0
57853.24875 6.85733184263 0.0 6.85733184263 0.0
57853.2487963 6.85113129344 0.0 6.85113129344 0.0
57853.2488426 6.86389102478 0.0 6.86389102478 0.0
57853.248912 6.87749954562 0.0 6.87749954562 0.0
57853.2489699 6.90963095975 0.0 6.90963095975 0.0
57853.2490162 6.93224350409 0.0 6.93224350409 0.0
57853.2490509 6.96534277692 0.0 6.96534277692 0.0
57853.2491204 6.90753212081 0.0 6.90753212081 0.0
57853.2491782 6.8610494824 0.0 6.8610494824 0.0
57853.2492245 6.87320885759 0.0 6.87320885759 0.0
57853.2492708 6.87160825426 0.0 6.87160825426 0.0
57853.2493403 6.84733524811 0.0 6.84733524811 0.0
57853.2493866 6.86549342728 0.0 6.86549342728 0.0
57853.2494329 6.87429996436 0.0 6.87429996436 0.0
57853.2494792 6.88592767897 0.0 6.88592767897 0.0
57853.2495486 6.88164224586 0.0 6.88164224586 0.0
57853.2495949 6.83790903713 0.0 6.83790903713 0.0
57853.2496412 6.85412284687 0.0 6.85412284687 0.0
57853.2496875 6.88193286802 0.0 6.88193286802 0.0
57853.2497569 6.87291786653 0.0 6.87291786653 0.0
57853.2498032 6.89637585983 0.0 6.89637585983 0.0
57853.2498495 6.93858775256 0.0 6.93858775256 0.0
57853.2499074 6.95744205869 0.0 6.95744205869 0.0
57853.2499769 6.94118145563 0.0 6.94118145563 0.0
57853.2500116 2.85482048472 0.0 2.85482048472 0.0
57853.2500579 0.216794833887 0.0 0.216794833887 0.0
57853.2501157 0.173205080757 0.0 0.173205080757 0.0
57853.2517361 0.22360679775 0.0 0.22360679775 0.0
57853.2517824 0.47539457296 0.0 0.47539457296 0.0
57853.2518287 16.9182150359 0.0 16.9182150359 0.0
57853.251875 28.1659546261 0.0 28.1659546261 0.0
57853.2519444 12.2767666753 0.0 12.2767666753 0.0
57853.2519907 1.03778610513 0.0 1.03778610513 0.0
57853.252037 1.08351280565 0.0 1.08351280565 0.0
57853.2520833 0.757627876995 0.0 0.757627876995 0.0
57853.2521644 3.01976820302 0.0 3.01976820302 0.0
57853.2521991 2.85184151032 0.0 2.85184151032 0.0
57853.2522454 2.79660508474 0.0 2.79660508474 0.0
57853.2523032 2.79284800875 0.0 2.79284800875 0.0
57853.2523727 2.71753564834 0.0 2.71753564834 0.0
57853.252419 2.78280434095 0.0 2.78280434095 0.0
57853.2524537 2.76369318123 0.0 2.76369318123 0.0
57853.2525116 2.80766807155 0.0 2.80766807155 0.0
57853.252581 2.82205598811 0.0 2.82205598811 0.0
57853.2526273 2.78388218142 0.0 2.78388218142 0.0
57853.2526736 2.88461435897 0.0 2.88461435897 0.0
57853.2527199 3.00965114257 0.0 3.00965114257 0.0
57853.2527894 3.03677460474 0.0 3.03677460474 0.0
57853.2528356 2.81478240722 0.0 2.81478240722 0.0
57853.2528819 2.83090091667 0.0 2.83090091667 0.0
57853.2529282 2.79892836636 0.0 2.79892836636 0.0
57853.2529977 2.8021420378 0.0 2.8021420378 0.0
57853.253044 2.78890659578 0.0 2.78890659578 0.0
57853.2530903 2.81868763789 0.0 2.81868763789 0.0
57853.2531366 2.86408798748 0.0 2.86408798748 0.0
57853.253206 2.90137898248 0.0 2.90137898248 0.0
57853.2532523 2.80820227192 0.0 2.80820227192 0.0
57853.2533102 2.86984320129 0.0 2.86984320129 0.0
57853.2533449 2.8958591126 0.0 2.8958591126 0.0
57853.2534144 2.79213180205 0.0 2.79213180205 0.0
57853.2534606 2.70333127826 0.0 2.70333127826 0.0
57853.2535185 2.73587280406 0.0 2.73587280406 0.0
57853.2535648 2.72561919571 0.0 2.72561919571 0.0
57853.2536343 2.79320604324 0.0 2.79320604324 0.0
57853.2536806 2.73367883995 0.0 2.73367883995 0.0
57853.2537269 2.66683332813 0.0 2.66683332813 0.0
57853.2537731 2.6536766947 0.0 2.6536766947 0.0
57853.2538426 2.65235744197 0.0 2.65235744197 0.0
57853.2538889 2.70961251842 0.0 2.70961251842 0.0
57853.2539352 2.81247222209 0.0 2.81247222209 0.0
57853.2539815 2.87454344201 0.0 2.87454344201 0.0
57853.2540509 2.82524335235 0.0 2.82524335235 0.0
57853.2540972 2.68812202104 0.0 2.68812202104 0.0
57853.2541435 2.69777686253 0.0 2.69777686253 0.0
57853.2541898 2.66383182652 0.0 2.66383182652 0.0
57853.2542593 2.65593674623 0.0 2.65593674623 0.0
57853.2543056 2.65141471671 0.0 2.65141471671 0.0
57853.2543519 2.66552058705 0.0 2.66552058705 0.0
57853.2543981 2.65386510584 0.0 2.65386510584 0.0
57853.2544676 2.63837070936 0.0 2.63837070936 0.0
57853.2545255 2.68011193796 0.0 2.68011193796 0.0
57853.2545718 2.76532095786 0.0 2.76532095786 0.0
57853.2546065 2.82771992955 0.0 2.82771992955 0.0
57853.2546759 2.85131548588 0.0 2.85131548588 0.0
57853.2547338 2.79839239564 0.0 2.79839239564 0.0
57853.2547801 2.82612809335 0.0 2.82612809335 0.0
57853.2548264 2.79087799805 0.0 2.79087799805 0.0
57853.2548958 2.61591284258 0.0 2.61591284258 0.0
57853.2549421 2.60537905112 0.0 2.60537905112 0.0
57853.2549884 2.6754438884 0.0 2.6754438884 0.0
57853.2550347 2.70739727414 0.0 2.70739727414 0.0
57853.2551042 2.6873779042 0.0 2.6873779042 0.0
57853.2551505 2.61648619335 0.0 2.61648619335 0.0
57853.2551968 2.59730629692 0.0 2.59730629692 0.0
57853.2552431 2.61170442432 0.0 2.61170442432 0.0
57853.2553125 2.64839574082 0.0 2.64839574082 0.0
57853.2553588 2.72946881279 0.0 2.72946881279 0.0
57853.2554051 2.74590604355 0.0 2.74590604355 0.0
57853.255463 2.80196359719 0.0 2.80196359719 0.0
57853.2805324 6.73297853851 0.0 6.73297853851 0.0
57853.2805671 6.75647837264 0.0 6.75647837264 0.0
57853.2806134 6.74492401736 0.0 6.74492401736 0.0
57853.2806713 6.75285124966 0.0 6.75285124966 0.0
57853.2836806 73.5669015251 0.0 73.5669015251 0.0
57853.2837269 84.244602201 0.0 84.244602201 0.0
57853.2837731 45.9050868641 0.0 45.9050868641 0.0
57853.2838194 73.2508020434 0.0 73.2508020434 0.0
57853.2838889 39.4083239938 0.0 39.4083239938 0.0
57853.2839352 7.03725798873 0.0 7.03725798873 0.0
57853.2839815 7.03619215201 0.0 7.03619215201 0.0
57853.2840278 6.9969278973 0.0 6.9969278973 0.0
57853.2841088 6.90745973568 0.0 6.90745973568 0.0
57853.2841435 6.834398291 0.0 6.834398291 0.0
57853.2841898 6.81476338547 0.0 6.81476338547 0.0
57853.2842477 6.80176447696 0.0 6.80176447696 0.0
57853.2843171 6.81909084849 0.0 6.81909084849 0.0
57853.2843634 6.85915446684 0.0 6.85915446684 0.0
57853.2843981 6.88890412185 0.0 6.88890412185 0.0
57853.284456 6.9285640648 0.0 6.9285640648 0.0
57853.2845255 6.8905007075 0.0 6.8905007075 0.0
57853.2845718 6.78549924471 0.0 6.78549924471 0.0
57853.2846181 6.79286390266 0.0 6.79286390266 0.0
57853.2846644 6.79551322565 0.0 6.79551322565 0.0
57853.2847338 6.84594770649 0.0 6.84594770649 0.0
57853.2847801 6.87073504074 0.0 6.87073504074 0.0
57853.2848264 6.91606824721 0.0 6.91606824721 0.0
57853.2848727 6.96462490017 0.0 6.96462490017 0.0
57853.2849421 6.92033236196 0.0 6.92033236196 0.0
57853.2849884 6.80441033448 0.0 6.80441033448 0.0
57853.2850347 6.80977238974 0.0 6.80977238974 0.0
57853.285081 6.81535032115 0.0 6.81535032115 0.0
57853.2851505 6.80756931658 0.0 6.80756931658 0.0
57853.2851968 6.80955211449 0.0 6.80955211449 0.0
57853.2852546 6.80389594277 0.0 6.80389594277 0.0
57853.2852894 6.80558594098 0.0 6.80558594098 0.0
57853.2853588 6.78092913987 0.0 6.78092913987 0.0
57853.2854051 6.78218253957 0.0 6.78218253957 0.0
57853.285463 6.78800412493 0.0 6.78800412493 0.0
57853.2855093 6.79507174355 0.0 6.79507174355 0.0
57853.2855787 6.79602825185 0.0 6.79602825185 0.0
57853.285625 6.78623607016 0.0 6.78623607016 0.0
57853.2856713 6.80308753435 0.0 6.80308753435 0.0
57853.2857176 6.83827463619 0.0 6.83827463619 0.0
57853.285787 6.84872250861 0.0 6.84872250861 0.0
57853.2858333 6.84097946204 0.0 6.84097946204 0.0
57853.2858796 6.8379821585 0.0 6.8379821585 0.0
57853.2859259 6.83264224148 0.0 6.83264224148 0.0
57853.2859954 6.83959063102 0.0 6.83959063102 0.0
57853.2860417 6.80845063138 0.0 6.80845063138 0.0
57853.286088 6.80984581323 0.0 6.80984581323 0.0
57853.2861343 6.81175454637 0.0 6.81175454637 0.0
57853.2862037 6.84718920434 0.0 6.84718920434 0.0
57853.28625 6.81153433523 0.0 6.81153433523 0.0
57853.2862963 6.81630398383 0.0 6.81630398383 0.0
57853.2863426 6.79610182384 0.0 6.79610182384 0.0
57853.286412 6.7833619983 0.0 6.7833619983 0.0
57853.2864699 6.82751785058 0.0 6.82751785058 0.0
57853.2865162 6.83637330754 0.0 6.83637330754 0.0
57853.2865509 6.83110532784 0.0 6.83110532784 0.0
57853.2866204 6.8733543485 0.0 6.8733543485 0.0
57853.2866782 6.93858775256 0.0 6.93858775256 0.0
57853.2867245 6.95873551732 0.0 6.95873551732 0.0
57853.2867708 6.98075927102 0.0 6.98075927102 0.0
57853.2868403 6.90289794217 0.0 6.90289794217 0.0
57853.2868866 6.81769755856 0.0 6.81769755856 0.0
57853.2869329 6.81960409408 0.0 6.81960409408 0.0
57853.2869792 6.80845063138 0.0 6.80845063138 0.0
57853.2870486 6.84631287629 0.0 6.84631287629 0.0
57853.2870949 6.86236110971 0.0 6.86236110971 0.0
57853.2871412 6.90217357069 0.0 6.90217357069 0.0
57853.2871875 6.9167188753 0.0 6.9167188753 0.0
57853.2872569 6.83037334265 0.0 6.83037334265 0.0
57853.2873032 6.87408175686 0.0 6.87408175686 0.0
57853.2873495 6.90246332841 0.0 6.90246332841 0.0
57853.2874074 6.93325320467 0.0 6.93325320467 0.0
57853.2874769 6.90195624443 0.0 6.90195624443 0.0
57853.2875116 6.79411510059 0.0 6.79411510059 0.0
57853.2875579 6.80323452484 0.0 6.80323452484 0.0
57853.2876157 6.820703776 0.0 6.820703776 0.0
57853.2892361 58.3950169107 0.0 58.3950169107 0.0
57853.2892824 55.3256540856 0.0 55.3256540856 0.0
57853.2893287 54.7851622248 0.0 54.7851622248 0.0
57853.289375 52.1596203974 0.0 52.1596203974 0.0
57853.2894444 42.0136763447 0.0 42.0136763447 0.0
57853.2894907 7.07036066973 0.0 7.07036066973 0.0
57853.289537 7.05053189483 0.0 7.05053189483 0.0
57853.2895833 6.98870517335 0.0 6.98870517335 0.0
57853.2896644 6.9240161756 0.0 6.9240161756 0.0
57853.2896991 6.91736944221 0.0 6.91736944221 0.0
57853.2897454 6.92661533507 0.0 6.92661533507 0.0
57853.2898032 6.89949273498 0.0 6.89949273498 0.0
57853.2898727 6.83747029244 0.0 6.83747029244 0.0
57853.289919 6.88069763905 0.0 6.88069763905 0.0
57853.2899537 6.91512834299 0.0 6.91512834299 0.0
57853.2900116 6.92076585357 0.0 6.92076585357 0.0
57853.290081 6.88868637695 0.0 6.88868637695 0.0
57853.2901273 6.85156916334 0.0 6.85156916334 0.0
57853.2901736 6.86745950115 0.0 6.86745950115 0.0
57853.2902199 6.86542059891 0.0 6.86542059891 0.0
57853.2902894 6.84214878529 0.0 6.84214878529 0.0
57853.2903356 6.85973760431 0.0 6.85973760431 0.0
57853.2903819 6.88069763905 0.0 6.88069763905 0.0
57853.2904282 6.87328160343 0.0 6.87328160343 0.0
57853.2904977 6.8558733944 0.0 6.8558733944 0.0
57853.290544 6.94917261262 0.0 6.94917261262 0.0
57853.2905903 7.05195008491 0.0 7.05195008491 0.0
57853.2906366 7.07721696714 0.0 7.07721696714 0.0
57853.290706 6.99442635246 0.0 6.99442635246 0.0
57853.2907523 6.84141798168 0.0 6.84141798168 0.0
57853.2908102 6.84390239556 0.0 6.84390239556 0.0
57853.2908449 6.86024780894 0.0 6.86024780894 0.0
57853.2909144 6.87073504074 0.0 6.87073504074 0.0
57853.2909606 6.87037116901 0.0 6.87037116901 0.0
57853.2910185 6.87626352026 0.0 6.87626352026 0.0
57853.2910648 6.90188380082 0.0 6.90188380082 0.0
57853.2911343 6.87269961514 0.0 6.87269961514 0.0
57853.2911806 6.8315444813 0.0 6.8315444813 0.0
57853.2912269 6.83549559286 0.0 6.83549559286 0.0
57853.2912731 6.83227634102 0.0 6.83227634102 0.0
57853.2913426 6.83615388943 0.0 6.83615388943 0.0
57853.2913889 6.81461664366 0.0 6.81461664366 0.0
57853.2914352 6.8215833939 0.0 6.8215833939 0.0
57853.2914815 6.82971448891 0.0 6.82971448891 0.0
57853.2915509 6.8259065332 0.0 6.8259065332 0.0
57853.2915972 6.83059294644 0.0 6.83059294644 0.0
57853.2916435 6.82685872126 0.0 6.82685872126 0.0
57853.2916898 2.56007812381 0.0 2.56007812381 0.0
57853.2917593 2.59557315443 0.0 2.59557315443 0.0
57853.2918056 2.66420719915 0.0 2.66420719915 0.0
57853.2918519 2.65932322218 0.0 2.65932322218 0.0
57853.2918981 2.66627080395 0.0 2.66627080395 0.0
57853.2919676 2.63893918081 0.0 2.63893918081 0.0
57853.2920255 2.6495282599 0.0 2.6495282599 0.0
57853.2920718 2.64631819704 0.0 2.64631819704 0.0
57853.2921065 2.69962960422 0.0 2.69962960422 0.0
57853.2921759 2.64386081328 0.0 2.64386081328 0.0
57853.2922338 2.55910140479 0.0 2.55910140479 0.0
57853.2922801 2.54931363312 0.0 2.54931363312 0.0
57853.2923264 2.60365128233 0.0 2.60365128233 0.0
57853.2923958 2.60422733263 0.0 2.60422733263 0.0
57853.2924421 2.53830652207 0.0 2.53830652207 0.0
57853.2924884 2.54342289052 0.0 2.54342289052 0.0
57853.2925347 2.54833278831 0.0 2.54833278831 0.0
57853.2926042 2.59403161122 0.0 2.59403161122 0.0
57853.2926505 2.61227869876 0.0 2.61227869876 0.0
57853.2926968 2.64896206088 0.0 2.64896206088 0.0
57853.2927431 2.65650145869 0.0 2.65650145869 0.0
57853.2928125 2.63362867542 0.0 2.63362867542 0.0
57853.2928588 2.59248915138 0.0 2.59248915138 0.0
57853.2929051 2.61553053892 0.0 2.61553053892 0.0
57853.292963 2.59055978507 0.0 2.59055978507 0.0
57853.3055324 6.76786524689 0.0 6.76786524689 0.0
57853.3055671 6.7244330616 0.0 6.7244330616 0.0
57853.3056134 6.73646791724 0.0 6.73646791724 0.0
57853.3056713 6.78011799307 0.0 6.78011799307 0.0
57853.3086806 43.6456756163 0.0 43.6456756163 0.0
57853.3087269 47.1975634964 0.0 47.1975634964 0.0
57853.3087731 41.151391228 0.0 41.151391228 0.0
57853.3088194 34.5626387881 0.0 34.5626387881 0.0
57853.3088889 34.1259139072 0.0 34.1259139072 0.0
57853.3089352 7.24831014789 0.0 7.24831014789 0.0
57853.3089815 7.22066478934 0.0 7.22066478934 0.0
57853.3090278 7.13147950989 0.0 7.13147950989 0.0
57853.3091088 7.06526715702 0.0 7.06526715702 0.0
57853.3091435 7.02879790576 0.0 7.02879790576 0.0
57853.3091898 6.98140387028 0.0 6.98140387028 0.0
57853.3092477 6.95471063381 0.0 6.95471063381 0.0
57853.3093171 7.00885154644 0.0 7.00885154644 0.0
57853.3093634 7.0510282938 0.0 7.0510282938 0.0
57853.3093981 7.1238332378 0.0 7.1238332378 0.0
57853.309456 7.18032032712 0.0 7.18032032712 0.0
57853.3095255 7.09640754185 0.0 7.09640754185 0.0
57853.3095718 6.96699361274 0.0 6.96699361274 0.0
57853.3096181 7.02260635377 0.0 7.02260635377 0.0
57853.3096644 7.05747830319 0.0 7.05747830319 0.0
57853.3097338 7.09013399027 0.0 7.09013399027 0.0
57853.3097801 7.05981586162 0.0 7.05981586162 0.0
57853.3098264 7.07368362312 0.0 7.07368362312 0.0
57853.3098727 7.17593199522 0.0 7.17593199522 0.0
57853.3099421 7.07050210381 0.0 7.07050210381 0.0
57853.3099884 6.98856208386 0.0 6.98856208386 0.0
57853.3100347 7.01633807623 0.0 7.01633807623 0.0
57853.310081 6.9862722535 0.0 6.9862722535 0.0
57853.3101505 6.95643586904 0.0 6.95643586904 0.0
57853.3101968 6.93765089926 0.0 6.93765089926 0.0
57853.3102546 6.94254996381 0.0 6.94254996381 0.0
57853.3102894 6.94758951004 0.0 6.94758951004 0.0
57853.3103588 6.94773344336 0.0 6.94773344336 0.0
57853.3104051 6.95931031066 0.0 6.95931031066 0.0
57853.310463 6.96541456053 0.0 6.96541456053 0.0
57853.3105093 6.98562810347 0.0 6.98562810347 0.0
57853.3105787 6.9732345436 0.0 6.9732345436 0.0
57853.310625 6.9744533836 0.0 6.9744533836 0.0
57853.3106713 7.01206103795 0.0 7.01206103795 0.0
57853.3107176 7.05903676149 0.0 7.05903676149 0.0
57853.310787 7.080748548 0.0 7.080748548 0.0
57853.3108333 7.03967328787 0.0 7.03967328787 0.0
57853.3108796 7.04336567274 0.0 7.04336567274 0.0
57853.3109259 7.0375421846 0.0 7.0375421846 0.0
57853.3109954 6.96871580709 0.0 6.96871580709 0.0
57853.3110417 7.10021126446 0.0 7.10021126446 0.0
57853.311088 7.15898037433 0.0 7.15898037433 0.0
57853.3111343 7.30198603121 0.0 7.30198603121 0.0
57853.3112037 7.28978737687 0.0 7.28978737687 0.0
57853.31125 7.10232356345 0.0 7.10232356345 0.0
57853.3112963 7.17676807484 0.0 7.17676807484 0.0
57853.3113426 7.17405045982 0.0 7.17405045982 0.0
57853.311412 7.05896592994 0.0 7.05896592994 0.0
57853.3114699 7.01683689421 0.0 7.01683689421 0.0
57853.3115162 7.0374000881 0.0 7.0374000881 0.0
57853.3115509 7.041022653 0.0 7.041022653 0.0
57853.3116204 6.99263898682 0.0 6.99263898682 0.0
57853.3116782 7.00713921654 0.0 7.00713921654 0.0
57853.3117245 7.07912423962 0.0 7.07912423962 0.0
57853.3117708 7.10900836967 0.0 7.10900836967 0.0
57853.3118403 7.11435169218 0.0 7.11435169218 0.0
57853.3118866 7.08667764189 0.0 7.08667764189 0.0
57853.3119329 7.09985915353 0.0 7.09985915353 0.0
57853.3119792 7.07389567353 0.0 7.07389567353 0.0
57853.3120486 6.98269289028 0.0 6.98269289028 0.0
57853.3120949 7.01662311942 0.0 7.01662311942 0.0
57853.3121412 7.07007779307 0.0 7.07007779307 0.0
57853.3121875 7.07036066973 0.0 7.07036066973 0.0
57853.3122569 7.01220364793 0.0 7.01220364793 0.0
57853.3123032 7.05358065099 0.0 7.05358065099 0.0
57853.3123495 7.08004237275 0.0 7.08004237275 0.0
57853.3124074 7.04996453892 0.0 7.04996453892 0.0
57853.3270602 6.84653196881 0.0 6.84653196881 0.0
57853.3270949 6.82422156733 0.0 6.82422156733 0.0
57853.3271412 6.83505669325 0.0 6.83505669325 0.0
57853.3271991 6.85609218141 0.0 6.85609218141 0.0
57853.3302083 64.8896139609 0.0 64.8896139609 0.0
57853.3302546 100.17162772 0.0 100.17162772 0.0
57853.3303009 98.195687278 0.0 98.195687278 0.0
57853.3303472 93.9219463171 0.0 93.9219463171 0.0
57853.3304167 84.1808766882 0.0 84.1808766882 0.0
57853.330463 7.62292594743 0.0 7.62292594743 0.0
57853.3305093 7.65271193761 0.0 7.65271193761 0.0
57853.3305556 7.70434942094 0.0 7.70434942094 0.0
57853.3306366 7.58920285669 0.0 7.58920285669 0.0
57853.3306713 7.39222564591 0.0 7.39222564591 0.0
57853.3307176 7.40965586245 0.0 7.40965586245 0.0
57853.3307755 7.43552284644 0.0 7.43552284644 0.0
57853.3308449 7.41599622438 0.0 7.41599622438 0.0
57853.3308912 7.35724133083 0.0 7.35724133083 0.0
57853.3309259 7.37983739658 0.0 7.37983739658 0.0
57853.3309838 7.43074693419 0.0 7.43074693419 0.0
57853.3310532 7.36627449937 0.0 7.36627449937 0.0
57853.3310995 7.38566178484 0.0 7.38566178484 0.0
57853.3311458 7.47556017968 0.0 7.47556017968 0.0
57853.3311921 7.56498512887 0.0 7.56498512887 0.0
57853.3312616 7.73388647447 0.0 7.73388647447 0.0
57853.3313079 7.75099993549 0.0 7.75099993549 0.0
57853.3313542 7.83524090249 0.0 7.83524090249 0.0
57853.3314005 7.73142936332 0.0 7.73142936332 0.0
57853.3314699 7.47756644905 0.0 7.47756644905 0.0
57853.3315162 7.65493305 0.0 7.65493305 0.0
57853.3315625 7.85506206214 0.0 7.85506206214 0.0
57853.3316088 7.95260963458 0.0 7.95260963458 0.0
57853.3316782 7.87362686441 0.0 7.87362686441 0.0
57853.3317245 7.53266221199 0.0 7.53266221199 0.0
57853.3317824 7.67430778637 0.0 7.67430778637 0.0
57853.3318171 7.79820492165 0.0 7.79820492165 0.0
57853.3318866 7.86479497508 0.0 7.86479497508 0.0
57853.3319329 7.73420972046 0.0 7.73420972046 0.0
57853.3319907 7.63956805062 0.0 7.63956805062 0.0
57853.332037 7.56564603983 0.0 7.56564603983 0.0
57853.3321065 7.54122006044 0.0 7.54122006044 0.0
57853.3321528 7.94644574637 0.0 7.94644574637 0.0
57853.3321991 8.18706296544 0.0 8.18706296544 0.0
57853.3322454 8.4598463343 0.0 8.4598463343 0.0
57853.3323148 8.31582828106 0.0 8.31582828106 0.0
57853.3323611 7.66270187336 0.0 7.66270187336 0.0
57853.3324074 7.86733754202 0.0 7.86733754202 0.0
57853.3324537 7.98605033793 0.0 7.98605033793 0.0
57853.3325231 7.97790699369 0.0 7.97790699369 0.0
57853.3325694 7.71854908645 0.0 7.71854908645 0.0
57853.3326157 7.79858961608 0.0 7.79858961608 0.0
57853.332662 7.85588951042 0.0 7.85588951042 0.0
57853.3327315 7.98022556072 0.0 7.98022556072 0.0
57853.3327778 7.56048940215 0.0 7.56048940215 0.0
57853.3328241 7.55155613102 0.0 7.55155613102 0.0
57853.3328704 7.53810320969 0.0 7.53810320969 0.0
57853.3329398 7.60992772633 0.0 7.60992772633 0.0
57853.3329977 7.57720265005 0.0 7.57720265005 0.0
57853.333044 7.68413950941 0.0 7.68413950941 0.0
57853.3330787 7.79884606849 0.0 7.79884606849 0.0
57853.3331481 7.7620229322 0.0 7.7620229322 0.0
57853.333206 7.58030342401 0.0 7.58030342401 0.0
57853.3332523 7.63616395843 0.0 7.63616395843 0.0
57853.3332986 7.69467348235 0.0 7.69467348235 0.0
57853.3333681 3.05466855813 0.0 3.05466855813 0.0
57853.3334144 2.78370257032 0.0 2.78370257032 0.0
57853.3334606 2.99198930479 0.0 2.99198930479 0.0
57853.3335069 3.06692027937 0.0 3.06692027937 0.0
57853.3335764 1.20083304418 0.0 1.20083304418 0.0
57853.3336227 2.75916654082 0.0 2.75916654082 0.0
57853.333669 3.09709541345 0.0 3.09709541345 0.0
57853.3337153 2.78513913477 0.0 2.78513913477 0.0
57853.3337847 1.57416644609 0.0 1.57416644609 0.0
57853.333831 2.97405447159 0.0 2.97405447159 0.0
57853.3338773 1.01094015649 0.0 1.01094015649 0.0
57853.3339352 2.19180291085 0.0 2.19180291085 0.0
57853.3340046 2.55499510763 0.0 2.55499510763 0.0
57853.3340394 2.81460476799 0.0 2.81460476799 0.0
57853.3340856 0.327108544676 0.0 0.327108544676 0.0
57853.3341435 0.25495097568 0.0 0.25495097568 0.0
57853.3357639 0.40249223595 0.0 0.40249223595 0.0
57853.3358102 0.515751878329 0.0 0.515751878329 0.0
57853.3358565 22.702180512 0.0 22.702180512 0.0
57853.3359028 23.4621823367 0.0 23.4621823367 0.0
57853.3359722 17.9776527945 0.0 17.9776527945 0.0
57853.3360185 1.98997487421 0.0 1.98997487421 0.0
57853.3360648 2.05231576518 0.0 2.05231576518 0.0
57853.3361111 2.25055548699 0.0 2.25055548699 0.0
57853.3361921 0.441588043316 0.0 0.441588043316 0.0
57853.3362269 1.04115320679 0.0 1.04115320679 0.0
57853.3362731 2.07894203863 0.0 2.07894203863 0.0
57853.336331 0.65574385243 0.0 0.65574385243 0.0
57853.3364005 3.13257082921 0.0 3.13257082921 0.0
57853.3364468 1.33940285202 0.0 1.33940285202 0.0
57853.3364815 2.10784249886 0.0 2.10784249886 0.0
57853.3365394 2.65443025902 0.0 2.65443025902 0.0
57853.3366088 2.42260190704 0.0 2.42260190704 0.0
57853.3366551 3.00549496756 0.0 3.00549496756 0.0
57853.3367014 1.22841361113 0.0 1.22841361113 0.0
57853.3367477 2.0559669258 0.0 2.0559669258 0.0
57853.3368171 2.89706748282 0.0 2.89706748282 0.0
57853.3368634 0.819145896651 0.0 0.819145896651 0.0
57853.3369097 0.202484567313 0.0 0.202484567313 0.0
57853.336956 0.683373982531 0.0 0.683373982531 0.0
57853.3370255 0.607453701939 0.0 0.607453701939 0.0
57853.3370718 0.852642949892 0.0 0.852642949892 0.0
57853.3371181 1.47309198627 0.0 1.47309198627 0.0
57853.3371644 1.94679223339 0.0 1.94679223339 0.0
57853.3372338 2.21697992774 0.0 2.21697992774 0.0
57853.3372801 0.448330235429 0.0 0.448330235429 0.0
57853.337338 1.46594679303 0.0 1.46594679303 0.0
57853.3373727 1.90131533418 0.0 1.90131533418 0.0
57853.3374421 1.03198837203 0.0 1.03198837203 0.0
57853.3374884 2.87349960849 0.0 2.87349960849 0.0
57853.3375463 2.9587159377 0.0 2.9587159377 0.0
57853.3375926 0.5 0.0 0.5 0.0
57853.337662 0.814248119433 0.0 0.814248119433 0.0
57853.3377083 2.63856021345 0.0 2.63856021345 0.0
57853.3377546 2.78908587175 0.0 2.78908587175 0.0
57853.3378009 2.92181450472 0.0 2.92181450472 0.0
57853.3378704 2.96647939484 0.0 2.96647939484 0.0
57853.3379167 2.84710379157 0.0 2.84710379157 0.0
57853.337963 2.71900717174 0.0 2.71900717174 0.0
57853.3380093 2.81797799849 0.0 2.81797799849 0.0
57853.3380787 2.8048172846 0.0 2.8048172846 0.0
57853.338125 2.84007042166 0.0 2.84007042166 0.0
57853.3381713 2.98630206108 0.0 2.98630206108 0.0
57853.3382176 2.98077171216 0.0 2.98077171216 0.0
57853.338287 2.88565417193 0.0 2.88565417193 0.0
57853.3383333 2.53633593989 0.0 2.53633593989 0.0
57853.3383796 2.72470181855 0.0 2.72470181855 0.0
57853.3384259 2.83319607511 0.0 2.83319607511 0.0
57853.3384954 2.78765134118 0.0 2.78765134118 0.0
57853.3385532 2.86984320129 0.0 2.86984320129 0.0
57853.3385995 2.73678643668 0.0 2.73678643668 0.0
57853.3386343 2.69685001437 0.0 2.69685001437 0.0
57853.3387037 3.0078231331 0.0 3.0078231331 0.0
57853.3387616 0.521536192416 0.0 0.521536192416 0.0
57853.3388079 1.40356688476 0.0 1.40356688476 0.0
57853.3388542 1.73925271309 0.0 1.73925271309 0.0
57853.3389236 3.10419071579 0.0 3.10419071579 0.0
57853.3389699 0.557673739744 0.0 0.557673739744 0.0
57853.3390162 1.73233945865 0.0 1.73233945865 0.0
57853.3390625 2.43351597488 0.0 2.43351597488 0.0
57853.3391319 1.85634048601 0.0 1.85634048601 0.0
57853.3391782 1.44602904535 0.0 1.44602904535 0.0
57853.3392245 2.17715410571 0.0 2.17715410571 0.0
57853.3392708 0.990454441153 0.0 0.990454441153 0.0
57853.3393403 2.97556717283 0.0 2.97556717283 0.0
57853.3393866 2.24098192764 0.0 2.24098192764 0.0
57853.3394329 3.12169825576 0.0 3.12169825576 0.0
57853.3394907 2.69425314327 0.0 2.69425314327 0.0
57853.3576157 7.20888340868 0.0 7.20888340868 0.0
57853.3576505 7.1495454401 0.0 7.1495454401 0.0
57853.3576968 7.18644557483 0.0 7.18644557483 0.0
57853.3577546 7.11610848709 0.0 7.11610848709 0.0
57853.363912 102.24675056 0.0 102.24675056 0.0
57853.3639583 86.4917279282 0.0 86.4917279282 0.0
57853.3640046 170.273256855 0.0 170.273256855 0.0
57853.3640509 111.759285968 0.0 111.759285968 0.0
57853.3641204 102.930325949 0.0 102.930325949 0.0
57853.3641667 9.39228406725 0.0 9.39228406725 0.0
57853.364213 9.56911699166 0.0 9.56911699166 0.0
57853.3642593 9.65251262625 0.0 9.65251262625 0.0
57853.3643287 9.38727862589 0.0 9.38727862589 0.0
57853.3643866 8.90449324779 0.0 8.90449324779 0.0
57853.3644213 8.82400135993 0.0 8.82400135993 0.0
57853.3644676 8.95047484774 0.0 8.95047484774 0.0
57853.364537 9.00244411257 0.0 9.00244411257 0.0
57853.3645949 9.03166651289 0.0 9.03166651289 0.0
57853.3646412 9.42342825091 0.0 9.42342825091 0.0
57853.3646759 9.41148234871 0.0 9.41148234871 0.0
57853.3647569 9.20673666399 0.0 9.20673666399 0.0
57853.3648032 8.9306774659 0.0 8.9306774659 0.0
57853.3648495 9.22962621128 0.0 9.22962621128 0.0
57853.3648958 9.65007771989 0.0 9.65007771989 0.0
57853.3649653 9.72825780908 0.0 9.72825780908 0.0
57853.3650116 9.16956923743 0.0 9.16956923743 0.0
57853.3650579 9.40659343227 0.0 9.40659343227 0.0
57853.3651042 9.51714242827 0.0 9.51714242827 0.0
57853.3651736 9.31450481776 0.0 9.31450481776 0.0
57853.3652199 8.94030200832 0.0 8.94030200832 0.0
57853.3652662 9.10269190954 0.0 9.10269190954 0.0
57853.3653125 9.22431569278 0.0 9.22431569278 0.0
57853.3653935 9.6147802887 0.0 9.6147802887 0.0
57853.3654282 9.29037135964 0.0 9.29037135964 0.0
57853.3654745 9.50815439504 0.0 9.50815439504 0.0
57853.3655324 9.58081416165 0.0 9.58081416165 0.0
57853.3656019 9.33664822086 0.0 9.33664822086 0.0
57853.3656481 8.78179936004 0.0 8.78179936004 0.0
57853.3656829 8.86278737193 0.0 8.86278737193 0.0
57853.3657407 8.86972378375 0.0 8.86972378375 0.0
57853.3658102 8.69896545573 0.0 8.69896545573 0.0
57853.3658565 8.77325481221 0.0 8.77325481221 0.0
57853.3659028 8.86842714352 0.0 8.86842714352 0.0
57853.3659491 9.03897118039 0.0 9.03897118039 0.0
57853.3660185 8.85415156861 0.0 8.85415156861 0.0
57853.3660648 8.87665477531 0.0 8.87665477531 0.0
57853.3661111 8.89325587173 0.0 8.89325587173 0.0
57853.3661574 8.86470529685 0.0 8.86470529685 0.0
57853.3662269 9.00466545742 0.0 9.00466545742 0.0
57853.3662731 8.92597333628 0.0 8.92597333628 0.0
57853.3663194 9.28940256421 0.0 9.28940256421 0.0
57853.3663657 9.45610913643 0.0 9.45610913643 0.0
57853.3664352 9.74422906135 0.0 9.74422906135 0.0
57853.3664815 9.10126364853 0.0 9.10126364853 0.0
57853.3665394 9.18912400613 0.0 9.18912400613 0.0
57853.3665741 9.36173060924 0.0 9.36173060924 0.0
