57853.0792477 65.6673842619 0.0 64.1078176562 0.0
57853.0803241 65.8597269426 0.0 64.7984590837 0.0
57853.0820255 65.6673842619 0.0 64.1078176562 0.0
57853.085463 63.9090848283 0.0 62.8308611759 0.0
57853.109213 65.0773501161 0.0 63.5254736719 0.0
57853.1111227 67.0261062114 0.0 65.9895185185 0.0
57853.1119907 65.0773501161 0.0 63.5254736719 0.0
57853.1160995 62.807186962 0.0 61.7480630942 0.0
57853.1352315 65.2437294474 0.0 63.7027116233 0.0
57853.1371412 68.6006952826 0.0 67.513867628 0.0
57853.1380093 65.2437294474 0.0 63.7027116233 0.0
57853.1423495 63.1260693906 0.0 62.0544689455 0.0
57853.1576968 72.2024292286 0.0 71.1019511208 0.0
57853.1688657 62.4136233088 0.0 61.3388113292 0.0
57853.1716435 62.4136233088 0.0 61.3388113292 0.0
57853.1742593 62.702925999 0.0 61.6399421796 0.0
57853.1885532 64.6268699698 0.0 63.1060515745 0.0
57853.1903125 63.086286846 0.0 61.9934903554 0.0
57853.191331 64.6268699698 0.0 63.1060515745 0.0
57853.1951273 62.5937732481 0.0 61.5134006898 0.0
57853.1979051 62.5937732481 0.0 61.5134006898 0.0
57853.2150116 63.7343903192 0.0 62.1471947897 0.0
57853.2166898 62.1602010876 0.0 61.0975029679 0.0
57853.2177894 63.7343903192 0.0 62.1471947897 0.0
57853.2229745 62.47657029 0.0 61.4159939032 0.0
57853.2257523 62.47657029 0.0 61.4159939032 0.0
57853.2285185 62.2627030794 0.0 61.2377414164 0.0
57853.2425 63.27418103 0.0 61.7910045209 0.0
57853.2444329 61.7077226424 0.0 60.6163625454 0.0
57853.2452778 63.27418103 0.0 61.7910045209 0.0
57853.2493171 61.6369076894 0.0 60.5946478521 0.0
57853.2520949 61.6369076894 0.0 60.5946478521 0.0
57853.2548611 61.3889954637 0.0 60.3609055089 0.0
57853.2808449 62.6711143732 0.0 61.2101020401 0.0
57853.2828125 60.8811840948 0.0 59.8420339412 0.0
57853.2836227 62.6711143732 0.0 61.2101020401 0.0
57853.2873843 61.5471443187 0.0 60.5297450635 0.0
57853.290162 61.5471443187 0.0 60.5297450635 0.0
57853.2928125 61.6886710412 0.0 60.6647405753 0.0
57853.3056944 63.0769371482 0.0 61.6249934096 0.0
57853.3076852 61.1145896751 0.0 60.0932976252 0.0
57853.3084722 63.0769371482 0.0 61.6249934096 0.0
57853.3117708 62.054534431 0.0 61.081847221 0.0
57853.3271065 64.2560645792 0.0 62.8156040515 0.0
57853.3291319 61.8961459535 0.0 60.8861330559 0.0
57853.3298843 64.2560645792 0.0 62.8156040515 0.0
57853.3333218 63.491208215 0.0 62.4698240261 0.0
57853.3360995 63.491208215 0.0 62.4698240261 0.0
57853.3388657 63.9089040352 0.0 62.9100767191 0.0
57853.3579745 65.9497007856 0.0 64.513259677 0.0
57853.3598611 62.6772178144 0.0 61.6754730021 0.0
57853.3607523 65.9497007856 0.0 64.513259677 0.0
