57854.21776157408 119.04570741148125 0.0 119.04570741148125 0.0
57854.21876157408 119.04570741148125 0.0 119.04570741148125 0.0
57854.225011574075 111.3570626246939 0.0 111.3570626246939 0.0
57854.24028935185 107.59169812164878 0.0 107.59169812164878 0.0
57854.24653935185 103.52528479844912 0.0 103.52528479844912 0.0
57854.26390046296 99.70334261869057 0.0 99.70334261869057 0.0
57854.270150462966 96.79065341219678 0.0 96.79065341219678 0.0
57854.28542824074 94.29470983830429 0.0 94.29470983830429 0.0
57854.29167824074 94.25857467318292 0.0 94.25857467318292 0.0
57854.31667824074 93.53293974926694 0.0 93.53293974926694 0.0
57854.32292824074 92.76491434157636 0.0 92.76491434157636 0.0
57854.32917824074 92.39694417111423 0.0 92.39694417111423 0.0
57854.33542824074 92.65467673361124 0.0 92.65467673361124 0.0
57854.341678240744 92.54430781209615 0.0 92.54430781209615 0.0
57854.34792824074 92.87502110357768 0.0 92.87502110357768 0.0
57854.35417824074 93.96899311427148 0.0 93.96899311427148 0.0
57854.36042824074 94.00523959317374 0.0 94.00523959317374 0.0
57854.361428240736 94.00523959317374 0.0 94.00523959317374 0.0
