57847.9382755 11434.6 11434.6
57847.9383102 12023.9 12023.9
57847.9383565 9109.5 9109.5
57847.9384144 7745.1 7745.1
57847.9384838 7866.6 7866.6
57847.9385301 7789.7 7789.7
57847.9385648 8095.1 8095.1
57847.9386227 8430.6 8430.6
57847.9386921 11391.2 11391.2
57847.9387384 18549.6 18549.6
57847.9387847 14890.0 14890.0
57847.938831 13865.4 13865.4
57847.9389005 11947.3 11947.3
57847.9389468 9340.4 9340.4
57847.9389931 8784.4 8784.4
57847.9390394 9694.4 9694.4
57847.9391088 11524.3 11524.3
57847.9391551 10537.7 10537.7
57847.9392014 7925.3 7925.3
57847.9392477 7477.3 7477.3
57847.9393171 7264.3 7264.3
57847.9393634 6931.4 6931.4
57847.9394213 8187.6 8187.6
57847.939456 13605.4 13605.4
57847.9395255 10605.4 10605.4
57847.9395718 10391.8 10391.8
57847.9396296 12396.0 12396.0
57847.9396759 12537.1 12537.1
57847.9397454 10729.9 10729.9
57847.9397917 7199.4 7199.4
57847.939838 10736.7 10736.7
57847.9398843 13850.6 13850.6
57847.9399537 12916.5 12916.5
57847.94 8511.3 8511.3
57847.9400463 8042.7 8042.7
57847.9400926 7065.9 7065.9
57847.940162 7312.0 7312.0
57847.9402083 8069.5 8069.5
57847.9402546 10032.1 10032.1
57847.9403009 14411.2 14411.2
57847.9403704 17647.9 17647.9
57847.9404167 10493.2 10493.2
57847.940463 11826.6 11826.6
57847.9405093 9798.6 9798.6
57847.9405787 7661.9 7661.9
57847.9406366 12942.7 12942.7
57847.9406829 19124.1 19124.1
57847.9407176 20933.2 20933.2
57847.940787 13484.0 13484.0
57847.9408449 10883.9 10883.9
57847.9408912 10880.4 10880.4
57847.9409375 8641.7 8641.7
57847.9410069 8667.9 8667.9
57847.9410532 14312.0 14312.0
57847.9410995 13085.8 13085.8
57847.9411458 10310.4 10310.4
57847.9412153 8902.8 8902.8
57847.9412616 12543.9 12543.9
57847.9413079 12740.9 12740.9
57847.9413542 8480.3 8480.3
57847.9414236 12576.4 12576.4
57847.9414699 19659.1 19659.1
57847.9415162 11872.9 11872.9
57847.9415741 10511.7 10511.7
57847.9416435 8974.9 8974.9
57847.9416782 8456.5 8456.5
57847.9417245 8509.6 8509.6
57847.9417824 9638.4 9638.4
57847.9418519 8230.1 8230.1
57847.9418981 8690.7 8690.7
57847.9419329 11035.1 11035.1
57847.9419907 12516.0 12516.0
57847.9420602 8122.6 8122.6
57847.9421065 7788.1 7788.1
57847.9421528 7919.0 7919.0
57847.9421991 8147.7 8147.7
57847.9422685 7392.4 7392.4
57847.9423148 8674.3 8674.3
57847.9423611 8895.3 8895.3
57847.9424074 9233.8 9233.8
57847.9424769 9050.3 9050.3
57847.9425231 9111.5 9111.5
57847.9425694 9227.1 9227.1
57847.9426157 8202.0 8202.0
57847.9426852 7730.2 7730.2
57847.9427315 7788.8 7788.8
57847.9427894 8943.4 8943.4
57847.9428241 9777.7 9777.7
57847.9429051 6968.7 6968.7
57847.9429398 10125.3 10125.3
57847.9429977 267.4 267.4
57847.943044 34.3 34.3
57847.9454861 2375.1 2375.1
57847.9455324 15122.5 15122.5
57847.9455787 531780.9 531780.9
57847.945625 249679.1 249679.1
57847.9456944 276290.5 276290.5
57847.9457407 8935.4 8935.4
57847.945787 15880.7 15880.7
57847.9458333 11442.6 11442.6
57847.9459144 10501.7 10501.7
57847.9459491 9450.5 9450.5
57847.9459954 10027.7 10027.7
57847.9460532 10692.6 10692.6
57847.9461227 8701.9 8701.9
57847.946169 7317.2 7317.2
57847.9462037 8112.7 8112.7
57847.9462616 9012.9 9012.9
57847.946331 8328.1 8328.1
57847.9463773 7734.0 7734.0
57847.9464236 8797.3 8797.3
57847.9464699 9287.1 9287.1
57847.9465394 7976.9 7976.9
57847.9465856 6837.7 6837.7
57847.9466319 7821.7 7821.7
57847.9466782 9052.9 9052.9
57847.9467477 8305.9 8305.9
57847.946794 7142.5 7142.5
57847.9468403 6899.4 6899.4
57847.9468866 7144.3 7144.3
57847.946956 6886.4 6886.4
57847.9470023 7914.2 7914.2
57847.9470602 7959.2 7959.2
57847.9470949 8303.5 8303.5
57847.9471644 9257.7 9257.7
57847.9472106 7295.0 7295.0
57847.9472685 7319.1 7319.1
57847.9473148 7068.2 7068.2
57847.9473843 7118.7 7118.7
57847.9474306 7028.3 7028.3
57847.9474769 6741.7 6741.7
57847.9475231 6882.0 6882.0
57847.9475926 6943.0 6943.0
57847.9476389 7609.7 7609.7
57847.9476852 8342.9 8342.9
57847.9477315 8571.6 8571.6
57847.9478009 7212.6 7212.6
57847.9478472 6482.8 6482.8
57847.9478935 7324.3 7324.3
57847.9479398 8625.0 8625.0
57847.9480093 8768.4 8768.4
57847.9480556 7332.3 7332.3
57847.9481019 6999.5 6999.5
57847.9481481 7060.8 7060.8
57847.9482176 7486.0 7486.0
57847.9482755 8696.2 8696.2
57847.9483218 9039.5 9039.5
57847.9483565 8717.5 8717.5
57847.9484259 6638.2 6638.2
57847.9484838 8307.5 8307.5
57847.9485301 7886.3 7886.3
57847.9485764 8033.4 8033.4
57847.9486458 6825.5 6825.5
57847.9486921 6395.0 6395.0
57847.9487384 6540.2 6540.2
57847.9487847 6749.8 6749.8
57847.9488542 6591.2 6591.2
57847.9489005 6459.4 6459.4
57847.9489468 6580.5 6580.5
57847.9489931 6669.4 6669.4
57847.9490625 6464.6 6464.6
57847.9491088 6358.3 6358.3
57847.9491551 6586.2 6586.2
57847.949213 6776.1 6776.1
57847.9492824 6882.2 6882.2
57847.9493171 7017.5 7017.5
57847.9493634 7179.2 7179.2
57847.9494213 6747.1 6747.1
57847.9494907 6559.5 6559.5
57847.949537 7241.8 7241.8
57847.9495718 6921.0 6921.0
57847.9496296 6951.6 6951.6
57847.9496991 6541.7 6541.7
57847.9497454 6826.1 6826.1
57847.9497917 7347.4 7347.4
57847.949838 7981.1 7981.1
57847.9499074 8178.2 8178.2
57847.9499537 7875.3 7875.3
57847.95 9439.5 9439.5
57847.9500463 8559.6 8559.6
57847.9501157 9026.0 9026.0
57847.950162 11358.5 11358.5
57847.9502083 9789.9 9789.9
57847.9502546 8146.6 8146.6
57847.9503241 6925.6 6925.6
57847.9503704 7023.7 7023.7
57847.9504282 7303.2 7303.2
57847.950463 7179.9 7179.9
57847.950544 6759.9 6759.9
57847.9505787 6655.2 6655.2
57847.9506366 6882.8 6882.8
57847.9506829 9105.1 9105.1
57847.953125 724066.7 724066.7
57847.9531713 560101.3 560101.3
57847.9532176 537827.5 537827.5
57847.9532639 418470.8 418470.8
57847.9533333 338449.2 338449.2
57847.9533796 7543.8 7543.8
57847.9534259 6928.1 6928.1
57847.9534722 6389.8 6389.8
57847.9535532 7001.4 7001.4
57847.953588 7474.8 7474.8
57847.9536343 6890.0 6890.0
57847.9536921 6615.3 6615.3
57847.9537616 6718.4 6718.4
57847.9538079 7920.7 7920.7
57847.9538426 8390.6 8390.6
57847.9539005 8283.9 8283.9
57847.9539699 6817.0 6817.0
57847.9540162 9324.2 9324.2
57847.9540625 9199.5 9199.5
57847.9541088 7826.4 7826.4
57847.9541782 7305.5 7305.5
57847.9542245 6781.8 6781.8
57847.9542708 7042.7 7042.7
57847.9543171 7592.4 7592.4
57847.9543866 6901.5 6901.5
57847.9544329 6412.3 6412.3
57847.9544792 6532.3 6532.3
57847.9545255 6709.7 6709.7
57847.9545949 6559.6 6559.6
57847.9546412 7030.0 7030.0
57847.9546991 8266.4 8266.4
57847.9547338 9534.7 9534.7
57847.9548032 7336.3 7336.3
57847.9548495 6515.4 6515.4
57847.9549074 6721.8 6721.8
57847.9549537 6896.5 6896.5
57847.9550231 7683.4 7683.4
57847.9550694 7208.9 7208.9
57847.9551157 7382.0 7382.0
57847.955162 6855.6 6855.6
57847.9552315 6641.6 6641.6
57847.9552778 7102.4 7102.4
57847.9553241 7827.7 7827.7
57847.9553704 8893.0 8893.0
57847.9554398 9230.3 9230.3
57847.9554861 6897.5 6897.5
57847.9555324 6785.8 6785.8
57847.9555787 7118.5 7118.5
57847.9556481 6984.5 6984.5
57847.9556944 6398.7 6398.7
57847.9557407 6417.4 6417.4
57847.955787 6772.6 6772.6
57847.9558565 7230.9 7230.9
57847.9559144 7277.5 7277.5
57847.9559606 7815.4 7815.4
57847.9559954 7879.3 7879.3
57847.9560648 7871.5 7871.5
57847.9561227 6393.0 6393.0
57847.956169 6653.6 6653.6
57847.9562153 6419.8 6419.8
57847.9562847 6208.9 6208.9
57847.956331 6386.7 6386.7
57847.9563773 6337.9 6337.9
57847.9564236 6191.5 6191.5
57847.9564931 6182.7 6182.7
57847.9565394 6678.2 6678.2
57847.9565856 6880.1 6880.1
57847.9566319 6770.5 6770.5
57847.9567014 6515.6 6515.6
57847.9567477 6367.9 6367.9
57847.956794 6325.3 6325.3
57847.9568519 6348.5 6348.5
57847.9569213 6503.0 6503.0
57847.956956 6096.3 6096.3
57847.9570023 6179.3 6179.3
57847.9570602 6252.2 6252.2
57847.9571296 6258.3 6258.3
57847.9571759 6234.0 6234.0
57847.9572106 6433.4 6433.4
57847.9572685 6391.6 6391.6
57847.957338 6168.4 6168.4
57847.9573843 5979.8 5979.8
57847.9574306 6133.0 6133.0
57847.9574769 6371.4 6371.4
57847.9575463 6343.5 6343.5
57847.9575926 6405.5 6405.5
57847.9576389 6769.5 6769.5
57847.9576852 7188.3 7188.3
57847.9577546 6810.7 6810.7
57847.9578009 6243.4 6243.4
57847.9578472 6375.4 6375.4
57847.9578935 6421.4 6421.4
57847.957963 6363.4 6363.4
57847.9580093 6247.4 6247.4
57847.9580671 6429.1 6429.1
57847.9581019 6337.2 6337.2
57847.9581829 6187.4 6187.4
57847.9582176 6227.7 6227.7
57847.9582755 6588.0 6588.0
57847.9583218 7239.3 7239.3
57847.9607639 491454.6 491454.6
57847.9608102 445902.6 445902.6
57847.9608565 462597.1 462597.1
57847.9609028 342018.8 342018.8
57847.9609722 177855.2 177855.2
57847.9610185 8240.0 8240.0
57847.9610648 9188.2 9188.2
57847.9611111 9245.3 9245.3
57847.9611921 7626.5 7626.5
57847.9612269 6303.0 6303.0
57847.9612731 6204.5 6204.5
57847.961331 6358.6 6358.6
57847.9614005 6700.9 6700.9
57847.9614468 6378.3 6378.3
57847.9614815 6539.0 6539.0
57847.9615394 6777.1 6777.1
57847.9616088 6791.4 6791.4
57847.9616551 6226.5 6226.5
57847.9617014 6098.6 6098.6
57847.9617477 6272.5 6272.5
57847.9618171 6407.2 6407.2
57847.9618634 6427.9 6427.9
57847.9619097 6415.1 6415.1
57847.961956 6632.2 6632.2
57847.9620255 6393.5 6393.5
57847.9620718 6156.8 6156.8
57847.9621181 6182.0 6182.0
57847.9621644 6251.1 6251.1
57847.9622338 6494.7 6494.7
57847.9622801 6262.1 6262.1
57847.962338 6307.8 6307.8
57847.9623727 6302.1 6302.1
57847.9624421 6004.9 6004.9
57847.9624884 6037.7 6037.7
57847.9625463 6035.4 6035.4
57847.9625926 6030.2 6030.2
57847.962662 6342.6 6342.6
57847.9627083 6223.0 6223.0
57847.9627546 5989.4 5989.4
57847.9628009 6057.2 6057.2
57847.9628704 6353.9 6353.9
57847.9629167 7205.3 7205.3
57847.962963 8099.0 8099.0
57847.9630093 8046.3 8046.3
57847.9630787 7248.1 7248.1
57847.963125 6296.7 6296.7
57847.9631713 6295.8 6295.8
57847.9632176 6398.9 6398.9
57847.963287 6306.6 6306.6
57847.9633333 6012.3 6012.3
57847.9633796 6008.8 6008.8
57847.9634259 6173.0 6173.0
57847.9634954 6360.6 6360.6
57847.9635532 6090.4 6090.4
57847.9635995 6339.7 6339.7
57847.9636343 6027.5 6027.5
57847.9637037 6085.3 6085.3
57847.9637616 6377.7 6377.7
57847.9638079 6607.6 6607.6
57847.9638542 6643.7 6643.7
57847.9639236 6475.6 6475.6
57847.9639699 6123.0 6123.0
57847.9640162 6552.8 6552.8
57847.9640625 7289.4 7289.4
57847.9641319 8266.4 8266.4
57847.9641782 8436.0 8436.0
57847.9642245 10311.7 10311.7
57847.9642708 10874.8 10874.8
57847.9643403 8091.0 8091.0
57847.9643866 6744.0 6744.0
57847.9644329 6702.7 6702.7
57847.9644907 6647.8 6647.8
57847.9645602 6696.0 6696.0
57847.9645949 6262.6 6262.6
57847.9646412 6149.0 6149.0
57847.9646991 6184.2 6184.2
57847.9647685 6169.3 6169.3
57847.9648148 6624.1 6624.1
57847.9648495 6303.2 6303.2
57847.9649074 5980.5 5980.5
57847.9649769 6026.1 6026.1
57847.9650231 6730.4 6730.4
57847.9650694 7010.2 7010.2
57847.9651157 7123.6 7123.6
57847.9651852 6644.7 6644.7
57847.9652315 6799.0 6799.0
57847.9652778 7566.9 7566.9
57847.9653241 9291.4 9291.4
57847.9653935 8454.7 8454.7
57847.9654398 8966.1 8966.1
57847.9654861 7618.3 7618.3
57847.9655324 7165.5 7165.5
57847.9656019 7045.9 7045.9
57847.9656481 7044.3 7044.3
57847.965706 7090.4 7090.4
57847.9657407 7101.8 7101.8
57847.9658218 6865.5 6865.5
57847.9658565 6126.8 6126.8
57847.9659144 6209.0 6209.0
57847.9659606 6565.5 6565.5
57847.9724537 246209.4 246209.4
57847.9725 332692.6 332692.6
57847.9725463 589822.8 589822.8
57847.9725926 1102883.2 1102883.2
57847.972662 2047780.8 2047780.8
57847.9727083 7413.7 7413.7
57847.9727546 7375.8 7375.8
57847.9728009 7690.1 7690.1
57847.9728704 8478.0 8478.0
57847.9729282 6980.9 6980.9
57847.972963 6999.1 6999.1
57847.9730093 6550.7 6550.7
57847.9730787 5968.5 5968.5
57847.9731366 6642.8 6642.8
57847.9731829 6512.7 6512.7
57847.9732176 6697.9 6697.9
57847.9732986 6455.9 6455.9
57847.9733449 6234.7 6234.7
57847.9733912 6489.3 6489.3
57847.9734375 6504.9 6504.9
57847.9735069 6083.1 6083.1
57847.9735532 6950.8 6950.8
57847.9735995 7799.1 7799.1
57847.9736458 10429.7 10429.7
57847.9737153 13281.9 13281.9
57847.9737616 7875.6 7875.6
57847.9738079 8958.2 8958.2
57847.9738542 8657.8 8657.8
57847.9739352 7201.4 7201.4
57847.9739699 7058.5 7058.5
57847.9740162 7111.2 7111.2
57847.9740741 7008.2 7008.2
57847.9741435 6863.3 6863.3
57847.9741898 6264.8 6264.8
57847.9742245 6351.0 6351.0
57847.9742824 6439.9 6439.9
57847.9743519 6184.8 6184.8
57847.9743981 6137.7 6137.7
57847.9744444 6655.8 6655.8
57847.9744907 7642.8 7642.8
57847.9745602 7558.5 7558.5
57847.9746065 6534.9 6534.9
57847.9746528 7075.9 7075.9
57847.9746991 7254.1 7254.1
57847.9747685 6484.9 6484.9
57847.9748148 5961.5 5961.5
57847.9748611 5990.7 5990.7
57847.9749074 6156.9 6156.9
57847.9749769 6099.8 6099.8
57847.9750231 5867.7 5867.7
57847.975081 5973.3 5973.3
57847.9751157 5975.0 5975.0
57847.9751968 5909.9 5909.9
57847.9752315 5957.3 5957.3
57847.9752894 6030.4 6030.4
57847.9753356 6030.5 6030.5
57847.9754051 6453.0 6453.0
57847.9754514 6267.0 6267.0
57847.9754977 6401.7 6401.7
57847.975544 6184.4 6184.4
57847.9756134 6233.7 6233.7
57847.9756597 7425.5 7425.5
57847.975706 6287.9 6287.9
57847.9757523 6226.6 6226.6
57847.9758218 6675.1 6675.1
57847.9758681 7448.1 7448.1
57847.9759144 7139.0 7139.0
57847.9759606 7251.1 7251.1
57847.9760301 7091.2 7091.2
57847.976088 6212.7 6212.7
57847.9761227 6722.6 6722.6
57847.976169 7321.3 7321.3
57847.9762384 6432.6 6432.6
57847.9762963 6355.9 6355.9
57847.9763426 6739.3 6739.3
57847.9763773 6789.4 6789.4
57847.9788194 1163350.5 1163350.5
57847.9788657 711794.3 711794.3
57847.978912 1137690.7 1137690.7
57847.9789583 1485218.6 1485218.6
57847.9790278 520990.3 520990.3
57847.9790741 7314.9 7314.9
57847.9791204 7178.5 7178.5
57847.9791667 6942.8 6942.8
57847.9792477 6847.4 6847.4
57847.9792824 6000.6 6000.6
57847.9793287 5918.3 5918.3
57847.9793866 6015.2 6015.2
57847.979456 6758.7 6758.7
57847.9795023 6590.4 6590.4
57847.979537 6777.3 6777.3
57847.9795949 7331.4 7331.4
57847.9796644 6526.3 6526.3
57847.9797106 6116.1 6116.1
57847.9797569 6310.1 6310.1
57847.9798032 6552.2 6552.2
57847.9798727 7095.6 7095.6
57847.979919 7336.4 7336.4
57847.9799653 6875.8 6875.8
57847.9800116 6600.2 6600.2
57847.980081 6639.9 6639.9
57847.9801273 6114.0 6114.0
57847.9801736 6313.5 6313.5
57847.9802199 6471.3 6471.3
57847.9802894 6413.4 6413.4
57847.9803356 6318.3 6318.3
57847.9803935 6461.2 6461.2
57847.9804282 6591.3 6591.3
57847.9804977 6326.7 6326.7
57847.980544 6170.0 6170.0
57847.9806019 6180.3 6180.3
57847.9806481 6307.3 6307.3
57847.9807176 6640.6 6640.6
57847.9807639 6710.6 6710.6
57847.9808102 6719.0 6719.0
57847.9808565 6959.6 6959.6
57847.9809259 6610.9 6610.9
57847.9809722 6180.6 6180.6
57847.9810185 6323.5 6323.5
57847.9810648 6329.4 6329.4
57847.9811343 6639.8 6639.8
57847.9811806 6734.9 6734.9
57847.9812269 6736.8 6736.8
57847.9812731 6586.3 6586.3
57847.9813426 6476.6 6476.6
57847.9813889 6519.1 6519.1
57847.9814352 6425.5 6425.5
57847.9814815 6551.5 6551.5
57847.9815509 6425.3 6425.3
57847.9816088 6291.7 6291.7
57847.9816551 6902.9 6902.9
57847.9816898 6851.1 6851.1
57847.9817593 6270.0 6270.0
57847.9818171 6221.6 6221.6
57847.9818634 6380.2 6380.2
57847.9819097 7171.2 7171.2
57847.9819792 7166.7 7166.7
57847.9820255 6670.9 6670.9
57847.9820718 6655.1 6655.1
57847.9821181 6420.9 6420.9
57847.9821875 6159.1 6159.1
57847.9822338 6215.8 6215.8
57847.9822801 6416.9 6416.9
57847.9823264 6429.6 6429.6
57847.9823958 5803.0 5803.0
57847.9824421 6273.6 6273.6
57847.9824884 6907.7 6907.7
57847.9825463 8088.9 8088.9
57847.9826157 9441.2 9441.2
57847.9826505 7234.7 7234.7
57847.9826968 6693.8 6693.8
57847.9827546 6310.0 6310.0
57847.9828241 5775.0 5775.0
57847.9828704 5972.8 5972.8
57847.9829051 6137.9 6137.9
57847.982963 6576.3 6576.3
57847.9830324 6533.9 6533.9
57847.9830787 5979.2 5979.2
57847.983125 6501.3 6501.3
57847.9831713 7097.8 7097.8
57847.9832407 6684.0 6684.0
57847.983287 6268.0 6268.0
57847.9833333 6516.0 6516.0
57847.9833796 6767.7 6767.7
57847.9834491 5918.0 5918.0
57847.9834954 5992.9 5992.9
57847.9835417 6247.6 6247.6
57847.983588 6552.7 6552.7
57847.9836574 5892.1 5892.1
57847.9837037 5897.6 5897.6
57847.9837616 5949.2 5949.2
57847.9837963 5831.1 5831.1
57847.9838773 5944.2 5944.2
57847.983912 6438.0 6438.0
57847.9839699 90.0 90.0
57847.9961806 233734.9 233734.9
57847.9962269 212430.7 212430.7
57847.9962731 174206.3 174206.3
57847.9963194 183162.5 183162.5
57847.9963889 121719.6 121719.6
57847.9964352 6807.2 6807.2
57847.9964815 6784.1 6784.1
57847.9965278 6843.1 6843.1
57847.9966088 6057.2 6057.2
57847.9966435 5835.2 5835.2
57847.9966898 5999.4 5999.4
57847.9967477 6292.0 6292.0
57847.9968171 6377.4 6377.4
57847.9968634 6559.7 6559.7
57847.9968981 7073.9 7073.9
57847.996956 7197.7 7197.7
57847.9970255 6556.0 6556.0
57847.9970718 5833.0 5833.0
57847.9971181 5881.0 5881.0
57847.9971644 6080.8 6080.8
57847.9972338 6413.5 6413.5
57847.9972801 6010.1 6010.1
57847.9973264 5992.3 5992.3
57847.9973727 6074.9 6074.9
57847.9974421 5883.5 5883.5
57847.9974884 5718.9 5718.9
57847.9975347 5708.3 5708.3
57847.997581 5562.9 5562.9
57847.9976505 5480.9 5480.9
57847.9976968 5736.8 5736.8
57847.9977546 5923.9 5923.9
57847.9977894 6447.5 6447.5
57847.9978588 6666.4 6666.4
57847.9979051 6299.9 6299.9
57847.997963 6795.6 6795.6
57847.9980093 6978.0 6978.0
57847.9980787 7094.3 7094.3
57847.998125 6614.2 6614.2
57847.9981713 7236.6 7236.6
57847.9982176 6650.6 6650.6
57847.998287 6732.0 6732.0
57847.9983333 7687.1 7687.1
57847.9983796 6839.3 6839.3
57847.9984259 6379.5 6379.5
57847.9984954 6166.2 6166.2
57847.9985417 5681.9 5681.9
57847.998588 5781.2 5781.2
57847.9986343 5771.1 5771.1
57847.9987037 6011.7 6011.7
57847.99875 6017.4 6017.4
57847.9987963 6373.7 6373.7
57847.9988426 6430.5 6430.5
57847.998912 6340.5 6340.5
57847.9989699 6811.0 6811.0
57847.9990162 7212.5 7212.5
57847.9990509 6790.9 6790.9
57847.9991204 6190.1 6190.1
57847.9991782 5885.9 5885.9
57847.9992245 6113.6 6113.6
57847.9992708 5990.0 5990.0
57847.9993403 5840.8 5840.8
57847.9993866 6036.1 6036.1
57847.9994329 6644.4 6644.4
57847.9994792 7595.5 7595.5
57847.9995486 7985.0 7985.0
57847.9995949 6828.6 6828.6
57847.9996412 6745.7 6745.7
57847.9996875 6773.0 6773.0
57847.9997569 6805.7 6805.7
57847.9998032 5772.0 5772.0
57847.9998495 5785.9 5785.9
57847.9999074 5670.9 5670.9
57847.9999769 6136.2 6136.2
57848.0000116 7453.3 7453.3
57848.0000579 7967.7 7967.7
57848.0001157 7260.1 7260.1
57848.0001852 6009.7 6009.7
57848.0002315 6288.1 6288.1
57848.0002662 6574.3 6574.3
57848.0003241 6827.9 6827.9
57848.0003935 6443.3 6443.3
57848.0004398 6420.3 6420.3
57848.0004861 7030.6 7030.6
57848.0005324 7392.7 7392.7
57848.0006019 7355.0 7355.0
57848.0006481 6747.3 6747.3
57848.0006944 7089.1 7089.1
57848.0007407 7956.4 7956.4
57848.0008102 6752.7 6752.7
57848.0008565 5735.5 5735.5
57848.0009028 5899.3 5899.3
57848.0009491 5940.1 5940.1
57848.0010185 5762.9 5762.9
57848.0010648 6104.1 6104.1
57848.0011227 6276.4 6276.4
57848.0011574 6327.6 6327.6
57848.0012384 5865.9 5865.9
57848.0012731 5903.7 5903.7
57848.001331 5872.0 5872.0
57848.0090278 8385.6 8385.6
57848.0090741 9827.8 9827.8
57848.0135417 249564.0 249564.0
57848.013588 224316.5 224316.5
57848.0136343 435354.7 435354.7
57848.0136806 420538.3 420538.3
57848.01375 263613.4 263613.4
57848.0137963 5947.1 5947.1
57848.0138426 6454.3 6454.3
57848.0138889 6994.1 6994.1
57848.0139699 6236.1 6236.1
57848.0140046 7098.2 7098.2
57848.0140509 7848.7 7848.7
57848.0141088 6548.2 6548.2
57848.0141782 6187.4 6187.4
57848.0142245 7325.8 7325.8
57848.0142593 7363.9 7363.9
57848.0143171 8202.8 8202.8
57848.0143866 7819.4 7819.4
57848.0144329 6425.8 6425.8
57848.0144792 6794.5 6794.5
57848.0145255 6404.2 6404.2
57848.0145949 6781.5 6781.5
57848.0146412 7292.4 7292.4
57848.0146875 6559.7 6559.7
57848.0147338 5984.4 5984.4
57848.0148032 6312.1 6312.1
57848.0148495 5890.9 5890.9
57848.0148958 6122.6 6122.6
57848.0149421 6518.2 6518.2
57848.0150116 7023.5 7023.5
57848.0150579 6544.4 6544.4
57848.0151157 7197.0 7197.0
57848.0151505 8376.0 8376.0
57848.0152199 7667.6 7667.6
57848.0152662 6661.4 6661.4
57848.0153241 6181.2 6181.2
57848.0153704 5687.7 5687.7
57848.0154398 6054.5 6054.5
57848.0154861 6564.4 6564.4
57848.0155324 6820.5 6820.5
57848.0155787 6815.2 6815.2
57848.0156481 6288.5 6288.5
57848.0156944 6238.8 6238.8
57848.0157407 6566.4 6566.4
57848.015787 6814.9 6814.9
57848.0158565 7140.8 7140.8
57848.0159028 6081.3 6081.3
57848.0159491 6161.7 6161.7
57848.0159954 6224.5 6224.5
57848.0160648 6613.6 6613.6
57848.0161111 5577.7 5577.7
57848.0161574 5440.0 5440.0
57848.0162037 5463.7 5463.7
57848.0162731 5469.9 5469.9
57848.016331 5690.1 5690.1
57848.0163773 6041.7 6041.7
57848.016412 6166.8 6166.8
57848.0164815 6598.9 6598.9
57848.0165394 5897.8 5897.8
57848.0165856 5771.8 5771.8
57848.0166319 5855.7 5855.7
57848.0167014 5716.3 5716.3
57848.0167477 5400.7 5400.7
57848.016794 5411.2 5411.2
57848.0168403 5491.7 5491.7
57848.0169097 5453.9 5453.9
57848.016956 5304.2 5304.2
57848.0170023 5374.2 5374.2
57848.0170486 5808.5 5808.5
57848.0171181 5888.3 5888.3
57848.0171644 5956.4 5956.4
57848.0172106 5960.8 5960.8
57848.0172685 5855.7 5855.7
57848.017338 5721.6 5721.6
57848.0173727 6278.4 6278.4
57848.017419 6109.6 6109.6
57848.0174769 5936.5 5936.5
57848.0175463 6284.4 6284.4
57848.0175926 7379.0 7379.0
57848.0176273 6589.4 6589.4
57848.0176852 6082.8 6082.8
57848.0177546 5909.2 5909.2
57848.0178009 5901.9 5901.9
57848.0178472 5917.1 5917.1
57848.0178935 5806.5 5806.5
57848.017963 5540.5 5540.5
57848.0180093 6097.3 6097.3
57848.0180556 6250.7 6250.7
57848.0181019 6453.0 6453.0
57848.0181713 6291.8 6291.8
57848.0182176 5653.1 5653.1
57848.0182639 6472.2 6472.2
57848.0183102 7708.6 7708.6
57848.0183796 7375.5 7375.5
57848.0184259 5852.7 5852.7
57848.0184838 5985.4 5985.4
57848.0185185 5874.1 5874.1
57848.0185995 5332.6 5332.6
57848.0186343 5900.9 5900.9
57848.0186921 5850.5 5850.5
57848.0187384 5990.7 5990.7
57848.0211806 268590.2 268590.2
57848.0212269 311336.7 311336.7
57848.0212731 385083.0 385083.0
57848.0213194 863140.1 863140.1
57848.0213889 200943.0 200943.0
57848.0214352 7376.4 7376.4
57848.0214815 8056.1 8056.1
57848.0215278 8566.4 8566.4
57848.0216088 6566.2 6566.2
57848.0216435 6953.1 6953.1
57848.0216898 8488.2 8488.2
57848.0217477 10953.1 10953.1
57848.0218171 9931.1 9931.1
57848.0218634 6062.2 6062.2
57848.0218981 6037.0 6037.0
57848.021956 6291.8 6291.8
57848.0220255 6415.0 6415.0
57848.0220718 6974.0 6974.0
57848.0221181 8123.9 8123.9
57848.0221644 7948.5 7948.5
57848.0222338 6071.9 6071.9
57848.0222801 6374.5 6374.5
57848.0223264 6172.0 6172.0
57848.0223727 6105.4 6105.4
57848.0224421 5447.2 5447.2
57848.0224884 5427.0 5427.0
57848.0225347 5941.7 5941.7
57848.022581 5846.3 5846.3
57848.0226505 5790.2 5790.2
57848.0226968 6578.9 6578.9
57848.0227546 5886.8 5886.8
57848.0227894 5467.5 5467.5
57848.0228588 5100.7 5100.7
57848.0229051 5335.0 5335.0
57848.022963 5415.0 5415.0
57848.0230093 5301.5 5301.5
57848.0230787 5227.8 5227.8
57848.023125 5019.2 5019.2
57848.0231713 5081.0 5081.0
57848.0232176 5049.6 5049.6
57848.023287 5130.1 5130.1
57848.0233333 5230.6 5230.6
57848.0233796 5209.4 5209.4
57848.0234259 5284.9 5284.9
57848.0234954 5614.9 5614.9
57848.0235417 5757.4 5757.4
57848.023588 6095.4 6095.4
57848.0236343 6046.6 6046.6
57848.0237037 6163.0 6163.0
57848.02375 5691.8 5691.8
57848.0237963 6158.1 6158.1
57848.0238426 6436.5 6436.5
57848.023912 5821.1 5821.1
57848.0239699 5128.5 5128.5
57848.0240162 5521.5 5521.5
57848.0240509 5904.7 5904.7
57848.0241204 6072.4 6072.4
57848.0241782 5935.5 5935.5
57848.0242245 5988.9 5988.9
57848.0242708 5767.0 5767.0
57848.0243403 5270.5 5270.5
57848.0243866 5368.6 5368.6
57848.0244329 5686.4 5686.4
57848.0244792 5584.9 5584.9
57848.0245486 5200.3 5200.3
57848.0245949 5207.2 5207.2
57848.0246412 5297.9 5297.9
57848.0246875 5617.9 5617.9
57848.0247569 5587.2 5587.2
57848.0248032 5567.7 5567.7
57848.0248495 5730.4 5730.4
57848.0249074 5550.5 5550.5
57848.0249769 6069.6 6069.6
57848.0250116 7434.2 7434.2
57848.0250579 6748.8 6748.8
57848.0251157 6238.0 6238.0
57848.0251852 6364.5 6364.5
57848.0252315 11464.7 11464.7
57848.0252662 15632.9 15632.9
57848.0253241 16671.5 16671.5
57848.0253935 9599.7 9599.7
57848.0254398 7553.4 7553.4
57848.0254861 7683.9 7683.9
57848.0255324 7466.6 7466.6
57848.0256019 7086.9 7086.9
57848.0256481 7308.1 7308.1
57848.0256944 7743.1 7743.1
57848.0257407 8597.9 8597.9
57848.0258102 7897.8 7897.8
57848.0258565 8329.9 8329.9
57848.0259028 9953.2 9953.2
57848.0259491 12922.3 12922.3
57848.0260185 12940.9 12940.9
57848.0260648 8492.1 8492.1
57848.0261227 11123.3 11123.3
57848.0261574 15962.9 15962.9
57848.0262384 10318.7 10318.7
57848.0262731 6650.9 6650.9
57848.026331 6261.4 6261.4
57848.0263773 6068.7 6068.7
57848.0315972 1206214.3 1206214.3
57848.0316435 607602.0 607602.0
57848.0316898 1209160.7 1209160.7
57848.0317361 551671.9 551671.9
57848.0318056 740970.7 740970.7
57848.0318519 9776.5 9776.5
57848.0318981 9445.1 9445.1
57848.0319444 9171.2 9171.2
57848.0320255 9119.5 9119.5
57848.0320602 10148.5 10148.5
57848.0321065 11138.9 11138.9
57848.0321644 12341.6 12341.6
57848.0322338 10878.7 10878.7
57848.0322801 10915.2 10915.2
57848.0323148 10833.5 10833.5
57848.0323727 9855.5 9855.5
57848.0324421 11211.3 11211.3
57848.0324884 10303.9 10303.9
57848.0325347 10344.1 10344.1
57848.032581 9592.3 9592.3
57848.0326505 9503.7 9503.7
57848.0326968 11895.5 11895.5
57848.0327431 10622.8 10622.8
57848.0327894 9810.5 9810.5
57848.0328588 10006.2 10006.2
57848.0329051 8875.4 8875.4
57848.0329514 8696.9 8696.9
57848.0329977 8497.8 8497.8
57848.0330671 8319.2 8319.2
57848.0331134 9101.6 9101.6
57848.0331713 8829.5 8829.5
57848.033206 8496.7 8496.7
57848.0332755 8746.1 8746.1
57848.0333218 9022.4 9022.4
57848.0333796 9318.6 9318.6
57848.0334259 9546.3 9546.3
57848.0334954 9522.0 9522.0
57848.0335417 8781.3 8781.3
57848.033588 8989.0 8989.0
57848.0336343 8895.2 8895.2
57848.0337037 8990.8 8990.8
57848.03375 9312.2 9312.2
57848.0337963 9621.9 9621.9
57848.0338426 9520.6 9520.6
57848.033912 8647.0 8647.0
57848.0339583 8503.8 8503.8
57848.0340046 9059.7 9059.7
57848.0340509 9691.9 9691.9
57848.0341204 9345.0 9345.0
57848.0341667 9021.3 9021.3
57848.034213 9624.4 9624.4
57848.0342593 10822.2 10822.2
57848.0343287 10055.5 10055.5
57848.0343866 8528.6 8528.6
57848.0344329 8530.9 8530.9
57848.0344676 9049.9 9049.9
57848.034537 10128.7 10128.7
57848.0345949 10099.4 10099.4
57848.0346412 9928.7 9928.7
57848.0346875 9390.4 9390.4
57848.0347569 8967.1 8967.1
57848.0348032 9587.6 9587.6
57848.0348495 10165.4 10165.4
57848.0348958 10125.8 10125.8
57848.0349653 9576.4 9576.4
57848.0350116 8469.6 8469.6
57848.0350579 8635.2 8635.2
57848.0351042 9337.9 9337.9
57848.0351736 9160.8 9160.8
57848.0352199 9282.4 9282.4
57848.0352662 9543.0 9543.0
57848.0353241 9625.9 9625.9
57848.0353935 8655.6 8655.6
57848.0354282 8513.8 8513.8
57848.0354745 8364.4 8364.4
57848.0355324 8369.9 8369.9
57848.0356019 8352.4 8352.4
57848.0356481 8106.7 8106.7
57848.0356829 8274.3 8274.3
57848.0357407 9125.8 9125.8
57848.0358102 10109.4 10109.4
57848.0358565 9146.2 9146.2
57848.0359028 8685.6 8685.6
57848.0359491 8347.4 8347.4
57848.0360185 8247.8 8247.8
57848.0360648 8011.5 8011.5
57848.0361111 8021.1 8021.1
57848.0361574 7913.8 7913.8
57848.0362269 8066.8 8066.8
57848.0362731 8283.8 8283.8
57848.0363194 8279.3 8279.3
57848.0363657 8491.3 8491.3
57848.0364352 8288.0 8288.0
57848.0364815 8785.8 8785.8
57848.0365394 8724.4 8724.4
57848.0365741 8684.2 8684.2
57848.0366551 8222.9 8222.9
57848.0366898 8628.7 8628.7
57848.0367477 8857.6 8857.6
57848.036794 9023.2 9023.2
57848.0434491 870509.6 870509.6
57848.0434838 673369.8 673369.8
57848.0435301 1004231.8 1004231.8
57848.043588 662617.5 662617.5
57848.0436574 555470.4 555470.4
57848.0437037 5110.9 5110.9
57848.0437384 5228.3 5228.3
57848.0437963 5282.1 5282.1
57848.0438657 5052.7 5052.7
57848.043912 4870.5 4870.5
57848.0439583 4936.7 4936.7
57848.0440046 5111.6 5111.6
57848.0440741 5149.0 5149.0
57848.0441204 5077.3 5077.3
57848.0441667 5121.8 5121.8
57848.044213 5154.7 5154.7
57848.0442824 5223.2 5223.2
57848.0443287 5410.2 5410.2
57848.044375 5607.2 5607.2
57848.0444213 5462.0 5462.0
57848.0444907 4842.6 4842.6
57848.044537 4943.0 4943.0
57848.0445949 4963.3 4963.3
57848.0446296 5129.6 5129.6
57848.0447106 5486.9 5486.9
57848.0447454 5856.6 5856.6
57848.0448032 6388.8 6388.8
57848.0448495 6012.0 6012.0
57848.044919 5209.1 5209.1
57848.0449653 5133.0 5133.0
57848.0450116 5150.0 5150.0
57848.0450579 4960.6 4960.6
57848.0451273 5259.4 5259.4
57848.0451736 5518.8 5518.8
57848.0452199 6167.2 6167.2
57848.0452662 6496.1 6496.1
57848.0453356 5168.9 5168.9
57848.0453819 5144.3 5144.3
57848.0454282 5181.2 5181.2
57848.0454745 5208.6 5208.6
57848.045544 4962.1 4962.1
57848.0456019 5365.8 5365.8
57848.0456366 5272.4 5272.4
57848.0456829 5354.9 5354.9
57848.0457523 4940.7 4940.7
57848.0458102 5518.2 5518.2
57848.0458565 6066.4 6066.4
57848.0458912 6043.0 6043.0
57848.0459722 5529.2 5529.2
57848.0460185 4888.6 4888.6
57848.0460648 5185.6 5185.6
57848.0461111 5111.5 5111.5
57848.0461806 5155.5 5155.5
57848.0462269 5404.8 5404.8
57848.0462731 5237.5 5237.5
57848.0463194 5184.7 5184.7
57848.0463889 5081.5 5081.5
57848.0464352 5613.0 5613.0
57848.0464815 103.9 103.9
57848.0465278 13.9 13.9
57848.0482639 1018.1 1018.1
57848.0483102 10153.6 10153.6
57848.0483565 3256353.1 3256353.1
57848.0484028 2848921.4 2848921.4
57848.0484722 5959205.8 5959205.8
57848.0485185 6967.3 6967.3
57848.0485648 8615.2 8615.2
57848.0486111 8301.1 8301.1
57848.0486921 7115.1 7115.1
57848.0487269 5200.6 5200.6
57848.0487731 5070.2 5070.2
57848.048831 5248.3 5248.3
57848.0489005 4979.3 4979.3
57848.0489468 5096.9 5096.9
57848.0489815 4953.5 4953.5
57848.0490394 5030.6 5030.6
57848.0491088 5211.6 5211.6
57848.0491551 5118.8 5118.8
57848.0492014 5286.7 5286.7
57848.0492477 5436.4 5436.4
57848.0493171 6178.0 6178.0
57848.0493634 5862.2 5862.2
57848.0494097 6697.1 6697.1
57848.049456 6857.0 6857.0
57848.0495255 5395.5 5395.5
57848.0495718 5875.2 5875.2
57848.0496181 6402.3 6402.3
57848.0496644 6989.3 6989.3
57848.0497338 6489.9 6489.9
57848.0497801 5095.7 5095.7
57848.049838 5131.5 5131.5
57848.0498727 5238.0 5238.0
57848.0499421 5171.1 5171.1
57848.0499884 4986.3 4986.3
57848.0500463 4971.3 4971.3
57848.0500926 5176.5 5176.5
57848.050162 5102.6 5102.6
57848.0502083 4755.4 4755.4
57848.0502546 4792.5 4792.5
57848.0503009 4787.5 4787.5
57848.0503704 4780.0 4780.0
57848.0504167 4859.4 4859.4
57848.050463 5071.9 5071.9
57848.0505093 4998.8 4998.8
57848.0505787 4841.5 4841.5
57848.050625 4806.5 4806.5
57848.0506713 4813.2 4813.2
57848.0507176 4843.9 4843.9
57848.050787 4897.2 4897.2
57848.0508333 4703.0 4703.0
57848.0508796 4694.5 4694.5
57848.0509259 4761.6 4761.6
57848.0509954 4910.2 4910.2
57848.0510532 4819.6 4819.6
57848.0510995 4964.7 4964.7
57848.0511343 4959.4 4959.4
57848.0512037 4872.4 4872.4
57848.0512616 5196.2 5196.2
57848.0513079 5438.2 5438.2
57848.0513542 6125.6 6125.6
57848.0514236 7471.1 7471.1
57848.0514699 6255.8 6255.8
57848.0515162 6626.2 6626.2
57848.0515625 6979.8 6979.8
57848.0516319 5819.4 5819.4
57848.0516782 5081.4 5081.4
57848.0517245 5089.7 5089.7
57848.0517708 5067.5 5067.5
57848.0518403 5005.7 5005.7
57848.0518866 5054.9 5054.9
57848.0519329 5033.4 5033.4
57848.0519907 5086.3 5086.3
57848.0520602 5064.1 5064.1
57848.0520949 5265.1 5265.1
57848.0521412 5575.4 5575.4
57848.0521991 5687.6 5687.6
57848.0522685 5452.2 5452.2
57848.0523148 4852.9 4852.9
57848.0523495 4837.0 4837.0
57848.0524074 4861.9 4861.9
57848.0524769 4952.5 4952.5
57848.0525231 4826.9 4826.9
57848.0525694 4865.4 4865.4
57848.0526157 4815.0 4815.0
57848.0526852 4789.7 4789.7
57848.0527315 4912.5 4912.5
57848.0527778 4993.3 4993.3
57848.0528241 4934.9 4934.9
57848.0528935 5114.2 5114.2
57848.0529398 4919.3 4919.3
57848.0529861 4955.3 4955.3
57848.0530324 5022.1 5022.1
57848.0531019 4943.5 4943.5
57848.0531481 4800.8 4800.8
57848.053206 4849.6 4849.6
57848.0532407 4833.7 4833.7
57848.0533218 4740.9 4740.9
57848.0533565 4735.1 4735.1
57848.0534144 97.3 97.3
57848.0753472 1811114.2 1811114.2
57848.0753935 3250196.3 3250196.3
57848.0754398 1775988.6 1775988.6
57848.0754861 1179515.2 1179515.2
57848.0755556 330956.6 330956.6
57848.0756019 5478.2 5478.2
57848.0756481 5509.3 5509.3
57848.0756944 5432.2 5432.2
57848.0757755 5155.8 5155.8
57848.0758102 4913.5 4913.5
57848.0758565 4847.6 4847.6
57848.0759144 4862.7 4862.7
57848.0759838 4862.4 4862.4
57848.0760301 4835.6 4835.6
57848.0760648 4844.7 4844.7
57848.0761227 4871.0 4871.0
57848.0761921 4894.6 4894.6
57848.0762384 4899.0 4899.0
57848.0762847 4888.8 4888.8
57848.076331 4976.3 4976.3
57848.0764005 5027.0 5027.0
57848.0764468 5007.2 5007.2
57848.0764931 5020.4 5020.4
57848.0765394 5059.8 5059.8
57848.0766088 5227.3 5227.3
57848.0766551 4993.8 4993.8
57848.0767014 5006.7 5006.7
57848.0767477 5093.5 5093.5
57848.0768171 5033.8 5033.8
57848.0768634 4885.3 4885.3
57848.0769213 4896.6 4896.6
57848.076956 4907.8 4907.8
57848.0770255 4935.4 4935.4
57848.0770718 5219.8 5219.8
57848.0771296 5617.3 5617.3
57848.0771759 5908.6 5908.6
57848.0772454 6039.4 6039.4
57848.0772917 5192.6 5192.6
57848.077338 5085.2 5085.2
57848.0773843 5145.3 5145.3
57848.0774537 5119.3 5119.3
57848.0775 5031.7 5031.7
57848.0775463 4996.7 4996.7
57848.0775926 4937.0 4937.0
57848.077662 5156.3 5156.3
57848.0777083 5020.0 5020.0
57848.0777546 5190.8 5190.8
57848.0778009 5468.0 5468.0
57848.0778704 5491.5 5491.5
57848.0779167 5002.4 5002.4
57848.077963 4969.1 4969.1
57848.0780093 4953.5 4953.5
57848.0780787 4942.4 4942.4
57848.0781366 4911.7 4911.7
57848.0781829 4914.1 4914.1
57848.0782176 4869.7 4869.7
57848.078287 4848.3 4848.3
57848.0783449 4833.4 4833.4
57848.0783912 4833.2 4833.2
57848.0784375 4883.7 4883.7
57848.0785069 4823.9 4823.9
57848.0785532 4805.3 4805.3
57848.0785995 4857.7 4857.7
57848.0786458 4948.6 4948.6
57848.0787153 5004.3 5004.3
57848.0787616 4871.0 4871.0
57848.0788079 4951.9 4951.9
57848.0788542 4986.2 4986.2
57848.0789236 4938.4 4938.4
57848.0789699 4965.1 4965.1
57848.0790162 5010.6 5010.6
57848.0790741 5177.0 5177.0
57848.0791435 4959.1 4959.1
57848.0791782 4920.8 4920.8
57848.0792245 5117.5 5117.5
57848.0792824 5246.6 5246.6
57848.0793519 5060.9 5060.9
57848.0793981 5061.2 5061.2
57848.0794329 5000.5 5000.5
57848.0794907 5031.8 5031.8
57848.0795602 5010.8 5010.8
57848.0796065 4945.5 4945.5
57848.0796528 4930.7 4930.7
57848.0796991 4907.3 4907.3
57848.0797685 4906.0 4906.0
57848.0798148 5015.9 5015.9
57848.0798611 5004.3 5004.3
57848.0799074 5044.3 5044.3
57848.0799769 4978.6 4978.6
57848.0800231 4875.4 4875.4
57848.0800694 4881.5 4881.5
57848.0801157 4985.6 4985.6
57848.0801852 5023.0 5023.0
57848.0802315 5063.9 5063.9
57848.0802894 5023.9 5023.9
57848.0803241 5019.8 5019.8
57848.0804051 4924.9 4924.9
57848.0804398 5034.5 5034.5
57848.0804977 131.5 131.5
57848.080544 18.4 18.4
57848.0822917 219.0 219.0
57848.082338 2073.5 2073.5
57848.0823843 1879220.2 1879220.2
57848.0824306 3084946.3 3084946.3
57848.0825 1067256.0 1067256.0
57848.0825463 5200.5 5200.5
57848.0825926 5330.1 5330.1
57848.0826389 5264.5 5264.5
57848.0827199 5147.5 5147.5
57848.0827546 5139.0 5139.0
57848.0828009 5084.8 5084.8
57848.0828588 5215.1 5215.1
57848.0829282 5227.0 5227.0
57848.0829745 5260.8 5260.8
57848.0830093 5233.5 5233.5
57848.0830671 5212.3 5212.3
57848.0831366 5050.3 5050.3
57848.0831829 4912.1 4912.1
57848.0832292 5062.4 5062.4
57848.0832755 5187.0 5187.0
57848.0833449 5279.4 5279.4
57848.0833912 4902.6 4902.6
57848.0834375 4935.8 4935.8
57848.0834838 5154.5 5154.5
57848.0835532 5044.6 5044.6
57848.0835995 4941.5 4941.5
57848.0836458 4947.2 4947.2
57848.0836921 5028.0 5028.0
57848.0837616 5005.6 5005.6
57848.0838079 4894.2 4894.2
57848.0838657 5039.5 5039.5
57848.0839005 5222.6 5222.6
57848.0839699 5675.4 5675.4
57848.0840162 5355.7 5355.7
57848.0840741 5492.5 5492.5
57848.0841204 5216.0 5216.0
57848.0841898 4994.9 4994.9
57848.0842361 5132.0 5132.0
57848.0842824 5269.9 5269.9
57848.0843287 5519.9 5519.9
57848.0843981 5541.2 5541.2
57848.0844444 5294.6 5294.6
57848.0844907 5285.0 5285.0
57848.084537 5246.1 5246.1
57848.0846065 5050.9 5050.9
57848.0846528 4851.0 4851.0
57848.0846991 4939.8 4939.8
57848.0847454 5074.2 5074.2
57848.0848148 5035.7 5035.7
57848.0848611 4934.7 4934.7
57848.0849074 5124.9 5124.9
57848.0849537 5149.8 5149.8
57848.0850231 5161.6 5161.6
57848.085081 5041.2 5041.2
57848.0851273 5062.6 5062.6
57848.085162 5037.4 5037.4
57848.0852315 4853.1 4853.1
57848.0852894 4875.8 4875.8
57848.0853356 4948.1 4948.1
57848.0853819 4975.3 4975.3
57848.0854514 4919.5 4919.5
57848.0854977 4916.8 4916.8
57848.085544 4918.8 4918.8
57848.0855903 4936.5 4936.5
57848.0856597 5020.7 5020.7
57848.085706 4947.1 4947.1
57848.0857523 4956.9 4956.9
57848.0857986 5009.3 5009.3
57848.0858681 4967.6 4967.6
57848.0859144 5052.7 5052.7
57848.0859606 5353.6 5353.6
57848.0860185 5682.7 5682.7
57848.086088 5205.4 5205.4
57848.0861227 5361.6 5361.6
57848.086169 5341.1 5341.1
57848.0862269 5221.3 5221.3
57848.0862963 4965.7 4965.7
57848.0863426 4927.2 4927.2
57848.0863773 5001.2 5001.2
57848.0864352 5093.6 5093.6
57848.0865046 5281.2 5281.2
57848.0865509 5098.9 5098.9
57848.0865972 5113.2 5113.2
57848.0866435 5129.6 5129.6
57848.086713 4968.7 4968.7
57848.0867593 4903.2 4903.2
57848.0868056 4964.0 4964.0
57848.0868519 4992.3 4992.3
57848.0869213 4886.7 4886.7
57848.0869676 4874.6 4874.6
57848.0870139 4934.1 4934.1
57848.0870602 4996.9 4996.9
57848.0871296 4941.9 4941.9
57848.0871759 4875.4 4875.4
57848.0872338 4895.5 4895.5
57848.0872685 4856.1 4856.1
57848.0873495 4941.0 4941.0
57848.0873843 5043.8 5043.8
57848.0874421 5231.0 5231.0
57848.0874884 5238.2 5238.2
57848.0939815 210772.0 210772.0
57848.0940278 253447.2 253447.2
57848.0940741 271200.5 271200.5
57848.0941204 279892.1 279892.1
57848.0941898 233509.3 233509.3
57848.0942361 6521.7 6521.7
57848.0942824 6027.4 6027.4
57848.0943287 5386.7 5386.7
57848.0943981 4909.4 4909.4
57848.094456 5394.4 5394.4
57848.0944907 5424.2 5424.2
57848.094537 5271.4 5271.4
57848.0946065 4873.5 4873.5
57848.0946644 4860.6 4860.6
57848.0947106 4889.6 4889.6
57848.0947454 4875.5 4875.5
57848.0948264 4704.2 4704.2
57848.0948727 4809.0 4809.0
57848.094919 4827.8 4827.8
57848.0949653 4828.2 4828.2
57848.0950347 4802.9 4802.9
57848.095081 4829.0 4829.0
57848.0951273 4941.9 4941.9
57848.0951736 5130.7 5130.7
57848.0952431 5051.0 5051.0
57848.0952894 4779.7 4779.7
57848.0953356 4875.5 4875.5
57848.0953819 4907.2 4907.2
57848.095463 5025.1 5025.1
57848.0954977 5025.7 5025.7
57848.095544 4926.5 4926.5
57848.0956019 4863.1 4863.1
57848.0956713 4985.1 4985.1
57848.0957176 5182.0 5182.0
57848.0957523 5353.7 5353.7
57848.0958102 5448.6 5448.6
57848.0958796 5078.7 5078.7
57848.0959259 4833.4 4833.4
57848.0959722 4844.9 4844.9
57848.0960185 4891.8 4891.8
57848.096088 4770.6 4770.6
57848.0961343 4767.4 4767.4
57848.0961806 4857.4 4857.4
57848.0962269 4932.6 4932.6
57848.0962963 4920.0 4920.0
57848.0963426 4981.2 4981.2
57848.0963889 4960.9 4960.9
57848.0964352 5017.7 5017.7
57848.0965046 4873.6 4873.6
57848.0965509 4769.8 4769.8
57848.0966088 4781.8 4781.8
57848.0966435 4837.5 4837.5
57848.0967245 4836.6 4836.6
57848.0967593 4785.5 4785.5
57848.0968171 4866.2 4866.2
57848.0968634 4973.5 4973.5
57848.0969329 5108.4 5108.4
57848.0969792 4789.5 4789.5
57848.0970255 4849.0 4849.0
57848.0970718 4859.1 4859.1
57848.0971412 4836.0 4836.0
57848.0971875 4917.4 4917.4
57848.0972338 4912.1 4912.1
57848.0972801 4976.7 4976.7
57848.0973495 5214.0 5214.0
57848.0973958 5164.6 5164.6
57848.0974421 5224.5 5224.5
57848.0974884 5067.8 5067.8
57848.0975579 4834.8 4834.8
57848.0976157 4809.8 4809.8
57848.0976505 4807.9 4807.9
57848.0976968 4783.8 4783.8
57848.0977662 4712.1 4712.1
57848.0978241 4753.3 4753.3
57848.0978704 4795.5 4795.5
57848.1234722 845.5 845.5
57848.1235185 6626.2 6626.2
57848.1235648 201104.7 201104.7
57848.1236227 208765.6 208765.6
57848.1236921 176039.7 176039.7
57848.1237384 5558.3 5558.3
57848.1237731 5558.2 5558.2
57848.123831 5550.3 5550.3
57848.1239005 5444.5 5444.5
57848.1239468 5333.4 5333.4
57848.1239931 5362.3 5362.3
57848.1240394 5315.8 5315.8
57848.1241088 5294.6 5294.6
57848.1241551 5479.5 5479.5
57848.1242014 5551.1 5551.1
57848.1242477 5696.4 5696.4
57848.1243171 5820.6 5820.6
57848.1243634 5326.4 5326.4
57848.1244097 5310.4 5310.4
57848.124456 5306.9 5306.9
57848.1245255 5260.0 5260.0
57848.1245718 5275.7 5275.7
57848.1246296 5376.7 5376.7
57848.1246644 5493.5 5493.5
57848.1247338 5404.0 5404.0
57848.1247801 5283.8 5283.8
57848.124838 5261.9 5261.9
57848.1248843 5275.3 5275.3
57848.1249537 5326.6 5326.6
57848.1249884 5338.9 5338.9
57848.1250463 5337.1 5337.1
57848.1250926 5312.5 5312.5
57848.125162 5246.8 5246.8
57848.1252083 5204.9 5204.9
57848.1252546 5234.1 5234.1
57848.1253009 5251.5 5251.5
57848.1253704 5259.2 5259.2
57848.1254167 5289.1 5289.1
57848.125463 5256.0 5256.0
57848.1255093 5275.7 5275.7
57848.1255787 5285.7 5285.7
57848.125625 5256.7 5256.7
57848.1256713 5261.4 5261.4
57848.1257176 5290.8 5290.8
57848.125787 5365.2 5365.2
57848.1258449 5280.4 5280.4
57848.1258796 5268.6 5268.6
57848.1259259 5323.0 5323.0
57848.1259954 5363.2 5363.2
57848.1260532 5356.1 5356.1
57848.1260995 5336.7 5336.7
57848.1261343 5313.4 5313.4
57848.1262153 5404.6 5404.6
57848.1262616 5543.7 5543.7
57848.1263079 5549.2 5549.2
57848.1263542 5523.3 5523.3
57848.1264236 5269.3 5269.3
57848.1264699 5222.5 5222.5
57848.1265162 5286.1 5286.1
57848.1265625 5344.2 5344.2
57848.1266319 5341.9 5341.9
57848.1266782 5244.9 5244.9
57848.1267245 5247.4 5247.4
57848.1267708 5301.3 5301.3
57848.1268519 5381.3 5381.3
57848.1268866 5304.8 5304.8
57848.1269329 5307.9 5307.9
57848.1269907 5271.5 5271.5
57848.1270602 5209.4 5209.4
57848.1271065 5254.7 5254.7
57848.1271412 5289.3 5289.3
57848.1271991 5255.0 5255.0
57848.1272685 5188.5 5188.5
57848.1273148 5213.7 5213.7
57848.1273611 5234.6 5234.6
57848.1274074 5275.5 5275.5
57848.1274769 5316.3 5316.3
57848.1275231 5228.2 5228.2
57848.1275694 5263.0 5263.0
57848.1276157 5247.5 5247.5
57848.1276852 5228.2 5228.2
57848.1277315 5237.8 5237.8
57848.1277778 5314.7 5314.7
57848.1278241 5284.6 5284.6
57848.1278935 5202.3 5202.3
57848.1279398 5177.2 5177.2
57848.1279977 5180.2 5180.2
57848.1280324 5205.1 5205.1
57848.1281134 5174.4 5174.4
57848.1281481 5146.4 5146.4
57848.128206 5163.4 5163.4
57848.1282523 5161.0 5161.0
57848.1283218 5168.5 5168.5
57848.1283681 5159.9 5159.9
57848.1284144 94.6 94.6
57848.1284606 12.7 12.7
57848.1315972 2559.9 2559.9
57848.1316435 25081.2 25081.2
57848.1316898 204995.6 204995.6
57848.1317361 223417.9 223417.9
57848.1318056 182049.2 182049.2
57848.1318519 4909.4 4909.4
57848.1318981 4870.7 4870.7
57848.1319444 4818.2 4818.2
57848.1320255 4747.9 4747.9
57848.1320602 4676.0 4676.0
57848.1321065 4716.1 4716.1
57848.1321644 4739.9 4739.9
57848.1322338 4721.2 4721.2
57848.1322801 4719.0 4719.0
57848.1323148 4723.0 4723.0
57848.1323727 4726.4 4726.4
57848.1324421 4712.7 4712.7
57848.1324884 4695.9 4695.9
57848.1325347 4735.7 4735.7
57848.132581 4907.8 4907.8
57848.1326505 4844.8 4844.8
57848.1326968 4747.5 4747.5
57848.1327431 4738.1 4738.1
57848.1327894 4772.0 4772.0
57848.1328588 4782.2 4782.2
57848.1329051 4853.2 4853.2
57848.1329514 4952.4 4952.4
57848.1329977 4754.4 4754.4
57848.1330671 4802.9 4802.9
57848.1331134 4765.8 4765.8
57848.1331713 4768.1 4768.1
57848.133206 4764.5 4764.5
57848.1332755 4723.0 4723.0
57848.1333218 4802.1 4802.1
57848.1333796 4733.0 4733.0
57848.1334259 4737.1 4737.1
57848.1334954 4766.3 4766.3
57848.1335417 4780.1 4780.1
57848.133588 4756.5 4756.5
57848.1336343 4742.7 4742.7
57848.1337037 4763.8 4763.8
57848.13375 4750.2 4750.2
57848.1337963 4766.4 4766.4
57848.1338426 4790.9 4790.9
57848.133912 4843.7 4843.7
57848.1339583 4853.1 4853.1
57848.1340046 4851.1 4851.1
57848.1340509 4959.0 4959.0
57848.1341204 4936.4 4936.4
57848.1341667 4746.6 4746.6
57848.134213 4753.6 4753.6
57848.1342593 4843.9 4843.9
57848.1343287 4917.4 4917.4
57848.1343866 4792.4 4792.4
57848.1344329 4824.5 4824.5
57848.1344676 4827.0 4827.0
57848.134537 4872.7 4872.7
57848.1345949 4797.8 4797.8
57848.1346412 4818.9 4818.9
57848.1346875 4812.7 4812.7
57848.1347569 4753.0 4753.0
57848.1348032 4778.8 4778.8
57848.1348495 4792.7 4792.7
57848.1348958 4797.5 4797.5
57848.1349653 4867.7 4867.7
57848.1350116 4793.8 4793.8
57848.1350579 4766.5 4766.5
57848.1351042 4825.3 4825.3
57848.1351736 4779.8 4779.8
57848.1352199 4832.8 4832.8
57848.1352662 4858.5 4858.5
57848.1353241 4845.8 4845.8
57848.1353935 4856.7 4856.7
57848.1354282 4856.4 4856.4
57848.1354745 4882.0 4882.0
57848.1355324 5050.5 5050.5
57848.1356019 5010.5 5010.5
57848.1356481 4872.3 4872.3
57848.1356829 4834.6 4834.6
57848.1357407 4872.7 4872.7
57848.1358102 4903.6 4903.6
57848.1358565 4840.8 4840.8
57848.1359028 4902.8 4902.8
57848.1359491 5047.2 5047.2
57848.1360185 5184.3 5184.3
57848.1360648 4903.7 4903.7
57848.1361111 4859.4 4859.4
57848.1361574 4903.5 4903.5
57848.1362269 5094.2 5094.2
57848.1362731 4893.8 4893.8
57848.1363194 4915.2 4915.2
57848.1363657 4945.7 4945.7
57848.1364352 4920.2 4920.2
57848.1364815 5062.3 5062.3
57848.1365394 5308.5 5308.5
57848.1365741 5368.8 5368.8
57848.1366551 5128.8 5128.8
57848.1366898 4937.1 4937.1
57848.1367477 5063.4 5063.4
57848.146875 27.4 27.4
57848.1469213 245.3 245.3
57848.1469676 119163.2 119163.2
57848.1470139 112013.8 112013.8
57848.1470833 91493.9 91493.9
57848.1471296 5270.2 5270.2
57848.1471759 5223.9 5223.9
57848.1472222 5191.7 5191.7
57848.1473032 5149.2 5149.2
57848.147338 5179.1 5179.1
57848.1473843 5067.2 5067.2
57848.1474421 5023.5 5023.5
57848.1475116 4992.4 4992.4
57848.1475579 5142.6 5142.6
57848.1475926 5108.6 5108.6
57848.1476505 5049.2 5049.2
57848.1477199 4983.4 4983.4
57848.1477662 5024.1 5024.1
57848.1478125 5007.1 5007.1
57848.1478588 5022.8 5022.8
57848.1479282 5000.7 5000.7
57848.1479745 4978.0 4978.0
57848.1480208 4988.5 4988.5
57848.1480671 4967.3 4967.3
57848.1481366 4957.7 4957.7
57848.1481829 4983.6 4983.6
57848.1482292 4989.7 4989.7
57848.1482755 4986.2 4986.2
57848.1483449 4951.8 4951.8
57848.1483912 5012.2 5012.2
57848.1484491 4991.8 4991.8
57848.1484838 5000.4 5000.4
57848.1485532 4972.8 4972.8
57848.1485995 4972.1 4972.1
57848.1486574 4974.4 4974.4
57848.1487037 4979.2 4979.2
57848.1487731 5029.9 5029.9
57848.1488194 5060.1 5060.1
57848.1488657 5025.8 5025.8
57848.148912 5027.0 5027.0
57848.1489815 5061.3 5061.3
57848.1490278 5087.2 5087.2
57848.1490741 5119.4 5119.4
57848.1491204 5188.2 5188.2
57848.1491898 5204.9 5204.9
57848.1492361 5162.5 5162.5
57848.1492824 5206.5 5206.5
57848.1493287 5210.9 5210.9
57848.1493981 5142.5 5142.5
57848.1494444 4978.5 4978.5
57848.1494907 4995.5 4995.5
57848.149537 5058.9 5058.9
57848.1496065 5143.8 5143.8
57848.1496644 5043.4 5043.4
57848.1497106 5035.2 5035.2
57848.1497454 4995.4 4995.4
57848.1498148 4969.3 4969.3
57848.1498727 4997.6 4997.6
57848.149919 4977.4 4977.4
57848.1499653 4983.3 4983.3
57848.1500347 4973.6 4973.6
57848.150081 4999.2 4999.2
57848.1501273 5021.4 5021.4
57848.1501736 5031.3 5031.3
57848.1502431 5059.2 5059.2
57848.1502894 5133.4 5133.4
57848.1503356 5218.4 5218.4
57848.1503819 5189.6 5189.6
57848.1504514 4998.5 4998.5
57848.1504977 5288.6 5288.6
57848.150544 5352.2 5352.2
57848.1506019 5487.0 5487.0
57848.1506713 5279.0 5279.0
57848.150706 5110.8 5110.8
57848.1507523 5187.1 5187.1
57848.1508102 5240.6 5240.6
57848.1508796 5146.3 5146.3
57848.1509259 5006.6 5006.6
57848.1509606 5034.6 5034.6
57848.1510185 5024.1 5024.1
57848.151088 4992.8 4992.8
57848.1511343 4966.6 4966.6
57848.1511806 4979.5 4979.5
57848.1512269 5002.3 5002.3
57848.1512963 5051.7 5051.7
57848.1513426 5005.1 5005.1
57848.1513889 5045.4 5045.4
57848.1514352 5039.9 5039.9
57848.1515046 5000.6 5000.6
57848.1515509 4972.4 4972.4
57848.1515972 4999.2 4999.2
57848.1516435 4988.8 4988.8
57848.151713 5024.1 5024.1
57848.1517593 4988.4 4988.4
57848.1518171 4972.1 4972.1
57848.1518519 4974.8 4974.8
57848.1519329 4981.5 4981.5
57848.1519676 5001.7 5001.7
57848.1520255 24.1 24.1
57848.1520718 2.9 2.9
57848.1559028 51.7 51.7
57848.1559491 496.9 496.9
57848.1559954 443278.8 443278.8
57848.1560417 302776.1 302776.1
57848.1561111 415348.8 415348.8
57848.1561574 5939.9 5939.9
57848.1562037 5967.1 5967.1
57848.15625 6165.1 6165.1
57848.156331 6303.3 6303.3
57848.1563657 5633.0 5633.0
57848.156412 5699.7 5699.7
57848.1564699 5737.9 5737.9
57848.1565394 5706.5 5706.5
57848.1565856 5538.0 5538.0
57848.1566204 5443.0 5443.0
57848.1566782 5489.6 5489.6
57848.1567477 5522.9 5522.9
57848.156794 5803.4 5803.4
57848.1568403 5838.6 5838.6
57848.1568866 5757.2 5757.2
57848.156956 5636.4 5636.4
57848.1570023 5771.6 5771.6
57848.1570486 5985.4 5985.4
57848.1570949 5976.6 5976.6
57848.1571644 5526.5 5526.5
57848.1572106 5891.5 5891.5
57848.1572569 5965.1 5965.1
57848.1573032 5875.7 5875.7
57848.1573727 5662.1 5662.1
57848.157419 5764.0 5764.0
57848.1574769 5722.8 5722.8
57848.1575116 5822.2 5822.2
57848.157581 5870.4 5870.4
57848.1576273 5482.8 5482.8
57848.1576852 5455.1 5455.1
57848.1577315 5476.0 5476.0
57848.1578009 5414.9 5414.9
57848.1578472 5513.0 5513.0
57848.1578935 5502.4 5502.4
57848.1579398 5451.9 5451.9
57848.1580093 5448.9 5448.9
57848.1580556 5442.7 5442.7
57848.1581019 5434.0 5434.0
57848.1581481 5454.3 5454.3
57848.1582176 5445.4 5445.4
57848.1582639 5506.9 5506.9
57848.1583102 5553.8 5553.8
57848.1583565 5565.6 5565.6
57848.1584259 5479.3 5479.3
57848.1584722 5549.8 5549.8
57848.1585185 5601.3 5601.3
57848.1585648 5693.9 5693.9
57848.1586343 5756.3 5756.3
57848.1586921 5528.0 5528.0
57848.1587384 5523.2 5523.2
57848.1587731 5487.6 5487.6
57848.1588426 5512.9 5512.9
57848.1589005 5669.5 5669.5
57848.1589468 5561.3 5561.3
57848.1589931 5498.9 5498.9
57848.1590625 5590.1 5590.1
57848.1591088 5558.6 5558.6
57848.1591551 5586.7 5586.7
57848.1592014 5768.8 5768.8
57848.1592708 5630.6 5630.6
57848.1593171 5568.7 5568.7
57848.1593634 5568.0 5568.0
57848.1594097 5504.4 5504.4
57848.1594792 5640.7 5640.7
57848.1595255 5774.4 5774.4
57848.1595718 5761.4 5761.4
57848.1596296 5655.2 5655.2
57848.1596991 5480.5 5480.5
57848.1597338 5629.8 5629.8
57848.1597801 5687.2 5687.2
57848.159838 5731.1 5731.1
57848.1599074 5645.0 5645.0
57848.1599537 5542.2 5542.2
57848.1599884 5576.7 5576.7
57848.1600463 5566.1 5566.1
57848.1601157 5514.9 5514.9
57848.160162 5549.3 5549.3
57848.1602083 5515.5 5515.5
57848.1602546 5530.8 5530.8
57848.1603241 5563.8 5563.8
57848.1603704 5617.2 5617.2
57848.1604167 5663.8 5663.8
57848.160463 5648.9 5648.9
57848.1605324 5601.7 5601.7
57848.1605787 5544.8 5544.8
57848.160625 5542.4 5542.4
57848.1606713 5571.6 5571.6
57848.1607407 5539.6 5539.6
57848.160787 5560.5 5560.5
57848.1608449 5578.7 5578.7
57848.1608796 5570.7 5570.7
57848.1609606 5511.9 5511.9
57848.1609954 5551.7 5551.7
57848.1610532 720.2 720.2
