57853.44777314815 145.0831876517265 0.0 131.0312034966986 0.0
57853.44877314815 145.0831876517265 0.0 131.0312034966986 0.0
57853.457094907404 146.67701029931243 0.0 131.66976283625672 0.0
57853.46934027778 160.78683029870868 0.0 141.44008203083754 0.0
57853.48385416667 140.1645707007222 0.0 127.71666795674871 0.0
57853.50017361111 142.34982762607163 0.0 128.25769137604152 0.0
57853.5096412037 138.31863424803927 0.0 133.35040780797536 0.0
57853.52119212963 141.1985858494383 0.0 131.6674190361519 0.0
57853.53565972222 140.12278136887448 0.0 131.66724549384705 0.0
57853.55112268519 146.85598827118358 0.0 127.1060198371739 0.0
57853.55982638889 141.68320787643887 0.0 130.03725688197054 0.0
57853.57488425926 140.7035749945448 0.0 130.7963294891863 0.0
57853.58631944445 138.87754968271378 0.0 131.75780394992395 0.0
57853.597974537035 136.63082882159696 0.0 131.78127082220098 0.0
57853.61063657407 140.50705528432889 0.0 131.0573180834858 0.0
57853.61163657407 140.50705528432889 0.0 131.0573180834858 0.0
