57854.2187616 112.237369309 0.0 112.237369309 0.0
57854.2250116 104.988445487 0.0 104.988445487 0.0
57854.2402894 101.438425788 0.0 101.438425788 0.0
57854.2465394 97.6045745405 0.0 97.6045745405 0.0
57854.2639005 94.0012128969 0.0 94.0012128969 0.0
57854.2701505 91.2551031777 0.0 91.2551031777 0.0
57854.2854282 88.9019050089 0.0 88.9019050089 0.0
57854.2916782 88.8678364485 0.0 88.8678364485 0.0
57854.3166782 88.1837012814 0.0 88.1837012814 0.0
57854.3229282 87.4595999828 0.0 87.4595999828 0.0
57854.3291782 87.1126743791 0.0 87.1126743791 0.0
57854.3354282 87.3556669693 0.0 87.3556669693 0.0
57854.3416782 87.2516101522 0.0 87.2516101522 0.0
57854.3479282 87.5634096336 0.0 87.5634096336 0.0
57854.3541782 88.5948163365 0.0 88.5948163365 0.0
57854.3604282 88.6289898446 0.0 88.6289898446 0.0
