57854.2187616 106.807006147 0.0 106.261405477 0.0
57854.2188773 97.27093331 0.0 97.2053951075 0.0
57854.2190046 101.691311212 0.0 101.304328042 0.0
57854.2191204 95.8671909884 0.0 96.4417118886 0.0
57854.2192361 97.6819928953 0.0 97.7632120483 0.0
57854.2193634 105.683998817 0.0 105.117010683 0.0
57854.2194444 100.273264552 0.0 100.079796662 0.0
57854.2194792 95.6214914807 0.0 95.7096991062 0.0
57854.2195949 96.840680326 0.0 96.7697109895 0.0
57854.2197222 95.3149997639 0.0 95.2154831947 0.0
57854.219838 98.1123413593 0.0 98.0208478692 0.0
57854.2199537 94.880145979 0.0 94.7802678937 0.0
57854.220081 100.68717245 0.0 101.509709028 0.0
57854.2201389 99.8818317313 0.0 100.534098966 0.0
57854.2201968 99.1165710212 0.0 99.6066384585 0.0
57854.2203125 95.4930823568 0.0 96.195172015 0.0
57854.2204398 94.678795588 0.0 95.2363796613 0.0
57854.2205556 94.6247575426 0.0 94.4478277304 0.0
57854.2206713 101.284875208 0.0 102.334574114 0.0
57854.2207986 125.337116031 0.0 121.92726784 0.0
57854.2208333 106.594706749 0.0 105.819142418 0.0
57854.2209144 94.3818726292 0.0 94.8162052921 0.0
57854.2210301 93.5214216263 0.0 93.1466005928 0.0
57854.2211574 95.4629873616 0.0 95.365746555 0.0
57854.2212731 101.914410689 0.0 100.623782601 0.0
57854.2213889 99.3997432844 0.0 98.9023250283 0.0
57854.2215162 93.9026387329 0.0 93.6571925481 0.0
57854.2215278 100.364409459 0.0 100.016014713 0.0
57854.2216319 108.190865113 0.0 107.692110918 0.0
57854.2217477 94.4106453373 0.0 95.15963834 0.0
57854.221875 113.657368283 0.0 116.02059684 0.0
57854.2219907 154.01557594 0.0 159.167764032 0.0
57854.2221065 106.565027195 0.0 106.805750641 0.0
57854.2222222 138.170186694 0.0 136.467417437 0.0
57854.2223495 179.739620446 0.0 182.139278993 0.0
57854.2224653 103.394711248 0.0 104.532292661 0.0
57854.222581 98.9303211306 0.0 98.2962497097 0.0
57854.2227083 122.89005472 0.0 118.70711327 0.0
57854.2228241 161.978698155 0.0 155.515876106 0.0
57854.2229167 175.635793693 0.0 172.045634071 0.0
57854.2250926 92.0240558332 0.0 91.894772033 0.0
57854.2252199 93.0645743771 0.0 93.3425701757 0.0
57854.2253356 91.5010687205 0.0 91.2451198969 0.0
57854.2254514 105.360867812 0.0 104.4553019 0.0
57854.2255787 92.0296930996 0.0 91.7093923598 0.0
57854.2256944 98.6616234865 0.0 98.8029401283 0.0
57854.2258102 99.993231796 0.0 98.2509281839 0.0
57854.2259375 101.989349571 0.0 101.118755797 0.0
57854.2260532 103.696659532 0.0 105.353861453 0.0
57854.226169 98.6571058718 0.0 99.538713318 0.0
57854.2262963 94.6056747822 0.0 94.717001779 0.0
57854.2263889 93.5310793533 0.0 93.6704621532 0.0
57854.226412 92.4071360448 0.0 92.572437183 0.0
57854.2265278 96.9854731906 0.0 97.3498380841 0.0
57854.2266435 104.594492747 0.0 104.86507041 0.0
57854.2267708 98.1256405482 0.0 99.3359620883 0.0
57854.2268866 97.5796356419 0.0 98.3516174143 0.0
57854.2270023 97.7797576495 0.0 97.4331017417 0.0
57854.2270833 95.8518785836 0.0 95.5343469073 0.0
57854.2271296 94.0149131893 0.0 93.7236893427 0.0
57854.2272454 102.571513136 0.0 101.972481033 0.0
57854.2273611 131.70069086 0.0 134.142893986 0.0
57854.2274884 95.7983170416 0.0 95.5728693459 0.0
57854.2276042 98.982539632 0.0 98.19844678 0.0
57854.2277199 92.9329789741 0.0 92.8385605123 0.0
57854.2277778 93.0092666297 0.0 93.0954712647 0.0
57854.2278472 93.1260899963 0.0 93.3950510627 0.0
57854.227963 96.8488404061 0.0 97.1054846649 0.0
57854.2280787 93.0661712815 0.0 93.7255936711 0.0
57854.228206 94.5786002963 0.0 95.0148305477 0.0
57854.2283218 91.918719062 0.0 91.6834271229 0.0
57854.2284375 95.0423561577 0.0 95.5157099749 0.0
57854.2284722 94.0810673781 0.0 94.0421331266 0.0
57854.2285648 93.0315808637 0.0 92.5192149232 0.0
57854.2286806 93.835088208 0.0 94.1702303438 0.0
57854.2287963 92.5269223416 0.0 92.8973107307 0.0
57854.2289236 101.917105542 0.0 102.486001337 0.0
57854.2290394 93.9722792902 0.0 93.6345848819 0.0
57854.2291551 96.1104106848 0.0 96.2427388897 0.0
57854.2291667 95.532869333 0.0 95.2979823921 0.0
57854.2403935 88.0313781841 0.0 87.5207676497 0.0
57854.2405093 97.4343018603 0.0 98.1403355914 0.0
57854.240625 85.2554540777 0.0 85.3660454748 0.0
57854.2407523 86.8787629746 0.0 86.6753447239 0.0
57854.2408681 87.9975811145 0.0 87.8766848032 0.0
57854.2409722 94.4810570591 0.0 94.7071822884 0.0
57854.2409838 102.482136482 0.0 103.258332928 0.0
57854.2411111 94.7043109209 0.0 93.7346262808 0.0
57854.2412269 86.3244123699 0.0 86.9914159731 0.0
57854.2413426 88.1518201684 0.0 87.8888282662 0.0
57854.2414699 87.9095036387 0.0 88.007144852 0.0
57854.2415856 93.4164218219 0.0 93.1456323453 0.0
57854.2416667 90.389600591 0.0 90.5621253505 0.0
57854.2417014 87.6744753392 0.0 88.2190547048 0.0
57854.2418287 87.0761847178 0.0 86.9281682943 0.0
57854.2419444 91.2089934107 0.0 92.3408416574 0.0
57854.2420602 90.4456027013 0.0 90.0696142437 0.0
57854.2421875 92.6299386808 0.0 91.9535704092 0.0
57854.2423032 84.502438166 0.0 84.6168388029 0.0
57854.2423611 85.3528789673 0.0 85.5497181468 0.0
57854.242419 86.1455522357 0.0 86.4300160187 0.0
57854.2425463 83.2776270495 0.0 83.2922097618 0.0
57854.242662 89.3385781004 0.0 90.5885306261 0.0
57854.2427778 109.339279173 0.0 109.037041206 0.0
57854.2429051 96.4497759458 0.0 96.1635719127 0.0
57854.2430208 93.5659097535 0.0 94.7778853636 0.0
57854.2430556 103.2807196 0.0 104.297794895 0.0
57854.2431366 116.973645634 0.0 117.561996308 0.0
57854.2432639 99.2990718033 0.0 99.6620844103 0.0
57854.2433796 84.2893993216 0.0 84.1480030244 0.0
57854.2434954 98.1469915178 0.0 100.219402268 0.0
57854.2436227 101.766358886 0.0 103.379913228 0.0
57854.2437384 90.6603195119 0.0 91.6702690407 0.0
57854.24375 91.2834823722 0.0 92.2084315939 0.0
57854.2438542 92.0510829811 0.0 92.8884594931 0.0
57854.2439815 91.4960180062 0.0 91.8807381827 0.0
57854.2440972 84.6313880779 0.0 84.9137970415 0.0
57854.244213 85.653854922 0.0 85.808658654 0.0
57854.2443403 93.0562422194 0.0 93.6711884359 0.0
57854.2444444 90.1000030744 0.0 90.5855036747 0.0
57854.2466088 84.1101886991 0.0 84.1284731408 0.0
57854.2467245 85.1943500826 0.0 85.2683052429 0.0
57854.2468403 82.8043443727 0.0 82.9711221751 0.0
57854.2469676 81.9793233566 0.0 81.8320692516 0.0
57854.2470833 82.4065898639 0.0 82.5233268355 0.0
57854.2471991 85.1472602084 0.0 84.6686644043 0.0
57854.2472222 84.2364421495 0.0 84.1820224157 0.0
57854.2473264 83.5121826622 0.0 83.8651386573 0.0
57854.2474421 93.4044645882 0.0 94.2376690766 0.0
57854.2475579 93.6986677493 0.0 93.4721190409 0.0
57854.2476852 84.583228373 0.0 84.4192988066 0.0
57854.2478009 84.8057514028 0.0 84.8479526801 0.0
57854.2479167 85.756163691 0.0 85.7474216522 0.0
57854.248044 86.2561109024 0.0 85.5235925286 0.0
57854.2481597 82.7141918657 0.0 82.8911054155 0.0
57854.2482755 81.5052203604 0.0 81.3981295977 0.0
57854.2484028 85.8879019013 0.0 85.7880070231 0.0
57854.2485185 88.0819148577 0.0 88.1123872449 0.0
57854.2486111 84.4136097499 0.0 84.5745298539 0.0
57854.2486343 81.2244655076 0.0 81.4879958153 0.0
57854.2487616 80.951616877 0.0 81.0244893165 0.0
57854.2488773 82.3081032098 0.0 82.271797598 0.0
57854.2489931 81.4721335734 0.0 81.2209848746 0.0
57854.2491088 81.7457650769 0.0 81.8081644703 0.0
57854.2492361 88.4332749931 0.0 88.301811499 0.0
57854.2493056 88.4474049308 0.0 88.400405231 0.0
57854.2493519 88.4202409802 0.0 88.4582088503 0.0
57854.2494676 90.60698286 0.0 90.2264179661 0.0
57854.2495949 85.1427401661 0.0 85.7498708221 0.0
57854.2497106 83.885176551 0.0 83.9532951885 0.0
57854.2498264 87.2143185836 0.0 87.7716697574 0.0
57854.2499537 83.9336417773 0.0 83.7549487553 0.0
57854.25 84.7244563512 0.0 84.7205454775 0.0
57854.2500694 85.5559222673 0.0 85.7390475863 0.0
57854.2501852 90.0329922695 0.0 90.8306754902 0.0
57854.2503125 88.1982897963 0.0 88.2526888656 0.0
57854.2504282 84.5651936792 0.0 84.4271263339 0.0
57854.250544 83.0029379661 0.0 82.7245975451 0.0
57854.2506713 95.7413743321 0.0 96.1388052401 0.0
57854.2506944 93.63860487 0.0 92.1127283496 0.0
57854.2639352 77.1418071087 0.0 76.9689326677 0.0
57854.2640509 76.0659006323 0.0 75.9442469052 0.0
57854.2641667 75.4867103668 0.0 75.5655436227 0.0
57854.264294 78.059959877 0.0 78.3905791023 0.0
57854.2644097 76.4219324932 0.0 76.4089879399 0.0
57854.2645255 97.017730261 0.0 96.8727640826 0.0
57854.2645833 86.7479313874 0.0 86.8582734286 0.0
57854.2646528 79.1982311545 0.0 79.4458883392 0.0
57854.2647685 80.8097876621 0.0 80.5785991564 0.0
57854.2648843 79.2870384741 0.0 79.8537717393 0.0
57854.2650116 77.0040550815 0.0 76.7688885617 0.0
57854.2651273 76.294858621 0.0 76.0969890534 0.0
57854.2652431 78.7587745651 0.0 79.4486066146 0.0
57854.2652778 79.102446416 0.0 79.5176248451 0.0
57854.2653704 79.4365510958 0.0 79.5730396868 0.0
57854.2654861 78.3564554137 0.0 78.6680490987 0.0
57854.2656019 82.2460899861 0.0 82.2386964208 0.0
57854.2657292 116.328856691 0.0 118.244418862 0.0
57854.2658449 82.6104694394 0.0 82.5277001558 0.0
57854.2659606 83.2462958756 0.0 82.7224890039 0.0
57854.2659722 81.0203568864 0.0 80.7425857463 0.0
57854.266088 79.0027415284 0.0 78.9370382077 0.0
57854.2662037 80.4540005904 0.0 80.329338003 0.0
57854.2663194 91.8329348763 0.0 92.0650705262 0.0
57854.2664468 82.5073408067 0.0 82.5309747368 0.0
57854.2665625 81.038380006 0.0 80.5954604987 0.0
57854.2666667 78.6915573553 0.0 78.581256372 0.0
57854.2666782 76.3972609588 0.0 76.5697113028 0.0
57854.266794 82.9390667177 0.0 83.1059378625 0.0
57854.2669213 78.6207776672 0.0 78.5222588952 0.0
57854.267037 100.4123626 0.0 100.837772417 0.0
57854.2671528 85.8972791711 0.0 86.0193329549 0.0
57854.2672801 87.396621302 0.0 87.3489497876 0.0
57854.2673611 94.2911684995 0.0 94.5637798948 0.0
57854.2673958 103.304398556 0.0 104.106753849 0.0
57854.2675116 94.7897612034 0.0 94.7355818581 0.0
57854.2676389 242.203167863 0.0 241.641051314 0.0
57854.2677546 79.2231143102 0.0 78.8134730995 0.0
57854.2678704 89.7052164983 0.0 89.6683815957 0.0
57854.2679977 87.7739366156 0.0 87.8107816102 0.0
57854.2680556 84.5786722289 0.0 84.4972859327 0.0
57854.2701505 83.2391365104 0.0 83.9780556991 0.0
57854.2702662 80.0581957766 0.0 79.8077442921 0.0
57854.2703819 106.514281873 0.0 108.546702944 0.0
57854.2705093 76.739706743 0.0 77.1201357169 0.0
57854.270625 76.1133339107 0.0 76.3148205921 0.0
57854.2707407 75.2801360254 0.0 75.4161100561 0.0
57854.2708333 76.2017543236 0.0 76.1176283393 0.0
57854.2708681 77.1562892446 0.0 76.8377782474 0.0
57854.2709838 76.3736491599 0.0 76.6347425128 0.0
57854.2710995 111.607159708 0.0 113.954632486 0.0
57854.2712269 154.114388644 0.0 152.536799383 0.0
57854.2713426 91.1179835708 0.0 92.3932915097 0.0
57854.2714583 93.5844557606 0.0 93.616820588 0.0
57854.2715278 107.534327928 0.0 108.168445852 0.0
57854.2715741 130.265581671 0.0 132.469494405 0.0
57854.2717014 166.41686273 0.0 175.16664884 0.0
57854.2718171 138.691777121 0.0 137.344001081 0.0
57854.2719329 92.9833406262 0.0 92.6570226804 0.0
57854.2720602 75.9408215916 0.0 75.8357367275 0.0
57854.2721759 75.132521314 0.0 75.0613004084 0.0
57854.2722222 76.4589592003 0.0 76.4312180002 0.0
57854.2722917 77.9271650902 0.0 77.9480250936 0.0
57854.272419 77.7503909636 0.0 78.2411382905 0.0
57854.2725347 77.0606321152 0.0 77.1378202246 0.0
57854.2726505 85.192269215 0.0 85.4893657773 0.0
57854.2727778 80.3925446668 0.0 80.6619177369 0.0
57854.2728935 76.2257266873 0.0 76.5926013137 0.0
57854.2729167 78.0056150864 0.0 78.348981091 0.0
57854.2730093 79.8579059956 0.0 80.1734473875 0.0
57854.2731366 79.1389985595 0.0 79.0772294216 0.0
57854.2732523 82.9893068232 0.0 83.0938980251 0.0
57854.2733681 85.9445106508 0.0 87.9202722471 0.0
57854.2734954 82.6825077934 0.0 83.7428344338 0.0
57854.2736111 96.8608818461 0.0 97.989400784 0.0
57854.2737269 86.3824177191 0.0 87.3187226601 0.0
57854.2738542 79.9593067629 0.0 79.8462532934 0.0
57854.2739699 82.9170604339 0.0 83.2468863021 0.0
57854.2740856 76.4710984686 0.0 76.8111834175 0.0
57854.274213 75.4274075718 0.0 75.5524717001 0.0
57854.2743056 78.6140032882 0.0 78.4603780325 0.0
57854.2854398 98.8252437032 0.0 99.2256632832 0.0
57854.2855556 79.8311505554 0.0 79.802146738 0.0
57854.2856829 73.6728643057 0.0 73.7734385467 0.0
57854.2857986 79.9044582361 0.0 80.1081309419 0.0
57854.2859144 74.8307581547 0.0 74.8605393248 0.0
57854.2860417 74.2066510766 0.0 73.9529904872 0.0
57854.2861111 77.0357688739 0.0 76.8506888193 0.0
57854.2861574 80.2190900534 0.0 80.1218266954 0.0
57854.2862731 75.4613703162 0.0 75.5662762613 0.0
57854.2864005 84.877232978 0.0 84.7843286581 0.0
57854.2865162 75.4735679162 0.0 75.3710524538 0.0
57854.2866319 74.7575332659 0.0 74.8189858926 0.0
57854.2867593 74.839206984 0.0 75.0383124077 0.0
57854.2868056 75.839116378 0.0 75.7483295855 0.0
57854.286875 77.0318495169 0.0 76.6300299361 0.0
57854.2869907 75.3043205865 0.0 75.3643479306 0.0
57854.2871181 76.3090129998 0.0 76.2225160304 0.0
57854.2872338 74.8442409675 0.0 75.0950967507 0.0
57854.2873495 78.061719575 0.0 77.8896370899 0.0
57854.2874769 75.3025550164 0.0 75.2537157887 0.0
57854.2875 81.4563456092 0.0 81.3544795202 0.0
57854.2875926 89.0141416798 0.0 88.8282055881 0.0
57854.2877083 80.7583034616 0.0 80.9715644594 0.0
57854.2878356 76.0666142338 0.0 76.0800359424 0.0
57854.2879514 80.8263096832 0.0 81.2121998779 0.0
57854.2880671 96.0478977021 0.0 96.6543991342 0.0
57854.2881944 90.186221553 0.0 89.6655106326 0.0
57854.2883102 82.6201491163 0.0 82.7326697804 0.0
57854.2884259 75.7588991472 0.0 75.82122013 0.0
57854.2885532 80.107780315 0.0 80.1359868037 0.0
57854.288669 83.5186074237 0.0 83.1872372543 0.0
57854.2887847 94.5544472989 0.0 95.4675153914 0.0
57854.2888889 84.2602942554 0.0 84.4348864688 0.0
57854.288912 76.6375255472 0.0 76.4211831366 0.0
57854.2890278 105.594387545 0.0 105.471908777 0.0
57854.2891435 76.4354681022 0.0 76.0986458552 0.0
57854.2892593 78.6206726885 0.0 79.0136666596 0.0
57854.2893866 78.527493332 0.0 78.7472350689 0.0
57854.2895023 75.0036850695 0.0 75.1600685138 0.0
57854.2895833 74.2616040023 0.0 74.3326847221 0.0
57854.2917708 75.2271082922 0.0 75.3944260672 0.0
57854.2918981 75.749472018 0.0 75.8842926369 0.0
57854.2920139 74.2459889624 0.0 74.2992938526 0.0
57854.2921296 73.6116289251 0.0 73.5945949646 0.0
57854.2922569 76.7158768378 0.0 76.7785590969 0.0
57854.2923611 76.5404915715 0.0 76.5370263729 0.0
57854.2923727 76.0764454611 0.0 76.008668578 0.0
57854.2924884 74.0299878968 0.0 73.881775696 0.0
57854.2926157 76.820772666 0.0 76.7982968496 0.0
57854.2927315 76.6297861866 0.0 76.7681838915 0.0
57854.2928472 85.0738975127 0.0 85.0691894049 0.0
57854.2929745 75.9911878839 0.0 76.4649392205 0.0
57854.2930556 75.6319432052 0.0 75.8124466694 0.0
57854.2930903 75.460494956 0.0 75.3567637973 0.0
57854.293206 74.9709545024 0.0 75.7289077367 0.0
57854.2933333 77.3978337746 0.0 77.6161959065 0.0
57854.2934491 76.6182193672 0.0 76.8687127836 0.0
57854.2935648 86.4041611614 0.0 87.1351152521 0.0
57854.2936806 93.5418921981 0.0 93.4514200534 0.0
57854.29375 88.934694175 0.0 89.3720584355 0.0
57854.2938079 84.8265025272 0.0 85.6612124418 0.0
57854.2939236 79.0990406895 0.0 78.989821819 0.0
57854.2940394 85.6238162312 0.0 85.5178876318 0.0
57854.2941667 73.8619893247 0.0 73.8836087911 0.0
57854.2942824 75.223430851 0.0 75.4591228282 0.0
57854.2943981 91.8606114719 0.0 92.2443207141 0.0
57854.2944444 81.3781058025 0.0 81.5553347979 0.0
57854.2945255 73.9123961254 0.0 73.9780949201 0.0
57854.2946412 80.0901019477 0.0 80.3467559208 0.0
57854.2947569 75.780334738 0.0 75.6908475379 0.0
57854.2948843 81.2713673196 0.0 81.2262685404 0.0
57854.295 75.0317739361 0.0 74.949627384 0.0
57854.2951157 76.5760640801 0.0 76.4769476901 0.0
57854.2951389 86.7668198853 0.0 86.5444344369 0.0
57854.2952431 102.345838518 0.0 101.852727416 0.0
57854.2953588 98.2073055327 0.0 98.5641229302 0.0
57854.2954745 102.244783285 0.0 104.639786181 0.0
57854.2956019 94.9012040335 0.0 95.936893774 0.0
57854.2957176 90.6484254138 0.0 90.6920300798 0.0
57854.2958333 92.9075564742 0.0 93.8986106127 0.0
57854.3167477 71.8933702854 0.0 71.9500616053 0.0
57854.3168634 72.1868040226 0.0 72.2902136115 0.0
57854.3169907 71.7534159814 0.0 71.7828420307 0.0
57854.3171065 71.4565345507 0.0 71.4992949336 0.0
57854.3172222 72.084408876 0.0 72.2572304133 0.0
57854.3173495 71.2801686516 0.0 71.3638995501 0.0
57854.3173611 71.321183452 0.0 71.3801854088 0.0
57854.3174653 71.3240688618 0.0 71.358271791 0.0
57854.317581 71.6763786753 0.0 71.6619695724 0.0
57854.3177083 71.662709759 0.0 71.688195674 0.0
57854.3178241 71.4339893958 0.0 71.4006663975 0.0
57854.3179398 71.4527907153 0.0 71.5067426541 0.0
57854.3180556 71.5611311048 0.0 71.5567984681 0.0
57854.3180671 71.6880084324 0.0 71.6248783594 0.0
57854.3181829 71.1096849592 0.0 71.1147651828 0.0
57854.3182986 71.4039663604 0.0 71.3808717445 0.0
57854.3184259 72.1865826106 0.0 72.014986968 0.0
57854.3185417 71.4719416345 0.0 71.482323857 0.0
57854.3186574 71.5157837474 0.0 71.5518761319 0.0
57854.31875 71.3773302317 0.0 71.3778661701 0.0
57854.3187847 71.267303562 0.0 71.2327020827 0.0
57854.3189005 71.1494898647 0.0 71.1883302937 0.0
57854.3190162 71.4060661219 0.0 71.4408182764 0.0
57854.3191435 71.5526517468 0.0 71.6592151157 0.0
57854.3192593 71.685824296 0.0 71.6306230254 0.0
57854.319375 71.4063872983 0.0 71.3874655384 0.0
57854.3194444 71.3366513512 0.0 71.3291128993 0.0
57854.3195023 71.23631258 0.0 71.2400869595 0.0
57854.3196181 71.5451737925 0.0 71.5247586854 0.0
57854.3197338 71.2064898306 0.0 71.1527791516 0.0
57854.3198611 71.4817422004 0.0 71.460314413 0.0
57854.3199769 70.9925523136 0.0 70.9822454491 0.0
57854.3200926 70.9989585698 0.0 70.9702288358 0.0
57854.3201389 70.9381299302 0.0 70.9188399722 0.0
57854.3202199 70.887512906 0.0 70.8776266956 0.0
57854.3203356 70.9452303118 0.0 70.9933454205 0.0
57854.3204514 70.9061396213 0.0 70.8858130729 0.0
57854.3205671 70.9172028848 0.0 70.907062589 0.0
57854.3206944 70.9531729594 0.0 70.9615157251 0.0
57854.3208102 71.2226463774 0.0 71.2629903737 0.0
57854.3208333 71.3822910672 0.0 71.3578251981 0.0
57854.322963 71.236700085 0.0 71.2558973138 0.0
57854.3230787 70.8232210719 0.0 70.8405057718 0.0
57854.323206 70.8286092974 0.0 70.8391430002 0.0
57854.3233218 70.9592723751 0.0 71.0312042767 0.0
57854.3234375 71.2950075321 0.0 71.2422194489 0.0
57854.3235648 71.759435087 0.0 71.7569394136 0.0
57854.3236111 71.336953187 0.0 71.3242349906 0.0
57854.3236806 70.9358422379 0.0 70.9132548541 0.0
57854.3237963 70.9137460229 0.0 70.9242772258 0.0
57854.3239236 71.0292169111 0.0 70.9775427864 0.0
57854.3240394 71.0930199949 0.0 71.0576592353 0.0
57854.3241551 71.2980740694 0.0 71.2403990163 0.0
57854.3242824 72.3777194653 0.0 72.538288269 0.0
57854.3243056 71.8712160326 0.0 71.9304922547 0.0
57854.3243981 71.3074002331 0.0 71.2700164024 0.0
57854.3245139 71.513914674 0.0 71.4437392988 0.0
57854.3246412 72.4078670173 0.0 72.6462122206 0.0
57854.3247569 70.852418632 0.0 70.8607283268 0.0
57854.3248727 71.7226679858 0.0 71.8546776278 0.0
57854.3249884 70.9880339917 0.0 71.0050600169 0.0
57854.325 71.2755335441 0.0 71.3270519929 0.0
57854.3251157 71.6512056493 0.0 71.7383343548 0.0
57854.3252315 71.285689714 0.0 71.128858398 0.0
57854.3253472 71.1374583184 0.0 71.1287539607 0.0
57854.3254745 70.8458033619 0.0 70.8768439972 0.0
57854.3255903 71.803281652 0.0 71.9054993307 0.0
57854.3256944 71.8393738767 0.0 71.8230068711 0.0
57854.325706 71.8544403151 0.0 71.7199209634 0.0
57854.3258333 70.7566055503 0.0 70.7976276368 0.0
57854.3259491 72.3987643472 0.0 72.4239606139 0.0
57854.3260648 70.7056575601 0.0 70.7109895066 0.0
57854.3261921 71.0323248388 0.0 71.071014584 0.0
57854.3263079 70.8386426465 0.0 70.8114069059 0.0
57854.3263889 70.830994028 0.0 70.8351986727 0.0
57854.3264236 70.8090063551 0.0 70.8446593612 0.0
57854.3265509 71.1276465307 0.0 71.0781931678 0.0
57854.3266667 70.7554882465 0.0 70.8323651801 0.0
57854.3267824 71.2581700509 0.0 71.1406124657 0.0
57854.3269097 70.58704651 0.0 70.5999100849 0.0
57854.3270255 71.1550879558 0.0 71.2213519108 0.0
57854.3270833 70.9536520343 0.0 70.9746973787 0.0
57854.3291782 70.4758561707 0.0 70.4153805287 0.0
57854.329294 70.4851218556 0.0 70.5236006029 0.0
57854.3294213 70.7425993797 0.0 70.6917673142 0.0
57854.329537 70.4125171756 0.0 70.4408357134 0.0
57854.3296528 70.4847297434 0.0 70.4842802403 0.0
57854.3297685 70.468475725 0.0 70.4470209377 0.0
57854.3298611 70.5342636454 0.0 70.5273222234 0.0
57854.3298958 70.5943004782 0.0 70.6019562902 0.0
57854.3300116 70.7822973278 0.0 70.8791470885 0.0
57854.3301273 70.398321159 0.0 70.3854893142 0.0
57854.3302546 70.8038031888 0.0 70.7848099312 0.0
57854.3303704 70.482912305 0.0 70.480674188 0.0
57854.3304861 70.494888836 0.0 70.5122421073 0.0
57854.3305556 70.6196590759 0.0 70.6416000314 0.0
57854.3306134 70.7436335227 0.0 70.7702109789 0.0
57854.3307292 70.9109020109 0.0 70.7987848907 0.0
57854.3308449 70.745213725 0.0 70.7409162154 0.0
57854.3309722 70.6239599145 0.0 70.5817974693 0.0
57854.331088 70.469706527 0.0 70.4997490776 0.0
57854.3312037 70.4623748535 0.0 70.4375690736 0.0
57854.33125 70.5039421593 0.0 70.4765232968 0.0
57854.331331 70.5376930159 0.0 70.5076554425 0.0
57854.3314468 70.564182437 0.0 70.5283294429 0.0
57854.3315625 70.5770059651 0.0 70.5699605498 0.0
57854.3316898 70.406847934 0.0 70.4294040724 0.0
57854.3318056 70.5059231271 0.0 70.4962893279 0.0
57854.3319213 71.3243389524 0.0 71.3754290145 0.0
57854.3319444 70.8589523631 0.0 70.9057136978 0.0
57854.3320486 70.4461640687 0.0 70.4887817954 0.0
57854.3321644 70.6901762765 0.0 70.6618031117 0.0
57854.3322801 72.0389011091 0.0 72.0178503984 0.0
57854.3324074 70.6157029562 0.0 70.658377274 0.0
57854.3325231 70.5473224226 0.0 70.5355200236 0.0
57854.3326389 71.170305992 0.0 71.1382981101 0.0
57854.3327662 70.7215725716 0.0 70.8030718331 0.0
57854.3328819 71.6486207195 0.0 71.614997305 0.0
57854.3329977 70.8055187468 0.0 70.8464592623 0.0
57854.333125 70.5612046949 0.0 70.5857638055 0.0
57854.3332407 70.5881387274 0.0 70.5781738075 0.0
57854.3333333 70.5536975714 0.0 70.5474214412 0.0
57854.3355093 70.3641688148 0.0 70.3824023247 0.0
57854.335625 70.3879467736 0.0 70.384773197 0.0
57854.3357523 70.5070509098 0.0 70.5279626673 0.0
57854.3358681 70.3963630808 0.0 70.4073129014 0.0
57854.3359838 70.7420084108 0.0 70.7343216833 0.0
57854.3361111 70.6964363529 0.0 70.7469428456 0.0
57854.3362269 70.409740775 0.0 70.4521986811 0.0
57854.3363426 70.453277532 0.0 70.4674295544 0.0
57854.3364699 70.4342446328 0.0 70.4404033634 0.0
57854.3365856 70.4404877467 0.0 70.43182542 0.0
57854.3367014 70.3420996772 0.0 70.3276699884 0.0
57854.3368056 70.475132444 0.0 70.5325197693 0.0
57854.3368287 70.6542152812 0.0 70.7846251173 0.0
57854.3369444 70.6187139787 0.0 70.5018931519 0.0
57854.3370602 70.4893301075 0.0 70.4855373818 0.0
57854.3371875 70.7601512081 0.0 70.6957683599 0.0
57854.3373032 70.5277783501 0.0 70.511352008 0.0
57854.337419 71.1758204589 0.0 71.3325556741 0.0
57854.3375 70.8568965027 0.0 70.9451775458 0.0
57854.3375463 70.5006516566 0.0 70.5225547821 0.0
57854.337662 71.2942867557 0.0 71.4965902893 0.0
57854.3377778 70.9534917675 0.0 70.8926672583 0.0
57854.3379051 70.3968377841 0.0 70.4052491296 0.0
57854.3380208 70.6700638389 0.0 70.6571638831 0.0
57854.3381366 70.8119927766 0.0 70.7848754255 0.0
57854.3381944 70.8104451829 0.0 70.8180828885 0.0
57854.3382639 70.8387249038 0.0 70.8812150009 0.0
57854.3383796 70.4960937145 0.0 70.5278507116 0.0
57854.3384954 70.5717553558 0.0 70.5666862833 0.0
57854.3386111 70.6955526112 0.0 70.7507669923 0.0
57854.3387384 71.5916779382 0.0 71.7849116946 0.0
57854.3388542 70.6037186698 0.0 70.5971445527 0.0
57854.3388889 70.6360409069 0.0 70.621805549 0.0
57854.3389699 70.6456993242 0.0 70.6237965844 0.0
57854.3390972 70.5397246947 0.0 70.5504299278 0.0
57854.339213 70.6020754369 0.0 70.6133072232 0.0
57854.3393287 72.3326154511 0.0 72.1891853743 0.0
57854.339456 70.8104329036 0.0 70.9097523758 0.0
57854.3395718 70.5217661931 0.0 70.4895966509 0.0
57854.3395833 70.5124843982 0.0 70.5378766834 0.0
57854.3417245 70.7699366892 0.0 70.7944850041 0.0
57854.3418403 71.022511389 0.0 71.1426094053 0.0
57854.3419676 70.8920581377 0.0 70.8625095026 0.0
57854.3420833 70.8973944867 0.0 71.037050713 0.0
57854.3421991 70.6990327657 0.0 70.6715876714 0.0
57854.3423264 70.7656002165 0.0 70.7346912978 0.0
57854.3423611 70.705377985 0.0 70.6866457968 0.0
57854.3424421 70.6772568794 0.0 70.6706409055 0.0
57854.3425579 70.8317355357 0.0 70.8079076728 0.0
57854.3426852 71.8900853387 0.0 71.8730903816 0.0
57854.3428009 70.8280575408 0.0 70.8528277347 0.0
57854.3429167 72.0455606058 0.0 71.9609869999 0.0
57854.3430324 70.9172526611 0.0 70.9319281001 0.0
57854.3430556 71.1394492599 0.0 71.1579044309 0.0
57854.3431597 71.3263870948 0.0 71.3486748581 0.0
57854.3432755 71.0779849672 0.0 71.1325910114 0.0
57854.3433912 71.1191324399 0.0 71.1625111277 0.0
57854.3435185 71.7509312762 0.0 71.7796898503 0.0
57854.3436343 71.7482256993 0.0 71.7762103346 0.0
57854.34375 70.80921505 0.0 70.8044807763 0.0
57854.3438773 70.8086193694 0.0 70.8615710735 0.0
57854.3439931 71.3007726957 0.0 71.3379791065 0.0
57854.3441088 73.0914690166 0.0 73.0426830216 0.0
57854.3442361 71.139442379 0.0 71.0973382624 0.0
57854.3443519 71.5052112087 0.0 71.5506916459 0.0
57854.3444444 71.6188703555 0.0 71.5555178515 0.0
57854.3444676 71.7765155953 0.0 71.6035540389 0.0
57854.3445949 70.8201213004 0.0 70.7870594318 0.0
57854.3447106 71.4768973165 0.0 71.3619984796 0.0
57854.3448264 71.785364748 0.0 71.8328584563 0.0
57854.3449537 73.3376656773 0.0 73.2510650025 0.0
57854.3450694 70.9066430668 0.0 70.9521850474 0.0
57854.3451389 71.7557033482 0.0 71.795533928 0.0
57854.3451852 72.5827071898 0.0 72.6163654557 0.0
57854.3453125 70.9068477652 0.0 70.9468651809 0.0
57854.3454282 72.4337177839 0.0 72.4855090139 0.0
57854.345544 70.7817540472 0.0 70.7706355348 0.0
57854.3456713 71.8006722879 0.0 71.8031101207 0.0
57854.345787 71.7463484297 0.0 72.0291756027 0.0
57854.3458333 71.2707236037 0.0 71.4388604262 0.0
57854.3479398 70.8927315245 0.0 70.8776993842 0.0
57854.3480556 70.8969683202 0.0 70.8802967827 0.0
57854.3481713 70.8840085421 0.0 70.932187038 0.0
57854.3482986 71.5235575947 0.0 71.5826676927 0.0
57854.3484144 72.1516005089 0.0 72.0998792717 0.0
57854.3485301 71.8453987114 0.0 71.6894846892 0.0
57854.3486111 72.1490653716 0.0 72.0494185612 0.0
57854.3486574 72.4442331383 0.0 72.4024174113 0.0
57854.3487731 73.5717588753 0.0 73.2161347518 0.0
57854.3488889 71.1639372365 0.0 71.2056999053 0.0
57854.3490162 72.679039014 0.0 72.6741581651 0.0
57854.3491319 72.2453707237 0.0 72.2733367363 0.0
57854.3492477 70.9679426643 0.0 71.0096091737 0.0
57854.3493056 71.6692205343 0.0 71.8137067836 0.0
57854.349375 72.3914889749 0.0 72.6455426368 0.0
57854.3494907 71.2776478077 0.0 71.2311111173 0.0
57854.3496065 71.007537283 0.0 71.0142034807 0.0
57854.3497338 72.3896817578 0.0 72.4189060605 0.0
57854.3498495 71.2042454001 0.0 71.1777171592 0.0
57854.3499653 71.2456606538 0.0 71.2092331935 0.0
57854.35 71.4809791763 0.0 71.3842425609 0.0
57854.3500926 71.7488555309 0.0 71.5906863426 0.0
57854.3502083 71.0493651133 0.0 71.0691092529 0.0
57854.3503241 71.2768226985 0.0 71.285082093 0.0
57854.3504514 72.0757459691 0.0 71.9701158746 0.0
57854.3505671 71.5943266398 0.0 71.5354221557 0.0
57854.3506829 71.3020184216 0.0 71.3530823721 0.0
57854.3506944 72.1251055458 0.0 72.0461135385 0.0
57854.3508102 72.9681179489 0.0 72.7507328692 0.0
57854.3509259 71.4315798089 0.0 71.4543362225 0.0
57854.3510417 73.2164930326 0.0 73.3403098916 0.0
57854.351169 71.7850482482 0.0 71.6421914796 0.0
57854.3512847 72.0413706005 0.0 72.1315345671 0.0
57854.3513889 71.9641143418 0.0 71.9970963651 0.0
57854.3514005 71.8810315243 0.0 71.8573978307 0.0
57854.3515278 71.7340031436 0.0 71.8204081999 0.0
57854.3516435 71.5518086284 0.0 71.5615315236 0.0
57854.3517593 71.2949779227 0.0 71.2924863152 0.0
57854.351875 71.5878791417 0.0 71.6050067453 0.0
57854.3520023 71.4294546318 0.0 71.4251254042 0.0
57854.3520833 71.9330228685 0.0 71.8303287616 0.0
57854.3542708 71.6863749607 0.0 71.6985944772 0.0
57854.3543866 72.7964964748 0.0 72.8700711815 0.0
57854.3545139 71.6595254729 0.0 71.7146524917 0.0
57854.3546296 71.4930267089 0.0 71.4862430891 0.0
57854.3547454 71.7690629171 0.0 71.8788573713 0.0
57854.3548611 72.389096824 0.0 72.5287188981 0.0
57854.3548727 73.046348971 0.0 73.217430493 0.0
57854.3549884 71.7295764591 0.0 71.7642693755 0.0
57854.3551042 72.225363772 0.0 72.189433839 0.0
57854.3552315 71.6665494774 0.0 71.6320806413 0.0
57854.3553472 76.1177415784 0.0 75.8648972912 0.0
57854.355463 72.6232482198 0.0 72.7472057058 0.0
57854.3555556 72.6384113125 0.0 72.6323175659 0.0
57854.3555903 72.6388167993 0.0 72.5034453457 0.0
57854.355706 72.7053233058 0.0 72.7499200962 0.0
57854.3558218 71.7342439843 0.0 71.7671949501 0.0
57854.3559491 72.0728379835 0.0 71.9989038111 0.0
57854.3560648 72.2727447659 0.0 72.3759247126 0.0
57854.3561806 72.3076555352 0.0 72.3637567364 0.0
57854.35625 72.1574057183 0.0 72.2449959513 0.0
57854.3563079 72.0082409242 0.0 72.126945076 0.0
57854.3564236 72.0868600578 0.0 72.1316491216 0.0
57854.3565394 72.0540374441 0.0 72.08337001 0.0
57854.3566551 72.6337395223 0.0 72.5846376377 0.0
57854.3567824 71.9928978442 0.0 71.961586343 0.0
57854.3568981 72.6616677279 0.0 72.7519744131 0.0
57854.3569444 72.2692619652 0.0 72.3089932788 0.0
57854.3570139 71.8398866578 0.0 71.8307918792 0.0
57854.3571412 72.3134948402 0.0 72.3862430507 0.0
57854.3572569 73.050832562 0.0 73.0802496164 0.0
57854.3573727 73.4708056305 0.0 73.3802110449 0.0
57854.3575 72.1744394298 0.0 72.2205386646 0.0
57854.3576157 71.9043847203 0.0 71.9671134686 0.0
57854.3576389 71.853399683 0.0 71.8665358355 0.0
57854.3577315 71.8340989085 0.0 71.7978585057 0.0
57854.3578588 73.4889663963 0.0 73.625512752 0.0
57854.3579745 71.9440113769 0.0 71.9642440591 0.0
57854.3580903 72.5895541659 0.0 72.7863476553 0.0
57854.3582176 72.8358662199 0.0 73.0082161404 0.0
57854.3583333 72.6290019551 0.0 72.7721971291 0.0
57854.3604861 72.4257184914 0.0 72.4108182663 0.0
57854.3606019 72.2234644766 0.0 72.317933018 0.0
57854.3607292 73.3217370157 0.0 73.3956685439 0.0
57854.3608449 72.7047030391 0.0 72.6416280999 0.0
57854.3609606 73.9160199551 0.0 73.963792392 0.0
57854.3610764 73.5960433447 0.0 73.5504136494 0.0
57854.3611111 73.5261132728 0.0 73.5330455374 0.0
57854.3612037 73.4446863429 0.0 73.5039730083 0.0
57854.3613194 79.4766083197 0.0 79.6857369609 0.0
57854.3614352 73.5092451737 0.0 73.2337125715 0.0
57854.3615625 77.4562992467 0.0 77.404483449 0.0
57854.3616782 73.9704847152 0.0 74.1446329346 0.0
57854.361794 73.2750067417 0.0 73.3378139707 0.0
57854.3618056 72.9250564484 0.0 73.0044263453 0.0
57854.3619213 72.6362209576 0.0 72.7317734969 0.0
57854.362037 73.1773696439 0.0 73.1420693719 0.0
57854.3621528 73.1222958406 0.0 73.003669668 0.0
57854.3622801 72.3992011973 0.0 72.3799005595 0.0
57854.3623958 72.4394142784 0.0 72.4452101108 0.0
57854.3625 72.4263271884 0.0 72.424647462 0.0
57854.3625116 72.3137163752 0.0 72.3046037746 0.0
57854.3626389 72.3601783994 0.0 72.408225327 0.0
57854.3627546 72.2810618904 0.0 72.3130979146 0.0
57854.3628704 72.080912626 0.0 72.1014362756 0.0
57854.3629977 72.7166800466 0.0 72.6093323478 0.0
57854.3631134 73.1785769744 0.0 73.2483910677 0.0
57854.3631944 73.7330346114 0.0 73.7224326783 0.0
57854.3632292 74.4049333445 0.0 74.310060759 0.0
57854.3633565 72.4012149138 0.0 72.3996707727 0.0
57854.3634722 72.0260337309 0.0 72.0353771768 0.0
57854.363588 72.0491812306 0.0 72.0081907702 0.0
57854.3637153 72.2421745658 0.0 72.2218090815 0.0
57854.363831 72.4666622593 0.0 72.4954127169 0.0
57854.3638889 72.8958008461 0.0 72.9033462126 0.0
57854.3639468 73.2619612964 0.0 73.2476223164 0.0
57854.3640741 73.1276941111 0.0 73.106075199 0.0
57854.3641898 72.1592723079 0.0 72.1872536325 0.0
57854.3643056 72.1575250407 0.0 72.1040624722 0.0
57854.3644329 72.1128827256 0.0 72.0981998874 0.0
57854.3645486 74.1208393638 0.0 74.3082375312 0.0
57854.3645833 73.218283748 0.0 73.3214555161 0.0
