57854.0434838 7.7442236538 0.0 7.7442236538 0.0
57854.0435185 7.56617472703 0.0 7.56617472703 0.0
57854.0435648 7.55235062745 0.0 7.55235062745 0.0
57854.0436227 7.54811234681 0.0 7.54811234681 0.0
57854.0436921 7.56405975651 0.0 7.56405975651 0.0
57854.0437384 7.58913697333 0.0 7.58913697333 0.0
57854.0437731 7.62200760955 0.0 7.62200760955 0.0
57854.043831 7.57911604344 0.0 7.57911604344 0.0
57854.0439005 7.58491924809 0.0 7.58491924809 0.0
57854.0439468 7.55241683172 0.0 7.55241683172 0.0
57854.0439931 7.57845630719 0.0 7.57845630719 0.0
57854.0440394 7.59177186169 0.0 7.59177186169 0.0
57854.0441088 7.69577806333 0.0 7.69577806333 0.0
57854.0441551 7.65924278242 0.0 7.65924278242 0.0
57854.0442014 7.64983659956 0.0 7.64983659956 0.0
57854.0442477 7.63380639 0.0 7.63380639 0.0
57854.0443171 7.59585413235 0.0 7.59585413235 0.0
57854.0443634 7.57079916521 0.0 7.57079916521 0.0
57854.0444097 7.58102895391 0.0 7.58102895391 0.0
57854.044456 7.59401079799 0.0 7.59401079799 0.0
57854.0445255 7.65976500945 0.0 7.65976500945 0.0
57854.0445718 7.67411232652 0.0 7.67411232652 0.0
57854.0446296 7.69532325507 0.0 7.69532325507 0.0
57854.0446644 7.78928751556 0.0 7.78928751556 0.0
57854.0447338 7.75467600871 0.0 7.75467600871 0.0
57854.0447801 7.72987710122 0.0 7.72987710122 0.0
57854.044838 7.7660800923 0.0 7.7660800923 0.0
57854.0448843 7.76376197471 0.0 7.76376197471 0.0
57854.0449537 7.70110381699 0.0 7.70110381699 0.0
57854.045 7.5405570086 0.0 7.5405570086 0.0
57854.0450463 7.56505122256 0.0 7.56505122256 0.0
57854.0450926 7.56518340822 0.0 7.56518340822 0.0
57854.045162 7.5305378294 0.0 7.5305378294 0.0
57854.0452083 7.53823586789 0.0 7.53823586789 0.0
57854.0452546 7.5711954142 0.0 7.5711954142 0.0
57854.0453009 7.58933462169 0.0 7.58933462169 0.0
57854.0453704 7.65754529859 0.0 7.65754529859 0.0
57854.0454167 7.56392755121 0.0 7.56392755121 0.0
57854.045463 7.60999342969 0.0 7.60999342969 0.0
57854.0455093 7.67508957602 0.0 7.67508957602 0.0
57854.0455787 7.67815081904 0.0 7.67815081904 0.0
57854.045625 7.56577821509 0.0 7.56577821509 0.0
57854.0456713 7.59335235584 0.0 7.59335235584 0.0
57854.0457176 7.56736413819 0.0 7.56736413819 0.0
57854.045787 7.53856750318 0.0 7.53856750318 0.0
57854.0458449 7.57766454787 0.0 7.57766454787 0.0
57854.0458912 7.57211991453 0.0 7.57211991453 0.0
57854.0459259 7.60269688992 0.0 7.60269688992 0.0
57854.0459954 7.65826351074 0.0 7.65826351074 0.0
57854.0460532 7.6336098931 0.0 7.6336098931 0.0
57854.0460995 7.71336502442 0.0 7.71336502442 0.0
57854.0461458 7.75364430445 0.0 7.75364430445 0.0
57854.0462153 7.75151598076 0.0 7.75151598076 0.0
57854.0462616 7.56690161162 0.0 7.56690161162 0.0
57854.0463079 7.56531559157 0.0 7.56531559157 0.0
57854.0463542 7.59460334711 0.0 7.59460334711 0.0
57854.0464236 7.67723908707 0.0 7.67723908707 0.0
57854.0464699 7.60966490721 0.0 7.60966490721 0.0
57854.0465162 7.67815081904 0.0 7.67815081904 0.0
57854.0465625 7.71064199662 0.0 7.71064199662 0.0
57854.0466319 7.76041236018 0.0 7.76041236018 0.0
57854.0466782 7.74835466406 0.0 7.74835466406 0.0
57854.0467245 7.7844717226 0.0 7.7844717226 0.0
57854.0467824 7.88549300932 0.0 7.88549300932 0.0
57854.0468519 7.92445581728 0.0 7.92445581728 0.0
57854.0468866 7.65591274767 0.0 7.65591274767 0.0
57854.0469329 7.62240119647 0.0 7.62240119647 0.0
57854.0469907 7.63125153563 0.0 7.63125153563 0.0
57854.0470602 7.65767588763 0.0 7.65767588763 0.0
57854.0471065 7.64434431459 0.0 7.64434431459 0.0
57854.0471412 7.64414808857 0.0 7.64414808857 0.0
57854.0471991 7.71116074272 0.0 7.71116074272 0.0
57854.0472685 7.75241897733 0.0 7.75241897733 0.0
57854.0473148 7.67736934112 0.0 7.67736934112 0.0
57854.0473611 7.80448588954 0.0 7.80448588954 0.0
57854.0474074 7.86072515739 0.0 7.86072515739 0.0
57854.0474769 7.84047192457 0.0 7.84047192457 0.0
57854.0475231 7.62227000309 0.0 7.62227000309 0.0
57854.0475694 7.63164464582 0.0 7.63164464582 0.0
57854.0681366 39.7729807784 0.0 39.7729807784 0.0
57854.0681829 40.9972560057 0.0 40.9972560057 0.0
57854.0682292 40.7816012437 0.0 40.7816012437 0.0
57854.0682755 43.615776962 0.0 43.615776962 0.0
57854.0683449 34.2500364963 0.0 34.2500364963 0.0
57854.0683912 7.85830770586 0.0 7.85830770586 0.0
57854.0684375 8.00805844135 0.0 8.00805844135 0.0
57854.0684838 8.04947203238 0.0 8.04947203238 0.0
57854.0685532 7.86473140037 0.0 7.86473140037 0.0
57854.0685995 7.86860851739 0.0 7.86860851739 0.0
57854.0686458 7.94436907501 0.0 7.94436907501 0.0
57854.0686921 7.86034350394 0.0 7.86034350394 0.0
57854.0687616 7.58116086098 0.0 7.58116086098 0.0
57854.0688079 7.5718557831 0.0 7.5718557831 0.0
57854.0688657 7.59361573955 0.0 7.59361573955 0.0
57854.0689005 7.68290309714 0.0 7.68290309714 0.0
57854.0689699 7.65728411384 0.0 7.65728411384 0.0
57854.0690162 7.52136955614 0.0 7.52136955614 0.0
57854.0690741 7.64669863405 0.0 7.64669863405 0.0
57854.0691204 7.74970967198 0.0 7.74970967198 0.0
57854.0691898 7.60789064064 0.0 7.60789064064 0.0
57854.0692245 7.60710194489 0.0 7.60710194489 0.0
57854.0692824 7.70064932327 0.0 7.70064932327 0.0
57854.0693287 7.68804266377 0.0 7.68804266377 0.0
57854.0693981 7.64846389806 0.0 7.64846389806 0.0
57854.0694444 7.48825747421 0.0 7.48825747421 0.0
57854.0694907 7.5676284264 0.0 7.5676284264 0.0
57854.069537 7.62653263285 0.0 7.62653263285 0.0
57854.0696065 7.61557614367 0.0 7.61557614367 0.0
57854.0696528 7.48491816923 0.0 7.48491816923 0.0
57854.0696991 7.50333259292 0.0 7.50333259292 0.0
57854.0697454 7.47161294501 0.0 7.47161294501 0.0
57854.0698148 7.46665922619 0.0 7.46665922619 0.0
57854.0698611 7.44305044992 0.0 7.44305044992 0.0
57854.0699074 7.52223371081 0.0 7.52223371081 0.0
57854.0699537 7.5547997988 0.0 7.5547997988 0.0
57854.0700231 7.6656376121 0.0 7.6656376121 0.0
57854.070081 7.73931521519 0.0 7.73931521519 0.0
57854.0701157 7.82400153374 0.0 7.82400153374 0.0
57854.070162 7.7325933554 0.0 7.7325933554 0.0
57854.0702315 7.62686042877 0.0 7.62686042877 0.0
57854.0702894 7.62817147159 0.0 7.62817147159 0.0
57854.0703356 7.78704051614 0.0 7.78704051614 0.0
57854.0703704 7.92962798623 0.0 7.92962798623 0.0
57854.0704514 7.71336502442 0.0 7.71336502442 0.0
57854.0704977 7.46270728355 0.0 7.46270728355 0.0
57854.070544 7.48404970587 0.0 7.48404970587 0.0
57854.0705903 7.49886658102 0.0 7.49886658102 0.0
57854.0706597 7.45171121287 0.0 7.45171121287 0.0
57854.070706 7.44895965891 0.0 7.44895965891 0.0
57854.0707523 7.53816953909 0.0 7.53816953909 0.0
57854.0707986 7.61905505952 0.0 7.61905505952 0.0
57854.0708681 7.58162251764 0.0 7.58162251764 0.0
57854.0709144 7.64270894382 0.0 7.64270894382 0.0
57854.0709606 7.71667026638 0.0 7.71667026638 0.0
57854.0710069 7.8682907928 0.0 7.8682907928 0.0
57854.071088 7.80397334696 0.0 7.80397334696 0.0
57854.0711227 7.5890710894 0.0 7.5890710894 0.0
57854.071169 7.70285661297 0.0 7.70285661297 0.0
57854.0712269 7.79788432846 0.0 7.79788432846 0.0
57854.0712963 7.79807668595 0.0 7.79807668595 0.0
57854.0713426 7.60105255869 0.0 7.60105255869 0.0
57854.0713773 7.61459125627 0.0 7.61459125627 0.0
57854.0714352 7.65003267967 0.0 7.65003267967 0.0
57854.0715046 7.68791259055 0.0 7.68791259055 0.0
57854.0715509 7.52389526775 0.0 7.52389526775 0.0
57854.0715972 7.55764513589 0.0 7.55764513589 0.0
57854.0716435 7.60230228286 0.0 7.60230228286 0.0
57854.071713 7.61537917638 0.0 7.61537917638 0.0
57854.0717593 7.5542041275 0.0 7.5542041275 0.0
57854.0718056 7.61557614367 0.0 7.61557614367 0.0
57854.0718519 7.66537670307 0.0 7.66537670307 0.0
57854.0719213 7.66355009118 0.0 7.66355009118 0.0
57854.0719676 7.53810320969 0.0 7.53810320969 0.0
57854.0720139 7.5660425587 0.0 7.5660425587 0.0
57854.0720602 7.65499836708 0.0 7.65499836708 0.0
57854.0721296 7.63838988269 0.0 7.63838988269 0.0
57854.0721759 7.48985981177 0.0 7.48985981177 0.0
57854.0917477 7.86365055175 0.0 7.86365055175 0.0
57854.0917824 7.45526659483 0.0 7.45526659483 0.0
57854.0918287 7.37509321975 0.0 7.37509321975 0.0
57854.0918866 7.3282330749 0.0 7.3282330749 0.0
57854.091956 7.36837838334 0.0 7.36837838334 0.0
57854.0920023 7.43653144954 0.0 7.43653144954 0.0
57854.092037 7.53591401225 0.0 7.53591401225 0.0
57854.0920949 7.75009677359 0.0 7.75009677359 0.0
57854.0921644 8.01336383799 0.0 8.01336383799 0.0
57854.0922106 7.6921388443 0.0 7.6921388443 0.0
57854.0922569 7.76073450132 0.0 7.76073450132 0.0
57854.0923032 7.6489214926 0.0 7.6489214926 0.0
57854.0923727 7.49606563472 0.0 7.49606563472 0.0
57854.092419 7.41390585319 0.0 7.41390585319 0.0
57854.0924653 7.44566988256 0.0 7.44566988256 0.0
57854.0925116 7.5415515645 0.0 7.5415515645 0.0
57854.092581 7.6184644122 0.0 7.6184644122 0.0
57854.0926273 7.38728637593 0.0 7.38728637593 0.0
57854.0926736 7.37380498793 0.0 7.37380498793 0.0
57854.0927199 7.39033152166 0.0 7.39033152166 0.0
57854.0927894 7.34595126583 0.0 7.34595126583 0.0
57854.0928356 7.33355302701 0.0 7.33355302701 0.0
57854.0928935 7.32249957323 0.0 7.32249957323 0.0
57854.0929282 7.31956282848 0.0 7.31956282848 0.0
57854.0929977 7.32393336944 0.0 7.32393336944 0.0
57854.093044 7.45580310899 0.0 7.45580310899 0.0
57854.0931019 7.49959998933 0.0 7.49959998933 0.0
57854.0931481 7.55552777773 0.0 7.55552777773 0.0
57854.0932176 7.53836852376 0.0 7.53836852376 0.0
57854.0932639 7.58511700635 0.0 7.58511700635 0.0
57854.0933102 7.65617397921 0.0 7.65617397921 0.0
57854.0933565 7.58524884233 0.0 7.58524884233 0.0
57854.0934259 7.50886143167 0.0 7.50886143167 0.0
57854.0934722 7.29397011236 0.0 7.29397011236 0.0
57854.0935185 7.34486214983 0.0 7.34486214983 0.0
57854.0935648 7.35309458663 0.0 7.35309458663 0.0
57854.0936343 7.35506628114 0.0 7.35506628114 0.0
57854.0936806 7.36939617608 0.0 7.36939617608 0.0
57854.0937269 7.3862033549 0.0 7.3862033549 0.0
57854.0937731 7.42468854566 0.0 7.42468854566 0.0
57854.0938426 7.39371354598 0.0 7.39371354598 0.0
57854.0938889 7.36226867209 0.0 7.36226867209 0.0
57854.0939352 7.40432306156 0.0 7.40432306156 0.0
57854.0939815 7.44493116154 0.0 7.44493116154 0.0
57854.0940509 7.5053980574 0.0 7.5053980574 0.0
57854.0941088 7.38904594653 0.0 7.38904594653 0.0
57854.0941551 7.37299125186 0.0 7.37299125186 0.0
57854.0941898 7.43007402386 0.0 7.43007402386 0.0
57854.0942593 7.44956374562 0.0 7.44956374562 0.0
57854.0943171 7.31259187976 0.0 7.31259187976 0.0
57854.0943634 7.3311663465 0.0 7.3311663465 0.0
57854.0944097 7.39932429347 0.0 7.39932429347 0.0
57854.0944792 7.36980325382 0.0 7.36980325382 0.0
57854.0945255 7.34152572699 0.0 7.34152572699 0.0
57854.0945718 7.36939617608 0.0 7.36939617608 0.0
57854.0946181 7.39662085009 0.0 7.39662085009 0.0
57854.0946875 7.37326250719 0.0 7.37326250719 0.0
57854.0947338 7.37102435215 0.0 7.37102435215 0.0
57854.0947801 7.44956374562 0.0 7.44956374562 0.0
57854.0948264 7.4468785407 0.0 7.4468785407 0.0
57854.0948958 7.48905868584 0.0 7.48905868584 0.0
57854.0949421 7.35792090199 0.0 7.35792090199 0.0
57854.0949884 7.34717632836 0.0 7.34717632836 0.0
57854.0950463 7.38071812224 0.0 7.38071812224 0.0
57854.0951157 7.34036783819 0.0 7.34036783819 0.0
57854.0951505 7.38667719614 0.0 7.38667719614 0.0
57854.0951968 7.40695618996 0.0 7.40695618996 0.0
57854.0952546 7.44714710476 0.0 7.44714710476 0.0
57854.0953241 7.46310927161 0.0 7.46310927161 0.0
57854.0953704 7.35017006606 0.0 7.35017006606 0.0
57854.0954051 7.3547943547 0.0 7.3547943547 0.0
57854.095463 7.36484894618 0.0 7.36484894618 0.0
57854.0955324 7.36885337078 0.0 7.36885337078 0.0
57854.0955787 7.30520362481 0.0 7.30520362481 0.0
57854.095625 7.33995912795 0.0 7.33995912795 0.0
57854.0956713 7.34588320081 0.0 7.34588320081 0.0
57854.0957407 7.35234656419 0.0 7.35234656419 0.0
57854.095787 7.36484894618 0.0 7.36484894618 0.0
57854.0958333 7.36573146402 0.0 7.36573146402 0.0
57854.116794 44.7218514822 0.0 44.7218514822 0.0
57854.1168287 49.0645289389 0.0 49.0645289389 0.0
57854.1168866 40.8669915702 0.0 40.8669915702 0.0
57854.1169329 37.6360066957 0.0 37.6360066957 0.0
57854.1170023 44.2222455332 0.0 44.2222455332 0.0
57854.1170486 7.63897898937 0.0 7.63897898937 0.0
57854.1170949 7.74841919362 0.0 7.74841919362 0.0
57854.1171412 8.07638533008 0.0 8.07638533008 0.0
57854.1172106 8.43504593941 0.0 8.43504593941 0.0
57854.1172569 8.16859841099 0.0 8.16859841099 0.0
57854.1173032 8.43978672716 0.0 8.43978672716 0.0
57854.1173495 8.37376856618 0.0 8.37376856618 0.0
57854.117419 8.15640852336 0.0 8.15640852336 0.0
57854.1174653 8.61678594373 0.0 8.61678594373 0.0
57854.1175116 8.79556706529 0.0 8.79556706529 0.0
57854.1175579 8.92093044475 0.0 8.92093044475 0.0
57854.1176273 8.3311463797 0.0 8.3311463797 0.0
57854.1176852 7.50466521572 0.0 7.50466521572 0.0
57854.1177199 7.48605370005 0.0 7.48605370005 0.0
57854.1177662 7.54864226202 0.0 7.54864226202 0.0
57854.1178356 7.57858825904 0.0 7.57858825904 0.0
57854.1178935 7.47268358757 0.0 7.47268358757 0.0
57854.1179398 7.51591644445 0.0 7.51591644445 0.0
57854.1179745 7.59374742798 0.0 7.59374742798 0.0
57854.1180556 7.7802956242 0.0 7.7802956242 0.0
57854.1181019 7.66093989012 0.0 7.66093989012 0.0
57854.1181481 7.6156417983 0.0 7.6156417983 0.0
57854.1181944 7.55671886469 0.0 7.55671886469 0.0
57854.1182639 7.54691990152 0.0 7.54691990152 0.0
57854.1183102 7.43491761891 0.0 7.43491761891 0.0
57854.1183565 7.41464766526 0.0 7.41464766526 0.0
57854.1184028 7.48331477355 0.0 7.48331477355 0.0
57854.1184722 7.85130562391 0.0 7.85130562391 0.0
57854.1185185 7.81325796323 0.0 7.81325796323 0.0
57854.1185648 7.75351533177 0.0 7.75351533177 0.0
57854.1186111 7.72599508154 0.0 7.72599508154 0.0
57854.1186806 7.96529974326 0.0 7.96529974326 0.0
57854.1187269 7.58241386367 0.0 7.58241386367 0.0
57854.1187731 7.57271417657 0.0 7.57271417657 0.0
57854.118831 7.59157427679 0.0 7.59157427679 0.0
57854.1189005 7.66994132963 0.0 7.66994132963 0.0
57854.1189468 7.52343006879 0.0 7.52343006879 0.0
57854.1189815 7.63229978447 0.0 7.63229978447 0.0
57854.1190394 7.66511578517 0.0 7.66511578517 0.0
57854.1191088 7.6453907683 0.0 7.6453907683 0.0
57854.1191551 7.51870999574 0.0 7.51870999574 0.0
57854.1192014 7.63577108091 0.0 7.63577108091 0.0
57854.1192477 7.83868611439 0.0 7.83868611439 0.0
57854.1193171 7.77540995704 0.0 7.77540995704 0.0
57854.1193634 7.79172638123 0.0 7.79172638123 0.0
57854.1194097 7.74267395672 0.0 7.74267395672 0.0
57854.119456 7.84614555052 0.0 7.84614555052 0.0
57854.1195255 7.73802300333 0.0 7.73802300333 0.0
57854.1195718 7.51418658272 0.0 7.51418658272 0.0
57854.1196181 7.5305378294 0.0 7.5305378294 0.0
57854.1196644 7.61885818217 0.0 7.61885818217 0.0
57854.1197338 7.69473846209 0.0 7.69473846209 0.0
57854.1197801 7.60032894025 0.0 7.60032894025 0.0
57854.119838 7.78453595277 0.0 7.78453595277 0.0
57854.1198727 7.88327343177 0.0 7.88327343177 0.0
57854.1199421 7.83715509608 0.0 7.83715509608 0.0
57854.1199884 7.54665488809 0.0 7.54665488809 0.0
57854.1200463 7.66250611745 0.0 7.66250611745 0.0
57854.1200926 7.71167945392 0.0 7.71167945392 0.0
57854.120162 7.49786636317 0.0 7.49786636317 0.0
57854.1201968 7.44083328667 0.0 7.44083328667 0.0
57854.1202546 7.51551728093 0.0 7.51551728093 0.0
57854.1203009 7.56934607479 0.0 7.56934607479 0.0
57854.1203704 7.53372417865 0.0 7.53372417865 0.0
57854.1204167 7.49346381856 0.0 7.49346381856 0.0
57854.120463 7.58716020656 0.0 7.58716020656 0.0
57854.1205093 7.64552156494 0.0 7.64552156494 0.0
57854.1205787 7.73718294989 0.0 7.73718294989 0.0
57854.120625 7.61702041483 0.0 7.61702041483 0.0
57854.1206713 7.74402995862 0.0 7.74402995862 0.0
57854.1207176 7.84436103198 0.0 7.84436103198 0.0
57854.120787 8.38462879321 0.0 8.38462879321 0.0
57854.1208333 8.07316542627 0.0 8.07316542627 0.0
57854.1403588 8.66140866141 0.0 8.66140866141 0.0
57854.1403935 7.58439186751 0.0 7.58439186751 0.0
57854.1404398 7.62108916101 0.0 7.62108916101 0.0
57854.1404977 7.74021963513 0.0 7.74021963513 0.0
57854.1405671 7.83460273403 0.0 7.83460273403 0.0
57854.1406134 7.65806764138 0.0 7.65806764138 0.0
57854.1406481 7.72923023334 0.0 7.72923023334 0.0
57854.140706 7.80845695384 0.0 7.80845695384 0.0
57854.1407755 8.00905737275 0.0 8.00905737275 0.0
57854.1408218 7.79570394512 0.0 7.79570394512 0.0
57854.1408681 7.75216098904 0.0 7.75216098904 0.0
57854.1409144 7.76723889165 0.0 7.76723889165 0.0
57854.1409838 7.68029947333 0.0 7.68029947333 0.0
57854.1410301 7.93032155716 0.0 7.93032155716 0.0
57854.1410764 7.8052546403 0.0 7.8052546403 0.0
57854.1411227 7.76987773392 0.0 7.76987773392 0.0
57854.1411921 7.88897965519 0.0 7.88897965519 0.0
57854.1412384 8.08282128962 0.0 8.08282128962 0.0
57854.1412847 8.24378553821 0.0 8.24378553821 0.0
57854.141331 8.1859635963 0.0 8.1859635963 0.0
57854.1414005 8.02115951718 0.0 8.02115951718 0.0
57854.1414468 7.82687677174 0.0 7.82687677174 0.0
57854.1415046 8.01498596381 0.0 8.01498596381 0.0
57854.1415394 8.35828929865 0.0 8.35828929865 0.0
57854.1416088 8.43723888485 0.0 8.43723888485 0.0
57854.1416551 8.05406729547 0.0 8.05406729547 0.0
57854.141713 7.80960946527 0.0 7.80960946527 0.0
57854.1417593 7.75319289067 0.0 7.75319289067 0.0
57854.1418287 7.77586008105 0.0 7.77586008105 0.0
57854.141875 7.64696018036 0.0 7.64696018036 0.0
57854.1419213 7.78838879358 0.0 7.78838879358 0.0
57854.1419676 7.8435323675 0.0 7.8435323675 0.0
57854.142037 7.68394429964 0.0 7.68394429964 0.0
57854.1420833 7.61944879896 0.0 7.61944879896 0.0
57854.1421296 7.67241813251 0.0 7.67241813251 0.0
57854.1421759 7.77540995704 0.0 7.77540995704 0.0
57854.1422454 7.96059043036 0.0 7.96059043036 0.0
57854.1422917 8.05897015753 0.0 8.05897015753 0.0
57854.142338 8.15377213319 0.0 8.15377213319 0.0
57854.1423843 8.1766741405 0.0 8.1766741405 0.0
57854.1424537 7.99187086983 0.0 7.99187086983 0.0
57854.1425 7.58182036189 0.0 7.58182036189 0.0
57854.1425463 7.66322386467 0.0 7.66322386467 0.0
57854.1425926 7.64310146472 0.0 7.64310146472 0.0
57854.142662 7.60874496878 0.0 7.60874496878 0.0
57854.1427199 7.53359144101 0.0 7.53359144101 0.0
57854.1427662 7.59052040377 0.0 7.59052040377 0.0
57854.1428009 7.6638763038 0.0 7.6638763038 0.0
57854.1428704 7.68531066386 0.0 7.68531066386 0.0
57854.1429282 7.98385871618 0.0 7.98385871618 0.0
57854.1429745 7.99061950039 0.0 7.99061950039 0.0
57854.1430208 7.89632826065 0.0 7.89632826065 0.0
57854.1430903 7.64950978822 0.0 7.64950978822 0.0
57854.1431366 7.77521703877 0.0 7.77521703877 0.0
57854.1431829 7.78138805098 0.0 7.78138805098 0.0
57854.1432292 7.75106444303 0.0 7.75106444303 0.0
57854.1432986 8.74454115434 0.0 8.74454115434 0.0
57854.1433449 8.81356908409 0.0 8.81356908409 0.0
57854.1433912 9.49878939655 0.0 9.49878939655 0.0
57854.1434375 9.36957843235 0.0 9.36957843235 0.0
57854.1435069 8.49917643069 0.0 8.49917643069 0.0
57854.1435532 7.75048385586 0.0 7.75048385586 0.0
57854.1435995 7.77148634432 0.0 7.77148634432 0.0
57854.1436574 7.81716060984 0.0 7.81716060984 0.0
57854.1437269 8.0254594884 0.0 8.0254594884 0.0
57854.1437616 7.86682909437 0.0 7.86682909437 0.0
57854.1438079 8.0534464672 0.0 8.0534464672 0.0
57854.1438657 8.1894444256 0.0 8.1894444256 0.0
57854.1439352 8.1963406469 0.0 8.1963406469 0.0
57854.1439815 7.79576808275 0.0 7.79576808275 0.0
57854.1440162 7.65329994186 0.0 7.65329994186 0.0
57854.1440741 7.76434156899 0.0 7.76434156899 0.0
57854.1441435 7.60651036941 0.0 7.60651036941 0.0
57854.1441898 7.6388480807 0.0 7.6388480807 0.0
57854.1442361 7.81370590693 0.0 7.81370590693 0.0
57854.1442824 8.24663567766 0.0 8.24663567766 0.0
57854.1443519 9.07094261915 0.0 9.07094261915 0.0
57854.1443981 8.51674820574 0.0 8.51674820574 0.0
57854.1444444 8.5100528788 0.0 8.5100528788 0.0
57854.1889699 8.57251421696 0.0 8.57251421696 0.0
57854.1890046 8.09833316183 0.0 8.09833316183 0.0
57854.1890509 7.82936779057 0.0 7.82936779057 0.0
57854.1891088 7.67743446732 0.0 7.67743446732 0.0
57854.1891782 7.52754940203 0.0 7.52754940203 0.0
57854.1892245 7.55148991921 0.0 7.55148991921 0.0
57854.1892593 7.61984251806 0.0 7.61984251806 0.0
57854.1893171 7.73731219481 0.0 7.73731219481 0.0
57854.1893866 7.8106337771 0.0 7.8106337771 0.0
57854.1894329 7.63157912886 0.0 7.63157912886 0.0
57854.1894792 7.57555278511 0.0 7.57555278511 0.0
57854.1895255 7.74196357522 0.0 7.74196357522 0.0
57854.1895949 7.57145956867 0.0 7.57145956867 0.0
57854.1896412 7.51438620248 0.0 7.51438620248 0.0
57854.1896875 7.50479846498 0.0 7.50479846498 0.0
57854.1897338 7.49813310098 0.0 7.49813310098 0.0
57854.1898032 7.63085840519 0.0 7.63085840519 0.0
57854.1898495 7.5436065645 0.0 7.5436065645 0.0
57854.1898958 7.72825983 0.0 7.72825983 0.0
57854.1899421 7.91302723362 0.0 7.91302723362 0.0
57854.1900116 8.18168686763 0.0 8.18168686763 0.0
57854.1900579 7.73847530202 0.0 7.73847530202 0.0
57854.1901157 7.88745839926 0.0 7.88745839926 0.0
57854.1901505 8.00843305522 0.0 8.00843305522 0.0
57854.1902199 8.19975609393 0.0 8.19975609393 0.0
57854.1902662 7.81370590693 0.0 7.81370590693 0.0
57854.1903241 7.98323242803 0.0 7.98323242803 0.0
57854.1903704 7.94418025979 0.0 7.94418025979 0.0
57854.1904398 7.6650505543 0.0 7.6650505543 0.0
57854.1904861 7.68108065314 0.0 7.68108065314 0.0
57854.1905324 7.77656736613 0.0 7.77656736613 0.0
57854.1905787 7.74861277907 0.0 7.74861277907 0.0
57854.1906481 8.16706801735 0.0 8.16706801735 0.0
57854.1906944 8.24190511957 0.0 8.24190511957 0.0
57854.1907407 8.32237946744 0.0 8.32237946744 0.0
57854.190787 8.1859635963 0.0 8.1859635963 0.0
57854.1908565 7.96555082841 0.0 7.96555082841 0.0
57854.1909028 8.39892850309 0.0 8.39892850309 0.0
57854.1909491 8.03598158286 0.0 8.03598158286 0.0
57854.1909954 8.13086711243 0.0 8.13086711243 0.0
57854.1910648 8.55517387316 0.0 8.55517387316 0.0
57854.1911111 8.16498622167 0.0 8.16498622167 0.0
57854.1911574 8.21102916814 0.0 8.21102916814 0.0
57854.1912037 8.24196578493 0.0 8.24196578493 0.0
57854.1912731 8.19237450316 0.0 8.19237450316 0.0
57854.191331 7.66511578517 0.0 7.66511578517 0.0
57854.1913773 7.93341036377 0.0 7.93341036377 0.0
57854.191412 8.14352503527 0.0 8.14352503527 0.0
57854.1914815 8.04816749329 0.0 8.04816749329 0.0
57854.1915394 7.90790743497 0.0 7.90790743497 0.0
57854.1915856 8.28275316546 0.0 8.28275316546 0.0
57854.1916319 8.70723836816 0.0 8.70723836816 0.0
57854.1917014 8.27200096712 0.0 8.27200096712 0.0
57854.1917477 7.85582586365 0.0 7.85582586365 0.0
57854.191794 7.86409562505 0.0 7.86409562505 0.0
57854.1918403 7.92338311582 0.0 7.92338311582 0.0
57854.1919097 7.91479627028 0.0 7.91479627028 0.0
57854.191956 7.75835034012 0.0 7.75835034012 0.0
57854.1920023 7.90632658066 0.0 7.90632658066 0.0
57854.1920486 7.83402833796 0.0 7.83402833796 0.0
57854.1921181 7.70700979628 0.0 7.70700979628 0.0
57854.1921644 7.50966044505 0.0 7.50966044505 0.0
57854.1922106 7.50806233325 0.0 7.50806233325 0.0
57854.1922685 7.48899192148 0.0 7.48899192148 0.0
57854.192338 7.44573703538 0.0 7.44573703538 0.0
57854.1923727 7.46853399269 0.0 7.46853399269 0.0
57854.192419 7.61045333735 0.0 7.61045333735 0.0
57854.1924769 7.73640743498 0.0 7.73640743498 0.0
57854.1925463 7.67717395921 0.0 7.67717395921 0.0
57854.1925926 7.4983998293 0.0 7.4983998293 0.0
57854.1926273 7.55612334468 0.0 7.55612334468 0.0
57854.1926852 7.59499835418 0.0 7.59499835418 0.0
57854.1927546 7.52688514593 0.0 7.52688514593 0.0
57854.1928009 7.49793304851 0.0 7.49793304851 0.0
57854.1928472 7.56776056704 0.0 7.56776056704 0.0
57854.1928935 7.59111322534 0.0 7.59111322534 0.0
57854.192963 7.75835034012 0.0 7.75835034012 0.0
57854.1930093 7.70240222268 0.0 7.70240222268 0.0
57854.1930556 7.77618158224 0.0 7.77618158224 0.0
57854.218831 7.42623727065 0.0 7.42623727065 0.0
57854.2188657 7.34731243381 0.0 7.34731243381 0.0
57854.218912 7.33914163918 0.0 7.33914163918 0.0
57854.2189699 7.35465838772 0.0 7.35465838772 0.0
57854.2190394 7.36138573911 0.0 7.36138573911 0.0
57854.2190856 7.29033606907 0.0 7.29033606907 0.0
57854.2191204 7.32222643736 0.0 7.32222643736 0.0
57854.2191782 7.35758112426 0.0 7.35758112426 0.0
57854.2192477 7.41498482804 0.0 7.41498482804 0.0
57854.219294 7.33552997404 0.0 7.33552997404 0.0
57854.2193403 7.31696658459 0.0 7.31696658459 0.0
57854.2193866 7.35085029095 0.0 7.35085029095 0.0
57854.219456 7.30506673481 0.0 7.30506673481 0.0
57854.2195023 7.38186968186 0.0 7.38186968186 0.0
57854.2195486 7.44922814794 0.0 7.44922814794 0.0
57854.2195949 7.49553200247 0.0 7.49553200247 0.0
57854.2196644 7.36620662214 0.0 7.36620662214 0.0
57854.2197106 7.31532637686 0.0 7.31532637686 0.0
57854.2197569 7.32434297395 0.0 7.32434297395 0.0
57854.2198032 7.41451279586 0.0 7.41451279586 0.0
57854.2198727 7.41356864135 0.0 7.41356864135 0.0
57854.219919 7.37827893211 0.0 7.37827893211 0.0
57854.2199769 7.37360156233 0.0 7.37360156233 0.0
57854.2200116 7.42253326028 0.0 7.42253326028 0.0
57854.220081 7.34084463805 0.0 7.34084463805 0.0
57854.2201273 7.32236300657 0.0 7.32236300657 0.0
57854.2201852 7.30780404773 0.0 7.30780404773 0.0
57854.2202315 7.38803086079 0.0 7.38803086079 0.0
57854.2203009 7.46083105291 0.0 7.46083105291 0.0
57854.2203472 7.33293938336 0.0 7.33293938336 0.0
57854.2203935 7.31252350424 0.0 7.31252350424 0.0
57854.2204398 7.2806593108 0.0 7.2806593108 0.0
57854.2205093 7.27151978612 0.0 7.27151978612 0.0
57854.2205556 7.25885665928 0.0 7.25885665928 0.0
57854.2206019 7.25548068704 0.0 7.25548068704 0.0
57854.2206481 7.26188680716 0.0 7.26188680716 0.0
57854.2207176 7.27956042629 0.0 7.27956042629 0.0
57854.2207639 7.25816781289 0.0 7.25816781289 0.0
57854.2208102 7.24644740545 0.0 7.24644740545 0.0
57854.2208565 7.25382657637 0.0 7.25382657637 0.0
57854.2209259 7.32072400791 0.0 7.32072400791 0.0
57854.2209722 7.29664306377 0.0 7.29664306377 0.0
57854.2210185 7.29294179327 0.0 7.29294179327 0.0
57854.2210648 7.27268863626 0.0 7.27268863626 0.0
57854.2211343 7.27784308707 0.0 7.27784308707 0.0
57854.2211921 7.25265468639 0.0 7.25265468639 0.0
57854.2212384 7.2915019029 0.0 7.2915019029 0.0
57854.2212731 7.33525732337 0.0 7.33525732337 0.0
57854.2213426 7.30136973451 0.0 7.30136973451 0.0
57854.2214005 7.28841546566 0.0 7.28841546566 0.0
57854.2214468 7.30985635974 0.0 7.30985635974 0.0
57854.2214931 7.33389391797 0.0 7.33389391797 0.0
57854.2215625 7.31368580129 0.0 7.31368580129 0.0
57854.2216088 7.36858195313 0.0 7.36858195313 0.0
57854.2216551 7.31799152773 0.0 7.31799152773 0.0
57854.2217014 7.33280301113 0.0 7.33280301113 0.0
57854.2217708 7.34513444397 0.0 7.34513444397 0.0
57854.2218171 7.29444994499 0.0 7.29444994499 0.0
57854.2218634 7.35057820855 0.0 7.35057820855 0.0
57854.2219097 7.3789565658 0.0 7.3789565658 0.0
57854.2219792 7.36674962246 0.0 7.36674962246 0.0
57854.2220255 7.4041880041 0.0 7.4041880041 0.0
57854.2220718 7.37827893211 0.0 7.37827893211 0.0
57854.2221296 7.44566988256 0.0 7.44566988256 0.0
57854.2221991 7.3626082335 0.0 7.3626082335 0.0
57854.2222338 7.26691131087 0.0 7.26691131087 0.0
57854.2222801 7.28786662886 0.0 7.28786662886 0.0
57854.222338 7.32181671445 0.0 7.32181671445 0.0
57854.2224074 7.40216184638 0.0 7.40216184638 0.0
57854.2224537 7.31805985217 0.0 7.31805985217 0.0
57854.2224884 7.33907351101 0.0 7.33907351101 0.0
57854.2225463 7.31389089336 0.0 7.31389089336 0.0
57854.2226157 7.35574605326 0.0 7.35574605326 0.0
57854.222662 7.38512017505 0.0 7.38512017505 0.0
57854.2227083 7.44916102659 0.0 7.44916102659 0.0
57854.2227546 7.41538940313 0.0 7.41538940313 0.0
57854.2228241 7.40796868244 0.0 7.40796868244 0.0
57854.2228704 7.30013698502 0.0 7.30013698502 0.0
57854.2229167 7.37373718002 0.0 7.37373718002 0.0
57854.225081 7.33805151249 0.0 7.33805151249 0.0
57854.2251157 7.28251330243 0.0 7.28251330243 0.0
57854.225162 7.27461339179 0.0 7.27461339179 0.0
57854.2252199 7.2877294132 0.0 7.2877294132 0.0
57854.2252894 7.26642965974 0.0 7.26642965974 0.0
57854.2253356 7.3175815677 0.0 7.3175815677 0.0
57854.2253704 7.36912477843 0.0 7.36912477843 0.0
57854.2254282 7.45459589783 0.0 7.45459589783 0.0
57854.2254977 7.43760714209 0.0 7.43760714209 0.0
57854.225544 7.3274142779 0.0 7.3274142779 0.0
57854.2255903 7.36939617608 0.0 7.36939617608 0.0
57854.2256366 7.38444310696 0.0 7.38444310696 0.0
57854.225706 7.38044714093 0.0 7.38044714093 0.0
57854.2257523 7.4019592001 0.0 7.4019592001 0.0
57854.2257986 7.45861917516 0.0 7.45861917516 0.0
57854.2258449 7.5443356235 0.0 7.5443356235 0.0
57854.2259144 7.65434517121 0.0 7.65434517121 0.0
57854.2259606 7.42421713045 0.0 7.42421713045 0.0
57854.2260069 7.51518462847 0.0 7.51518462847 0.0
57854.2260532 7.54638986536 0.0 7.54638986536 0.0
57854.2261227 7.52841284734 0.0 7.52841284734 0.0
57854.226169 7.39763475714 0.0 7.39763475714 0.0
57854.2262269 7.4267758819 0.0 7.4267758819 0.0
57854.2262616 7.44237865202 0.0 7.44237865202 0.0
57854.226331 7.52117012173 0.0 7.52117012173 0.0
57854.2263773 7.36966756374 0.0 7.36966756374 0.0
57854.2264352 7.44573703538 0.0 7.44573703538 0.0
57854.2264815 7.49993333304 0.0 7.49993333304 0.0
57854.2265509 7.48404970587 0.0 7.48404970587 0.0
57854.2265972 7.39405166333 0.0 7.39405166333 0.0
57854.2266435 7.34493022431 0.0 7.34493022431 0.0
57854.2266898 7.39357829471 0.0 7.39357829471 0.0
57854.2267593 7.42839148134 0.0 7.42839148134 0.0
57854.2268056 7.28910145354 0.0 7.28910145354 0.0
57854.2268519 7.30869345369 0.0 7.30869345369 0.0
57854.2268981 7.31252350424 0.0 7.31252350424 0.0
57854.2269676 7.31587315363 0.0 7.31587315363 0.0
57854.2270139 7.33389391797 0.0 7.33389391797 0.0
57854.2270602 7.39195508644 0.0 7.39195508644 0.0
57854.2271065 7.48551935406 0.0 7.48551935406 0.0
57854.2271759 7.64584854676 0.0 7.64584854676 0.0
57854.2272222 7.54214823509 0.0 7.54214823509 0.0
57854.2272685 7.5548659816 0.0 7.5548659816 0.0
57854.2273148 7.50586437394 0.0 7.50586437394 0.0
57854.2273843 7.43518661501 0.0 7.43518661501 0.0
57854.2274421 7.39506592263 0.0 7.39506592263 0.0
57854.2274884 7.46853399269 0.0 7.46853399269 0.0
57854.2275231 7.46170221866 0.0 7.46170221866 0.0
57854.2275926 7.5149184959 0.0 7.5149184959 0.0
57854.2276505 7.34479407472 0.0 7.34479407472 0.0
57854.2276968 7.40911600665 0.0 7.40911600665 0.0
57854.2277431 7.43256348779 0.0 7.43256348779 0.0
57854.2278125 7.35995923902 0.0 7.35995923902 0.0
57854.2278588 7.34751658726 0.0 7.34751658726 0.0
57854.2279051 7.38322422794 0.0 7.38322422794 0.0
57854.2279514 7.35608591576 0.0 7.35608591576 0.0
57854.2280208 7.35023809138 0.0 7.35023809138 0.0
57854.2280671 7.33321212021 0.0 7.33321212021 0.0
57854.2281134 7.37387279521 0.0 7.37387279521 0.0
57854.2281597 7.47469062905 0.0 7.47469062905 0.0
57854.2282292 7.50133321484 0.0 7.50133321484 0.0
57854.2282755 7.3292564425 0.0 7.3292564425 0.0
57854.2283218 7.30910391225 0.0 7.30910391225 0.0
57854.2283796 7.31019835572 0.0 7.31019835572 0.0
57854.2284491 7.28141469771 0.0 7.28141469771 0.0
57854.2284838 7.28642573557 0.0 7.28642573557 0.0
57854.2285301 7.28868986856 0.0 7.28868986856 0.0
57854.228588 7.25258574579 0.0 7.25258574579 0.0
57854.2286574 7.24272048335 0.0 7.24272048335 0.0
57854.2287037 7.23747193432 0.0 7.23747193432 0.0
57854.2287384 7.26477804203 0.0 7.26477804203 0.0
57854.2287963 7.35425047167 0.0 7.35425047167 0.0
57854.2288657 7.34772073503 0.0 7.34772073503 0.0
57854.228912 7.33846032898 0.0 7.33846032898 0.0
57854.2289583 7.33143914931 0.0 7.33143914931 0.0
57854.2290046 7.33546181232 0.0 7.33546181232 0.0
57854.2290741 7.36063855926 0.0 7.36063855926 0.0
57854.2291204 7.35703744723 0.0 7.35703744723 0.0
57854.2291667 7.3780078612 0.0 7.3780078612 0.0
57854.2403588 7.52236664887 0.0 7.52236664887 0.0
57854.2403935 7.43337070245 0.0 7.43337070245 0.0
57854.2404398 7.39864852524 0.0 7.39864852524 0.0
57854.2404977 7.37183830533 0.0 7.37183830533 0.0
57854.2405671 7.39702642959 0.0 7.39702642959 0.0
57854.2406134 7.38491706115 0.0 7.38491706115 0.0
57854.2406481 7.3535705613 0.0 7.3535705613 0.0
57854.240706 7.37780455149 0.0 7.37780455149 0.0
57854.2407755 7.3993918669 0.0 7.3993918669 0.0
57854.2408218 7.36172534125 0.0 7.36172534125 0.0
57854.2408681 7.35642576256 0.0 7.35642576256 0.0
57854.2409144 7.3769912566 0.0 7.3769912566 0.0
57854.2409838 7.41707489513 0.0 7.41707489513 0.0
57854.2410301 7.40742870367 0.0 7.40742870367 0.0
57854.2410764 7.42522726925 0.0 7.42522726925 0.0
57854.2411227 7.41444536024 0.0 7.41444536024 0.0
57854.2411921 7.43774159271 0.0 7.43774159271 0.0
57854.2412384 7.35003401353 0.0 7.35003401353 0.0
57854.2412847 7.36844624056 0.0 7.36844624056 0.0
57854.241331 7.41518711834 0.0 7.41518711834 0.0
57854.2414005 7.49699939976 0.0 7.49699939976 0.0
57854.2414468 7.46103210019 0.0 7.46103210019 0.0
57854.2415046 7.52436043794 0.0 7.52436043794 0.0
57854.2415394 7.57238403675 0.0 7.57238403675 0.0
57854.2416088 7.46063000021 0.0 7.46063000021 0.0
57854.2416551 7.38275016508 0.0 7.38275016508 0.0
57854.241713 7.39891883994 0.0 7.39891883994 0.0
57854.2417593 7.44083328667 0.0 7.44083328667 0.0
57854.2418287 7.44224428516 0.0 7.44224428516 0.0
57854.241875 7.34826510137 0.0 7.34826510137 0.0
57854.2419213 7.3580568087 0.0 7.3580568087 0.0
57854.2419676 7.39168451708 0.0 7.39168451708 0.0
57854.242037 7.38789550549 0.0 7.38789550549 0.0
57854.2420833 7.3547943547 0.0 7.3547943547 0.0
57854.2421296 7.35730929077 0.0 7.35730929077 0.0
57854.2421759 7.38674488527 0.0 7.38674488527 0.0
57854.2422454 7.52097068203 0.0 7.52097068203 0.0
57854.2422917 7.51152447909 0.0 7.51152447909 0.0
57854.242338 7.54387168502 0.0 7.54387168502 0.0
57854.2423843 7.59236458556 0.0 7.59236458556 0.0
57854.2424537 7.53790421802 0.0 7.53790421802 0.0
57854.2425 7.51312185446 0.0 7.51312185446 0.0
57854.2425463 7.56227479004 0.0 7.56227479004 0.0
57854.2425926 7.54526341488 0.0 7.54526341488 0.0
57854.242662 7.42643925445 0.0 7.42643925445 0.0
57854.2427199 7.41828821225 0.0 7.41828821225 0.0
57854.2427662 7.42381303644 0.0 7.42381303644 0.0
57854.2428009 7.39087274955 0.0 7.39087274955 0.0
57854.2428704 7.37054950462 0.0 7.37054950462 0.0
57854.2429282 7.47997326198 0.0 7.47997326198 0.0
57854.2429745 7.5314009321 0.0 7.5314009321 0.0
57854.2430208 7.601973428 0.0 7.601973428 0.0
57854.2430903 7.44116926296 0.0 7.44116926296 0.0
57854.2431366 7.38214061096 0.0 7.38214061096 0.0
57854.2431829 7.38979025413 0.0 7.38979025413 0.0
57854.2432292 7.38268243933 0.0 7.38268243933 0.0
57854.2432986 7.39209036741 0.0 7.39209036741 0.0
57854.2433449 7.35846451374 0.0 7.35846451374 0.0
57854.2433912 7.40742870367 0.0 7.40742870367 0.0
57854.2434375 7.39844578273 0.0 7.39844578273 0.0
57854.2435069 7.39797269527 0.0 7.39797269527 0.0
57854.2435532 7.41956872062 0.0 7.41956872062 0.0
57854.2435995 7.45788173679 0.0 7.45788173679 0.0
57854.2436574 7.49286327114 0.0 7.49286327114 0.0
57854.2437269 7.47194753729 0.0 7.47194753729 0.0
57854.2437616 7.3415938324 0.0 7.3415938324 0.0
57854.2438079 7.35574605326 0.0 7.35574605326 0.0
57854.2438657 7.35037414014 0.0 7.35037414014 0.0
57854.2439352 7.36104612131 0.0 7.36104612131 0.0
57854.2439815 7.33784709571 0.0 7.33784709571 0.0
57854.2440162 7.37522881001 0.0 7.37522881001 0.0
57854.2440741 7.37305906663 0.0 7.37305906663 0.0
57854.2441435 7.36328730935 0.0 7.36328730935 0.0
57854.2441898 7.35493031918 0.0 7.35493031918 0.0
57854.2442361 7.41633332584 0.0 7.41633332584 0.0
57854.2442824 7.40992577561 0.0 7.40992577561 0.0
57854.2443519 7.43626250209 0.0 7.43626250209 0.0
57854.2443981 7.38119231561 0.0 7.38119231561 0.0
57854.2444444 0.225831795813 0.0 0.225831795813 0.0
57854.2466088 7.42603528136 0.0 7.42603528136 0.0
57854.2466435 7.33109814421 0.0 7.33109814421 0.0
57854.2466898 7.31846978541 0.0 7.31846978541 0.0
57854.2467477 7.3343029662 0.0 7.3343029662 0.0
57854.2468171 7.32495733776 0.0 7.32495733776 0.0
57854.2468634 7.29732827821 0.0 7.29732827821 0.0
57854.2468981 7.30280767924 0.0 7.30280767924 0.0
57854.246956 7.3026022759 0.0 7.3026022759 0.0
57854.2470255 7.29965752621 0.0 7.29965752621 0.0
57854.2470718 7.32120208709 0.0 7.32120208709 0.0
57854.2471181 7.35282258728 0.0 7.35282258728 0.0
57854.2471644 7.37197395546 0.0 7.37197395546 0.0
57854.2472338 7.41741194757 0.0 7.41741194757 0.0
57854.2472801 7.32304581441 0.0 7.32304581441 0.0
57854.2473264 7.3257081569 0.0 7.3257081569 0.0
57854.2473727 7.3714991691 0.0 7.3714991691 0.0
57854.2474421 7.39303726489 0.0 7.39303726489 0.0
57854.2474884 7.3366204754 0.0 7.3366204754 0.0
57854.2475347 7.37305906663 0.0 7.37305906663 0.0
57854.247581 7.43888432495 0.0 7.43888432495 0.0
57854.2476505 7.37251653101 0.0 7.37251653101 0.0
57854.2476968 7.31286537549 0.0 7.31286537549 0.0
57854.2477546 7.30431379392 0.0 7.30431379392 0.0
57854.2477894 7.3347801603 0.0 7.3347801603 0.0
57854.2478588 7.37109218502 0.0 7.37109218502 0.0
57854.2479051 7.39405166333 0.0 7.39405166333 0.0
57854.247963 7.38227607178 0.0 7.38227607178 0.0
57854.2480093 7.35506628114 0.0 7.35506628114 0.0
57854.2480787 7.32236300657 0.0 7.32236300657 0.0
57854.248125 7.32051910728 0.0 7.32051910728 0.0
57854.2481713 7.33573445539 0.0 7.33573445539 0.0
57854.2482176 7.35411449462 0.0 7.35411449462 0.0
57854.248287 7.33580261457 0.0 7.33580261457 0.0
57854.2483333 7.31853810539 0.0 7.31853810539 0.0
57854.2483796 7.31115585937 0.0 7.31115585937 0.0
57854.2484259 7.32270441845 0.0 7.32270441845 0.0
57854.2484954 7.33580261457 0.0 7.33580261457 0.0
57854.2485417 7.31887969569 0.0 7.31887969569 0.0
57854.248588 7.36410211771 0.0 7.36410211771 0.0
57854.2486343 7.41201726927 0.0 7.41201726927 0.0
57854.2487037 7.41828821225 0.0 7.41828821225 0.0
57854.24875 7.38132779383 0.0 7.38132779383 0.0
57854.2487963 7.37773678034 0.0 7.37773678034 0.0
57854.2488426 7.37685569874 0.0 7.37685569874 0.0
57854.248912 7.43975806058 0.0 7.43975806058 0.0
57854.2489699 7.33096173773 0.0 7.33096173773 0.0
57854.2490162 7.34418137031 0.0 7.34418137031 0.0
57854.2490509 7.31867474342 0.0 7.31867474342 0.0
57854.2491204 7.40405294417 0.0 7.40405294417 0.0
57854.2491782 7.45365682065 0.0 7.45365682065 0.0
57854.2492245 7.4908610987 0.0 7.4908610987 0.0
57854.2492708 7.63262733271 0.0 7.63262733271 0.0
57854.2493403 7.54029177154 0.0 7.54029177154 0.0
57854.2493866 7.37143133998 0.0 7.37143133998 0.0
57854.2494329 7.37543219073 0.0 7.37543219073 0.0
57854.2494792 7.37014246809 0.0 7.37014246809 0.0
57854.2495486 7.38552638611 0.0 7.38552638611 0.0
57854.2495949 7.34438561079 0.0 7.34438561079 0.0
57854.2496412 7.34642770331 0.0 7.34642770331 0.0
57854.2496875 7.40168899644 0.0 7.40168899644 0.0
57854.2497569 7.36165742208 0.0 7.36165742208 0.0
57854.2498032 7.32680012011 0.0 7.32680012011 0.0
57854.2498495 7.336143401 0.0 7.336143401 0.0
57854.2499074 7.35044216357 0.0 7.35044216357 0.0
57854.2499769 7.3810568349 0.0 7.3810568349 0.0
57854.2500116 7.36702110761 0.0 7.36702110761 0.0
57854.2500579 7.37909208507 0.0 7.37909208507 0.0
57854.2501157 7.36050270022 0.0 7.36050270022 0.0
57854.2501852 7.47428926387 0.0 7.47428926387 0.0
57854.2502315 7.35995923902 0.0 7.35995923902 0.0
57854.2502662 7.33702937162 0.0 7.33702937162 0.0
57854.2503241 7.36124989387 0.0 7.36124989387 0.0
57854.2503935 7.34390904083 0.0 7.34390904083 0.0
57854.2504398 7.33818778719 0.0 7.33818778719 0.0
57854.2504861 7.33941414556 0.0 7.33941414556 0.0
57854.2505324 7.41397329372 0.0 7.41397329372 0.0
57854.2506019 7.41788379526 0.0 7.41788379526 0.0
57854.2506481 7.36002717386 0.0 7.36002717386 0.0
57854.2506944 7.36939617608 0.0 7.36939617608 0.0
57854.2639699 7.80025640604 0.0 7.80025640604 0.0
57854.2640046 7.56141521145 0.0 7.56141521145 0.0
57854.2640509 7.56260537117 0.0 7.56260537117 0.0
57854.2641088 7.59697308143 0.0 7.59697308143 0.0
57854.2641782 7.58129276575 0.0 7.58129276575 0.0
57854.2642245 7.40776619501 0.0 7.40776619501 0.0
57854.2642593 7.7620229322 0.0 7.7620229322 0.0
57854.2643171 7.46659226153 0.0 7.46659226153 0.0
57854.2643866 7.48685514752 0.0 7.48685514752 0.0
57854.2644329 7.54665488809 0.0 7.54665488809 0.0
57854.2644792 7.60749630299 0.0 7.60749630299 0.0
57854.2645255 7.68147121325 0.0 7.68147121325 0.0
57854.2645949 7.84040815264 0.0 7.84040815264 0.0
57854.2646412 7.96140691084 0.0 7.96140691084 0.0
57854.2646875 7.43727100488 0.0 7.43727100488 0.0
57854.2647338 7.75551416735 0.0 7.75551416735 0.0
57854.2648032 7.465319819 0.0 7.465319819 0.0
57854.2648495 7.4004053943 0.0 7.4004053943 0.0
57854.2648958 7.72256434094 0.0 7.72256434094 0.0
57854.2649421 7.40297237601 0.0 7.40297237601 0.0
57854.2650116 7.36824266701 0.0 7.36824266701 0.0
57854.2650579 7.40607858451 0.0 7.40607858451 0.0
57854.2651157 7.45070466466 0.0 7.45070466466 0.0
57854.2651505 7.45855213832 0.0 7.45855213832 0.0
57854.2652199 7.42367833355 0.0 7.42367833355 0.0
57854.2652662 7.39553919603 0.0 7.39553919603 0.0
57854.2653241 7.40803617702 0.0 7.40803617702 0.0
57854.2653704 7.42987213887 0.0 7.42987213887 0.0
57854.2654398 7.43552284644 0.0 7.43552284644 0.0
57854.2654861 7.38715100699 0.0 7.38715100699 0.0
57854.2655324 7.39269910114 0.0 7.39269910114 0.0
57854.2655787 7.4203773489 0.0 7.4203773489 0.0
57854.2656481 7.4048632668 0.0 7.4048632668 0.0
57854.2656944 7.61715169863 0.0 7.61715169863 0.0
57854.2657407 7.37638122659 0.0 7.37638122659 0.0
57854.265787 7.64251267582 0.0 7.64251267582 0.0
57854.2658565 7.39506592263 0.0 7.39506592263 0.0
57854.2659028 7.37990514844 0.0 7.37990514844 0.0
57854.2659491 7.38613566082 0.0 7.38613566082 0.0
57854.2659954 7.65545557103 0.0 7.65545557103 0.0
57854.2660648 7.41754676426 0.0 7.41754676426 0.0
57854.2661111 7.48485136793 0.0 7.48485136793 0.0
57854.2661574 8.27665391327 0.0 8.27665391327 0.0
57854.2662037 7.84582691627 0.0 7.84582691627 0.0
57854.2662731 7.85079613797 0.0 7.85079613797 0.0
57854.266331 7.54917214004 0.0 7.54917214004 0.0
57854.2663773 7.51219009344 0.0 7.51219009344 0.0
57854.266412 7.74021963513 0.0 7.74021963513 0.0
57854.2664815 7.47997326198 0.0 7.47997326198 0.0
57854.2665394 7.48458415679 0.0 7.48458415679 0.0
57854.2665856 7.46960507658 0.0 7.46960507658 0.0
57854.2666319 7.44096767901 0.0 7.44096767901 0.0
57854.2667014 7.65094765372 0.0 7.65094765372 0.0
57854.2667477 7.40945342114 0.0 7.40945342114 0.0
57854.266794 7.68160139554 0.0 7.68160139554 0.0
57854.2668403 7.42051211171 0.0 7.42051211171 0.0
57854.2669097 7.36430580571 0.0 7.36430580571 0.0
57854.266956 7.68966839337 0.0 7.68966839337 0.0
57854.2670023 7.68823776948 0.0 7.68823776948 0.0
57854.2670486 7.41289417164 0.0 7.41289417164 0.0
57854.2671181 7.37821116532 0.0 7.37821116532 0.0
57854.2671644 7.72204636091 0.0 7.72204636091 0.0
57854.2672106 7.47074293494 0.0 7.47074293494 0.0
57854.2672685 7.45372390151 0.0 7.45372390151 0.0
57854.267338 7.45613841073 0.0 7.45613841073 0.0
57854.2673727 7.48090903567 0.0 7.48090903567 0.0
57854.267419 7.53856750318 0.0 7.53856750318 0.0
57854.2674769 7.51305530394 0.0 7.51305530394 0.0
57854.2675463 7.51431966315 0.0 7.51431966315 0.0
57854.2675926 7.66485485838 0.0 7.66485485838 0.0
57854.2676273 7.44989932818 0.0 7.44989932818 0.0
57854.2676852 7.46719492179 0.0 7.46719492179 0.0
57854.2677546 7.74609579078 0.0 7.74609579078 0.0
57854.2678009 7.40594355906 0.0 7.40594355906 0.0
57854.2678472 7.45110730026 0.0 7.45110730026 0.0
57854.2678935 7.49039384812 0.0 7.49039384812 0.0
57854.267963 7.47689775241 0.0 7.47689775241 0.0
57854.2680093 7.45392514049 0.0 7.45392514049 0.0
57854.2680556 1.08305124532 0.0 1.08305124532 0.0
57854.2702199 7.62764708151 0.0 7.62764708151 0.0
57854.2702546 7.57832435305 0.0 7.57832435305 0.0
57854.2703009 7.56101844992 0.0 7.56101844992 0.0
57854.2703588 7.55433650296 0.0 7.55433650296 0.0
57854.2704282 7.72903616242 0.0 7.72903616242 0.0
57854.2704745 7.47281740711 0.0 7.47281740711 0.0
57854.2705093 7.5789181286 0.0 7.5789181286 0.0
57854.2705671 7.57588278684 0.0 7.57588278684 0.0
57854.2706366 7.64656785754 0.0 7.64656785754 0.0
57854.2706829 8.00231216587 0.0 8.00231216587 0.0
57854.2707292 7.97326783697 0.0 7.97326783697 0.0
57854.2707755 7.51784543603 0.0 7.51784543603 0.0
57854.2708449 7.53246307658 0.0 7.53246307658 0.0
57854.2708912 7.49072760151 0.0 7.49072760151 0.0
57854.2709375 7.49179551243 0.0 7.49179551243 0.0
57854.2709838 7.4412364564 0.0 7.4412364564 0.0
57854.2710532 7.46042894209 0.0 7.46042894209 0.0
57854.2710995 7.51704729265 0.0 7.51704729265 0.0
57854.2711458 7.48411651433 0.0 7.48411651433 0.0
57854.2711921 7.44446102817 0.0 7.44446102817 0.0
57854.2712616 7.43148706518 0.0 7.43148706518 0.0
57854.2713079 7.51418658272 0.0 7.51418658272 0.0
57854.2713657 7.54122006044 0.0 7.54122006044 0.0
57854.2714005 7.56683553409 0.0 7.56683553409 0.0
57854.2714699 7.61071612925 0.0 7.61071612925 0.0
57854.2715162 7.6852456044 0.0 7.6852456044 0.0
57854.2715741 7.61793935392 0.0 7.61793935392 0.0
57854.2716204 7.87895932214 0.0 7.87895932214 0.0
57854.2716898 7.58010554016 0.0 7.58010554016 0.0
57854.2717361 7.93347338812 0.0 7.93347338812 0.0
57854.2717824 7.54950329492 0.0 7.54950329492 0.0
57854.2718287 7.57845630719 0.0 7.57845630719 0.0
57854.2718981 7.80371706304 0.0 7.80371706304 0.0
57854.2719444 7.55949733779 0.0 7.55949733779 0.0
57854.2719907 7.9470120171 0.0 7.9470120171 0.0
57854.272037 7.96755922476 0.0 7.96755922476 0.0
57854.2721065 7.815689349 0.0 7.815689349 0.0
57854.2721528 7.45841806283 0.0 7.45841806283 0.0
57854.2721991 7.67626211121 0.0 7.67626211121 0.0
57854.2722454 7.65055553538 0.0 7.65055553538 0.0
57854.2723148 7.50013333215 0.0 7.50013333215 0.0
57854.2723611 7.66576806328 0.0 7.66576806328 0.0
57854.2724074 7.47997326198 0.0 7.47997326198 0.0
57854.2724537 7.81978260567 0.0 7.81978260567 0.0
57854.2725231 7.50679692013 0.0 7.50679692013 0.0
57854.272581 7.69941556224 0.0 7.69941556224 0.0
57854.2726273 7.7269657693 0.0 7.7269657693 0.0
57854.272662 7.50826211583 0.0 7.50826211583 0.0
57854.2727315 7.76807569479 0.0 7.76807569479 0.0
57854.2727894 7.55380698721 0.0 7.55380698721 0.0
57854.2728356 7.60322300081 0.0 7.60322300081 0.0
57854.2728819 7.8013460377 0.0 7.8013460377 0.0
57854.2729514 7.60480111509 0.0 7.60480111509 0.0
57854.2729977 7.5789181286 0.0 7.5789181286 0.0
57854.273044 7.60407785336 0.0 7.60407785336 0.0
57854.2730903 7.79897429153 0.0 7.79897429153 0.0
57854.2731597 7.54347400075 0.0 7.54347400075 0.0
57854.273206 7.50732975165 0.0 7.50732975165 0.0
57854.2732523 7.53743988367 0.0 7.53743988367 0.0
57854.2732986 7.5337905466 0.0 7.5337905466 0.0
57854.2733681 7.69025357189 0.0 7.69025357189 0.0
57854.2734144 7.99205855834 0.0 7.99205855834 0.0
57854.2734606 7.45452882482 0.0 7.45452882482 0.0
57854.2735185 7.70720442184 0.0 7.70720442184 0.0
57854.273588 7.42542928052 0.0 7.42542928052 0.0
57854.2736227 7.44654282201 0.0 7.44654282201 0.0
57854.273669 7.47047521915 0.0 7.47047521915 0.0
57854.2737269 7.46391318277 0.0 7.46391318277 0.0
57854.2737963 7.45949059923 0.0 7.45949059923 0.0
57854.2738426 7.43115065114 0.0 7.43115065114 0.0
57854.2738773 7.69486841993 0.0 7.69486841993 0.0
57854.2739352 7.46076403594 0.0 7.46076403594 0.0
57854.2740046 7.48217882705 0.0 7.48217882705 0.0
57854.2740509 7.7236001968 0.0 7.7236001968 0.0
57854.2740972 7.56088619145 0.0 7.56088619145 0.0
57854.2741435 7.74912898331 0.0 7.74912898331 0.0
57854.274213 7.55552777773 0.0 7.55552777773 0.0
57854.2742593 7.45204669873 0.0 7.45204669873 0.0
57854.2743056 7.50526481878 0.0 7.50526481878 0.0
57854.2854977 7.58511700635 0.0 7.58511700635 0.0
57854.2855324 7.7422219033 0.0 7.7422219033 0.0
57854.2855787 7.52655299589 0.0 7.52655299589 0.0
57854.2856366 7.56465465173 0.0 7.56465465173 0.0
57854.285706 7.60743057806 0.0 7.60743057806 0.0
57854.2857523 7.78209483366 0.0 7.78209483366 0.0
57854.285787 8.27737881216 0.0 8.27737881216 0.0
57854.2858449 7.56425806011 0.0 7.56425806011 0.0
57854.2859144 7.53525049351 0.0 7.53525049351 0.0
57854.2859606 7.79410033294 0.0 7.79410033294 0.0
57854.2860069 7.80557493078 0.0 7.80557493078 0.0
57854.2860532 7.54141896462 0.0 7.54141896462 0.0
57854.2861227 7.58426001664 0.0 7.58426001664 0.0
57854.286169 7.54837730906 0.0 7.54837730906 0.0
57854.2862153 7.55274784433 0.0 7.55274784433 0.0
57854.2862616 7.80730427228 0.0 7.80730427228 0.0
57854.286331 8.04288505451 0.0 8.04288505451 0.0
57854.2863773 7.49646583398 0.0 7.49646583398 0.0
57854.2864236 7.51085880576 0.0 7.51085880576 0.0
57854.2864699 7.51618254169 0.0 7.51618254169 0.0
57854.2865394 7.76871932818 0.0 7.76871932818 0.0
57854.2865856 7.50166648152 0.0 7.50166648152 0.0
57854.2866435 7.66981094943 0.0 7.66981094943 0.0
57854.2866782 7.51851049078 0.0 7.51851049078 0.0
57854.2867477 7.72845392042 0.0 7.72845392042 0.0
57854.286794 7.73104132701 0.0 7.73104132701 0.0
57854.2868519 7.72502427181 0.0 7.72502427181 0.0
57854.2868981 7.52608796122 0.0 7.52608796122 0.0
57854.2869676 7.65878580455 0.0 7.65878580455 0.0
57854.2870139 8.00324934011 0.0 8.00324934011 0.0
57854.2870602 7.53823586789 0.0 7.53823586789 0.0
57854.2871065 7.58116086098 0.0 7.58116086098 0.0
57854.2871759 7.77965294856 0.0 7.77965294856 0.0
57854.2872222 7.50426545373 0.0 7.50426545373 0.0
57854.2872685 7.6690938187 0.0 7.6690938187 0.0
57854.2873148 7.66928940646 0.0 7.66928940646 0.0
57854.2873843 7.55751281838 0.0 7.55751281838 0.0
57854.2874306 7.5221672409 0.0 7.5221672409 0.0
57854.2874769 7.5188429961 0.0 7.5188429961 0.0
57854.2875231 7.5420156457 0.0 7.5420156457 0.0
57854.2875926 7.58182036189 0.0 7.58182036189 0.0
57854.2876389 7.51930847884 0.0 7.51930847884 0.0
57854.2876852 7.5388328009 0.0 7.5388328009 0.0
57854.2877315 7.54466699066 0.0 7.54466699066 0.0
57854.2878009 7.51179073191 0.0 7.51179073191 0.0
57854.2878588 7.50613082753 0.0 7.50613082753 0.0
57854.2879051 7.50899460647 0.0 7.50899460647 0.0
57854.2879398 7.51684774357 0.0 7.51684774357 0.0
57854.2880093 7.49639913559 0.0 7.49639913559 0.0
57854.2880671 7.50579775907 0.0 7.50579775907 0.0
57854.2881134 7.51984042384 0.0 7.51984042384 0.0
57854.2881597 7.52701800184 0.0 7.52701800184 0.0
57854.2882292 7.53956232151 0.0 7.53956232151 0.0
57854.2882755 7.54884097064 0.0 7.54884097064 0.0
57854.2883218 7.57165767847 0.0 7.57165767847 0.0
57854.2883681 7.55327743433 0.0 7.55327743433 0.0
57854.2884375 7.71349466844 0.0 7.71349466844 0.0
57854.2884838 7.54354028292 0.0 7.54354028292 0.0
57854.2885301 7.5525492385 0.0 7.5525492385 0.0
57854.2885764 7.5625392561 0.0 7.5625392561 0.0
57854.2886458 7.53166648226 0.0 7.53166648226 0.0
57854.2886921 7.68622143839 0.0 7.68622143839 0.0
57854.2887384 7.52701800184 0.0 7.52701800184 0.0
57854.2887963 7.56676945598 0.0 7.56676945598 0.0
57854.2888657 7.56022486438 0.0 7.56022486438 0.0
57854.2889005 7.49873322635 0.0 7.49873322635 0.0
57854.2889468 7.5 0.0 7.5 0.0
57854.2890046 7.51159104318 0.0 7.51159104318 0.0
57854.2890741 7.83900503891 0.0 7.83900503891 0.0
57854.2891204 7.68986345783 0.0 7.68986345783 0.0
57854.2891551 7.68387922862 0.0 7.68387922862 0.0
57854.289213 7.64244725203 0.0 7.64244725203 0.0
57854.2892824 7.66381106239 0.0 7.66381106239 0.0
57854.2893287 7.78106676491 0.0 7.78106676491 0.0
57854.289375 7.75661008431 0.0 7.75661008431 0.0
57854.2894213 8.04474984073 0.0 8.04474984073 0.0
57854.2894907 7.68791259055 0.0 7.68791259055 0.0
57854.289537 7.56220867207 0.0 7.56220867207 0.0
57854.2895833 0.914877040919 0.0 0.914877040919 0.0
57854.2917477 7.72036268578 0.0 7.72036268578 0.0
57854.2917824 7.5792479838 0.0 7.5792479838 0.0
57854.2918287 7.55757897742 0.0 7.55757897742 0.0
57854.2918866 7.56967634711 0.0 7.56967634711 0.0
57854.291956 7.64486755935 0.0 7.64486755935 0.0
57854.2920023 7.6072991265 0.0 7.6072991265 0.0
57854.292037 7.64355938029 0.0 7.64355938029 0.0
57854.2920949 7.65591274767 0.0 7.65591274767 0.0
57854.2921644 7.58280950572 0.0 7.58280950572 0.0
57854.2922106 7.76331114925 0.0 7.76331114925 0.0
57854.2922569 7.5907180161 0.0 7.5907180161 0.0
57854.2923032 7.85353423625 0.0 7.85353423625 0.0
57854.2923727 7.57126145368 0.0 7.57126145368 0.0
57854.292419 7.58195225519 0.0 7.58195225519 0.0
57854.2924653 7.58313919165 0.0 7.58313919165 0.0
57854.2925116 7.61281813785 0.0 7.61281813785 0.0
57854.292581 7.63636038961 0.0 7.63636038961 0.0
57854.2926273 7.64329771761 0.0 7.64329771761 0.0
57854.2926736 7.74616033916 0.0 7.74616033916 0.0
57854.2927199 7.93964734733 0.0 7.93964734733 0.0
57854.2927894 8.09913575636 0.0 8.09913575636 0.0
57854.2928356 7.82259547721 0.0 7.82259547721 0.0
57854.2928935 7.8575441456 0.0 7.8575441456 0.0
57854.2929282 7.83983418192 0.0 7.83983418192 0.0
57854.2929977 7.68342371603 0.0 7.68342371603 0.0
57854.293044 7.78280155214 0.0 7.78280155214 0.0
57854.2931019 7.71420767156 0.0 7.71420767156 0.0
57854.2931481 7.6608746237 0.0 7.6608746237 0.0
57854.2932176 7.64355938029 0.0 7.64355938029 0.0
57854.2932639 7.62056428357 0.0 7.62056428357 0.0
57854.2933102 7.81997442451 0.0 7.81997442451 0.0
57854.2933565 7.8009614792 0.0 7.8009614792 0.0
57854.2934259 7.62345066227 0.0 7.62345066227 0.0
57854.2934722 7.80410148576 0.0 7.80410148576 0.0
57854.2935185 7.79531910829 0.0 7.79531910829 0.0
57854.2935648 7.64192384155 0.0 7.64192384155 0.0
57854.2936343 7.92376173291 0.0 7.92376173291 0.0
57854.2936806 7.86879914599 0.0 7.86879914599 0.0
57854.2937269 7.78376515576 0.0 7.78376515576 0.0
57854.2937731 7.91346952986 0.0 7.91346952986 0.0
57854.2938426 8.11929799921 0.0 8.11929799921 0.0
57854.2938889 7.86142480725 0.0 7.86142480725 0.0
57854.2939352 7.94015113206 0.0 7.94015113206 0.0
57854.2939815 7.8026918432 0.0 7.8026918432 0.0
57854.2940509 7.65166648515 0.0 7.65166648515 0.0
57854.2941088 7.80512652044 0.0 7.80512652044 0.0
57854.2941551 7.84359611403 0.0 7.84359611403 0.0
57854.2941898 7.99105750198 0.0 7.99105750198 0.0
57854.2942593 8.21608179122 0.0 8.21608179122 0.0
57854.2943171 7.87597612998 0.0 7.87597612998 0.0
57854.2943634 8.1367069506 0.0 8.1367069506 0.0
57854.2944097 7.95631824401 0.0 7.95631824401 0.0
57854.2944792 7.68856293465 0.0 7.68856293465 0.0
57854.2945255 7.62528687985 0.0 7.62528687985 0.0
57854.2945718 7.8010255736 0.0 7.8010255736 0.0
57854.2946181 7.8623787749 0.0 7.8623787749 0.0
57854.2946875 7.93366245816 0.0 7.93366245816 0.0
57854.2947338 7.89829095438 0.0 7.89829095438 0.0
57854.2947801 8.18633006908 0.0 8.18633006908 0.0
57854.2948264 8.40743718383 0.0 8.40743718383 0.0
57854.2948958 8.34541790446 0.0 8.34541790446 0.0
57854.2949421 7.69857129603 0.0 7.69857129603 0.0
57854.2949884 7.85270653979 0.0 7.85270653979 0.0
57854.2950463 7.79416448377 0.0 7.79416448377 0.0
57854.2951157 7.91871201648 0.0 7.91871201648 0.0
57854.2951505 7.74390082581 0.0 7.74390082581 0.0
57854.2951968 7.7678182265 0.0 7.7678182265 0.0
57854.2952546 7.77521703877 0.0 7.77521703877 0.0
57854.2953241 7.68596122811 0.0 7.68596122811 0.0
57854.2953704 7.67893221744 0.0 7.67893221744 0.0
57854.2954051 7.66511578517 0.0 7.66511578517 0.0
57854.295463 7.67222262451 0.0 7.67222262451 0.0
57854.2955324 7.6866117373 0.0 7.6866117373 0.0
57854.2955787 7.59973683755 0.0 7.59973683755 0.0
57854.295625 7.74583759189 0.0 7.74583759189 0.0
57854.2956713 7.61649525701 0.0 7.61649525701 0.0
57854.2957407 7.75435361587 0.0 7.75435361587 0.0
57854.295787 7.62777818241 0.0 7.62777818241 0.0
57854.2958333 7.87280128036 0.0 7.87280128036 0.0
57854.3167477 8.71102749393 0.0 8.71102749393 0.0
57854.3167824 8.76983466207 0.0 8.76983466207 0.0
57854.3168287 8.24566552802 0.0 8.24566552802 0.0
57854.3168866 8.20085361411 0.0 8.20085361411 0.0
57854.316956 8.26855489188 0.0 8.26855489188 0.0
57854.3170023 8.16088230524 0.0 8.16088230524 0.0
57854.317037 8.13584660622 0.0 8.13584660622 0.0
57854.3170949 8.01473642736 0.0 8.01473642736 0.0
57854.3171644 8.11073362896 0.0 8.11073362896 0.0
57854.3172106 7.93819878814 0.0 7.93819878814 0.0
57854.3172569 8.02302935306 0.0 8.02302935306 0.0
57854.3173032 8.05630188114 0.0 8.05630188114 0.0
57854.3173727 7.93013240747 0.0 7.93013240747 0.0
57854.317419 7.99912495214 0.0 7.99912495214 0.0
57854.3174653 8.06858104006 0.0 8.06858104006 0.0
57854.3175116 8.09265098716 0.0 8.09265098716 0.0
57854.317581 8.36809416773 0.0 8.36809416773 0.0
57854.3176273 8.26099267643 0.0 8.26099267643 0.0
57854.3176736 8.55558297254 0.0 8.55558297254 0.0
57854.3177199 8.59144923747 0.0 8.59144923747 0.0
57854.3177894 8.70603239139 0.0 8.70603239139 0.0
57854.3178356 8.4622101132 0.0 8.4622101132 0.0
57854.3178935 8.18877280183 0.0 8.18877280183 0.0
57854.3179282 8.20481565911 0.0 8.20481565911 0.0
57854.3179977 8.02041146077 0.0 8.02041146077 0.0
57854.318044 8.17642953862 0.0 8.17642953862 0.0
57854.3181019 8.15493715488 0.0 8.15493715488 0.0
57854.3181481 8.25402931907 0.0 8.25402931907 0.0
57854.3182176 8.29927707695 0.0 8.29927707695 0.0
57854.3182639 7.97452192924 0.0 7.97452192924 0.0
57854.3183102 8.01473642736 0.0 8.01473642736 0.0
57854.3183565 8.02440028912 0.0 8.02440028912 0.0
57854.3184259 8.03909198853 0.0 8.03909198853 0.0
57854.3184722 7.91435404818 0.0 7.91435404818 0.0
57854.3185185 7.97445922931 0.0 7.97445922931 0.0
57854.3185648 8.04406613598 0.0 8.04406613598 0.0
57854.3186343 7.96153251579 0.0 7.96153251579 0.0
57854.3186806 8.00774624973 0.0 8.00774624973 0.0
57854.3187269 7.9767161163 0.0 7.9767161163 0.0
57854.3187731 8.06387003864 0.0 8.06387003864 0.0
57854.3188426 7.99699943729 0.0 7.99699943729 0.0
57854.3188889 8.01629590272 0.0 8.01629590272 0.0
57854.3189352 8.19133688722 0.0 8.19133688722 0.0
57854.3189815 7.96912793221 0.0 7.96912793221 0.0
57854.3190509 7.97546236904 0.0 7.97546236904 0.0
57854.3191088 7.83441127335 0.0 7.83441127335 0.0
57854.3191551 7.82585458592 0.0 7.82585458592 0.0
57854.3191898 7.84308612728 0.0 7.84308612728 0.0
57854.3192593 7.90866613279 0.0 7.90866613279 0.0
57854.3193171 7.99687438941 0.0 7.99687438941 0.0
57854.3193634 7.96787299096 0.0 7.96787299096 0.0
57854.3194097 7.92496056773 0.0 7.92496056773 0.0
57854.3194792 7.99130777783 0.0 7.99130777783 0.0
57854.3195255 7.97489811847 0.0 7.97489811847 0.0
57854.3195718 7.96774748596 0.0 7.96774748596 0.0
57854.3196181 7.98961826372 0.0 7.98961826372 0.0
57854.3196875 8.06070716501 0.0 8.06070716501 0.0
57854.3197338 8.14027026578 0.0 8.14027026578 0.0
57854.3197801 8.39791640825 0.0 8.39791640825 0.0
57854.3198264 8.3148060711 0.0 8.3148060711 0.0
57854.3198958 8.14027026578 0.0 8.14027026578 0.0
57854.3199421 8.29981927514 0.0 8.29981927514 0.0
57854.3199884 8.11621833122 0.0 8.11621833122 0.0
57854.3200463 8.20505941478 0.0 8.20505941478 0.0
57854.3201157 7.98980600515 0.0 7.98980600515 0.0
57854.3201505 7.96969259131 0.0 7.96969259131 0.0
57854.3201968 8.1170191573 0.0 8.1170191573 0.0
57854.3202546 8.09802445044 0.0 8.09802445044 0.0
57854.3203241 8.09067364315 0.0 8.09067364315 0.0
57854.3203704 8.31516686543 0.0 8.31516686543 0.0
57854.3204051 8.555466089 0.0 8.555466089 0.0
57854.320463 8.8745140712 0.0 8.8745140712 0.0
57854.3205324 8.48681330064 0.0 8.48681330064 0.0
57854.3205787 8.02932126646 0.0 8.02932126646 0.0
57854.320625 8.17966991999 0.0 8.17966991999 0.0
57854.3206713 8.23959950483 0.0 8.23959950483 0.0
57854.3207407 8.23498633879 0.0 8.23498633879 0.0
57854.320787 8.01036828117 0.0 8.01036828117 0.0
57854.3208333 1.41880231181 0.0 1.41880231181 0.0
57854.3229977 8.29921683052 0.0 8.29921683052 0.0
57854.3230324 8.03299446035 0.0 8.03299446035 0.0
57854.3230787 8.07477553868 0.0 8.07477553868 0.0
57854.3231366 8.24863625092 0.0 8.24863625092 0.0
57854.323206 8.56796358536 0.0 8.56796358536 0.0
57854.3232523 8.4571271718 0.0 8.4571271718 0.0
57854.323287 8.51774618077 0.0 8.51774618077 0.0
57854.3233449 8.54523258899 0.0 8.54523258899 0.0
57854.3234144 8.55377109818 0.0 8.55377109818 0.0
57854.3234606 8.1173271463 0.0 8.1173271463 0.0
57854.3235069 8.10141962868 0.0 8.10141962868 0.0
57854.3235532 8.0770662991 0.0 8.0770662991 0.0
57854.3236227 7.98586250821 0.0 7.98586250821 0.0
57854.323669 8.07043988888 0.0 8.07043988888 0.0
57854.3237153 8.2294592775 0.0 8.2294592775 0.0
57854.3237616 8.34427947758 0.0 8.34427947758 0.0
57854.323831 8.22338129968 0.0 8.22338129968 0.0
57854.3238773 7.92029039872 0.0 7.92029039872 0.0
57854.3239236 7.97333054626 0.0 7.97333054626 0.0
57854.3239699 8.00024999609 0.0 8.00024999609 0.0
57854.3240394 7.9492137976 0.0 7.9492137976 0.0
57854.3240856 7.94933959521 0.0 7.94933959521 0.0
57854.3241435 7.92767305078 0.0 7.92767305078 0.0
57854.3241782 7.98630077069 0.0 7.98630077069 0.0
57854.3242477 8.02221914435 0.0 8.02221914435 0.0
57854.324294 7.93586794245 0.0 7.93586794245 0.0
57854.3243519 7.92041665571 0.0 7.92041665571 0.0
57854.3243981 7.93208673679 0.0 7.93208673679 0.0
57854.3244676 7.95543839144 0.0 7.95543839144 0.0
57854.3245139 7.94040301244 0.0 7.94040301244 0.0
57854.3245602 7.9618465195 0.0 7.9618465195 0.0
57854.3246065 7.94619405753 0.0 7.94619405753 0.0
57854.3246759 7.95971105003 0.0 7.95971105003 0.0
57854.3247222 8.00918223042 0.0 8.00918223042 0.0
57854.3247685 8.07093550959 0.0 8.07093550959 0.0
57854.3248148 8.22982381342 0.0 8.22982381342 0.0
57854.3248843 8.26873630006 0.0 8.26873630006 0.0
57854.3249306 8.0361060222 0.0 8.0361060222 0.0
57854.3249769 8.10752736659 0.0 8.10752736659 0.0
57854.3250231 8.11658795307 0.0 8.11658795307 0.0
57854.3250926 8.09271277138 0.0 8.09271277138 0.0
57854.3251389 8.04648991797 0.0 8.04648991797 0.0
57854.3251852 7.98122797569 0.0 7.98122797569 0.0
57854.3252315 7.97640269796 0.0 7.97640269796 0.0
57854.3253009 7.97207626657 0.0 7.97207626657 0.0
57854.3253588 7.98091473454 0.0 7.98091473454 0.0
57854.3254051 8.0195386401 0.0 8.0195386401 0.0
57854.3254398 8.10876069446 0.0 8.10876069446 0.0
57854.3255093 8.08263570873 0.0 8.08263570873 0.0
57854.3255671 7.98586250821 0.0 7.98586250821 0.0
57854.3256134 7.99049435267 0.0 7.99049435267 0.0
57854.3256597 8.09512198796 0.0 8.09512198796 0.0
57854.3257292 8.1032709445 0.0 8.1032709445 0.0
57854.3257755 8.11640314425 0.0 8.11640314425 0.0
57854.3258218 8.24336096504 0.0 8.24336096504 0.0
57854.3258681 8.25184827781 0.0 8.25184827781 0.0
57854.3259375 8.09722174576 0.0 8.09722174576 0.0
57854.3259838 7.98717722353 0.0 7.98717722353 0.0
57854.3260301 8.0123030397 0.0 8.0123030397 0.0
57854.3260764 7.98279399709 0.0 7.98279399709 0.0
57854.3261458 8.07719010548 0.0 8.07719010548 0.0
57854.3261921 8.21748136597 0.0 8.21748136597 0.0
57854.3262384 8.24457397323 0.0 8.24457397323 0.0
57854.3262963 8.29144137047 0.0 8.29144137047 0.0
57854.3263657 8.31709083755 0.0 8.31709083755 0.0
57854.3264005 8.40773453434 0.0 8.40773453434 0.0
57854.3264468 8.5774704896 0.0 8.5774704896 0.0
57854.3265046 8.6496242693 0.0 8.6496242693 0.0
57854.3265741 8.72261428701 0.0 8.72261428701 0.0
57854.3266204 8.02533488398 0.0 8.02533488398 0.0
57854.3266551 8.0878303642 0.0 8.0878303642 0.0
57854.326713 8.12865302495 0.0 8.12865302495 0.0
57854.3267824 8.19396119102 0.0 8.19396119102 0.0
57854.3268287 8.03616824115 0.0 8.03616824115 0.0
57854.326875 8.06114135839 0.0 8.06114135839 0.0
57854.3269213 8.12225338191 0.0 8.12225338191 0.0
57854.3269907 8.24899993939 0.0 8.24899993939 0.0
57854.327037 8.32165848855 0.0 8.32165848855 0.0
57854.3270833 8.509524076 0.0 8.509524076 0.0
57854.3292477 8.24445268044 0.0 8.24445268044 0.0
57854.3292824 8.19158104397 0.0 8.19158104397 0.0
57854.3293287 8.19133688722 0.0 8.19133688722 0.0
57854.3293866 8.22593459736 0.0 8.22593459736 0.0
57854.329456 8.19017704326 0.0 8.19017704326 0.0
57854.3295023 8.10345605282 0.0 8.10345605282 0.0
57854.329537 8.17789704019 0.0 8.17789704019 0.0
57854.3295949 8.32195890401 0.0 8.32195890401 0.0
57854.3296644 8.50247022929 0.0 8.50247022929 0.0
57854.3297106 8.31011431931 0.0 8.31011431931 0.0
57854.3297569 8.38313783735 0.0 8.38313783735 0.0
57854.3298032 8.31859363114 0.0 8.31859363114 0.0
57854.3298727 8.27357238441 0.0 8.27357238441 0.0
57854.329919 8.20054876213 0.0 8.20054876213 0.0
57854.3299653 8.16235260204 0.0 8.16235260204 0.0
57854.3300116 8.170495701 0.0 8.170495701 0.0
57854.330081 8.16761899209 0.0 8.16761899209 0.0
57854.3301273 8.08077966535 0.0 8.08077966535 0.0
57854.3301736 8.10246875958 0.0 8.10246875958 0.0
57854.3302199 8.1405773751 0.0 8.1405773751 0.0
57854.3302894 8.29475738042 0.0 8.29475738042 0.0
57854.3303356 8.33882485726 0.0 8.33882485726 0.0
57854.3303935 8.40517697613 0.0 8.40517697613 0.0
57854.3304282 8.4455313628 0.0 8.4455313628 0.0
57854.3304977 8.3859406151 0.0 8.3859406151 0.0
57854.330544 8.08455317256 0.0 8.08455317256 0.0
57854.3306019 8.16425134351 0.0 8.16425134351 0.0
57854.3306481 8.21054200403 0.0 8.21054200403 0.0
57854.3307176 8.3134228811 0.0 8.3134228811 0.0
57854.3307639 8.21535148366 0.0 8.21535148366 0.0
57854.3308102 8.32592337222 0.0 8.32592337222 0.0
57854.3308565 8.32628368481 0.0 8.32628368481 0.0
57854.3309259 8.27653309061 0.0 8.27653309061 0.0
57854.3309722 8.15364948965 0.0 8.15364948965 0.0
57854.3310185 8.20761841218 0.0 8.20761841218 0.0
57854.3310648 8.29692714202 0.0 8.29692714202 0.0
57854.3311343 8.78436110369 0.0 8.78436110369 0.0
57854.3311806 8.76253388011 0.0 8.76253388011 0.0
57854.3312269 8.9554452709 0.0 8.9554452709 0.0
57854.3312731 8.92199529253 0.0 8.92199529253 0.0
57854.3313426 8.59592926914 0.0 8.59592926914 0.0
57854.3313889 8.27405583738 0.0 8.27405583738 0.0
57854.3314352 8.2701874223 0.0 8.2701874223 0.0
57854.3314815 8.37179789531 0.0 8.37179789531 0.0
57854.3315509 8.39821409587 0.0 8.39821409587 0.0
57854.3316088 8.21614264725 0.0 8.21614264725 0.0
57854.3316551 8.30325237482 0.0 8.30325237482 0.0
57854.3316898 8.32322053054 0.0 8.32322053054 0.0
57854.3317593 8.25354469304 0.0 8.25354469304 0.0
57854.3318171 8.20938487342 0.0 8.20938487342 0.0
57854.3318634 8.28697773618 0.0 8.28697773618 0.0
57854.3319097 8.32766473869 0.0 8.32766473869 0.0
57854.3319792 8.28583127996 0.0 8.28583127996 0.0
57854.3320255 8.24214777834 0.0 8.24214777834 0.0
57854.3320718 8.29427513409 0.0 8.29427513409 0.0
57854.3321181 8.29451626076 0.0 8.29451626076 0.0
57854.3321875 8.2301883332 0.0 8.2301883332 0.0
57854.3322338 8.31727118711 0.0 8.31727118711 0.0
57854.3322801 8.3934498271 0.0 8.3934498271 0.0
57854.3323264 8.43409746209 0.0 8.43409746209 0.0
57854.3323958 8.27375368258 0.0 8.27375368258 0.0
57854.3324421 8.18382551134 0.0 8.18382551134 0.0
57854.3324884 8.16259762576 0.0 8.16259762576 0.0
57854.3325463 8.14567369835 0.0 8.14567369835 0.0
57854.3326157 8.18663545054 0.0 8.18663545054 0.0
57854.3326505 8.24190511957 0.0 8.24190511957 0.0
57854.3326968 8.35703296631 0.0 8.35703296631 0.0
57854.3327546 8.41474895645 0.0 8.41474895645 0.0
57854.3328241 8.28534851409 0.0 8.28534851409 0.0
57854.3328704 8.12009852157 0.0 8.12009852157 0.0
57854.3329051 8.15640852336 0.0 8.15640852336 0.0
57854.332963 8.21833316433 0.0 8.21833316433 0.0
57854.3330324 8.17282081047 0.0 8.17282081047 0.0
57854.3330787 8.2179681187 0.0 8.2179681187 0.0
57854.333125 8.21194252294 0.0 8.21194252294 0.0
57854.3331713 8.21888070238 0.0 8.21888070238 0.0
57854.3332407 8.22982381342 0.0 8.22982381342 0.0
57854.333287 8.19695065253 0.0 8.19695065253 0.0
57854.3333333 0.74161984871 0.0 0.74161984871 0.0
57854.3354977 8.47171765346 0.0 8.47171765346 0.0
57854.3355324 8.84273713281 0.0 8.84273713281 0.0
57854.3355787 8.77205791135 0.0 8.77205791135 0.0
57854.3356366 8.686886669 0.0 8.686886669 0.0
57854.335706 8.25045453293 0.0 8.25045453293 0.0
57854.3357523 8.39827363212 0.0 8.39827363212 0.0
57854.335787 8.40041665633 0.0 8.40041665633 0.0
57854.3358449 8.47514011684 0.0 8.47514011684 0.0
57854.3359144 8.77262788451 0.0 8.77262788451 0.0
57854.3359606 8.46994687114 0.0 8.46994687114 0.0
57854.3360069 8.66279400655 0.0 8.66279400655 0.0
57854.3360532 8.84601605244 0.0 8.84601605244 0.0
57854.3361227 8.70321779574 0.0 8.70321779574 0.0
57854.336169 8.55382955173 0.0 8.55382955173 0.0
57854.3362153 8.61893264854 0.0 8.61893264854 0.0
57854.3362616 8.68130174571 0.0 8.68130174571 0.0
57854.336331 8.88628156205 0.0 8.88628156205 0.0
57854.3363773 8.42419135585 0.0 8.42419135585 0.0
57854.3364236 8.70011494177 0.0 8.70011494177 0.0
57854.3364699 8.58277344452 0.0 8.58277344452 0.0
57854.3365394 8.93929527424 0.0 8.93929527424 0.0
57854.3365856 8.64950865657 0.0 8.64950865657 0.0
57854.3366435 9.03305042607 0.0 9.03305042607 0.0
57854.3366782 8.8969095758 0.0 8.8969095758 0.0
57854.3367477 8.47490412925 0.0 8.47490412925 0.0
57854.336794 8.47130450403 0.0 8.47130450403 0.0
57854.3368519 8.49888227945 0.0 8.49888227945 0.0
57854.3368981 8.55534920386 0.0 8.55534920386 0.0
57854.3369676 8.45990543682 0.0 8.45990543682 0.0
57854.3370139 8.55803715813 0.0 8.55803715813 0.0
57854.3370602 9.09950548107 0.0 9.09950548107 0.0
57854.3371065 8.48651872089 0.0 8.48651872089 0.0
57854.3371759 8.2369897414 0.0 8.2369897414 0.0
57854.3372222 8.50793747039 0.0 8.50793747039 0.0
57854.3372685 8.39053037656 0.0 8.39053037656 0.0
57854.3373148 8.92362034154 0.0 8.92362034154 0.0
57854.3373843 8.39595140529 0.0 8.39595140529 0.0
57854.3374306 8.40523646306 0.0 8.40523646306 0.0
57854.3374769 8.77598997265 0.0 8.77598997265 0.0
57854.3375231 8.74248248497 0.0 8.74248248497 0.0
57854.3375926 8.41575902697 0.0 8.41575902697 0.0
57854.3376389 8.65482524376 0.0 8.65482524376 0.0
57854.3376852 8.63741859585 0.0 8.63741859585 0.0
57854.3377315 8.46037824214 0.0 8.46037824214 0.0
57854.3378009 8.34595710509 0.0 8.34595710509 0.0
57854.3378588 8.35493865926 0.0 8.35493865926 0.0
57854.3379051 8.53604123701 0.0 8.53604123701 0.0
57854.3379398 8.69804575753 0.0 8.69804575753 0.0
57854.3380093 8.949972067 0.0 8.949972067 0.0
57854.3380671 8.48645980371 0.0 8.48645980371 0.0
57854.3381134 8.59045982471 0.0 8.59045982471 0.0
57854.3381597 8.67317704189 0.0 8.67317704189 0.0
57854.3382292 8.38272032219 0.0 8.38272032219 0.0
57854.3382755 8.52455277419 0.0 8.52455277419 0.0
57854.3383218 8.69321574563 0.0 8.69321574563 0.0
57854.3383681 8.41587785082 0.0 8.41587785082 0.0
57854.3384375 8.42490356028 0.0 8.42490356028 0.0
57854.3384838 8.38933847213 0.0 8.38933847213 0.0
57854.3385301 8.35703296631 0.0 8.35703296631 0.0
57854.3385764 8.37239511729 0.0 8.37239511729 0.0
57854.3386458 8.29517932296 0.0 8.29517932296 0.0
57854.3386921 8.34547781736 0.0 8.34547781736 0.0
57854.3387384 8.7517426836 0.0 8.7517426836 0.0
57854.3387963 8.56346892328 0.0 8.56346892328 0.0
57854.3388657 8.30265017931 0.0 8.30265017931 0.0
57854.3389005 8.2475450893 0.0 8.2475450893 0.0
57854.3389468 8.25130292742 0.0 8.25130292742 0.0
57854.3390046 8.25917671442 0.0 8.25917671442 0.0
57854.3390741 8.28920985378 0.0 8.28920985378 0.0
57854.3391204 8.42246994652 0.0 8.42246994652 0.0
57854.3391551 8.49735252888 0.0 8.49735252888 0.0
57854.339213 8.53264320126 0.0 8.53264320126 0.0
57854.3392824 8.32286008533 0.0 8.32286008533 0.0
57854.3393287 8.66314030823 0.0 8.66314030823 0.0
57854.339375 8.47449113517 0.0 8.47449113517 0.0
57854.3394213 8.62820954776 0.0 8.62820954776 0.0
57854.3394907 8.56405277891 0.0 8.56405277891 0.0
57854.339537 8.36133960559 0.0 8.36133960559 0.0
57854.3395833 1.07144761888 0.0 1.07144761888 0.0
57854.3417477 8.54903503327 0.0 8.54903503327 0.0
57854.3417824 8.5311195045 0.0 8.5311195045 0.0
57854.3418287 8.59895342469 0.0 8.59895342469 0.0
57854.3418866 8.81799296892 0.0 8.81799296892 0.0
57854.341956 8.97173338882 0.0 8.97173338882 0.0
57854.3420023 8.74654217391 0.0 8.74654217391 0.0
57854.342037 8.9882701339 0.0 8.9882701339 0.0
57854.3420949 9.41806774238 0.0 9.41806774238 0.0
57854.3421644 10.0147890642 0.0 10.0147890642 0.0
57854.3422106 9.0009443949 0.0 9.0009443949 0.0
57854.3422569 9.30075265772 0.0 9.30075265772 0.0
57854.3423032 9.30435381958 0.0 9.30435381958 0.0
57854.3423727 9.32544905085 0.0 9.32544905085 0.0
57854.342419 8.72439109623 0.0 8.72439109623 0.0
57854.3424653 8.49641100701 0.0 8.49641100701 0.0
57854.3425116 8.70166650705 0.0 8.70166650705 0.0
57854.342581 8.48239353013 0.0 8.48239353013 0.0
57854.3426273 8.66821780991 0.0 8.66821780991 0.0
57854.3426736 8.56720491176 0.0 8.56720491176 0.0
57854.3427199 8.87192200146 0.0 8.87192200146 0.0
57854.3427894 8.62270259258 0.0 8.62270259258 0.0
57854.3428356 9.01964522584 0.0 9.01964522584 0.0
57854.3428935 8.46079192511 0.0 8.46079192511 0.0
57854.3429282 8.58452095344 0.0 8.58452095344 0.0
57854.3429977 8.9718448493 0.0 8.9718448493 0.0
57854.343044 8.57484693741 0.0 8.57484693741 0.0
57854.3431019 8.69120244845 0.0 8.69120244845 0.0
57854.3431481 8.77809774382 0.0 8.77809774382 0.0
57854.3432176 8.74854273579 0.0 8.74854273579 0.0
57854.3432639 9.07926208455 0.0 9.07926208455 0.0
57854.3433102 9.10961031 0.0 9.10961031 0.0
57854.3433565 8.75654041274 0.0 8.75654041274 0.0
57854.3434259 9.1772544914 0.0 9.1772544914 0.0
57854.3434722 9.00122213924 0.0 9.00122213924 0.0
57854.3435185 9.68473024921 0.0 9.68473024921 0.0
57854.3435648 9.87633535275 0.0 9.87633535275 0.0
57854.3436343 9.7071107957 0.0 9.7071107957 0.0
57854.3436806 8.96944814356 0.0 8.96944814356 0.0
57854.3437269 8.95717589422 0.0 8.95717589422 0.0
57854.3437731 9.02612873828 0.0 9.02612873828 0.0
57854.3438426 8.87502112674 0.0 8.87502112674 0.0
57854.3438889 8.66862157439 0.0 8.66862157439 0.0
57854.3439352 8.79312231235 0.0 8.79312231235 0.0
57854.3439815 8.92322811543 0.0 8.92322811543 0.0
57854.3440509 8.89162527326 0.0 8.89162527326 0.0
57854.3441088 8.78447494162 0.0 8.78447494162 0.0
57854.3441551 8.81901355028 0.0 8.81901355028 0.0
57854.3441898 9.07920701383 0.0 9.07920701383 0.0
57854.3442593 9.36012820425 0.0 9.36012820425 0.0
57854.3443171 8.71596236798 0.0 8.71596236798 0.0
57854.3443634 9.01482112967 0.0 9.01482112967 0.0
57854.3444097 9.41116358374 0.0 9.41116358374 0.0
57854.3444792 8.84663777941 0.0 8.84663777941 0.0
57854.3445255 8.90595306523 0.0 8.90595306523 0.0
57854.3445718 8.65702027259 0.0 8.65702027259 0.0
57854.3446181 8.94225922237 0.0 8.94225922237 0.0
57854.3446875 8.95002793292 0.0 8.95002793292 0.0
57854.3447338 8.99405359112 0.0 8.99405359112 0.0
57854.3447801 8.74448397563 0.0 8.74448397563 0.0
57854.3448264 8.88296121797 0.0 8.88296121797 0.0
57854.3448958 8.86352074517 0.0 8.86352074517 0.0
57854.3449421 8.72083711578 0.0 8.72083711578 0.0
57854.3449884 8.74974285336 0.0 8.74974285336 0.0
57854.3450463 9.04085172979 0.0 9.04085172979 0.0
57854.3451157 8.7688083569 0.0 8.7688083569 0.0
57854.3451505 8.62548549358 0.0 8.62548549358 0.0
57854.3451968 9.2966122862 0.0 9.2966122862 0.0
57854.3452546 8.87569715572 0.0 8.87569715572 0.0
57854.3453241 10.5130395224 0.0 10.5130395224 0.0
57854.3453704 9.31600772864 0.0 9.31600772864 0.0
57854.3454051 10.0187823611 0.0 10.0187823611 0.0
57854.345463 9.5160916347 0.0 9.5160916347 0.0
57854.3455324 9.22252676873 0.0 9.22252676873 0.0
57854.3455787 8.62316647178 0.0 8.62316647178 0.0
57854.345625 8.71894489029 0.0 8.71894489029 0.0
57854.3456713 8.7585386909 0.0 8.7585386909 0.0
57854.3457407 9.23985930629 0.0 9.23985930629 0.0
57854.345787 9.30102144928 0.0 9.30102144928 0.0
57854.3458333 8.81827647559 0.0 8.81827647559 0.0
57854.3479977 9.9 0.0 9.9 0.0
57854.3480324 9.15193968512 0.0 9.15193968512 0.0
57854.3480787 9.49078500441 0.0 9.49078500441 0.0
57854.3481366 9.32662854412 0.0 9.32662854412 0.0
57854.348206 8.7926673996 0.0 8.7926673996 0.0
57854.3482523 8.63741859585 0.0 8.63741859585 0.0
57854.348287 8.684584043 0.0 8.684584043 0.0
57854.3483449 8.7305784459 0.0 8.7305784459 0.0
57854.3484144 8.79886356298 0.0 8.79886356298 0.0
57854.3484606 8.75545544218 0.0 8.75545544218 0.0
57854.3485069 8.87642946235 0.0 8.87642946235 0.0
57854.3485532 8.96353724821 0.0 8.96353724821 0.0
57854.3486227 8.81226418124 0.0 8.81226418124 0.0
57854.348669 8.81442000361 0.0 8.81442000361 0.0
57854.3487153 8.96693927714 0.0 8.96693927714 0.0
57854.3487616 9.34323284522 0.0 9.34323284522 0.0
57854.348831 9.15565399084 0.0 9.15565399084 0.0
57854.3488773 8.74379780187 0.0 8.74379780187 0.0
57854.3489236 9.1313744858 0.0 9.1313744858 0.0
57854.3489699 9.20744264169 0.0 9.20744264169 0.0
57854.3490394 9.29225483938 0.0 9.29225483938 0.0
57854.3490856 8.86510011224 0.0 8.86510011224 0.0
57854.3491435 9.39654191711 0.0 9.39654191711 0.0
57854.3491782 9.75725371198 0.0 9.75725371198 0.0
57854.3492477 9.01143717728 0.0 9.01143717728 0.0
57854.349294 8.91661370701 0.0 8.91661370701 0.0
57854.3493519 9.01692852362 0.0 9.01692852362 0.0
57854.3493981 9.4580124762 0.0 9.4580124762 0.0
57854.3494676 9.01010543778 0.0 9.01010543778 0.0
57854.3495139 8.69867806049 0.0 8.69867806049 0.0
57854.3495602 8.81362581461 0.0 8.81362581461 0.0
57854.3496065 8.9265334817 0.0 8.9265334817 0.0
57854.3496759 9.02247194509 0.0 9.02247194509 0.0
57854.3497222 9.25213488877 0.0 9.25213488877 0.0
57854.3497685 9.80657942404 0.0 9.80657942404 0.0
57854.3498148 10.2203228912 0.0 10.2203228912 0.0
57854.3498843 10.7217069537 0.0 10.7217069537 0.0
57854.3499306 9.3982977182 0.0 9.3982977182 0.0
57854.3499769 10.3141650171 0.0 10.3141650171 0.0
57854.3500231 11.375499989 0.0 11.375499989 0.0
57854.3500926 10.9803005423 0.0 10.9803005423 0.0
57854.3501389 9.91448435371 0.0 9.91448435371 0.0
57854.3501852 9.7579198603 0.0 9.7579198603 0.0
57854.3502315 10.0758126223 0.0 10.0758126223 0.0
57854.3503009 10.6551396049 0.0 10.6551396049 0.0
57854.3503588 10.3383751141 0.0 10.3383751141 0.0
57854.3504051 10.5024282906 0.0 10.5024282906 0.0
57854.3504398 10.8747873542 0.0 10.8747873542 0.0
57854.3505093 10.7425788338 0.0 10.7425788338 0.0
57854.3505671 9.07893165521 0.0 9.07893165521 0.0
57854.3506134 9.60858990695 0.0 9.60858990695 0.0
57854.3506597 9.08069380609 0.0 9.08069380609 0.0
57854.3507292 8.87535914766 0.0 8.87535914766 0.0
57854.3507755 9.06344305438 0.0 9.06344305438 0.0
57854.3508218 9.16951470908 0.0 9.16951470908 0.0
57854.3508681 9.25154041228 0.0 9.25154041228 0.0
57854.3509375 9.09378908926 0.0 9.09378908926 0.0
57854.3509838 9.2388310949 0.0 9.2388310949 0.0
57854.3510301 9.56064851357 0.0 9.56064851357 0.0
57854.3510764 10.1787032573 0.0 10.1787032573 0.0
57854.3511458 9.87830957199 0.0 9.87830957199 0.0
57854.3511921 9.06404986747 0.0 9.06404986747 0.0
57854.3512384 9.48446097572 0.0 9.48446097572 0.0
57854.3512963 9.31155196517 0.0 9.31155196517 0.0
57854.3513657 9.37539332508 0.0 9.37539332508 0.0
57854.3514005 9.46842119891 0.0 9.46842119891 0.0
57854.3514468 9.87765154275 0.0 9.87765154275 0.0
57854.3515046 9.88230742286 0.0 9.88230742286 0.0
57854.3515741 9.94188110973 0.0 9.94188110973 0.0
57854.3516204 9.60702867696 0.0 9.60702867696 0.0
57854.3516551 9.8564192281 0.0 9.8564192281 0.0
57854.351713 9.40654027791 0.0 9.40654027791 0.0
57854.3517824 9.24786461839 0.0 9.24786461839 0.0
57854.3518287 9.53262817905 0.0 9.53262817905 0.0
57854.351875 9.9751691715 0.0 9.9751691715 0.0
57854.3519213 9.56315847406 0.0 9.56315847406 0.0
57854.3519907 9.57543732683 0.0 9.57543732683 0.0
57854.352037 9.03841800317 0.0 9.03841800317 0.0
57854.3520833 9.03969026018 0.0 9.03969026018 0.0
57854.3542477 9.78851367675 0.0 9.78851367675 0.0
57854.3542824 9.21042887166 0.0 9.21042887166 0.0
57854.3543287 9.31938839195 0.0 9.31938839195 0.0
57854.3543866 9.36520154615 0.0 9.36520154615 0.0
57854.354456 9.34970587773 0.0 9.34970587773 0.0
57854.3545023 9.0698401309 0.0 9.0698401309 0.0
57854.354537 9.14390507387 0.0 9.14390507387 0.0
57854.3545949 9.28590329478 0.0 9.28590329478 0.0
57854.3546644 9.3338630802 0.0 9.3338630802 0.0
57854.3547106 9.64390999543 0.0 9.64390999543 0.0
57854.3547569 9.64136919737 0.0 9.64136919737 0.0
57854.3548032 9.98178340779 0.0 9.98178340779 0.0
57854.3548727 10.4741586774 0.0 10.4741586774 0.0
57854.354919 9.23471710449 0.0 9.23471710449 0.0
57854.3549653 10.8524190852 0.0 10.8524190852 0.0
57854.3550116 9.50215764971 0.0 9.50215764971 0.0
57854.355081 9.55594056072 0.0 9.55594056072 0.0
57854.3551273 9.90782519022 0.0 9.90782519022 0.0
57854.3551736 9.80091832432 0.0 9.80091832432 0.0
57854.3552199 9.35788437629 0.0 9.35788437629 0.0
57854.3552894 9.25624113774 0.0 9.25624113774 0.0
57854.3553356 9.07435948153 0.0 9.07435948153 0.0
57854.3553935 9.51934871722 0.0 9.51934871722 0.0
57854.3554282 9.45425829984 0.0 9.45425829984 0.0
57854.3554977 9.63192607945 0.0 9.63192607945 0.0
57854.355544 9.47786895879 0.0 9.47786895879 0.0
57854.3556019 9.65624150485 0.0 9.65624150485 0.0
57854.3556481 11.5055638714 0.0 11.5055638714 0.0
57854.3557176 9.32378678435 0.0 9.32378678435 0.0
57854.3557639 11.302964213 0.0 11.302964213 0.0
57854.3558102 9.37416662963 0.0 9.37416662963 0.0
57854.3558565 9.53787188004 0.0 9.53787188004 0.0
57854.3559259 9.62252565598 0.0 9.62252565598 0.0
57854.3559722 9.43148980808 0.0 9.43148980808 0.0
57854.3560185 9.16509683528 0.0 9.16509683528 0.0
57854.3560648 9.59499869724 0.0 9.59499869724 0.0
57854.3561343 9.24315963294 0.0 9.24315963294 0.0
57854.3561806 9.17125945549 0.0 9.17125945549 0.0
57854.3562269 9.38195075664 0.0 9.38195075664 0.0
57854.3562731 9.75320460157 0.0 9.75320460157 0.0
57854.3563426 9.62860322165 0.0 9.62860322165 0.0
57854.3563889 10.0926706079 0.0 10.0926706079 0.0
57854.3564352 10.3876850164 0.0 10.3876850164 0.0
57854.3564815 10.0491790709 0.0 10.0491790709 0.0
57854.3565509 9.52470471983 0.0 9.52470471983 0.0
57854.3566088 10.1511575695 0.0 10.1511575695 0.0
57854.3566551 9.49747334821 0.0 9.49747334821 0.0
57854.3566898 10.0431070889 0.0 10.0431070889 0.0
57854.3567593 9.89232025361 0.0 9.89232025361 0.0
57854.3568171 9.49857884107 0.0 9.49857884107 0.0
57854.3568634 9.5365612251 0.0 9.5365612251 0.0
57854.3569097 9.74684564359 0.0 9.74684564359 0.0
57854.3569792 9.60432194379 0.0 9.60432194379 0.0
57854.3570255 9.44944442811 0.0 9.44944442811 0.0
57854.3570718 9.49784186013 0.0 9.49784186013 0.0
57854.3571181 9.61155554528 0.0 9.61155554528 0.0
57854.3571875 9.95971887153 0.0 9.95971887153 0.0
57854.3572338 10.4006730551 0.0 10.4006730551 0.0
57854.3572801 10.2377731954 0.0 10.2377731954 0.0
57854.3573264 9.96865086158 0.0 9.96865086158 0.0
57854.3573958 9.79826515257 0.0 9.79826515257 0.0
57854.3574421 10.0076470761 0.0 10.0076470761 0.0
57854.3574884 9.54876955424 0.0 9.54876955424 0.0
57854.3575463 10.213030892 0.0 10.213030892 0.0
57854.3576157 9.69370930037 0.0 9.69370930037 0.0
57854.3576505 10.2435833574 0.0 10.2435833574 0.0
57854.3576968 9.24732393723 0.0 9.24732393723 0.0
57854.3577546 9.26709231636 0.0 9.26709231636 0.0
57854.3578241 10.3209011234 0.0 10.3209011234 0.0
57854.3578704 10.0197305353 0.0 10.0197305353 0.0
57854.3579051 9.838699101 0.0 9.838699101 0.0
57854.357963 10.4212283345 0.0 10.4212283345 0.0
57854.3580324 10.1457873031 0.0 10.1457873031 0.0
57854.3580787 9.28444936439 0.0 9.28444936439 0.0
57854.358125 9.86417761397 0.0 9.86417761397 0.0
57854.3581713 9.35873923133 0.0 9.35873923133 0.0
57854.3582407 10.0550484832 0.0 10.0550484832 0.0
57854.358287 9.77235897826 0.0 9.77235897826 0.0
57854.3583333 10.0062980167 0.0 10.0062980167 0.0
57854.3604977 9.66374668542 0.0 9.66374668542 0.0
57854.3605324 9.87441137486 0.0 9.87441137486 0.0
57854.3605787 9.76739473964 0.0 9.76739473964 0.0
57854.3606366 10.8187799682 0.0 10.8187799682 0.0
57854.360706 11.7647354411 0.0 11.7647354411 0.0
57854.3607523 9.70834692417 0.0 9.70834692417 0.0
57854.360787 9.76145480961 0.0 9.76145480961 0.0
57854.3608449 10.6876096486 0.0 10.6876096486 0.0
57854.3609144 12.2753818678 0.0 12.2753818678 0.0
57854.3609606 11.0913930595 0.0 11.0913930595 0.0
57854.3610069 13.3555980772 0.0 13.3555980772 0.0
57854.3610532 11.9194379062 0.0 11.9194379062 0.0
57854.3611227 11.4717479052 0.0 11.4717479052 0.0
57854.361169 10.0683663024 0.0 10.0683663024 0.0
57854.3612153 10.9027060861 0.0 10.9027060861 0.0
57854.3612616 9.85545534209 0.0 9.85545534209 0.0
57854.361331 10.255096294 0.0 10.255096294 0.0
57854.3613773 11.1104905382 0.0 11.1104905382 0.0
57854.3614236 11.4465715391 0.0 11.4465715391 0.0
57854.3614699 11.5252331864 0.0 11.5252331864 0.0
57854.3615394 11.9771449019 0.0 11.9771449019 0.0
57854.3615856 10.9410694176 0.0 10.9410694176 0.0
57854.3616435 10.3645067418 0.0 10.3645067418 0.0
57854.3616782 10.4803148808 0.0 10.4803148808 0.0
57854.3617477 10.3175578506 0.0 10.3175578506 0.0
57854.361794 11.0191197471 0.0 11.0191197471 0.0
57854.3618519 10.8888475056 0.0 10.8888475056 0.0
57854.3618981 10.7348497894 0.0 10.7348497894 0.0
57854.3619676 10.6941105287 0.0 10.6941105287 0.0
57854.3620139 9.51714242827 0.0 9.51714242827 0.0
57854.3620602 9.6330680471 0.0 9.6330680471 0.0
57854.3621065 9.72177967247 0.0 9.72177967247 0.0
57854.3621759 10.086277807 0.0 10.086277807 0.0
57854.3622222 9.60640411392 0.0 9.60640411392 0.0
57854.3622685 10.2543649243 0.0 10.2543649243 0.0
57854.3623148 10.2302492638 0.0 10.2302492638 0.0
57854.3623843 9.75397354928 0.0 9.75397354928 0.0
57854.3624306 9.5075759266 0.0 9.5075759266 0.0
57854.3624769 9.66297055775 0.0 9.66297055775 0.0
57854.3625231 10.4379595707 0.0 10.4379595707 0.0
57854.3625926 10.5453781345 0.0 10.5453781345 0.0
57854.3626389 10.0880126883 0.0 10.0880126883 0.0
57854.3626852 10.7401582856 0.0 10.7401582856 0.0
57854.3627315 10.9813022907 0.0 10.9813022907 0.0
57854.3628009 10.9385099534 0.0 10.9385099534 0.0
57854.3628588 11.0251077092 0.0 11.0251077092 0.0
57854.3629051 10.4330724142 0.0 10.4330724142 0.0
57854.3629398 10.4361870432 0.0 10.4361870432 0.0
57854.3630093 11.0505655964 0.0 11.0505655964 0.0
57854.3630671 10.568632835 0.0 10.568632835 0.0
57854.3631134 10.6258176156 0.0 10.6258176156 0.0
57854.3631597 10.2880513218 0.0 10.2880513218 0.0
57854.3632292 10.1302023672 0.0 10.1302023672 0.0
57854.3632755 9.91554335375 0.0 9.91554335375 0.0
57854.3633218 10.818317799 0.0 10.818317799 0.0
57854.3633681 10.1702015713 0.0 10.1702015713 0.0
57854.3634375 9.9826349227 0.0 9.9826349227 0.0
57854.3634838 9.69768013496 0.0 9.69768013496 0.0
57854.3635301 9.82680008955 0.0 9.82680008955 0.0
57854.3635764 9.97165984177 0.0 9.97165984177 0.0
57854.3636458 9.84007113795 0.0 9.84007113795 0.0
57854.3636921 9.54562727116 0.0 9.54562727116 0.0
57854.3637384 9.85814384151 0.0 9.85814384151 0.0
57854.3637963 9.69953607138 0.0 9.69953607138 0.0
57854.3638657 11.8455054768 0.0 11.8455054768 0.0
57854.3639005 10.6910242727 0.0 10.6910242727 0.0
57854.3639468 9.68147716002 0.0 9.68147716002 0.0
57854.3640046 9.68638219357 0.0 9.68638219357 0.0
57854.3640741 9.74012320251 0.0 9.74012320251 0.0
57854.3641204 10.3033004421 0.0 10.3033004421 0.0
57854.3641551 9.83381919704 0.0 9.83381919704 0.0
57854.364213 10.5787995538 0.0 10.5787995538 0.0
57854.3642824 9.72455654516 0.0 9.72455654516 0.0
57854.3643287 10.1750675673 0.0 10.1750675673 0.0
57854.364375 9.80708927256 0.0 9.80708927256 0.0
57854.3644213 10.6471122846 0.0 10.6471122846 0.0
57854.3644907 10.1531768427 0.0 10.1531768427 0.0
57854.364537 10.6931286348 0.0 10.6931286348 0.0
57854.3645833 10.4864197894 0.0 10.4864197894 0.0
