57854.3847222 199.727086523 0.0 173.34748527 0.0
57854.3854167 199.928558669 0.0 173.167586421 0.0
57854.3861111 199.980518532 0.0 173.310021742 0.0
57854.4083333 192.623716359 0.0 166.85011549 0.0
57854.4090278 192.994179308 0.0 166.951272151 0.0
57854.4097222 192.987449965 0.0 167.075688579 0.0
57854.4423611 199.199697491 0.0 173.025033847 0.0
57854.4430556 199.212736254 0.0 173.070063134 0.0
57854.44375 199.336561963 0.0 173.16008658 0.0
57854.4729167 249.945448594 0.0 221.31836386 0.0
57854.4736111 249.571060593 0.0 220.948369123 0.0
57854.4743056 249.373240319 0.0 220.442294478 0.0
57854.50625 231.309092134 0.0 203.852505886 0.0
57854.5069444 229.494079374 0.0 201.964379012 0.0
57854.5076389 230.014115885 0.0 202.478153383 0.0
57854.5291667 261.811868611 0.0 232.680595969 0.0
57854.5298611 260.17975804 0.0 231.398907831 0.0
57854.5305556 258.863650616 0.0 230.200364448 0.0
57854.5513889 241.43510327 0.0 213.602373643 0.0
57854.5520833 240.977446808 0.0 213.084947392 0.0
57854.5527778 240.794140672 0.0 212.950820492 0.0
57854.5756944 228.467508844 0.0 201.346119258 0.0
57854.5763889 228.211567368 0.0 201.081491525 0.0
57854.5770833 227.778657655 0.0 200.771240244 0.0
57854.6055556 217.673650637 0.0 191.121094407 0.0
57854.60625 217.763126403 0.0 191.134684274 0.0
57854.6069444 217.715410571 0.0 190.937536533 0.0
57854.6291667 213.383381575 0.0 186.978712588 0.0
57854.6298611 213.371208759 0.0 186.999548579 0.0
57854.6305556 212.883725351 0.0 186.443125272 0.0
57854.6340278 212.920325322 0.0 186.185217096 0.0
57854.6347222 212.737262503 0.0 186.254957225 0.0
57854.6354167 213.084947392 0.0 186.436159471 0.0
57854.6381944 213.139793161 0.0 186.241011288 0.0
57854.6388889 213.279890492 0.0 186.401326566 0.0
57854.6395833 212.828813595 0.0 186.115450834 0.0
57854.6402778 212.444033883 0.0 185.794188605 0.0
