57854.5284954 104.783257403 0.0 106.051099862 0.0
57854.5286111 99.7928684326 0.0 99.5480007584 0.0
57854.5287384 99.9626096298 0.0 99.8645162007 0.0
57854.5288542 118.281377905 0.0 116.61867125 0.0
57854.5289699 102.463076784 0.0 104.899420995 0.0
57854.5290972 106.982305509 0.0 106.563521634 0.0
57854.5291667 103.060113191 0.0 102.760714541 0.0
57854.529213 99.4421637033 0.0 99.240451188 0.0
57854.5293287 98.9485677208 0.0 99.3940204036 0.0
57854.529456 103.031995608 0.0 101.839137266 0.0
57854.5295718 101.705803827 0.0 102.316999941 0.0
57854.5296875 98.8374774617 0.0 99.2392302469 0.0
57854.5298148 129.206487159 0.0 137.475336544 0.0
57854.5298611 111.137428659 0.0 114.449849244 0.0
57854.5299306 98.9938982059 0.0 100.096801053 0.0
57854.5300463 104.26979672 0.0 103.495602815 0.0
57854.5301736 98.3511737805 0.0 97.8439662984 0.0
57854.5302894 97.9344582872 0.0 97.6371577782 0.0
57854.5304051 98.8596694158 0.0 98.8077593512 0.0
57854.5305324 97.9161489949 0.0 98.4720326844 0.0
57854.5305556 98.3405117436 0.0 99.6856539879 0.0
57854.5507176 91.5709928252 0.0 91.6111796071 0.0
57854.5508449 91.0799342281 0.0 91.0185689681 0.0
57854.5509606 91.169297151 0.0 91.3053427626 0.0
57854.5510764 91.0691934795 0.0 90.8940532268 0.0
57854.5512037 90.5096478117 0.0 90.8894630692 0.0
57854.5513194 89.9628704967 0.0 90.0515192043 0.0
57854.5513889 90.3894206863 0.0 90.5367084005 0.0
57854.5514352 90.8352575545 0.0 91.0431410816 0.0
57854.5515625 90.1522544421 0.0 89.8902852259 0.0
57854.5516782 90.8772605716 0.0 92.0024094467 0.0
57854.551794 89.7266034407 0.0 89.6807583822 0.0
57854.5519213 90.1951225289 0.0 90.1880426498 0.0
57854.552037 89.8419216068 0.0 89.95931581 0.0
57854.5520833 91.7216836032 0.0 91.2249445273 0.0
57854.5521528 93.7615099441 0.0 92.5809246011 0.0
57854.5522801 89.828971802 0.0 89.828054237 0.0
57854.5523958 90.681350613 0.0 91.1648104863 0.0
57854.5525116 90.1080786278 0.0 89.7473316929 0.0
57854.5526389 90.1626244627 0.0 90.5491379749 0.0
57854.5527546 90.0930918162 0.0 90.7269765726 0.0
57854.5527778 90.7565437751 0.0 90.464400197 0.0
57854.5751042 84.459983063 0.0 84.4902184279 0.0
57854.5752199 84.6576147609 0.0 84.8556027909 0.0
57854.5753356 85.2462549089 0.0 85.3620720109 0.0
57854.575463 84.6403934478 0.0 84.5896850213 0.0
57854.5755787 84.6666162014 0.0 84.7612939023 0.0
57854.5756944 84.4618695685 0.0 84.5643671826 0.0
57854.5758102 84.6701090704 0.0 84.502544512 0.0
57854.5759375 85.8181120277 0.0 86.1015006373 0.0
57854.5760532 84.3682811192 0.0 84.3857921513 0.0
57854.576169 84.8855357054 0.0 84.6015129238 0.0
57854.5762963 84.5644080509 0.0 84.397706829 0.0
57854.5763889 84.7253804418 0.0 84.8303185247 0.0
57854.576412 84.9196017478 0.0 85.3025801017 0.0
57854.5765278 84.6458396674 0.0 84.7373894453 0.0
57854.5766551 85.7214418334 0.0 85.0076177763 0.0
57854.5767708 85.1424238497 0.0 85.3282638637 0.0
57854.5768866 84.3025611592 0.0 84.4143061276 0.0
57854.5770139 84.2573488664 0.0 84.2317356167 0.0
57854.5770833 84.567935472 0.0 84.3415984731 0.0
57854.6049769 80.1100364561 0.0 80.3791724827 0.0
57854.6050926 80.2515868628 0.0 80.025130003 0.0
57854.6052083 79.987075681 0.0 79.9663449396 0.0
57854.6053356 80.0256033217 0.0 80.1265985987 0.0
57854.6054514 80.1053708312 0.0 80.1286115005 0.0
57854.6055556 80.1959478153 0.0 80.0890766272 0.0
57854.6055671 80.3083552253 0.0 80.0710488754 0.0
57854.6056944 80.8385481376 0.0 80.5618509656 0.0
57854.6058102 80.3095483925 0.0 80.3187135355 0.0
57854.6059259 80.5504222956 0.0 80.1631904056 0.0
57854.6060532 81.1546486592 0.0 81.1100311614 0.0
57854.606169 81.2183029372 0.0 81.1256232087 0.0
57854.60625 80.8247290933 0.0 80.9032477531 0.0
57854.6062847 80.3820429325 0.0 80.6275848144 0.0
57854.606412 80.7378714545 0.0 80.7163401797 0.0
57854.6065278 80.0489886944 0.0 80.0776189893 0.0
57854.6066435 80.130227505 0.0 80.1662223321 0.0
57854.6067708 80.0773676515 0.0 80.0144383096 0.0
57854.6068866 80.8503790158 0.0 81.0743166422 0.0
57854.6069444 80.3776359941 0.0 80.4558095416 0.0
57854.6285185 78.1744588724 0.0 78.0155587495 0.0
57854.6286343 78.0594052821 0.0 78.1554809274 0.0
57854.62875 78.3145656823 0.0 78.0210477948 0.0
57854.6288773 80.7759955185 0.0 80.151457716 0.0
57854.6289931 81.3518240914 0.0 81.5875259154 0.0
57854.6291088 79.8333809193 0.0 79.539547258 0.0
57854.6291667 79.2007530709 0.0 78.8811175377 0.0
57854.6292361 78.5685006157 0.0 78.2244281667 0.0
57854.6293519 78.0934377781 0.0 78.3312270554 0.0
57854.6294676 78.1256805474 0.0 78.2157737544 0.0
57854.6295833 78.5665310804 0.0 78.5664182141 0.0
57854.6297106 77.9677775623 0.0 78.0249176225 0.0
57854.6298264 79.2650753359 0.0 79.5036966247 0.0
57854.6298611 78.7508747507 0.0 78.7563972195 0.0
57854.6299421 78.2259819114 0.0 78.0092771278 0.0
57854.6300694 78.8920375387 0.0 78.4533127535 0.0
57854.6301852 78.2327105947 0.0 78.1363044941 0.0
57854.6303009 78.1047966261 0.0 78.0367801104 0.0
57854.6304282 78.0352956745 0.0 77.9646286915 0.0
57854.630544 78.5414087409 0.0 78.1958362958 0.0
57854.6305556 79.0844592951 0.0 78.4068339432 0.0
57854.6334144 78.3506524095 0.0 78.2451402389 0.0
57854.6335301 78.4187185371 0.0 78.4583999072 0.0
57854.6336574 78.1116456874 0.0 78.1757025104 0.0
57854.6337731 77.9317768949 0.0 78.0738462291 0.0
57854.6338889 78.7016876693 0.0 78.6697910065 0.0
57854.6340162 78.3819724044 0.0 78.3464721797 0.0
57854.6340278 78.1405585852 0.0 78.2338819055 0.0
57854.6341319 77.9359568556 0.0 78.1565467187 0.0
57854.6342477 78.4452038241 0.0 78.2227713521 0.0
57854.6343634 78.3845145421 0.0 78.9085989421 0.0
57854.6344907 78.2100503644 0.0 78.4045832334 0.0
57854.6346065 78.8079134351 0.0 78.7572555705 0.0
57854.6347222 80.2471688473 0.0 80.0428993978 0.0
57854.6348495 78.7827706101 0.0 78.3869378978 0.0
57854.6349653 78.4295013627 0.0 78.4612102124 0.0
57854.635081 78.2837946896 0.0 78.2108823374 0.0
57854.6352083 78.0126135506 0.0 78.1401736945 0.0
57854.6353241 78.4118505521 0.0 78.5390856962 0.0
57854.6354167 78.3082231314 0.0 78.36422532 0.0
57854.6375926 79.052094052 0.0 78.7059229728 0.0
57854.6377199 78.2956590751 0.0 78.1177617063 0.0
57854.6378356 77.938904515 0.0 77.9723055193 0.0
57854.6379514 78.5250929767 0.0 78.3998089028 0.0
57854.6380787 79.0124750087 0.0 79.4996063135 0.0
57854.6381944 78.5008024609 0.0 78.0979017452 0.0
57854.6383102 78.0586918671 0.0 78.0115358264 0.0
57854.6384375 77.9666520123 0.0 78.0097745991 0.0
57854.6385532 77.9896971272 0.0 78.0735165085 0.0
57854.638669 78.2417494053 0.0 78.5345320034 0.0
57854.6387847 78.0930957704 0.0 78.1614182254 0.0
57854.6388889 78.0512669468 0.0 78.1335879376 0.0
57854.638912 78.0236948241 0.0 78.1200001728 0.0
57854.6390278 78.387405334 0.0 78.2410775424 0.0
57854.6391435 78.0727334349 0.0 78.3883183835 0.0
57854.6392708 78.2908297823 0.0 78.3908109602 0.0
57854.6393866 78.2988444678 0.0 78.4129358907 0.0
57854.6395023 78.3312793334 0.0 78.3247904306 0.0
57854.6395833 78.4197515553 0.0 78.4307467069 0.0
57854.6396296 78.4786422665 0.0 78.5072360296 0.0
57854.6397454 78.2083691813 0.0 78.2273409365 0.0
57854.6398611 78.1391068224 0.0 78.1391586338 0.0
57854.6399884 78.3196414892 0.0 78.4842048568 0.0
57854.6401042 77.9347382301 0.0 78.0367523286 0.0
57854.6402199 77.9420539183 0.0 77.8878517485 0.0
57854.6402778 77.9576484894 0.0 78.0555370169 0.0
