57854.0223032 8.1559180967 0.0 8.1559180967 0.0
57854.022338 8.20402340318 0.0 8.20402340318 0.0
57854.0223843 8.34703540187 0.0 8.34703540187 0.0
57854.0224421 8.4694746 0.0 8.4694746 0.0
57854.0225116 8.46587266618 0.0 8.46587266618 0.0
57854.0225579 8.34278131081 0.0 8.34278131081 0.0
57854.0225926 8.47413712422 0.0 8.47413712422 0.0
57854.0226505 8.37651478838 0.0 8.37651478838 0.0
57854.0227199 8.58306472072 0.0 8.58306472072 0.0
57854.0227662 8.30505869937 0.0 8.30505869937 0.0
57854.0228125 8.53404944912 0.0 8.53404944912 0.0
57854.0228588 8.89511101673 0.0 8.89511101673 0.0
57854.0229282 9.25661925327 0.0 9.25661925327 0.0
57854.0229745 8.83679806265 0.0 8.83679806265 0.0
57854.0230208 9.20108689232 0.0 9.20108689232 0.0
57854.0230671 9.49757863879 0.0 9.49757863879 0.0
57854.0231366 9.80459076147 0.0 9.80459076147 0.0
57854.0231829 8.91627725006 0.0 8.91627725006 0.0
57854.0232292 9.23823576231 0.0 9.23823576231 0.0
57854.0232755 9.73298515359 0.0 9.73298515359 0.0
57854.0233449 10.999409075 0.0 10.999409075 0.0
57854.0233912 9.08284096525 0.0 9.08284096525 0.0
57854.0234491 9.27793080379 0.0 9.27793080379 0.0
57854.0234838 9.64344336842 0.0 9.64344336842 0.0
57854.0235532 9.7341152654 0.0 9.7341152654 0.0
57854.0235995 8.63874990956 0.0 8.63874990956 0.0
57854.0236574 8.58061769338 0.0 8.58061769338 0.0
57854.0237037 8.70591752775 0.0 8.70591752775 0.0
57854.0237731 9.23460881684 0.0 9.23460881684 0.0
57854.0238194 8.73120839289 0.0 8.73120839289 0.0
57854.0238657 9.22464091442 0.0 9.22464091442 0.0
57854.023912 9.58681386072 0.0 9.58681386072 0.0
57854.0239815 9.57982254533 0.0 9.57982254533 0.0
57854.0240278 8.71441334801 0.0 8.71441334801 0.0
57854.0240741 8.93812060782 0.0 8.93812060782 0.0
57854.0241204 8.90965768142 0.0 8.90965768142 0.0
57854.0241898 8.85968396728 0.0 8.85968396728 0.0
57854.0242361 8.80647489067 0.0 8.80647489067 0.0
57854.0242824 9.54536536755 0.0 9.54536536755 0.0
57854.0243287 10.2742396312 0.0 10.2742396312 0.0
57854.0243981 10.1237838776 0.0 10.1237838776 0.0
57854.0244444 8.33162649187 0.0 8.33162649187 0.0
57854.0244907 8.39487939163 0.0 8.39487939163 0.0
57854.024537 8.51545653503 0.0 8.51545653503 0.0
57854.0246065 8.41605608346 0.0 8.41605608346 0.0
57854.0246644 8.35140706708 0.0 8.35140706708 0.0
57854.0247106 8.63956017399 0.0 8.63956017399 0.0
57854.0247454 8.77530626246 0.0 8.77530626246 0.0
57854.0248148 8.57951047555 0.0 8.57951047555 0.0
57854.0248727 8.05102477949 0.0 8.05102477949 0.0
57854.024919 8.11239791923 0.0 8.11239791923 0.0
57854.0249653 8.15352684426 0.0 8.15352684426 0.0
57854.0250347 8.27749962247 0.0 8.27749962247 0.0
57854.025081 8.14561231584 0.0 8.14561231584 0.0
57854.0251273 8.15745058214 0.0 8.15745058214 0.0
57854.0251736 8.13234283586 0.0 8.13234283586 0.0
57854.0252431 8.11560225738 0.0 8.11560225738 0.0
57854.0252894 8.15095086478 0.0 8.15095086478 0.0
57854.0253356 8.15150292891 0.0 8.15150292891 0.0
57854.0253819 8.10376455729 0.0 8.10376455729 0.0
57854.0254514 8.2307350826 0.0 8.2307350826 0.0
57854.0254977 8.55365418988 0.0 8.55365418988 0.0
57854.025544 8.71688017584 0.0 8.71688017584 0.0
57854.0256019 8.81742592824 0.0 8.81742592824 0.0
57854.0256713 8.52519794492 0.0 8.52519794492 0.0
57854.025706 8.24123777111 0.0 8.24123777111 0.0
57854.0257523 8.43101417387 0.0 8.43101417387 0.0
57854.0258102 8.59848823922 0.0 8.59848823922 0.0
57854.0258796 8.58370549355 0.0 8.58370549355 0.0
57854.0259259 8.2183940037 0.0 8.2183940037 0.0
57854.0259606 8.28908921414 0.0 8.28908921414 0.0
57854.0260185 8.3263437354 0.0 8.3263437354 0.0
57854.026088 8.38081141656 0.0 8.38081141656 0.0
57854.0261343 8.03585714159 0.0 8.03585714159 0.0
57854.0261806 8.10339435052 0.0 8.10339435052 0.0
57854.0262269 8.23128179569 0.0 8.23128179569 0.0
57854.0262963 8.30818873161 0.0 8.30818873161 0.0
57854.0263426 8.23844645549 0.0 8.23844645549 0.0
57854.0263889 1.26412024744 0.0 1.26412024744 0.0
57854.0285532 8.13756720402 0.0 8.13756720402 0.0
57854.028588 7.97577582433 0.0 7.97577582433 0.0
57854.0286343 8.03567047607 0.0 8.03567047607 0.0
57854.0286921 8.11424673029 0.0 8.11424673029 0.0
57854.0287616 8.1015430629 0.0 8.1015430629 0.0
57854.0288079 7.87959389817 0.0 7.87959389817 0.0
57854.0288426 7.8899302912 0.0 7.8899302912 0.0
57854.0289005 7.95430700941 0.0 7.95430700941 0.0
57854.0289699 8.01398777139 0.0 8.01398777139 0.0
57854.0290162 7.98310716451 0.0 7.98310716451 0.0
57854.0290625 8.06070716501 0.0 8.06070716501 0.0
57854.0291088 8.06387003864 0.0 8.06387003864 0.0
57854.0291782 8.05388105201 0.0 8.05388105201 0.0
57854.0292245 7.86339621283 0.0 7.86339621283 0.0
57854.0292708 7.91858573231 0.0 7.91858573231 0.0
57854.0293171 7.91738593224 0.0 7.91738593224 0.0
57854.0293866 7.90487191547 0.0 7.90487191547 0.0
57854.0294329 7.91296404642 0.0 7.91296404642 0.0
57854.0294792 7.9735186712 0.0 7.9735186712 0.0
57854.0295255 8.04257421476 0.0 8.04257421476 0.0
57854.0295949 7.96994353807 0.0 7.96994353807 0.0
57854.0296412 7.84888527117 0.0 7.84888527117 0.0
57854.0296991 7.88168763654 0.0 7.88168763654 0.0
57854.0297338 7.9190277181 0.0 7.9190277181 0.0
57854.0298032 7.9169438548 0.0 7.9169438548 0.0
57854.0298495 7.81229799739 0.0 7.81229799739 0.0
57854.0299074 7.83798443479 0.0 7.83798443479 0.0
57854.0299537 7.87045106712 0.0 7.87045106712 0.0
57854.0300231 7.90158212006 0.0 7.90158212006 0.0
57854.0300694 7.87026047854 0.0 7.87026047854 0.0
57854.0301157 7.88701464434 0.0 7.88701464434 0.0
57854.030162 7.94814443754 0.0 7.94814443754 0.0
57854.0302315 7.94569065595 0.0 7.94569065595 0.0
57854.0302778 7.88054566639 0.0 7.88054566639 0.0
57854.0303241 7.8998101243 0.0 7.8998101243 0.0
57854.0303704 7.94046598129 0.0 7.94046598129 0.0
57854.0304398 8.16400636942 0.0 8.16400636942 0.0
57854.0304861 8.18584143506 0.0 8.18584143506 0.0
57854.0305324 8.53451814691 0.0 8.53451814691 0.0
57854.0305787 8.88774437076 0.0 8.88774437076 0.0
57854.0306481 8.99383121923 0.0 8.99383121923 0.0
57854.0306944 8.1882232505 0.0 8.1882232505 0.0
57854.0307407 8.31276127409 0.0 8.31276127409 0.0
57854.030787 8.34308096569 0.0 8.34308096569 0.0
57854.0308565 8.18370331818 0.0 8.18370331818 0.0
57854.0309144 7.93202370143 0.0 7.93202370143 0.0
57854.0309606 7.97408301938 0.0 7.97408301938 0.0
57854.0309954 8.0724841282 0.0 8.0724841282 0.0
57854.0310648 8.11104185663 0.0 8.11104185663 0.0
57854.0311227 7.93019545787 0.0 7.93019545787 0.0
57854.031169 7.92477129008 0.0 7.92477129008 0.0
57854.0312153 7.9327170629 0.0 7.9327170629 0.0
57854.0312847 7.87114985247 0.0 7.87114985247 0.0
57854.031331 7.94235481454 0.0 7.94235481454 0.0
57854.0313773 8.07997524749 0.0 8.07997524749 0.0
57854.0314236 8.1635163992 0.0 8.1635163992 0.0
57854.0314931 8.1231767185 0.0 8.1231767185 0.0
57854.0315394 7.91688069886 0.0 7.91688069886 0.0
57854.0315856 7.95895721813 0.0 7.95895721813 0.0
57854.0316319 8.0195386401 0.0 8.0195386401 0.0
57854.0317014 8.12126837384 0.0 8.12126837384 0.0
57854.0317477 8.0894375577 0.0 8.0894375577 0.0
57854.031794 8.31306201108 0.0 8.31306201108 0.0
57854.0318519 8.52197160286 0.0 8.52197160286 0.0
57854.0319213 8.18663545054 0.0 8.18663545054 0.0
57854.031956 7.91416451686 0.0 7.91416451686 0.0
57854.0320023 7.93548990296 0.0 7.93548990296 0.0
57854.0320602 7.95084901127 0.0 7.95084901127 0.0
57854.0321296 7.97013174295 0.0 7.97013174295 0.0
57854.0321759 7.94210299606 0.0 7.94210299606 0.0
57854.0322106 7.96661785201 0.0 7.96661785201 0.0
57854.0322685 7.94506135911 0.0 7.94506135911 0.0
57854.032338 7.83160264569 0.0 7.83160264569 0.0
57854.0323843 7.87800736227 0.0 7.87800736227 0.0
57854.0324306 7.93813580131 0.0 7.93813580131 0.0
57854.0324769 8.01567214898 0.0 8.01567214898 0.0
57854.0325463 8.06151350554 0.0 8.06151350554 0.0
57854.0325926 7.97113542728 0.0 7.97113542728 0.0
57854.0326389 8.07143109987 0.0 8.07143109987 0.0
57854.0348032 7.88289287001 0.0 7.88289287001 0.0
57854.034838 7.92224715595 0.0 7.92224715595 0.0
57854.0348843 7.98204234516 0.0 7.98204234516 0.0
57854.0349421 8.03672819 0.0 8.03672819 0.0
57854.0350116 7.95191800763 0.0 7.95191800763 0.0
57854.0350579 8.05425353462 0.0 8.05425353462 0.0
57854.0350926 8.33756559195 0.0 8.33756559195 0.0
57854.0351505 8.50928904198 0.0 8.50928904198 0.0
57854.0352199 8.76949257369 0.0 8.76949257369 0.0
57854.0352662 8.04313371765 0.0 8.04313371765 0.0
57854.0353125 8.04692487849 0.0 8.04692487849 0.0
57854.0353588 7.94543894319 0.0 7.94543894319 0.0
57854.0354282 7.84455224981 0.0 7.84455224981 0.0
57854.0354745 7.85678051113 0.0 7.85678051113 0.0
57854.0355208 7.89943035921 0.0 7.89943035921 0.0
57854.0355671 7.95361553006 0.0 7.95361553006 0.0
57854.0356366 8.06864300859 0.0 8.06864300859 0.0
57854.0356829 7.84295862542 0.0 7.84295862542 0.0
57854.0357292 7.8706416511 0.0 7.8706416511 0.0
57854.0357755 7.94915089805 0.0 7.94915089805 0.0
57854.0358449 7.96611574106 0.0 7.96611574106 0.0
57854.0358912 7.83792064262 0.0 7.83792064262 0.0
57854.0359491 7.82240372264 0.0 7.82240372264 0.0
57854.0359838 7.80230735103 0.0 7.80230735103 0.0
57854.0360532 7.88897965519 0.0 7.88897965519 0.0
57854.0360995 7.78511400045 0.0 7.78511400045 0.0
57854.0361574 7.7818378292 0.0 7.7818378292 0.0
57854.0362037 7.7729016461 0.0 7.7729016461 0.0
57854.0362731 7.80512652044 0.0 7.80512652044 0.0
57854.0363194 7.75332186872 0.0 7.75332186872 0.0
57854.0363657 7.7878751916 0.0 7.7878751916 0.0
57854.036412 7.82227588365 0.0 7.82227588365 0.0
57854.0364815 7.82182843074 0.0 7.82182843074 0.0
57854.0365278 7.80852098672 0.0 7.80852098672 0.0
57854.0365741 7.74887088549 0.0 7.74887088549 0.0
57854.0366204 7.74551483118 0.0 7.74551483118 0.0
57854.0366898 7.77772460299 0.0 7.77772460299 0.0
57854.0367361 7.76247383248 0.0 7.76247383248 0.0
57854.0367824 7.79563980697 0.0 7.79563980697 0.0
57854.0368287 7.79762784442 0.0 7.79762784442 0.0
57854.0368981 7.74751573086 0.0 7.74751573086 0.0
57854.0369444 7.71427248676 0.0 7.71427248676 0.0
57854.0369907 7.79442108177 0.0 7.79442108177 0.0
57854.037037 7.85945290717 0.0 7.85945290717 0.0
57854.0371065 7.87299180744 0.0 7.87299180744 0.0
57854.0371644 7.79230389551 0.0 7.79230389551 0.0
57854.0372106 7.78601310043 0.0 7.78601310043 0.0
57854.0372454 7.81012163798 0.0 7.81012163798 0.0
57854.0373148 7.81152993977 0.0 7.81152993977 0.0
57854.0373727 7.80237143438 0.0 7.80237143438 0.0
57854.037419 7.90645306063 0.0 7.90645306063 0.0
57854.0374653 7.95147785006 0.0 7.95147785006 0.0
57854.0375347 7.81920712093 0.0 7.81920712093 0.0
57854.037581 7.7505483677 0.0 7.7505483677 0.0
57854.0376273 7.77907449508 0.0 7.77907449508 0.0
57854.0376736 7.86911685007 0.0 7.86911685007 0.0
57854.0377431 7.92691617213 0.0 7.92691617213 0.0
57854.0377894 7.78832459519 0.0 7.78832459519 0.0
57854.0378356 7.80320446996 0.0 7.80320446996 0.0
57854.0378819 7.80986555582 0.0 7.80986555582 0.0
57854.0379514 7.8178002021 0.0 7.8178002021 0.0
57854.0379977 7.80768851838 0.0 7.80768851838 0.0
57854.038044 7.7878751916 0.0 7.7878751916 0.0
57854.0381019 7.79031449943 0.0 7.79031449943 0.0
57854.0381713 7.76640199835 0.0 7.76640199835 0.0
57854.038206 7.83473037188 0.0 7.83473037188 0.0
57854.0382523 7.90784420686 0.0 7.90784420686 0.0
57854.0383102 7.92155287807 0.0 7.92155287807 0.0
57854.0383796 7.99587393597 0.0 7.99587393597 0.0
57854.0384259 7.77495980697 0.0 7.77495980697 0.0
57854.0384606 7.77303029712 0.0 7.77303029712 0.0
57854.0385185 7.81933501009 0.0 7.81933501009 0.0
57854.038588 7.91890143896 0.0 7.91890143896 0.0
57854.0386343 7.80999359795 0.0 7.80999359795 0.0
57854.0386806 7.90278431947 0.0 7.90278431947 0.0
57854.0387269 7.95543839144 0.0 7.95543839144 0.0
57854.0387963 8.11147335569 0.0 8.11147335569 0.0
57854.0388426 7.79140552147 0.0 7.79140552147 0.0
57854.0388889 1.16232525568 0.0 1.16232525568 0.0
57854.0521644 7.89544172292 0.0 7.89544172292 0.0
57854.0521991 7.8665112979 0.0 7.8665112979 0.0
57854.0522454 7.83504945741 0.0 7.83504945741 0.0
57854.0523032 7.90986725552 0.0 7.90986725552 0.0
57854.0523727 7.86701976609 0.0 7.86701976609 0.0
57854.052419 7.87267425974 0.0 7.87267425974 0.0
57854.0524537 7.84448851105 0.0 7.84448851105 0.0
57854.0525116 7.81933501009 0.0 7.81933501009 0.0
57854.052581 7.72081601905 0.0 7.72081601905 0.0
57854.0526273 7.69233384611 0.0 7.69233384611 0.0
57854.0526736 7.75164498671 0.0 7.75164498671 0.0
57854.0527199 7.80839292044 0.0 7.80839292044 0.0
57854.0527894 7.82655735301 0.0 7.82655735301 0.0
57854.0528356 7.67306978986 0.0 7.67306978986 0.0
57854.0528819 7.69811665279 0.0 7.69811665279 0.0
57854.0529282 7.72191686047 0.0 7.72191686047 0.0
57854.0529977 7.71064199662 0.0 7.71064199662 0.0
57854.053044 7.66922421109 0.0 7.66922421109 0.0
57854.0530903 7.66746372668 0.0 7.66746372668 0.0
57854.0531366 7.66270187336 0.0 7.66270187336 0.0
57854.053206 7.7061014787 0.0 7.7061014787 0.0
57854.0532523 7.76009020566 0.0 7.76009020566 0.0
57854.0533102 7.90151884134 0.0 7.90151884134 0.0
57854.0533449 8.09932095919 0.0 8.09932095919 0.0
57854.0534144 8.93661009556 0.0 8.93661009556 0.0
57854.0534606 8.77319782064 0.0 8.77319782064 0.0
57854.0535185 8.70373483052 0.0 8.70373483052 0.0
57854.0535648 8.57921907868 0.0 8.57921907868 0.0
57854.0536343 8.48640088612 0.0 8.48640088612 0.0
57854.0536806 7.86943454131 0.0 7.86943454131 0.0
57854.0537269 8.02838713566 0.0 8.02838713566 0.0
57854.0537731 8.10259217782 0.0 8.10259217782 0.0
57854.0538426 7.949087998 0.0 7.949087998 0.0
57854.0538889 8.13228135273 0.0 8.13228135273 0.0
57854.0539352 8.19664565539 0.0 8.19664565539 0.0
57854.0539815 8.23717184475 0.0 8.23717184475 0.0
57854.0540509 8.1281609236 0.0 8.1281609236 0.0
57854.0540972 7.75203199168 0.0 7.75203199168 0.0
57854.0541435 7.84072700711 0.0 7.84072700711 0.0
57854.0541898 8.02863624783 0.0 8.02863624783 0.0
57854.0542593 8.1682923552 0.0 8.1682923552 0.0
57854.0543056 7.88003807097 0.0 7.88003807097 0.0
57854.0543519 7.97414572227 0.0 7.97414572227 0.0
57854.0543981 7.89081744815 0.0 7.89081744815 0.0
57854.0544676 7.81703268511 0.0 7.81703268511 0.0
57854.0545255 7.79057122424 0.0 7.79057122424 0.0
57854.0545718 7.89544172292 0.0 7.89544172292 0.0
57854.0546065 8.09604841883 0.0 8.09604841883 0.0
57854.0546759 8.28390004768 0.0 8.28390004768 0.0
57854.0547338 8.38552323949 0.0 8.38552323949 0.0
57854.0547801 8.51745267084 0.0 8.51745267084 0.0
57854.0548264 8.50376387254 0.0 8.50376387254 0.0
57854.0548958 8.30301150186 0.0 8.30301150186 0.0
57854.0549421 7.80980153397 0.0 7.80980153397 0.0
57854.0549884 7.87667442516 0.0 7.87667442516 0.0
57854.0550347 7.82585458592 0.0 7.82585458592 0.0
57854.0551042 7.80794467194 0.0 7.80794467194 0.0
57854.0551505 7.8052546403 0.0 7.8052546403 0.0
57854.0551968 7.94776698199 0.0 7.94776698199 0.0
57854.0552431 8.00868278807 0.0 8.00868278807 0.0
57854.0553125 7.94096971408 0.0 7.94096971408 0.0
57854.0553588 7.92786225915 0.0 7.92786225915 0.0
57854.0554051 8.03299446035 0.0 8.03299446035 0.0
57854.055463 7.98467281734 0.0 7.98467281734 0.0
57854.0555324 7.91713331958 0.0 7.91713331958 0.0
57854.0555671 7.75673900554 0.0 7.75673900554 0.0
57854.0556134 7.8755952156 0.0 7.8755952156 0.0
57854.0556713 8.10684895628 0.0 8.10684895628 0.0
57854.0557407 8.06845710158 0.0 8.06845710158 0.0
57854.055787 7.72133408162 0.0 7.72133408162 0.0
57854.0558218 7.7628602976 0.0 7.7628602976 0.0
57854.0558796 7.98905501295 0.0 7.98905501295 0.0
57854.0559491 7.98279399709 0.0 7.98279399709 0.0
57854.0559954 7.94720076505 0.0 7.94720076505 0.0
57854.0560417 8.22380690435 0.0 8.22380690435 0.0
57854.056088 8.34895203005 0.0 8.34895203005 0.0
57854.0561574 8.54885957307 0.0 8.54885957307 0.0
57854.0562037 8.0109300334 0.0 8.0109300334 0.0
57854.05625 8.09993827137 0.0 8.09993827137 0.0
57854.0584144 7.96981806568 0.0 7.96981806568 0.0
57854.0584491 8.33384665086 0.0 8.33384665086 0.0
57854.0584954 8.25075754098 0.0 8.25075754098 0.0
57854.0585532 8.14561231584 0.0 8.14561231584 0.0
57854.0586227 7.80589520811 0.0 7.80589520811 0.0
57854.058669 7.98711462294 0.0 7.98711462294 0.0
57854.0587037 8.08047028334 0.0 8.08047028334 0.0
57854.0587616 8.2 0.0 8.2 0.0
57854.058831 8.22411089419 0.0 8.22411089419 0.0
57854.0588773 8.09042644117 0.0 8.09042644117 0.0
57854.0589236 8.24942422233 0.0 8.24942422233 0.0
57854.0589699 8.4195605586 0.0 8.4195605586 0.0
57854.0590394 8.10351775465 0.0 8.10351775465 0.0
57854.0590856 7.91801742862 0.0 7.91801742862 0.0
57854.0591319 8.0979009626 0.0 8.0979009626 0.0
57854.0591782 8.30222861646 0.0 8.30222861646 0.0
57854.0592477 8.09925922539 0.0 8.09925922539 0.0
57854.059294 8.415996673 0.0 8.415996673 0.0
57854.0593403 8.4833955466 0.0 8.4833955466 0.0
57854.0593866 8.6224126554 0.0 8.6224126554 0.0
57854.059456 8.54312589162 0.0 8.54312589162 0.0
57854.0595023 8.08127465193 0.0 8.08127465193 0.0
57854.0595602 8.22733249602 0.0 8.22733249602 0.0
57854.0595949 8.1762460824 0.0 8.1762460824 0.0
57854.0596644 7.88029187277 0.0 7.88029187277 0.0
57854.0597106 8.04226336301 0.0 8.04226336301 0.0
57854.0597685 8.14978527324 0.0 8.14978527324 0.0
57854.0598148 8.22283406132 0.0 8.22283406132 0.0
57854.0598843 8.18009779893 0.0 8.18009779893 0.0
57854.0599306 7.84525334199 0.0 7.84525334199 0.0
57854.0599769 7.95336406812 0.0 7.95336406812 0.0
57854.0600231 8.04947203238 0.0 8.04947203238 0.0
57854.0600926 8.03411476144 0.0 8.03411476144 0.0
57854.0601389 7.951666492 0.0 7.951666492 0.0
57854.0601852 8.03224750615 0.0 8.03224750615 0.0
57854.0602315 8.0237771654 0.0 8.0237771654 0.0
57854.0603009 7.84149220493 0.0 7.84149220493 0.0
57854.0603472 8.00412393707 0.0 8.00412393707 0.0
57854.0603935 8.08733577886 0.0 8.08733577886 0.0
57854.0604398 7.98479805631 0.0 7.98479805631 0.0
57854.0605093 7.98248081739 0.0 7.98248081739 0.0
57854.0605556 7.69584303374 0.0 7.69584303374 0.0
57854.0606019 7.80551087374 0.0 7.80551087374 0.0
57854.0606481 7.95267250677 0.0 7.95267250677 0.0
57854.0607176 7.89126098922 0.0 7.89126098922 0.0
57854.0607755 7.7861415348 0.0 7.7861415348 0.0
57854.0608218 7.8231707127 0.0 7.8231707127 0.0
57854.0608565 7.84436103198 0.0 7.84436103198 0.0
57854.0609259 7.94015113206 0.0 7.94015113206 0.0
57854.0609838 7.89043725024 0.0 7.89043725024 0.0
57854.0610301 8.1003703619 0.0 8.1003703619 0.0
57854.0610764 8.21127273935 0.0 8.21127273935 0.0
57854.0611458 8.05158369515 0.0 8.05158369515 0.0
57854.0611921 7.8060873682 0.0 7.8060873682 0.0
57854.0612384 7.92167911494 0.0 7.92167911494 0.0
57854.0612847 7.95317546644 0.0 7.95317546644 0.0
57854.0613542 7.9418511696 0.0 7.9418511696 0.0
57854.0614005 7.76672389106 0.0 7.76672389106 0.0
57854.0614468 7.93630896576 0.0 7.93630896576 0.0
57854.0614931 8.16841477889 0.0 8.16841477889 0.0
57854.0615625 8.47696879787 0.0 8.47696879787 0.0
57854.0616088 7.96881421543 0.0 7.96881421543 0.0
57854.0616551 8.14542816554 0.0 8.14542816554 0.0
57854.061713 8.18639114629 0.0 8.18639114629 0.0
57854.0617824 7.95292399058 0.0 7.95292399058 0.0
57854.0618171 7.8706416511 0.0 7.8706416511 0.0
57854.0618634 7.92451891284 0.0 7.92451891284 0.0
57854.0619213 7.87705528735 0.0 7.87705528735 0.0
57854.0619907 7.85499840866 0.0 7.85499840866 0.0
57854.062037 7.74674125036 0.0 7.74674125036 0.0
57854.0620718 7.70350569546 0.0 7.70350569546 0.0
57854.0621296 7.70953954526 0.0 7.70953954526 0.0
57854.0621991 7.72347072241 0.0 7.72347072241 0.0
57854.0622454 7.77315894601 0.0 7.77315894601 0.0
57854.0622917 7.82515175572 0.0 7.82515175572 0.0
57854.062338 7.88022842309 0.0 7.88022842309 0.0
57854.0624074 7.73020051486 0.0 7.73020051486 0.0
57854.0624537 7.75976803777 0.0 7.75976803777 0.0
57854.0625 7.86867206077 0.0 7.86867206077 0.0
57854.0768171 8.1367069506 0.0 8.1367069506 0.0
57854.0768519 7.90398633602 0.0 7.90398633602 0.0
57854.0768981 8.05686043071 0.0 8.05686043071 0.0
57854.076956 8.34895203005 0.0 8.34895203005 0.0
57854.0770255 8.08090341484 0.0 8.08090341484 0.0
57854.0770718 7.71252228522 0.0 7.71252228522 0.0
57854.0771065 7.82572680331 0.0 7.82572680331 0.0
57854.0771644 7.88663426311 0.0 7.88663426311 0.0
57854.0772338 8.06752750228 0.0 8.06752750228 0.0
57854.0772801 8.08541897492 0.0 8.08541897492 0.0
57854.0773264 8.31282142236 0.0 8.31282142236 0.0
57854.0773727 8.43291171542 0.0 8.43291171542 0.0
57854.0774421 8.11344563056 0.0 8.11344563056 0.0
57854.0774884 7.92874517184 0.0 7.92874517184 0.0
57854.0775347 8.10166649523 0.0 8.10166649523 0.0
57854.077581 8.01779271371 0.0 8.01779271371 0.0
57854.0776505 7.7620229322 0.0 7.7620229322 0.0
57854.0776968 7.91561747434 0.0 7.91561747434 0.0
57854.0777431 8.23941745514 0.0 8.23941745514 0.0
57854.0777894 8.37090198246 0.0 8.37090198246 0.0
57854.0778588 8.51980046715 0.0 8.51980046715 0.0
57854.0779051 7.8670833223 0.0 7.8670833223 0.0
57854.077963 7.82994252852 0.0 7.82994252852 0.0
57854.0779977 8.01018102167 0.0 8.01018102167 0.0
57854.0780671 7.90910867292 0.0 7.90910867292 0.0
57854.0781134 8.00143737087 0.0 8.00143737087 0.0
57854.0781713 8.12809940884 0.0 8.12809940884 0.0
57854.0782176 8.177224468 0.0 8.177224468 0.0
57854.078287 8.1673128996 0.0 8.1673128996 0.0
57854.0783333 7.87191209301 0.0 7.87191209301 0.0
57854.0783796 8.18565818979 0.0 8.18565818979 0.0
57854.0784259 8.52543254035 0.0 8.52543254035 0.0
57854.0784954 8.00362417908 0.0 8.00362417908 0.0
57854.0785417 7.66713766669 0.0 7.66713766669 0.0
57854.078588 7.72178735786 0.0 7.72178735786 0.0
57854.0786343 7.78293003952 0.0 7.78293003952 0.0
57854.0787037 7.7822233327 0.0 7.7822233327 0.0
57854.07875 7.95487272054 0.0 7.95487272054 0.0
57854.0787963 8.07161693838 0.0 8.07161693838 0.0
57854.0788426 7.92054291068 0.0 7.92054291068 0.0
57854.078912 7.99162061162 0.0 7.99162061162 0.0
57854.0789583 7.94883639283 0.0 7.94883639283 0.0
57854.0790046 7.93548990296 0.0 7.93548990296 0.0
57854.0790509 7.91921713303 0.0 7.91921713303 0.0
57854.0791204 8.03274548333 0.0 8.03274548333 0.0
57854.0791782 8.13799729663 0.0 8.13799729663 0.0
57854.0792245 8.19878039711 0.0 8.19878039711 0.0
57854.0792593 8.06275387197 0.0 8.06275387197 0.0
57854.0793287 7.75532075417 0.0 7.75532075417 0.0
57854.0793866 7.88777535177 0.0 7.88777535177 0.0
57854.0794329 8.04816749329 0.0 8.04816749329 0.0
57854.0794792 8.11763512361 0.0 8.11763512361 0.0
57854.0795486 8.01105486188 0.0 8.01105486188 0.0
57854.0795949 7.82329853706 0.0 7.82329853706 0.0
57854.0796412 7.77991002519 0.0 7.77991002519 0.0
57854.0796875 7.7557720441 0.0 7.7557720441 0.0
57854.0797569 7.62784373201 0.0 7.62784373201 0.0
57854.0798032 7.74286768581 0.0 7.74286768581 0.0
57854.0798495 7.7697490307 0.0 7.7697490307 0.0
57854.0798958 7.72068649797 0.0 7.72068649797 0.0
57854.0799653 7.64571775571 0.0 7.64571775571 0.0
57854.0800116 7.60355180163 0.0 7.60355180163 0.0
57854.0800579 7.65597805639 0.0 7.65597805639 0.0
57854.0801157 7.67691344226 0.0 7.67691344226 0.0
57854.0801852 7.60736485256 0.0 7.60736485256 0.0
57854.0802199 7.5420156457 0.0 7.5420156457 0.0
57854.0802662 7.62108916101 0.0 7.62108916101 0.0
57854.0803241 7.68550583892 0.0 7.68550583892 0.0
57854.0803935 7.70311625253 0.0 7.70311625253 0.0
57854.0804398 7.73912139716 0.0 7.73912139716 0.0
57854.0804745 7.77360920037 0.0 7.77360920037 0.0
57854.0805324 7.87013341691 0.0 7.87013341691 0.0
57854.0806019 7.71420767156 0.0 7.71420767156 0.0
57854.0806481 7.60861353993 0.0 7.60861353993 0.0
57854.0806944 7.76099220461 0.0 7.76099220461 0.0
57854.0807407 7.86981575388 0.0 7.86981575388 0.0
57854.0808102 8.03567047607 0.0 8.03567047607 0.0
57854.0808565 7.9260330557 0.0 7.9260330557 0.0
57854.0809028 8.10987052918 0.0 8.10987052918 0.0
57854.0830671 7.77849599858 0.0 7.77849599858 0.0
57854.0831019 7.51877649621 0.0 7.51877649621 0.0
57854.0831481 7.51831098053 0.0 7.51831098053 0.0
57854.083206 7.50812892804 0.0 7.50812892804 0.0
57854.0832755 7.49639913559 0.0 7.49639913559 0.0
57854.0833218 7.49606563472 0.0 7.49606563472 0.0
57854.0833565 7.57568478753 0.0 7.57568478753 0.0
57854.0834144 7.68257769242 0.0 7.68257769242 0.0
57854.0834838 7.89613829666 0.0 7.89613829666 0.0
57854.0835301 7.68765243751 0.0 7.68765243751 0.0
57854.0835764 7.79467767133 0.0 7.79467767133 0.0
57854.0836227 8.01267745513 0.0 8.01267745513 0.0
57854.0836921 8.32280000961 0.0 8.32280000961 0.0
57854.0837384 7.74706395998 0.0 7.74706395998 0.0
57854.0837847 7.76633761821 0.0 7.76633761821 0.0
57854.083831 7.87438886518 0.0 7.87438886518 0.0
57854.0839005 8.16872083009 0.0 8.16872083009 0.0
57854.0839468 7.89303490427 0.0 7.89303490427 0.0
57854.0839931 7.85709870117 0.0 7.85709870117 0.0
57854.0840394 7.79916662215 0.0 7.79916662215 0.0
57854.0841088 7.76955597187 0.0 7.76955597187 0.0
57854.0841551 7.42226380561 0.0 7.42226380561 0.0
57854.084213 7.46096508503 0.0 7.46096508503 0.0
57854.0842477 7.56914790449 0.0 7.56914790449 0.0
57854.0843171 7.83638947475 0.0 7.83638947475 0.0
57854.0843634 7.89290820927 0.0 7.89290820927 0.0
57854.0844213 8.16780264208 0.0 8.16780264208 0.0
57854.0844676 8.36677954771 0.0 8.36677954771 0.0
57854.084537 7.8774996033 0.0 7.8774996033 0.0
57854.0845833 7.81242599965 0.0 7.81242599965 0.0
57854.0846296 7.97941100583 0.0 7.97941100583 0.0
57854.0846759 7.82425715324 0.0 7.82425715324 0.0
57854.0847454 7.53418874199 0.0 7.53418874199 0.0
57854.0847917 7.634068378 0.0 7.634068378 0.0
57854.084838 7.70201272396 0.0 7.70201272396 0.0
57854.0848843 8.02047380147 0.0 8.02047380147 0.0
57854.0849537 7.96297683031 0.0 7.96297683031 0.0
57854.085 7.57667473236 0.0 7.57667473236 0.0
57854.0850463 7.62476229138 0.0 7.62476229138 0.0
57854.0850926 7.73698907845 0.0 7.73698907845 0.0
57854.085162 7.68719714851 0.0 7.68719714851 0.0
57854.0852083 7.55790976395 0.0 7.55790976395 0.0
57854.0852546 7.53889912388 0.0 7.53889912388 0.0
57854.0853009 7.64826777774 0.0 7.64826777774 0.0
57854.0853704 7.91814372186 0.0 7.91814372186 0.0
57854.0854282 8.02221914435 0.0 8.02221914435 0.0
57854.0854745 8.07335122486 0.0 8.07335122486 0.0
57854.0855093 7.89126098922 0.0 7.89126098922 0.0
57854.0855787 7.71284642658 0.0 7.71284642658 0.0
57854.0856366 7.91763853684 0.0 7.91763853684 0.0
57854.0856829 8.0245872168 0.0 8.0245872168 0.0
57854.0857292 7.98329505906 0.0 7.98329505906 0.0
57854.0857986 7.89461842016 0.0 7.89461842016 0.0
57854.0858449 7.58050130268 0.0 7.58050130268 0.0
57854.0858912 7.59025691265 0.0 7.59025691265 0.0
57854.0859375 7.61642960973 0.0 7.61642960973 0.0
57854.0860069 7.6285647405 0.0 7.6285647405 0.0
57854.0860532 7.86689265212 0.0 7.86689265212 0.0
57854.0860995 7.86199720173 0.0 7.86199720173 0.0
57854.0861458 7.81492162469 0.0 7.81492162469 0.0
57854.0862153 7.66472439165 0.0 7.66472439165 0.0
57854.0862616 7.88986691903 0.0 7.88986691903 0.0
57854.0863079 8.15254561471 0.0 8.15254561471 0.0
57854.0863657 8.38975565794 0.0 8.38975565794 0.0
57854.0864352 8.03865660418 0.0 8.03865660418 0.0
57854.0864699 7.55374079513 0.0 7.55374079513 0.0
57854.0865162 7.61406593089 0.0 7.61406593089 0.0
57854.0865741 7.6324963151 0.0 7.6324963151 0.0
57854.0866435 7.77212969526 0.0 7.77212969526 0.0
57854.0866898 7.67743446732 0.0 7.67743446732 0.0
57854.0867245 7.69480344128 0.0 7.69480344128 0.0
57854.0867824 7.75087091881 0.0 7.75087091881 0.0
57854.0868519 7.50779594821 0.0 7.50779594821 0.0
57854.0868981 7.49399759808 0.0 7.49399759808 0.0
57854.0869444 7.5789181286 0.0 7.5789181286 0.0
57854.0869907 7.80980153397 0.0 7.80980153397 0.0
57854.0870602 7.7973072275 0.0 7.7973072275 0.0
57854.0871065 7.58439186751 0.0 7.58439186751 0.0
57854.0871528 7.6113730693 0.0 7.6113730693 0.0
57854.1004282 8.13160500762 0.0 8.13160500762 0.0
57854.100463 7.64696018036 0.0 7.64696018036 0.0
57854.1005093 7.71854908645 0.0 7.71854908645 0.0
57854.1005671 7.7982690387 0.0 7.7982690387 0.0
57854.1006366 7.84187477584 0.0 7.84187477584 0.0
57854.1006829 7.55321123761 0.0 7.55321123761 0.0
57854.1007176 7.62030183129 0.0 7.62030183129 0.0
57854.1007755 7.69291882188 0.0 7.69291882188 0.0
57854.1008449 7.83721889448 0.0 7.83721889448 0.0
57854.1008912 7.4390187525 0.0 7.4390187525 0.0
57854.1009375 7.42159012611 0.0 7.42159012611 0.0
57854.1009838 7.44022849112 0.0 7.44022849112 0.0
57854.1010532 7.44983221288 0.0 7.44983221288 0.0
57854.1010995 7.37726236486 0.0 7.37726236486 0.0
57854.1011458 7.4275164086 0.0 7.4275164086 0.0
57854.1011921 7.52675228767 0.0 7.52675228767 0.0
57854.1012616 7.64244725203 0.0 7.64244725203 0.0
57854.1013079 7.47696462477 0.0 7.47696462477 0.0
57854.1013542 7.55645419493 0.0 7.55645419493 0.0
57854.1014005 7.72295280317 0.0 7.72295280317 0.0
57854.1014699 7.74286768581 0.0 7.74286768581 0.0
57854.1015162 7.52967462776 0.0 7.52967462776 0.0
57854.1015741 7.58663298176 0.0 7.58663298176 0.0
57854.1016088 7.64519456914 0.0 7.64519456914 0.0
57854.1016782 7.6650505543 0.0 7.6650505543 0.0
57854.1017245 7.50992676396 0.0 7.50992676396 0.0
57854.1017824 7.60151300729 0.0 7.60151300729 0.0
57854.1018287 7.86428636305 0.0 7.86428636305 0.0
57854.1018981 7.90183522987 0.0 7.90183522987 0.0
57854.1019444 7.58188630883 0.0 7.58188630883 0.0
57854.1019907 7.61209563786 0.0 7.61209563786 0.0
57854.102037 7.73673057564 0.0 7.73673057564 0.0
57854.1021065 7.63609848024 0.0 7.63609848024 0.0
57854.1021528 7.52808076471 0.0 7.52808076471 0.0
57854.1021991 7.56828910653 0.0 7.56828910653 0.0
57854.1022454 7.59374742798 0.0 7.59374742798 0.0
57854.1023148 7.57218594595 0.0 7.57218594595 0.0
57854.1023611 7.44889253514 0.0 7.44889253514 0.0
57854.1024074 7.42226380561 0.0 7.42226380561 0.0
57854.1024537 7.42313949754 0.0 7.42313949754 0.0
57854.1025231 7.50313267909 0.0 7.50313267909 0.0
57854.1025694 7.457211275 0.0 7.457211275 0.0
57854.1026157 7.47602835736 0.0 7.47602835736 0.0
57854.102662 7.49499833222 0.0 7.49499833222 0.0
57854.1027315 7.41201726927 0.0 7.41201726927 0.0
57854.1027894 7.40108100212 0.0 7.40108100212 0.0
57854.1028356 7.46846704485 0.0 7.46846704485 0.0
57854.1028704 7.470542149 0.0 7.470542149 0.0
57854.1029398 7.48578653182 0.0 7.48578653182 0.0
57854.1029977 7.48097587217 0.0 7.48097587217 0.0
57854.103044 7.51604949425 0.0 7.51604949425 0.0
57854.1030903 7.52136955614 0.0 7.52136955614 0.0
57854.1031597 7.53624574971 0.0 7.53624574971 0.0
57854.103206 7.39026386538 0.0 7.39026386538 0.0
57854.1032523 7.47141218245 0.0 7.47141218245 0.0
57854.1032986 7.52668585767 0.0 7.52668585767 0.0
57854.1033681 7.57845630719 0.0 7.57845630719 0.0
57854.1034144 7.44660996696 0.0 7.44660996696 0.0
57854.1034606 7.53763888761 0.0 7.53763888761 0.0
57854.1035069 7.61242405545 0.0 7.61242405545 0.0
57854.1035764 7.59723633962 0.0 7.59723633962 0.0
57854.1036227 7.36803908784 0.0 7.36803908784 0.0
57854.103669 7.36518838863 0.0 7.36518838863 0.0
57854.1037269 7.38985791474 0.0 7.38985791474 0.0
57854.1037963 7.46485096971 0.0 7.46485096971 0.0
57854.103831 7.44996644288 0.0 7.44996644288 0.0
57854.1038773 7.49353054308 0.0 7.49353054308 0.0
57854.1039352 7.55148991921 0.0 7.55148991921 0.0
57854.1040046 7.56029099969 0.0 7.56029099969 0.0
57854.1040509 7.40972334166 0.0 7.40972334166 0.0
57854.1040856 7.37875328223 0.0 7.37875328223 0.0
57854.1041435 7.4019592001 0.0 7.4019592001 0.0
57854.104213 7.42206170818 0.0 7.42206170818 0.0
57854.1042593 7.35289058806 0.0 7.35289058806 0.0
57854.1043056 7.35377454101 0.0 7.35377454101 0.0
57854.1043519 7.38451081657 0.0 7.38451081657 0.0
57854.1044213 7.35132641093 0.0 7.35132641093 0.0
57854.1044676 7.35574605326 0.0 7.35574605326 0.0
57854.1045139 7.41963610968 0.0 7.41963610968 0.0
57854.1066782 7.53339233015 0.0 7.53339233015 0.0
57854.106713 7.34561093443 0.0 7.34561093443 0.0
57854.1067593 7.3687855173 0.0 7.3687855173 0.0
57854.1068171 7.44929526868 0.0 7.44929526868 0.0
57854.1068866 7.49993333304 0.0 7.49993333304 0.0
57854.1069329 7.40547095059 0.0 7.40547095059 0.0
57854.1069676 7.44640853029 0.0 7.44640853029 0.0
57854.1070255 7.50146652329 0.0 7.50146652329 0.0
57854.1070949 7.52349652755 0.0 7.52349652755 0.0
57854.1071412 7.37577114612 0.0 7.37577114612 0.0
57854.1071875 7.39202272724 0.0 7.39202272724 0.0
57854.1072338 7.3866095064 0.0 7.3866095064 0.0
57854.1073032 7.46773057896 0.0 7.46773057896 0.0
57854.1073495 7.47328575661 0.0 7.47328575661 0.0
57854.1073958 7.583007319 0.0 7.583007319 0.0
57854.1074421 7.67267880209 0.0 7.67267880209 0.0
57854.1075116 7.53306046703 0.0 7.53306046703 0.0
57854.1075579 7.3646452732 0.0 7.3646452732 0.0
57854.1076042 7.39675604573 0.0 7.39675604573 0.0
57854.1076505 7.46826619772 0.0 7.46826619772 0.0
57854.1077199 7.58472148467 0.0 7.58472148467 0.0
57854.1077662 7.49713278527 0.0 7.49713278527 0.0
57854.1078241 7.5436065645 0.0 7.5436065645 0.0
57854.1078588 7.50952728206 0.0 7.50952728206 0.0
57854.1079282 7.3535025668 0.0 7.3535025668 0.0
57854.1079745 7.38119231561 0.0 7.38119231561 0.0
57854.1080324 7.3693283276 0.0 7.3693283276 0.0
57854.1080787 7.39540397815 0.0 7.39540397815 0.0
57854.1081481 7.45888731648 0.0 7.45888731648 0.0
57854.1081944 7.44513263817 0.0 7.44513263817 0.0
57854.1082407 7.54188305399 0.0 7.54188305399 0.0
57854.108287 7.61747989823 0.0 7.61747989823 0.0
57854.1083565 7.51744637493 0.0 7.51744637493 0.0
57854.1084028 7.43733823353 0.0 7.43733823353 0.0
57854.1084491 7.47375407677 0.0 7.47375407677 0.0
57854.1084954 7.54658863328 0.0 7.54658863328 0.0
57854.1085648 7.59953945973 0.0 7.59953945973 0.0
57854.1086111 7.57278020281 0.0 7.57278020281 0.0
57854.1086574 7.6927238349 0.0 7.6927238349 0.0
57854.1087037 7.69350375317 0.0 7.69350375317 0.0
57854.1087731 7.67424263364 0.0 7.67424263364 0.0
57854.1088194 7.51312185446 0.0 7.51312185446 0.0
57854.1088657 7.58689659874 0.0 7.58689659874 0.0
57854.108912 7.59038865935 0.0 7.59038865935 0.0
57854.1089815 7.65205854656 0.0 7.65205854656 0.0
57854.1090394 7.51478542608 0.0 7.51478542608 0.0
57854.1090856 7.68823776948 0.0 7.68823776948 0.0
57854.1091204 7.79673008382 0.0 7.79673008382 0.0
57854.1091898 7.74435278122 0.0 7.74435278122 0.0
57854.1092477 7.48010695111 0.0 7.48010695111 0.0
57854.109294 7.50479846498 0.0 7.50479846498 0.0
57854.1093403 7.60322300081 0.0 7.60322300081 0.0
57854.1094097 7.76794696171 0.0 7.76794696171 0.0
57854.109456 7.61038763796 0.0 7.61038763796 0.0
57854.1095023 7.60867925464 0.0 7.60867925464 0.0
57854.1095486 7.67854152818 0.0 7.67854152818 0.0
57854.1096181 7.6672028798 0.0 7.6672028798 0.0
57854.1096644 7.59874989719 0.0 7.59874989719 0.0
57854.1097106 7.64251267582 0.0 7.64251267582 0.0
57854.1097569 7.84569945894 0.0 7.84569945894 0.0
57854.1098264 7.72347072241 0.0 7.72347072241 0.0
57854.1098727 7.57060103294 0.0 7.57060103294 0.0
57854.109919 7.67958332203 0.0 7.67958332203 0.0
57854.1099769 7.86670197732 0.0 7.86670197732 0.0
57854.1100463 7.84429729166 0.0 7.84429729166 0.0
57854.110081 7.55916662073 0.0 7.55916662073 0.0
57854.1101273 7.67847641137 0.0 7.67847641137 0.0
57854.1101852 7.62541802133 0.0 7.62541802133 0.0
57854.1102546 7.61518220399 0.0 7.61518220399 0.0
57854.1103009 7.67802057825 0.0 7.67802057825 0.0
57854.1103356 7.79775608749 0.0 7.79775608749 0.0
57854.1103935 7.86021628201 0.0 7.86021628201 0.0
57854.110463 7.81600921187 0.0 7.81600921187 0.0
57854.1105093 8.19560858021 0.0 8.19560858021 0.0
57854.1105556 8.12896057316 0.0 8.12896057316 0.0
57854.1106019 8.20639994151 0.0 8.20639994151 0.0
57854.1106713 7.89164114744 0.0 7.89164114744 0.0
57854.1107176 7.70272678991 0.0 7.70272678991 0.0
57854.1107639 7.70188288667 0.0 7.70188288667 0.0
57854.1108102 7.62187640939 0.0 7.62187640939 0.0
57854.1108796 7.51844398795 0.0 7.51844398795 0.0
57854.1109259 7.58149061861 0.0 7.58149061861 0.0
57854.1109722 7.71757734007 0.0 7.71757734007 0.0
57854.1110185 7.92647462621 0.0 7.92647462621 0.0
57854.111088 7.85938928925 0.0 7.85938928925 0.0
57854.1254282 7.75802809997 0.0 7.75802809997 0.0
57854.125463 7.78010282708 0.0 7.78010282708 0.0
57854.1255093 7.99280926834 0.0 7.99280926834 0.0
57854.1255671 8.18235907303 0.0 8.18235907303 0.0
57854.1256366 7.97439652889 0.0 7.97439652889 0.0
57854.1256829 7.99055692677 0.0 7.99055692677 0.0
57854.1257176 8.17789704019 0.0 8.17789704019 0.0
57854.1257755 8.31516686543 0.0 8.31516686543 0.0
57854.1258449 8.36450835375 0.0 8.36450835375 0.0
57854.1258912 7.83141111167 0.0 7.83141111167 0.0
57854.1259375 7.97295428307 0.0 7.97295428307 0.0
57854.1259838 8.05307394726 0.0 8.05307394726 0.0
57854.1260532 8.26613573564 0.0 8.26613573564 0.0
57854.1260995 7.86625705148 0.0 7.86625705148 0.0
57854.1261458 7.98767801054 0.0 7.98767801054 0.0
57854.1261921 7.94732659452 0.0 7.94732659452 0.0
57854.1262616 7.97238985499 0.0 7.97238985499 0.0
57854.1263079 8.18712403717 0.0 8.18712403717 0.0
57854.1263542 8.39642781187 0.0 8.39642781187 0.0
57854.1264005 8.57816996801 0.0 8.57816996801 0.0
57854.1264699 8.71355266238 0.0 8.71355266238 0.0
57854.1265162 8.10826738582 0.0 8.10826738582 0.0
57854.1265741 8.6049404414 0.0 8.6049404414 0.0
57854.1266088 9.05378373941 0.0 9.05378373941 0.0
57854.1266782 8.43036179532 0.0 8.43036179532 0.0
57854.1267245 8.0280134529 0.0 8.0280134529 0.0
57854.1267824 8.06783738061 0.0 8.06783738061 0.0
57854.1268287 8.03623045961 0.0 8.03623045961 0.0
57854.1268981 7.91978535063 0.0 7.91978535063 0.0
57854.1269444 7.78434326067 0.0 7.78434326067 0.0
57854.1269907 7.91176339383 0.0 7.91176339383 0.0
57854.127037 8.18455863196 0.0 8.18455863196 0.0
57854.1271065 8.0385944045 0.0 8.0385944045 0.0
57854.1271528 7.8524518464 0.0 7.8524518464 0.0
57854.1271991 7.86040711414 0.0 7.86040711414 0.0
57854.1272454 7.92527602043 0.0 7.92527602043 0.0
57854.1273148 7.93731692702 0.0 7.93731692702 0.0
57854.1273611 7.70532283555 0.0 7.70532283555 0.0
57854.1274074 7.85397988284 0.0 7.85397988284 0.0
57854.1274537 8.06938659379 0.0 8.06938659379 0.0
57854.1275231 8.31071597397 0.0 8.31071597397 0.0
57854.1275694 7.85996183197 0.0 7.85996183197 0.0
57854.1276157 7.96416976213 0.0 7.96416976213 0.0
57854.127662 8.05884607124 0.0 8.05884607124 0.0
57854.1277315 7.87921315869 0.0 7.87921315869 0.0
57854.1277894 7.72308228624 0.0 7.72308228624 0.0
57854.1278356 7.91030972845 0.0 7.91030972845 0.0
57854.1278704 8.27508308115 0.0 8.27508308115 0.0
57854.1279398 8.69005178351 0.0 8.69005178351 0.0
57854.1279977 8.01997506231 0.0 8.01997506231 0.0
57854.128044 8.04288505451 0.0 8.04288505451 0.0
57854.1280903 8.15113489031 0.0 8.15113489031 0.0
57854.1281597 8.18840643837 0.0 8.18840643837 0.0
57854.128206 7.91542797327 0.0 7.91542797327 0.0
57854.1282523 7.89968353797 0.0 7.89968353797 0.0
57854.1282986 7.9632279887 0.0 7.9632279887 0.0
57854.1283681 8.23516848644 0.0 8.23516848644 0.0
57854.1284144 9.04157066001 0.0 9.04157066001 0.0
57854.1284606 9.24505273106 0.0 9.24505273106 0.0
57854.1285069 9.32550266742 0.0 9.32550266742 0.0
57854.1285764 8.35565676653 0.0 8.35565676653 0.0
57854.1286227 8.84974575906 0.0 8.84974575906 0.0
57854.128669 8.84115377086 0.0 8.84115377086 0.0
57854.1287269 8.33432660747 0.0 8.33432660747 0.0
57854.1287963 8.21681203387 0.0 8.21681203387 0.0
57854.128831 9.19266011555 0.0 9.19266011555 0.0
57854.1288773 9.49936840006 0.0 9.49936840006 0.0
57854.1289352 8.98159228645 0.0 8.98159228645 0.0
57854.1290046 9.2224725535 0.0 9.2224725535 0.0
57854.1290509 7.77463825525 0.0 7.77463825525 0.0
57854.1290856 8.2451804104 0.0 8.2451804104 0.0
57854.1291435 8.87930177435 0.0 8.87930177435 0.0
57854.129213 8.73252540792 0.0 8.73252540792 0.0
57854.1292593 9.37784623461 0.0 9.37784623461 0.0
57854.1293056 10.7051389529 0.0 10.7051389529 0.0
57854.1293519 12.6284203288 0.0 12.6284203288 0.0
57854.1294213 13.0878569674 0.0 13.0878569674 0.0
57854.1294676 15.7387102394 0.0 15.7387102394 0.0
57854.1295139 2.47426756839 0.0 2.47426756839 0.0
57854.1316782 7.87534126245 0.0 7.87534126245 0.0
57854.131713 7.98235554207 0.0 7.98235554207 0.0
57854.1317593 7.78370091923 0.0 7.78370091923 0.0
57854.1318171 7.79634529764 0.0 7.79634529764 0.0
57854.1318866 7.74648307298 0.0 7.74648307298 0.0
57854.1319329 7.85219714475 0.0 7.85219714475 0.0
57854.1319676 7.85926205187 0.0 7.85926205187 0.0
57854.1320255 7.85824407867 0.0 7.85824407867 0.0
57854.1320949 7.85366156643 0.0 7.85366156643 0.0
57854.1321412 7.88092634149 0.0 7.88092634149 0.0
57854.1321875 7.96146971356 0.0 7.96146971356 0.0
57854.1322338 7.7854351195 0.0 7.7854351195 0.0
57854.1323032 7.70655565087 0.0 7.70655565087 0.0
57854.1323495 7.88866275106 0.0 7.88866275106 0.0
57854.1323958 8.2276363556 0.0 8.2276363556 0.0
57854.1324421 8.83487407946 0.0 8.83487407946 0.0
57854.1325116 8.66816012773 0.0 8.66816012773 0.0
57854.1325579 8.0879540058 0.0 8.0879540058 0.0
57854.1326042 8.03050434282 0.0 8.03050434282 0.0
57854.1326505 7.97069633094 0.0 7.97069633094 0.0
57854.1327199 7.89195793197 0.0 7.89195793197 0.0
57854.1327662 7.94713784957 0.0 7.94713784957 0.0
57854.1328241 8.00006249976 0.0 8.00006249976 0.0
57854.1328588 8.06442806404 0.0 8.06442806404 0.0
57854.1329282 8.2741766962 0.0 8.2741766962 0.0
57854.1329745 8.03181175078 0.0 8.03181175078 0.0
57854.1330324 8.12262272914 0.0 8.12262272914 0.0
57854.1330787 8.03871880339 0.0 8.03871880339 0.0
57854.1331481 7.74680579336 0.0 7.74680579336 0.0
57854.1331944 7.83970662716 0.0 7.83970662716 0.0
57854.1332407 7.87800736227 0.0 7.87800736227 0.0
57854.133287 7.96962985339 0.0 7.96962985339 0.0
57854.1333565 8.12477692001 0.0 8.12477692001 0.0
57854.1334028 7.88885289507 0.0 7.88885289507 0.0
57854.1334491 7.99781220085 0.0 7.99781220085 0.0
57854.1334954 8.01797979543 0.0 8.01797979543 0.0
57854.1335648 8.62432606063 0.0 8.62432606063 0.0
57854.1336111 8.16425134351 0.0 8.16425134351 0.0
57854.1336574 8.43901653038 0.0 8.43901653038 0.0
57854.1337037 9.18787244143 0.0 9.18787244143 0.0
57854.1337731 9.39595657717 0.0 9.39595657717 0.0
57854.1338194 8.56095789033 0.0 8.56095789033 0.0
57854.1338657 8.82524787187 0.0 8.82524787187 0.0
57854.133912 8.76789598478 0.0 8.76789598478 0.0
57854.1339815 8.54464744738 0.0 8.54464744738 0.0
57854.1340394 8.14837407094 0.0 8.14837407094 0.0
57854.1340856 8.27254495304 0.0 8.27254495304 0.0
57854.1341204 8.02134652038 0.0 8.02134652038 0.0
57854.1341898 7.84066323725 0.0 7.84066323725 0.0
57854.1342477 7.85130562391 0.0 7.85130562391 0.0
57854.134294 7.80282000305 0.0 7.80282000305 0.0
57854.1343403 7.87502380949 0.0 7.87502380949 0.0
57854.1344097 8.11738874269 0.0 8.11738874269 0.0
57854.134456 8.01461165622 0.0 8.01461165622 0.0
57854.1345023 8.06188563551 0.0 8.06188563551 0.0
57854.1345486 7.89924046982 0.0 7.89924046982 0.0
57854.1346181 8.42431006077 0.0 8.42431006077 0.0
57854.1346644 9.00572040428 0.0 9.00572040428 0.0
57854.1347106 9.81677136334 0.0 9.81677136334 0.0
57854.1347569 11.0683783817 0.0 11.0683783817 0.0
57854.1348264 12.8565547485 0.0 12.8565547485 0.0
57854.1348727 8.5744970698 0.0 8.5744970698 0.0
57854.134919 8.82774036773 0.0 8.82774036773 0.0
57854.1349769 8.53416662598 0.0 8.53416662598 0.0
57854.1350463 8.74379780187 0.0 8.74379780187 0.0
57854.135081 9.42475463872 0.0 9.42475463872 0.0
57854.1351273 10.0233228023 0.0 10.0233228023 0.0
57854.1351852 10.2941731091 0.0 10.2941731091 0.0
57854.1352546 10.2966985 0.0 10.2966985 0.0
57854.1353009 8.38361497207 0.0 8.38361497207 0.0
57854.1353356 9.00077774417 0.0 9.00077774417 0.0
57854.1353935 10.503808833 0.0 10.503808833 0.0
57854.135463 11.6446983645 0.0 11.6446983645 0.0
57854.1355093 9.8818014552 0.0 9.8818014552 0.0
57854.1355556 11.1462549764 0.0 11.1462549764 0.0
57854.1356019 11.9348229983 0.0 11.9348229983 0.0
57854.1356713 11.451419126 0.0 11.451419126 0.0
57854.1357176 10.2895092206 0.0 10.2895092206 0.0
57854.1357639 11.1268144588 0.0 11.1268144588 0.0
57854.1490394 8.16376138799 0.0 8.16376138799 0.0
57854.1490741 8.03075338932 0.0 8.03075338932 0.0
57854.1491204 8.21644692066 0.0 8.21644692066 0.0
57854.1491782 8.35805001181 0.0 8.35805001181 0.0
57854.1492477 8.37066305617 0.0 8.37066305617 0.0
57854.149294 8.19432730613 0.0 8.19432730613 0.0
57854.1493287 8.6515316563 0.0 8.6515316563 0.0
57854.1493866 8.82235796145 0.0 8.82235796145 0.0
57854.149456 8.90269622081 0.0 8.90269622081 0.0
57854.1495023 8.86555130829 0.0 8.86555130829 0.0
57854.1495486 9.97411650223 0.0 9.97411650223 0.0
57854.1495949 11.5821414255 0.0 11.5821414255 0.0
57854.1496644 11.0470358015 0.0 11.0470358015 0.0
57854.1497106 8.65326527965 0.0 8.65326527965 0.0
57854.1497569 9.4701108758 0.0 9.4701108758 0.0
57854.1498032 9.5202941131 0.0 9.5202941131 0.0
57854.1498727 9.12206117059 0.0 9.12206117059 0.0
57854.149919 8.47195372981 0.0 8.47195372981 0.0
57854.1499653 8.74242529279 0.0 8.74242529279 0.0
57854.1500116 8.99205204611 0.0 8.99205204611 0.0
57854.150081 8.60958767886 0.0 8.60958767886 0.0
57854.1501273 8.17043450497 0.0 8.17043450497 0.0
57854.1501852 8.29795155445 0.0 8.29795155445 0.0
57854.1502199 8.36839291621 0.0 8.36839291621 0.0
57854.1502894 8.15285226163 0.0 8.15285226163 0.0
57854.1503356 7.87470634373 0.0 7.87470634373 0.0
57854.1503935 8.20816666497 0.0 8.20816666497 0.0
57854.1504398 8.46758525201 0.0 8.46758525201 0.0
57854.1505093 8.11572547589 0.0 8.11572547589 0.0
57854.1505556 7.94373967348 0.0 7.94373967348 0.0
57854.1506019 8.0837491302 0.0 8.0837491302 0.0
57854.1506481 8.19377812734 0.0 8.19377812734 0.0
57854.1507176 8.1660884149 0.0 8.1660884149 0.0
57854.1507639 7.9485847797 0.0 7.9485847797 0.0
57854.1508102 7.85563492023 0.0 7.85563492023 0.0
57854.1508565 7.90746482762 0.0 7.90746482762 0.0
57854.1509259 7.84595437152 0.0 7.84595437152 0.0
57854.1509722 8.05232885568 0.0 8.05232885568 0.0
57854.1510185 8.19084855189 0.0 8.19084855189 0.0
57854.1510648 8.29059708344 0.0 8.29059708344 0.0
57854.1511343 8.66741022451 0.0 8.66741022451 0.0
57854.1511806 7.81370590693 0.0 7.81370590693 0.0
57854.1512269 7.89993670861 0.0 7.89993670861 0.0
57854.1512731 7.92937576358 0.0 7.92937576358 0.0
57854.1513426 7.98986858465 0.0 7.98986858465 0.0
57854.1514005 7.65885108877 0.0 7.65885108877 0.0
57854.1514468 7.78569200521 0.0 7.78569200521 0.0
57854.1514815 7.98235554207 0.0 7.98235554207 0.0
57854.1515509 8.33366666 0.0 8.33366666 0.0
57854.1516088 8.28299462755 0.0 8.28299462755 0.0
57854.1516551 8.61312951255 0.0 8.61312951255 0.0
57854.1517014 8.7008045605 0.0 8.7008045605 0.0
57854.1517708 8.54739726466 0.0 8.54739726466 0.0
57854.1518171 8.12957563468 0.0 8.12957563468 0.0
57854.1518634 7.89024714442 0.0 7.89024714442 0.0
57854.1519097 7.82700453558 0.0 7.82700453558 0.0
57854.1519792 7.67215745407 0.0 7.67215745407 0.0
57854.1520255 7.81639303004 0.0 7.81639303004 0.0
57854.1520718 7.85601680243 0.0 7.85601680243 0.0
57854.1521181 7.94418025979 0.0 7.94418025979 0.0
57854.1521875 7.9109417897 0.0 7.9109417897 0.0
57854.1522338 7.85378889454 0.0 7.85378889454 0.0
57854.1522801 8.03268323787 0.0 8.03268323787 0.0
57854.152338 8.23419698574 0.0 8.23419698574 0.0
57854.1524074 8.34421955608 0.0 8.34421955608 0.0
57854.1524421 7.71077168641 0.0 7.71077168641 0.0
57854.1524884 7.73459759781 0.0 7.73459759781 0.0
57854.1525463 7.7743810043 0.0 7.7743810043 0.0
57854.1526157 7.78870977762 0.0 7.78870977762 0.0
57854.152662 7.76672389106 0.0 7.76672389106 0.0
57854.1526968 7.69876613491 0.0 7.69876613491 0.0
57854.1527546 7.73711832661 0.0 7.73711832661 0.0
57854.1528241 7.66531147443 0.0 7.66531147443 0.0
57854.1528704 7.59572248045 0.0 7.59572248045 0.0
57854.1529167 7.56769449701 0.0 7.56769449701 0.0
57854.152963 7.67170124549 0.0 7.67170124549 0.0
57854.1530324 7.77586008105 0.0 7.77586008105 0.0
57854.1530787 7.6965576721 0.0 7.6965576721 0.0
57854.153125 1.46219013811 0.0 1.46219013811 0.0
57854.1552894 8.12902208141 0.0 8.12902208141 0.0
57854.1553241 7.77656736613 0.0 7.77656736613 0.0
57854.1553704 7.84792966329 0.0 7.84792966329 0.0
57854.1554282 7.84920378128 0.0 7.84920378128 0.0
57854.1554977 8.00481105336 0.0 8.00481105336 0.0
57854.155544 8.09295990352 0.0 8.09295990352 0.0
57854.1555787 8.43308958805 0.0 8.43308958805 0.0
57854.1556366 8.32850526805 0.0 8.32850526805 0.0
57854.155706 8.57782023593 0.0 8.57782023593 0.0
57854.1557523 7.90170867598 0.0 7.90170867598 0.0
57854.1557986 8.00862035559 0.0 8.00862035559 0.0
57854.1558449 7.98122797569 0.0 7.98122797569 0.0
57854.1559144 7.87965735296 0.0 7.87965735296 0.0
57854.1559606 7.73336925279 0.0 7.73336925279 0.0
57854.1560069 7.71453174211 0.0 7.71453174211 0.0
57854.1560532 7.74635398107 0.0 7.74635398107 0.0
57854.1561227 7.70058439341 0.0 7.70058439341 0.0
57854.156169 7.6005920822 0.0 7.6005920822 0.0
57854.1562153 7.62640151054 0.0 7.62640151054 0.0
57854.1562616 7.75583651194 0.0 7.75583651194 0.0
57854.156331 7.96937889675 0.0 7.96937889675 0.0
57854.1563773 7.90626333991 0.0 7.90626333991 0.0
57854.1564352 8.1667006802 0.0 8.1667006802 0.0
57854.1564699 8.31408443546 0.0 8.31408443546 0.0
57854.1565394 8.12391531221 0.0 8.12391531221 0.0
57854.1565856 7.7312353476 0.0 7.7312353476 0.0
57854.1566435 7.77759602962 0.0 7.77759602962 0.0
57854.1566898 7.81748041251 0.0 7.81748041251 0.0
57854.1567593 7.8665112979 0.0 7.8665112979 0.0
57854.1568056 7.74034882935 0.0 7.74034882935 0.0
57854.1568519 7.71427248676 0.0 7.71427248676 0.0
57854.1568981 7.73446830752 0.0 7.73446830752 0.0
57854.1569676 7.84894897423 0.0 7.84894897423 0.0
57854.1570139 8.05977667184 0.0 8.05977667184 0.0
57854.1570602 8.17263727324 0.0 8.17263727324 0.0
57854.1571065 8.20487659871 0.0 8.20487659871 0.0
57854.1571759 7.99368500755 0.0 7.99368500755 0.0
57854.1572222 7.79679421301 0.0 7.79679421301 0.0
57854.1572685 7.95971105003 0.0 7.95971105003 0.0
57854.1573148 7.99424793211 0.0 7.99424793211 0.0
57854.1573843 7.91030972845 0.0 7.91030972845 0.0
57854.1574306 7.74532116829 0.0 7.74532116829 0.0
57854.1574769 7.74970967198 0.0 7.74970967198 0.0
57854.1575231 7.79788432846 0.0 7.79788432846 0.0
57854.1575926 7.81709664773 0.0 7.81709664773 0.0
57854.1576505 7.65343060333 0.0 7.65343060333 0.0
57854.1576968 7.77180802645 0.0 7.77180802645 0.0
57854.1577315 7.90063288604 0.0 7.90063288604 0.0
57854.1578009 8.02795117075 0.0 8.02795117075 0.0
57854.1578588 7.92205781347 0.0 7.92205781347 0.0
57854.1579051 7.94008816072 0.0 7.94008816072 0.0
57854.1579514 7.85257919412 0.0 7.85257919412 0.0
57854.1580208 7.62574586516 0.0 7.62574586516 0.0
57854.1580671 7.77624588089 0.0 7.77624588089 0.0
57854.1581134 7.73136469195 0.0 7.73136469195 0.0
57854.1581597 7.750032258 0.0 7.750032258 0.0
57854.1582292 7.84525334199 0.0 7.84525334199 0.0
57854.1582755 7.79987179382 0.0 7.79987179382 0.0
57854.1583218 7.80884114322 0.0 7.80884114322 0.0
57854.1583681 7.96994353807 0.0 7.96994353807 0.0
57854.1584375 7.947452422 0.0 7.947452422 0.0
57854.1584838 7.72424753617 0.0 7.72424753617 0.0
57854.1585301 7.78575622531 0.0 7.78575622531 0.0
57854.158588 7.96335356492 0.0 7.96335356492 0.0
57854.1586574 7.90234142517 0.0 7.90234142517 0.0
57854.1586921 7.8322410586 0.0 7.8322410586 0.0
57854.1587384 7.90967761669 0.0 7.90967761669 0.0
57854.1587963 7.94241776791 0.0 7.94241776791 0.0
57854.1588657 7.70006493479 0.0 7.70006493479 0.0
57854.158912 7.84423355083 0.0 7.84423355083 0.0
57854.1589468 7.67039764289 0.0 7.67039764289 0.0
57854.1590046 7.53704186004 0.0 7.53704186004 0.0
57854.1590741 7.86911685007 0.0 7.86911685007 0.0
57854.1591204 8.22313808713 0.0 8.22313808713 0.0
57854.1591667 8.5396135744 0.0 8.5396135744 0.0
57854.159213 8.50158808694 0.0 8.50158808694 0.0
57854.1592824 8.33450658408 0.0 8.33450658408 0.0
57854.1593287 8.34433939866 0.0 8.34433939866 0.0
57854.159375 8.45405228278 0.0 8.45405228278 0.0
57854.1594213 8.8135123532 0.0 8.8135123532 0.0
57854.1594907 9.30263403558 0.0 9.30263403558 0.0
57854.159537 7.70292152368 0.0 7.70292152368 0.0
57854.1595833 7.6122270066 0.0 7.6122270066 0.0
57854.1596296 7.59137668674 0.0 7.59137668674 0.0
57854.1596991 7.61892380852 0.0 7.61892380852 0.0
57854.1740394 8.62902080192 0.0 8.62902080192 0.0
57854.1740741 7.66100515598 0.0 7.66100515598 0.0
57854.1741204 7.68472510894 0.0 7.68472510894 0.0
57854.1741782 7.77058556352 0.0 7.77058556352 0.0
57854.1742477 7.90272105037 0.0 7.90272105037 0.0
57854.174294 7.81127390379 0.0 7.81127390379 0.0
57854.1743287 7.85353423625 0.0 7.85353423625 0.0
57854.1743866 7.99618659112 0.0 7.99618659112 0.0
57854.174456 8.22502279632 0.0 8.22502279632 0.0
57854.1745023 7.81888738888 0.0 7.81888738888 0.0
57854.1745486 8.0181668728 0.0 8.0181668728 0.0
57854.1745949 8.20335297302 0.0 8.20335297302 0.0
57854.1746644 7.9921211202 0.0 7.9921211202 0.0
57854.1747106 7.70168812664 0.0 7.70168812664 0.0
57854.1747569 7.71524464939 0.0 7.71524464939 0.0
57854.1748032 7.70700979628 0.0 7.70700979628 0.0
57854.1748727 7.8619336044 0.0 7.8619336044 0.0
57854.174919 7.71945593938 0.0 7.71945593938 0.0
57854.1749653 7.84117338158 0.0 7.84117338158 0.0
57854.1750116 7.79429278383 0.0 7.79429278383 0.0
57854.175081 7.74125312853 0.0 7.74125312853 0.0
57854.1751273 7.54711865549 0.0 7.54711865549 0.0
57854.1751852 7.54996688734 0.0 7.54996688734 0.0
57854.1752199 7.62003936998 0.0 7.62003936998 0.0
57854.1752894 7.57990765115 0.0 7.57990765115 0.0
57854.1753356 7.63013761344 0.0 7.63013761344 0.0
57854.1753935 7.75228998426 0.0 7.75228998426 0.0
57854.1754398 7.90904545441 0.0 7.90904545441 0.0
57854.1755093 7.9909949318 0.0 7.9909949318 0.0
57854.1755556 7.92969104064 0.0 7.92969104064 0.0
57854.1756019 8.01217823067 0.0 8.01217823067 0.0
57854.1756481 8.26062951596 0.0 8.26062951596 0.0
57854.1757176 8.30271040083 0.0 8.30271040083 0.0
57854.1757639 7.69889602476 0.0 7.69889602476 0.0
57854.1758102 7.80051280366 0.0 7.80051280366 0.0
57854.1758565 7.84818450344 0.0 7.84818450344 0.0
57854.1759259 7.87305531544 0.0 7.87305531544 0.0
57854.1759722 7.53631209545 0.0 7.53631209545 0.0
57854.1760185 7.54141896462 0.0 7.54141896462 0.0
57854.1760648 7.64676402147 0.0 7.64676402147 0.0
57854.1761343 7.72321176713 0.0 7.72321176713 0.0
57854.1761806 7.73175271203 0.0 7.73175271203 0.0
57854.1762269 7.71887297473 0.0 7.71887297473 0.0
57854.1762731 7.6489214926 0.0 7.6489214926 0.0
57854.1763426 7.58386445027 0.0 7.58386445027 0.0
57854.1764005 7.81824788556 0.0 7.81824788556 0.0
57854.1764468 7.77077859677 0.0 7.77077859677 0.0
57854.1764815 7.7556431068 0.0 7.7556431068 0.0
57854.1765509 7.67443809018 0.0 7.67443809018 0.0
57854.1766088 7.78010282708 0.0 7.78010282708 0.0
57854.1766551 7.80916128659 0.0 7.80916128659 0.0
57854.1767014 7.8486941589 0.0 7.8486941589 0.0
57854.1767708 7.86701976609 0.0 7.86701976609 0.0
57854.1768171 7.98085208483 0.0 7.98085208483 0.0
57854.1768634 8.22490121521 0.0 8.22490121521 0.0
57854.1769097 8.5115216031 0.0 8.5115216031 0.0
57854.1769792 8.51592625614 0.0 8.51592625614 0.0
57854.1770255 7.70090903725 0.0 7.70090903725 0.0
57854.1770718 7.83147495686 0.0 7.83147495686 0.0
57854.1771181 8.00943193991 0.0 8.00943193991 0.0
57854.1771875 7.99656176116 0.0 7.99656176116 0.0
57854.1772338 7.87908624144 0.0 7.87908624144 0.0
57854.1772801 8.07756151323 0.0 8.07756151323 0.0
57854.177338 8.10129619259 0.0 8.10129619259 0.0
57854.1774074 8.03517268016 0.0 8.03517268016 0.0
57854.1774421 7.93674996456 0.0 7.93674996456 0.0
57854.1774884 7.87959389817 0.0 7.87959389817 0.0
57854.1775463 7.81421781114 0.0 7.81421781114 0.0
57854.1776157 7.64584854676 0.0 7.64584854676 0.0
57854.177662 7.83709129716 0.0 7.83709129716 0.0
57854.1776968 7.98310716451 0.0 7.98310716451 0.0
57854.1777546 8.07978960122 0.0 8.07978960122 0.0
57854.1778241 7.91252172193 0.0 7.91252172193 0.0
57854.1778704 7.62286035554 0.0 7.62286035554 0.0
57854.1779167 7.67665291647 0.0 7.67665291647 0.0
57854.177963 7.66400678497 0.0 7.66400678497 0.0
57854.1780324 7.53478599563 0.0 7.53478599563 0.0
57854.1780787 7.62830256348 0.0 7.62830256348 0.0
57854.178125 1.12915897906 0.0 1.12915897906 0.0
57854.1802894 8.40446310004 0.0 8.40446310004 0.0
57854.1803241 8.19926826003 0.0 8.19926826003 0.0
57854.1803704 8.38009546485 0.0 8.38009546485 0.0
57854.1804282 8.32724444219 0.0 8.32724444219 0.0
57854.1804977 8.13314207425 0.0 8.13314207425 0.0
57854.180544 7.78742576209 0.0 7.78742576209 0.0
57854.1805787 7.75951029383 0.0 7.75951029383 0.0
57854.1806366 7.68212210265 0.0 7.68212210265 0.0
57854.180706 7.78980102442 0.0 7.78980102442 0.0
57854.1807523 7.84098208135 0.0 7.84098208135 0.0
57854.1807986 8.11541742611 0.0 8.11541742611 0.0
57854.1808449 8.40767506508 0.0 8.40767506508 0.0
57854.1809144 8.52531524344 0.0 8.52531524344 0.0
57854.1809606 8.2690386382 0.0 8.2690386382 0.0
57854.1810069 8.74202493705 0.0 8.74202493705 0.0
57854.1810532 8.86560770619 0.0 8.86560770619 0.0
57854.1811227 8.18724617927 0.0 8.18724617927 0.0
57854.181169 7.65323461028 0.0 7.65323461028 0.0
57854.1812153 7.84021683374 0.0 7.84021683374 0.0
57854.1812616 8.12631527816 0.0 8.12631527816 0.0
57854.181331 8.49658755031 0.0 8.49658755031 0.0
57854.1813773 8.13836592935 0.0 8.13836592935 0.0
57854.1814352 7.99587393597 0.0 7.99587393597 0.0
57854.1814699 7.99337225456 0.0 7.99337225456 0.0
57854.1815394 7.89208464222 0.0 7.89208464222 0.0
57854.1815856 7.96228610388 0.0 7.96228610388 0.0
57854.1816435 8.05071425403 0.0 8.05071425403 0.0
57854.1816898 7.97063360091 0.0 7.97063360091 0.0
57854.1817593 7.99337225456 0.0 7.99337225456 0.0
57854.1818056 8.10956225699 0.0 8.10956225699 0.0
57854.1818519 7.97364408536 0.0 7.97364408536 0.0
57854.1818981 7.74248022277 0.0 7.74248022277 0.0
57854.1819676 7.68036457468 0.0 7.68036457468 0.0
57854.1820139 7.77495980697 0.0 7.77495980697 0.0
57854.1820602 7.95097478301 0.0 7.95097478301 0.0
57854.1821065 8.0716788836 0.0 8.0716788836 0.0
57854.1821759 7.96178371975 0.0 7.96178371975 0.0
57854.1822222 7.56300204945 0.0 7.56300204945 0.0
57854.1822685 7.59427415886 0.0 7.59427415886 0.0
57854.1823148 7.68329356461 0.0 7.68329356461 0.0
57854.1823843 7.70538772548 0.0 7.70538772548 0.0
57854.1824306 7.59894729551 0.0 7.59894729551 0.0
57854.1824769 7.65872051977 0.0 7.65872051977 0.0
57854.1825231 7.75525628203 0.0 7.75525628203 0.0
57854.1825926 7.82189235416 0.0 7.82189235416 0.0
57854.1826505 7.78402209658 0.0 7.78402209658 0.0
57854.1826968 7.83326241103 0.0 7.83326241103 0.0
57854.1827315 7.80813678159 0.0 7.80813678159 0.0
57854.1828009 7.67430778637 0.0 7.67430778637 0.0
57854.1828588 7.65525962982 0.0 7.65525962982 0.0
57854.1829051 7.65963445603 0.0 7.65963445603 0.0
57854.1829514 7.73343390739 0.0 7.73343390739 0.0
57854.1830208 7.67977864264 0.0 7.67977864264 0.0
57854.1830671 7.72483009522 0.0 7.72483009522 0.0
57854.1831134 7.80717618605 0.0 7.80717618605 0.0
57854.1831597 7.85989821817 0.0 7.85989821817 0.0
57854.1832292 7.77759602962 0.0 7.77759602962 0.0
57854.1832755 7.61688912877 0.0 7.61688912877 0.0
57854.1833218 7.66159252375 0.0 7.66159252375 0.0
57854.1833681 7.79782020824 0.0 7.79782020824 0.0
57854.1834375 7.85996183197 0.0 7.85996183197 0.0
57854.1834838 7.72159309987 0.0 7.72159309987 0.0
57854.1835301 7.74899993548 0.0 7.74899993548 0.0
57854.183588 7.71777169914 0.0 7.71777169914 0.0
57854.1836574 7.72243484919 0.0 7.72243484919 0.0
57854.1836921 7.80179466533 0.0 7.80179466533 0.0
57854.1837384 8.02658084118 0.0 8.02658084118 0.0
57854.1837963 8.25142411951 0.0 8.25142411951 0.0
57854.1838657 8.00387406198 0.0 8.00387406198 0.0
57854.183912 7.64061515848 0.0 7.64061515848 0.0
57854.1839468 7.74641852729 0.0 7.74641852729 0.0
57854.1840046 7.79801256731 0.0 7.79801256731 0.0
57854.1840741 7.76157200572 0.0 7.76157200572 0.0
57854.1841204 7.89240140895 0.0 7.89240140895 0.0
57854.1841667 8.08776854268 0.0 8.08776854268 0.0
57854.184213 7.94153637529 0.0 7.94153637529 0.0
57854.1842824 7.69629781129 0.0 7.69629781129 0.0
57854.1843287 7.91391180138 0.0 7.91391180138 0.0
57854.184375 7.99924996484 0.0 7.99924996484 0.0
57854.1976505 8.17392194727 0.0 8.17392194727 0.0
57854.1976852 8.00943193991 0.0 8.00943193991 0.0
57854.1977315 7.9673082029 0.0 7.9673082029 0.0
57854.1977894 7.91138420253 0.0 7.91138420253 0.0
57854.1978588 7.68121084205 0.0 7.68121084205 0.0
57854.1979051 7.81773624523 0.0 7.81773624523 0.0
57854.1979398 7.98135326871 0.0 7.98135326871 0.0
57854.1979977 8.10185164021 0.0 8.10185164021 0.0
57854.1980671 8.04791898568 0.0 8.04791898568 0.0
57854.1981134 7.67984374841 0.0 7.67984374841 0.0
57854.1981597 7.66361533481 0.0 7.66361533481 0.0
57854.198206 7.68940829973 0.0 7.68940829973 0.0
57854.1982755 7.64859464215 0.0 7.64859464215 0.0
57854.1983218 7.84276736873 0.0 7.84276736873 0.0
57854.1983681 7.93561591813 0.0 7.93561591813 0.0
57854.1984144 7.94096971408 0.0 7.94096971408 0.0
57854.1984838 7.95235814083 0.0 7.95235814083 0.0
57854.1985301 7.90430262579 0.0 7.90430262579 0.0
57854.1985764 7.88263915196 0.0 7.88263915196 0.0
57854.1986227 8.06591594303 0.0 8.06591594303 0.0
57854.1986921 8.12803789361 0.0 8.12803789361 0.0
57854.1987384 7.72664222027 0.0 7.72664222027 0.0
57854.1987963 7.69590800361 0.0 7.69590800361 0.0
57854.198831 7.80224326716 0.0 7.80224326716 0.0
57854.1989005 8.10481338465 0.0 8.10481338465 0.0
57854.1989468 8.02296703221 0.0 8.02296703221 0.0
57854.1990046 8.07335122486 0.0 8.07335122486 0.0
57854.1990509 8.21297753558 0.0 8.21297753558 0.0
57854.1991204 8.10851404389 0.0 8.10851404389 0.0
57854.1991667 8.05524673738 0.0 8.05524673738 0.0
57854.199213 8.02894762718 0.0 8.02894762718 0.0
57854.1992593 8.29270763985 0.0 8.29270763985 0.0
57854.1993287 8.31636940016 0.0 8.31636940016 0.0
57854.199375 7.75422465499 0.0 7.75422465499 0.0
57854.1994213 7.75280594366 0.0 7.75280594366 0.0
57854.1994676 7.73110600108 0.0 7.73110600108 0.0
57854.199537 7.78254457103 0.0 7.78254457103 0.0
57854.1995833 7.88600025361 0.0 7.88600025361 0.0
57854.1996296 7.88606365686 0.0 7.88606365686 0.0
57854.1996759 8.03237200334 0.0 8.03237200334 0.0
57854.1997454 8.16565980188 0.0 8.16565980188 0.0
57854.1997917 8.70586009536 0.0 8.70586009536 0.0
57854.199838 9.13520662054 0.0 9.13520662054 0.0
57854.1998843 9.3996276522 0.0 9.3996276522 0.0
57854.1999537 8.70970722814 0.0 8.70970722814 0.0
57854.2000116 8.21979318475 0.0 8.21979318475 0.0
57854.2000579 8.36211695685 0.0 8.36211695685 0.0
57854.2000926 8.55055553751 0.0 8.55055553751 0.0
57854.200162 8.36175818832 0.0 8.36175818832 0.0
57854.2002199 7.79865372997 0.0 7.79865372997 0.0
57854.2002662 7.83460273403 0.0 7.83460273403 0.0
57854.2003125 7.89126098922 0.0 7.89126098922 0.0
57854.2003819 7.88384423996 0.0 7.88384423996 0.0
57854.2004282 7.67886710394 0.0 7.67886710394 0.0
57854.2004745 7.67261363552 0.0 7.67261363552 0.0
57854.2005208 7.70012986903 0.0 7.70012986903 0.0
57854.2005903 7.58333699634 0.0 7.58333699634 0.0
57854.2006366 7.55982804037 0.0 7.55982804037 0.0
57854.2006829 7.56247314045 0.0 7.56247314045 0.0
57854.2007292 7.60282842105 0.0 7.60282842105 0.0
57854.2007986 7.63125153563 0.0 7.63125153563 0.0
57854.2008449 7.59394495635 0.0 7.59394495635 0.0
57854.2008912 7.6388480807 0.0 7.6388480807 0.0
57854.2009491 7.78042415296 0.0 7.78042415296 0.0
57854.2010185 7.83543234289 0.0 7.83543234289 0.0
57854.2010532 7.82157273187 0.0 7.82157273187 0.0
57854.2010995 7.71038261048 0.0 7.71038261048 0.0
57854.2011574 7.60368331797 0.0 7.60368331797 0.0
57854.2012269 7.72288806082 0.0 7.72288806082 0.0
57854.2012731 7.91384862125 0.0 7.91384862125 0.0
57854.2013079 7.90727513117 0.0 7.90727513117 0.0
57854.2013657 7.94424319869 0.0 7.94424319869 0.0
57854.2014352 7.77193669557 0.0 7.77193669557 0.0
57854.2014815 7.96473477273 0.0 7.96473477273 0.0
57854.2015278 8.01224063543 0.0 8.01224063543 0.0
57854.2015741 7.92943881999 0.0 7.92943881999 0.0
57854.2016435 7.9644208829 0.0 7.9644208829 0.0
57854.2016898 7.6672028798 0.0 7.6672028798 0.0
57854.2017361 7.67535015488 0.0 7.67535015488 0.0
57854.2039005 8.69626356546 0.0 8.69626356546 0.0
57854.2039352 8.13387976307 0.0 8.13387976307 0.0
57854.2039815 8.01423733115 0.0 8.01423733115 0.0
57854.2040394 7.88530278429 0.0 7.88530278429 0.0
57854.2041088 7.88657086445 0.0 7.88657086445 0.0
57854.2041551 8.13947172733 0.0 8.13947172733 0.0
57854.2041898 8.71659337127 0.0 8.71659337127 0.0
57854.2042477 9.33745147243 0.0 9.33745147243 0.0
57854.2043171 9.113835636 0.0 9.113835636 0.0
57854.2043634 8.04816749329 0.0 8.04816749329 0.0
57854.2044097 8.08201707496 0.0 8.08201707496 0.0
57854.204456 8.07273187961 0.0 8.07273187961 0.0
57854.2045255 7.86771885619 0.0 7.86771885619 0.0
57854.2045718 7.69168382085 0.0 7.69168382085 0.0
57854.2046181 7.68817273479 0.0 7.68817273479 0.0
57854.2046644 7.79211139551 0.0 7.79211139551 0.0
57854.2047338 7.73996124021 0.0 7.73996124021 0.0
57854.2047801 7.79320216599 0.0 7.79320216599 0.0
57854.2048264 7.86460424942 0.0 7.86460424942 0.0
57854.2048727 8.06058310546 0.0 8.06058310546 0.0
57854.2049421 8.02570869145 0.0 8.02570869145 0.0
57854.2049884 7.89854416966 0.0 7.89854416966 0.0
57854.2050463 7.89689812521 0.0 7.89689812521 0.0
57854.205081 7.81012163798 0.0 7.81012163798 0.0
57854.2051505 7.74228648398 0.0 7.74228648398 0.0
57854.2051968 7.71459655458 0.0 7.71459655458 0.0
57854.2052546 7.79538324908 0.0 7.79538324908 0.0
57854.2053009 8.06727959104 0.0 8.06727959104 0.0
57854.2053704 8.05586742691 0.0 8.05586742691 0.0
57854.2054167 7.76170084453 0.0 7.76170084453 0.0
57854.205463 7.6978568446 0.0 7.6978568446 0.0
57854.2055093 7.67567586601 0.0 7.67567586601 0.0
57854.2055787 7.73711832661 0.0 7.73711832661 0.0
57854.205625 7.92306758775 0.0 7.92306758775 0.0
57854.2056713 7.92142663919 0.0 7.92142663919 0.0
57854.2057176 8.05475015131 0.0 8.05475015131 0.0
57854.205787 7.98554944885 0.0 7.98554944885 0.0
57854.2058333 7.65003267967 0.0 7.65003267967 0.0
57854.2058796 7.61570745236 0.0 7.61570745236 0.0
57854.2059259 7.67039764289 0.0 7.67039764289 0.0
57854.2059954 7.7195854811 0.0 7.7195854811 0.0
57854.2060417 7.63400288184 0.0 7.63400288184 0.0
57854.206088 7.61925193178 0.0 7.61925193178 0.0
57854.2061343 7.78068120411 0.0 7.78068120411 0.0
57854.2062037 7.86333262682 0.0 7.86333262682 0.0
57854.2062616 7.58122681365 0.0 7.58122681365 0.0
57854.2063079 7.57271417657 0.0 7.57271417657 0.0
57854.2063426 7.66498532288 0.0 7.66498532288 0.0
57854.206412 7.73601964837 0.0 7.73601964837 0.0
57854.2064699 7.66948498923 0.0 7.66948498923 0.0
57854.2065162 7.71990932589 0.0 7.71990932589 0.0
57854.2065625 7.88878951424 0.0 7.88878951424 0.0
57854.2066319 7.83307091759 0.0 7.83307091759 0.0
57854.2066782 7.68511548384 0.0 7.68511548384 0.0
57854.2067245 7.66126621388 0.0 7.66126621388 0.0
57854.2067708 7.69304881045 0.0 7.69304881045 0.0
57854.2068403 7.68544078111 0.0 7.68544078111 0.0
57854.2068866 7.59216701608 0.0 7.59216701608 0.0
57854.2069329 7.65454113582 0.0 7.65454113582 0.0
57854.2069792 7.64277436537 0.0 7.64277436537 0.0
57854.2070486 7.62167960492 0.0 7.62167960492 0.0
57854.2070949 7.71660547132 0.0 7.71660547132 0.0
57854.2071412 7.72101029659 0.0 7.72101029659 0.0
57854.2071991 7.71932639548 0.0 7.71932639548 0.0
57854.2072685 7.69590800361 0.0 7.69590800361 0.0
57854.2073032 7.76170084453 0.0 7.76170084453 0.0
57854.2073495 7.76646637796 0.0 7.76646637796 0.0
57854.2074074 7.72029792171 0.0 7.72029792171 0.0
57854.2074769 7.71187396163 0.0 7.71187396163 0.0
57854.2075231 7.6783461761 0.0 7.6783461761 0.0
57854.2075579 7.76524307411 0.0 7.76524307411 0.0
57854.2076157 7.81543344927 0.0 7.81543344927 0.0
57854.2076852 7.84034438019 0.0 7.84034438019 0.0
57854.2077315 7.71012321562 0.0 7.71012321562 0.0
57854.2077778 7.86148840869 0.0 7.86148840869 0.0
57854.2078241 8.0424498755 0.0 8.0424498755 0.0
57854.2078935 7.85085982552 0.0 7.85085982552 0.0
57854.2079398 7.78671946329 0.0 7.78671946329 0.0
57854.2079861 7.83383686325 0.0 7.83383686325 0.0
57854.2080324 7.85639866606 0.0 7.85639866606 0.0
57854.2081019 7.71018806515 0.0 7.71018806515 0.0
57854.2081481 7.75783474946 0.0 7.75783474946 0.0
57854.2081944 7.88010152219 0.0 7.88010152219 0.0
57854.2082407 7.94631990295 0.0 7.94631990295 0.0
57854.2083102 7.79050704383 0.0 7.79050704383 0.0
57854.2327199 7.91561747434 0.0 7.91561747434 0.0
57854.2327546 7.65780647444 0.0 7.65780647444 0.0
57854.2328009 7.70960439971 0.0 7.70960439971 0.0
57854.2328588 7.74758026741 0.0 7.74758026741 0.0
57854.2329282 7.77573147685 0.0 7.77573147685 0.0
57854.2329745 7.59861829545 0.0 7.59861829545 0.0
57854.2330093 7.65382257437 0.0 7.65382257437 0.0
57854.2330671 7.78639839721 0.0 7.78639839721 0.0
57854.2331366 7.67215745407 0.0 7.67215745407 0.0
57854.2331829 7.69948050196 0.0 7.69948050196 0.0
57854.2332292 7.69675256196 0.0 7.69675256196 0.0
57854.2332755 7.71718860726 0.0 7.71718860726 0.0
57854.2333449 7.74170523851 0.0 7.74170523851 0.0
57854.2333912 8.20030487238 0.0 8.20030487238 0.0
57854.2334375 8.29493821556 0.0 8.29493821556 0.0
57854.2334838 8.46864806212 0.0 8.46864806212 0.0
57854.2335532 8.2847450172 0.0 8.2847450172 0.0
57854.2335995 7.67404717213 0.0 7.67404717213 0.0
57854.2336458 7.80217918277 0.0 7.80217918277 0.0
57854.2336921 7.9225627167 0.0 7.9225627167 0.0
57854.2337616 7.97100997365 0.0 7.97100997365 0.0
57854.2338079 7.91113139823 0.0 7.91113139823 0.0
57854.2338657 7.93240190611 0.0 7.93240190611 0.0
57854.2339005 7.98542422167 0.0 7.98542422167 0.0
57854.2339699 7.94713784957 0.0 7.94713784957 0.0
57854.2340162 7.82246764135 0.0 7.82246764135 0.0
57854.2340741 7.83236873494 0.0 7.83236873494 0.0
57854.2341204 7.77701742315 0.0 7.77701742315 0.0
57854.2341898 8.00162483499 0.0 8.00162483499 0.0
57854.2342361 7.72948898699 0.0 7.72948898699 0.0
57854.2342824 7.8274516926 0.0 7.8274516926 0.0
57854.2343287 7.83409216183 0.0 7.83409216183 0.0
57854.2343981 7.80762447867 0.0 7.80762447867 0.0
57854.2344444 8.02838713566 0.0 8.02838713566 0.0
57854.2344907 8.18113684032 0.0 8.18113684032 0.0
57854.234537 8.16865962077 0.0 8.16865962077 0.0
57854.2346065 7.89835425896 0.0 7.89835425896 0.0
57854.2346528 7.87273777031 0.0 7.87273777031 0.0
57854.2346991 7.9232569061 0.0 7.9232569061 0.0
57854.2347454 8.05543294926 0.0 8.05543294926 0.0
57854.2348148 8.27574770036 0.0 8.27574770036 0.0
57854.2348611 7.79563980697 0.0 7.79563980697 0.0
57854.2349074 7.89322494295 0.0 7.89322494295 0.0
57854.2349537 7.96272566399 0.0 7.96272566399 0.0
57854.2350231 7.87038753811 0.0 7.87038753811 0.0
57854.235081 7.74706395998 0.0 7.74706395998 0.0
57854.2351273 7.87076870452 0.0 7.87076870452 0.0
57854.235162 8.08980840317 0.0 8.08980840317 0.0
57854.2352315 8.19304583168 0.0 8.19304583168 0.0
57854.2352894 7.72185210944 0.0 7.72185210944 0.0
57854.2353356 7.71602229131 0.0 7.71602229131 0.0
57854.2353819 7.76987773392 0.0 7.76987773392 0.0
57854.2354514 7.84161973064 0.0 7.84161973064 0.0
57854.2354977 7.65617397921 0.0 7.65617397921 0.0
57854.235544 7.67886710394 0.0 7.67886710394 0.0
57854.2355903 7.73408042368 0.0 7.73408042368 0.0
57854.2356597 7.74486926939 0.0 7.74486926939 0.0
57854.235706 7.64754862685 0.0 7.64754862685 0.0
57854.2357523 7.69714232686 0.0 7.69714232686 0.0
57854.2357986 7.70434942094 0.0 7.70434942094 0.0
57854.2358681 7.74144689318 0.0 7.74144689318 0.0
57854.2359144 7.63452683537 0.0 7.63452683537 0.0
57854.2359606 7.63622943605 0.0 7.63622943605 0.0
57854.2360185 7.68264277446 0.0 7.68264277446 0.0
57854.236088 7.74164065299 0.0 7.74164065299 0.0
57854.2361227 7.73104132701 0.0 7.73104132701 0.0
57854.236169 7.79563980697 0.0 7.79563980697 0.0
57854.2362269 7.72987710122 0.0 7.72987710122 0.0
57854.2362963 7.6852456044 0.0 7.6852456044 0.0
57854.2363426 7.60460386871 0.0 7.60460386871 0.0
57854.2363773 7.60552430803 0.0 7.60552430803 0.0
57854.2364352 7.58643526302 0.0 7.58643526302 0.0
57854.2365046 7.64068059796 0.0 7.64068059796 0.0
57854.2365509 7.71602229131 0.0 7.71602229131 0.0
57854.2365972 7.80422962245 0.0 7.80422962245 0.0
57854.2366435 7.85671687157 0.0 7.85671687157 0.0
57854.236713 7.91037293685 0.0 7.91037293685 0.0
57854.2367593 7.75422465499 0.0 7.75422465499 0.0
57854.2368056 1.04928547117 0.0 1.04928547117 0.0
57854.2542477 7.86142480725 0.0 7.86142480725 0.0
57854.2542824 7.90132900214 0.0 7.90132900214 0.0
57854.2543287 7.62895798914 0.0 7.62895798914 0.0
57854.2543866 7.91839630228 0.0 7.91839630228 0.0
57854.254456 7.62410650503 0.0 7.62410650503 0.0
57854.2545023 7.85277021184 0.0 7.85277021184 0.0
57854.254537 7.8653671243 0.0 7.8653671243 0.0
57854.2545949 7.69902591241 0.0 7.69902591241 0.0
57854.2546644 7.94543894319 0.0 7.94543894319 0.0
57854.2547106 7.93139332022 0.0 7.93139332022 0.0
57854.2547569 7.64061515848 0.0 7.64061515848 0.0
57854.2548032 7.63838988269 0.0 7.63838988269 0.0
57854.2548727 7.63721153301 0.0 7.63721153301 0.0
57854.254919 7.8755952156 0.0 7.8755952156 0.0
57854.2549653 7.6608746237 0.0 7.6608746237 0.0
57854.2550116 7.68784755312 0.0 7.68784755312 0.0
57854.255081 8.00437380436 0.0 8.00437380436 0.0
57854.2551273 7.91946967921 0.0 7.91946967921 0.0
57854.2551736 7.68023437142 0.0 7.68023437142 0.0
57854.2552199 7.68348879091 0.0 7.68348879091 0.0
57854.2552894 7.9351748563 0.0 7.9351748563 0.0
57854.2553356 7.64728710067 0.0 7.64728710067 0.0
57854.2553935 7.6613967395 0.0 7.6613967395 0.0
57854.2554282 8.10795905268 0.0 8.10795905268 0.0
57854.2554977 7.65643520184 0.0 7.65643520184 0.0
57854.255544 7.63950260161 0.0 7.63950260161 0.0
57854.2556019 7.95286112038 0.0 7.95286112038 0.0
57854.2556481 7.94462082166 0.0 7.94462082166 0.0
57854.2557176 7.91182659062 0.0 7.91182659062 0.0
57854.2557639 7.84423355083 0.0 7.84423355083 0.0
57854.2558102 7.65617397921 0.0 7.65617397921 0.0
57854.2558565 7.97119815335 0.0 7.97119815335 0.0
57854.2559259 7.65421452534 0.0 7.65421452534 0.0
57854.2559722 7.65525962982 0.0 7.65525962982 0.0
57854.2560185 7.8998101243 0.0 7.8998101243 0.0
57854.2560648 7.69168382085 0.0 7.69168382085 0.0
57854.2561343 7.8231707127 0.0 7.8231707127 0.0
57854.2561806 7.80192283992 0.0 7.80192283992 0.0
57854.2562269 7.8106337771 0.0 7.8106337771 0.0
57854.2562731 8.01030586183 0.0 8.01030586183 0.0
57854.2563426 7.76124989934 0.0 7.76124989934 0.0
57854.2563889 7.74719304006 0.0 7.74719304006 0.0
57854.2564352 7.77116464888 0.0 7.77116464888 0.0
57854.2564815 7.81133791357 0.0 7.81133791357 0.0
57854.2565509 7.76157200572 0.0 7.76157200572 0.0
57854.2566088 7.7212693257 0.0 7.7212693257 0.0
57854.2566551 7.75661008431 0.0 7.75661008431 0.0
57854.2566898 7.7982690387 0.0 7.7982690387 0.0
57854.2567593 7.79916662215 0.0 7.79916662215 0.0
57854.2568171 7.69876613491 0.0 7.69876613491 0.0
57854.2568634 7.68459497957 0.0 7.68459497957 0.0
57854.2569097 7.69584303374 0.0 7.69584303374 0.0
57854.2569792 7.66100515598 0.0 7.66100515598 0.0
57854.2570255 7.6697457585 0.0 7.6697457585 0.0
57854.2570718 7.95782633638 0.0 7.95782633638 0.0
57854.2571181 7.71291125322 0.0 7.71291125322 0.0
57854.2571875 7.75493391332 0.0 7.75493391332 0.0
57854.2572338 7.70012986903 0.0 7.70012986903 0.0
57854.2572801 7.75519180936 0.0 7.75519180936 0.0
57854.2573264 8.16223008742 0.0 8.16223008742 0.0
57854.2573958 7.71803083694 0.0 7.71803083694 0.0
57854.2574421 7.96906518985 0.0 7.96906518985 0.0
57854.2574884 7.974020316 0.0 7.974020316 0.0
57854.2575463 7.68823776948 0.0 7.68823776948 0.0
57854.2576157 8.07254606676 0.0 8.07254606676 0.0
57854.2576505 7.69668759922 0.0 7.69668759922 0.0
57854.2576968 7.71252228522 0.0 7.71252228522 0.0
57854.2577546 7.71064199662 0.0 7.71064199662 0.0
57854.2578241 7.70194780559 0.0 7.70194780559 0.0
57854.2578704 7.68270785596 0.0 7.68270785596 0.0
57854.2579051 7.96642956411 0.0 7.96642956411 0.0
57854.257963 7.79903840226 0.0 7.79903840226 0.0
57854.2580324 8.06572997316 0.0 8.06572997316 0.0
57854.2580787 7.77045687202 0.0 7.77045687202 0.0
57854.258125 7.8274516926 0.0 7.8274516926 0.0
57854.2581713 7.83026180916 0.0 7.83026180916 0.0
57854.2582407 7.8056389873 0.0 7.8056389873 0.0
57854.258287 7.74196357522 0.0 7.74196357522 0.0
57854.2583333 7.78652682523 0.0 7.78652682523 0.0
57854.2778588 8.16786385783 0.0 8.16786385783 0.0
57854.2778935 8.5148106262 0.0 8.5148106262 0.0
57854.2779398 8.2129166561 0.0 8.2129166561 0.0
57854.2779977 7.92836679273 0.0 7.92836679273 0.0
57854.2780671 8.53410803775 0.0 8.53410803775 0.0
57854.2781134 8.03504822636 0.0 8.03504822636 0.0
57854.2781481 8.09499845584 0.0 8.09499845584 0.0
57854.278206 8.1003703619 0.0 8.1003703619 0.0
57854.2782755 8.48074289199 0.0 8.48074289199 0.0
57854.2783218 8.06839513162 0.0 8.06839513162 0.0
57854.2783681 8.18779579618 0.0 8.18779579618 0.0
57854.2784144 8.4796815978 0.0 8.4796815978 0.0
57854.2784838 8.36606239518 0.0 8.36606239518 0.0
57854.2785301 8.43617211773 0.0 8.43617211773 0.0
57854.2785764 8.14303383267 0.0 8.14303383267 0.0
57854.2786227 8.4735470731 0.0 8.4735470731 0.0
57854.2786921 8.32844523306 0.0 8.32844523306 0.0
57854.2787384 8.12311516599 0.0 8.12311516599 0.0
57854.2787847 8.39749962787 0.0 8.39749962787 0.0
57854.278831 8.1806478961 0.0 8.1806478961 0.0
57854.2789005 8.22684629734 0.0 8.22684629734 0.0
57854.2789468 8.21547320609 0.0 8.21547320609 0.0
57854.2790046 8.0471734168 0.0 8.0471734168 0.0
57854.2790394 8.07397052261 0.0 8.07397052261 0.0
57854.2791088 8.10777404717 0.0 8.10777404717 0.0
57854.2791551 8.01454926992 0.0 8.01454926992 0.0
57854.279213 8.06882891131 0.0 8.06882891131 0.0
57854.2792593 8.10129619259 0.0 8.10129619259 0.0
57854.2793287 8.26480489788 0.0 8.26480489788 0.0
57854.279375 8.45286933532 0.0 8.45286933532 0.0
57854.2794213 8.32508258217 0.0 8.32508258217 0.0
57854.2794676 8.37997613362 0.0 8.37997613362 0.0
57854.279537 8.85353036929 0.0 8.85353036929 0.0
57854.2795833 8.10271559417 0.0 8.10271559417 0.0
57854.2796296 8.21644692066 0.0 8.21644692066 0.0
57854.2796759 8.36133960559 0.0 8.36133960559 0.0
57854.2797454 8.31528712673 0.0 8.31528712673 0.0
57854.2797917 8.67202398521 0.0 8.67202398521 0.0
57854.279838 8.04630349912 0.0 8.04630349912 0.0
57854.2798843 8.10709565751 0.0 8.10709565751 0.0
57854.2799537 8.1661496435 0.0 8.1661496435 0.0
57854.28 8.09771572729 0.0 8.09771572729 0.0
57854.2800463 8.39982142667 0.0 8.39982142667 0.0
57854.2800926 8.24269373445 0.0 8.24269373445 0.0
57854.280162 8.65615388033 0.0 8.65615388033 0.0
57854.2802199 8.21066379777 0.0 8.21066379777 0.0
57854.2802662 8.28571059113 0.0 8.28571059113 0.0
57854.2803009 8.28637435794 0.0 8.28637435794 0.0
57854.2803704 8.1594117435 0.0 8.1594117435 0.0
57854.2804282 8.00549811067 0.0 8.00549811067 0.0
57854.2804745 8.28613299435 0.0 8.28613299435 0.0
57854.2805208 8.08257384748 0.0 8.08257384748 0.0
57854.2805903 8.42199501306 0.0 8.42199501306 0.0
57854.2806366 8.68020737079 0.0 8.68020737079 0.0
57854.2806829 8.42128256265 0.0 8.42128256265 0.0
57854.2807292 8.64262691547 0.0 8.64262691547 0.0
57854.2807986 8.78709280707 0.0 8.78709280707 0.0
57854.2808449 8.21681203387 0.0 8.21681203387 0.0
57854.2808912 8.60552148333 0.0 8.60552148333 0.0
57854.2809375 8.48133244249 0.0 8.48133244249 0.0
57854.2810069 8.36863190731 0.0 8.36863190731 0.0
57854.2810532 8.11541742611 0.0 8.11541742611 0.0
57854.2810995 8.45239610998 0.0 8.45239610998 0.0
57854.2811574 8.17545105789 0.0 8.17545105789 0.0
57854.2812269 8.0755185592 0.0 8.0755185592 0.0
57854.2812616 8.11954432219 0.0 8.11954432219 0.0
57854.2813079 8.29861434217 0.0 8.29861434217 0.0
57854.2813657 8.39565363745 0.0 8.39565363745 0.0
57854.2814352 8.12126837384 0.0 8.12126837384 0.0
57854.2814815 8.37484328212 0.0 8.37484328212 0.0
57854.2815162 8.15536633144 0.0 8.15536633144 0.0
57854.2815741 8.23777882684 0.0 8.23777882684 0.0
57854.2816435 8.32189882178 0.0 8.32189882178 0.0
57854.2816898 8.16057596007 0.0 8.16057596007 0.0
57854.2817361 8.23990291205 0.0 8.23990291205 0.0
57854.2817824 8.28842566474 0.0 8.28842566474 0.0
57854.2818519 8.32334067547 0.0 8.32334067547 0.0
57854.2818981 8.25851076163 0.0 8.25851076163 0.0
57854.2819444 1.24056438769 0.0 1.24056438769 0.0
57854.2993866 9.13969364913 0.0 9.13969364913 0.0
57854.2994213 8.73183829443 0.0 8.73183829443 0.0
57854.2994676 8.98849264337 0.0 8.98849264337 0.0
57854.2995255 8.71051089202 0.0 8.71051089202 0.0
57854.2995949 8.76761084903 0.0 8.76761084903 0.0
57854.2996412 8.75385629309 0.0 8.75385629309 0.0
57854.2996759 8.85578906705 0.0 8.85578906705 0.0
57854.2997338 9.08157475331 0.0 9.08157475331 0.0
57854.2998032 8.98843701652 0.0 8.98843701652 0.0
57854.2998495 8.55026315385 0.0 8.55026315385 0.0
57854.2998958 8.58137518117 0.0 8.58137518117 0.0
57854.2999421 8.74036612505 0.0 8.74036612505 0.0
57854.3000116 8.79749964479 0.0 8.79749964479 0.0
57854.3000579 8.57228091 0.0 8.57228091 0.0
57854.3001042 8.47112743382 0.0 8.47112743382 0.0
57854.3001505 8.51434084354 0.0 8.51434084354 0.0
57854.3002199 8.5618923142 0.0 8.5618923142 0.0
57854.3002662 8.4755530793 0.0 8.4755530793 0.0
57854.3003125 8.59016879927 0.0 8.59016879927 0.0
57854.3003588 8.85624073747 0.0 8.85624073747 0.0
57854.3004282 9.27787691231 0.0 9.27787691231 0.0
57854.3004745 9.15663693722 0.0 9.15663693722 0.0
57854.3005324 9.73139250056 0.0 9.73139250056 0.0
57854.3005671 9.75955941629 0.0 9.75955941629 0.0
57854.3006366 9.30478371592 0.0 9.30478371592 0.0
57854.3006829 8.80772388305 0.0 8.80772388305 0.0
57854.3007407 8.63012166774 0.0 8.63012166774 0.0
57854.300787 8.66002309466 0.0 8.66002309466 0.0
57854.3008565 8.57047256573 0.0 8.57047256573 0.0
57854.3009028 8.41522429885 0.0 8.41522429885 0.0
57854.3009491 8.6197447758 0.0 8.6197447758 0.0
57854.3009954 8.51522166476 0.0 8.51522166476 0.0
57854.3010648 8.68786510024 0.0 8.68786510024 0.0
57854.3011111 8.761734988 0.0 8.761734988 0.0
57854.3011574 8.58784024071 0.0 8.58784024071 0.0
57854.3012037 8.79175750348 0.0 8.79175750348 0.0
57854.3012731 8.93090141027 0.0 8.93090141027 0.0
57854.3013194 8.72255696456 0.0 8.72255696456 0.0
57854.3013657 8.72960480205 0.0 8.72960480205 0.0
57854.301412 8.8524008043 0.0 8.8524008043 0.0
57854.3014815 8.82740052337 0.0 8.82740052337 0.0
57854.3015278 8.4512129307 0.0 8.4512129307 0.0
57854.3015741 8.69758587195 0.0 8.69758587195 0.0
57854.3016204 8.63023754018 0.0 8.63023754018 0.0
57854.3016898 8.98320655445 0.0 8.98320655445 0.0
57854.3017477 8.68648375351 0.0 8.68648375351 0.0
57854.301794 8.89898870659 0.0 8.89898870659 0.0
57854.3018287 9.05284485673 0.0 9.05284485673 0.0
57854.3018981 8.97468662406 0.0 8.97468662406 0.0
57854.301956 8.78179936004 0.0 8.78179936004 0.0
57854.3020023 8.82700402175 0.0 8.82700402175 0.0
57854.3020486 8.83125132696 0.0 8.83125132696 0.0
57854.3021181 8.81158328565 0.0 8.81158328565 0.0
57854.3021644 8.72513610209 0.0 8.72513610209 0.0
57854.3022106 8.58370549355 0.0 8.58370549355 0.0
57854.3022569 8.64158550267 0.0 8.64158550267 0.0
57854.3023264 8.71596236798 0.0 8.71596236798 0.0
57854.3023727 8.57496355677 0.0 8.57496355677 0.0
57854.302419 8.58882995524 0.0 8.58882995524 0.0
57854.3024653 8.75642621165 0.0 8.75642621165 0.0
57854.3025347 8.81146979794 0.0 8.81146979794 0.0
57854.302581 8.73939357164 0.0 8.73939357164 0.0
57854.3026273 8.69310071263 0.0 8.69310071263 0.0
57854.3026852 8.74133857026 0.0 8.74133857026 0.0
57854.3027546 8.5778785256 0.0 8.5778785256 0.0
57854.3027894 8.63956017399 0.0 8.63956017399 0.0
57854.3028356 8.63104860373 0.0 8.63104860373 0.0
57854.3028935 8.74654217391 0.0 8.74654217391 0.0
57854.302963 8.74013729869 0.0 8.74013729869 0.0
57854.3030093 8.50470458041 0.0 8.50470458041 0.0
57854.303044 8.58125864894 0.0 8.58125864894 0.0
57854.3031019 8.92227549451 0.0 8.92227549451 0.0
57854.3031713 8.71137187818 0.0 8.71137187818 0.0
57854.3032176 8.5542387154 0.0 8.5542387154 0.0
57854.3032639 8.6435525104 0.0 8.6435525104 0.0
57854.3033102 8.80897269833 0.0 8.80897269833 0.0
57854.3033796 8.56265145851 0.0 8.56265145851 0.0
57854.3034259 8.54101867461 0.0 8.54101867461 0.0
57854.3034722 8.8271739532 0.0 8.8271739532 0.0
57854.3091088 9.09956042894 0.0 9.09956042894 0.0
57854.3091435 8.92664550657 0.0 8.92664550657 0.0
57854.3091898 8.98966072775 0.0 8.98966072775 0.0
57854.3092477 9.15827494674 0.0 9.15827494674 0.0
57854.3093171 9.30607328576 0.0 9.30607328576 0.0
57854.3093634 9.23352587044 0.0 9.23352587044 0.0
57854.3093981 9.70010309224 0.0 9.70010309224 0.0
57854.309456 9.74304880415 0.0 9.74304880415 0.0
57854.3095255 9.51115134986 0.0 9.51115134986 0.0
57854.3095718 9.50752333681 0.0 9.50752333681 0.0
57854.3096181 9.23076378205 0.0 9.23076378205 0.0
57854.3096644 9.61789997869 0.0 9.61789997869 0.0
57854.3097338 10.1392800533 0.0 10.1392800533 0.0
57854.3097801 9.39872331756 0.0 9.39872331756 0.0
57854.3098264 9.51987394875 0.0 9.51987394875 0.0
57854.3098727 9.36664294184 0.0 9.36664294184 0.0
57854.3099421 9.46519941681 0.0 9.46519941681 0.0
57854.3099884 9.09851636257 0.0 9.09851636257 0.0
57854.3100347 9.06559429933 0.0 9.06559429933 0.0
57854.310081 9.05842149604 0.0 9.05842149604 0.0
57854.3101505 9.17125945549 0.0 9.17125945549 0.0
57854.3101968 8.86041759738 0.0 8.86041759738 0.0
57854.3102546 9.13870888036 0.0 9.13870888036 0.0
57854.3102894 9.09901093526 0.0 9.09901093526 0.0
57854.3103588 9.44118636613 0.0 9.44118636613 0.0
57854.3104051 8.99149598232 0.0 8.99149598232 0.0
57854.310463 8.97897544267 0.0 8.97897544267 0.0
57854.3105093 8.79943179984 0.0 8.79943179984 0.0
57854.3105787 8.79181437475 0.0 8.79181437475 0.0
57854.310625 8.84601605244 0.0 8.84601605244 0.0
57854.3106713 9.13662957551 0.0 9.13662957551 0.0
57854.3107176 9.18226551566 0.0 9.18226551566 0.0
57854.310787 9.0780504515 0.0 9.0780504515 0.0
57854.3108333 8.94974859982 0.0 8.94974859982 0.0
57854.3108796 8.9804788291 0.0 8.9804788291 0.0
57854.3109259 8.89460510647 0.0 8.89460510647 0.0
57854.3109954 8.88048422103 0.0 8.88048422103 0.0
57854.3110417 8.92636544177 0.0 8.92636544177 0.0
57854.311088 8.98832576179 0.0 8.98832576179 0.0
57854.3111343 9.05571642666 0.0 9.05571642666 0.0
57854.3112037 8.84991525383 0.0 8.84991525383 0.0
57854.31125 9.13131972937 0.0 9.13131972937 0.0
57854.3112963 8.86194109662 0.0 8.86194109662 0.0
57854.3113426 8.74728529316 0.0 8.74728529316 0.0
57854.311412 8.98710186879 0.0 8.98710186879 0.0
57854.3114699 9.20239099365 0.0 9.20239099365 0.0
57854.3115162 9.2483512044 0.0 9.2483512044 0.0
57854.3115509 9.14461590227 0.0 9.14461590227 0.0
57854.3116204 9.13192203208 0.0 9.13192203208 0.0
57854.3116782 9.1294030473 0.0 9.1294030473 0.0
57854.3117245 9.34772699644 0.0 9.34772699644 0.0
57854.3117708 9.53960166883 0.0 9.53960166883 0.0
57854.3118403 9.89444288477 0.0 9.89444288477 0.0
57854.3118866 9.79367142598 0.0 9.79367142598 0.0
57854.3119329 9.76360589127 0.0 9.76360589127 0.0
57854.3119792 9.58431009515 0.0 9.58431009515 0.0
57854.3120486 9.2418612844 0.0 9.2418612844 0.0
57854.3120949 9.00016666512 0.0 9.00016666512 0.0
57854.3121412 9.26401640758 0.0 9.26401640758 0.0
57854.3121875 9.48493542413 0.0 9.48493542413 0.0
57854.3122569 9.40792219356 0.0 9.40792219356 0.0
57854.3123032 9.10016483367 0.0 9.10016483367 0.0
57854.3123495 9.37085908548 0.0 9.37085908548 0.0
57854.3124074 9.99259725997 0.0 9.99259725997 0.0
57854.3124769 10.3674972872 0.0 10.3674972872 0.0
57854.3125116 9.67264183147 0.0 9.67264183147 0.0
57854.3125579 9.68824029429 0.0 9.68824029429 0.0
57854.3126157 9.82954729375 0.0 9.82954729375 0.0
57854.3126852 9.54986910905 0.0 9.54986910905 0.0
57854.3127315 8.96978260606 0.0 8.96978260606 0.0
57854.3127662 9.05566121274 0.0 9.05566121274 0.0
57854.3128241 9.09697752003 0.0 9.09697752003 0.0
57854.3128935 9.04765162901 0.0 9.04765162901 0.0
57854.3129398 8.86137686818 0.0 8.86137686818 0.0
57854.3129861 9.05825590277 0.0 9.05825590277 0.0
57854.3130324 9.31386063885 0.0 9.31386063885 0.0
57854.3131019 9.33107710824 0.0 9.33107710824 0.0
57854.3131481 9.01731667404 0.0 9.01731667404 0.0
57854.3131944 0.74296702484 0.0 0.74296702484 0.0
