57854.0256481 73.9965261277 0.0 76.0161834625 0.0
57854.0321991 72.9967509442 0.0 74.9283552409 0.0
57854.0349769 72.9967509442 0.0 74.9283552409 0.0
57854.0381366 72.3083805225 0.0 74.2252804655 0.0
57854.0388889 76.1654436372 0.0 73.8376912702 0.0
57854.0560532 71.8569137661 0.0 73.7231770483 0.0
57854.058831 71.8569137661 0.0 73.7231770483 0.0
57854.0621181 71.6765796534 0.0 73.60154987 0.0
57854.0808796 70.8402333274 0.0 72.7761273907 0.0
57854.0836574 70.8402333274 0.0 72.7761273907 0.0
57854.0864699 71.3415898142 0.0 72.6398842161 0.0
57854.1040856 70.5449183743 0.0 72.2415744588 0.0
57854.1068634 70.5449183743 0.0 72.2415744588 0.0
57854.1104745 71.2076226601 0.0 72.888739748 0.0
57854.128912 70.7886456926 0.0 72.421912917 0.0
57854.1316898 70.7886456926 0.0 72.421912917 0.0
57854.1351389 71.0180579382 0.0 72.6848340216 0.0
57854.1525 71.3276083075 0.0 72.8626159763 0.0
57854.1552778 71.3276083075 0.0 72.8626159763 0.0
57854.1596181 71.3691586997 0.0 72.9536245142 0.0
57854.1777083 71.1074312323 0.0 72.6279410851 0.0
57854.1804861 71.1074312323 0.0 72.6279410851 0.0
57854.1837616 71.4215118784 0.0 72.9347413266 0.0
57854.200706 71.8079740552 0.0 73.2275442714 0.0
57854.2076389 71.6363937581 0.0 73.0649614804 0.0
57854.2361343 71.9851306635 0.0 73.2466063072 0.0
57854.2576736 72.5446541264 0.0 73.7450463758 0.0
57854.2818171 74.0041421181 0.0 75.1788089432 0.0
57854.3034606 76.1468503352 0.0 77.3043963786 0.0
57854.3125347 77.0812817852 0.0 77.2941489847 0.0
