57853.9277894 148.807106768 0.0 147.721701273 0.0
57853.9340394 145.903827101 0.0 144.587374679 0.0
57853.9402894 140.818276357 0.0 139.692612608 0.0
57853.9465394 137.741730236 0.0 136.141357055 0.0
57853.9527894 136.521737271 0.0 134.919582605 0.0
57853.969456 130.731691618 0.0 128.850562011 0.0
57853.975706 128.26390722 0.0 126.356530991 0.0
57853.981956 126.053055352 0.0 123.87747967 0.0
57853.988206 126.267078278 0.0 124.104399365 0.0
57853.994456 125.804210875 0.0 123.398554618 0.0
57854.000706 122.486646763 0.0 120.021874684 0.0
