57853.9278588 8.52126751135 0.0 8.52126751135 0.0
57853.9278935 8.24342161969 0.0 8.24342161969 0.0
57853.9279398 8.31618903104 0.0 8.31618903104 0.0
57853.9279977 8.3445191593 0.0 8.3445191593 0.0
57853.9280671 8.4457681711 0.0 8.4457681711 0.0
57853.9281134 8.15340419702 0.0 8.15340419702 0.0
57853.9281481 8.262747727 0.0 8.262747727 0.0
57853.928206 8.45943260509 0.0 8.45943260509 0.0
57853.9282755 9.0987911285 0.0 9.0987911285 0.0
57853.9283218 9.14472525558 0.0 9.14472525558 0.0
57853.9283681 9.96915242134 0.0 9.96915242134 0.0
57853.9284144 10.5143711177 0.0 10.5143711177 0.0
57853.9284838 10.4552379217 0.0 10.4552379217 0.0
57853.9285301 8.54523258899 0.0 8.54523258899 0.0
57853.9285764 8.66890996608 0.0 8.66890996608 0.0
57853.9286227 8.79965908431 0.0 8.79965908431 0.0
57853.9286921 8.93543507614 0.0 8.93543507614 0.0
57853.9287384 8.38391316749 0.0 8.38391316749 0.0
57853.9287847 8.68757733779 0.0 8.68757733779 0.0
57853.928831 8.9149312953 0.0 8.9149312953 0.0
57853.9289005 8.88768811334 0.0 8.88768811334 0.0
57853.9289468 8.16327140306 0.0 8.16327140306 0.0
57853.9290046 8.26577280114 0.0 8.26577280114 0.0
57853.9290394 8.23814299463 0.0 8.23814299463 0.0
57853.9291088 8.18742938901 0.0 8.18742938901 0.0
57853.9291551 8.1016047793 0.0 8.1016047793 0.0
57853.929213 8.12102210316 0.0 8.12102210316 0.0
57853.9292593 8.13787441535 0.0 8.13787441535 0.0
57853.9293287 8.09388658186 0.0 8.09388658186 0.0
57853.929375 8.19518151111 0.0 8.19518151111 0.0
57853.9294213 8.24232976773 0.0 8.24232976773 0.0
57853.9294676 8.18590251591 0.0 8.18590251591 0.0
57853.929537 8.20451095435 0.0 8.20451095435 0.0
57853.9295833 8.1643738278 0.0 8.1643738278 0.0
57853.9296296 8.24639315095 0.0 8.24639315095 0.0
57853.9296759 8.24493784088 0.0 8.24493784088 0.0
57853.9297454 8.2406310438 0.0 8.2406310438 0.0
57853.9297917 8.21875903041 0.0 8.21875903041 0.0
57853.929838 8.51281387087 0.0 8.51281387087 0.0
57853.9298843 9.09318426075 0.0 9.09318426075 0.0
57853.9299537 9.40260602174 0.0 9.40260602174 0.0
57853.93 8.39470070938 0.0 8.39470070938 0.0
57853.9300463 8.38087107645 0.0 8.38087107645 0.0
57853.9300926 8.47508112056 0.0 8.47508112056 0.0
57853.930162 8.60987804792 0.0 8.60987804792 0.0
57853.9302199 8.42217311625 0.0 8.42217311625 0.0
57853.9302662 8.47974056207 0.0 8.47974056207 0.0
57853.9303009 8.59098364566 0.0 8.59098364566 0.0
57853.9303704 8.96978260606 0.0 8.96978260606 0.0
57853.9304282 8.6258912583 0.0 8.6258912583 0.0
57853.9304745 8.7008045605 0.0 8.7008045605 0.0
57853.9305208 8.82496458916 0.0 8.82496458916 0.0
57853.9305903 9.07358804443 0.0 9.07358804443 0.0
57853.9306366 9.17049616978 0.0 9.17049616978 0.0
57853.9306829 9.83051372005 0.0 9.83051372005 0.0
57853.9307292 10.4003846083 0.0 10.4003846083 0.0
57853.9307986 10.5606817962 0.0 10.5606817962 0.0
57853.9308449 8.31252067667 0.0 8.31252067667 0.0
57853.9308912 8.54136991354 0.0 8.54136991354 0.0
57853.9309375 8.75836742778 0.0 8.75836742778 0.0
57853.9310069 8.8755844878 0.0 8.8755844878 0.0
57853.9310532 8.52255830136 0.0 8.52255830136 0.0
57853.9310995 8.57163928312 0.0 8.57163928312 0.0
57853.9311574 8.64598172563 0.0 8.64598172563 0.0
57853.9312269 8.56679636737 0.0 8.56679636737 0.0
57853.9341088 9.18460668728 0.0 9.18460668728 0.0
57853.9341435 8.7544274513 0.0 8.7544274513 0.0
57853.9341898 9.05483296367 0.0 9.05483296367 0.0
57853.9342477 9.487149203 0.0 9.487149203 0.0
57853.9343171 10.0425594347 0.0 10.0425594347 0.0
57853.9343634 9.04521973199 0.0 9.04521973199 0.0
57853.9343981 9.57731695205 0.0 9.57731695205 0.0
57853.934456 10.0458449122 0.0 10.0458449122 0.0
57853.9345255 10.0702532242 0.0 10.0702532242 0.0
57853.9345718 8.61162005664 0.0 8.61162005664 0.0
57853.9346181 9.12617115772 0.0 9.12617115772 0.0
57853.9346644 9.90580637808 0.0 9.90580637808 0.0
57853.9347338 10.6841003365 0.0 10.6841003365 0.0
57853.9347801 9.61363614872 0.0 9.61363614872 0.0
57853.9348264 10.7716294032 0.0 10.7716294032 0.0
57853.9348727 11.6084452017 0.0 11.6084452017 0.0
57853.9349421 10.4048546362 0.0 10.4048546362 0.0
57853.9349884 9.6617286238 0.0 9.6617286238 0.0
57853.9350347 11.002590604 0.0 11.002590604 0.0
57853.935081 11.5626986469 0.0 11.5626986469 0.0
57853.9351505 11.0387046341 0.0 11.0387046341 0.0
57853.9351968 8.35607563393 0.0 8.35607563393 0.0
57853.9352546 8.46923845455 0.0 8.46923845455 0.0
57853.9352894 8.50717344363 0.0 8.50717344363 0.0
57853.9353588 8.58184129427 0.0 8.58184129427 0.0
57853.9354051 8.15984068472 0.0 8.15984068472 0.0
57853.935463 8.20731381147 0.0 8.20731381147 0.0
57853.9355093 8.21358630563 0.0 8.21358630563 0.0
57853.9355787 8.27925117387 0.0 8.27925117387 0.0
57853.935625 8.43113278273 0.0 8.43113278273 0.0
57853.9356713 8.48663655402 0.0 8.48663655402 0.0
57853.9357176 8.57554662981 0.0 8.57554662981 0.0
57853.935787 8.40011904678 0.0 8.40011904678 0.0
57853.9358333 8.06380803343 0.0 8.06380803343 0.0
57853.9358796 8.07068770304 0.0 8.07068770304 0.0
57853.9359259 8.13221986914 0.0 8.13221986914 0.0
57853.9359954 8.15524371187 0.0 8.15524371187 0.0
57853.9360417 8.29596287359 0.0 8.29596287359 0.0
57853.936088 8.58020978765 0.0 8.58020978765 0.0
57853.9361343 8.59022700515 0.0 8.59022700515 0.0
57853.9362037 8.51621981868 0.0 8.51621981868 0.0
57853.93625 8.20889761174 0.0 8.20889761174 0.0
57853.9362963 8.31131758508 0.0 8.31131758508 0.0
57853.9363426 8.36223654294 0.0 8.36223654294 0.0
57853.936412 8.32856530262 0.0 8.32856530262 0.0
57853.9364699 8.32892550093 0.0 8.32892550093 0.0
57853.9365162 8.67640478539 0.0 8.67640478539 0.0
57853.9365509 8.91997757845 0.0 8.91997757845 0.0
57853.9366204 8.56463659474 0.0 8.56463659474 0.0
57853.9366782 8.04897509003 0.0 8.04897509003 0.0
57853.9367245 8.16449631024 0.0 8.16449631024 0.0
57853.9367708 8.32412157528 0.0 8.32412157528 0.0
57853.9368403 8.54950290953 0.0 8.54950290953 0.0
57853.9368866 8.36462790565 0.0 8.36462790565 0.0
57853.9369329 8.56025700549 0.0 8.56025700549 0.0
57853.9369792 8.70672154143 0.0 8.70672154143 0.0
57853.9370486 8.81810637269 0.0 8.81810637269 0.0
57853.9370949 8.22526595315 0.0 8.22526595315 0.0
57853.9371412 8.28902889366 0.0 8.28902889366 0.0
57853.9371875 8.41272845158 0.0 8.41272845158 0.0
57853.9372569 8.60819377105 0.0 8.60819377105 0.0
57853.9373032 9.05693104755 0.0 9.05693104755 0.0
57853.9373495 9.58983837194 0.0 9.58983837194 0.0
57853.9374074 9.76846968568 0.0 9.76846968568 0.0
57853.9374769 9.4608667679 0.0 9.4608667679 0.0
57853.9403588 8.39136460893 0.0 8.39136460893 0.0
57853.9403935 8.24208711432 0.0 8.24208711432 0.0
57853.9404398 8.36785516127 0.0 8.36785516127 0.0
57853.9404977 8.52056336166 0.0 8.52056336166 0.0
57853.9405671 8.55832927621 0.0 8.55832927621 0.0
57853.9406134 8.09808619366 0.0 8.09808619366 0.0
57853.9406481 8.02539718643 0.0 8.02539718643 0.0
57853.940706 8.05046582503 0.0 8.05046582503 0.0
57853.9407755 8.14248119433 0.0 8.14248119433 0.0
57853.9408218 8.0540052148 0.0 8.0540052148 0.0
57853.9408681 8.18926126094 0.0 8.18926126094 0.0
57853.9409144 8.37645509747 0.0 8.37645509747 0.0
57853.9409838 8.32664398182 0.0 8.32664398182 0.0
57853.9410301 7.94864768373 0.0 7.94864768373 0.0
57853.9410764 7.94814443754 0.0 7.94814443754 0.0
57853.9411227 7.96937889675 0.0 7.96937889675 0.0
57853.9411921 7.95455844155 0.0 7.95455844155 0.0
57853.9412384 7.98022556072 0.0 7.98022556072 0.0
57853.9412847 8.06387003864 0.0 8.06387003864 0.0
57853.941331 8.10228362871 0.0 8.10228362871 0.0
57853.9414005 8.18449754108 0.0 8.18449754108 0.0
57853.9414468 7.96580190565 0.0 7.96580190565 0.0
57853.9415046 8.01754326462 0.0 8.01754326462 0.0
57853.9415394 8.06665977961 0.0 8.06665977961 0.0
57853.9416088 8.14763769445 0.0 8.14763769445 0.0
57853.9416551 8.01685723959 0.0 8.01685723959 0.0
57853.941713 8.07050184313 0.0 8.07050184313 0.0
57853.9417593 8.1091923149 0.0 8.1091923149 0.0
57853.9418287 8.1294526261 0.0 8.1294526261 0.0
57853.941875 8.03672819 0.0 8.03672819 0.0
57853.9419213 8.04891297008 0.0 8.04891297008 0.0
57853.9419676 8.01311425103 0.0 8.01311425103 0.0
57853.942037 8.05810151338 0.0 8.05810151338 0.0
57853.9420833 7.90955118828 0.0 7.90955118828 0.0
57853.9421296 7.93719093886 0.0 7.93719093886 0.0
57853.9421759 8.03616824115 0.0 8.03616824115 0.0
57853.9422454 8.1130142364 0.0 8.1130142364 0.0
57853.9422917 7.98780320238 0.0 7.98780320238 0.0
57853.942338 8.01199101347 0.0 8.01199101347 0.0
57853.9423843 8.0657919636 0.0 8.0657919636 0.0
57853.9424537 8.11757352908 0.0 8.11757352908 0.0
57853.9425 8.03871880339 0.0 8.03871880339 0.0
57853.9425463 8.11153499653 0.0 8.11153499653 0.0
57853.9425926 8.11480129147 0.0 8.11480129147 0.0
57853.942662 8.04151726977 0.0 8.04151726977 0.0
57853.9427199 7.97627732717 0.0 7.97627732717 0.0
57853.9427662 8.08993201455 0.0 8.08993201455 0.0
57853.9428009 8.12280739646 0.0 8.12280739646 0.0
57853.9428704 8.05779126064 0.0 8.05779126064 0.0
57853.9429282 7.92899741455 0.0 7.92899741455 0.0
57853.9429745 8.00131239235 0.0 8.00131239235 0.0
57853.9430208 8.00968164161 0.0 8.00968164161 0.0
57853.9430903 7.9221840423 0.0 7.9221840423 0.0
57853.9431366 7.91498578647 0.0 7.91498578647 0.0
57853.9431829 7.91207937271 0.0 7.91207937271 0.0
57853.9432292 7.96661785201 0.0 7.96661785201 0.0
57853.9432986 7.90430262579 0.0 7.90430262579 0.0
57853.9433449 7.87006988533 0.0 7.87006988533 0.0
57853.9433912 7.93467075561 0.0 7.93467075561 0.0
57853.9434375 7.98028821535 0.0 7.98028821535 0.0
57853.9435069 8.07848995791 0.0 8.07848995791 0.0
57853.9435532 8.00181229472 0.0 8.00181229472 0.0
57853.9435995 8.04524704406 0.0 8.04524704406 0.0
57853.9436574 8.02981942512 0.0 8.02981942512 0.0
57853.9437269 8.09067364315 0.0 8.09067364315 0.0
57853.9466088 8.10265388623 0.0 8.10265388623 0.0
57853.9466435 7.94279547766 0.0 7.94279547766 0.0
57853.9466898 7.97489811847 0.0 7.97489811847 0.0
57853.9467477 7.94443201242 0.0 7.94443201242 0.0
57853.9468171 7.99643670643 0.0 7.99643670643 0.0
57853.9468634 7.9634163523 0.0 7.9634163523 0.0
57853.9468981 7.99249648108 0.0 7.99249648108 0.0
57853.946956 7.98223026478 0.0 7.98223026478 0.0
57853.9470255 7.98517376142 0.0 7.98517376142 0.0
57853.9470718 7.94600528568 0.0 7.94600528568 0.0
57853.9471181 7.9735186712 0.0 7.9735186712 0.0
57853.9471644 7.98298189901 0.0 7.98298189901 0.0
57853.9472338 8.02489875326 0.0 8.02489875326 0.0
57853.9472801 8.03336791141 0.0 8.03336791141 0.0
57853.9473264 8.07972771818 0.0 8.07972771818 0.0
57853.9473727 8.14481430114 0.0 8.14481430114 0.0
57853.9474421 8.17318787255 0.0 8.17318787255 0.0
57853.9474884 8.13455591904 0.0 8.13455591904 0.0
57853.9475347 8.19292377604 0.0 8.19292377604 0.0
57853.947581 8.22775789629 0.0 8.22775789629 0.0
57853.9476505 8.21894153769 0.0 8.21894153769 0.0
57853.9476968 8.1970116506 0.0 8.1970116506 0.0
57853.9477546 8.25935832859 0.0 8.25935832859 0.0
57853.9477894 8.2646234034 0.0 8.2646234034 0.0
57853.9478588 8.20103651986 0.0 8.20103651986 0.0
57853.9479051 8.05145949502 0.0 8.05145949502 0.0
57853.947963 8.12594609876 0.0 8.12594609876 0.0
57853.9480093 8.1742889599 0.0 8.1742889599 0.0
57853.9480787 8.13203541556 0.0 8.13203541556 0.0
57853.948125 7.96937889675 0.0 7.96937889675 0.0
57853.9481713 8.09166237556 0.0 8.09166237556 0.0
57853.9482176 8.22283406132 0.0 8.22283406132 0.0
57853.948287 8.15677632401 0.0 8.15677632401 0.0
57853.9483333 7.90303739078 0.0 7.90303739078 0.0
57853.9483796 7.94329906273 0.0 7.94329906273 0.0
57853.9484259 7.98943051788 0.0 7.98943051788 0.0
57853.9484954 8.03442592847 0.0 8.03442592847 0.0
57853.9485417 7.93404058472 0.0 7.93404058472 0.0
57853.948588 7.93422964124 0.0 7.93422964124 0.0
57853.9486343 7.96517419772 0.0 7.96517419772 0.0
57853.9487037 7.95103766813 0.0 7.95103766813 0.0
57853.94875 7.9171964735 0.0 7.9171964735 0.0
57853.9487963 7.9541184301 0.0 7.9541184301 0.0
57853.9488426 7.95028301383 0.0 7.95028301383 0.0
57853.948912 7.95801482783 0.0 7.95801482783 0.0
57853.9489699 7.88859936871 0.0 7.88859936871 0.0
57853.9490162 7.94159933515 0.0 7.94159933515 0.0
57853.9490509 8.00237464757 0.0 8.00237464757 0.0
57853.9491204 7.99862488182 0.0 7.99862488182 0.0
57853.9491782 7.94260662503 0.0 7.94260662503 0.0
57853.9492245 8.01741853716 0.0 8.01741853716 0.0
57853.9492708 8.02184517427 0.0 8.02184517427 0.0
57853.9493403 7.95952259875 0.0 7.95952259875 0.0
57853.9493866 7.89088081268 0.0 7.89088081268 0.0
57853.9494329 7.8950617477 0.0 7.8950617477 0.0
57853.9494792 7.89252811208 0.0 7.89252811208 0.0
57853.9495486 7.91965908357 0.0 7.91965908357 0.0
57853.9495949 7.91163699875 0.0 7.91163699875 0.0
57853.9496412 7.91479627028 0.0 7.91479627028 0.0
57853.9496875 7.97533698348 0.0 7.97533698348 0.0
57853.9497569 7.90632658066 0.0 7.90632658066 0.0
57853.9498032 7.8882824493 0.0 7.8882824493 0.0
57853.9498495 7.94204004019 0.0 7.94204004019 0.0
57853.9499074 7.97075906047 0.0 7.97075906047 0.0
57853.9499769 8.06839513162 0.0 8.06839513162 0.0
57853.9528588 7.88904303449 0.0 7.88904303449 0.0
57853.9528935 7.94197708382 0.0 7.94197708382 0.0
57853.9529398 7.94971697609 0.0 7.94971697609 0.0
57853.9529977 8.0003124939 0.0 8.0003124939 0.0
57853.9530671 7.93359943531 0.0 7.93359943531 0.0
57853.9531134 7.91972221735 0.0 7.91972221735 0.0
57853.9531481 7.92477129008 0.0 7.92477129008 0.0
57853.953206 7.94405438048 0.0 7.94405438048 0.0
57853.9532755 7.91997474743 0.0 7.91997474743 0.0
57853.9533218 7.79422863406 0.0 7.79422863406 0.0
57853.9533681 7.84302237661 0.0 7.84302237661 0.0
57853.9534144 7.91359589567 0.0 7.91359589567 0.0
57853.9534838 7.9470120171 0.0 7.9470120171 0.0
57853.9535301 7.90499841872 0.0 7.90499841872 0.0
57853.9535764 7.95286112038 0.0 7.95286112038 0.0
57853.9536227 7.95392984631 0.0 7.95392984631 0.0
57853.9536921 7.9650486502 0.0 7.9650486502 0.0
57853.9537384 7.86562139948 0.0 7.86562139948 0.0
57853.9537847 7.90740159597 0.0 7.90740159597 0.0
57853.953831 7.97144905271 0.0 7.97144905271 0.0
57853.9539005 7.90050631289 0.0 7.90050631289 0.0
57853.9539468 7.80538275807 0.0 7.80538275807 0.0
57853.9540046 7.80775255755 0.0 7.80775255755 0.0
57853.9540394 7.80519058063 0.0 7.80519058063 0.0
57853.9541088 7.79788432846 0.0 7.79788432846 0.0
57853.9541551 7.78986521064 0.0 7.78986521064 0.0
57853.954213 7.79333048189 0.0 7.79333048189 0.0
57853.9542593 7.80576709875 0.0 7.80576709875 0.0
57853.9543287 7.84270361546 0.0 7.84270361546 0.0
57853.954375 7.86021628201 0.0 7.86021628201 0.0
57853.9544213 7.85232449661 0.0 7.85232449661 0.0
57853.9544676 7.84091831357 0.0 7.84091831357 0.0
57853.954537 7.80627952356 0.0 7.80627952356 0.0
57853.9545833 7.82368199763 0.0 7.82368199763 0.0
57853.9546296 7.83562377862 0.0 7.83562377862 0.0
57853.9546759 7.83766546875 0.0 7.83766546875 0.0
57853.9547454 7.84098208135 0.0 7.84098208135 0.0
57853.9547917 7.77843171854 0.0 7.77843171854 0.0
57853.954838 7.79435693306 0.0 7.79435693306 0.0
57853.9548843 7.77971721851 0.0 7.77971721851 0.0
57853.9549537 7.81421781114 0.0 7.81421781114 0.0
57853.955 7.83479419002 0.0 7.83479419002 0.0
57853.9550463 7.87864201497 0.0 7.87864201497 0.0
57853.9550926 7.92729462049 0.0 7.92729462049 0.0
57853.955162 7.94248072078 0.0 7.94248072078 0.0
57853.9552199 7.84263986168 0.0 7.84263986168 0.0
57853.9552662 7.85678051113 0.0 7.85678051113 0.0
57853.9553009 7.84914008029 0.0 7.84914008029 0.0
57853.9553704 7.81997442451 0.0 7.81997442451 0.0
57853.9554282 7.77251568027 0.0 7.77251568027 0.0
57853.9554745 7.76034793034 0.0 7.76034793034 0.0
57853.9555208 7.75474048566 0.0 7.75474048566 0.0
57853.9555903 7.78845299145 0.0 7.78845299145 0.0
57853.9556366 7.79384372438 0.0 7.79384372438 0.0
57853.9556829 7.81946289716 0.0 7.81946289716 0.0
57853.9557292 7.80871308219 0.0 7.80871308219 0.0
57853.9557986 7.84034438019 0.0 7.84034438019 0.0
57853.9558449 7.88726822163 0.0 7.88726822163 0.0
57853.9558912 7.9553755411 0.0 7.9553755411 0.0
57853.9559375 7.9551241348 0.0 7.9551241348 0.0
57853.9560069 7.84251235256 0.0 7.84251235256 0.0
57853.9560532 7.83134726596 0.0 7.83134726596 0.0
57853.9560995 7.79397202972 0.0 7.79397202972 0.0
57853.9561574 7.84168349272 0.0 7.84168349272 0.0
57853.9562269 8.02938353798 0.0 8.02938353798 0.0
57853.9694792 65.3471269453 0.0 65.3471269453 0.0
57853.9695255 61.4044460931 0.0 61.4044460931 0.0
57853.9695949 53.1978289031 0.0 53.1978289031 0.0
57853.9696412 7.73479152919 0.0 7.73479152919 0.0
57853.9696875 7.76537185201 0.0 7.76537185201 0.0
57853.9697338 7.76350436337 0.0 7.76350436337 0.0
57853.9698032 7.79089211836 0.0 7.79089211836 0.0
57853.9698495 7.75667454519 0.0 7.75667454519 0.0
57853.9698958 7.8211891679 0.0 7.8211891679 0.0
57853.9699421 7.91536480524 0.0 7.91536480524 0.0
57853.9700116 7.97276614482 0.0 7.97276614482 0.0
57853.9700579 7.8056389873 0.0 7.8056389873 0.0
57853.9701157 7.89829095438 0.0 7.89829095438 0.0
57853.9701505 8.16039214744 0.0 8.16039214744 0.0
57853.9702315 8.11911325207 0.0 8.11911325207 0.0
57853.9702662 7.65349593323 0.0 7.65349593323 0.0
57853.9703241 7.68596122811 0.0 7.68596122811 0.0
57853.9703704 7.70227239196 0.0 7.70227239196 0.0
57853.9704398 7.75667454519 0.0 7.75667454519 0.0
57853.9704861 7.65800235048 0.0 7.65800235048 0.0
57853.9705324 7.73601964837 0.0 7.73601964837 0.0
57853.9705787 7.78948008535 0.0 7.78948008535 0.0
57853.9706481 7.88967679946 0.0 7.88967679946 0.0
57853.9706944 7.68537572276 0.0 7.68537572276 0.0
57853.9707407 7.69597297293 0.0 7.69597297293 0.0
57853.970787 7.72282331793 0.0 7.72282331793 0.0
57853.9708565 7.64597933557 0.0 7.64597933557 0.0
57853.9709028 7.70136351564 0.0 7.70136351564 0.0
57853.9709491 7.92994325326 0.0 7.92994325326 0.0
57853.9709954 8.17863069224 0.0 8.17863069224 0.0
57853.9710648 8.46445509174 0.0 8.46445509174 0.0
57853.9711227 7.84410606762 0.0 7.84410606762 0.0
57853.9711574 7.97119815335 0.0 7.97119815335 0.0
57853.9712037 8.23255731835 0.0 8.23255731835 0.0
57853.9712731 8.35870803414 0.0 8.35870803414 0.0
57853.971331 7.88321000608 0.0 7.88321000608 0.0
57853.9713773 7.92420343 0.0 7.92420343 0.0
57853.971412 7.98792839227 0.0 7.98792839227 0.0
57853.9714815 7.93983627035 0.0 7.93983627035 0.0
57853.9715394 7.6690938187 0.0 7.6690938187 0.0
57853.9715856 7.72703047749 0.0 7.72703047749 0.0
57853.9716319 7.81319396918 0.0 7.81319396918 0.0
57853.9717014 7.8907540831 0.0 7.8907540831 0.0
57853.9717477 7.79525496697 0.0 7.79525496697 0.0
57853.971794 7.89670817493 0.0 7.89670817493 0.0
57853.9718403 7.93133027934 0.0 7.93133027934 0.0
57853.9719097 7.91283767052 0.0 7.91283767052 0.0
57853.971956 7.9649231007 0.0 7.9649231007 0.0
57853.9720023 8.01654539063 0.0 8.01654539063 0.0
57853.9720486 8.07081160727 0.0 8.07081160727 0.0
57853.9721181 7.83989795852 0.0 7.83989795852 0.0
57853.9721644 7.62771263224 0.0 7.62771263224 0.0
57853.9722106 7.7071395472 0.0 7.7071395472 0.0
57853.9722685 7.74887088549 0.0 7.74887088549 0.0
57853.972338 7.77515273162 0.0 7.77515273162 0.0
57853.9723727 7.5725160944 0.0 7.5725160944 0.0
57853.972419 7.63485428807 0.0 7.63485428807 0.0
57853.9724769 7.7212693257 0.0 7.7212693257 0.0
57853.9725463 7.78761837791 0.0 7.78761837791 0.0
57853.9725926 7.65734941086 0.0 7.65734941086 0.0
57853.9726389 7.7312353476 0.0 7.7312353476 0.0
57853.9726852 7.79858961608 0.0 7.79858961608 0.0
57853.9727546 7.80493433669 0.0 7.80493433669 0.0
57853.9728009 7.63564011724 0.0 7.63564011724 0.0
57853.9728472 7.6590469381 0.0 7.6590469381 0.0
57853.9728935 7.77540995704 0.0 7.77540995704 0.0
57853.9757755 7.79961537513 0.0 7.79961537513 0.0
57853.9758102 7.69668759922 0.0 7.69668759922 0.0
57853.9758565 7.66459392271 0.0 7.66459392271 0.0
57853.9759144 7.70558239201 0.0 7.70558239201 0.0
57853.9759838 7.78626996706 0.0 7.78626996706 0.0
57853.9760301 7.74867730648 0.0 7.74867730648 0.0
57853.9760648 7.71420767156 0.0 7.71420767156 0.0
57853.9761227 7.63053078101 0.0 7.63053078101 0.0
57853.9761921 7.60894210781 0.0 7.60894210781 0.0
57853.9762384 7.64820240318 0.0 7.64820240318 0.0
57853.9762847 7.68693697125 0.0 7.68693697125 0.0
57853.976331 7.77592438235 0.0 7.77592438235 0.0
57853.9764005 7.76736763646 0.0 7.76736763646 0.0
57853.9764468 7.62227000309 0.0 7.62227000309 0.0
57853.9764931 7.65447581484 0.0 7.65447581484 0.0
57853.9765394 7.65153579355 0.0 7.65153579355 0.0
57853.9766088 7.66015665636 0.0 7.66015665636 0.0
57853.9766551 7.64434431459 0.0 7.64434431459 0.0
57853.9767014 7.72521844351 0.0 7.72521844351 0.0
57853.9767477 7.80249959949 0.0 7.80249959949 0.0
57853.9768171 7.80685596127 0.0 7.80685596127 0.0
57853.9768634 7.77785317424 0.0 7.77785317424 0.0
57853.9769213 7.87565870261 0.0 7.87565870261 0.0
57853.976956 7.88872613291 0.0 7.88872613291 0.0
57853.9770255 7.7556431068 0.0 7.7556431068 0.0
57853.9770718 7.62745042593 0.0 7.62745042593 0.0
57853.9771296 7.69363373186 0.0 7.69363373186 0.0
57853.9771759 7.70551750371 0.0 7.70551750371 0.0
57853.9772454 7.73873374655 0.0 7.73873374655 0.0
57853.9772917 7.67684831164 0.0 7.67684831164 0.0
57853.977338 7.74196357522 0.0 7.74196357522 0.0
57853.9773843 7.89962024404 0.0 7.89962024404 0.0
57853.9774537 7.7982690387 0.0 7.7982690387 0.0
57853.9775 7.62751597835 0.0 7.62751597835 0.0
57853.9775463 7.67938799645 0.0 7.67938799645 0.0
57853.9775926 7.73530865577 0.0 7.73530865577 0.0
57853.977662 7.72249959534 0.0 7.72249959534 0.0
57853.9777083 7.69909085542 0.0 7.69909085542 0.0
57853.9777546 7.77746745413 0.0 7.77746745413 0.0
57853.9778009 7.85277021184 0.0 7.85277021184 0.0
57853.9778704 7.84773852775 0.0 7.84773852775 0.0
57853.9779167 7.65493305 0.0 7.65493305 0.0
57853.977963 7.7618296812 0.0 7.7618296812 0.0
57853.9780093 7.87629354456 0.0 7.87629354456 0.0
57853.9780787 7.92092166354 0.0 7.92092166354 0.0
57853.9781366 7.64054971844 0.0 7.64054971844 0.0
57853.9781829 7.63930625122 0.0 7.63930625122 0.0
57853.9782176 7.70142843893 0.0 7.70142843893 0.0
57853.978287 7.70285661297 0.0 7.70285661297 0.0
57853.9783449 7.64604472914 0.0 7.64604472914 0.0
57853.9783912 7.71854908645 0.0 7.71854908645 0.0
57853.9784375 7.80852098672 0.0 7.80852098672 0.0
57853.9785069 7.66889822595 0.0 7.66889822595 0.0
57853.9785532 7.63190670803 0.0 7.63190670803 0.0
57853.9785995 7.64552156494 0.0 7.64552156494 0.0
57853.9786458 7.73530865577 0.0 7.73530865577 0.0
57853.9787153 7.81811997861 0.0 7.81811997861 0.0
57853.9787616 7.69974025536 0.0 7.69974025536 0.0
57853.9788079 7.68706706098 0.0 7.68706706098 0.0
57853.9788542 7.65153579355 0.0 7.65153579355 0.0
57853.9789236 7.66296287346 0.0 7.66296287346 0.0
57853.9789699 7.65127440365 0.0 7.65127440365 0.0
57853.9790162 7.60999342969 0.0 7.60999342969 0.0
57853.9790741 7.64369020827 0.0 7.64369020827 0.0
57853.9791435 7.63347889235 0.0 7.63347889235 0.0
57853.9820255 7.59328650849 0.0 7.59328650849 0.0
57853.9820602 7.55870359255 0.0 7.55870359255 0.0
57853.9821065 7.58729200703 0.0 7.58729200703 0.0
57853.9821644 7.67802057825 0.0 7.67802057825 0.0
57853.9822338 7.74596669241 0.0 7.74596669241 0.0
57853.9822801 7.5786542341 0.0 7.5786542341 0.0
57853.9823148 7.61577310586 0.0 7.61577310586 0.0
57853.9823727 7.69883108011 0.0 7.69883108011 0.0
57853.9824421 7.68862796603 0.0 7.68862796603 0.0
57853.9824884 7.62640151054 0.0 7.62640151054 0.0
57853.9825347 7.65885108877 0.0 7.65885108877 0.0
57853.982581 7.70934497866 0.0 7.70934497866 0.0
57853.9826505 7.65310394546 0.0 7.65310394546 0.0
57853.9826968 7.61912068417 0.0 7.61912068417 0.0
57853.9827431 7.63433035701 0.0 7.63433035701 0.0
57853.9827894 7.6341338736 0.0 7.6341338736 0.0
57853.9828588 7.70266187756 0.0 7.70266187756 0.0
57853.9829051 7.63760433644 0.0 7.63760433644 0.0
57853.9829514 7.65989556065 0.0 7.65989556065 0.0
57853.9829977 7.69129377933 0.0 7.69129377933 0.0
57853.9830671 7.70707467201 0.0 7.70707467201 0.0
57853.9831134 7.62495901628 0.0 7.62495901628 0.0
57853.9831713 7.68231735871 0.0 7.68231735871 0.0
57853.983206 7.80115376082 0.0 7.80115376082 0.0
57853.9832755 7.82093344812 0.0 7.82093344812 0.0
57853.9833218 7.61649525701 0.0 7.61649525701 0.0
57853.9833796 7.67645751633 0.0 7.67645751633 0.0
57853.9834259 7.78466441152 0.0 7.78466441152 0.0
57853.9834954 7.9909949318 0.0 7.9909949318 0.0
57853.9835417 7.6585246621 0.0 7.6585246621 0.0
57853.983588 7.73724757262 0.0 7.73724757262 0.0
57853.9836343 7.75151598076 0.0 7.75151598076 0.0
57853.9837037 7.71803083694 0.0 7.71803083694 0.0
57853.98375 7.58979578118 0.0 7.58979578118 0.0
57853.9837963 7.62312271973 0.0 7.62312271973 0.0
57853.9838426 7.61557614367 0.0 7.61557614367 0.0
57853.983912 7.55731433778 0.0 7.55731433778 0.0
57853.9839583 7.5909156233 0.0 7.5909156233 0.0
57853.9840046 7.60565579027 0.0 7.60565579027 0.0
57853.9840509 7.61380325462 0.0 7.61380325462 0.0
57853.9841204 7.61294949412 0.0 7.61294949412 0.0
57853.9841667 7.5436728455 0.0 7.5436728455 0.0
57853.984213 7.54579353017 0.0 7.54579353017 0.0
57853.9842593 7.5545350618 0.0 7.5545350618 0.0
57853.9843287 7.59387911413 0.0 7.59387911413 0.0
57853.9843866 7.558240536 0.0 7.558240536 0.0
57853.9844329 7.56795877367 0.0 7.56795877367 0.0
57853.9844676 7.60374907529 0.0 7.60374907529 0.0
57853.984537 7.62659819317 0.0 7.62659819317 0.0
57853.9845949 7.55731433778 0.0 7.55731433778 0.0
57853.9846412 7.58893931983 0.0 7.58893931983 0.0
57853.9846875 7.59131082225 0.0 7.59131082225 0.0
57853.9847569 7.65016339695 0.0 7.65016339695 0.0
57853.9848032 7.62666375291 0.0 7.62666375291 0.0
57853.9848495 7.67104947188 0.0 7.67104947188 0.0
57853.9848958 7.70285661297 0.0 7.70285661297 0.0
57853.9849653 7.64087691303 0.0 7.64087691303 0.0
57853.9850116 7.54148526485 0.0 7.54148526485 0.0
57853.9850579 7.56828910653 0.0 7.56828910653 0.0
57853.9851042 7.55599100052 0.0 7.55599100052 0.0
57853.9851736 7.54062331641 0.0 7.54062331641 0.0
57853.9852199 7.55354221541 0.0 7.55354221541 0.0
57853.9852662 7.60144723063 0.0 7.60144723063 0.0
57853.9853241 7.61905505952 0.0 7.61905505952 0.0
57853.9853935 7.55188718136 0.0 7.55188718136 0.0
57853.9882755 7.78093824677 0.0 7.78093824677 0.0
57853.9883102 7.63367539263 0.0 7.63367539263 0.0
57853.9883565 7.60105255869 0.0 7.60105255869 0.0
57853.9884144 7.7138835874 0.0 7.7138835874 0.0
57853.9884838 7.63564011724 0.0 7.63564011724 0.0
57853.9885301 7.59723633962 0.0 7.59723633962 0.0
57853.9885648 7.68641659032 0.0 7.68641659032 0.0
57853.9886227 7.70012986903 0.0 7.70012986903 0.0
57853.9886921 7.6717664198 0.0 7.6717664198 0.0
57853.9887384 7.60670756635 0.0 7.60670756635 0.0
57853.9887847 7.66231035654 0.0 7.66231035654 0.0
57853.988831 7.82176450681 0.0 7.82176450681 0.0
57853.9889005 7.87838816002 0.0 7.87838816002 0.0
57853.9889468 7.80422962245 0.0 7.80422962245 0.0
57853.9889931 7.99468573491 0.0 7.99468573491 0.0
57853.9890394 8.02670542626 0.0 8.02670542626 0.0
57853.9891088 8.01797979543 0.0 8.01797979543 0.0
57853.9891551 7.76034793034 0.0 7.76034793034 0.0
57853.9892014 7.89715138515 0.0 7.89715138515 0.0
57853.9892477 8.01985037267 0.0 8.01985037267 0.0
57853.9893171 7.88479549513 0.0 7.88479549513 0.0
57853.9893634 7.6550636836 0.0 7.6550636836 0.0
57853.9894213 7.70616636208 0.0 7.70616636208 0.0
57853.989456 7.77045687202 0.0 7.77045687202 0.0
57853.9895255 7.72618922885 0.0 7.72618922885 0.0
57853.9895718 7.5705349877 0.0 7.5705349877 0.0
57853.9896296 7.57753257994 0.0 7.57753257994 0.0
57853.9896759 7.55711585196 0.0 7.55711585196 0.0
57853.9897454 7.55718201448 0.0 7.55718201448 0.0
57853.9897917 7.65956917849 0.0 7.65956917849 0.0
57853.989838 7.66341960224 0.0 7.66341960224 0.0
57853.9898843 7.68589617416 0.0 7.68589617416 0.0
57853.9899537 7.6151165454 0.0 7.6151165454 0.0
57853.99 7.69928568115 0.0 7.69928568115 0.0
57853.9900463 7.8214448793 0.0 7.8214448793 0.0
57853.9900926 7.88390766054 0.0 7.88390766054 0.0
57853.990162 7.77592438235 0.0 7.77592438235 0.0
57853.9902083 7.6092706615 0.0 7.6092706615 0.0
57853.9902546 7.61642960973 0.0 7.61642960973 0.0
57853.9903009 7.60657610229 0.0 7.60657610229 0.0
57853.9903704 7.58267762733 0.0 7.58267762733 0.0
57853.9904167 7.60565579027 0.0 7.60565579027 0.0
57853.990463 7.65323461028 0.0 7.65323461028 0.0
57853.9905093 7.63636038961 0.0 7.63636038961 0.0
57853.9905787 7.60230228286 0.0 7.60230228286 0.0
57853.9906366 7.52303130394 0.0 7.52303130394 0.0
57853.9906829 7.51611601826 0.0 7.51611601826 0.0
57853.9907176 7.5214360331 0.0 7.5214360331 0.0
57853.990787 7.5520858046 0.0 7.5520858046 0.0
57853.9908449 7.5516885529 0.0 7.5516885529 0.0
57853.9908912 7.5399602121 0.0 7.5399602121 0.0
57853.9909375 7.54307629552 0.0 7.54307629552 0.0
57853.9910069 7.52934260079 0.0 7.52934260079 0.0
57853.9910532 7.59005928831 0.0 7.59005928831 0.0
57853.9910995 7.6734607577 0.0 7.6734607577 0.0
57853.9911458 7.66576806328 0.0 7.66576806328 0.0
57853.9912153 7.66015665636 0.0 7.66015665636 0.0
57853.9912616 7.59236458556 0.0 7.59236458556 0.0
57853.9913079 7.647875522 0.0 7.647875522 0.0
57853.9913542 7.6638763038 0.0 7.6638763038 0.0
57853.9914236 7.70889097082 0.0 7.70889097082 0.0
57853.9914699 7.61051903618 0.0 7.61051903618 0.0
57853.9915162 7.62174520697 0.0 7.62174520697 0.0
57853.9915741 7.7023373076 0.0 7.7023373076 0.0
57853.9916435 7.67261363552 0.0 7.67261363552 0.0
57853.9945255 7.8486941589 0.0 7.8486941589 0.0
57853.9945602 7.65186251837 0.0 7.65186251837 0.0
57853.9946065 7.68296817643 0.0 7.68296817643 0.0
57853.9946644 7.72521844351 0.0 7.72521844351 0.0
57853.9947338 7.60065786626 0.0 7.60065786626 0.0
57853.9947801 7.65872051977 0.0 7.65872051977 0.0
57853.9948148 7.70110381699 0.0 7.70110381699 0.0
57853.9948727 7.68706706098 0.0 7.68706706098 0.0
57853.9949421 7.71336502442 0.0 7.71336502442 0.0
57853.9949884 7.66492009091 0.0 7.66492009091 0.0
57853.9950347 7.7556431068 0.0 7.7556431068 0.0
57853.995081 7.8667655361 0.0 7.8667655361 0.0
57853.9951505 7.82297897223 0.0 7.82297897223 0.0
57853.9951968 7.57839033041 0.0 7.57839033041 0.0
57853.9952431 7.62272917005 0.0 7.62272917005 0.0
57853.9952894 7.67841129401 0.0 7.67841129401 0.0
57853.9953588 7.69564812085 0.0 7.69564812085 0.0
57853.9954051 7.50912777891 0.0 7.50912777891 0.0
57853.9954514 7.54870849881 0.0 7.54870849881 0.0
57853.9954977 7.58788508084 0.0 7.58788508084 0.0
57853.9955671 7.58841221864 0.0 7.58841221864 0.0
57853.9956134 7.52023935789 0.0 7.52023935789 0.0
57853.9956713 7.54665488809 0.0 7.54665488809 0.0
57853.995706 7.57027080097 0.0 7.57027080097 0.0
57853.9957755 7.60815352106 0.0 7.60815352106 0.0
57853.9958218 7.61551048847 0.0 7.61551048847 0.0
57853.9958796 7.63891353531 0.0 7.63891353531 0.0
57853.9959259 7.59045453184 0.0 7.59045453184 0.0
57853.9959954 7.51604949425 0.0 7.51604949425 0.0
57853.9960417 7.57198784996 0.0 7.57198784996 0.0
57853.996088 7.62653263285 0.0 7.62653263285 0.0
57853.9961343 7.65427984856 0.0 7.65427984856 0.0
57853.9962037 7.65192786166 0.0 7.65192786166 0.0
57853.99625 7.61826751959 0.0 7.61826751959 0.0
57853.9962963 7.69129377933 0.0 7.69129377933 0.0
57853.9963426 7.73369252039 0.0 7.73369252039 0.0
57853.996412 7.69226884606 0.0 7.69226884606 0.0
57853.9964583 7.55658653097 0.0 7.55658653097 0.0
57853.9965046 7.55830668867 0.0 7.55830668867 0.0
57853.9965509 7.59717052593 0.0 7.59717052593 0.0
57853.9966204 7.64473675152 0.0 7.64473675152 0.0
57853.9966667 7.54446817211 0.0 7.54446817211 0.0
57853.996713 7.59164013899 0.0 7.59164013899 0.0
57853.9967593 7.59815767144 0.0 7.59815767144 0.0
57853.9968287 7.57317634814 0.0 7.57317634814 0.0
57853.9968866 7.58577616332 0.0 7.58577616332 0.0
57853.9969329 7.61977689962 0.0 7.61977689962 0.0
57853.9969676 7.6388480807 0.0 7.6388480807 0.0
57853.997037 7.61754553646 0.0 7.61754553646 0.0
57853.9970949 7.55513070701 0.0 7.55513070701 0.0
57853.9971412 7.579841687 0.0 7.579841687 0.0
57853.9971875 7.60105255869 0.0 7.60105255869 0.0
57853.9972569 7.59861829545 0.0 7.59861829545 0.0
57853.9973032 7.59414247957 0.0 7.59414247957 0.0
57853.9973495 7.56809090854 0.0 7.56809090854 0.0
57853.9973958 7.57040289549 0.0 7.57040289549 0.0
57853.9974653 7.6158387588 0.0 7.6158387588 0.0
57853.9975116 7.61774244773 0.0 7.61774244773 0.0
57853.9975579 7.61695477209 0.0 7.61695477209 0.0
57853.9976042 7.5820841462 0.0 7.5820841462 0.0
57853.9976736 7.58149061861 0.0 7.58149061861 0.0
57853.9977199 7.60499835634 0.0 7.60499835634 0.0
57853.9977662 7.57680671523 0.0 7.57680671523 0.0
57853.9978241 7.55671886469 0.0 7.55671886469 0.0
57853.9978935 7.53929704946 0.0 7.53929704946 0.0
57854.0007755 7.73769991664 0.0 7.73769991664 0.0
57854.0008102 7.58419409034 0.0 7.58419409034 0.0
57854.0008565 7.56756235521 0.0 7.56756235521 0.0
57854.0009144 7.58017150202 0.0 7.58017150202 0.0
57854.0009838 7.57245006586 0.0 7.57245006586 0.0
57854.0010301 7.54102115101 0.0 7.54102115101 0.0
57854.0010648 7.53783788629 0.0 7.53783788629 0.0
57854.0011227 7.54804610479 0.0 7.54804610479 0.0
57854.0011921 7.59611742932 0.0 7.59611742932 0.0
57854.0012384 7.5457272678 0.0 7.5457272678 0.0
57854.0012847 7.57647675374 0.0 7.57647675374 0.0
57854.001331 7.61229269012 0.0 7.61229269012 0.0
57854.0014005 7.61859567112 0.0 7.61859567112 0.0
57854.0014468 7.70655565087 0.0 7.70655565087 0.0
57854.0014931 7.76228059271 0.0 7.76228059271 0.0
57854.0015394 7.67463354174 0.0 7.67463354174 0.0
57854.0016088 7.62227000309 0.0 7.62227000309 0.0
57854.0016551 7.5762127742 0.0 7.5762127742 0.0
57854.0017014 7.61308084812 0.0 7.61308084812 0.0
57854.0017477 7.67912755461 0.0 7.67912755461 0.0
57854.0018171 7.63511624011 0.0 7.63511624011 0.0
57854.0018634 7.62528687985 0.0 7.62528687985 0.0
57854.0019213 7.64061515848 0.0 7.64061515848 0.0
57854.001956 7.67789033524 0.0 7.67789033524 0.0
57854.0020255 7.59710471166 0.0 7.59710471166 0.0
57854.0020718 7.61281813785 0.0 7.61281813785 0.0
57854.0021296 7.65408387725 0.0 7.65408387725 0.0
57854.0021759 7.68452991405 0.0 7.68452991405 0.0
57854.0022454 7.66778977281 0.0 7.66778977281 0.0
57854.0022917 7.56676945598 0.0 7.56676945598 0.0
57854.002338 7.62069550632 0.0 7.62069550632 0.0
57854.0023843 7.63295486689 0.0 7.63295486689 0.0
57854.0024537 7.60959920101 0.0 7.60959920101 0.0
57854.0025 7.56894972899 0.0 7.56894972899 0.0
57854.0025463 7.58439186751 0.0 7.58439186751 0.0
57854.0025926 7.57172371392 0.0 7.57172371392 0.0
57854.002662 7.62594256469 0.0 7.62594256469 0.0
57854.0027083 7.60131567559 0.0 7.60131567559 0.0
57854.0027546 7.6250901634 0.0 7.6250901634 0.0
57854.0028009 7.64362479456 0.0 7.64362479456 0.0
57854.0028704 7.6290235286 0.0 7.6290235286 0.0
57854.0029167 7.51292220111 0.0 7.51292220111 0.0
57854.002963 7.52296484107 0.0 7.52296484107 0.0
57854.0030093 7.55671886469 0.0 7.55671886469 0.0
57854.0030787 7.60427511338 0.0 7.60427511338 0.0
57854.0031366 7.5462573505 0.0 7.5462573505 0.0
57854.0031829 7.56002645498 0.0 7.56002645498 0.0
57854.0032176 7.62292594743 0.0 7.62292594743 0.0
57854.003287 7.56994055459 0.0 7.56994055459 0.0
57854.0033449 7.6487907541 0.0 7.6487907541 0.0
57854.0033912 7.69512832901 0.0 7.69512832901 0.0
57854.0034375 7.72107505468 0.0 7.72107505468 0.0
57854.0035069 7.64316688291 0.0 7.64316688291 0.0
57854.0035532 7.55539542314 0.0 7.55539542314 0.0
57854.0035995 7.67241813251 0.0 7.67241813251 0.0
57854.0036458 7.82668512207 0.0 7.82668512207 0.0
57854.0037153 7.75641669845 0.0 7.75641669845 0.0
57854.0037616 7.5327285893 0.0 7.5327285893 0.0
57854.0038079 7.52276544896 0.0 7.52276544896 0.0
57854.0038542 7.53544955527 0.0 7.53544955527 0.0
57854.0039236 7.50766275215 0.0 7.50766275215 0.0
57854.0039699 7.54035808168 0.0 7.54035808168 0.0
57854.0040162 7.58353479586 0.0 7.58353479586 0.0
57854.0040741 7.59697308143 0.0 7.59697308143 0.0
57854.0041435 7.56650513778 0.0 7.56650513778 0.0
