57853.9277894 75.4317614889 0.0 77.303802036 0.0
57853.9340394 75.3087982467 0.0 77.1777871326 0.0
57853.9402894 73.6845896878 0.0 75.7766969183 0.0
57853.9465394 75.1416497434 0.0 77.1904966062 0.0
57853.9527894 74.9096328455 0.0 76.7779904329 0.0
57853.969456 75.4960551535 0.0 77.3512717184 0.0
57853.975706 75.5562169646 0.0 77.4129119272 0.0
57853.981956 77.5043536424 0.0 79.3196899532 0.0
57853.988206 77.9930341081 0.0 79.623726853 0.0
57853.994456 78.5120875735 0.0 80.3171989577 0.0
57854.000706 79.2444190453 0.0 81.0415731052 0.0
