57854.3811343 69.234011981 0.0 69.0959074155 0.0
57854.4044676 68.4525928816 0.0 68.3001895408 0.0
57854.4190046 68.460283492 0.0 68.3072325281 0.0
57854.4217824 68.460283492 0.0 68.3072325281 0.0
57854.4263657 68.4194071428 0.0 68.2984565593 0.0
57854.4353588 68.35941089 0.0 68.2642577968 0.0
57854.4360764 71.6335719413 0.0 68.943416576 0.0
57854.4508333 68.5120021759 0.0 68.4585677934 0.0
57854.4536111 68.5120021759 0.0 68.4585677934 0.0
57854.4596759 68.7094235961 0.0 68.6474441858 0.0
57854.4689005 68.8433024207 0.0 68.8598582202 0.0
57854.4825926 69.1637554796 0.0 69.1918645582 0.0
57854.4916204 69.4059481021 0.0 69.5043106375 0.0
57854.4992708 69.3290653937 0.0 69.445231522 0.0
57854.4999884 72.5976660768 0.0 70.1220910803 0.0
57854.5159375 69.967765324 0.0 70.1542962184 0.0
57854.5249884 70.5169811281 0.0 70.5038273183 0.0
57854.5386574 71.5568963798 0.0 71.5493317597 0.0
57854.5414352 71.5568963798 0.0 71.5493317597 0.0
57854.5472106 72.6896313314 0.0 72.7591454612 0.0
57854.5631829 75.3918243026 0.0 75.5532385044 0.0
57854.5714815 76.0789375219 0.0 76.1980856079 0.0
57854.5849074 78.5540490154 0.0 78.8260836367 0.0
57854.5876852 78.5540490154 0.0 78.8260836367 0.0
57854.5939352 81.8436403996 0.0 82.2167295228 0.0
57854.596713 81.8436403996 0.0 82.2167295228 0.0
57854.601412 86.448337566 0.0 86.9616128407 0.0
57854.6173843 92.2611194502 0.0 92.4427164543 0.0
57854.620162 92.2611194502 0.0 92.4427164543 0.0
