* EHT April 2017 High
dr_win -30.e-6 30.e-6  mb_win -1. 1.  sb_win -0.5 0.5
pc_mode manual
pc_freqs abcdefghijklmnopqrstuvwxyzABCDEFGHIJKLMNOPQRSTUVWXYZ12345678 0 0 0 0 0 0 0 0 0 0 0 0 0 0 0 0 0 0 0 0 0 0 0 0 0 0 0 0 0 0 0 0 0 0 0 0 0 0 0 0 0 0 0 0 0 0 0 0 0 0 0 0 0 0 0 0 0 0 0 0

if station A
  pc_phases_l abcdefghijklmnopqrstuvwxyzABCDEF 0 0 0 0 0 0 0 0 0 0 0 0 0 0 0 0 0 0 0 0 0 0 0 0 0 0 0 0 0 0 0 0
  pc_phases_r abcdefghijklmnopqrstuvwxyzABCDEF 0 0 0 0 0 0 0 0 0 0 0 0 0 0 0 0 0 0 0 0 0 0 0 0 0 0 0 0 0 0 0 0

if station J
  pc_phases_l abcdefghijklmnopqrstuvwxyzABCDEF   -64.210  -41.229  -28.197  -15.139    8.050   15.440   17.442   14.366   22.165   22.160   19.920   21.400   36.297   32.807   26.484   30.433   36.982   25.459    5.503  -13.824  -19.684  -37.701  -61.442  -81.578  -98.944 -127.366 -158.636  169.947  131.765   73.174   27.311  -91.826
  pc_phases_r abcdefghijklmnopqrstuvwxyzABCDEF   -64.210  -41.229  -28.197  -15.139    8.050   15.440   17.442   14.366   22.165   22.160   19.920   21.400   36.297   32.807   26.484   30.433   36.982   25.459    5.503  -13.824  -19.684  -37.701  -61.442  -81.578  -98.944 -127.366 -158.636  169.947  131.765   73.174   27.311  -91.826

if station L
  pc_phases_l abcdefghijklmnopqrstuvwxyzABCDEF  -53.944  -49.091  -43.033  -37.336  -15.306   -9.837   -8.477   -6.006   11.996   16.945   20.785   20.825   34.393   38.371   42.614   37.432   44.706   39.358   34.199   25.235   27.223   22.900   19.172    8.961    4.677   -6.953  -22.583  -39.324  -45.211  -59.640  -76.342 -162.233
  pc_phases_r abcdefghijklmnopqrstuvwxyzABCDEF  -58.241  -48.973  -45.297  -39.619  -14.813   -4.855   -1.580   -0.911   14.094   18.934   23.042   23.257   36.646   36.734   39.893   38.964   45.488   41.167   39.079   31.612   33.192   21.372   12.226    0.847    0.272  -12.911  -25.444  -41.235  -47.615  -61.892  -76.709 -158.151

if station P
  pc_phases_l abcdefghijklmnopqrstuvwxyzABCDEF  -58.102  -56.300  -47.180  -45.559  -18.088  -13.299  -10.536   -7.708   11.072   17.290   20.481   25.864   47.052   49.099   52.064   49.976   61.989   60.107   54.932   47.447   43.965   35.837   23.324    7.374   -4.099  -28.738  -47.928  -68.223  -82.199 -103.047 -128.784 -159.941
  pc_phases_r abcdefghijklmnopqrstuvwxyzABCDEF  -61.582  -59.398  -50.804  -42.199  -21.462  -11.500  -10.606   -9.570   11.107   20.253   27.032   32.112   48.258   50.377   53.618   53.673   61.214   51.560   43.266   32.484   36.365   31.950   20.305    7.401    1.362  -17.113  -36.472  -55.278  -67.255  -90.973 -119.547 -151.963

if station R
  pc_phases_l abcdefghijklmnopqrstuvwxyzABCDEF  -88.963  -63.130  -50.000  -32.633   -5.329    8.043   11.095   24.143   29.713   22.602   21.857   23.727   33.152   34.759   34.509   33.762   34.837   25.259   22.028   16.420   11.389    0.727   -6.004  -13.592  -17.077  -38.793  -64.588  -93.256 -127.417 -178.268  145.291  140.877

if station S
  pc_phases_l abcdefghijklmnopqrstuvwxyzABCDEF  -73.168  -53.350  -41.248  -30.134   -7.319   -4.186    2.121   12.898   25.690   27.438   27.134   21.302   28.607   27.175   26.270   24.345   30.679   28.378   33.982   34.618   29.495   17.393    6.665   -3.401   -3.873  -10.524  -18.134  -30.066  -38.677  -56.148  -73.952 -172.048
  pc_phases_r abcdefghijklmnopqrstuvwxyzABCDEF  -66.233  -50.901  -38.972  -28.805   -9.068   -3.005    3.409    6.124   18.436   20.394   21.506   23.164   35.816   32.342   31.127   32.636   41.115   36.039   29.232   25.811   27.171   21.568   10.599   -0.452   -4.683  -12.287  -23.285  -39.470  -47.972  -62.483  -74.036 -161.839

if station X
  pc_phases_l abcdefghijklmnopqrstuvwxyzABCDEF  -38.427  -40.779  -37.250  -34.383  -14.082   -7.811   -6.819   -5.745    7.258    9.781   11.018   13.563   29.405   27.703   27.581   27.772   34.871   30.174   32.482   30.802   34.823   27.643   20.851    8.302    7.736   -2.405  -12.179  -29.217  -36.840  -57.760  -83.475 -172.349
  pc_phases_r abcdefghijklmnopqrstuvwxyzABCDEF  -29.286  -28.314  -28.072  -31.801  -23.385  -14.430   -3.831   -0.101    5.970    3.311    4.946    5.737   14.500   11.152   13.188   12.947   26.968   25.075   32.574   29.651   34.387   27.088   17.924    7.667    8.352    2.693   -2.254  -18.994  -28.244  -45.575  -59.100 -111.659

if station Z
  pc_phases_l abcdefghijklmnopqrstuvwxyzABCDEF  -50.844  -49.152  -42.986  -35.446  -14.435   -5.934   -2.756    2.049   15.031   14.804   18.196   23.667   38.804   39.194   44.431   43.611   45.705   38.706   29.994   24.285   25.533   20.451   10.819   -0.889   -6.361  -20.209  -34.632  -49.532  -65.133  -91.200 -120.146  142.940
  pc_phases_r abcdefghijklmnopqrstuvwxyzABCDEF  -56.094  -53.729  -44.635  -36.858  -11.804   -7.285   -3.234   -0.887   14.490   17.055   18.729   18.772   32.417   34.869   43.009   43.005   51.979   47.772   42.986   34.597   33.098   24.542   13.827    0.053   -8.494  -27.001  -44.984  -63.465  -78.133 -104.533 -132.233  110.331

if baseline AA or baseline JJ or baseline LL or baseline PP or baseline RR or baseline SS or baseline XX or baseline YY or baseline ZZ
  skip true

