57853.0777662 63.2 63.2
57853.0822917 9216.7 9216.7
57853.082338 29412.6 29412.6
57853.0823843 78665.4 78665.4
57853.0824306 83608.8 83608.8
57853.0825 29285.9 29285.9
57853.0825463 5713.8 5713.8
57853.0825926 5761.2 5761.2
57853.0826389 5585.1 5585.1
57853.0827199 5280.1 5280.1
57853.0827546 5674.2 5674.2
57853.0828009 5737.2 5737.2
57853.0828588 5988.5 5988.5
57853.0829282 5513.5 5513.5
57853.0829745 5426.2 5426.2
57853.0830093 5353.4 5353.4
57853.0830671 5313.3 5313.3
57853.0831366 5250.5 5250.5
57853.0831829 5192.2 5192.2
57853.0832292 5190.1 5190.1
57853.0832755 5165.5 5165.5
57853.0833449 5273.7 5273.7
57853.0833912 5346.5 5346.5
57853.0834375 5351.2 5351.2
57853.0834838 5291.8 5291.8
57853.0835532 5128.0 5128.0
57853.0835995 5353.9 5353.9
57853.0836458 5640.5 5640.5
57853.0836921 5900.7 5900.7
57853.0837616 5643.8 5643.8
57853.0838079 5425.2 5425.2
57853.0838657 5449.1 5449.1
57853.0839005 5505.3 5505.3
57853.0839699 5469.9 5469.9
57853.0840162 5407.1 5407.1
57853.0840741 5632.0 5632.0
57853.0841204 5857.6 5857.6
57853.0841898 5598.2 5598.2
57853.0842361 5417.3 5417.3
57853.0842824 5392.8 5392.8
57853.0843287 5519.7 5519.7
57853.0843981 5776.3 5776.3
57853.0844444 5416.7 5416.7
57853.0844907 5364.3 5364.3
57853.084537 5320.5 5320.5
57853.0846065 5492.9 5492.9
57853.0846528 5738.3 5738.3
57853.0846991 5768.1 5768.1
57853.0847454 5530.4 5530.4
57853.0848148 5235.8 5235.8
57853.0848611 5904.4 5904.4
57853.0849074 5874.0 5874.0
57853.0849537 5532.1 5532.1
57853.0850231 5400.4 5400.4
57853.085081 5330.6 5330.6
57853.0851273 5318.9 5318.9
57853.085162 5289.0 5289.0
57853.0852315 5220.1 5220.1
57853.0852894 5204.0 5204.0
57853.0853356 5237.5 5237.5
57853.0853819 5246.8 5246.8
57853.0854514 5182.2 5182.2
57853.0854977 5215.2 5215.2
57853.085544 5254.3 5254.3
57853.0855903 5233.7 5233.7
57853.0856597 5221.7 5221.7
57853.085706 5186.8 5186.8
57853.0857523 5200.4 5200.4
57853.0857986 5163.2 5163.2
57853.0858681 5173.4 5173.4
57853.0859144 5173.7 5173.7
57853.0859606 5201.4 5201.4
57853.0860185 5161.8 5161.8
57853.1090046 5444.0 5444.0
57853.1090394 5110.6 5110.6
57853.1090856 382.9 382.9
57853.1091435 66.8 66.8
57853.1128472 6715.8 6715.8
57853.1128935 22204.3 22204.3
57853.1129398 63717.7 63717.7
57853.1129861 57284.2 57284.2
57853.1130556 36839.6 36839.6
57853.1131019 5416.3 5416.3
57853.1131481 5365.8 5365.8
57853.1131944 5248.3 5248.3
57853.1132755 5144.1 5144.1
57853.1133102 5050.7 5050.7
57853.1133565 5031.0 5031.0
57853.1134144 5089.4 5089.4
57853.1134838 5080.4 5080.4
57853.1135301 5048.2 5048.2
57853.1135648 5082.5 5082.5
57853.1136227 5141.4 5141.4
57853.1136921 5071.6 5071.6
57853.1137384 5152.4 5152.4
57853.1137847 5170.3 5170.3
57853.113831 5186.1 5186.1
57853.1139005 5088.0 5088.0
57853.1139468 5091.4 5091.4
57853.1139931 5092.6 5092.6
57853.1140394 5064.5 5064.5
57853.1141088 5022.6 5022.6
57853.1141551 5038.0 5038.0
57853.1142014 5098.0 5098.0
57853.1142477 5159.7 5159.7
57853.1143171 5032.6 5032.6
57853.1143634 5051.8 5051.8
57853.1144213 5017.7 5017.7
57853.114456 5041.8 5041.8
57853.1145255 5154.0 5154.0
57853.1145718 5074.2 5074.2
57853.1146296 5034.7 5034.7
57853.1146759 5076.1 5076.1
57853.1147454 5080.5 5080.5
57853.1147917 5125.1 5125.1
57853.114838 5147.8 5147.8
57853.1148843 5133.9 5133.9
57853.1149537 5048.8 5048.8
57853.115 5123.8 5123.8
57853.1150463 5177.0 5177.0
57853.1150926 5163.6 5163.6
57853.115162 5387.3 5387.3
57853.1152083 5309.6 5309.6
57853.1152546 5271.5 5271.5
57853.1153009 5258.6 5258.6
57853.1153704 5137.8 5137.8
57853.1154167 5535.4 5535.4
57853.115463 5481.5 5481.5
57853.1155093 5480.1 5480.1
57853.1155787 5242.4 5242.4
57853.1156366 5135.2 5135.2
57853.1156829 5193.2 5193.2
57853.1157176 5192.3 5192.3
57853.115787 5087.3 5087.3
57853.1158449 5252.0 5252.0
57853.1158912 5190.3 5190.3
57853.1159375 5170.3 5170.3
57853.1160069 5114.5 5114.5
57853.1160532 5039.2 5039.2
57853.1160995 5069.4 5069.4
57853.1161458 5053.1 5053.1
57853.1162153 5046.8 5046.8
57853.1162616 5026.5 5026.5
57853.1163079 5062.8 5062.8
57853.1163542 5090.1 5090.1
57853.1164236 5174.2 5174.2
57853.1164699 5268.5 5268.5
57853.1165162 5251.0 5251.0
57853.1165741 5215.9 5215.9
57853.1346991 6045.2 6045.2
57853.1347338 5864.0 5864.0
57853.1347801 5980.3 5980.3
57853.134838 6028.9 6028.9
57853.165625 132.6 132.6
57853.1656713 1073.0 1073.0
57853.1657176 272033.1 272033.1
57853.1657639 257812.3 257812.3
57853.1658333 176617.6 176617.6
57853.1658796 5176.7 5176.7
57853.1659259 5161.8 5161.8
57853.1659722 5083.8 5083.8
57853.1660532 4979.7 4979.7
57853.166088 4821.4 4821.4
57853.1661343 4789.3 4789.3
57853.1661921 4786.6 4786.6
57853.1662616 4800.2 4800.2
57853.1663079 4867.9 4867.9
57853.1663426 4932.6 4932.6
57853.1664005 4983.7 4983.7
57853.1664699 4911.7 4911.7
57853.1665162 4827.6 4827.6
57853.1665625 4824.0 4824.0
57853.1666088 4840.9 4840.9
57853.1666782 4857.7 4857.7
57853.1667245 4903.4 4903.4
57853.1667708 4958.7 4958.7
57853.1668171 4975.7 4975.7
57853.1668866 5010.0 5010.0
57853.1669329 4874.2 4874.2
57853.1669792 4872.1 4872.1
57853.1670255 4865.2 4865.2
57853.1670949 4800.7 4800.7
57853.1671412 4829.3 4829.3
57853.1671991 4843.1 4843.1
57853.1672338 4856.3 4856.3
57853.1673032 4831.7 4831.7
57853.1673495 4846.5 4846.5
57853.1674074 4840.5 4840.5
57853.1674537 4848.5 4848.5
57853.1675231 4912.6 4912.6
57853.1675694 4862.7 4862.7
57853.1676157 4881.9 4881.9
57853.167662 4890.5 4890.5
57853.1677315 4851.8 4851.8
57853.1677778 4834.5 4834.5
57853.1678241 4835.2 4835.2
57853.1678704 4866.9 4866.9
57853.1679398 4818.1 4818.1
57853.1679861 4824.9 4824.9
57853.1680324 4843.5 4843.5
57853.1680787 4891.9 4891.9
57853.1681481 4899.5 4899.5
57853.1681944 4831.1 4831.1
57853.1682407 4913.1 4913.1
57853.168287 4986.9 4986.9
57853.1683565 5016.9 5016.9
57853.1684144 4955.9 4955.9
57853.1684606 5041.3 5041.3
57853.1684954 5118.4 5118.4
57853.1685648 5130.7 5130.7
57853.1686227 4943.9 4943.9
57853.168669 4901.6 4901.6
57853.1687153 4863.7 4863.7
57853.1687847 4887.1 4887.1
57853.168831 5065.3 5065.3
57853.1688773 5130.4 5130.4
57853.1689236 5162.0 5162.0
57853.1689931 4989.1 4989.1
57853.1690394 4838.9 4838.9
57853.1690856 4872.0 4872.0
57853.1691319 4896.6 4896.6
57853.1692014 4875.4 4875.4
57853.1692477 4822.0 4822.0
57853.169294 4868.2 4868.2
57853.1693519 4857.0 4857.0
57853.1694213 4894.1 4894.1
57853.169456 4870.8 4870.8
57853.1695023 4904.9 4904.9
57853.1695602 4870.1 4870.1
57853.1711806 308256.2 308256.2
57853.1712269 341380.7 341380.7
57853.1712731 361512.1 361512.1
57853.1713194 434085.1 434085.1
57853.1713889 245715.1 245715.1
57853.1714352 5077.9 5077.9
57853.1714815 5040.4 5040.4
57853.1715278 4958.4 4958.4
57853.1716088 4901.6 4901.6
57853.1716435 4929.0 4929.0
57853.1716898 5004.1 5004.1
57853.1717477 5077.7 5077.7
57853.1718171 5067.1 5067.1
57853.1718634 4955.0 4955.0
57853.1718981 5065.2 5065.2
57853.171956 5165.6 5165.6
57853.1720255 5199.7 5199.7
57853.1720718 4865.2 4865.2
57853.1721181 4857.2 4857.2
57853.1721644 4855.0 4855.0
57853.1722338 4842.6 4842.6
57853.1722801 4814.3 4814.3
57853.1723264 4855.0 4855.0
57853.1723727 4910.6 4910.6
57853.1724421 4907.5 4907.5
57853.1724884 4893.0 4893.0
57853.1725347 4917.9 4917.9
57853.172581 4941.2 4941.2
57853.1726505 4928.1 4928.1
57853.1726968 4875.4 4875.4
57853.1727546 4862.0 4862.0
57853.1727894 4851.0 4851.0
57853.1728588 4887.5 4887.5
57853.1729051 4887.4 4887.4
57853.172963 4910.8 4910.8
57853.1730093 4940.9 4940.9
57853.1730787 4926.8 4926.8
57853.173125 4842.7 4842.7
57853.1731713 4925.0 4925.0
57853.1732176 4907.7 4907.7
57853.173287 4873.8 4873.8
57853.1733333 4817.3 4817.3
57853.1733796 4839.8 4839.8
57853.1734259 4855.9 4855.9
57853.1734954 4927.7 4927.7
57853.1735417 5006.0 5006.0
57853.173588 4955.7 4955.7
57853.1736343 4913.2 4913.2
57853.1737037 4997.1 4997.1
57853.17375 4832.9 4832.9
57853.1737963 4891.3 4891.3
57853.1738426 4980.6 4980.6
57853.173912 5018.8 5018.8
57853.1739699 4940.7 4940.7
57853.1740162 4977.3 4977.3
57853.1740509 4963.9 4963.9
57853.1741204 4901.4 4901.4
57853.1741782 4854.5 4854.5
57853.1742245 4859.1 4859.1
57853.1742708 4904.2 4904.2
57853.1743403 5036.9 5036.9
57853.1743866 4966.7 4966.7
57853.1744329 4993.9 4993.9
57853.1744792 5027.2 5027.2
57853.1745486 5000.2 5000.2
57853.1745949 4869.5 4869.5
57853.1746412 4875.0 4875.0
57853.1746875 4911.3 4911.3
57853.1747569 4975.8 4975.8
57853.1748032 4907.0 4907.0
57853.1748495 4904.2 4904.2
57853.1749074 4902.5 4902.5
57853.1881713 5237.3 5237.3
57853.188206 5171.0 5171.0
57853.1882523 5234.4 5234.4
57853.1883102 5335.9 5335.9
57853.1920139 355057.3 355057.3
57853.1920602 311613.2 311613.2
57853.1921065 286469.9 286469.9
57853.1921528 247586.6 247586.6
57853.1922222 194304.8 194304.8
57853.1922685 5395.1 5395.1
57853.1923148 5384.7 5384.7
57853.1923611 5314.2 5314.2
57853.1924421 5241.3 5241.3
57853.1924769 5085.8 5085.8
57853.1925231 5035.3 5035.3
57853.192581 5112.5 5112.5
57853.1926505 5169.7 5169.7
57853.1926968 5037.0 5037.0
57853.1927315 5082.4 5082.4
57853.1927894 5075.9 5075.9
57853.1928588 5001.7 5001.7
57853.1929051 4932.3 4932.3
57853.1929514 4922.2 4922.2
57853.1929977 4943.4 4943.4
57853.1930671 4970.8 4970.8
57853.1931134 4965.7 4965.7
57853.1931597 4951.5 4951.5
57853.193206 4947.7 4947.7
57853.1932755 4936.4 4936.4
57853.1933218 4942.3 4942.3
57853.1933681 4975.7 4975.7
57853.1934144 5024.2 5024.2
57853.1934838 5043.1 5043.1
57853.1935301 4953.3 4953.3
57853.193588 4984.5 4984.5
57853.1936227 5027.7 5027.7
57853.1936921 5035.1 5035.1
57853.1937384 4950.1 4950.1
57853.1937963 4971.5 4971.5
57853.1938426 4991.8 4991.8
57853.193912 5021.0 5021.0
57853.1939583 4984.8 4984.8
57853.1940046 4985.2 4985.2
57853.1940509 5044.7 5044.7
57853.1941204 5007.7 5007.7
57853.1941667 4971.4 4971.4
57853.194213 4944.4 4944.4
57853.1942593 4937.0 4937.0
57853.1943287 4939.3 4939.3
57853.194375 4937.8 4937.8
57853.1944213 4977.0 4977.0
57853.1944676 5034.9 5034.9
57853.194537 5003.9 5003.9
57853.1945833 4963.4 4963.4
57853.1946296 5060.2 5060.2
57853.1946759 5163.2 5163.2
57853.1947454 5107.3 5107.3
57853.1948032 4942.0 4942.0
57853.1948495 4954.2 4954.2
57853.1948843 4976.9 4976.9
57853.1949537 4926.7 4926.7
57853.1950116 4918.4 4918.4
57853.1950579 4959.4 4959.4
57853.1951042 4968.3 4968.3
57853.1951736 4966.3 4966.3
57853.1952199 5011.4 5011.4
57853.1952662 5058.8 5058.8
57853.1953125 5075.9 5075.9
57853.1953819 5150.1 5150.1
57853.1954282 5005.5 5005.5
57853.1954745 5044.9 5044.9
57853.1955208 5027.9 5027.9
57853.1955903 4975.2 4975.2
57853.1956366 4961.4 4961.4
57853.1956829 4973.6 4973.6
57853.1957407 4970.8 4970.8
57853.1958102 4952.3 4952.3
57853.1958449 4966.7 4966.7
57853.1958912 33.9 33.9
57853.1959491 4.2 4.2
57853.1975694 33.0 33.0
57853.1976157 285.9 285.9
57853.197662 502020.3 502020.3
57853.1977083 369671.5 369671.5
57853.1977778 277551.5 277551.5
57853.1978241 5381.0 5381.0
57853.1978704 5354.8 5354.8
57853.1979167 5246.4 5246.4
57853.1979977 5159.5 5159.5
57853.1980324 5046.9 5046.9
57853.1980787 5038.1 5038.1
57853.1981366 5029.9 5029.9
57853.198206 5016.0 5016.0
57853.1982523 5005.5 5005.5
57853.198287 5006.0 5006.0
57853.1983449 5009.9 5009.9
57853.1984144 5007.8 5007.8
57853.1984606 5019.8 5019.8
57853.1985069 5024.7 5024.7
57853.1985532 5021.5 5021.5
57853.1986227 5034.1 5034.1
57853.198669 5037.1 5037.1
57853.1987153 5055.9 5055.9
57853.1987616 5064.5 5064.5
57853.198831 5045.1 5045.1
57853.1988773 5059.5 5059.5
57853.1989236 5076.4 5076.4
57853.1989699 5087.5 5087.5
57853.1990394 5058.9 5058.9
57853.1990856 5055.5 5055.5
57853.1991435 5069.0 5069.0
57853.1991782 5057.5 5057.5
57853.1992477 5104.9 5104.9
57853.199294 5153.5 5153.5
57853.1993519 5217.6 5217.6
57853.1993981 5211.1 5211.1
57853.1994676 5197.3 5197.3
57853.1995139 5091.7 5091.7
57853.1995602 5146.3 5146.3
57853.1996065 5221.0 5221.0
57853.1996759 5256.6 5256.6
57853.1997222 5158.9 5158.9
57853.1997685 5274.2 5274.2
57853.1998148 5438.4 5438.4
57853.1998843 5429.4 5429.4
57853.1999306 5093.1 5093.1
57853.1999769 5109.8 5109.8
57853.2000231 5148.9 5148.9
57853.2000926 5231.4 5231.4
57853.2001389 5031.8 5031.8
57853.2001852 5028.7 5028.7
57853.2002315 5004.7 5004.7
57853.2003009 5026.6 5026.6
57853.2003588 5069.5 5069.5
57853.2004051 5076.9 5076.9
57853.2004398 5077.1 5077.1
57853.2005093 5044.8 5044.8
57853.2005671 4980.8 4980.8
57853.2006134 4992.9 4992.9
57853.2006597 5029.7 5029.7
57853.2007292 5002.6 5002.6
57853.2007755 4939.2 4939.2
57853.2008218 4931.1 4931.1
57853.2008681 4941.6 4941.6
57853.2009375 4963.5 4963.5
57853.2009838 4944.0 4944.0
57853.2010301 4962.1 4962.1
57853.2010764 4963.7 4963.7
57853.2011458 4937.2 4937.2
57853.2011921 4937.9 4937.9
57853.2012384 4979.4 4979.4
57853.2012963 5012.4 5012.4
57853.2145602 5076.2 5076.2
57853.2145949 5005.6 5005.6
57853.2146412 5033.7 5033.7
57853.2146991 5033.2 5033.2
57853.2209954 281602.9 281602.9
57853.2210417 336921.4 336921.4
57853.221088 323519.5 323519.5
57853.2211343 332278.3 332278.3
57853.2212037 193988.4 193988.4
57853.2212616 5216.2 5216.2
57853.2213079 5196.3 5196.3
57853.2213426 5093.8 5093.8
57853.221412 4941.9 4941.9
57853.2214699 4848.2 4848.2
57853.2215162 4832.7 4832.7
57853.2215625 4812.3 4812.3
57853.2216319 4780.6 4780.6
57853.2216782 4798.2 4798.2
57853.2217245 4804.8 4804.8
57853.2217708 4822.6 4822.6
57853.2218403 4829.5 4829.5
57853.2218866 4806.7 4806.7
57853.2219329 4825.4 4825.4
57853.2219792 4852.4 4852.4
57853.2220486 4873.5 4873.5
57853.2220949 4836.0 4836.0
57853.2221412 4832.6 4832.6
57853.2221991 4832.1 4832.1
57853.2222685 4799.0 4799.0
57853.2223032 4804.4 4804.4
57853.2223495 4806.4 4806.4
57853.2224074 4802.6 4802.6
57853.2224769 4811.0 4811.0
57853.2225231 4808.3 4808.3
57853.2225579 4822.1 4822.1
57853.2226157 4841.3 4841.3
57853.2226852 4851.1 4851.1
57853.2227315 4861.6 4861.6
57853.2227778 4888.1 4888.1
57853.2228241 4910.4 4910.4
57853.2228935 4894.4 4894.4
57853.2229398 4870.7 4870.7
57853.2229861 4875.2 4875.2
57853.2230324 4857.1 4857.1
57853.2231019 4856.1 4856.1
57853.2231481 4853.5 4853.5
57853.2231944 4856.6 4856.6
57853.2232407 4865.9 4865.9
57853.2233102 4835.0 4835.0
57853.2233565 4860.7 4860.7
57853.2234144 4904.9 4904.9
57853.2234491 4926.8 4926.8
57853.2235301 4915.9 4915.9
57853.2235648 4855.0 4855.0
57853.2236227 4841.9 4841.9
57853.223669 4849.7 4849.7
57853.2237384 4875.7 4875.7
57853.2237847 4913.2 4913.2
57853.223831 4945.7 4945.7
57853.2238773 4993.2 4993.2
57853.2253472 239562.6 239562.6
57853.2253935 278082.4 278082.4
57853.2254398 251850.4 251850.4
57853.2254861 265929.5 265929.5
57853.2255556 159834.0 159834.0
57853.2256019 5149.2 5149.2
57853.2256481 5140.2 5140.2
57853.2256944 5062.8 5062.8
57853.2257755 4953.6 4953.6
57853.2258102 4892.6 4892.6
57853.2258565 4923.8 4923.8
57853.2259144 5017.9 5017.9
57853.2259838 4997.5 4997.5
57853.2260301 4893.5 4893.5
57853.2260648 4909.6 4909.6
57853.2261227 4912.9 4912.9
57853.2261921 4845.0 4845.0
57853.2262384 4916.5 4916.5
57853.2262847 5011.4 5011.4
57853.226331 5042.6 5042.6
57853.2264005 4894.1 4894.1
57853.2264468 4864.1 4864.1
57853.2264931 4892.0 4892.0
57853.2265394 4914.4 4914.4
57853.2266088 4871.2 4871.2
57853.2266551 4802.9 4802.9
57853.2267014 4811.6 4811.6
57853.2267477 4823.8 4823.8
57853.2268171 4806.7 4806.7
57853.2268634 4788.8 4788.8
57853.2269213 4780.4 4780.4
57853.226956 4799.5 4799.5
57853.2270255 4824.9 4824.9
57853.2270718 4806.6 4806.6
57853.2271296 4797.1 4797.1
57853.2271759 4795.8 4795.8
57853.2272454 4826.7 4826.7
57853.2272917 4873.9 4873.9
57853.227338 4875.3 4875.3
57853.2273843 4865.3 4865.3
57853.2274537 4853.1 4853.1
57853.2275 4847.3 4847.3
57853.2275463 4872.6 4872.6
57853.2275926 4933.4 4933.4
57853.227662 4943.8 4943.8
57853.2277083 4908.4 4908.4
57853.2277546 4973.8 4973.8
57853.2278009 4989.7 4989.7
57853.2278704 5024.8 5024.8
57853.2279167 4852.8 4852.8
57853.227963 4876.5 4876.5
57853.2280093 4940.3 4940.3
57853.2280787 4890.3 4890.3
57853.2281366 4819.1 4819.1
57853.2281829 4810.7 4810.7
57853.2282176 4797.6 4797.6
57853.228287 4785.6 4785.6
57853.2283449 4776.0 4776.0
57853.2283912 4782.4 4782.4
57853.2284375 4791.7 4791.7
57853.2285069 4769.6 4769.6
57853.2285532 4764.1 4764.1
57853.2285995 4770.7 4770.7
57853.2286458 4774.7 4774.7
57853.2287153 4773.1 4773.1
57853.2287616 4775.1 4775.1
57853.2288079 4775.8 4775.8
57853.2288542 4783.1 4783.1
57853.2289236 4809.0 4809.0
57853.2289699 4806.2 4806.2
57853.2290162 4857.9 4857.9
57853.2290741 4864.7 4864.7
57853.242338 4771.7 4771.7
57853.2423727 4764.7 4764.7
57853.242419 12.3 12.3
57853.2424769 1.5 1.5
57853.2461806 38.9 38.9
57853.2462269 340.3 340.3
57853.2462731 279417.1 279417.1
57853.2463194 265765.8 265765.8
57853.2463889 172247.6 172247.6
57853.2464352 5082.9 5082.9
57853.2464815 5075.0 5075.0
57853.2465278 5048.4 5048.4
57853.2466088 4904.3 4904.3
57853.2466435 4754.8 4754.8
57853.2466898 4713.4 4713.4
57853.2467477 4736.6 4736.6
57853.2468171 4714.3 4714.3
57853.2468634 4729.9 4729.9
57853.2468981 4725.6 4725.6
57853.246956 4774.0 4774.0
57853.2470255 4774.1 4774.1
57853.2470718 4738.4 4738.4
57853.2471181 4750.6 4750.6
57853.2471644 4784.5 4784.5
57853.2472338 4770.0 4770.0
57853.2472801 4733.3 4733.3
57853.2473264 4755.1 4755.1
57853.2473727 4791.7 4791.7
57853.2474421 4739.6 4739.6
57853.2474884 4712.6 4712.6
57853.2475347 4713.3 4713.3
57853.247581 4736.5 4736.5
57853.2476505 4752.1 4752.1
57853.2476968 4719.7 4719.7
57853.2477546 4732.6 4732.6
57853.2477894 4718.5 4718.5
57853.2478588 4724.3 4724.3
57853.2479051 4746.5 4746.5
57853.247963 4731.0 4731.0
57853.2480093 4715.9 4715.9
57853.2480787 4740.2 4740.2
57853.248125 4754.5 4754.5
57853.2481713 4779.0 4779.0
57853.2482176 4822.8 4822.8
57853.248287 4809.7 4809.7
57853.2483333 4701.0 4701.0
57853.2483796 4720.0 4720.0
57853.2484259 4749.0 4749.0
57853.2484954 4764.8 4764.8
57853.2485417 4735.4 4735.4
57853.248588 4730.2 4730.2
57853.2486343 4721.4 4721.4
57853.2487037 4704.7 4704.7
57853.24875 4687.3 4687.3
57853.2487963 4678.4 4678.4
57853.2488426 4695.4 4695.4
57853.248912 4714.5 4714.5
57853.2489699 4758.8 4758.8
57853.2490162 4787.7 4787.7
57853.2490509 4832.3 4832.3
57853.2491204 4755.2 4755.2
57853.2491782 4693.0 4693.0
57853.2492245 4710.3 4710.3
57853.2492708 4708.8 4708.8
57853.2493403 4674.6 4674.6
57853.2493866 4698.5 4698.5
57853.2494329 4711.7 4711.7
57853.2494792 4727.0 4727.0
57853.2495486 4721.2 4721.2
57853.2495949 4660.6 4660.6
57853.2496412 4682.9 4682.9
57853.2496875 4721.3 4721.3
57853.2497569 4708.1 4708.1
57853.2498032 4742.2 4742.2
57853.2498495 4797.6 4797.6
57853.2499074 4823.2 4823.2
57853.2499769 4803.1 4803.1
57853.2500116 4797.3 4797.3
57853.2500579 4854.1 4854.1
57853.2501157 4871.5 4871.5
57853.2517361 219931.6 219931.6
57853.2517824 227768.8 227768.8
57853.2518287 268640.9 268640.9
57853.251875 248317.2 248317.2
57853.2519444 155364.2 155364.2
57853.2519907 5091.6 5091.6
57853.252037 5099.2 5099.2
57853.2520833 5037.4 5037.4
57853.2521644 4894.1 4894.1
57853.2521991 4801.2 4801.2
57853.2522454 4770.0 4770.0
57853.2523032 4767.2 4767.2
57853.2523727 4723.6 4723.6
57853.252419 4759.2 4759.2
57853.2524537 4749.9 4749.9
57853.2525116 4772.4 4772.4
57853.252581 4778.5 4778.5
57853.2526273 4759.1 4759.1
57853.2526736 4814.1 4814.1
57853.2527199 4886.5 4886.5
57853.2527894 4905.8 4905.8
57853.2528356 4773.7 4773.7
57853.2528819 4782.2 4782.2
57853.2529282 4766.2 4766.2
57853.2529977 4767.4 4767.4
57853.253044 4760.1 4760.1
57853.2530903 4774.4 4774.4
57853.2531366 4799.1 4799.1
57853.253206 4821.4 4821.4
57853.2532523 4773.7 4773.7
57853.2533102 4808.4 4808.4
57853.2533449 4822.2 4822.2
57853.2534144 4763.1 4763.1
57853.2534606 4716.9 4716.9
57853.2535185 4734.0 4734.0
57853.2535648 4728.2 4728.2
57853.2536343 4765.1 4765.1
57853.2536806 4732.6 4732.6
57853.2537269 4697.5 4697.5
57853.2537731 4689.4 4689.4
57853.2538426 4688.7 4688.7
57853.2538889 4718.4 4718.4
57853.2539352 4773.7 4773.7
57853.2539815 4807.4 4807.4
57853.2540509 4778.6 4778.6
57853.2540972 4707.9 4707.9
57853.2541435 4713.6 4713.6
57853.2541898 4694.2 4694.2
57853.2542593 4690.8 4690.8
57853.2543056 4688.1 4688.1
57853.2543519 4693.2 4693.2
57853.2543981 4688.4 4688.4
57853.2544676 4681.4 4681.4
57853.2545255 4702.8 4702.8
57853.2545718 4749.2 4749.2
57853.2546065 4783.2 4783.2
57853.2546759 4796.2 4796.2
57853.2547338 4766.3 4766.3
57853.2547801 4782.2 4782.2
57853.2548264 4761.7 4761.7
57853.2548958 4669.0 4669.0
57853.2549421 4665.1 4665.1
57853.2549884 4701.8 4701.8
57853.2550347 4717.5 4717.5
57853.2551042 4707.7 4707.7
57853.2551505 4669.5 4669.5
57853.2551968 4659.3 4659.3
57853.2552431 4666.7 4666.7
57853.2553125 4685.7 4685.7
57853.2553588 4729.9 4729.9
57853.2554051 4738.8 4738.8
57853.255463 4767.3 4767.3
57853.2805324 4511.0 4511.0
57853.2805671 4542.3 4542.3
57853.2806134 4527.2 4527.2
57853.2806713 4537.3 4537.3
57853.2836806 526218.7 526218.7
57853.2837269 629134.6 629134.6
57853.2837731 326291.6 326291.6
57853.2838194 736343.4 736343.4
57853.2838889 685637.6 685637.6
57853.2839352 4935.0 4935.0
57853.2839815 4930.6 4930.6
57853.2840278 4874.9 4874.9
57853.2841088 4753.2 4753.2
57853.2841435 4652.8 4652.8
57853.2841898 4625.6 4625.6
57853.2842477 4607.7 4607.7
57853.2843171 4631.1 4631.1
57853.2843634 4686.0 4686.0
57853.2843981 4726.6 4726.6
57853.284456 4781.0 4781.0
57853.2845255 4729.0 4729.0
57853.2845718 4586.2 4586.2
57853.2846181 4596.3 4596.3
57853.2846644 4599.6 4599.6
57853.2847338 4668.0 4668.0
57853.2847801 4699.0 4699.0
57853.2848264 4759.6 4759.6
57853.2848727 4827.3 4827.3
57853.2849421 4766.6 4766.6
57853.2849884 4610.6 4610.6
57853.2850347 4617.8 4617.8
57853.285081 4626.3 4626.3
57853.2851505 4616.0 4616.0
57853.2851968 4617.5 4617.5
57853.2852546 4609.8 4609.8
57853.2852894 4612.3 4612.3
57853.2853588 4580.0 4580.0
57853.2854051 4582.3 4582.3
57853.285463 4590.1 4590.1
57853.2855093 4599.5 4599.5
57853.2855787 4600.8 4600.8
57853.285625 4588.0 4588.0
57853.2856713 4609.8 4609.8
57853.2857176 4656.5 4656.5
57853.285787 4671.3 4671.3
57853.2858333 4660.5 4660.5
57853.2858796 4656.8 4656.8
57853.2859259 4649.3 4649.3
57853.2859954 4659.4 4659.4
57853.2860417 4617.1 4617.1
57853.286088 4618.5 4618.5
57853.2861343 4622.1 4622.1
57853.2862037 4670.4 4670.4
57853.28625 4622.8 4622.8
57853.2862963 4629.7 4629.7
57853.2863426 4600.8 4600.8
57853.286412 4583.3 4583.3
57853.2864699 4643.5 4643.5
57853.2865162 4654.7 4654.7
57853.2865509 4648.3 4648.3
57853.2866204 4706.6 4706.6
57853.2866782 4788.6 4788.6
57853.2867245 4815.1 4815.1
57853.2867708 4847.2 4847.2
57853.2868403 4744.2 4744.2
57853.2868866 4630.2 4630.2
57853.2869329 4632.2 4632.2
57853.2869792 4617.0 4617.0
57853.2870486 4666.6 4666.6
57853.2870949 4690.8 4690.8
57853.2871412 4744.6 4744.6
57853.2871875 4766.4 4766.4
57853.2872569 4646.7 4646.7
57853.2873032 4704.5 4704.5
57853.2873495 4742.9 4742.9
57853.2874074 4783.3 4783.3
57853.2874769 4742.3 4742.3
57853.2875116 4598.3 4598.3
57853.2875579 112.5 112.5
57853.2876157 14.8 14.8
57853.2892361 210.1 210.1
57853.2892824 1858.1 1858.1
57853.2893287 1047180.4 1047180.4
57853.289375 951671.2 951671.2
57853.2894444 689609.0 689609.0
57853.2894907 4984.3 4984.3
57853.289537 4955.4 4955.4
57853.2895833 4868.9 4868.9
57853.2896644 4777.9 4777.9
57853.2896991 4766.6 4766.6
57853.2897454 4777.1 4777.1
57853.2898032 4740.1 4740.1
57853.2898727 4657.6 4657.6
57853.289919 4714.9 4714.9
57853.2899537 4762.0 4762.0
57853.2900116 4769.2 4769.2
57853.290081 4726.2 4726.2
57853.2901273 4677.2 4677.2
57853.2901736 4700.0 4700.0
57853.2902199 4697.1 4697.1
57853.2902894 4663.5 4663.5
57853.2903356 4684.5 4684.5
57853.2903819 4712.8 4712.8
57853.2904282 4702.2 4702.2
57853.2904977 4681.3 4681.3
57853.290544 4808.4 4808.4
57853.2905903 4948.3 4948.3
57853.2906366 4982.3 4982.3
57853.290706 4868.0 4868.0
57853.2907523 4662.3 4662.3
57853.2908102 4665.8 4665.8
57853.2908449 4687.3 4687.3
57853.2909144 4701.5 4701.5
57853.2909606 4700.4 4700.4
57853.2910185 4709.2 4709.2
57853.2910648 4742.6 4742.6
57853.2911343 4703.2 4703.2
57853.2911806 4648.7 4648.7
57853.2912269 4653.3 4653.3
57853.2912731 4649.6 4649.6
57853.2913426 4655.6 4655.6
57853.2913889 4626.8 4626.8
57853.2914352 4636.3 4636.3
57853.2914815 4647.3 4647.3
57853.2915509 4642.1 4642.1
57853.2915972 4648.3 4648.3
57853.2916435 4644.0 4644.0
57853.2916898 4638.6 4638.6
57853.2917593 4656.3 4656.3
57853.2918056 4693.9 4693.9
57853.2918519 4691.0 4691.0
57853.2918981 4693.4 4693.4
57853.2919676 4677.5 4677.5
57853.2920255 4683.6 4683.6
57853.2920718 4681.9 4681.9
57853.2921065 4709.3 4709.3
57853.2921759 4679.8 4679.8
57853.2922338 4638.3 4638.3
57853.2922801 4633.7 4633.7
57853.2923264 4660.6 4660.6
57853.2923958 4659.4 4659.4
57853.2924421 4626.5 4626.5
57853.2924884 4630.3 4630.3
57853.2925347 4632.3 4632.3
57853.2926042 4655.8 4655.8
57853.2926505 4664.9 4664.9
57853.2926968 4682.3 4682.3
57853.2927431 4688.1 4688.1
57853.2928125 4675.1 4675.1
57853.2928588 4653.9 4653.9
57853.2929051 4666.0 4666.0
57853.292963 4655.1 4655.1
57853.3055324 4558.5 4558.5
57853.3055671 4499.3 4499.3
57853.3056134 4514.8 4514.8
57853.3056713 4572.0 4572.0
57853.3086806 559434.7 559434.7
57853.3087269 314951.0 314951.0
57853.3087731 468191.7 468191.7
57853.3088194 256081.4 256081.4
57853.3088889 276978.2 276978.2
57853.3089352 5234.6 5234.6
57853.3089815 5193.6 5193.6
57853.3090278 5069.2 5069.2
57853.3091088 4975.2 4975.2
57853.3091435 4921.1 4921.1
57853.3091898 4853.5 4853.5
57853.3092477 4817.1 4817.1
57853.3093171 4894.0 4894.0
57853.3093634 4951.9 4951.9
57853.3093981 5054.6 5054.6
57853.309456 5132.2 5132.2
57853.3095255 5016.1 5016.1
57853.3095718 4839.3 4839.3
57853.3096181 4915.1 4915.1
57853.3096644 4965.0 4965.0
57853.3097338 5012.1 5012.1
57853.3097801 4965.1 4965.1
57853.3098264 4986.4 4986.4
57853.3098727 5131.3 5131.3
57853.3099421 4983.0 4983.0
57853.3099884 4865.0 4865.0
57853.3100347 4900.9 4900.9
57853.310081 4862.0 4862.0
57853.3101505 4823.5 4823.5
57853.3101968 4795.1 4795.1
57853.3102546 4804.3 4804.3
57853.3102894 4811.2 4811.2
57853.3103588 4812.4 4812.4
57853.3104051 4825.0 4825.0
57853.310463 4834.3 4834.3
57853.3105093 4861.7 4861.7
57853.3105787 4845.9 4845.9
57853.310625 4847.7 4847.7
57853.3106713 4898.7 4898.7
57853.3107176 4962.4 4962.4
57853.310787 4992.6 4992.6
57853.3108333 4938.2 4938.2
57853.3108796 4940.1 4940.1
57853.3109259 4932.3 4932.3
57853.3109954 4840.2 4840.2
57853.3110417 5019.1 5019.1
57853.311088 5102.5 5102.5
57853.3111343 5304.2 5304.2
57853.3112037 5284.8 5284.8
57853.31125 5028.5 5028.5
57853.3112963 5134.3 5134.3
57853.3113426 5128.1 5128.1
57853.311412 4963.4 4963.4
57853.3114699 4906.6 4906.6
57853.3115162 4935.0 4935.0
57853.3115509 4941.2 4941.2
57853.3116204 4872.5 4872.5
57853.3116782 4890.8 4890.8
57853.3117245 4991.7 4991.7
57853.3117708 5032.4 5032.4
57853.3118403 5039.7 5039.7
57853.3118866 5006.4 5006.4
57853.3119329 5021.1 5021.1
57853.3119792 4983.6 4983.6
57853.3120486 4858.0 4858.0
57853.3120949 4910.8 4910.8
57853.3121412 4980.9 4980.9
57853.3121875 4980.0 4980.0
57853.3122569 4898.0 4898.0
57853.3123032 4956.7 4956.7
57853.3123495 4992.9 4992.9
57853.3124074 4950.9 4950.9
57853.3270602 4667.4 4667.4
57853.3270949 4638.3 4638.3
57853.3271412 4657.1 4657.1
57853.3271991 4683.2 4683.2
57853.3302083 288456.8 288456.8
57853.3302546 419813.1 419813.1
57853.3303009 348297.0 348297.0
57853.3303472 357618.2 357618.2
57853.3304167 217990.3 217990.3
57853.330463 5791.1 5791.1
57853.3305093 5836.6 5836.6
57853.3305556 5915.5 5915.5
57853.3306366 5740.4 5740.4
57853.3306713 5454.4 5454.4
57853.3307176 5481.4 5481.4
57853.3307755 5519.4 5519.4
57853.3308449 5490.1 5490.1
57853.3308912 5404.7 5404.7
57853.3309259 5436.0 5436.0
57853.3309838 5510.3 5510.3
57853.3310532 5417.0 5417.0
57853.3310995 5445.5 5445.5
57853.3311458 5576.1 5576.1
57853.3311921 5709.2 5709.2
57853.3312616 5951.7 5951.7
57853.3313079 5977.8 5977.8
57853.3313542 6099.5 6099.5
57853.3314005 5959.9 5959.9
57853.3314699 5582.9 5582.9
57853.3315162 5839.2 5839.2
57853.3315625 6144.0 6144.0
57853.3316088 6299.7 6299.7
57853.3316782 6173.9 6173.9
57853.3317245 5663.9 5663.9
57853.3317824 5875.7 5875.7
57853.3318171 6061.0 6061.0
57853.3318866 6165.8 6165.8
57853.3319329 5959.5 5959.5
57853.3319907 5817.0 5817.0
57853.332037 5705.9 5705.9
57853.3321065 5664.9 5664.9
57853.3321528 6287.8 6287.8
57853.3321991 6674.5 6674.5
57853.3322454 7122.7 7122.7
57853.3323148 6888.8 6888.8
57853.3323611 5850.2 5850.2
57853.3324074 6160.8 6160.8
57853.3324537 6341.1 6341.1
57853.3325231 6324.3 6324.3
57853.3325694 5930.3 5930.3
57853.3326157 6049.1 6049.1
57853.332662 6144.8 6144.8
57853.3327315 6340.5 6340.5
57853.3327778 5700.6 5700.6
57853.3328241 5679.8 5679.8
57853.3328704 5663.7 5663.7
57853.3329398 5763.2 5763.2
57853.3329977 5727.0 5727.0
57853.333044 5872.0 5872.0
57853.3330787 6051.4 6051.4
57853.3331481 6005.8 6005.8
57853.333206 5743.3 5743.3
57853.3332523 5828.8 5828.8
57853.3332986 5922.8 5922.8
57853.3333681 5922.5 5922.5
57853.3334144 5752.3 5752.3
57853.3334606 5872.5 5872.5
57853.3335069 5919.4 5919.4
57853.3335764 6124.6 6124.6
57853.3336227 6726.1 6726.1
57853.333669 6914.5 6914.5
57853.3337153 6746.0 6746.0
57853.3337847 6220.9 6220.9
57853.333831 5875.9 5875.9
57853.3338773 6095.9 6095.9
57853.3339352 6461.6 6461.6
57853.3340046 6649.3 6649.3
57853.3340394 5787.1 5787.1
57853.3340856 33.0 33.0
57853.3341435 4.5 4.5
57853.3357639 32.8 32.8
57853.3358102 296.5 296.5
57853.3358565 243244.5 243244.5
57853.3359028 222851.9 222851.9
57853.3359722 175734.4 175734.4
57853.3360185 6373.3 6373.3
57853.3360648 6399.1 6399.1
57853.3361111 6482.4 6482.4
57853.3361921 6003.6 6003.6
57853.3362269 6096.7 6096.7
57853.3362731 6410.2 6410.2
57853.336331 7009.4 7009.4
57853.3364005 6939.4 6939.4
57853.3364468 6149.9 6149.9
57853.3364815 6411.4 6411.4
57853.3365394 6658.6 6658.6
57853.3366088 6539.4 6539.4
57853.3366551 5880.1 5880.1
57853.3367014 6118.8 6118.8
57853.3367477 6391.1 6391.1
57853.3368171 6811.1 6811.1
57853.3368634 6052.8 6052.8
57853.3369097 5991.1 5991.1
57853.336956 6031.1 6031.1
57853.3370255 6019.2 6019.2
57853.3370718 6058.1 6058.1
57853.3371181 6199.8 6199.8
57853.3371644 6359.1 6359.1
57853.3372338 6475.0 6475.0
57853.3372801 6001.1 6001.1
57853.337338 6184.7 6184.7
57853.3373727 6333.5 6333.5
57853.3374421 6080.0 6080.0
57853.3374884 5812.7 5812.7
57853.3375463 5865.5 5865.5
57853.3375926 6000.0 6000.0
57853.337662 6052.3 6052.3
57853.3377083 5690.0 5690.0
57853.3377546 5771.5 5771.5
57853.3378009 5845.8 5845.8
57853.3378704 5870.8 5870.8
57853.3379167 5791.5 5791.5
57853.337963 5730.1 5730.1
57853.3380093 5780.9 5780.9
57853.3380787 5775.4 5775.4
57853.338125 5805.1 5805.1
57853.3381713 5883.5 5883.5
57853.3382176 5866.8 5866.8
57853.338287 5829.4 5829.4
57853.3383333 5634.8 5634.8
57853.3383796 5726.4 5726.4
57853.3384259 5785.7 5785.7
57853.3384954 5769.7 5769.7
57853.3385532 5795.0 5795.0
57853.3385995 5733.3 5733.3
57853.3386343 5719.2 5719.2
57853.3387037 5888.6 5888.6
57853.3387616 6010.9 6010.9
57853.3388079 6174.4 6174.4
57853.3388542 6276.5 6276.5
57853.3389236 5944.2 5944.2
57853.3389699 6024.7 6024.7
57853.3390162 6285.5 6285.5
57853.3390625 6571.8 6571.8
57853.3391319 6321.7 6321.7
57853.3391782 6184.8 6184.8
57853.3392245 6446.9 6446.9
57853.3392708 7050.8 7050.8
57853.3393403 6847.5 6847.5
57853.3393866 6475.1 6475.1
57853.3394329 6941.3 6941.3
57853.3394907 7674.2 7674.2
57853.3576157 5173.0 5173.0
57853.3576505 5091.3 5091.3
57853.3576968 5133.5 5133.5
57853.3577546 5046.7 5046.7
57853.363912 278220.7 278220.7
57853.3639583 276706.5 276706.5
57853.3640046 285762.9 285762.9
57853.3640509 250099.7 250099.7
57853.3641204 203965.1 203965.1
57853.3641667 8767.6 8767.6
57853.364213 9106.4 9106.4
57853.3642593 9269.4 9269.4
57853.3643287 8779.9 8779.9
57853.3643866 7903.0 7903.0
57853.3644213 7760.3 7760.3
57853.3644676 7977.5 7977.5
57853.364537 8044.6 8044.6
57853.3645949 8135.8 8135.8
57853.3646412 8792.2 8792.2
57853.3646759 8821.1 8821.1
57853.3647569 8432.1 8432.1
57853.3648032 7951.2 7951.2
57853.3648495 8495.9 8495.9
57853.3648958 9298.8 9298.8
57853.3649653 9439.2 9439.2
57853.3650116 8364.1 8364.1
57853.3650579 8789.7 8789.7
57853.3651042 8987.9 8987.9
57853.3651736 8603.9 8603.9
57853.3652199 7943.4 7943.4
57853.3652662 8229.3 8229.3
57853.3653125 8450.5 8450.5
57853.3653935 9187.3 9187.3
57853.3654282 8595.5 8595.5
57853.3654745 8988.4 8988.4
57853.3655324 9155.9 9155.9
57853.3656019 8679.1 8679.1
57853.3656481 7681.7 7681.7
57853.3656829 7818.8 7818.8
57853.3657407 7835.7 7835.7
57853.3658102 7545.9 7545.9
57853.3658565 7670.5 7670.5
57853.3659028 7826.8 7826.8
57853.3659491 8113.7 8113.7
57853.3660185 7809.4 7809.4
57853.3660648 7830.6 7830.6
57853.3661111 7863.3 7863.3
57853.3661574 7819.1 7819.1
57853.3662269 8072.9 8072.9
57853.3662731 7937.5 7937.5
57853.3663194 8589.0 8589.0
57853.3663657 8906.9 8906.9
57853.3664352 9443.7 9443.7
57853.3664815 8231.9 8231.9
57853.3665394 8391.2 8391.2
57853.3665741 8688.1 8688.1
