57850.816362986116 9.36908184132329 0.0 9.36908184132329 0.0
57850.81736298611 9.36908184132329 0.0 9.36908184132329 0.0
57850.817367986114 9.369165916376444 0.0 9.369165916376444 0.0
57850.81737298611 9.369202779669362 0.0 9.369202779669362 0.0
57850.81737701389 9.369259276635622 0.0 9.369259276635622 0.0
57850.817382013876 9.369337176756227 0.0 9.369337176756227 0.0
57850.817387013885 9.36937530363343 0.0 9.36937530363343 0.0
57850.81739097221 9.36944647831289 0.0 9.36944647831289 0.0
57850.81739597222 9.36951476964549 0.0 9.36951476964549 0.0
57850.817399999985 9.369547824392795 0.0 9.369547824392795 0.0
57850.817405 9.36960695745126 0.0 9.36960695745126 0.0
57850.81741 9.369692450549014 0.0 9.369692450549014 0.0
57850.81741402778 9.369730484205858 0.0 9.369730484205858 0.0
57850.81741902778 9.369784218616257 0.0 9.369784218616257 0.0
57850.817424027766 9.369869977630621 0.0 9.369869977630621 0.0
57850.8174279861 9.369907625456564 0.0 9.369907625456564 0.0
57850.8174329861 9.369949486151503 0.0 9.369949486151503 0.0
57850.81743798611 9.248972242106358 0.0 9.248972242106358 0.0
57850.81744201389 9.114027757034668 0.0 9.114027757034668 0.0
57850.81744701389 9.035300221770143 0.0 9.035300221770143 0.0
57850.81745097221 9.010664657145881 0.0 9.010664657145881 0.0
57850.81745597221 9.038519956948376 0.0 9.038519956948376 0.0
57850.81746097222 9.117508962054464 0.0 9.117508962054464 0.0
57850.817465 9.246465202835248 0.0 9.246465202835248 0.0
57850.81746999999 9.424211804320906 0.0 9.424211804320906 0.0
57850.81747499999 9.649333557908863 0.0 9.649333557908863 0.0
57850.81747902778 9.919896035472593 0.0 9.919896035472593 0.0
57850.817484027764 9.958548277893968 0.0 9.958548277893968 0.0
57850.817487986096 9.822773414337158 0.0 9.822773414337158 0.0
57850.81749298611 9.714629990092764 0.0 9.714629990092764 0.0
57850.817497986114 9.641271437235087 0.0 9.641271437235087 0.0
57850.81750201388 9.608171545008545 0.0 9.608171545008545 0.0
57850.817507013875 10.067345267911257 0.0 10.067345267911257 0.0
57850.81751201389 10.13636161797383 0.0 10.13636161797383 0.0
57850.81751597222 10.253058127012283 0.0 10.253058127012283 0.0
57850.81752097221 10.419372991792867 0.0 10.419372991792867 0.0
57850.817525 10.636667883020527 0.0 10.636667883020527 0.0
57850.81753 10.573646783985076 0.0 10.573646783985076 0.0
57850.817535 10.243544611285278 0.0 10.243544611285278 0.0
57850.81753902777 9.990304217263109 0.0 9.990304217263109 0.0
57850.81754402778 9.819583632391938 0.0 9.819583632391938 0.0
57850.81754902778 9.733647223059247 0.0 9.733647223059247 0.0
57850.8175529861 9.732380325282064 0.0 9.732380325282064 0.0
57850.8175579861 9.813497719915123 0.0 9.813497719915123 0.0
57850.817562013886 9.972567792480127 0.0 9.972567792480127 0.0
57850.81756701388 10.202492109223293 0.0 10.202492109223293 0.0
57850.81757201389 10.493008248777944 0.0 10.493008248777944 0.0
57850.81757597222 10.514811865311872 0.0 10.514811865311872 0.0
57850.81758097221 10.193497312923942 0.0 10.193497312923942 0.0
57850.81758597221 9.97534929952722 0.0 9.97534929952722 0.0
57850.81758999999 9.851033637977148 0.0 9.851033637977148 0.0
57850.817594999986 9.81552671798045 0.0 9.81552671798045 0.0
57850.81759999999 9.867427857960179 0.0 9.867427857960179 0.0
57850.81760402777 10.009044124048085 0.0 10.009044124048085 0.0
57850.81760902776 10.24651335451398 0.0 10.24651335451398 0.0
57850.81761298611 10.590555127899522 0.0 10.590555127899522 0.0
57850.8176179861 11.057596993412012 0.0 11.057596993412012 0.0
57850.8176229861 11.671650370873301 0.0 11.671650370873301 0.0
57850.81762701389 12.467524691854276 0.0 12.467524691854276 0.0
57850.81763201388 13.495819618762074 0.0 13.495819618762074 0.0
57850.81763701389 14.831330726692705 0.0 14.831330726692705 0.0
57850.81764097221 16.587084441369484 0.0 16.587084441369484 0.0
57850.81764597222 17.729607017120177 0.0 17.729607017120177 0.0
57850.81764999999 14.685969867251966 0.0 14.685969867251966 0.0
57850.817655 12.796593790777779 0.0 12.796593790777779 0.0
57850.81766 11.61432146218506 0.0 11.61432146218506 0.0
57850.81766402777 10.911131891065306 0.0 10.911131891065306 0.0
57850.81766902777 10.563886308089522 0.0 10.563886308089522 0.0
57850.81767402778 10.504258621372424 0.0 10.504258621372424 0.0
57850.81767798611 10.693417511696797 0.0 10.693417511696797 0.0
57850.81768298611 11.105689358654507 0.0 11.105689358654507 0.0
57850.81768701389 11.714502337323664 0.0 11.714502337323664 0.0
57850.81769201388 12.339428122001491 0.0 12.339428122001491 0.0
57850.81769701389 11.853546790313093 0.0 11.853546790313093 0.0
57850.81770097222 11.536502841744527 0.0 11.536502841744527 0.0
57850.81770597221 11.402688438243763 0.0 11.402688438243763 0.0
57850.817710972224 11.47269393400342 0.0 11.47269393400342 0.0
57850.817715 12.042623686438635 0.0 12.042623686438635 0.0
57850.81772 12.650953599116535 0.0 12.650953599116535 0.0
57850.817725 13.631372528168413 0.0 13.631372528168413 0.0
57850.817729027774 15.111576597685028 0.0 15.111576597685028 0.0
57850.81773402777 17.2976357500183 0.0 17.2976357500183 0.0
57850.8177379861 20.344853006335097 0.0 20.344853006335097 0.0
57850.8177429861 16.51296881594831 0.0 16.51296881594831 0.0
57850.81774798611 14.088621161974345 0.0 14.088621161974345 0.0
57850.81775201389 12.49644017246792 0.0 12.49644017246792 0.0
57850.81775701389 11.44411387613968 0.0 11.44411387613968 0.0
57850.81776201389 10.77378634073721 0.0 10.77378634073721 0.0
57850.81776597221 10.3987152409319 0.0 10.3987152409319 0.0
57850.81777097221 10.274490837673651 0.0 10.274490837673651 0.0
57850.81777499999 10.386245092499111 0.0 10.386245092499111 0.0
57850.81778 10.7445660051197 0.0 10.7445660051197 0.0
57850.817785 11.3881368827757 0.0 11.3881368827757 0.0
57850.81778902778 10.878166666328433 0.0 10.878166666328433 0.0
57850.81779402777 10.430145455194552 0.0 10.430145455194552 0.0
57850.817799027776 10.11181234694423 0.0 10.11181234694423 0.0
57850.8178029861 9.90843811918283 0.0 9.90843811918283 0.0
57850.8178079861 9.811169140361988 0.0 9.811169140361988 0.0
57850.81781201388 9.816298837187047 0.0 9.816298837187047 0.0
57850.817817013885 9.925035586665043 0.0 9.925035586665043 0.0
57850.81782201388 10.143537913200054 0.0 10.143537913200054 0.0
57850.81782597222 10.483860393066422 0.0 10.483860393066422 0.0
57850.81783097221 10.965569828173566 0.0 10.965569828173566 0.0
57850.81783597221 11.618294288359447 0.0 11.618294288359447 0.0
57850.81783999999 12.486427852504105 0.0 12.486427852504105 0.0
57850.81784499999 13.636759740802749 0.0 13.636759740802749 0.0
57850.817849999985 15.17198430746727 0.0 15.17198430746727 0.0
57850.81785402778 17.254587610590082 0.0 17.254587610590082 0.0
57850.81785902777 15.750441001378185 0.0 15.750441001378185 0.0
57850.817862986114 13.4691498276757 0.0 13.4691498276757 0.0
57850.8178679861 11.906498278441772 0.0 11.906498278441772 0.0
57850.8178729861 10.809328163640968 0.0 10.809328163640968 0.0
57850.81787701388 10.036462369518038 0.0 10.036462369518038 0.0
57850.817882013886 9.504936749406411 0.0 9.504936749406411 0.0
57850.81788701388 9.165091552378307 0.0 9.165091552378307 0.0
57850.81789097222 8.988219030421917 0.0 8.988219030421917 0.0
57850.81789597222 8.960191279820526 0.0 8.960191279820526 0.0
57850.8179 9.078886602524486 0.0 9.078886602524486 0.0
57850.81790499999 9.159811661093224 0.0 9.159811661093224 0.0
57850.81790999999 9.15786045382769 0.0 9.15786045382769 0.0
57850.817914027764 9.161830984701611 0.0 9.161830984701611 0.0
57850.81791902778 9.171732590356422 0.0 9.171732590356422 0.0
57850.81792402777 9.187597804931707 0.0 9.187597804931707 0.0
57850.817927986114 9.243390645853456 0.0 9.243390645853456 0.0
57850.81793298611 9.271096709950491 0.0 9.271096709950491 0.0
57850.8179379861 9.304861649196175 0.0 9.304861649196175 0.0
57850.81794201388 9.344786246236172 0.0 9.344786246236172 0.0
57850.81794701388 9.39087839486026 0.0 9.39087839486026 0.0
57850.817950972225 9.386441935556206 0.0 9.386441935556206 0.0
57850.81795597222 9.343775285282703 0.0 9.343775285282703 0.0
57850.81796097222 9.312245323432515 0.0 9.312245323432515 0.0
57850.817965 9.291708476319778 0.0 9.291708476319778 0.0
57850.81797 9.28191758957549 0.0 9.28191758957549 0.0
57850.81797499999 9.28283521441316 0.0 9.28283521441316 0.0
57850.81797902778 9.294372610029196 0.0 9.294372610029196 0.0
57850.81798402778 9.316515054593218 0.0 9.316515054593218 0.0
57850.8179879861 9.349324916225013 0.0 9.349324916225013 0.0
57850.817992986114 9.39285006011742 0.0 9.39285006011742 0.0
57850.81799798611 9.396887581679431 0.0 9.396887581679431 0.0
57850.81800201389 9.354208747947098 0.0 9.354208747947098 0.0
57850.81800701389 9.324515141293539 0.0 9.324515141293539 0.0
57850.81801201388 9.307683448479143 0.0 9.307683448479143 0.0
57850.81801597221 9.303459548580149 0.0 9.303459548580149 0.0
57850.81802097222 9.311564794539517 0.0 9.311564794539517 0.0
57850.818024999986 9.331609893129011 0.0 9.331609893129011 0.0
57850.81802999999 9.362992083701903 0.0 9.362992083701903 0.0
57850.818035 9.405178118266944 0.0 9.405178118266944 0.0
57850.81803902776 9.457444732115707 0.0 9.457444732115707 0.0
57850.81804402778 9.518958902953287 0.0 9.518958902953287 0.0
57850.81804902777 9.588852515716695 0.0 9.588852515716695 0.0
57850.8180529861 9.66602694686101 0.0 9.66602694686101 0.0
57850.818057986115 9.749455205904127 0.0 9.749455205904127 0.0
57850.81806298611 9.83795861128179 0.0 9.83795861128179 0.0
57850.81806701389 9.854301217617078 0.0 9.854301217617078 0.0
57850.81807201388 9.694333916023579 0.0 9.694333916023579 0.0
57850.81807597222 9.683665494954626 0.0 9.683665494954626 0.0
57850.818080972225 9.828069731840918 0.0 9.828069731840918 0.0
57850.81808597222 10.143635582470484 0.0 10.143635582470484 0.0
57850.81809 10.658784691528087 0.0 10.658784691528087 0.0
57850.818095 11.417925364684288 0.0 11.417925364684288 0.0
57850.81809999999 12.486396113778632 0.0 12.486396113778632 0.0
57850.81810402776 13.954536167815249 0.0 13.954536167815249 0.0
57850.81810902778 15.931829497870106 0.0 15.931829497870106 0.0
57850.8181129861 17.741663720179968 0.0 17.741663720179968 0.0
57850.8181179861 15.39950104957689 0.0 15.39950104957689 0.0
57850.81812298611 13.576791330548208 0.0 13.576791330548208 0.0
57850.81812701389 12.235864690140453 0.0 12.235864690140453 0.0
57850.818132013876 11.283534085950352 0.0 11.283534085950352 0.0
57850.81813701389 10.467203543582396 0.0 10.467203543582396 0.0
57850.81814097221 10.074792983408912 0.0 10.074792983408912 0.0
57850.818145972225 9.893750654064863 0.0 9.893750654064863 0.0
57850.81815 9.906204454073258 0.0 9.906204454073258 0.0
57850.818154999986 10.109673028469986 0.0 10.109673028469986 0.0
57850.81816 10.454967309754986 0.0 10.454967309754986 0.0
57850.81816402777 10.027670521277079 0.0 10.027670521277079 0.0
57850.81816902776 9.765243191123053 0.0 9.765243191123053 0.0
57850.81817402778 9.657386627787877 0.0 9.657386627787877 0.0
57850.81817798611 9.703314180556188 0.0 9.703314180556188 0.0
57850.8181829861 9.911796754711348 0.0 9.911796754711348 0.0
57850.81818701389 10.302749491147695 0.0 10.302749491147695 0.0
57850.81819201389 10.910478049835707 0.0 10.910478049835707 0.0
57850.818197013876 11.789256390959029 0.0 11.789256390959029 0.0
57850.81820097222 13.02270473583606 0.0 13.02270473583606 0.0
57850.81820597221 14.73755064984002 0.0 14.73755064984002 0.0
57850.818210972226 13.478158804282545 0.0 13.478158804282545 0.0
57850.81821499999 12.469319009585494 0.0 12.469319009585494 0.0
57850.81822 11.703085458884411 0.0 11.703085458884411 0.0
57850.818225 11.12759738528789 0.0 11.12759738528789 0.0
57850.81822902777 10.708248186335085 0.0 10.708248186335085 0.0
57850.81823402776 10.422100757921335 0.0 10.422100757921335 0.0
57850.8182379861 10.254667190513103 0.0 10.254667190513103 0.0
57850.8182429861 10.198017276918605 0.0 10.198017276918605 0.0
57850.81824798611 10.249827740346632 0.0 10.249827740346632 0.0
57850.81825201389 10.41314060599086 0.0 10.41314060599086 0.0
57850.81825701389 10.696719043130411 0.0 10.696719043130411 0.0
57850.81826201389 11.116100856737518 0.0 11.116100856737518 0.0
57850.81826597221 11.695522285237525 0.0 11.695522285237525 0.0
57850.81827097221 12.471387428612354 0.0 12.471387428612354 0.0
57850.818275 13.497483203403693 0.0 13.497483203403693 0.0
57850.818279999985 12.576785331332601 0.0 12.576785331332601 0.0
57850.818285 11.42762989719113 0.0 11.42762989719113 0.0
57850.818289027775 10.719747645208034 0.0 10.719747645208034 0.0
57850.81829402777 10.352362554062076 0.0 10.352362554062076 0.0
57850.81829902778 10.276632067396678 0.0 10.276632067396678 0.0
57850.81830298611 10.481945082964033 0.0 10.481945082964033 0.0
57850.8183079861 10.993089886349237 0.0 10.993089886349237 0.0
57850.818312013886 11.878149023078526 0.0 11.878149023078526 0.0
57850.81831701388 13.271951687821662 0.0 13.271951687821662 0.0
57850.818322013874 15.431351771241241 0.0 15.431351771241241 0.0
57850.81832597222 14.726103980558934 0.0 14.726103980558934 0.0
57850.81833097221 12.919869363065196 0.0 12.919869363065196 0.0
57850.81833597221 11.732213817896296 0.0 11.732213817896296 0.0
57850.81834 10.97380210522985 0.0 10.97380210522985 0.0
57850.818344999985 10.541757486212743 0.0 10.541757486212743 0.0
57850.81834999999 10.389955135646213 0.0 10.389955135646213 0.0
57850.818354027775 10.490669520869172 0.0 10.490669520869172 0.0
57850.81835902777 10.859847723026078 0.0 10.859847723026078 0.0
57850.8183629861 11.542511204359784 0.0 11.542511204359784 0.0
57850.8183679861 12.62973710523144 0.0 12.62973710523144 0.0
57850.81837298611 12.882426858761944 0.0 12.882426858761944 0.0
57850.81837701388 12.346529279161112 0.0 12.346529279161112 0.0
57850.81838201388 11.92382656804695 0.0 11.92382656804695 0.0
57850.81838701389 11.615614996994951 0.0 11.615614996994951 0.0
57850.81839097222 11.421135274060184 0.0 11.421135274060184 0.0
57850.81839597222 11.338671094038505 0.0 11.338671094038505 0.0
57850.81839999999 11.366043707768895 0.0 11.366043707768895 0.0
57850.818405 11.50079251811306 0.0 11.50079251811306 0.0
57850.818409999985 11.739613056534266 0.0 11.739613056534266 0.0
57850.81841402778 12.077564409470144 0.0 12.077564409470144 0.0
57850.81841902777 12.092337319990492 0.0 12.092337319990492 0.0
57850.81842402777 11.766768319987143 0.0 11.766768319987143 0.0
57850.8184279861 11.5077630436881 0.0 11.5077630436881 0.0
57850.818432986096 11.311909006337194 0.0 11.311909006337194 0.0
57850.81843701388 11.176751811115869 0.0 11.176751811115869 0.0
57850.818442013886 11.100683207273786 0.0 11.100683207273786 0.0
57850.81844701388 11.083005890103806 0.0 11.083005890103806 0.0
57850.81845097222 11.123973591254455 0.0 11.123973591254455 0.0
57850.81845597222 11.22480603263414 0.0 11.22480603263414 0.0
57850.81846097221 11.387768758202425 0.0 11.387768758202425 0.0
57850.81846499999 11.616249436483303 0.0 11.616249436483303 0.0
57850.81846999999 11.914920762625734 0.0 11.914920762625734 0.0
57850.818475 12.289885073719596 0.0 12.289885073719596 0.0
57850.81847902778 12.748859354219146 0.0 12.748859354219146 0.0
57850.81848402777 13.301530405787274 0.0 13.301530405787274 0.0
57850.818487986115 13.397592353702057 0.0 13.397592353702057 0.0
57850.81849298611 12.198339856812499 0.0 12.198339856812499 0.0
57850.818497986096 11.34033519002722 0.0 11.34033519002722 0.0
57850.81850201388 10.750659216195427 0.0 10.750659216195427 0.0
57850.818507013886 10.38229336323892 0.0 10.38229336323892 0.0
57850.81851201389 10.207195842818745 0.0 10.207195842818745 0.0
57850.81851597222 10.211861219625233 0.0 10.211861219625233 0.0
57850.81852097222 10.395664323123142 0.0 10.395664323123142 0.0
57850.818525 10.770454841925353 0.0 10.770454841925353 0.0
57850.81853 11.36232201969253 0.0 11.36232201969253 0.0
57850.81853499999 11.942998278200337 0.0 11.942998278200337 0.0
57850.81853902778 11.45931496675189 0.0 11.45931496675189 0.0
57850.81854402778 11.064914740663774 0.0 11.064914740663774 0.0
57850.818549027776 10.755990973291814 0.0 10.755990973291814 0.0
57850.81855298611 10.527781819758749 0.0 10.527781819758749 0.0
57850.81855798611 10.563079272542236 0.0 10.563079272542236 0.0
57850.8185629861 10.481624108249022 0.0 10.481624108249022 0.0
57850.81856701389 10.467187009529745 0.0 10.467187009529745 0.0
57850.81857201388 10.513859232868297 0.0 10.513859232868297 0.0
57850.81857597221 10.61488433134818 0.0 10.61488433134818 0.0
57850.81858097222 10.721111198407415 0.0 10.721111198407415 0.0
57850.81858597222 10.478908642690882 0.0 10.478908642690882 0.0
57850.81858999999 10.252795441609653 0.0 10.252795441609653 0.0
57850.818595 10.055938973580222 0.0 10.055938973580222 0.0
57850.81859999999 9.89786586321008 0.0 9.89786586321008 0.0
57850.818604027765 9.784923780130867 0.0 9.784923780130867 0.0
57850.81860902778 9.720855551151482 0.0 9.720855551151482 0.0
57850.8186129861 9.707278092866154 0.0 9.707278092866154 0.0
57850.8186179861 9.744075388434506 0.0 9.744075388434506 0.0
57850.81862298611 9.829370500666741 0.0 9.829370500666741 0.0
57850.818627013876 9.95607900842132 0.0 9.95607900842132 0.0
57850.81863201388 9.942507874575583 0.0 9.942507874575583 0.0
57850.81863701388 9.936199247465119 0.0 9.936199247465119 0.0
57850.81864097221 9.93836448158822 0.0 9.93836448158822 0.0
57850.81864597222 9.950044063076549 0.0 9.950044063076549 0.0
57850.81864999999 9.972128968883139 0.0 9.972128968883139 0.0
57850.818655 10.00539001601614 0.0 10.00539001601614 0.0
57850.81865999999 10.050391259016122 0.0 10.050391259016122 0.0
57850.81866402776 10.1075659402283 0.0 10.1075659402283 0.0
57850.818669027765 10.177197905216552 0.0 10.177197905216552 0.0
57850.81867402777 10.259341517731553 0.0 10.259341517731553 0.0
57850.8186779861 10.353933825359746 0.0 10.353933825359746 0.0
57850.81868298611 10.460657302473438 0.0 10.460657302473438 0.0
57850.8186879861 10.579015135327714 0.0 10.579015135327714 0.0
57850.81869201389 10.708260961255743 0.0 10.708260961255743 0.0
57850.81869701388 10.84740707704453 0.0 10.84740707704453 0.0
57850.818700972224 10.6385831744263 0.0 10.6385831744263 0.0
57850.81870597221 10.361981573700412 0.0 10.361981573700412 0.0
57850.81871097222 10.119200010070324 0.0 10.119200010070324 0.0
57850.81871499999 9.908340405377638 0.0 9.908340405377638 0.0
57850.81872 9.727659576187465 0.0 9.727659576187465 0.0
57850.81872499999 9.57569345090035 0.0 9.57569345090035 0.0
57850.81872902778 9.45112354061803 0.0 9.45112354061803 0.0
57850.818734027765 9.352942068631693 0.0 9.352942068631693 0.0
57850.81873798611 9.28022480052912 0.0 9.28022480052912 0.0
57850.8187429861 9.232293550015815 0.0 9.232293550015815 0.0
57850.81874798611 9.238915205468162 0.0 9.238915205468162 0.0
57850.81875201389 9.28309411608184 0.0 9.28309411608184 0.0
57850.81875701389 9.351591869516142 0.0 9.351591869516142 0.0
57850.81876201389 9.44363868681239 0.0 9.44363868681239 0.0
57850.81876597221 9.558142644235069 0.0 9.558142644235069 0.0
57850.81877097222 9.493182930358914 0.0 9.493182930358914 0.0
57850.818774999985 9.63600973288863 0.0 9.63600973288863 0.0
57850.81878 9.793394408012976 0.0 9.793394408012976 0.0
57850.818785 9.96197647609419 0.0 9.96197647609419 0.0
57850.81878902777 10.137742273768062 0.0 10.137742273768062 0.0
57850.818794027764 10.113351339112294 0.0 10.113351339112294 0.0
57850.818799027766 9.973993237266884 0.0 9.973993237266884 0.0
57850.81880298611 9.846213811298334 0.0 9.846213811298334 0.0
57850.818807986114 9.730107055714486 0.0 9.730107055714486 0.0
57850.81881298611 9.625895065252088 0.0 9.625895065252088 0.0
57850.81881701389 9.53357863005274 0.0 9.53357863005274 0.0
57850.81882201389 9.453229728235867 0.0 9.453229728235867 0.0
57850.81882597222 9.38489784565178 0.0 9.38489784565178 0.0
57850.81883097221 9.328551284891487 0.0 9.328551284891487 0.0
57850.81883597221 9.284201798613836 0.0 9.284201798613836 0.0
57850.818839999985 9.219348429737519 0.0 9.219348429737519 0.0
57850.818845 9.143332846355513 0.0 9.143332846355513 0.0
57850.81884999999 9.08534358690033 0.0 9.08534358690033 0.0
57850.81885402777 9.045602400203313 0.0 9.045602400203313 0.0
57850.818859027764 9.024336267932167 0.0 9.024336267932167 0.0
57850.81886298611 9.021711238057526 0.0 9.021711238057526 0.0
57850.8188679861 9.037824666929406 0.0 9.037824666929406 0.0
57850.818872986114 9.072831622430893 0.0 9.072831622430893 0.0
57850.81887701389 9.12680764875257 0.0 9.12680764875257 0.0
57850.818882013875 9.19980822894248 0.0 9.19980822894248 0.0
57850.81888701389 9.29186871210646 0.0 9.29186871210646 0.0
57850.81889097222 9.402967482233802 0.0 9.402967482233802 0.0
57850.818895972225 9.533032500840944 0.0 9.533032500840944 0.0
57850.81889999999 9.681887278108722 0.0 9.681887278108722 0.0
57850.818905 9.849252424738374 0.0 9.849252424738374 0.0
57850.81890999999 9.915073700642047 0.0 9.915073700642047 0.0
57850.81891402777 9.779071097984751 0.0 9.779071097984751 0.0
57850.81891902778 9.74775325835789 0.0 9.74775325835789 0.0
57850.818924027764 9.818717832073782 0.0 9.818717832073782 0.0
57850.818927986096 9.993539234564357 0.0 9.993539234564357 0.0
57850.81893298611 10.277721999269453 0.0 10.277721999269453 0.0
57850.818937986114 10.6804198981338 0.0 10.6804198981338 0.0
57850.81894201388 11.214449375058367 0.0 11.214449375058367 0.0
57850.81894701389 11.895672696973742 0.0 11.895672696973742 0.0
57850.81895097222 12.741220993202807 0.0 12.741220993202807 0.0
57850.81895597221 13.201831259301844 0.0 13.201831259301844 0.0
57850.818960972225 11.930821245085564 0.0 11.930821245085564 0.0
57850.818965 10.976592957107203 0.0 10.976592957107203 0.0
57850.81897 10.30600822485539 0.0 10.30600822485539 0.0
57850.818975 9.882254241712763 0.0 9.882254241712763 0.0
57850.818979027776 9.98787270447859 0.0 9.98787270447859 0.0
57850.81898402778 9.98940675466984 0.0 9.98940675466984 0.0
57850.81898798611 10.210321963582297 0.0 10.210321963582297 0.0
57850.8189929861 10.67168549712182 0.0 10.67168549712182 0.0
57850.8189979861 11.416999307524277 0.0 11.416999307524277 0.0
57850.819002013886 12.166752403664363 0.0 12.166752403664363 0.0
57850.81900701388 11.157079879437982 0.0 11.157079879437982 0.0
57850.81901201389 10.476140689139635 0.0 10.476140689139635 0.0
57850.81901597222 10.062188856769813 0.0 10.062188856769813 0.0
57850.81902097221 9.881066516863465 0.0 9.881066516863465 0.0
57850.819025 9.920451795380496 0.0 9.920451795380496 0.0
57850.81903 10.18814090105452 0.0 10.18814090105452 0.0
57850.819034999986 10.714573995266775 0.0 10.714573995266775 0.0
57850.81903902778 11.560606572919683 0.0 11.560606572919683 0.0
57850.81904402777 12.8339508498365 0.0 12.8339508498365 0.0
57850.81904902776 14.535777090869423 0.0 14.535777090869423 0.0
57850.81905298611 13.760769429924432 0.0 13.760769429924432 0.0
57850.8190579861 13.132805414669322 0.0 13.132805414669322 0.0
57850.81906201388 12.62966049822596 0.0 12.62966049822596 0.0
57850.81906701389 12.23460134850245 0.0 12.23460134850245 0.0
57850.81907201388 11.935246620349416 0.0 11.935246620349416 0.0
57850.81907597221 11.722599859785863 0.0 11.722599859785863 0.0
57850.81908097222 11.590312309108997 0.0 11.590312309108997 0.0
57850.81908597221 11.534446933655087 0.0 11.534446933655087 0.0
57850.81908999999 11.553100900414291 0.0 11.553100900414291 0.0
57850.81909499999 11.646176191566468 0.0 11.646176191566468 0.0
57850.8191 11.815374835914284 0.0 11.815374835914284 0.0
57850.819104027774 12.06414140024847 0.0 12.06414140024847 0.0
57850.81910902777 12.397666229921521 0.0 12.397666229921521 0.0
57850.81911298611 12.82284715471925 0.0 12.82284715471925 0.0
57850.81911798611 13.348278158881946 0.0 13.348278158881946 0.0
57850.8191229861 12.623792008600539 0.0 12.623792008600539 0.0
57850.81912701389 11.903131795431474 0.0 11.903131795431474 0.0
57850.81913201389 11.453757876035194 0.0 11.453757876035194 0.0
57850.81913701389 11.243231851114972 0.0 11.243231851114972 0.0
57850.81914097221 11.2577448914242 0.0 11.2577448914242 0.0
57850.81914597222 11.50086065213061 0.0 11.50086065213061 0.0
57850.81914999999 11.995150276608289 0.0 11.995150276608289 0.0
57850.819155 12.786733065819847 0.0 12.786733065819847 0.0
57850.81915999999 13.955493402387223 0.0 13.955493402387223 0.0
57850.819164027766 15.634198027560203 0.0 15.634198027560203 0.0
57850.819169027774 15.105801051291357 0.0 15.105801051291357 0.0
57850.819174027776 13.9489647255217 0.0 13.9489647255217 0.0
57850.8191779861 13.089288814520632 0.0 13.089288814520632 0.0
57850.81918298611 12.48508366146192 0.0 12.48508366146192 0.0
57850.8191879861 12.103863357908853 0.0 12.103863357908853 0.0
57850.81919201388 11.650935955062629 0.0 11.650935955062629 0.0
57850.81919701388 11.664233124294686 0.0 11.664233124294686 0.0
57850.81920097221 11.8624590981531 0.0 11.8624590981531 0.0
57850.81920597222 12.25526280523274 0.0 12.25526280523274 0.0
57850.81921097221 12.862192290307796 0.0 12.862192290307796 0.0
57850.819215 12.444014148610163 0.0 12.444014148610163 0.0
57850.81921999999 11.681488898882339 0.0 11.681488898882339 0.0
57850.819225 11.183925594861236 0.0 11.183925594861236 0.0
57850.819229027766 10.912700486187036 0.0 10.912700486187036 0.0
57850.819234027775 10.848172759569168 0.0 10.848172759569168 0.0
57850.8192379861 10.986767751138109 0.0 10.986767751138109 0.0
57850.81924298611 11.3402542529927 0.0 11.3402542529927 0.0
57850.8192479861 11.937933820858522 0.0 11.937933820858522 0.0
57850.81925201389 12.831819441281336 0.0 12.831819441281336 0.0
57850.81925701388 14.106229907303891 0.0 14.106229907303891 0.0
57850.81926201388 14.297446499720749 0.0 14.297446499720749 0.0
57850.81926597221 13.573613211386311 0.0 13.573613211386311 0.0
57850.81927097222 12.981740412768781 0.0 12.981740412768781 0.0
57850.81927499999 12.507065603938539 0.0 12.507065603938539 0.0
57850.81928 12.137758763835143 0.0 12.137758763835143 0.0
57850.81928499999 11.86458846660906 0.0 11.86458846660906 0.0
57850.81928902778 11.680597925028888 0.0 11.680597925028888 0.0
57850.819294027766 11.580873899491953 0.0 11.580873899491953 0.0
57850.81929902777 11.56226730769408 0.0 11.56226730769408 0.0
57850.8193029861 11.62328712966376 0.0 11.62328712966376 0.0
57850.81930798611 11.764011447300337 0.0 11.764011447300337 0.0
57850.8193129861 11.985838863268787 0.0 11.985838863268787 0.0
57850.81931701389 12.291522835215071 0.0 12.291522835215071 0.0
57850.81932201388 12.685106982949396 0.0 12.685106982949396 0.0
57850.819325972225 13.171623407024342 0.0 13.171623407024342 0.0
57850.81933097221 13.190184905157698 0.0 13.190184905157698 0.0
57850.81933597222 12.311556298883565 0.0 12.311556298883565 0.0
57850.81933999999 11.645300575419135 0.0 11.645300575419135 0.0
57850.819345 11.152264542665618 0.0 11.152264542665618 0.0
57850.81934999999 10.804544640233702 0.0 10.804544640233702 0.0
57850.81935402778 10.582269005970439 0.0 10.582269005970439 0.0
57850.819359027766 10.471495430760738 0.0 10.471495430760738 0.0
57850.81936298611 10.462598352495283 0.0 10.462598352495283 0.0
57850.8193679861 10.549315987250065 0.0 10.549315987250065 0.0
57850.81937298611 10.727933454559594 0.0 10.727933454559594 0.0
57850.819377013875 10.828934336536639 0.0 10.828934336536639 0.0
57850.81938201389 10.514365650761679 0.0 10.514365650761679 0.0
57850.81938701388 10.247869150414754 0.0 10.247869150414754 0.0
57850.819390972225 10.031985745257142 0.0 10.031985745257142 0.0
57850.81939597222 9.868366614729355 0.0 9.868366614729355 0.0
57850.8194 10.147608570519992 0.0 10.147608570519992 0.0
57850.81940499999 10.098015570453454 0.0 10.098015570453454 0.0
57850.81941 10.106152535883734 0.0 10.106152535883734 0.0
57850.81941402776 10.173602503586737 0.0 10.173602503586737 0.0
57850.81941902778 10.302474041026116 0.0 10.302474041026116 0.0
57850.81942402778 10.429933849220014 0.0 10.429933849220014 0.0
57850.8194279861 10.299540007155347 0.0 10.299540007155347 0.0
57850.819432986114 10.192001757002092 0.0 10.192001757002092 0.0
57850.81943798611 10.106579139080194 0.0 10.106579139080194 0.0
57850.81944201389 10.042676632807199 0.0 10.042676632807199 0.0
57850.81944701389 9.999838002959635 0.0 9.999838002959635 0.0
57850.81945097222 9.977787073695346 0.0 9.977787073695346 0.0
57850.819455972225 9.976395762756578 0.0 9.976395762756578 0.0
57850.81946097222 9.995666106534092 0.0 9.995666106534092 0.0
57850.819465 10.035767852460856 0.0 10.035767852460856 0.0
57850.81947 10.081014837385473 0.0 10.081014837385473 0.0
57850.81947499999 10.014841642461827 0.0 10.014841642461827 0.0
57850.81947902778 9.990543575937425 0.0 9.990543575937425 0.0
57850.819484027765 10.008575214426955 0.0 10.008575214426955 0.0
57850.81948798611 10.06954580011842 0.0 10.06954580011842 0.0
57850.8194929861 10.174415323516325 0.0 10.174415323516325 0.0
57850.819497986115 10.324321205345631 0.0 10.324321205345631 0.0
57850.81950201389 10.520592463471054 0.0 10.520592463471054 0.0
57850.819507013875 10.764630281407875 0.0 10.764630281407875 0.0
57850.81951201389 11.057683219823838 0.0 11.057683219823838 0.0
57850.81951597221 11.40044647995859 0.0 11.40044647995859 0.0
57850.819520972225 11.792701978022691 0.0 11.792701978022691 0.0
57850.819525 12.23244217224049 0.0 12.23244217224049 0.0
57850.81953 12.715036040025362 0.0 12.715036040025362 0.0
57850.81953499999 13.232072255964791 0.0 13.232072255964791 0.0
57850.81953902777 13.770064319928185 0.0 13.770064319928185 0.0
57850.81954402776 12.862769599610376 0.0 12.862769599610376 0.0
57850.81954902778 11.902011780430975 0.0 11.902011780430975 0.0
57850.81955298611 11.131479358129374 0.0 11.131479358129374 0.0
57850.81955798611 10.534812293598161 0.0 10.534812293598161 0.0
57850.8195629861 10.094246971917835 0.0 10.094246971917835 0.0
57850.819567013874 9.794494929096937 0.0 9.794494929096937 0.0
57850.81957201389 9.62459055567814 0.0 9.62459055567814 0.0
57850.81957597222 9.578145228240091 0.0 9.578145228240091 0.0
57850.81958097221 9.653555818228464 0.0 9.653555818228464 0.0
57850.81958597221 9.854206286790086 0.0 9.854206286790086 0.0
57850.81959 9.923906206504162 0.0 9.923906206504162 0.0
57850.819594999986 9.93750288311665 0.0 9.93750288311665 0.0
57850.81959999999 9.954875593086575 0.0 9.954875593086575 0.0
57850.819604027776 9.975995751214583 0.0 9.975995751214583 0.0
57850.81960902776 10.00096383188861 0.0 10.00096383188861 0.0
57850.8196129861 9.54163836788175 0.0 9.54163836788175 0.0
57850.8196179861 9.573209215061224 0.0 9.573209215061224 0.0
57850.81962298611 9.608598307109032 0.0 9.608598307109032 0.0
57850.81962701389 9.647887223399723 0.0 9.647887223399723 0.0
57850.819632013874 9.691132292605207 0.0 9.691132292605207 0.0
57850.819637013876 9.655613837742845 0.0 9.655613837742845 0.0
57850.81964097221 9.608617563135015 0.0 9.608617563135015 0.0
57850.81964597221 9.598165663257301 0.0 9.598165663257301 0.0
57850.81964999999 9.633144622593166 0.0 9.633144622593166 0.0
57850.819655 9.72117608880657 0.0 9.72117608880657 0.0
57850.81966 9.868625100332064 0.0 9.868625100332064 0.0
57850.81966402777 10.080426507750865 0.0 10.080426507750865 0.0
57850.81966902777 10.360092516966656 0.0 10.360092516966656 0.0
57850.81967402776 10.709293064331137 0.0 10.709293064331137 0.0
57850.81967798611 11.127330181940485 0.0 11.127330181940485 0.0
57850.81968298611 11.170787248433204 0.0 11.170787248433204 0.0
57850.81968701388 10.967336986364623 0.0 10.967336986364623 0.0
57850.81969201389 10.778361330688908 0.0 10.778361330688908 0.0
57850.81969701389 10.605028482102128 0.0 10.605028482102128 0.0
57850.81970097222 10.448279373770063 0.0 10.448279373770063 0.0
57850.81970597222 10.30872980771417 0.0 10.30872980771417 0.0
57850.81971097221 10.18674033707138 0.0 10.18674033707138 0.0
57850.819715 10.082431635039194 0.0 10.082431635039194 0.0
57850.819719999985 9.99574043646883 0.0 9.99574043646883 0.0
57850.819725 9.926434248404208 0.0 9.926434248404208 0.0
57850.819729027775 9.874131328927723 0.0 9.874131328927723 0.0
57850.81973402777 9.838270401436231 0.0 9.838270401436231 0.0
57850.81973798611 9.818166367032797 0.0 9.818166367032797 0.0
57850.81974298611 9.812999092772584 0.0 9.812999092772584 0.0
57850.8197479861 9.821773162066943 0.0 9.821773162066943 0.0
57850.819752013886 9.698552153584666 0.0 9.698552153584666 0.0
57850.81975701389 9.42673649780397 0.0 9.42673649780397 0.0
57850.819762013874 9.270459264029096 0.0 9.270459264029096 0.0
57850.81976597222 9.224576343601688 0.0 9.224576343601688 0.0
57850.81977097221 9.287227122782689 0.0 9.287227122782689 0.0
57850.81977499999 9.459766034826256 0.0 9.459766034826256 0.0
57850.81978 9.746364423004627 0.0 9.746364423004627 0.0
57850.819784999985 10.153121630429142 0.0 10.153121630429142 0.0
57850.819789027766 10.686143166063797 0.0 10.686143166063797 0.0
57850.81979402777 11.347992270588305 0.0 11.347992270588305 0.0
57850.81979902778 11.515895335737664 0.0 11.515895335737664 0.0
57850.8198029861 10.559384231331729 0.0 10.559384231331729 0.0
57850.8198079861 9.961683455963458 0.0 9.961683455963458 0.0
57850.8198129861 9.674006640699806 0.0 9.674006640699806 0.0
57850.81981701388 9.679174236284988 0.0 9.679174236284988 0.0
57850.81982201388 10.151582739640052 0.0 10.151582739640052 0.0
57850.81982597221 10.835903847093185 0.0 10.835903847093185 0.0
57850.81983097222 11.999168495403467 0.0 11.999168495403467 0.0
57850.81983597221 13.848049962417788 0.0 13.848049962417788 0.0
57850.81984 16.752637742225517 0.0 16.752637742225517 0.0
57850.81984499999 19.395704556556055 0.0 19.395704556556055 0.0
57850.819849999985 16.56303914144565 0.0 16.56303914144565 0.0
57850.819854027766 14.476796097774933 0.0 14.476796097774933 0.0
57850.819859027775 12.929238417094938 0.0 12.929238417094938 0.0
57850.8198629861 11.774076982919988 0.0 11.774076982919988 0.0
57850.81986798611 10.912109223953538 0.0 10.912109223953538 0.0
57850.819872986096 10.27658124239965 0.0 10.27658124239965 0.0
57850.81987701389 9.82265150966493 0.0 9.82265150966493 0.0
57850.81988201388 9.520632744508616 0.0 9.520632744508616 0.0
57850.81988701388 9.351812356240892 0.0 9.351812356240892 0.0
57850.81989097221 9.302491093927713 0.0 9.302491093927713 0.0
57850.81989597222 9.287131438013919 0.0 9.287131438013919 0.0
57850.81989999999 9.2779323885039 0.0 9.2779323885039 0.0
57850.819905 9.275043661305764 0.0 9.275043661305764 0.0
57850.81990999999 9.278582674268163 0.0 9.278582674268163 0.0
57850.81991402778 9.28863606941428 0.0 9.28863606941428 0.0
57850.81991902777 9.305363948154413 0.0 9.305363948154413 0.0
57850.81992402777 9.328883224631209 0.0 9.328883224631209 0.0
57850.8199279861 9.359371124338674 0.0 9.359371124338674 0.0
57850.81993298611 9.396985474517791 0.0 9.396985474517791 0.0
57850.819937013875 9.441845815092465 0.0 9.441845815092465 0.0
57850.81994201389 9.49417291466624 0.0 9.49417291466624 0.0
57850.81994701388 9.55410568982008 0.0 9.55410568982008 0.0
57850.819950972225 9.621906135085307 0.0 9.621906135085307 0.0
57850.81995597222 9.697784811653396 0.0 9.697784811653396 0.0
57850.81996097222 9.781927376747118 0.0 9.781927376747118 0.0
57850.81996499999 9.736554666854337 0.0 9.736554666854337 0.0
57850.81997 9.695065223573076 0.0 9.695065223573076 0.0
57850.819975 9.673170331062307 0.0 9.673170331062307 0.0
57850.81997902778 9.670797819961317 0.0 9.670797819961317 0.0
57850.81998402778 9.688038105584523 0.0 9.688038105584523 0.0
57850.8199879861 9.725140793412036 0.0 9.725140793412036 0.0
57850.81999298611 9.782517944706624 0.0 9.782517944706624 0.0
57850.81999798611 9.86073231537809 0.0 9.86073231537809 0.0
57850.820002013876 9.96051754746008 0.0 9.96051754746008 0.0
57850.82000701389 10.082832202494682 0.0 10.082832202494682 0.0
57850.820012013886 9.887270988968409 0.0 9.887270988968409 0.0
57850.82001597221 9.655710995772775 0.0 9.655710995772775 0.0
57850.82002097222 9.461487498702077 0.0 9.461487498702077 0.0
57850.820024999986 9.301972503592953 0.0 9.301972503592953 0.0
57850.82002999999 9.17502754560871 0.0 9.17502754560871 0.0
57850.820035 9.06991614008463 0.0 9.06991614008463 0.0
57850.82003902776 9.002882010858531 0.0 9.002882010858531 0.0
57850.820044027765 8.964903025808427 0.0 8.964903025808427 0.0
57850.82004902778 8.955510716683788 0.0 8.955510716683788 0.0
57850.8200529861 8.974648717883898 0.0 8.974648717883898 0.0
57850.8200579861 8.95596750994887 0.0 8.95596750994887 0.0
57850.82006298611 8.93100397464295 0.0 8.93100397464295 0.0
57850.820067013876 8.92124249211139 0.0 8.92124249211139 0.0
57850.82007201388 8.926544560820558 0.0 8.926544560820558 0.0
57850.820075972224 8.946950310686631 0.0 8.946950310686631 0.0
57850.82008097221 8.982521629957613 0.0 8.982521629957613 0.0
57850.82008597221 9.033533837153236 0.0 9.033533837153236 0.0
57850.82008999999 9.100249863837437 0.0 9.100249863837437 0.0
57850.82009499999 9.183113575931621 0.0 9.183113575931621 0.0
57850.8201 9.282698776808546 0.0 9.282698776808546 0.0
57850.82010402776 9.306808598185725 0.0 9.306808598185725 0.0
57850.820109027765 9.291499045866397 0.0 9.291499045866397 0.0
57850.82011298611 9.282610912016148 0.0 9.282610912016148 0.0
57850.82011798611 9.280084677650773 0.0 9.280084677650773 0.0
57850.8201229861 9.283883829984857 0.0 9.283883829984857 0.0
57850.820127013874 9.294018112667457 0.0 9.294018112667457 0.0
57850.820132013876 9.31040699031616 0.0 9.31040699031616 0.0
57850.82013701389 9.333101632666128 0.0 9.333101632666128 0.0
57850.820140972224 9.362050565385713 0.0 9.362050565385713 0.0
57850.82014597222 9.39724444358183 0.0 9.39724444358183 0.0
57850.82015 9.438696181148558 0.0 9.438696181148558 0.0
57850.82015499999 9.486428601982611 0.0 9.486428601982611 0.0
57850.82016 9.540439858615322 0.0 9.540439858615322 0.0
57850.82016402778 9.600714269522786 0.0 9.600714269522786 0.0
57850.82016902778 9.66730446881856 0.0 9.66730446881856 0.0
57850.82017402778 9.690445898995886 0.0 9.690445898995886 0.0
57850.82017798611 9.665611427043222 0.0 9.665611427043222 0.0
57850.820182986114 9.668851583131516 0.0 9.668851583131516 0.0
57850.82018798611 9.701523455663672 0.0 9.701523455663672 0.0
57850.820192013874 9.764196897261545 0.0 9.764196897261545 0.0
57850.82019701389 9.85685184265414 0.0 9.85685184265414 0.0
57850.82020097221 9.978734321964795 0.0 9.978734321964795 0.0
57850.820205972224 10.128257550725358 0.0 10.128257550725358 0.0
57850.82021097221 10.302986363607156 0.0 10.302986363607156 0.0
57850.820215 10.499585814264064 0.0 10.499585814264064 0.0
57850.82022 10.482230037276416 0.0 10.482230037276416 0.0
57850.82022499999 10.14194032419531 0.0 10.14194032419531 0.0
57850.82022902778 9.973975692405114 0.0 9.973975692405114 0.0
57850.82023402778 9.972388363890959 0.0 9.972388363890959 0.0
57850.8202379861 10.139805739765928 0.0 10.139805739765928 0.0
57850.8202429861 10.321079423180889 0.0 10.321079423180889 0.0
57850.820247986114 10.864121188557107 0.0 10.864121188557107 0.0
57850.82025201388 11.640890173909568 0.0 11.640890173909568 0.0
57850.820257013875 12.694852011458558 0.0 12.694852011458558 0.0
57850.82026201389 14.069374931341331 0.0 14.069374931341331 0.0
57850.82026597222 15.017270632123013 0.0 15.017270632123013 0.0
57850.820270972225 14.016845161832208 0.0 14.016845161832208 0.0
57850.82027499999 13.181219137623287 0.0 13.181219137623287 0.0
57850.82028 12.513848376091657 0.0 12.513848376091657 0.0
57850.820285 12.007245543999408 0.0 12.007245543999408 0.0
57850.82028902777 11.649403506970842 0.0 11.649403506970842 0.0
57850.82029402777 11.42711670773492 0.0 11.42711670773492 0.0
57850.82029902778 11.327458632922593 0.0 11.327458632922593 0.0
57850.82030298611 11.338060021682143 0.0 11.338060021682143 0.0
57850.8203079861 11.44678466946257 0.0 11.44678466946257 0.0
57850.820312013886 11.542899837052332 0.0 11.542899837052332 0.0
57850.82031701389 11.258218322463161 0.0 11.258218322463161 0.0
57850.820322013875 11.027898897368297 0.0 11.027898897368297 0.0
57850.820325972214 10.847671800216673 0.0 10.847671800216673 0.0
57850.82033097222 10.714352138886465 0.0 10.714352138886465 0.0
57850.82033597221 10.625673454227675 0.0 10.625673454227675 0.0
57850.82034 10.5802729422678 0.0 10.5802729422678 0.0
57850.820344999986 10.577506497962215 0.0 10.577506497962215 0.0
57850.82034999999 10.61756404416817 0.0 10.61756404416817 0.0
57850.820354027775 10.70139545654399 0.0 10.70139545654399 0.0
57850.82035902776 10.830743617957337 0.0 10.830743617957337 0.0
57850.8203629861 11.008275663328615 0.0 11.008275663328615 0.0
57850.82036798611 11.237686598168583 0.0 11.237686598168583 0.0
57850.8203729861 11.523908646219851 0.0 11.523908646219851 0.0
57850.82037701388 11.873206542464176 0.0 11.873206542464176 0.0
57850.82038201389 12.293772750184646 0.0 12.293772750184646 0.0
57850.820387013875 11.495399413357543 0.0 11.495399413357543 0.0
57850.82039097222 10.79108184445379 0.0 10.79108184445379 0.0
57850.82039597221 10.233925611414575 0.0 10.233925611414575 0.0
57850.82039999999 9.79956120538187 0.0 9.79956120538187 0.0
57850.82040499999 9.470347704474113 0.0 9.470347704474113 0.0
57850.82041 9.233681348029119 0.0 9.233681348029119 0.0
57850.82041402777 9.080937515116952 0.0 9.080937515116952 0.0
57850.820419027776 9.006731487117436 0.0 9.006731487117436 0.0
57850.82042402778 9.008390386793728 0.0 9.008390386793728 0.0
57850.82042798611 9.086045365809538 0.0 9.086045365809538 0.0
57850.82043298611 9.041076245769831 0.0 9.041076245769831 0.0
57850.82043701389 8.977191440026663 0.0 8.977191440026663 0.0
57850.820442013886 8.921958920686308 0.0 8.921958920686308 0.0
57850.82044701388 8.875160425407179 0.0 8.875160425407179 0.0
57850.82045097222 8.83663290626357 0.0 8.83663290626357 0.0
57850.82045597222 8.976901341423776 0.0 8.976901341423776 0.0
57850.82046097221 8.95413460876752 0.0 8.95413460876752 0.0
57850.820465 8.939435157027024 0.0 8.939435157027024 0.0
57850.82047 8.932788524754718 0.0 8.932788524754718 0.0
57850.820474999986 8.934125637779088 0.0 8.934125637779088 0.0
57850.82047902778 8.918358574485133 0.0 8.918358574485133 0.0
57850.820484027776 8.90625054818107 0.0 8.90625054818107 0.0
57850.82048798611 8.905094528832786 0.0 8.905094528832786 0.0
57850.82049298611 8.914919150329958 0.0 8.914919150329958 0.0
57850.8204979861 8.93569151995288 0.0 8.93569151995288 0.0
57850.82050201389 8.967507784281507 0.0 8.967507784281507 0.0
57850.82050701389 9.010444824956148 0.0 9.010444824956148 0.0
57850.82051201388 9.064635753743367 0.0 9.064635753743367 0.0
57850.82051597222 9.130280349126068 0.0 9.130280349126068 0.0
57850.82052097222 9.207555428274498 0.0 9.207555428274498 0.0
57850.82052499999 9.222222192607875 0.0 9.222222192607875 0.0
57850.82053 9.214095013675 0.0 9.214095013675 0.0
57850.820535 9.214582124089457 0.0 9.214582124089457 0.0
57850.82053902778 9.223632314557369 0.0 9.223632314557369 0.0
57850.820544027774 9.241295249855254 0.0 9.241295249855254 0.0
57850.82054902777 9.267604124153955 0.0 9.267604124153955 0.0
57850.82055298611 9.302649654211628 0.0 9.302649654211628 0.0
57850.82055798611 9.34656558577058 0.0 9.34656558577058 0.0
57850.820562013876 9.399451120678126 0.0 9.399451120678126 0.0
57850.82056701389 9.461567812818299 0.0 9.461567812818299 0.0
57850.82057201389 9.533032780972178 0.0 9.533032780972178 0.0
57850.82057597221 9.614155386477 0.0 9.614155386477 0.0
57850.82058097222 9.705257013859498 0.0 9.705257013859498 0.0
57850.82058597222 9.806601649595635 0.0 9.806601649595635 0.0
57850.82058999999 9.918626003702327 0.0 9.918626003702327 0.0
57850.820595 9.870973243580874 0.0 9.870973243580874 0.0
57850.8206 9.657021471283862 0.0 9.657021471283862 0.0
57850.820604027766 9.483140349028488 0.0 9.483140349028488 0.0
57850.820609027774 9.347021797820116 0.0 9.347021797820116 0.0
57850.8206129861 9.246794026556165 0.0 9.246794026556165 0.0
57850.8206179861 9.18110512249403 0.0 9.18110512249403 0.0
57850.82062298611 9.149059899324074 0.0 9.149059899324074 0.0
57850.820627013876 9.150214171713957 0.0 9.150214171713957 0.0
57850.82063201388 9.184539552575181 0.0 9.184539552575181 0.0
57850.82063701389 9.252473472696023 0.0 9.252473472696023 0.0
57850.82064097221 9.30980351579124 0.0 9.30980351579124 0.0
57850.82064597221 9.308964792042168 0.0 9.308964792042168 0.0
57850.82064999999 9.314542949606905 0.0 9.314542949606905 0.0
57850.82065499999 9.32650321325899 0.0 9.32650321325899 0.0
57850.82066 9.344854935123687 0.0 9.344854935123687 0.0
57850.820664027764 9.253610742315322 0.0 9.253610742315322 0.0
57850.820669027766 9.284286193553525 0.0 9.284286193553525 0.0
57850.82067402777 9.321288254569355 0.0 9.321288254569355 0.0
57850.820677986114 9.364745161412102 0.0 9.364745161412102 0.0
57850.8206829861 9.414650486658683 0.0 9.414650486658683 0.0
57850.82068798611 9.420592650318346 0.0 9.420592650318346 0.0
57850.82069201388 9.344142597232985 0.0 9.344142597232985 0.0
57850.820697013885 9.321013485803492 0.0 9.321013485803492 0.0
57850.820700972225 9.354047911713549 0.0 9.354047911713549 0.0
57850.82070597222 9.445956071300666 0.0 9.445956071300666 0.0
57850.82071097221 9.599455514765326 0.0 9.599455514765326 0.0
57850.820715 9.817364095350362 0.0 9.817364095350362 0.0
57850.82071999999 10.102488032759615 0.0 10.102488032759615 0.0
57850.820725 10.457092346264925 0.0 10.457092346264925 0.0
57850.820729027764 10.882397381874048 0.0 10.882397381874048 0.0
57850.82073402778 11.196387687439262 0.0 11.196387687439262 0.0
57850.82073798611 10.910090936766439 0.0 10.910090936766439 0.0
57850.820742986114 10.648994031027733 0.0 10.648994031027733 0.0
57850.8207479861 10.413082538775432 0.0 10.413082538775432 0.0
57850.82075201389 10.20219422030588 0.0 10.20219422030588 0.0
57850.82075701388 10.0159678709547 0.0 10.0159678709547 0.0
57850.820762013886 9.854024933460687 0.0 9.854024933460687 0.0
57850.82076597221 9.715869271060612 0.0 9.715869271060612 0.0
57850.82077097222 9.601050245061309 0.0 9.601050245061309 0.0
57850.820775 9.50910853353431 0.0 9.50910853353431 0.0
57850.82078 9.43963273498187 0.0 9.43963273498187 0.0
57850.82078499999 9.392262412903353 0.0 9.392262412903353 0.0
57850.82078902778 9.366671877663224 0.0 9.366671877663224 0.0
57850.820794027764 9.362599756459039 0.0 9.362599756459039 0.0
57850.82079902778 9.379873244167031 0.0 9.379873244167031 0.0
57850.82080298611 9.418286545564634 0.0 9.418286545564634 0.0
57850.820807986114 9.23007404065077 0.0 9.23007404065077 0.0
57850.82081201389 9.092031536988804 0.0 9.092031536988804 0.0
57850.82081701389 9.006610796386003 0.0 9.006610796386003 0.0
57850.82082201388 8.972051858510357 0.0 8.972051858510357 0.0
57850.82082597221 8.98768328322226 0.0 8.98768328322226 0.0
57850.82083097221 9.053979607776085 0.0 9.053979607776085 0.0
57850.82183097221 9.053979607776085 0.0 9.053979607776085 0.0
