57850.827475000006 11.099315662875624 0.0 11.099315662875624 0.0
57850.828475 11.099315662875624 0.0 11.099315662875624 0.0
57850.828479027776 11.103876744954508 0.0 11.103876744954508 0.0
57850.82848402778 11.108442264817517 0.0 11.108442264817517 0.0
57850.82848798611 11.11305948004107 0.0 11.11305948004107 0.0
57850.82849298611 11.117678987569487 0.0 11.117678987569487 0.0
57850.8284979861 11.122352498773544 0.0 11.122352498773544 0.0
57850.82850201388 11.12704407209708 0.0 11.12704407209708 0.0
57850.82850701388 11.131772352646031 0.0 11.131772352646031 0.0
57850.828512013875 11.136528031816121 0.0 11.136528031816121 0.0
57850.82851597222 11.141297980196246 0.0 11.141297980196246 0.0
57850.82852097221 11.146123026946894 0.0 11.146123026946894 0.0
57850.82852499999 11.15096282535328 0.0 11.15096282535328 0.0
57850.82853 11.15582806783541 0.0 11.15582806783541 0.0
57850.828534999986 11.16072410804698 0.0 11.16072410804698 0.0
57850.82853902777 11.165651131488076 0.0 11.165651131488076 0.0
57850.828544027776 11.170610773933952 0.0 11.170610773933952 0.0
57850.82854902778 10.723680778113751 0.0 10.723680778113751 0.0
57850.8285529861 10.210454928161177 0.0 10.210454928161177 0.0
57850.82855798611 9.878343302680623 0.0 9.878343302680623 0.0
57850.82856201389 9.712279315581933 0.0 9.712279315581933 0.0
57850.82856701389 9.705964052381763 0.0 9.705964052381763 0.0
57850.828572013874 9.862568519660876 0.0 9.862568519660876 0.0
57850.82857597222 10.196225278341172 0.0 10.196225278341172 0.0
57850.82858097221 10.734919897409748 0.0 10.734919897409748 0.0
57850.82858597221 11.52547070212262 0.0 11.52547070212262 0.0
57850.82859 12.642758750940729 0.0 12.642758750940729 0.0
57850.828595 13.055649021483454 0.0 13.055649021483454 0.0
57850.828599999986 12.784622696186622 0.0 12.784622696186622 0.0
57850.82860402777 12.576693988574347 0.0 12.576693988574347 0.0
57850.828609027776 12.443215146639055 0.0 12.443215146639055 0.0
57850.8286129861 12.391895083993331 0.0 12.391895083993331 0.0
57850.8286179861 13.800892476932136 0.0 13.800892476932136 0.0
57850.8286229861 13.932887553276426 0.0 13.932887553276426 0.0
57850.82862701388 14.155318031609594 0.0 14.155318031609594 0.0
57850.82863201388 14.465041092066329 0.0 14.465041092066329 0.0
57850.82863701389 14.855579924706625 0.0 14.855579924706625 0.0
57850.82864097222 14.793609107810003 0.0 14.793609107810003 0.0
57850.82864597221 14.315829570127622 0.0 14.315829570127622 0.0
57850.82864999999 13.949978717308863 0.0 13.949978717308863 0.0
57850.82865499999 13.68742498521523 0.0 13.68742498521523 0.0
57850.82865999999 13.522046595561232 0.0 13.522046595561232 0.0
57850.828664027766 13.45005610275945 0.0 13.45005610275945 0.0
57850.82866902777 13.469767384103449 0.0 13.469767384103449 0.0
57850.82867402777 13.581506743878935 0.0 13.581506743878935 0.0
57850.8286779861 13.78766466967746 0.0 13.78766466967746 0.0
57850.82868298611 14.09259902545637 0.0 14.09259902545637 0.0
57850.828687013876 14.104387047360955 0.0 14.104387047360955 0.0
57850.828692013885 13.651884485576232 0.0 13.651884485576232 0.0
57850.82869701389 13.270506268203988 0.0 13.270506268203988 0.0
57850.82870097222 12.95469338092729 0.0 12.95469338092729 0.0
57850.82870597222 12.69979101870049 0.0 12.69979101870049 0.0
57850.82871097222 12.501878445893134 0.0 12.501878445893134 0.0
57850.828715 12.357787755715254 0.0 12.357787755715254 0.0
57850.82872 12.265025104854024 0.0 12.265025104854024 0.0
57850.828724999985 12.221613434165137 0.0 12.221613434165137 0.0
57850.82872902778 12.226152841361516 0.0 12.226152841361516 0.0
57850.828734027775 12.277729887214235 0.0 12.277729887214235 0.0
57850.8287379861 12.375793077627106 0.0 12.375793077627106 0.0
57850.82874298611 12.5202215189526 0.0 12.5202215189526 0.0
57850.82874798611 12.71117252516456 0.0 12.71117252516456 0.0
57850.82875201388 12.949143826946452 0.0 12.949143826946452 0.0
57850.828757013885 12.97929483641072 0.0 12.97929483641072 0.0
57850.82876201389 12.051148121850188 0.0 12.051148121850188 0.0
57850.82876597221 11.392602148855316 0.0 11.392602148855316 0.0
57850.82877097222 10.9583759888044 0.0 10.9583759888044 0.0
57850.828775 10.719751269256655 0.0 10.719751269256655 0.0
57850.82877999999 10.660857792655701 0.0 10.660857792655701 0.0
57850.828785 10.776266950493142 0.0 10.776266950493142 0.0
57850.828789027764 11.070155617432823 0.0 11.070155617432823 0.0
57850.828794027766 11.556206618733238 0.0 11.556206618733238 0.0
57850.828799027775 12.258573449975879 0.0 12.258573449975879 0.0
57850.8288029861 13.040289964482675 0.0 13.040289964482675 0.0
57850.8288079861 12.473757297397785 0.0 12.473757297397785 0.0
57850.82881298611 12.053197872880954 0.0 12.053197872880954 0.0
57850.82881701388 11.770473494282541 0.0 11.770473494282541 0.0
57850.828822013886 11.619191369500035 0.0 11.619191369500035 0.0
57850.82882597221 11.595642448204206 0.0 11.595642448204206 0.0
57850.82883097221 12.139990234886039 0.0 12.139990234886039 0.0
57850.82883597222 12.375996356942988 0.0 12.375996356942988 0.0
57850.82883999999 12.755003054266078 0.0 12.755003054266078 0.0
57850.828845 13.286344737950182 0.0 13.286344737950182 0.0
57850.82885 13.959353901584128 0.0 13.959353901584128 0.0
57850.828854027764 13.669821633478918 0.0 13.669821633478918 0.0
57850.82885902778 13.460629085676802 0.0 13.460629085676802 0.0
57850.82886298611 13.327225818788687 0.0 13.327225818788687 0.0
57850.8288679861 13.266312047383863 0.0 13.266312047383863 0.0
57850.8288729861 13.275877038730489 0.0 13.275877038730489 0.0
57850.828877013875 13.355072505894533 0.0 13.355072505894533 0.0
57850.82888201388 13.504113897460725 0.0 13.504113897460725 0.0
57850.828887013886 13.7242618047737 0.0 13.7242618047737 0.0
57850.82889097221 14.01781825860019 0.0 14.01781825860019 0.0
57850.82889597221 14.388079310889472 0.0 14.388079310889472 0.0
57850.8289 13.80454702764338 0.0 13.80454702764338 0.0
57850.82890499999 13.272628213822484 0.0 13.272628213822484 0.0
57850.82890999999 12.84817976148835 0.0 12.84817976148835 0.0
57850.82891402776 12.52224004281973 0.0 12.52224004281973 0.0
57850.828919027765 12.288000319962544 0.0 12.288000319962544 0.0
57850.828924027766 12.140783425864194 0.0 12.140783425864194 0.0
57850.82892798611 12.077769993098666 0.0 12.077769993098666 0.0
57850.828932986115 12.098159037380343 0.0 12.098159037380343 0.0
57850.82893701389 12.203000295366799 0.0 12.203000295366799 0.0
57850.828942013875 12.395343798631139 0.0 12.395343798631139 0.0
57850.82894701388 12.680368230065097 0.0 12.680368230065097 0.0
57850.82895097222 13.065565583211756 0.0 13.065565583211756 0.0
57850.82895597221 13.561084230474854 0.0 13.561084230474854 0.0
57850.82896097222 14.180179758271768 0.0 14.180179758271768 0.0
57850.828965 14.93954323372724 0.0 14.93954323372724 0.0
57850.82897 13.97907590001351 0.0 13.97907590001351 0.0
57850.82897499999 12.685166675456978 0.0 12.685166675456978 0.0
57850.82897902776 11.784185372374195 0.0 11.784185372374195 0.0
57850.828984027765 11.182274845086884 0.0 11.182274845086884 0.0
57850.82898798611 10.821989924182494 0.0 10.821989924182494 0.0
57850.8289929861 10.669758904469196 0.0 10.669758904469196 0.0
57850.828997986115 10.70894468475675 0.0 10.70894468475675 0.0
57850.82900201389 10.936546488338724 0.0 10.936546488338724 0.0
57850.82900701389 11.361769889142842 0.0 11.361769889142842 0.0
57850.82901201388 12.006438909825192 0.0 12.006438909825192 0.0
57850.829015972224 11.928528539340686 0.0 11.928528539340686 0.0
57850.82902097221 11.44558628675279 0.0 11.44558628675279 0.0
57850.829025 11.126532641919832 0.0 11.126532641919832 0.0
57850.82903 10.961989547921574 0.0 10.961989547921574 0.0
57850.829035 10.947639318434527 0.0 10.947639318434527 0.0
57850.829039027776 10.47143918075683 0.0 10.47143918075683 0.0
57850.82904402778 10.749599413874746 0.0 10.749599413874746 0.0
57850.829049027765 11.192562931104593 0.0 11.192562931104593 0.0
57850.82905298611 11.821357928411508 0.0 11.821357928411508 0.0
57850.8290579861 12.663720940892997 0.0 12.663720940892997 0.0
57850.82906298611 13.029445510673355 0.0 13.029445510673355 0.0
57850.82906701389 12.860725186404979 0.0 12.860725186404979 0.0
57850.82907201389 12.717559162882036 0.0 12.717559162882036 0.0
57850.82907597221 12.598712092280891 0.0 12.598712092280891 0.0
57850.829080972224 12.502996873789712 0.0 12.502996873789712 0.0
57850.82908597221 12.429379412512692 0.0 12.429379412512692 0.0
57850.82908999999 12.376853883771036 0.0 12.376853883771036 0.0
57850.82909499999 12.34451509636066 0.0 12.34451509636066 0.0
57850.8291 12.331511674644547 0.0 12.331511674644547 0.0
57850.829104027776 12.337027624891363 0.0 12.337027624891363 0.0
57850.82910902778 12.127451953717676 0.0 12.127451953717676 0.0
57850.8291129861 11.706461992420435 0.0 11.706461992420435 0.0
57850.8291179861 11.358085687930245 0.0 11.358085687930245 0.0
57850.8291229861 11.076420271406132 0.0 11.076420271406132 0.0
57850.82912701388 10.85674807942198 0.0 10.85674807942198 0.0
57850.82913201389 10.695395462553401 0.0 10.695395462553401 0.0
57850.82913701389 10.589680273263571 0.0 10.589680273263571 0.0
57850.82914097222 10.537774016622771 0.0 10.537774016622771 0.0
57850.82914597221 10.538693539840187 0.0 10.538693539840187 0.0
57850.82915 10.59224562640851 0.0 10.59224562640851 0.0
57850.829154999985 10.698932312143372 0.0 10.698932312143372 0.0
57850.82915999999 10.86003471643096 0.0 10.86003471643096 0.0
57850.82916402777 11.077487618573493 0.0 11.077487618573493 0.0
57850.82916902778 11.353855238104153 0.0 11.353855238104153 0.0
57850.82917402778 11.692355703076423 0.0 11.692355703076423 0.0
57850.8291779861 11.858097496597873 0.0 11.858097496597873 0.0
57850.8291829861 11.29938462787439 0.0 11.29938462787439 0.0
57850.829187013886 10.883531207393741 0.0 10.883531207393741 0.0
57850.82919201388 10.596933876776845 0.0 10.596933876776845 0.0
57850.82919701389 10.429973019253179 0.0 10.429973019253179 0.0
57850.82920097222 10.376882427600068 0.0 10.376882427600068 0.0
57850.82920597221 10.435535263770953 0.0 10.435535263770953 0.0
57850.82921097221 10.607361611512871 0.0 10.607361611512871 0.0
57850.829215 10.897523795795596 0.0 10.897523795795596 0.0
57850.829219999985 11.315059337787886 0.0 11.315059337787886 0.0
57850.829225 11.73512362087532 0.0 11.73512362087532 0.0
57850.82922902777 11.41431640894199 0.0 11.41431640894199 0.0
57850.82923402778 11.174596424309454 0.0 11.174596424309454 0.0
57850.8292379861 11.021901490089935 0.0 11.021901490089935 0.0
57850.8292429861 10.959390440740892 0.0 10.959390440740892 0.0
57850.8292479861 10.886013135075242 0.0 10.886013135075242 0.0
57850.82925201388 11.00521460491088 0.0 11.00521460491088 0.0
57850.82925701388 11.214069196850188 0.0 11.214069196850188 0.0
57850.829262013875 11.509357676549119 0.0 11.509357676549119 0.0
57850.82926597222 11.88427405786257 0.0 11.88427405786257 0.0
57850.82927097222 12.237552489909202 0.0 12.237552489909202 0.0
57850.82927499999 11.396605603117754 0.0 11.396605603117754 0.0
57850.82928 10.83396272018391 0.0 10.83396272018391 0.0
57850.829285 10.494675682675117 0.0 10.494675682675117 0.0
57850.829289027766 10.348826038846054 0.0 10.348826038846054 0.0
57850.829294027775 10.384609997957586 0.0 10.384609997957586 0.0
57850.82929902777 10.605852071667961 0.0 10.605852071667961 0.0
57850.82930298611 11.033035345550417 0.0 11.033035345550417 0.0
57850.829307986096 11.707887484242871 0.0 11.707887484242871 0.0
57850.82931201389 12.704143914313223 0.0 12.704143914313223 0.0
57850.829317013886 14.149729108402754 0.0 14.149729108402754 0.0
57850.82932201389 13.212496319011764 0.0 13.212496319011764 0.0
57850.82932597221 12.442983694930591 0.0 12.442983694930591 0.0
57850.829330972214 11.849267019276914 0.0 11.849267019276914 0.0
57850.82933597222 11.397738080453044 0.0 11.397738080453044 0.0
57850.82933999999 11.065102355223642 0.0 11.065102355223642 0.0
57850.82934499999 10.835415606655701 0.0 10.835415606655701 0.0
57850.829349999985 10.698022388188631 0.0 10.698022388188631 0.0
57850.82935402777 10.64647684829494 0.0 10.64647684829494 0.0
57850.829359027775 10.677826034671392 0.0 10.677826034671392 0.0
57850.8293629861 10.792230533409711 0.0 10.792230533409711 0.0
57850.8293679861 10.9928977386171 0.0 10.9928977386171 0.0
57850.829372986096 11.286556947617703 0.0 11.286556947617703 0.0
57850.82937701388 11.683741155788043 0.0 11.683741155788043 0.0
57850.82938201388 12.19990091837842 0.0 12.19990091837842 0.0
57850.82938701389 12.857022666589389 0.0 12.857022666589389 0.0
57850.82939097221 12.420598691879713 0.0 12.420598691879713 0.0
57850.82939597222 11.738427848843257 0.0 11.738427848843257 0.0
57850.8294 11.242319699648887 0.0 11.242319699648887 0.0
57850.82940499999 10.919726212639548 0.0 10.919726212639548 0.0
57850.82941 10.762914839490419 0.0 10.762914839490419 0.0
57850.829414027765 10.769764036104405 0.0 10.769764036104405 0.0
57850.82941902777 10.94460482899758 0.0 10.94460482899758 0.0
57850.829424027776 11.298676843961028 0.0 11.298676843961028 0.0
57850.82942798611 11.850791657011875 0.0 11.850791657011875 0.0
57850.82943298611 12.627023091837273 0.0 12.627023091837273 0.0
57850.829437013876 12.376149318704922 0.0 12.376149318704922 0.0
57850.82944201389 11.723506807627299 0.0 11.723506807627299 0.0
57850.829447013886 11.283852135757325 0.0 11.283852135757325 0.0
57850.829450972225 11.025147952359559 0.0 11.025147952359559 0.0
57850.82945597222 10.929353391058028 0.0 10.929353391058028 0.0
57850.82946097222 11.158082334855454 0.0 11.158082334855454 0.0
57850.82946499999 11.380983895364205 0.0 11.380983895364205 0.0
57850.82947 11.77923810613699 0.0 11.77923810613699 0.0
57850.829475 12.379262395051134 0.0 12.379262395051134 0.0
57850.829479027765 13.224179943910471 0.0 13.224179943910471 0.0
57850.82948402778 12.979434657206825 0.0 12.979434657206825 0.0
57850.82948798611 12.104302558974348 0.0 12.104302558974348 0.0
57850.8294929861 11.542146077096213 0.0 11.542146077096213 0.0
57850.82949798611 11.23514406693745 0.0 11.23514406693745 0.0
57850.82950201389 11.153262157991485 0.0 11.153262157991485 0.0
57850.82950701388 11.287819855510612 0.0 11.287819855510612 0.0
57850.82951201389 11.649787823113014 0.0 11.649787823113014 0.0
57850.82951597221 12.272028942722025 0.0 12.272028942722025 0.0
57850.82952097221 13.217162804293915 0.0 13.217162804293915 0.0
57850.829525 14.594115921364942 0.0 14.594115921364942 0.0
57850.82952999999 14.982806231850097 0.0 14.982806231850097 0.0
57850.82953499999 14.118848360783204 0.0 14.118848360783204 0.0
57850.82953902776 13.44766346700999 0.0 13.44766346700999 0.0
57850.829544027765 12.940690489984883 0.0 12.940690489984883 0.0
57850.829549027774 12.57808020306321 0.0 12.57808020306321 0.0
57850.82955298611 12.346634497361785 0.0 12.346634497361785 0.0
57850.82955798611 12.238779259005188 0.0 12.238779259005188 0.0
57850.82956201389 12.251809563256346 0.0 12.251809563256346 0.0
57850.82956701389 12.38781890732188 0.0 12.38781890732188 0.0
57850.82957201388 12.653834459716492 0.0 12.653834459716492 0.0
57850.829575972224 13.062639261309846 0.0 13.062639261309846 0.0
57850.82958097221 13.63389122727068 0.0 13.63389122727068 0.0
57850.82958597222 14.396170080010211 0.0 14.396170080010211 0.0
57850.82959 15.389919745016618 0.0 15.389919745016618 0.0
57850.829595 16.671955276127303 0.0 16.671955276127303 0.0
57850.82959999999 16.97285633277656 0.0 16.97285633277656 0.0
57850.82960402778 14.389964904860834 0.0 14.389964904860834 0.0
57850.829609027765 12.676078416931361 0.0 12.676078416931361 0.0
57850.82961298611 11.520082451293677 0.0 11.520082451293677 0.0
57850.8296179861 10.752773212623762 0.0 10.752773212623762 0.0
57850.82962298611 10.277668533027434 0.0 10.277668533027434 0.0
57850.82962701389 10.039716282043965 0.0 10.039716282043965 0.0
57850.82963201389 10.010202999251906 0.0 10.010202999251906 0.0
57850.82963701388 10.179288435129386 0.0 10.179288435129386 0.0
57850.829640972224 10.55319315468257 0.0 10.55319315468257 0.0
57850.82964597221 10.981500925668971 0.0 10.981500925668971 0.0
57850.829649999985 10.743970439453243 0.0 10.743970439453243 0.0
57850.829655 10.543486193684629 0.0 10.543486193684629 0.0
57850.82966 10.385773232962903 0.0 10.385773232962903 0.0
57850.82966402777 10.274321318114232 0.0 10.274321318114232 0.0
57850.82966902778 10.05301593900621 0.0 10.05301593900621 0.0
57850.829674027766 10.037619659797524 0.0 10.037619659797524 0.0
57850.8296779861 10.06915965802588 0.0 10.06915965802588 0.0
57850.8296829861 10.144327566615566 0.0 10.144327566615566 0.0
57850.82968798611 10.258040141956638 0.0 10.258040141956638 0.0
57850.82969201389 10.379007022710006 0.0 10.379007022710006 0.0
57850.82969701389 10.298035764974683 0.0 10.298035764974683 0.0
57850.82970097222 10.225970674494302 0.0 10.225970674494302 0.0
57850.82970597221 10.162567896346022 0.0 10.162567896346022 0.0
57850.82971097222 10.107600789852397 0.0 10.107600789852397 0.0
57850.829714999985 10.060946898538772 0.0 10.060946898538772 0.0
57850.82971999999 10.022424175531265 0.0 10.022424175531265 0.0
57850.829725 9.991960596914604 0.0 9.991960596914604 0.0
57850.82972902778 9.969452990574535 0.0 9.969452990574535 0.0
57850.829734027764 9.954833333581497 0.0 9.954833333581497 0.0
57850.82973798611 9.942006603252056 0.0 9.942006603252056 0.0
57850.8297429861 9.674188637167623 0.0 9.674188637167623 0.0
57850.8297479861 9.478999508938132 0.0 9.478999508938132 0.0
57850.82975201388 9.351376094949487 0.0 9.351376094949487 0.0
57850.82975701389 9.288128776145511 0.0 9.288128776145511 0.0
57850.82976201388 9.287906348843359 0.0 9.287906348843359 0.0
57850.82976597222 9.351031479262794 0.0 9.351031479262794 0.0
57850.82977097221 9.479701101000654 0.0 9.479701101000654 0.0
57850.829775 9.678016259389604 0.0 9.678016259389604 0.0
57850.829779999985 9.952260006611041 0.0 9.952260006611041 0.0
57850.82978499999 10.311414448436379 0.0 10.311414448436379 0.0
57850.82978902777 10.767582004415754 0.0 10.767582004415754 0.0
57850.82979402778 11.336898747646822 0.0 11.336898747646822 0.0
57850.829799027764 12.040503130468306 0.0 12.040503130468306 0.0
57850.82980298611 12.905747659597395 0.0 12.905747659597395 0.0
57850.8298079861 13.967487826889728 0.0 13.967487826889728 0.0
57850.8298129861 13.422088150398901 0.0 13.422088150398901 0.0
57850.82981701388 12.664125063472593 0.0 12.664125063472593 0.0
57850.829822013875 12.186112001632903 0.0 12.186112001632903 0.0
57850.829825972214 11.964544832176136 0.0 11.964544832176136 0.0
57850.82983097222 11.991473178734458 0.0 11.991473178734458 0.0
57850.829835972225 12.275688528066876 0.0 12.275688528066876 0.0
57850.82984 12.84577741518033 0.0 12.84577741518033 0.0
57850.829844999986 13.755450601933372 0.0 13.755450601933372 0.0
57850.82984999999 15.093721053630878 0.0 15.093721053630878 0.0
57850.82985402777 17.001790537403828 0.0 17.001790537403828 0.0
57850.82985902778 15.852865973837478 0.0 15.852865973837478 0.0
57850.82986298611 13.953327045786075 0.0 13.953327045786075 0.0
57850.82986798611 12.671215752717238 0.0 12.671215752717238 0.0
57850.82987298611 11.825487924963582 0.0 11.825487924963582 0.0
57850.829877013886 11.313103133094419 0.0 11.313103133094419 0.0
57850.82988201388 11.152189243982832 0.0 11.152189243982832 0.0
57850.82988701389 11.176059753298837 0.0 11.176059753298837 0.0
57850.82989097221 11.451159154688566 0.0 11.451159154688566 0.0
57850.82989597222 12.00305459877237 0.0 12.00305459877237 0.0
57850.82989999999 12.888499956870492 0.0 12.888499956870492 0.0
57850.829905 13.10428517237843 0.0 13.10428517237843 0.0
57850.82991 12.815418315288234 0.0 12.815418315288234 0.0
57850.82991402778 12.618117956312991 0.0 12.618117956312991 0.0
57850.829919027776 12.507406022965949 0.0 12.507406022965949 0.0
57850.82992402776 12.47907940532074 0.0 12.47907940532074 0.0
57850.8299279861 12.529525994355323 0.0 12.529525994355323 0.0
57850.8299329861 12.655469601977712 0.0 12.655469601977712 0.0
57850.82993701388 12.853520417063162 0.0 12.853520417063162 0.0
57850.82994201389 13.119687432925897 0.0 13.119687432925897 0.0
57850.82994701389 13.448683899259269 0.0 13.448683899259269 0.0
57850.82995097221 13.14080017870492 0.0 13.14080017870492 0.0
57850.82995597221 12.396256072810028 0.0 12.396256072810028 0.0
57850.82996097222 11.806453023141506 0.0 11.806453023141506 0.0
57850.829965 11.345860763058743 0.0 11.345860763058743 0.0
57850.82996999999 10.996003399424085 0.0 10.996003399424085 0.0
57850.829974999986 10.743837298339736 0.0 10.743837298339736 0.0
57850.829979027774 10.580417826573665 0.0 10.580417826573665 0.0
57850.82998402777 10.500265093604849 0.0 10.500265093604849 0.0
57850.8299879861 10.50078828337739 0.0 10.50078828337739 0.0
57850.82999298611 10.582248687884023 0.0 10.582248687884023 0.0
57850.82999798611 10.747659802073585 0.0 10.747659802073585 0.0
57850.83000201388 11.003149335572077 0.0 11.003149335572077 0.0
57850.83000701388 11.358457288190673 0.0 11.358457288190673 0.0
57850.83001201389 11.827905842012294 0.0 11.827905842012294 0.0
57850.83001597222 12.431831397304316 0.0 12.431831397304316 0.0
57850.83002097221 12.597960449414801 0.0 12.597960449414801 0.0
57850.830025 11.601993778891298 0.0 11.601993778891298 0.0
57850.83003 10.841491575200362 0.0 10.841491575200362 0.0
57850.830035 10.277098726712277 0.0 10.277098726712277 0.0
57850.830039027765 9.878177371517722 0.0 9.878177371517722 0.0
57850.830044027774 9.622271018069359 0.0 9.622271018069359 0.0
57850.830049027776 9.493762995186897 0.0 9.493762995186897 0.0
57850.8300529861 9.48273291451844 0.0 9.48273291451844 0.0
57850.8300579861 9.583722217992808 0.0 9.583722217992808 0.0
57850.83006201389 9.795001872100206 0.0 9.795001872100206 0.0
57850.83006701388 9.980417492517324 0.0 9.980417492517324 0.0
57850.83007201389 9.743651309686102 0.0 9.743651309686102 0.0
57850.83007597222 9.548009277651982 0.0 9.548009277651982 0.0
57850.83008097221 9.400744519288745 0.0 9.400744519288745 0.0
57850.83008597221 9.306449972101767 0.0 9.306449972101767 0.0
57850.83008999999 9.26772360920043 0.0 9.26772360920043 0.0
57850.83009499999 9.351084118511533 0.0 9.351084118511533 0.0
57850.83009999999 9.429175803719017 0.0 9.429175803719017 0.0
57850.830104027766 9.563681395309533 0.0 9.563681395309533 0.0
57850.83010902777 9.75133604438739 0.0 9.75133604438739 0.0
57850.830112986114 9.920420512311342 0.0 9.920420512311342 0.0
57850.8301179861 9.729767200250654 0.0 9.729767200250654 0.0
57850.8301229861 9.594042981933194 0.0 9.594042981933194 0.0
57850.83012701389 9.518299262058258 0.0 9.518299262058258 0.0
57850.83013201388 9.506350938571199 0.0 9.506350938571199 0.0
57850.83013701389 9.561225307179871 0.0 9.561225307179871 0.0
57850.83014097221 9.685365859216914 0.0 9.685365859216914 0.0
57850.83014597222 9.880756157569666 0.0 9.880756157569666 0.0
57850.83014999999 10.148672255376427 0.0 10.148672255376427 0.0
57850.830155 10.48939735304096 0.0 10.48939735304096 0.0
57850.83016 10.849868534471707 0.0 10.849868534471707 0.0
57850.830164027764 10.483357863923635 0.0 10.483357863923635 0.0
57850.830169027766 10.196580234383234 0.0 10.196580234383234 0.0
57850.830174027775 9.982221236938686 0.0 9.982221236938686 0.0
57850.830177986114 9.835048970082525 0.0 9.835048970082525 0.0
57850.83018298611 9.751624740268154 0.0 9.751624740268154 0.0
57850.83018798611 9.730085074255305 0.0 9.730085074255305 0.0
57850.83019201388 9.770129583282413 0.0 9.770129583282413 0.0
57850.830197013885 9.873014214566355 0.0 9.873014214566355 0.0
57850.830200972225 10.041613564791698 0.0 10.041613564791698 0.0
57850.83020597221 10.280636258189393 0.0 10.280636258189393 0.0
57850.83021097222 10.59691376307174 0.0 10.59691376307174 0.0
57850.830215 10.999847072346194 0.0 10.999847072346194 0.0
57850.83022 11.502053900270397 0.0 11.502053900270397 0.0
57850.830225 12.120312428644121 0.0 12.120312428644121 0.0
57850.83022902778 12.877045904975605 0.0 12.877045904975605 0.0
57850.830234027766 11.964560799666492 0.0 11.964560799666492 0.0
57850.8302379861 11.035387993734417 0.0 11.035387993734417 0.0
57850.8302429861 10.41722371181842 0.0 10.41722371181842 0.0
57850.83024798611 10.04815685434442 0.0 10.04815685434442 0.0
57850.83025201389 9.894022545662024 0.0 9.894022545662024 0.0
57850.83025701389 9.94069373718113 0.0 9.94069373718113 0.0
57850.830262013886 10.191314535348647 0.0 10.191314535348647 0.0
57850.83026597221 10.666506966817499 0.0 10.666506966817499 0.0
57850.83027097221 11.408480994700943 0.0 11.408480994700943 0.0
57850.830274999986 12.489758298756149 0.0 12.489758298756149 0.0
57850.83028 11.992718509881009 0.0 11.992718509881009 0.0
57850.830285 11.164978575170494 0.0 11.164978575170494 0.0
57850.83028902778 10.623498999600205 0.0 10.623498999600205 0.0
57850.830294027764 10.315272298668777 0.0 10.315272298668777 0.0
57850.83029902778 10.211357929446402 0.0 10.211357929446402 0.0
57850.8303029861 10.863750821029125 0.0 10.863750821029125 0.0
57850.8303079861 11.170008408277702 0.0 11.170008408277702 0.0
57850.8303129861 11.707057031205256 0.0 11.707057031205256 0.0
57850.83031701389 12.515665338653244 0.0 12.515665338653244 0.0
57850.83032201388 13.660887330536287 0.0 13.660887330536287 0.0
57850.83032597222 13.387313354313365 0.0 13.387313354313365 0.0
57850.83033097221 12.488960013396335 0.0 12.488960013396335 0.0
57850.83033597221 11.847983642316825 0.0 11.847983642316825 0.0
57850.830339999986 11.430108736336338 0.0 11.430108736336338 0.0
57850.83034499999 11.212597572954667 0.0 11.212597572954667 0.0
57850.83034999999 11.18348863667565 0.0 11.18348863667565 0.0
57850.83035402778 11.341031782768988 0.0 11.341031782768988 0.0
57850.830359027765 11.693828660708226 0.0 11.693828660708226 0.0
57850.83036298611 12.261373984624514 0.0 12.261373984624514 0.0
57850.8303679861 13.075666794380908 0.0 13.075666794380908 0.0
57850.8303729861 13.14415707848503 0.0 13.14415707848503 0.0
57850.83037701388 12.608106873864683 0.0 12.608106873864683 0.0
57850.83038201389 12.165504832982045 0.0 12.165504832982045 0.0
57850.83038701388 11.80811903495574 0.0 11.80811903495574 0.0
57850.83039097222 11.529164285534854 0.0 11.529164285534854 0.0
57850.830395972225 11.323252456009968 0.0 11.323252456009968 0.0
57850.8304 11.186317652290336 0.0 11.186317652290336 0.0
57850.830404999986 11.115481872673074 0.0 11.115481872673074 0.0
57850.83040999999 11.109039923684596 0.0 11.109039923684596 0.0
57850.83041402777 11.166350466867364 0.0 11.166350466867364 0.0
57850.83041902778 11.287767170501484 0.0 11.287767170501484 0.0
57850.830424027765 11.47464503288954 0.0 11.47464503288954 0.0
57850.83042798611 11.729217573096337 0.0 11.729217573096337 0.0
57850.83043298611 12.054622119737314 0.0 12.054622119737314 0.0
57850.8304379861 12.454694922698511 0.0 12.454694922698511 0.0
57850.830442013874 12.451460294754614 0.0 12.451460294754614 0.0
57850.830447013876 11.718852315105904 0.0 11.718852315105904 0.0
57850.83045097222 11.21743623753903 0.0 11.21743623753903 0.0
57850.830455972224 10.913642549474954 0.0 10.913642549474954 0.0
57850.830460972225 10.78807366756506 0.0 10.78807366756506 0.0
57850.830465 10.83269202175933 0.0 10.83269202175933 0.0
57850.83047 11.050032645949125 0.0 11.050032645949125 0.0
57850.83047499999 11.453174891227032 0.0 11.453174891227032 0.0
57850.830479027776 12.067645787527308 0.0 12.067645787527308 0.0
57850.83048402778 12.934749134153273 0.0 12.934749134153273 0.0
57850.8304879861 13.564705635237221 0.0 13.564705635237221 0.0
57850.83049298611 12.886274708854723 0.0 12.886274708854723 0.0
57850.83049798611 12.404079236493791 0.0 12.404079236493791 0.0
57850.83050201389 12.103304527649001 0.0 12.103304527649001 0.0
57850.83050701389 11.973351874765207 0.0 11.973351874765207 0.0
57850.830512013876 11.39580750623267 0.0 11.39580750623267 0.0
57850.83051597221 11.587935217768713 0.0 11.587935217768713 0.0
57850.830520972224 11.950152669756008 0.0 11.950152669756008 0.0
57850.83052499999 12.497818750063253 0.0 12.497818750063253 0.0
57850.83052999999 13.252200503526435 0.0 13.252200503526435 0.0
57850.830535 13.755219903715453 0.0 13.755219903715453 0.0
57850.83053902777 12.454324018217726 0.0 12.454324018217726 0.0
57850.830544027776 11.548930447916254 0.0 11.548930447916254 0.0
57850.83054902776 10.94485543069334 0.0 10.94485543069334 0.0
57850.8305529861 10.585188394616257 0.0 10.585188394616257 0.0
57850.8315529861 10.585188394616257 0.0 10.585188394616257 0.0
