57850.83233611112 14.44064604041371 0.0 14.44064604041371 0.0
57850.833336111114 14.44064604041371 0.0 14.44064604041371 0.0
57850.83345333333 9.66052826980041 0.0 9.66052826980041 0.0
57850.833499999986 12.151198002798976 0.0 12.151198002798976 0.0
57850.833546666654 15.837684744447849 0.0 15.837684744447849 0.0
57850.83366388888 9.011283249707093 0.0 9.011283249707093 0.0
57850.83371055555 10.49285471165974 0.0 10.49285471165974 0.0
57850.83375722222 10.608730427827947 0.0 10.608730427827947 0.0
57850.83392111111 13.498148021117565 0.0 13.498148021117565 0.0
57850.83396777777 11.209730795881274 0.0 11.209730795881274 0.0
57850.834085 12.954759992049752 0.0 12.954759992049752 0.0
57850.83413166667 10.64455032459818 0.0 10.64455032459818 0.0
57850.83417833332 10.2313559786223 0.0 10.2313559786223 0.0
57850.83429555554 10.589252006847138 0.0 10.589252006847138 0.0
57850.83434222221 10.452503944494708 0.0 10.452503944494708 0.0
57850.83438888889 9.39388957196765 0.0 9.39388957196765 0.0
57850.8345061111 8.77551579221158 0.0 8.77551579221158 0.0
57850.834552777764 9.414299350353403 0.0 9.414299350353403 0.0
57850.834599444446 9.556116095920439 0.0 9.556116095920439 0.0
57850.83471666666 8.774780578085606 0.0 8.774780578085606 0.0
57850.83476333333 9.680875726849802 0.0 9.680875726849802 0.0
57850.83481 10.78738809608164 0.0 10.78738809608164 0.0
57850.83492722221 12.748434438987452 0.0 12.748434438987452 0.0
57850.83497388888 11.897817636698296 0.0 11.897817636698296 0.0
57850.83502055555 10.892139811690784 0.0 10.892139811690784 0.0
57850.83513777778 11.273720512481601 0.0 11.273720512481601 0.0
57850.83518444445 13.380052557879319 0.0 13.380052557879319 0.0
57850.83534833332 9.035235684306622 0.0 9.035235684306622 0.0
57850.835395 9.791701555645918 0.0 9.791701555645918 0.0
57850.835441666655 12.088250760619292 0.0 12.088250760619292 0.0
57850.83555888889 8.496868493365564 0.0 8.496868493365564 0.0
57850.835605555556 9.166031258525036 0.0 9.166031258525036 0.0
57850.835652222224 10.133305036746004 0.0 10.133305036746004 0.0
57850.83576944444 9.328416523650178 0.0 9.328416523650178 0.0
57850.83581611111 9.537362859961899 0.0 9.537362859961899 0.0
57850.83586277776 10.06767423569759 0.0 10.06767423569759 0.0
57850.83598 8.571897068609651 0.0 8.571897068609651 0.0
57850.836026666664 9.515352620048876 0.0 9.515352620048876 0.0
57850.836073333325 8.965525370065624 0.0 8.965525370065624 0.0
57850.83619055554 9.248888337733945 0.0 9.248888337733945 0.0
57850.836237222225 9.454304361915895 0.0 9.454304361915895 0.0
57850.83628388888 9.24086296766145 0.0 9.24086296766145 0.0
57850.83640111111 8.493450987520877 0.0 8.493450987520877 0.0
57850.83644777778 8.727043618693598 0.0 8.727043618693598 0.0
57850.83649444445 9.195721305182134 0.0 9.195721305182134 0.0
57850.83661166666 8.568321249361398 0.0 8.568321249361398 0.0
57850.83665833333 8.804507643174018 0.0 8.804507643174018 0.0
57850.83670499999 9.136421265921744 0.0 9.136421265921744 0.0
57850.83682222221 9.432100303168548 0.0 9.432100303168548 0.0
57850.83686888889 9.282310613343029 0.0 9.282310613343029 0.0
57850.836915555556 9.277444030654967 0.0 9.277444030654967 0.0
57850.83703277777 9.526533404637672 0.0 9.526533404637672 0.0
57850.837079444434 9.765475724665555 0.0 9.765475724665555 0.0
57850.83712611111 10.307842301045635 0.0 10.307842301045635 0.0
57850.83724333332 8.598011773172498 0.0 8.598011773172498 0.0
57850.83729 8.565308875284783 0.0 8.565308875284783 0.0
57850.837336666664 8.901975134222887 0.0 8.901975134222887 0.0
57850.837453888875 11.051346436725078 0.0 11.051346436725078 0.0
57850.83958611111 8.480527981128867 0.0 8.480527981128867 0.0
57850.83970333333 8.385278959331435 0.0 8.385278959331435 0.0
57850.83974999999 8.605137250315895 0.0 8.605137250315895 0.0
57850.83979666665 9.092712431108701 0.0 9.092712431108701 0.0
57850.83991388888 9.192212693010774 0.0 9.192212693010774 0.0
57850.839960555546 10.15905761441007 0.0 10.15905761441007 0.0
57850.84000722222 9.48241156205836 0.0 9.48241156205836 0.0
57850.84012444445 14.827720334649579 0.0 14.827720334649579 0.0
57850.840171111115 12.395368541932209 0.0 12.395368541932209 0.0
57850.84021777777 10.668464230256296 0.0 10.668464230256296 0.0
57850.840335 8.692228638828906 0.0 8.692228638828906 0.0
57850.84038166667 8.490412049729597 0.0 8.490412049729597 0.0
57850.84042833332 8.669933214015197 0.0 8.669933214015197 0.0
57850.84054555555 8.345947442302608 0.0 8.345947442302608 0.0
57850.84059222221 8.286405501122443 0.0 8.286405501122443 0.0
57850.84063888889 8.702428285514115 0.0 8.702428285514115 0.0
57850.8407561111 9.396293023349429 0.0 9.396293023349429 0.0
57850.84080277777 9.136421265921744 0.0 9.136421265921744 0.0
57850.840849444445 9.581904989395712 0.0 9.581904989395712 0.0
57850.840966666656 8.870029275872698 0.0 8.870029275872698 0.0
57850.84101333333 9.066599462116523 0.0 9.066599462116523 0.0
57850.84106 9.64281447336523 0.0 9.64281447336523 0.0
57850.84117722221 9.485472763567827 0.0 9.485472763567827 0.0
57850.84122388888 9.610645978758779 0.0 9.610645978758779 0.0
57850.841270555546 9.550713535242174 0.0 9.550713535242174 0.0
57850.84138777778 9.088454214001409 0.0 9.088454214001409 0.0
57850.841434444446 9.591999354300606 0.0 9.591999354300606 0.0
57850.841481111114 10.270534113070358 0.0 10.270534113070358 0.0
57850.841598333325 8.611133078940645 0.0 8.611133078940645 0.0
57850.841645 8.769816270558628 0.0 8.769816270558628 0.0
57850.841691666654 9.085791814873694 0.0 9.085791814873694 0.0
57850.84180888889 9.490742518285233 0.0 9.490742518285233 0.0
57850.841855555555 9.327897802793235 0.0 9.327897802793235 0.0
57850.84190222222 9.455839636214568 0.0 9.455839636214568 0.0
57850.84201944445 10.755493720015382 0.0 10.755493720015382 0.0
57850.84206611111 10.926587874567483 0.0 10.926587874567483 0.0
57850.84211277777 10.66574256749754 0.0 10.66574256749754 0.0
57850.84223 11.419846900278761 0.0 11.419846900278761 0.0
57850.84227666667 9.730066471940832 0.0 9.730066471940832 0.0
57850.84232333332 9.601579171190807 0.0 9.601579171190807 0.0
57850.84244055554 9.21779485210448 0.0 9.21779485210448 0.0
57850.842487222224 9.869960943806111 0.0 9.869960943806111 0.0
57850.84253388888 9.828694003093778 0.0 9.828694003093778 0.0
57850.84265111111 9.304872119555988 0.0 9.304872119555988 0.0
57850.84269777778 8.64571495579019 0.0 8.64571495579019 0.0
57850.842744444446 8.6691890456765 0.0 8.6691890456765 0.0
57850.84286166666 8.598574525522688 0.0 8.598574525522688 0.0
57850.84290833333 9.267877231982347 0.0 9.267877231982347 0.0
57850.842954999986 9.862768046972771 0.0 9.862768046972771 0.0
57850.84307222221 8.862570805941273 0.0 8.862570805941273 0.0
57850.843118888886 9.255338476932145 0.0 9.255338476932145 0.0
57850.843165555554 9.304352086090438 0.0 9.304352086090438 0.0
57850.843282777765 8.669561137830488 0.0 8.669561137830488 0.0
57850.84332944443 8.640116486669946 0.0 8.640116486669946 0.0
57850.84337611111 8.515829662382266 0.0 8.515829662382266 0.0
57850.84349333332 9.643148997119413 0.0 9.643148997119413 0.0
57850.84354 11.23186710701642 0.0 11.23186710701642 0.0
57850.84358666667 12.935198291433714 0.0 12.935198291433714 0.0
57850.84370388888 10.229148736379178 0.0 10.229148736379178 0.0
57850.84583611111 8.533047710273655 0.0 8.533047710273655 0.0
57850.84595333333 8.533425738746995 0.0 8.533425738746995 0.0
57850.84599999999 8.82024796667012 0.0 8.82024796667012 0.0
57850.84604666666 9.05413824473863 0.0 9.05413824473863 0.0
57850.84616388888 9.032914722673782 0.0 9.032914722673782 0.0
57850.846210555545 9.648834126463155 0.0 9.648834126463155 0.0
57850.84625722222 10.975926737270775 0.0 10.975926737270775 0.0
57850.846374444445 8.757485277583786 0.0 8.757485277583786 0.0
57850.84642111111 8.91555364372811 0.0 8.91555364372811 0.0
57850.84646777777 10.037831664066152 0.0 10.037831664066152 0.0
57850.846585 9.064998265216992 0.0 9.064998265216992 0.0
57850.84663166667 9.08827674499123 0.0 9.08827674499123 0.0
57850.84667833332 9.189580354769971 0.0 9.189580354769971 0.0
57850.846795555546 8.8693018963745 0.0 8.8693018963745 0.0
57850.846842222214 8.696495400910905 0.0 8.696495400910905 0.0
57850.84688888889 8.748456084988238 0.0 8.748456084988238 0.0
57850.8470061111 9.968660569423912 0.0 9.968660569423912 0.0
57850.84705277777 9.97626214830048 0.0 9.97626214830048 0.0
57850.84709944444 10.341117428857451 0.0 10.341117428857451 0.0
57850.847216666654 10.023359812731652 0.0 10.023359812731652 0.0
57850.84726333334 10.78679000952913 0.0 10.78679000952913 0.0
57850.84731 11.09402629142543 0.0 11.09402629142543 0.0
57850.84742722221 8.663605745654001 0.0 8.663605745654001 0.0
57850.847473888876 8.608885132571258 0.0 8.608885132571258 0.0
57850.847520555544 8.847452704300753 0.0 8.847452704300753 0.0
57850.84763777778 9.550206888486931 0.0 9.550206888486931 0.0
57850.847684444445 8.639556440227182 0.0 8.639556440227182 0.0
57850.84773111111 9.441329868054572 0.0 9.441329868054572 0.0
57850.847848333324 10.418965337771185 0.0 10.418965337771185 0.0
57850.847895 10.28716707610083 0.0 10.28716707610083 0.0
57850.84794166665 10.16112135036159 0.0 10.16112135036159 0.0
57850.84805888889 8.564932254030328 0.0 8.564932254030328 0.0
57850.84810555555 8.527942685760319 0.0 8.527942685760319 0.0
57850.84815222222 8.54513632651403 0.0 8.54513632651403 0.0
57850.84826944445 9.42799537410756 0.0 9.42799537410756 0.0
57850.848316111114 9.354143466934852 0.0 9.354143466934852 0.0
57850.84836277777 9.953277949272985 0.0 9.953277949272985 0.0
57850.84848 10.048110077473886 0.0 10.048110077473886 0.0
57850.84852666667 9.925529156284718 0.0 9.925529156284718 0.0
57850.84857333332 9.898354376099025 0.0 9.898354376099025 0.0
57850.84869055555 9.83164738599695 0.0 9.83164738599695 0.0
57850.84873722222 10.37506315565698 0.0 10.37506315565698 0.0
57850.848783888876 8.951121753454215 0.0 8.951121753454215 0.0
57850.84890111111 10.153658168047041 0.0 10.153658168047041 0.0
57850.84894777778 10.69338052707254 0.0 10.69338052707254 0.0
57850.848994444445 11.65041879352481 0.0 11.65041879352481 0.0
57850.849111666656 9.009314176755291 0.0 9.009314176755291 0.0
57850.84915833333 9.260565021429795 0.0 9.260565021429795 0.0
57850.84920499999 9.725423947969668 0.0 9.725423947969668 0.0
57850.84932222221 10.673149911448734 0.0 10.673149911448734 0.0
57850.84936888889 11.746928218927923 0.0 11.746928218927923 0.0
57850.849532777764 8.907409021925005 0.0 8.907409021925005 0.0
57850.84957944443 9.823769725156591 0.0 9.823769725156591 0.0
57850.849626111114 12.543472791751867 0.0 12.543472791751867 0.0
57850.849743333325 11.144071185192832 0.0 11.144071185192832 0.0
57850.84979 12.139511602016114 0.0 12.139511602016114 0.0
57850.84983666667 12.372706695292747 0.0 12.372706695292747 0.0
57850.84995388888 8.946796146684163 0.0 8.946796146684163 0.0
57850.85208611111 11.803908592687261 0.0 11.803908592687261 0.0
57850.852203333336 15.784128410445074 0.0 15.784128410445074 0.0
57850.852413888875 9.478158253108445 0.0 9.478158253108445 0.0
57850.85246055554 9.29810941588006 0.0 9.29810941588006 0.0
57850.852507222226 9.035949706410179 0.0 9.035949706410179 0.0
57850.852624444444 9.358453139343613 0.0 9.358453139343613 0.0
57850.85267111111 9.843615910505063 0.0 9.843615910505063 0.0
57850.852717777765 9.931702254770796 0.0 9.931702254770796 0.0
57850.852835 9.437399860609501 0.0 9.437399860609501 0.0
57850.852881666666 10.76958081671436 0.0 10.76958081671436 0.0
57850.85292833332 13.613679078945417 0.0 13.613679078945417 0.0
57850.853045555545 9.573484888128554 0.0 9.573484888128554 0.0
57850.85309222221 9.646995186535145 0.0 9.646995186535145 0.0
57850.85313888889 10.52339942622492 0.0 10.52339942622492 0.0
57850.8532561111 9.222867792751918 0.0 9.222867792751918 0.0
57850.85330277777 9.684207296817945 0.0 9.684207296817945 0.0
57850.85334944444 13.07867015041001 0.0 13.07867015041001 0.0
57850.85346666665 12.731976508243 0.0 12.731976508243 0.0
57850.853677222214 12.078907235342113 0.0 12.078907235342113 0.0
57850.853723888875 11.53466025060011 0.0 11.53466025060011 0.0
57850.85377055554 11.760513484510566 0.0 11.760513484510566 0.0
57850.853887777776 9.698353701331428 0.0 9.698353701331428 0.0
57850.85393444444 10.670731752276048 0.0 10.670731752276048 0.0
57850.85398111111 12.182748246545591 0.0 12.182748246545591 0.0
57850.85409833332 12.572756004487923 0.0 12.572756004487923 0.0
57850.854145 11.972818678021238 0.0 11.972818678021238 0.0
57850.85419166666 11.209011351759395 0.0 11.209011351759395 0.0
57850.85430888889 9.893138710661399 0.0 9.893138710661399 0.0
57850.85435555556 10.024647045512214 0.0 10.024647045512214 0.0
57850.85440222222 10.239865170483323 0.0 10.239865170483323 0.0
57850.854519444445 11.831341646714895 0.0 11.831341646714895 0.0
57850.85456611111 11.28029969860387 0.0 11.28029969860387 0.0
57850.854612777766 10.30361665285701 0.0 10.30361665285701 0.0
57850.85473 10.21084180283784 0.0 10.21084180283784 0.0
57850.85477666667 9.502800945324047 0.0 9.502800945324047 0.0
57850.85482333332 9.093954035511727 0.0 9.093954035511727 0.0
57850.854940555546 8.846723468552199 0.0 8.846723468552199 0.0
57850.85498722222 8.851097981825246 0.0 8.851097981825246 0.0
57850.855033888874 9.392344171305588 0.0 9.392344171305588 0.0
57850.855151111115 8.828107604179264 0.0 8.828107604179264 0.0
57850.855197777775 8.672165335883722 0.0 8.672165335883722 0.0
57850.85524444444 8.819150716187963 0.0 8.819150716187963 0.0
57850.855361666654 11.309716062720357 0.0 11.309716062720357 0.0
57850.85540833334 15.303488954926207 0.0 15.303488954926207 0.0
57850.85557222221 9.375155912682027 0.0 9.375155912682027 0.0
57850.85561888889 9.960405484685593 0.0 9.960405484685593 0.0
57850.85566555556 10.241597657623794 0.0 10.241597657623794 0.0
57850.85578277777 9.12211067822609 0.0 9.12211067822609 0.0
57850.85582944443 9.546828556325444 0.0 9.546828556325444 0.0
57850.85587611111 10.140783198104954 0.0 10.140783198104954 0.0
57850.85599333332 9.18589381395683 0.0 9.18589381395683 0.0
57850.85604 9.114858482790082 0.0 9.114858482790082 0.0
57850.85608666667 9.365861137061005 0.0 9.365861137061005 0.0
57850.85620388888 8.974336169178164 0.0 8.974336169178164 0.0
57850.857203888874 8.974336169178164 0.0 8.974336169178164 0.0
