57850.17117592593 79.31378234656461 0.0 79.76047299812492 0.0
57850.17217592592 79.31378234656461 0.0 79.76047299812492 0.0
57850.18711805555 76.44470436277524 0.0 76.96155592075559 0.0
57850.19443287037 74.99757599017966 0.0 75.59816566718791 0.0
57850.21003472222 73.40889398056933 0.0 74.07587310293101 0.0
57850.21664351852 72.690042192856 0.0 73.33965890914858 0.0
57850.23469907408 70.51685980902528 0.0 71.12899052615066 0.0
57850.23747685185 70.51685980902528 0.0 71.12899052615066 0.0
57850.240949074076 70.25497299939369 0.0 70.95253017660144 0.0
57850.25550925926 68.89876477858421 0.0 69.74075104104652 0.0
57850.26315972222 68.43065024674257 0.0 69.27206385064765 0.0
57850.27912037037 67.54620136766374 0.0 68.38463960784522 0.0
57850.28538194444 67.37074653578686 0.0 68.19805656961051 0.0
57850.30204861111 66.24871019212263 0.0 67.18106722335713 0.0
57850.31974537037 65.70718749407537 0.0 66.63316896809553 0.0
57850.332025462965 65.56622516034773 0.0 66.52863304189465 0.0
57850.34649305556 65.70817117119348 0.0 66.32292098329513 0.0
57850.36384259259 65.49567815132723 0.0 66.43432509841618 0.0
57850.36715277778 72.68437679617728 0.0 75.6494914251551 0.0
57850.367997685185 72.516485607589 0.0 75.48661554608582 0.0
57850.36871527778 72.83515332394646 0.0 75.82363138839419 0.0
57850.36993055556 72.68437679617728 0.0 75.6494914251551 0.0
57850.37048611111 73.10921694926832 0.0 76.06914817774141 0.0
57850.37149305556 72.83515332394646 0.0 75.82363138839419 0.0
57850.378900462965 73.82336539629287 0.0 76.77230424259747 0.0
57850.37931712963 74.39542081608221 0.0 77.33245122728565 0.0
57850.380520833336 74.19076347111702 0.0 77.14711299374223 0.0
57850.380902777775 74.93829531262374 0.0 77.84423189358711 0.0
57850.38418981482 75.52122214242192 0.0 78.42130808970225 0.0
57850.385243055556 75.2155543541079 0.0 78.12016395288505 0.0
57850.386967592596 75.52122214242192 0.0 78.42130808970225 0.0
57850.40553240741 65.5098266124753 0.0 66.37573669251708 0.0
57850.42149305555 65.63719445841504 0.0 66.48417731560896 0.0
57850.42704861111 65.90154301214791 0.0 66.71708560195019 0.0
57850.43399305556 65.95501561514583 0.0 66.74110847818933 0.0
57850.44579861111 66.16636033600568 0.0 66.94910972723409 0.0
57850.453414351854 66.26800457606426 0.0 67.03541986163465 0.0
57850.46734953704 66.59417314802137 0.0 67.29167103278544 0.0
57850.47636574074 66.79002210351983 0.0 67.53234920467793 0.0
57850.48746527778 67.06697281251033 0.0 67.80149724634519 0.0
57850.49579861111 67.31702230528732 0.0 67.99767152876143 0.0
57850.50760416667 67.69372677072266 0.0 68.31028936414206 0.0
57850.51871527778 68.07893730101752 0.0 68.66422154596104 0.0
57850.53193287037 68.65641931804494 0.0 69.2201899413229 0.0
57850.5409375 69.18864155819631 0.0 69.73783754588985 0.0
57850.5534375 70.12835271169756 0.0 70.64049552042933 0.0
57850.564571759256 70.96746698136636 0.0 71.43121158696702 0.0
57850.57774305555 72.34836173951814 0.0 72.80745676933063 0.0
57850.585381944446 73.17522709618935 0.0 73.62059839482984 0.0
57850.59439814815 74.31532842648112 0.0 74.77973719231221 0.0
57850.599965277775 75.21904092320811 0.0 75.61085691018393 0.0
57850.615266203706 79.5119691677264 0.0 79.54886973604371 0.0
57850.622881944444 82.01890721936886 0.0 82.30930077208616 0.0
57850.62388194444 82.01890721936886 0.0 82.30930077208616 0.0
