57848.1083449 114.332390095 0.0 110.096376513 0.0
57848.1423727 140.76043382 0.0 139.33617694 0.0
57848.1722338 139.520950432 0.0 138.150826071 0.0
57848.1770949 138.409320716 0.0 137.050112787 0.0
57848.1861227 134.290431985 0.0 132.654107998 0.0
57848.1909838 131.040898851 0.0 129.444170307 0.0
57848.2014005 130.58668293 0.0 128.984331659 0.0
57848.2083449 130.58668293 0.0 128.984331659 0.0
57848.2347338 123.604095431 0.0 121.642001077 0.0
57848.2423727 123.604095431 0.0 121.642001077 0.0
57848.2479282 123.318430025 0.0 121.36087033 0.0
57848.2583449 119.621730061 0.0 117.092443745 0.0
57848.2639005 119.490320465 0.0 116.963812678 0.0
57848.2715394 119.490320465 0.0 116.963812678 0.0
57848.2770949 119.402829307 0.0 116.878171437 0.0
57848.2847338 119.402829307 0.0 116.878171437 0.0
57848.2902894 119.364296515 0.0 116.840453383 0.0
57848.2979282 119.364296515 0.0 116.840453383 0.0
57848.3111227 117.096511355 0.0 114.262072158 0.0
57848.3166782 117.096511355 0.0 114.262072158 0.0
57848.3298727 117.13577185 0.0 114.300382313 0.0
57848.3375116 117.224435387 0.0 114.386899659 0.0
57848.3430671 117.224435387 0.0 114.386899659 0.0
57848.3534838 118.337864898 0.0 116.039823521 0.0
57848.3604282 118.430209987 0.0 116.130375331 0.0
57848.3673727 118.544088213 0.0 116.242042119 0.0
57848.3743171 118.681937147 0.0 116.37721412 0.0
