57847.9534838 42.8763675052 0.0 43.5156670373 0.0
57847.9611227 43.4710196862 0.0 44.1004156954 0.0
57847.9715394 43.7694492092 0.0 44.3065177573 0.0
57847.9791782 43.6828883301 0.0 44.2233157472 0.0
57847.9965394 44.439756822 0.0 44.9806256971 0.0
57848.0139005 46.4820314202 0.0 46.9285549424 0.0
57848.0215394 46.8929869278 0.0 47.3434582401 0.0
57848.031956 43.8146588897 0.0 44.5355124676 0.0
57848.0416782 49.5632857009 0.0 50.0200998341 0.0
57848.0486227 47.4549102195 0.0 47.7856104589 0.0
57848.075706 61.582923914 0.0 61.9328297068 0.0
57848.0826505 64.4068680083 0.0 64.8453132884 0.0
57848.1236227 41.9035262455 0.0 42.5561232027 0.0
57848.1472338 42.4635091143 0.0 43.1076294469 0.0
