57849.2027778 85.2721634474 0.0 84.4006055014 0.0
57849.2027894 84.7636183867 0.0 83.3627584057 0.0
57849.2029051 83.0268811109 0.0 85.901768643 0.0
57849.2030324 85.6852324908 0.0 87.9450809142 0.0
57849.2031481 108.003593098 0.0 101.009223638 0.0
57849.2032639 132.166327497 0.0 133.489024905 0.0
57849.2033912 101.986018856 0.0 92.6028419866 0.0
57849.2034722 94.5108725333 0.0 90.1987046304 0.0
57849.2035069 88.3797276303 0.0 87.8831762284 0.0
57849.2036227 88.6329305902 0.0 85.2186918933 0.0
57849.20375 83.7414639889 0.0 83.8056311354 0.0
57849.2038657 87.9115568683 0.0 91.5937259096 0.0
57849.2039815 90.1131790361 0.0 90.6964529295 0.0
57849.2041088 102.522285392 0.0 101.783394068 0.0
57849.2041667 93.1105339744 0.0 96.9442221125 0.0
57849.2042245 85.9106267874 0.0 92.7695837492 0.0
57849.2043403 98.4291209907 0.0 90.754811911 0.0
57849.2044676 82.6632885083 0.0 83.5399139035 0.0
57849.2045833 87.9068560295 0.0 88.0096718776 0.0
57849.2046991 93.037116115 0.0 100.014927981 0.0
57849.2048264 91.6378404536 0.0 102.580409377 0.0
57849.2048611 88.746587495 0.0 93.3340970868 0.0
57849.2049421 86.1074246741 0.0 86.1948199894 0.0
57849.2050579 94.4677526884 0.0 93.0040900552 0.0
57849.2051852 82.5265054695 0.0 82.9543920477 0.0
57849.2053009 82.5868956373 0.0 82.203699497 0.0
57849.2054167 82.974237098 0.0 84.2396644283 0.0
57849.205544 83.1393306624 0.0 83.3943790612 0.0
57849.2055556 85.3743150075 0.0 84.9955956212 0.0
57849.2056597 87.7726012432 0.0 86.6642698637 0.0
57849.2057755 87.4380850774 0.0 88.6406723124 0.0
57849.2058912 86.189502406 0.0 83.3991858713 0.0
57849.2060185 86.6757122209 0.0 86.2113367023 0.0
57849.2061343 86.1906685378 0.0 93.0282490161 0.0
57849.20625 101.877419068 0.0 122.64969064 0.0
57849.2063773 84.4069294786 0.0 85.8723671037 0.0
57849.2064931 84.2387063766 0.0 84.3131281355 0.0
57849.2066088 86.0238560284 0.0 84.3471479482 0.0
57849.2067361 121.203214458 0.0 135.390107892 0.0
57849.2068519 82.8577061292 0.0 82.1861920398 0.0
57849.2069444 94.5198200009 0.0 93.9246575666 0.0
57849.2229167 87.9637006782 0.0 87.7747518424 0.0
57849.225 76.678328516 0.0 76.6573645255 0.0
57849.2250116 74.1830905867 0.0 74.592722641 0.0
57849.2251389 74.239102042 0.0 74.9368624176 0.0
57849.2252546 74.6898307737 0.0 74.0340748372 0.0
57849.2253704 74.1637701374 0.0 74.7277739264 0.0
57849.2254977 74.2907612762 0.0 74.3677851425 0.0
57849.2256134 83.3591806762 0.0 84.0412621276 0.0
57849.2256944 78.5450309695 0.0 79.2086317203 0.0
57849.2257292 74.4811245014 0.0 75.1262431777 0.0
57849.2258565 80.6698494978 0.0 80.2185823609 0.0
57849.2259722 75.4936273138 0.0 76.2096428872 0.0
57849.226088 75.5062910756 0.0 75.2108792197 0.0
57849.2262153 79.9532871494 0.0 77.3245259992 0.0
57849.226331 79.2253613371 0.0 79.0047427311 0.0
57849.2263889 76.9908914288 0.0 76.6762668953 0.0
57849.2264468 74.9022939769 0.0 74.5092459833 0.0
57849.2265741 75.801049531 0.0 75.9035040166 0.0
57849.2266898 78.9519571638 0.0 78.0628792449 0.0
57849.2268056 75.1856138367 0.0 74.8747842401 0.0
57849.2269329 73.8811047968 0.0 73.9990645481 0.0
57849.2270486 74.1020241491 0.0 73.9534293458 0.0
57849.2270833 74.9327116819 0.0 74.5337513278 0.0
57849.2271644 75.8087742481 0.0 75.1439952624 0.0
57849.2272917 74.9411872004 0.0 75.7184416572 0.0
57849.2274074 76.2400611096 0.0 74.648684831 0.0
57849.2275231 75.0079164555 0.0 74.7264573227 0.0
57849.2276505 74.2451278199 0.0 73.594980053 0.0
57849.2277662 74.3385818267 0.0 73.8988557286 0.0
57849.2277778 74.1210654403 0.0 73.9676422228 0.0
57849.2278819 73.9091825283 0.0 74.040796214 0.0
57849.2280093 82.0467024992 0.0 80.2574338738 0.0
57849.228125 75.6058356147 0.0 75.8046755946 0.0
57849.2282407 74.2929498876 0.0 74.0737343598 0.0
57849.2283565 75.7959427278 0.0 74.5486488878 0.0
57849.2284722 75.3034403729 0.0 74.5347732538 0.0
57849.2284838 74.8317605499 0.0 74.5328120092 0.0
57849.2285995 76.0707342084 0.0 75.2932676207 0.0
57849.2287153 73.9113288204 0.0 73.1965670643 0.0
57849.2288426 73.7257334925 0.0 73.4457105623 0.0
57849.2289583 73.796608357 0.0 73.4185700419 0.0
57849.2290741 73.7805972936 0.0 73.4566072318 0.0
57849.2291667 73.6723121057 0.0 73.3548733964 0.0
57849.2319444 73.0517747423 0.0 73.1128291068 0.0
57849.2320718 72.907237055 0.0 72.3373251026 0.0
57849.2321875 74.5343825224 0.0 74.1110773839 0.0
57849.2323032 74.437958892 0.0 75.6764737617 0.0
57849.2324306 75.641963942 0.0 74.1697991099 0.0
57849.2325463 72.9573234775 0.0 74.028891664 0.0
57849.2326389 72.5199996966 0.0 74.1785059839 0.0
57849.232662 72.0906006633 0.0 74.3300394861 0.0
57849.2327778 73.412418316 0.0 73.6339363541 0.0
57849.2329051 72.6924351841 0.0 74.1481878808 0.0
57849.2330208 72.1824710092 0.0 72.4729734246 0.0
57849.2331366 72.3524436215 0.0 72.6309772136 0.0
57849.2332639 73.0492356907 0.0 72.344368136 0.0
57849.2333333 72.7782677453 0.0 72.1663026142 0.0
57849.2333796 72.5125881968 0.0 71.9919488624 0.0
57849.2334954 72.5012218449 0.0 72.5326331798 0.0
57849.2336227 71.9306333769 0.0 72.2398721967 0.0
57849.2337384 73.2470501932 0.0 72.5999052203 0.0
57849.2338542 73.8164747194 0.0 74.9270827939 0.0
57849.2339815 72.1007041158 0.0 72.5089727068 0.0
57849.2479167 71.6062974186 0.0 71.6756665264 0.0
57849.25 71.2517074813 0.0 71.3325263186 0.0
57849.2506944 71.1066328833 0.0 71.1928696008 0.0
57849.2513889 71.1080908547 0.0 71.1999166081 0.0
57849.2520833 70.9066334838 0.0 71.0037752447 0.0
57849.2527778 70.9188494478 0.0 71.0215897879 0.0
57849.2534722 70.7602743706 0.0 70.8683590681 0.0
57849.2540509 70.7190622675 0.0 70.8326595788 0.0
57849.2541667 71.6824440711 0.0 71.6907426172 0.0
57849.2569444 86.3766745771 0.0 86.4878746473 0.0
57849.257037 84.7278863539 0.0 84.2656650896 0.0
57849.2571644 87.5732569738 0.0 88.1382070614 0.0
57849.2572801 77.913238644 0.0 77.774873899 0.0
57849.2573958 75.7027312519 0.0 75.6612048146 0.0
57849.2575231 75.5712126143 0.0 75.5753379549 0.0
57849.2576389 76.2098333944 0.0 76.1791287755 0.0
57849.2577546 79.2837902474 0.0 79.2530120942 0.0
57849.2578819 75.5548031167 0.0 75.518361211 0.0
57849.2579977 75.620026005 0.0 75.6118767523 0.0
57849.2581134 75.648078971 0.0 75.7267855253 0.0
57849.2582407 94.7070126073 0.0 94.5516944745 0.0
57849.2583333 88.0812467328 0.0 88.3788659635 0.0
57849.2583565 82.657165255 0.0 83.2572979564 0.0
57849.2584722 82.8238809523 0.0 83.3785265281 0.0
57849.2585995 88.2936093441 0.0 88.3909493048 0.0
57849.2587153 79.2093985206 0.0 79.947791189 0.0
57849.258831 81.4178026847 0.0 82.2605187864 0.0
57849.2589583 81.9712476055 0.0 82.2991261071 0.0
57849.2701389 68.0807039182 0.0 68.1244206948 0.0
57849.2722222 66.3479716118 0.0 66.8146236314 0.0
57849.272338 66.4570547421 0.0 66.5218355655 0.0
57849.2724537 66.6660695482 0.0 66.3840497785 0.0
57849.272581 66.8932364593 0.0 66.3444700032 0.0
57849.2726968 66.4653375603 0.0 66.8662513305 0.0
57849.2728125 66.8164058971 0.0 66.3653653723 0.0
57849.2729167 66.6259679629 0.0 66.3460028638 0.0
57849.2729398 66.4535051596 0.0 66.3432009704 0.0
57849.2730556 66.6457499695 0.0 66.3328296472 0.0
57849.2731713 66.5276309213 0.0 66.8837104234 0.0
57849.273287 66.574038491 0.0 66.501749195 0.0
57849.2734144 66.5633336004 0.0 66.8534963259 0.0
57849.2735301 66.5032412819 0.0 66.236962687 0.0
57849.2736111 66.6169935077 0.0 66.2191880575 0.0
57849.2736458 66.7261598475 0.0 66.1962604835 0.0
57849.2737731 66.253470211 0.0 66.2536958441 0.0
57849.2738889 66.8917867006 0.0 66.3578606346 0.0
57849.2740046 66.4505753399 0.0 66.4413769424 0.0
57849.2741319 66.1982126647 0.0 66.7216323017 0.0
57849.2742477 66.7452794586 0.0 66.6073894399 0.0
57849.2743056 66.4915150677 0.0 66.3514512878 0.0
57849.2743634 66.24056366 0.0 66.0983799196 0.0
57849.2744907 66.9070242277 0.0 66.5821848395 0.0
57849.2746065 66.5309697359 0.0 66.7212762992 0.0
57849.2747222 66.4576085637 0.0 66.3785863589 0.0
57849.2748495 66.6600877212 0.0 66.6274769371 0.0
57849.2749653 68.7929785661 0.0 67.5874477547 0.0
57849.275 67.8436389944 0.0 66.9983402182 0.0
57849.275081 66.9231309489 0.0 66.415217458 0.0
57849.2752083 66.2374633497 0.0 66.1313506818 0.0
57849.2753241 66.7364834929 0.0 66.7782824277 0.0
57849.2754398 67.6812884038 0.0 67.5813914772 0.0
57849.2755671 66.3269411476 0.0 66.4878058068 0.0
57849.2756829 66.1269315257 0.0 66.088288206 0.0
57849.2756944 66.6115642062 0.0 66.3931405342 0.0
57849.2757986 67.1283413247 0.0 66.7232409959 0.0
57849.2759259 67.066445403 0.0 67.0058130389 0.0
57849.2760417 66.0568070679 0.0 66.1724201764 0.0
57849.2761574 66.690905182 0.0 66.6062004171 0.0
57849.2762847 65.9708547011 0.0 66.224340646 0.0
57849.2763889 66.0312397052 0.0 66.0676616129 0.0
57849.2791667 70.5839205485 0.0 70.5838002873 0.0
57849.2792708 70.3499350177 0.0 70.4168391722 0.0
57849.2793866 70.3022979283 0.0 70.3038841388 0.0
57849.2795023 70.5021195142 0.0 70.5617256663 0.0
57849.2796296 71.2406288013 0.0 71.3659965039 0.0
57849.2797454 71.2886269611 0.0 71.2998038917 0.0
57849.2798611 70.6671094357 0.0 70.7667894778 0.0
57849.2799884 70.271802574 0.0 70.3210250636 0.0
57849.2801042 70.4306072244 0.0 70.4818288071 0.0
57849.2802199 70.1588308483 0.0 70.1588664105 0.0
57849.2803472 69.9870023504 0.0 69.9906862375 0.0
57849.280463 70.5945952535 0.0 70.6647222806 0.0
57849.2805556 70.535050124 0.0 70.556977876 0.0
57849.2805787 70.4787975919 0.0 70.4528117182 0.0
57849.280706 72.2868102215 0.0 72.4765891306 0.0
57849.2808218 70.7172659398 0.0 70.8537749735 0.0
57849.2809375 70.3087285122 0.0 70.2492334976 0.0
57849.2810648 70.3304258696 0.0 70.343178525 0.0
57849.2811806 70.4841307459 0.0 70.4717123178 0.0
57849.2951389 65.6251580265 0.0 65.6784627865 0.0
57849.2972222 64.7042825785 0.0 64.8341804143 0.0
57849.2973148 64.6409383363 0.0 64.8571919836 0.0
57849.2974306 64.5130507727 0.0 64.4114722856 0.0
57849.2975463 64.9108524825 0.0 64.7175611484 0.0
57849.2976736 64.7250619621 0.0 64.8905137674 0.0
57849.2977894 64.8522568844 0.0 64.7043779585 0.0
57849.2979051 65.1046865671 0.0 64.5625075411 0.0
57849.2979167 64.8759543745 0.0 64.6026101175 0.0
57849.2980324 64.6657361282 0.0 64.6591425322 0.0
57849.2981481 64.8883599115 0.0 65.5490446841 0.0
57849.2982639 65.6712428465 0.0 65.0163711076 0.0
57849.2983912 64.6729833315 0.0 65.1346833262 0.0
57849.2985069 64.6965378749 0.0 64.5687471615 0.0
57849.2986111 64.8509979183 0.0 64.5946311469 0.0
57849.2986227 64.9868802452 0.0 64.6009889398 0.0
57849.29875 65.3657697652 0.0 65.7310220368 0.0
57849.2988657 64.8710526429 0.0 65.0599243698 0.0
57849.2989815 65.0083121839 0.0 64.9134868498 0.0
57849.2991088 64.456336213 0.0 64.710890714 0.0
57849.2992245 64.5100084018 0.0 64.6516464601 0.0
57849.2993056 64.7323828775 0.0 64.6011816688 0.0
57849.2993403 64.9552751899 0.0 64.5487461303 0.0
57849.2994676 64.5249688415 0.0 64.8399863973 0.0
57849.2995833 64.4255159467 0.0 64.2424581644 0.0
57849.2996991 64.3400942104 0.0 64.6326343963 0.0
57849.2998264 65.0943036294 0.0 64.5700306566 0.0
57849.2999421 64.3981924669 0.0 64.7672467147 0.0
57849.3 64.7279082854 0.0 65.0388416948 0.0
57849.3000579 65.0990660839 0.0 65.35027104 0.0
57849.3001736 65.3296202805 0.0 65.5964966595 0.0
57849.3003009 64.6624346974 0.0 65.2778450318 0.0
57849.3004167 65.9583177317 0.0 65.9006701635 0.0
57849.3005324 64.6041184136 0.0 64.9010789972 0.0
57849.3006597 64.9116629967 0.0 65.4951568209 0.0
57849.3006944 64.7564495707 0.0 64.9632641575 0.0
57849.3007755 64.570992938 0.0 64.4131915216 0.0
57849.3008912 64.2373958921 0.0 64.8650616896 0.0
57849.3010185 64.4101857473 0.0 64.9249189449 0.0
57849.3011343 64.2574435844 0.0 64.5618656329 0.0
57849.30125 64.4606251521 0.0 64.427654924 0.0
57849.3013773 64.4030265593 0.0 64.2320259606 0.0
57849.3013889 65.2682833159 0.0 64.6374538252 0.0
57849.3041667 67.2366320022 0.0 67.2540815713 0.0
57849.3042477 67.2235408693 0.0 67.2004173127 0.0
57849.3043634 67.187149173 0.0 67.245411903 0.0
57849.3044792 67.0694914175 0.0 67.1027273365 0.0
57849.3045949 67.0784270164 0.0 67.0563861239 0.0
57849.3047222 67.2604104433 0.0 67.3586641643 0.0
57849.304838 66.925555911 0.0 66.9486605542 0.0
57849.3048611 67.0987452491 0.0 67.1305320476 0.0
57849.3049537 67.2876376239 0.0 67.3282624906 0.0
57849.305081 67.303408777 0.0 67.2494108153 0.0
57849.3051968 67.4010071586 0.0 67.3986822571 0.0
57849.3053125 67.4073167394 0.0 67.3073772554 0.0
57849.3054398 67.0381814864 0.0 67.0198447775 0.0
57849.3055556 67.1467507777 0.0 67.1086800273 0.0
57849.3056713 67.3308808423 0.0 67.2992240891 0.0
57849.3057986 67.085607838 0.0 67.0320393916 0.0
57849.3059144 66.9433315051 0.0 66.9276407473 0.0
57849.3060301 67.0979985544 0.0 67.0782230757 0.0
57849.3061574 66.879290225 0.0 66.8651014357 0.0
57849.3173611 64.5344473285 0.0 64.5777326019 0.0
57849.3194444 64.9317149781 0.0 64.1732729491 0.0
57849.319537 63.5431259225 0.0 63.8135573291 0.0
57849.3196528 64.1902042215 0.0 64.170589829 0.0
57849.3197801 63.5268303318 0.0 63.4667494126 0.0
57849.3198958 63.7638007415 0.0 64.058938182 0.0
57849.3200116 63.9665777653 0.0 64.157687357 0.0
57849.3201389 63.8273354606 0.0 63.6264300507 0.0
57849.3202546 63.3453892639 0.0 63.5069153794 0.0
57849.3203704 63.5606240687 0.0 63.6917337651 0.0
57849.3204977 63.5248991971 0.0 63.5326803071 0.0
57849.3206134 63.8512142719 0.0 63.5339601316 0.0
57849.3207292 63.4856715173 0.0 63.5184136452 0.0
57849.3208333 63.4694815561 0.0 63.5591428199 0.0
57849.3208565 63.4355034031 0.0 63.5820852914 0.0
57849.3209722 63.4723762435 0.0 63.444917653 0.0
57849.321088 63.5560902589 0.0 63.7331266376 0.0
57849.3212153 63.7818505062 0.0 63.5239689723 0.0
57849.321331 63.5078568289 0.0 63.8168563547 0.0
57849.3214468 63.4953797059 0.0 63.3862990953 0.0
57849.3215278 63.5569836682 0.0 63.4175301553 0.0
57849.3215741 63.6340447166 0.0 63.4640222016 0.0
57849.3216898 63.5428854475 0.0 63.3291997818 0.0
57849.3218056 63.373951226 0.0 63.6021287144 0.0
57849.3219329 63.4149416384 0.0 63.4173860862 0.0
57849.3220486 63.5511044987 0.0 63.7410924287 0.0
57849.3221644 63.9774496522 0.0 64.3466643502 0.0
57849.3222222 63.6581444436 0.0 63.9754850548 0.0
57849.3222917 63.3272894099 0.0 63.5943152727 0.0
57849.3224074 63.2299724735 0.0 63.4948601857 0.0
57849.3225231 63.5995306665 0.0 63.8557659965 0.0
57849.3226389 63.4731247773 0.0 63.8459280377 0.0
57849.3227662 63.7668445275 0.0 63.5921432883 0.0
57849.3228819 63.3933452817 0.0 63.1834274395 0.0
57849.3229167 63.3342033186 0.0 63.5373128642 0.0
57849.3229977 63.2725587281 0.0 63.8948561153 0.0
57849.323125 63.1145579641 0.0 63.3721740514 0.0
57849.3232407 63.1941119726 0.0 63.2636904867 0.0
57849.3233565 63.1911911029 0.0 63.2801262641 0.0
57849.3234838 63.3343240984 0.0 63.8449506774 0.0
57849.3235995 63.382385897 0.0 63.0676402999 0.0
57849.3236111 65.3363075556 0.0 63.8061172146 0.0
57849.3263889 65.8956886147 0.0 65.9069082039 0.0
57849.3264699 65.9487181301 0.0 65.9671994024 0.0
57849.3265856 65.1705417117 0.0 65.1547204506 0.0
57849.326713 65.4083107105 0.0 65.424337467 0.0
57849.3268287 65.7219549542 0.0 65.7600206965 0.0
57849.3269444 66.3388446086 0.0 66.3063104538 0.0
57849.3270602 66.5120057884 0.0 66.5574933648 0.0
57849.3270833 65.9995663849 0.0 66.0108358832 0.0
57849.3271875 65.499053329 0.0 65.4776914987 0.0
57849.3273032 67.3334464735 0.0 67.4161564612 0.0
57849.327419 66.2245429656 0.0 66.2914147156 0.0
57849.3275463 66.9580623824 0.0 67.298354497 0.0
57849.327662 72.4750221456 0.0 72.279376872 0.0
57849.3277778 65.5135890484 0.0 65.6369683639 0.0
57849.3279051 65.7184021869 0.0 65.6614530147 0.0
57849.3280208 65.3417673927 0.0 65.336764773 0.0
57849.3281366 66.3480119597 0.0 66.4020048041 0.0
57849.3282639 65.5489800302 0.0 65.5935166156 0.0
57849.3283796 67.9144730672 0.0 68.0509352985 0.0
