57849.0445255 7.99424793211 0.0 7.99424793211 0.0
57849.0445602 8.17618492942 0.0 8.17618492942 0.0
57849.0446065 8.3554174043 0.0 8.3554174043 0.0
57849.0446644 8.4383055171 0.0 8.4383055171 0.0
57849.0447338 8.12409995015 0.0 8.12409995015 0.0
57849.0447801 8.02047380147 0.0 8.02047380147 0.0
57849.0448148 8.0024996095 0.0 8.0024996095 0.0
57849.0448727 8.01635827543 0.0 8.01635827543 0.0
57849.0449421 7.96398141635 0.0 7.96398141635 0.0
57849.0449884 7.90227815253 0.0 7.90227815253 0.0
57849.0450347 7.90404959499 0.0 7.90404959499 0.0
57849.045081 7.96573913708 0.0 7.96573913708 0.0
57849.0451505 7.93933246564 0.0 7.93933246564 0.0
57849.0451968 7.96718268901 0.0 7.96718268901 0.0
57849.0452431 7.99224624245 0.0 7.99224624245 0.0
57849.0452894 7.95311259822 0.0 7.95311259822 0.0
57849.0453588 7.8984808666 0.0 7.8984808666 0.0
57849.0454051 7.92426652757 0.0 7.92426652757 0.0
57849.0454514 7.93177155496 0.0 7.93177155496 0.0
57849.0454977 7.97376949755 0.0 7.97376949755 0.0
57849.0455671 7.97565044369 0.0 7.97565044369 0.0
57849.0456134 7.92414033192 0.0 7.92414033192 0.0
57849.0456713 7.90620009866 0.0 7.90620009866 0.0
57849.045706 7.89341497706 0.0 7.89341497706 0.0
57849.0457755 7.88466866774 0.0 7.88466866774 0.0
57849.0458218 7.88003807097 0.0 7.88003807097 0.0
57849.0458796 7.88156075914 0.0 7.88156075914 0.0
57849.0459259 7.88897965519 0.0 7.88897965519 0.0
57849.0459954 7.867146878 0.0 7.867146878 0.0
57849.0460417 7.84168349272 0.0 7.84168349272 0.0
57849.046088 7.84544453807 0.0 7.84544453807 0.0
57849.0461343 7.88079945183 0.0 7.88079945183 0.0
57849.0462037 7.98285663156 0.0 7.98285663156 0.0
57849.04625 7.90828679298 0.0 7.90828679298 0.0
57849.0462963 7.8967714922 0.0 7.8967714922 0.0
57849.0463426 7.83613425102 0.0 7.83613425102 0.0
57849.046412 7.81632906165 0.0 7.81632906165 0.0
57849.0464583 7.8493311817 0.0 7.8493311817 0.0
57849.0465046 2.46231598297 0.0 2.46231598297 0.0
57849.0695255 7.44244583454 0.0 7.44244583454 0.0
57849.0695602 7.37516101519 0.0 7.37516101519 0.0
57849.0696065 7.34921764544 0.0 7.34921764544 0.0
57849.0696644 7.34458984559 0.0 7.34458984559 0.0
57849.0697338 7.32017759347 0.0 7.32017759347 0.0
57849.0697801 7.31792320266 0.0 7.31792320266 0.0
57849.0698148 7.34846922835 0.0 7.34846922835 0.0
57849.0698727 7.35703744723 0.0 7.35703744723 0.0
57849.0699421 7.35961955538 0.0 7.35961955538 0.0
57849.0699884 7.35221055194 0.0 7.35221055194 0.0
57849.0700347 7.32345546856 0.0 7.32345546856 0.0
57849.070081 7.32475255555 0.0 7.32475255555 0.0
57849.0701505 7.34350052768 0.0 7.34350052768 0.0
57849.0701968 7.35343457168 0.0 7.35343457168 0.0
57849.0702431 7.37326250719 0.0 7.37326250719 0.0
57849.0702894 7.33737010106 0.0 7.33737010106 0.0
57849.0703588 7.30184908088 0.0 7.30184908088 0.0
57849.0704051 7.3070513889 0.0 7.3070513889 0.0
57849.0704514 7.30369769363 0.0 7.30369769363 0.0
57849.0704977 7.30328693124 0.0 7.30328693124 0.0
57849.0705671 7.31334396839 0.0 7.31334396839 0.0
57849.0706134 7.31546307488 0.0 7.31546307488 0.0
57849.0706713 7.31019835572 0.0 7.31019835572 0.0
57849.070706 7.29534097901 0.0 7.29534097901 0.0
57849.0707755 7.29225616665 0.0 7.29225616665 0.0
57849.0708218 7.29938353561 0.0 7.29938353561 0.0
57849.0708796 7.34622351961 0.0 7.34622351961 0.0
57849.0709259 7.3636947248 0.0 7.3636947248 0.0
57849.0709954 7.38985791474 0.0 7.38985791474 0.0
57849.0710417 7.32208986561 0.0 7.32208986561 0.0
57849.071088 7.33818778719 0.0 7.33818778719 0.0
57849.0711343 7.35472637152 0.0 7.35472637152 0.0
57849.0712037 7.3221581518 0.0 7.3221581518 0.0
57849.07125 7.37841446383 0.0 7.37841446383 0.0
57849.0712963 7.38985791474 0.0 7.38985791474 0.0
57849.0713426 7.37658457553 0.0 7.37658457553 0.0
57849.071412 7.33805151249 0.0 7.33805151249 0.0
57849.0714583 7.29698567903 0.0 7.29698567903 0.0
57849.0715046 2.59345329628 0.0 2.59345329628 0.0
57849.1088426 38.5447272659 0.0 38.5447272659 0.0
57849.1088889 39.5676888382 0.0 39.5676888382 0.0
57849.1089352 41.806997022 0.0 41.806997022 0.0
57849.1089815 40.5365020691 0.0 40.5365020691 0.0
57849.1090509 34.2210899885 0.0 34.2210899885 0.0
57849.1091088 7.19312171453 0.0 7.19312171453 0.0
57849.1091435 7.16547276877 0.0 7.16547276877 0.0
57849.1091898 7.10499824068 0.0 7.10499824068 0.0
57849.1092593 7.0389629918 0.0 7.0389629918 0.0
57849.1093171 6.96907454401 0.0 6.96907454401 0.0
57849.1093634 6.93534425966 0.0 6.93534425966 0.0
57849.1093981 6.94190175672 0.0 6.94190175672 0.0
57849.1094792 6.92878055649 0.0 6.92878055649 0.0
57849.1095255 6.91426062569 0.0 6.91426062569 0.0
57849.1095718 6.91657429657 0.0 6.91657429657 0.0
57849.1096181 6.914983731 0.0 6.914983731 0.0
57849.1096875 6.91563446113 0.0 6.91563446113 0.0
57849.1097338 6.92322179336 0.0 6.92322179336 0.0
57849.1097801 6.93880393151 0.0 6.93880393151 0.0
57849.1098264 6.95032373347 0.0 6.95032373347 0.0
57849.1098958 6.95356023919 0.0 6.95356023919 0.0
57849.1099421 6.94874089314 0.0 6.94874089314 0.0
57849.1099884 6.95046761017 0.0 6.95046761017 0.0
57849.1100347 6.92625439902 0.0 6.92625439902 0.0
57849.1101157 6.92221062956 0.0 6.92221062956 0.0
57849.1101505 6.9239439628 0.0 6.9239439628 0.0
57849.1101968 6.92574905696 0.0 6.92574905696 0.0
57849.1102546 6.93426275822 0.0 6.93426275822 0.0
57849.1103241 6.93058439094 0.0 6.93058439094 0.0
57849.1103704 6.92408838765 0.0 6.92408838765 0.0
57849.1104051 6.92683188767 0.0 6.92683188767 0.0
57849.1334144 6.89550578275 0.0 6.89550578275 0.0
57849.1334491 6.84996350355 0.0 6.84996350355 0.0
57849.1334954 6.82868947896 0.0 6.82868947896 0.0
57849.1335532 6.82912878777 0.0 6.82912878777 0.0
57849.1336227 6.82583328246 0.0 6.82583328246 0.0
57849.133669 6.82912878777 0.0 6.82912878777 0.0
57849.1337037 6.82436810262 0.0 6.82436810262 0.0
57849.1337616 6.83220315857 0.0 6.83220315857 0.0
57849.133831 6.83264224148 0.0 6.83264224148 0.0
57849.1338773 6.8365927186 0.0 6.8365927186 0.0
57849.1339236 6.8318372346 0.0 6.8318372346 0.0
57849.1339699 6.83073934505 0.0 6.83073934505 0.0
57849.1340394 6.8370315196 0.0 6.8370315196 0.0
57849.1340856 6.83352032264 0.0 6.83352032264 0.0
57849.1341319 6.82927521777 0.0 6.82927521777 0.0
57849.1341782 6.82912878777 0.0 6.82912878777 0.0
57849.1342477 6.83512984515 0.0 6.83512984515 0.0
57849.134294 6.83454460809 0.0 6.83454460809 0.0
57849.1343403 6.83176404745 0.0 6.83176404745 0.0
57849.1343866 6.8302269362 0.0 6.8302269362 0.0
57849.134456 6.82883591837 0.0 6.82883591837 0.0
57849.1345023 6.83008052661 0.0 6.83008052661 0.0
57849.1345602 6.83088574052 0.0 6.83088574052 0.0
57849.1345949 6.83688525573 0.0 6.83688525573 0.0
57849.1346644 6.83227634102 0.0 6.83227634102 0.0
57849.1347106 6.83337398362 0.0 6.83337398362 0.0
57849.1347685 6.8376165438 0.0 6.8376165438 0.0
57849.1348148 6.84061400753 0.0 6.84061400753 0.0
57849.1348843 6.83542244488 0.0 6.83542244488 0.0
57849.1349306 6.8400292397 0.0 6.8400292397 0.0
57849.1349769 6.83944442188 0.0 6.83944442188 0.0
57849.1350231 7.01512651347 0.0 7.01512651347 0.0
57849.1350926 6.82788400604 0.0 6.82788400604 0.0
57849.1351389 6.83498354058 0.0 6.83498354058 0.0
57849.1351852 6.84032162987 0.0 6.84032162987 0.0
57849.1352315 6.84353709715 0.0 6.84353709715 0.0
57849.1353009 6.84448683248 0.0 6.84448683248 0.0
57849.1353472 6.83125171546 0.0 6.83125171546 0.0
57849.1353935 1.43561833368 0.0 1.43561833368 0.0
57849.1598032 6.92091034475 0.0 6.92091034475 0.0
57849.159838 6.83885955405 0.0 6.83885955405 0.0
57849.1598843 6.81762421962 0.0 6.81762421962 0.0
57849.1599421 6.79205418117 0.0 6.79205418117 0.0
57849.1600116 6.78881432947 0.0 6.78881432947 0.0
57849.1600579 6.8409063727 0.0 6.8409063727 0.0
57849.1600926 6.82722491207 0.0 6.82722491207 0.0
57849.1601505 6.80991923594 0.0 6.80991923594 0.0
57849.1602199 6.79735242576 0.0 6.79735242576 0.0
57849.1602662 6.78955079516 0.0 6.78955079516 0.0
57849.1603125 6.80610020496 0.0 6.80610020496 0.0
57849.1603588 6.82444136908 0.0 6.82444136908 0.0
57849.1604282 6.79698462555 0.0 6.79698462555 0.0
57849.1604745 6.78048670819 0.0 6.78048670819 0.0
57849.1605208 6.7820350928 0.0 6.7820350928 0.0
57849.1605671 6.78490972674 0.0 6.78490972674 0.0
57849.1606366 6.78653077795 0.0 6.78653077795 0.0
57849.1606829 6.78490972674 0.0 6.78490972674 0.0
57849.1607292 6.78667812704 0.0 6.78667812704 0.0
57849.1607755 6.78903527756 0.0 6.78903527756 0.0
57849.1608449 6.78122407829 0.0 6.78122407829 0.0
57849.1608912 6.78704648577 0.0 6.78704648577 0.0
57849.1609491 6.78527818147 0.0 6.78527818147 0.0
57849.1609838 6.78262486063 0.0 6.78262486063 0.0
57849.1610532 6.79212779621 0.0 6.79212779621 0.0
57849.1610995 6.79109711313 0.0 6.79109711313 0.0
57849.1611574 6.78314086541 0.0 6.78314086541 0.0
57849.1612037 6.78100287568 0.0 6.78100287568 0.0
57849.1612731 6.79242224836 0.0 6.79242224836 0.0
57849.1613194 6.78712015512 0.0 6.78712015512 0.0
57849.1613657 6.78277229457 0.0 6.78277229457 0.0
57849.161412 6.78505711103 0.0 6.78505711103 0.0
57849.1614815 6.7891825723 0.0 6.7891825723 0.0
57849.1615278 6.94802130106 0.0 6.94802130106 0.0
57849.1615741 6.79573395595 0.0 6.79573395595 0.0
57849.1616204 6.79882342762 0.0 6.79882342762 0.0
57849.1616898 6.78151900388 0.0 6.78151900388 0.0
57849.1617361 6.79006627361 0.0 6.79006627361 0.0
57849.1617824 0.817924201867 0.0 0.817924201867 0.0
57849.1848032 6.81652404089 0.0 6.81652404089 0.0
57849.184838 6.77458485813 0.0 6.77458485813 0.0
57849.1848843 6.75388776928 0.0 6.75388776928 0.0
57849.1849421 6.75314741435 0.0 6.75314741435 0.0
57849.1850116 6.74699933304 0.0 6.74699933304 0.0
57849.1850579 6.75522020366 0.0 6.75522020366 0.0
57849.1850926 6.75077773297 0.0 6.75077773297 0.0
57849.1851505 6.75003703694 0.0 6.75003703694 0.0
57849.1852199 6.7486294905 0.0 6.7486294905 0.0
57849.1852662 6.75455401933 0.0 6.75455401933 0.0
57849.1853125 6.75522020366 0.0 6.75522020366 0.0
57849.1853588 6.75522020366 0.0 6.75522020366 0.0
57849.1854282 6.74855540097 0.0 6.74855540097 0.0
57849.1854745 6.75255507197 0.0 6.75255507197 0.0
57849.1855208 6.75729235715 0.0 6.75729235715 0.0
57849.1855671 6.76091709755 0.0 6.76091709755 0.0
57849.1856366 6.75410985993 0.0 6.75410985993 0.0
57849.1856829 6.76816075459 0.0 6.76816075459 0.0
57849.1857292 6.77303477032 0.0 6.77303477032 0.0
57849.1857755 6.77126280689 0.0 6.77126280689 0.0
57849.1858449 6.75670037814 0.0 6.75670037814 0.0
57849.1858912 6.7570703711 0.0 6.7570703711 0.0
57849.1859491 6.76128685976 0.0 6.76128685976 0.0
57849.1859838 6.75914195738 0.0 6.75914195738 0.0
57849.1860532 6.75277720645 0.0 6.75277720645 0.0
57849.1860995 6.75233293018 0.0 6.75233293018 0.0
57849.1861574 6.7576623177 0.0 6.7576623177 0.0
57849.1862037 6.75292529205 0.0 6.75292529205 0.0
57849.1862731 6.75781029624 0.0 6.75781029624 0.0
57849.1863194 6.76136080978 0.0 6.76136080978 0.0
57849.1863657 6.76025147461 0.0 6.76025147461 0.0
57849.186412 6.75581231237 0.0 6.75581231237 0.0
57849.1864815 6.75884605536 0.0 6.75884605536 0.0
57849.1865278 6.75447999479 0.0 6.75447999479 0.0
57849.1865741 6.75336952935 0.0 6.75336952935 0.0
57849.1866204 6.75499814952 0.0 6.75499814952 0.0
57849.1866898 6.7479626555 0.0 6.7479626555 0.0
57849.1867361 6.75285124966 0.0 6.75285124966 0.0
57849.1867824 0.750333259292 0.0 0.750333259292 0.0
57849.2097338 6.84857649443 0.0 6.84857649443 0.0
57849.2098032 6.79639610382 0.0 6.79639610382 0.0
57849.2098495 6.78579398449 0.0 6.78579398449 0.0
57849.2098843 6.7659441322 0.0 6.7659441322 0.0
57849.2099421 6.76239602508 0.0 6.76239602508 0.0
57849.2100116 6.75995562116 0.0 6.75995562116 0.0
57849.2100579 6.76417031128 0.0 6.76417031128 0.0
57849.2101042 6.7762821665 0.0 6.7762821665 0.0
57849.2101505 6.77797904983 0.0 6.77797904983 0.0
57849.2102199 6.76734807735 0.0 6.76734807735 0.0
57849.2102662 6.76039939649 0.0 6.76039939649 0.0
57849.2103125 6.77052435192 0.0 6.77052435192 0.0
57849.2103588 6.76720030736 0.0 6.76720030736 0.0
57849.2104282 6.76054731512 0.0 6.76054731512 0.0
57849.2104745 6.75855014038 0.0 6.75855014038 0.0
57849.2105208 6.75825421244 0.0 6.75825421244 0.0
57849.2105671 6.75973372257 0.0 6.75973372257 0.0
57849.2106366 6.76047335621 0.0 6.76047335621 0.0
57849.2106829 6.76579633155 0.0 6.76579633155 0.0
57849.2107407 6.76956424004 0.0 6.76956424004 0.0
57849.2107755 6.76136080978 0.0 6.76136080978 0.0
57849.2108449 6.75566429006 0.0 6.75566429006 0.0
57849.2108912 6.76017751246 0.0 6.76017751246 0.0
57849.2109491 6.76749584411 0.0 6.76749584411 0.0
57849.2109954 6.76387462923 0.0 6.76387462923 0.0
57849.2110648 6.76158265497 0.0 6.76158265497 0.0
57849.2110995 6.75773630737 0.0 6.75773630737 0.0
57849.2111574 6.75729235715 0.0 6.75729235715 0.0
57849.2112037 6.75914195738 0.0 6.75914195738 0.0
57849.2112731 6.76490945985 0.0 6.76490945985 0.0
57849.2113194 6.76683086829 0.0 6.76683086829 0.0
57849.2113657 6.77200118133 0.0 6.77200118133 0.0
57849.211412 6.77421582178 0.0 6.77421582178 0.0
57849.2114815 6.77281330025 0.0 6.77281330025 0.0
57849.2115278 6.76217420657 0.0 6.76217420657 0.0
57849.2115741 6.7647616366 0.0 6.7647616366 0.0
57849.2116204 6.76505727988 0.0 6.76505727988 0.0
57849.2116898 6.77384676532 0.0 6.77384676532 0.0
57849.2117361 6.76417031128 0.0 6.76417031128 0.0
57849.2117824 6.77495387438 0.0 6.77495387438 0.0
57849.231956 6.84171031249 0.0 6.84171031249 0.0
57849.2320255 6.81696413369 0.0 6.81696413369 0.0
57849.2320718 6.79580753112 0.0 6.79580753112 0.0
57849.2321065 6.78866702674 0.0 6.78866702674 0.0
57849.2321644 6.78844606666 0.0 6.78844606666 0.0
57849.2322338 6.79786731262 0.0 6.79786731262 0.0
57849.2322801 6.79234863652 0.0 6.79234863652 0.0
57849.2323264 6.78608871147 0.0 6.78608871147 0.0
57849.2323727 6.78365683094 0.0 6.78365683094 0.0
57849.2324421 6.78174018966 0.0 6.78174018966 0.0
57849.2324884 6.78299343948 0.0 6.78299343948 0.0
57849.2325347 6.78594134958 0.0 6.78594134958 0.0
57849.232581 6.79573395595 0.0 6.79573395595 0.0
57849.2326505 6.80492468731 0.0 6.80492468731 0.0
57849.2326968 6.79698462555 0.0 6.79698462555 0.0
57849.2327431 6.79389431769 0.0 6.79389431769 0.0
57849.2327894 6.79661680544 0.0 6.79661680544 0.0
57849.2328588 6.79065534393 0.0 6.79065534393 0.0
57849.2329051 6.78218253957 0.0 6.78218253957 0.0
57849.232963 6.78468864429 0.0 6.78468864429 0.0
57849.2329977 6.78350941622 0.0 6.78350941622 0.0
57849.2330671 6.78350941622 0.0 6.78350941622 0.0
57849.2331134 6.78063418863 0.0 6.78063418863 0.0
57849.2331713 6.78299343948 0.0 6.78299343948 0.0
57849.2332176 6.79521890744 0.0 6.79521890744 0.0
57849.233287 6.79955880922 0.0 6.79955880922 0.0
57849.2333218 6.78277229457 0.0 6.78277229457 0.0
57849.2333796 6.93563263156 0.0 6.93563263156 0.0
57849.2334259 6.79602825185 0.0 6.79602825185 0.0
57849.2334954 6.79588110549 0.0 6.79588110549 0.0
57849.2335417 6.97373644469 0.0 6.97373644469 0.0
57849.233588 6.77952800717 0.0 6.77952800717 0.0
57849.2336343 6.77820035113 0.0 6.77820035113 0.0
57849.2337037 6.77967550846 0.0 6.77967550846 0.0
57849.23375 6.78048670819 0.0 6.78048670819 0.0
57849.2337963 6.78321457718 0.0 6.78321457718 0.0
57849.2338426 6.78350941622 0.0 6.78350941622 0.0
57849.233912 7.14786681465 0.0 7.14786681465 0.0
57849.2339583 6.78225626175 0.0 6.78225626175 0.0
57849.2340046 6.78638342565 0.0 6.78638342565 0.0
57849.256956 6.8833857948 0.0 6.8833857948 0.0
57849.2570255 6.84762732631 0.0 6.84762732631 0.0
57849.2570718 6.83856710137 0.0 6.83856710137 0.0
57849.2571065 6.83944442188 0.0 6.83944442188 0.0
57849.2571644 6.83966373442 0.0 6.83966373442 0.0
57849.2572338 6.84645893875 0.0 6.84645893875 0.0
57849.2572801 6.81058000467 0.0 6.81058000467 0.0
57849.2573264 6.81446989868 0.0 6.81446989868 0.0
57849.2573727 6.80859750609 0.0 6.80859750609 0.0
57849.2574421 6.99542707774 0.0 6.99542707774 0.0
57849.2574884 6.80690825559 0.0 6.80690825559 0.0
57849.2575347 6.81102048154 0.0 6.81102048154 0.0
57849.257581 6.81410302241 0.0 6.81410302241 0.0
57849.2576505 7.00549784098 0.0 7.00549784098 0.0
57849.2576968 7.1891585043 0.0 7.1891585043 0.0
57849.2577431 7.00892288444 0.0 7.00892288444 0.0
57849.2577894 7.0161955503 0.0 7.0161955503 0.0
57849.2578588 7.15569703104 0.0 7.15569703104 0.0
57849.2579051 6.83359349098 0.0 6.83359349098 0.0
57849.257963 6.83820151794 0.0 6.83820151794 0.0
57849.2579977 7.20229130208 0.0 7.20229130208 0.0
57849.2580671 6.83425197077 0.0 6.83425197077 0.0
57849.2581134 6.84499817385 0.0 6.84499817385 0.0
57849.2581713 6.85689434073 0.0 6.85689434073 0.0
57849.2582176 6.85623803554 0.0 6.85623803554 0.0
57849.258287 6.84010233842 0.0 6.84010233842 0.0
57849.2583218 6.81718416944 0.0 6.81718416944 0.0
57849.2583796 6.82275604137 0.0 6.82275604137 0.0
57849.2584259 6.83125171546 0.0 6.83125171546 0.0
57849.2584954 6.84697013284 0.0 6.84697013284 0.0
57849.2585417 6.84032162987 0.0 6.84032162987 0.0
57849.258588 6.86927943819 0.0 6.86927943819 0.0
57849.2586343 6.89144397061 0.0 6.89144397061 0.0
57849.2587037 6.87255411037 0.0 6.87255411037 0.0
57849.25875 6.81564377003 0.0 6.81564377003 0.0
57849.2587963 6.8121949473 0.0 6.8121949473 0.0
57849.2588426 6.81050658909 0.0 6.81050658909 0.0
57849.258912 6.81234174128 0.0 6.81234174128 0.0
57849.2589583 6.81322243876 0.0 6.81322243876 0.0
57849.2590046 6.8222430329 0.0 6.8222430329 0.0
57849.2791782 7.05450210858 0.0 7.05450210858 0.0
57849.2792477 7.03505508152 0.0 7.03505508152 0.0
57849.279294 6.88643594321 0.0 6.88643594321 0.0
57849.2793287 6.95248157135 0.0 6.95248157135 0.0
57849.2793866 6.95391975795 0.0 6.95391975795 0.0
57849.279456 6.86913386098 0.0 6.86913386098 0.0
57849.2795023 6.86090373056 0.0 6.86090373056 0.0
57849.2795486 6.86359963867 0.0 6.86359963867 0.0
57849.2795949 6.86418239851 0.0 6.86418239851 0.0
57849.2796644 6.87771764468 0.0 6.87771764468 0.0
57849.2797106 6.8704439449 0.0 6.8704439449 0.0
57849.2797569 6.86811473404 0.0 6.86811473404 0.0
57849.2798032 6.88585506673 0.0 6.88585506673 0.0
57849.2798727 6.89144397061 0.0 6.89144397061 0.0
57849.279919 6.87793573683 0.0 6.87793573683 0.0
57849.2799653 6.8769906209 0.0 6.8769906209 0.0
57849.2800116 6.88904928129 0.0 6.88904928129 0.0
57849.280081 6.88607290115 0.0 6.88607290115 0.0
57849.2801273 6.86257968988 0.0 6.86257968988 0.0
57849.2801852 6.86673139128 0.0 6.86673139128 0.0
57849.2802199 6.87088058403 0.0 6.87088058403 0.0
57849.2802894 6.87066226793 0.0 6.87066226793 0.0
57849.2803356 6.88047963444 0.0 6.88047963444 0.0
57849.2803935 6.91787539639 0.0 6.91787539639 0.0
57849.2804398 6.87364532108 0.0 6.87364532108 0.0
57849.2805093 6.86898828067 0.0 6.86898828067 0.0
57849.280544 6.86760511387 0.0 6.86760511387 0.0
57849.2806019 6.86767791906 0.0 6.86767791906 0.0
57849.2806481 6.93411854528 0.0 6.93411854528 0.0
57849.2807176 6.9293578346 0.0 6.9293578346 0.0
57849.2807639 6.86818753384 0.0 6.86818753384 0.0
57849.2808102 6.92192169849 0.0 6.92192169849 0.0
57849.2808565 6.9776786971 0.0 6.9776786971 0.0
57849.2809259 6.88077030571 0.0 6.88077030571 0.0
57849.2809722 6.934479072 0.0 6.934479072 0.0
57849.2810185 6.92921351959 0.0 6.92921351959 0.0
57849.2810648 6.88280466089 0.0 6.88280466089 0.0
57849.2811343 6.930007215 0.0 6.930007215 0.0
57849.2811806 6.87982557918 0.0 6.87982557918 0.0
57849.2812269 6.88737976302 0.0 6.88737976302 0.0
57849.3042477 7.05847008919 0.0 7.05847008919 0.0
57849.3042824 7.00992154022 0.0 7.00992154022 0.0
57849.3043287 6.99907136697 0.0 6.99907136697 0.0
57849.3043866 7.00149983932 0.0 7.00149983932 0.0
57849.304456 7.00621152978 0.0 7.00621152978 0.0
57849.3045023 7.00142842569 0.0 7.00142842569 0.0
57849.304537 7.00407024522 0.0 7.00407024522 0.0
57849.3045949 7.01975783058 0.0 7.01975783058 0.0
57849.3046644 7.01512651347 0.0 7.01512651347 0.0
57849.3047106 7.60177610825 0.0 7.60177610825 0.0
57849.3047569 7.02175191815 0.0 7.02175191815 0.0
57849.3048032 7.05124102552 0.0 7.05124102552 0.0
57849.3048727 7.03988636272 0.0 7.03988636272 0.0
57849.304919 7.31915295646 0.0 7.31915295646 0.0
57849.3049653 7.96128130391 0.0 7.96128130391 0.0
57849.3050116 7.53823586789 0.0 7.53823586789 0.0
57849.305081 7.05180827873 0.0 7.05180827873 0.0
57849.3051273 7.00999286733 0.0 7.00999286733 0.0
57849.3051736 7.31054033571 0.0 7.31054033571 0.0
57849.3052199 7.02844221716 0.0 7.02844221716 0.0
57849.3052894 7.32939288072 0.0 7.32939288072 0.0
57849.3053356 7.26918152201 0.0 7.26918152201 0.0
57849.3053935 7.01027816852 0.0 7.01027816852 0.0
57849.3054282 7.01455629388 0.0 7.01455629388 0.0
57849.3054977 7.01975783058 0.0 7.01975783058 0.0
57849.305544 7.29102187625 0.0 7.29102187625 0.0
57849.3056019 7.29232473221 0.0 7.29232473221 0.0
57849.3056481 7.01113400243 0.0 7.01113400243 0.0
57849.3057176 7.02175191815 0.0 7.02175191815 0.0
57849.3057639 7.02694812846 0.0 7.02694812846 0.0
57849.3058102 7.32004098349 0.0 7.32004098349 0.0
57849.3058565 7.04357863589 0.0 7.04357863589 0.0
57849.3059259 7.54148526485 0.0 7.54148526485 0.0
57849.3059722 7.59348404884 0.0 7.59348404884 0.0
57849.3060185 7.32338719446 0.0 7.32338719446 0.0
57849.3060648 7.0326381963 0.0 7.0326381963 0.0
57849.3061343 7.64198926982 0.0 7.64198926982 0.0
57849.3061806 7.02467081079 0.0 7.02467081079 0.0
57849.3062269 8.6491618091 0.0 8.6491618091 0.0
57849.3264699 7.28107134974 0.0 7.28107134974 0.0
57849.3265046 7.250448262 0.0 7.250448262 0.0
57849.3265509 7.23698832388 0.0 7.23698832388 0.0
57849.3266088 7.24334177021 0.0 7.24334177021 0.0
57849.3266782 7.22903866361 0.0 7.22903866361 0.0
57849.3267245 7.21241984358 0.0 7.21241984358 0.0
57849.3267593 7.21657813649 0.0 7.21657813649 0.0
57849.3268171 7.21505370735 0.0 7.21505370735 0.0
57849.3268866 7.76517868436 0.0 7.76517868436 0.0
57849.3269329 7.50373240461 0.0 7.50373240461 0.0
57849.3269792 7.53146732052 0.0 7.53146732052 0.0
57849.3270255 7.51964094888 0.0 7.51964094888 0.0
57849.3270949 7.87318232991 0.0 7.87318232991 0.0
57849.3271412 7.54128636242 0.0 7.54128636242 0.0
57849.3271875 7.22454150794 0.0 7.22454150794 0.0
57849.3272338 7.231804754 0.0 7.231804754 0.0
57849.3273032 7.2661544162 0.0 7.2661544162 0.0
57849.3273495 7.27694991051 0.0 7.27694991051 0.0
57849.3273958 7.5725160944 0.0 7.5725160944 0.0
57849.3274421 7.55843899228 0.0 7.55843899228 0.0
57849.3275116 7.5692800186 0.0 7.5692800186 0.0
57849.3275579 7.21477650381 0.0 7.21477650381 0.0
57849.3276157 7.49966665926 0.0 7.49966665926 0.0
57849.3276505 7.50979360569 0.0 7.50979360569 0.0
57849.3277199 7.78948008535 0.0 7.78948008535 0.0
57849.3277662 7.49979999733 0.0 7.49979999733 0.0
57849.3278241 7.53325958666 0.0 7.53325958666 0.0
57849.3278704 7.8204219835 0.0 7.8204219835 0.0
57849.3279398 7.24430811051 0.0 7.24430811051 0.0
57849.3279861 7.53710819877 0.0 7.53710819877 0.0
57849.3280324 7.83326241103 0.0 7.83326241103 0.0
57849.3280787 7.23553729864 0.0 7.23553729864 0.0
57849.3281481 7.22509515508 0.0 7.22509515508 0.0
57849.3281944 7.22080327941 0.0 7.22080327941 0.0
57849.3282407 8.18223685797 0.0 8.18223685797 0.0
57849.328287 7.22516435799 0.0 7.22516435799 0.0
57849.3283565 7.22813945632 0.0 7.22813945632 0.0
57849.3284028 7.2284161474 0.0 7.2284161474 0.0
57849.3284491 7.24948274017 0.0 7.24948274017 0.0
