57849.0320255 9.46699529946 0.0 9.46699529946 0.0
57849.0320602 9.3539296555 0.0 9.3539296555 0.0
57849.0321065 9.26390846241 0.0 9.26390846241 0.0
57849.0321644 9.41599702634 0.0 9.41599702634 0.0
57849.0322338 9.52097684064 0.0 9.52097684064 0.0
57849.0322801 9.25726741539 0.0 9.25726741539 0.0
57849.0323148 9.37272639097 0.0 9.37272639097 0.0
57849.0323727 9.2148250119 0.0 9.2148250119 0.0
57849.0324421 9.10878696644 0.0 9.10878696644 0.0
57849.0324884 9.27636782367 0.0 9.27636782367 0.0
57849.0325347 9.41981953118 0.0 9.41981953118 0.0
57849.032581 9.56117147634 0.0 9.56117147634 0.0
57849.0326505 9.54457961358 0.0 9.54457961358 0.0
57849.0326968 9.15609086892 0.0 9.15609086892 0.0
57849.0327431 9.17420296266 0.0 9.17420296266 0.0
57849.0327894 9.28067885448 0.0 9.28067885448 0.0
57849.0328588 9.20282565303 0.0 9.20282565303 0.0
57849.0329051 9.17262230772 0.0 9.17262230772 0.0
57849.0329514 9.22675457569 0.0 9.22675457569 0.0
57849.0329977 9.19244254809 0.0 9.19244254809 0.0
57849.0330671 9.15303228444 0.0 9.15303228444 0.0
57849.0331134 9.25348582968 0.0 9.25348582968 0.0
57849.0331713 9.16526049821 0.0 9.16526049821 0.0
57849.033206 9.16182296271 0.0 9.16182296271 0.0
57849.0332755 9.13504241917 0.0 9.13504241917 0.0
57849.0333218 9.05996688736 0.0 9.05996688736 0.0
57849.0333796 9.07232054107 0.0 9.07232054107 0.0
57849.0334259 9.14144408723 0.0 9.14144408723 0.0
57849.0334954 9.22610426995 0.0 9.22610426995 0.0
57849.0335417 9.11674283941 0.0 9.11674283941 0.0
57849.033588 9.07760981757 0.0 9.07760981757 0.0
57849.0336343 9.10538302325 0.0 9.10538302325 0.0
57849.0337037 9.07909687139 0.0 9.07909687139 0.0
57849.03375 9.2249119237 0.0 9.2249119237 0.0
57849.0337963 9.14997267755 0.0 9.14997267755 0.0
57849.0338426 9.17703655872 0.0 9.17703655872 0.0
57849.033912 9.14838783612 0.0 9.14838783612 0.0
57849.0339583 9.21026601136 0.0 9.21026601136 0.0
57849.0340046 9.17142300845 0.0 9.17142300845 0.0
57849.0570255 8.5775870733 0.0 8.5775870733 0.0
57849.0570602 8.55932240309 0.0 8.55932240309 0.0
57849.0571065 8.64528773379 0.0 8.64528773379 0.0
57849.0571644 8.62513768006 0.0 8.62513768006 0.0
57849.0572338 8.7830518614 0.0 8.7830518614 0.0
57849.0572801 8.51627852997 0.0 8.51627852997 0.0
57849.0573148 8.48492781348 0.0 8.48492781348 0.0
57849.0573727 8.45606291367 0.0 8.45606291367 0.0
57849.0574421 8.46912037935 0.0 8.46912037935 0.0
57849.0574884 8.54084304972 0.0 8.54084304972 0.0
57849.0575347 8.65222514732 0.0 8.65222514732 0.0
57849.057581 8.85686174669 0.0 8.85686174669 0.0
57849.0576505 8.86250528914 0.0 8.86250528914 0.0
57849.0576968 8.51533910071 0.0 8.51533910071 0.0
57849.0577431 8.45351997691 0.0 8.45351997691 0.0
57849.0577894 8.45156790187 0.0 8.45156790187 0.0
57849.0578588 8.52625357352 0.0 8.52625357352 0.0
57849.0579051 8.53609981198 0.0 8.53609981198 0.0
57849.0579514 8.50105875759 0.0 8.50105875759 0.0
57849.0579977 8.51768747959 0.0 8.51768747959 0.0
57849.0580671 8.4401421789 0.0 8.4401421789 0.0
57849.0581134 8.50881895447 0.0 8.50881895447 0.0
57849.0581713 8.46031914292 0.0 8.46031914292 0.0
57849.058206 8.43747592589 0.0 8.43747592589 0.0
57849.0582755 8.43308958805 0.0 8.43308958805 0.0
57849.0583218 8.44872771487 0.0 8.44872771487 0.0
57849.0583796 8.44002369665 0.0 8.44002369665 0.0
57849.0584259 8.48922846907 0.0 8.48922846907 0.0
57849.0584954 8.61103942622 0.0 8.61103942622 0.0
57849.0585417 8.46368713978 0.0 8.46368713978 0.0
57849.058588 8.45026626799 0.0 8.45026626799 0.0
57849.0586343 8.45558986706 0.0 8.45558986706 0.0
57849.0587037 8.42881960894 0.0 8.42881960894 0.0
57849.05875 8.40017856953 0.0 8.40017856953 0.0
57849.0587963 8.37018518314 0.0 8.37018518314 0.0
57849.0588426 8.3965469093 0.0 8.3965469093 0.0
57849.058912 8.41165857605 0.0 8.41165857605 0.0
57849.0589583 8.38844443267 0.0 8.38844443267 0.0
57849.0590046 2.09690247747 0.0 2.09690247747 0.0
57849.0820255 10.1014355415 0.0 10.1014355415 0.0
57849.0820602 8.16272013486 0.0 8.16272013486 0.0
57849.0821065 8.11430835007 0.0 8.11430835007 0.0
57849.0821644 8.40696140112 0.0 8.40696140112 0.0
57849.0822338 8.10135791087 0.0 8.10135791087 0.0
57849.0822801 7.32830130385 0.0 7.32830130385 0.0
57849.0823148 7.31867474342 0.0 7.31867474342 0.0
57849.0823727 7.1269909499 0.0 7.1269909499 0.0
57849.0824421 7.22301875949 0.0 7.22301875949 0.0
57849.0824884 7.21526160302 0.0 7.21526160302 0.0
57849.0825347 6.64454663615 0.0 6.64454663615 0.0
57849.082581 7.08371371528 0.0 7.08371371528 0.0
57849.0826505 6.82927521777 0.0 6.82927521777 0.0
57849.0826968 6.62253727811 0.0 6.62253727811 0.0
57849.0827431 6.88200552165 0.0 6.88200552165 0.0
57849.0827894 6.96541456053 0.0 6.96541456053 0.0
57849.0828588 6.78092913987 0.0 6.78092913987 0.0
57849.0829051 6.60507380731 0.0 6.60507380731 0.0
57849.0829514 6.59348162961 0.0 6.59348162961 0.0
57849.0829977 6.40960217174 0.0 6.40960217174 0.0
57849.0830671 6.64514860631 0.0 6.64514860631 0.0
57849.0831134 6.75544225051 0.0 6.75544225051 0.0
57849.0831713 7.20069441096 0.0 7.20069441096 0.0
57849.083206 6.58596993616 0.0 6.58596993616 0.0
57849.0832755 6.19104191554 0.0 6.19104191554 0.0
57849.0833218 6.12021241461 0.0 6.12021241461 0.0
57849.0833796 6.05103296967 0.0 6.05103296967 0.0
57849.0834259 6.1611687203 0.0 6.1611687203 0.0
57849.0834954 6.05871273457 0.0 6.05871273457 0.0
57849.0835417 6.08917071529 0.0 6.08917071529 0.0
57849.083588 6.18700250525 0.0 6.18700250525 0.0
57849.0836343 6.3958580347 0.0 6.3958580347 0.0
57849.0837037 6.39968749237 0.0 6.39968749237 0.0
57849.08375 6.49761494704 0.0 6.49761494704 0.0
57849.0837963 5.85286254751 0.0 5.85286254751 0.0
57849.0838426 5.5562577334 0.0 5.5562577334 0.0
57849.083912 6.26801403955 0.0 6.26801403955 0.0
57849.0839583 6.29078691421 0.0 6.29078691421 0.0
57849.0840046 3.53935022285 0.0 3.53935022285 0.0
57849.1209144 7.83613425102 0.0 7.83613425102 0.0
57849.1209491 7.90790743497 0.0 7.90790743497 0.0
57849.1209954 7.75886589651 0.0 7.75886589651 0.0
57849.1210532 7.7689767666 0.0 7.7689767666 0.0
57849.1211227 7.78697630663 0.0 7.78697630663 0.0
57849.121169 7.73647206419 0.0 7.73647206419 0.0
57849.1212037 7.79833315523 0.0 7.79833315523 0.0
57849.1212616 7.86288751032 0.0 7.86288751032 0.0
57849.121331 7.82202019941 0.0 7.82202019941 0.0
57849.1213773 7.7276775295 0.0 7.7276775295 0.0
57849.1214236 7.72424753617 0.0 7.72424753617 0.0
57849.1214699 7.72580092935 0.0 7.72580092935 0.0
57849.1215394 7.71952071051 0.0 7.71952071051 0.0
57849.1215856 7.71926162272 0.0 7.71926162272 0.0
57849.1216319 7.73110600108 0.0 7.73110600108 0.0
57849.1216782 7.73957363167 0.0 7.73957363167 0.0
57849.1217477 7.74015503721 0.0 7.74015503721 0.0
57849.121794 7.72334124586 0.0 7.72334124586 0.0
57849.1218403 7.73136469195 0.0 7.73136469195 0.0
57849.1218866 7.73155870443 0.0 7.73155870443 0.0
57849.121956 7.72761282674 0.0 7.72761282674 0.0
57849.1220023 7.73841068954 0.0 7.73841068954 0.0
57849.1220602 7.75841478654 0.0 7.75841478654 0.0
57849.1220949 7.77386647686 0.0 7.77386647686 0.0
57849.1221644 7.76582255785 0.0 7.76582255785 0.0
57849.1222106 7.71563348015 0.0 7.71563348015 0.0
57849.1222685 7.94405438048 0.0 7.94405438048 0.0
57849.1223148 7.72055697473 0.0 7.72055697473 0.0
57849.1223843 7.71867864339 0.0 7.71867864339 0.0
57849.1224306 7.71893775075 0.0 7.71893775075 0.0
57849.1224769 7.7244417274 0.0 7.7244417274 0.0
57849.1225231 7.72838922415 0.0 7.72838922415 0.0
57849.1225926 7.71524464939 0.0 7.71524464939 0.0
57849.1226389 7.7078531382 0.0 7.7078531382 0.0
57849.1226852 7.70181796721 0.0 7.70181796721 0.0
57849.1227315 7.70558239201 0.0 7.70558239201 0.0
57849.1228009 7.72411807263 0.0 7.72411807263 0.0
57849.1228472 7.72580092935 0.0 7.72580092935 0.0
57849.1228935 0.860232526704 0.0 0.860232526704 0.0
57849.1473032 7.66015665636 0.0 7.66015665636 0.0
57849.147338 7.62194200975 0.0 7.62194200975 0.0
57849.1473843 7.60973061284 0.0 7.60973061284 0.0
57849.1474421 7.61084752179 0.0 7.61084752179 0.0
57849.1475116 7.60177610825 0.0 7.60177610825 0.0
57849.1475579 7.60526133673 0.0 7.60526133673 0.0
57849.1475926 7.60374907529 0.0 7.60374907529 0.0
57849.1476505 7.61340922321 0.0 7.61340922321 0.0
57849.1477199 7.59894729551 0.0 7.59894729551 0.0
57849.1477662 7.60355180163 0.0 7.60355180163 0.0
57849.1478125 7.60440661722 0.0 7.60440661722 0.0
57849.1478588 7.60427511338 0.0 7.60427511338 0.0
57849.1479282 7.6084821088 0.0 7.6084821088 0.0
57849.1479745 7.61255541852 0.0 7.61255541852 0.0
57849.1480208 7.60046051236 0.0 7.60046051236 0.0
57849.1480671 7.59894729551 0.0 7.59894729551 0.0
57849.1481366 7.60013157781 0.0 7.60013157781 0.0
57849.1481829 7.59986841991 0.0 7.59986841991 0.0
57849.1482292 7.60539282352 0.0 7.60539282352 0.0
57849.1482755 7.61472258195 0.0 7.61472258195 0.0
57849.1483449 7.61813625502 0.0 7.61813625502 0.0
57849.1483912 7.61183289359 0.0 7.61183289359 0.0
57849.1484491 7.61787371909 0.0 7.61787371909 0.0
57849.1484838 7.61662654986 0.0 7.61662654986 0.0
57849.1485532 7.61058473443 0.0 7.61058473443 0.0
57849.1485995 7.61682348489 0.0 7.61682348489 0.0
57849.1486574 7.62659819317 0.0 7.62659819317 0.0
57849.1487037 7.62777818241 0.0 7.62777818241 0.0
57849.1487731 7.63596752219 0.0 7.63596752219 0.0
57849.1488194 7.61229269012 0.0 7.61229269012 0.0
57849.1488657 7.61202995265 0.0 7.61202995265 0.0
57849.148912 7.61885818217 0.0 7.61885818217 0.0
57849.1489815 7.62384417469 0.0 7.62384417469 0.0
57849.1490278 7.62246679232 0.0 7.62246679232 0.0
57849.1490741 7.64192384155 0.0 7.64192384155 0.0
57849.1491204 7.65120905478 0.0 7.65120905478 0.0
57849.1491898 7.65401855237 0.0 7.65401855237 0.0
57849.1492361 7.65447581484 0.0 7.65447581484 0.0
57849.1492824 7.66765935602 0.0 7.66765935602 0.0
57849.1723032 7.64028795269 0.0 7.64028795269 0.0
57849.172338 7.60835067541 0.0 7.60835067541 0.0
57849.1723843 7.58564433651 0.0 7.58564433651 0.0
57849.1724421 7.58313919165 0.0 7.58313919165 0.0
57849.1725116 7.58406223603 0.0 7.58406223603 0.0
57849.1725579 7.58366665934 0.0 7.58366665934 0.0
57849.1725926 7.58880754796 0.0 7.58880754796 0.0
57849.1726505 7.58768739472 0.0 7.58768739472 0.0
57849.1727199 7.58920285669 0.0 7.58920285669 0.0
57849.1727662 7.59012516366 0.0 7.59012516366 0.0
57849.1728125 7.59111322534 0.0 7.59111322534 0.0
57849.1728588 7.59216701608 0.0 7.59216701608 0.0
57849.1729282 7.58775329067 0.0 7.58775329067 0.0
57849.1729745 7.58412816347 0.0 7.58412816347 0.0
57849.1730208 7.5822819784 0.0 7.5822819784 0.0
57849.1730671 7.58135871727 0.0 7.58135871727 0.0
57849.1731366 7.58439186751 0.0 7.58439186751 0.0
57849.1731829 7.58768739472 0.0 7.58768739472 0.0
57849.1732292 7.58999341238 0.0 7.58999341238 0.0
57849.1732755 7.58999341238 0.0 7.58999341238 0.0
57849.1733449 7.58933462169 0.0 7.58933462169 0.0
57849.1733912 7.5857102502 0.0 7.5857102502 0.0
57849.1734491 7.58366665934 0.0 7.58366665934 0.0
57849.1734838 7.58590798784 0.0 7.58590798784 0.0
57849.1735532 7.58215009084 0.0 7.58215009084 0.0
57849.1735995 7.5909156233 0.0 7.5909156233 0.0
57849.1736574 7.58742380522 0.0 7.58742380522 0.0
57849.1737037 7.58742380522 0.0 7.58742380522 0.0
57849.1737731 7.58880754796 0.0 7.58880754796 0.0
57849.1738194 7.59664399587 0.0 7.59664399587 0.0
57849.1738657 7.59605160593 0.0 7.59605160593 0.0
57849.173912 7.5890710894 0.0 7.5890710894 0.0
57849.1739815 7.58386445027 0.0 7.58386445027 0.0
57849.1740278 7.58346886326 0.0 7.58346886326 0.0
57849.1740741 7.5822819784 0.0 7.5822819784 0.0
57849.1741204 7.5822819784 0.0 7.5822819784 0.0
57849.1741898 7.58412816347 0.0 7.58412816347 0.0
57849.1742361 7.58656707609 0.0 7.58656707609 0.0
57849.1742824 1.07563934476 0.0 1.07563934476 0.0
57849.1986227 7.74480471026 0.0 7.74480471026 0.0
57849.1986921 7.65617397921 0.0 7.65617397921 0.0
57849.1987384 7.60710194489 0.0 7.60710194489 0.0
57849.1987731 7.5786542341 0.0 7.5786542341 0.0
57849.198831 7.57792847683 0.0 7.57792847683 0.0
57849.1989005 7.80519058063 0.0 7.80519058063 0.0
57849.1989468 7.57812641753 0.0 7.57812641753 0.0
57849.1989931 7.59282556101 0.0 7.59282556101 0.0
57849.1990394 7.59295726315 0.0 7.59295726315 0.0
57849.1991088 7.58551250741 0.0 7.58551250741 0.0
57849.1991551 7.58722610708 0.0 7.58722610708 0.0
57849.1992014 7.58109490773 0.0 7.58109490773 0.0
57849.1992477 7.58155656841 0.0 7.58155656841 0.0
57849.1993171 7.58729200703 0.0 7.58729200703 0.0
57849.1993634 7.77933159082 0.0 7.77933159082 0.0
57849.1994097 7.58867577381 0.0 7.58867577381 0.0
57849.199456 7.59098149122 0.0 7.59098149122 0.0
57849.1995255 7.5942083195 0.0 7.5942083195 0.0
57849.1995718 7.58775329067 0.0 7.58775329067 0.0
57849.1996296 7.58630344766 0.0 7.58630344766 0.0
57849.1996644 7.59137668674 0.0 7.59137668674 0.0
57849.1997338 7.59730215274 0.0 7.59730215274 0.0
57849.1997801 8.03871880339 0.0 8.03871880339 0.0
57849.199838 7.58346886326 0.0 7.58346886326 0.0
57849.1998843 7.58940050333 0.0 7.58940050333 0.0
57849.1999537 7.58966402418 0.0 7.58966402418 0.0
57849.1999884 7.5792479838 0.0 7.5792479838 0.0
57849.2000463 7.58538067601 0.0 7.58538067601 0.0
57849.2000926 7.80954544132 0.0 7.80954544132 0.0
57849.200162 7.5926938566 0.0 7.5926938566 0.0
57849.2002083 7.58346886326 0.0 7.58346886326 0.0
57849.2002546 7.58551250741 0.0 7.58551250741 0.0
57849.2003009 7.58597389924 0.0 7.58597389924 0.0
57849.2003704 7.58439186751 0.0 7.58439186751 0.0
57849.2004167 7.80672786768 0.0 7.80672786768 0.0
57849.200463 7.58584207587 0.0 7.58584207587 0.0
57849.2005093 7.58748970345 0.0 7.58748970345 0.0
57849.2005787 7.58267762733 0.0 7.58267762733 0.0
57849.200625 7.79615289742 0.0 7.79615289742 0.0
57849.2006713 7.57641075972 0.0 7.57641075972 0.0
57849.2208449 7.77026383078 0.0 7.77026383078 0.0
57849.2209144 7.68622143839 0.0 7.68622143839 0.0
57849.2209606 7.65715351812 0.0 7.65715351812 0.0
57849.2209954 7.63216876124 0.0 7.63216876124 0.0
57849.2210532 7.64009162249 0.0 7.64009162249 0.0
57849.2211227 7.63616395843 0.0 7.63616395843 0.0
57849.221169 7.62994102205 0.0 7.62994102205 0.0
57849.2212153 7.63478879865 0.0 7.63478879865 0.0
57849.2212616 7.6216140023 0.0 7.6216140023 0.0
57849.221331 7.61675784045 0.0 7.61675784045 0.0
57849.2213773 7.62777818241 0.0 7.62777818241 0.0
57849.2214236 7.62489344188 0.0 7.62489344188 0.0
57849.2214699 7.62181080846 0.0 7.62181080846 0.0
57849.2215394 7.6210235533 0.0 7.6210235533 0.0
57849.2215856 7.8375378787 0.0 7.8375378787 0.0
57849.2216319 7.61524786202 0.0 7.61524786202 0.0
57849.2216782 7.82527954772 0.0 7.82527954772 0.0
57849.2217477 7.61485390536 0.0 7.61485390536 0.0
57849.221794 7.61058473443 0.0 7.61058473443 0.0
57849.2218519 7.81536947303 0.0 7.81536947303 0.0
57849.2218866 7.6156417983 0.0 7.6156417983 0.0
57849.221956 7.80467808433 0.0 7.80467808433 0.0
57849.2220023 7.62108916101 0.0 7.62108916101 0.0
57849.2220602 7.61518220399 0.0 7.61518220399 0.0
57849.2221065 7.61544483271 0.0 7.61544483271 0.0
57849.2221759 7.80896920214 0.0 7.80896920214 0.0
57849.2222106 7.62600813008 0.0 7.62600813008 0.0
57849.2222685 7.63636038961 0.0 7.63636038961 0.0
57849.2223148 7.6237785907 0.0 7.6237785907 0.0
57849.2223843 7.62489344188 0.0 7.62489344188 0.0
57849.2224306 7.60651036941 0.0 7.60651036941 0.0
57849.2224769 7.60736485256 0.0 7.60736485256 0.0
57849.2225231 7.83530471647 0.0 7.83530471647 0.0
57849.2225926 7.6092049519 0.0 7.6092049519 0.0
57849.2226389 7.61518220399 0.0 7.61518220399 0.0
57849.2226852 7.61386892454 0.0 7.61386892454 0.0
57849.2227315 7.61143876018 0.0 7.61143876018 0.0
57849.2228009 7.60394634384 0.0 7.60394634384 0.0
57849.2228472 7.75499838814 0.0 7.75499838814 0.0
57849.2228935 7.60512984768 0.0 7.60512984768 0.0
57849.2458449 7.76569378742 0.0 7.76569378742 0.0
57849.2459144 7.71064199662 0.0 7.71064199662 0.0
57849.2459606 7.6667463764 0.0 7.6667463764 0.0
57849.2459954 7.64852927039 0.0 7.64852927039 0.0
57849.2460532 7.64813702806 0.0 7.64813702806 0.0
57849.2461227 7.647614007 0.0 7.647614007 0.0
57849.246169 7.64722171772 0.0 7.64722171772 0.0
57849.2462153 7.6495751516 0.0 7.6495751516 0.0
57849.2462616 7.65943862173 0.0 7.65943862173 0.0
57849.246331 7.6650505543 0.0 7.6650505543 0.0
57849.2463773 7.65199320439 0.0 7.65199320439 0.0
57849.2464236 7.65153579355 0.0 7.65153579355 0.0
57849.2464699 7.83466655321 0.0 7.83466655321 0.0
57849.2465394 7.80429369001 0.0 7.80429369001 0.0
57849.2465856 7.82464056682 0.0 7.82464056682 0.0
57849.2466319 7.82943165243 0.0 7.82943165243 0.0
57849.2466782 7.66093989012 0.0 7.66093989012 0.0
57849.2467477 7.65290794404 0.0 7.65290794404 0.0
57849.246794 7.80653572335 0.0 7.80653572335 0.0
57849.2468519 7.80877711297 0.0 7.80877711297 0.0
57849.2468866 7.65617397921 0.0 7.65617397921 0.0
57849.246956 7.65558619571 0.0 7.65558619571 0.0
57849.2470023 7.65329994186 0.0 7.65329994186 0.0
57849.2470602 7.65310394546 0.0 7.65310394546 0.0
57849.2471065 7.81824788556 0.0 7.81824788556 0.0
57849.2471759 7.65467177611 0.0 7.65467177611 0.0
57849.2472106 7.6613967395 0.0 7.6613967395 0.0
57849.2472685 7.66524624523 0.0 7.66524624523 0.0
57849.2473148 7.84015305973 0.0 7.84015305973 0.0
57849.2473843 8.00506089921 0.0 8.00506089921 0.0
57849.2474306 7.66204933422 0.0 7.66204933422 0.0
57849.2474769 7.85066876132 0.0 7.85066876132 0.0
57849.2475231 7.66668115941 0.0 7.66668115941 0.0
57849.2475926 7.66296287346 0.0 7.66296287346 0.0
57849.2476389 7.66511578517 0.0 7.66511578517 0.0
57849.2476852 7.6682462141 0.0 7.6682462141 0.0
57849.2477315 7.81709664773 0.0 7.81709664773 0.0
57849.2478009 7.66426774063 0.0 7.66426774063 0.0
57849.2478472 7.66485485838 0.0 7.66485485838 0.0
57849.2478935 7.66948498923 0.0 7.66948498923 0.0
57849.2680671 7.8667655361 0.0 7.8667655361 0.0
57849.2681366 7.83115572569 0.0 7.83115572569 0.0
57849.2681829 7.77483118788 0.0 7.77483118788 0.0
57849.2682176 7.76865496724 0.0 7.76865496724 0.0
57849.2682755 7.78639839721 0.0 7.78639839721 0.0
57849.2683449 7.98235554207 0.0 7.98235554207 0.0
57849.2683912 7.92344621992 0.0 7.92344621992 0.0
57849.2684375 7.76504990325 0.0 7.76504990325 0.0
57849.2684838 7.78915913305 0.0 7.78915913305 0.0
57849.2685532 7.8006409993 0.0 7.8006409993 0.0
57849.2685995 7.77193669557 0.0 7.77193669557 0.0
57849.2686458 7.76376197471 0.0 7.76376197471 0.0
57849.2686921 7.76530746333 0.0 7.76530746333 0.0
57849.2687616 7.79243222621 0.0 7.79243222621 0.0
57849.2688079 7.75441809551 0.0 7.75441809551 0.0
57849.2688542 7.7586081226 0.0 7.7586081226 0.0
57849.2689005 7.76382637621 0.0 7.76382637621 0.0
57849.2689699 7.79204722778 0.0 7.79204722778 0.0
57849.2690162 7.76002577315 0.0 7.76002577315 0.0
57849.2690741 7.75789920017 0.0 7.75789920017 0.0
57849.2691088 7.77315894601 0.0 7.77315894601 0.0
57849.2691782 7.80422962245 0.0 7.80422962245 0.0
57849.2692245 7.78402209658 0.0 7.78402209658 0.0
57849.2692824 8.01380059647 0.0 8.01380059647 0.0
57849.2693287 8.04089547252 0.0 8.04089547252 0.0
57849.2693981 7.99343480614 0.0 7.99343480614 0.0
57849.2694329 7.76253824467 0.0 7.76253824467 0.0
57849.2694907 7.91770168673 0.0 7.91770168673 0.0
57849.269537 7.93624596393 0.0 7.93624596393 0.0
57849.2696065 7.93284312211 0.0 7.93284312211 0.0
57849.2696528 7.76144316477 0.0 7.76144316477 0.0
57849.2696991 7.93252797033 0.0 7.93252797033 0.0
57849.2697454 7.7575124879 0.0 7.7575124879 0.0
57849.2698148 7.76389077718 0.0 7.76389077718 0.0
57849.2698611 7.85938928925 0.0 7.85938928925 0.0
57849.2699074 7.87502380949 0.0 7.87502380949 0.0
57849.2699537 7.87000635324 0.0 7.87000635324 0.0
57849.2700231 7.75345084462 0.0 7.75345084462 0.0
57849.2700694 7.8692439281 0.0 7.8692439281 0.0
57849.2701157 7.74919350642 0.0 7.74919350642 0.0
57849.2931366 8.1104870384 0.0 8.1104870384 0.0
57849.2931713 7.99756212855 0.0 7.99756212855 0.0
57849.2932176 7.97502351094 0.0 7.97502351094 0.0
57849.2932755 7.97859636778 0.0 7.97859636778 0.0
57849.2933449 7.97941100583 0.0 7.97941100583 0.0
57849.2933912 7.96567636802 0.0 7.96567636802 0.0
57849.2934259 7.97295428307 0.0 7.97295428307 0.0
57849.2934838 7.96787299096 0.0 7.96787299096 0.0
57849.2935532 7.96981806568 0.0 7.96981806568 0.0
57849.2935995 7.9856120617 0.0 7.9856120617 0.0
57849.2936458 8.00062497559 0.0 8.00062497559 0.0
57849.2936921 7.98417184184 0.0 7.98417184184 0.0
57849.2937616 7.98761541388 0.0 7.98761541388 0.0
57849.2938079 7.975901203 0.0 7.975901203 0.0
57849.2938542 7.98273136213 0.0 7.98273136213 0.0
57849.2939005 7.98166649266 0.0 7.98166649266 0.0
57849.2939699 7.97514890143 0.0 7.97514890143 0.0
57849.2940162 7.97013174295 0.0 7.97013174295 0.0
57849.2940625 8.1091923149 0.0 8.1091923149 0.0
57849.2941088 8.03878100212 0.0 8.03878100212 0.0
57849.2941782 8.1643738278 0.0 8.1643738278 0.0
57849.2942245 8.11122678761 0.0 8.11122678761 0.0
57849.2942824 8.1253307625 0.0 8.1253307625 0.0
57849.2943171 7.99606153053 0.0 7.99606153053 0.0
57849.2943866 7.98717722353 0.0 7.98717722353 0.0
57849.2944329 7.97088451804 0.0 7.97088451804 0.0
57849.2944907 7.97458462868 0.0 7.97458462868 0.0
57849.294537 7.9921211202 0.0 7.9921211202 0.0
57849.2946065 8.02041146077 0.0 8.02041146077 0.0
57849.2946528 8.1170191573 0.0 8.1170191573 0.0
57849.2946991 8.09783921796 0.0 8.09783921796 0.0
57849.2947454 8.10654056919 0.0 8.10654056919 0.0
57849.2948148 8.06585395355 0.0 8.06585395355 0.0
57849.2948611 8.00618510903 0.0 8.00618510903 0.0
57849.2949074 8.06703167218 0.0 8.06703167218 0.0
57849.2949537 8.14106872591 0.0 8.14106872591 0.0
57849.2950231 8.07787100665 0.0 8.07787100665 0.0
57849.2950694 8.06603992056 0.0 8.06603992056 0.0
57849.2951157 8.0525772272 0.0 8.0525772272 0.0
57849.3153588 8.39178169401 0.0 8.39178169401 0.0
57849.3153935 8.34397986575 0.0 8.34397986575 0.0
57849.3154398 8.3243618374 0.0 8.3243618374 0.0
57849.3154977 8.32868537045 0.0 8.32868537045 0.0
57849.3155671 8.33168650394 0.0 8.33168650394 0.0
57849.3156134 8.34050358192 0.0 8.34050358192 0.0
57849.3156481 8.33144645305 0.0 8.33144645305 0.0
57849.315706 8.57799510375 0.0 8.57799510375 0.0
57849.3157755 8.36056218205 0.0 8.36056218205 0.0
57849.3158218 8.3533226922 0.0 8.3533226922 0.0
57849.3158681 9.40600871784 0.0 9.40600871784 0.0
57849.3159144 8.83781647241 0.0 8.83781647241 0.0
57849.3159838 8.85686174669 0.0 8.85686174669 0.0
57849.3160301 8.34955088613 0.0 8.34955088613 0.0
57849.3160764 8.37770851725 0.0 8.37770851725 0.0
57849.3161227 8.59261310662 0.0 8.59261310662 0.0
57849.3161921 8.37006571061 0.0 8.37006571061 0.0
57849.3162384 8.37949879169 0.0 8.37949879169 0.0
57849.3162847 8.38737145952 0.0 8.38737145952 0.0
57849.316331 8.38772913249 0.0 8.38772913249 0.0
57849.3164005 8.41920423793 0.0 8.41920423793 0.0
57849.3164468 8.35655431383 0.0 8.35655431383 0.0
57849.3165046 8.35876785178 0.0 8.35876785178 0.0
57849.3165394 8.61092329544 0.0 8.61092329544 0.0
57849.3166088 8.35386138262 0.0 8.35386138262 0.0
57849.3166551 8.58644280246 0.0 8.58644280246 0.0
57849.316713 8.37203678922 0.0 8.37203678922 0.0
57849.3167593 8.62658681055 0.0 8.62658681055 0.0
57849.3168287 8.64048609744 0.0 8.64048609744 0.0
57849.316875 8.85974040252 0.0 8.85974040252 0.0
57849.3169213 8.90567234969 0.0 8.90567234969 0.0
57849.3169676 8.40208307505 0.0 8.40208307505 0.0
57849.317037 8.37388798588 0.0 8.37388798588 0.0
57849.3170833 8.38975565794 0.0 8.38975565794 0.0
57849.3171296 8.37561938008 0.0 8.37561938008 0.0
57849.3171759 8.3726937123 0.0 8.3726937123 0.0
57849.3172454 8.37024491876 0.0 8.37024491876 0.0
57849.3172917 8.38051311078 0.0 8.38051311078 0.0
57849.317338 8.65811757832 0.0 8.65811757832 0.0
