57849.0694907 104.12066028 0.0 104.12066028 0.0
57849.0695023 103.971627042 0.0 103.971627042 0.0
57849.0695139 103.905568951 0.0 103.905568951 0.0
57849.0695255 104.014105951 0.0 104.014105951 0.0
57849.069537 104.057244256 0.0 104.057244256 0.0
57849.0695486 103.996088633 0.0 103.996088633 0.0
57849.0695602 103.885180118 0.0 103.885180118 0.0
57849.0695718 103.810545648 0.0 103.810545648 0.0
57849.0695833 103.906676301 0.0 103.906676301 0.0
57849.0695949 103.90089329 0.0 103.90089329 0.0
57849.0696065 103.814706501 0.0 103.814706501 0.0
57849.0696181 103.695114615 0.0 103.695114615 0.0
57849.0696296 103.717472095 0.0 103.717472095 0.0
57849.0696412 103.870986627 0.0 103.870986627 0.0
57849.0696528 103.850050259 0.0 103.850050259 0.0
57849.0696644 103.731997245 0.0 103.731997245 0.0
57849.0696759 103.640844132 0.0 103.640844132 0.0
57849.0696875 103.638410395 0.0 103.638410395 0.0
57849.0696991 103.702320585 0.0 103.702320585 0.0
57849.0697106 103.709570457 0.0 103.709570457 0.0
57849.0697222 103.71787567 0.0 103.71787567 0.0
57849.0697338 103.651806104 0.0 103.651806104 0.0
57849.0697454 103.703448036 0.0 103.703448036 0.0
57849.0697569 103.634437292 0.0 103.634437292 0.0
57849.0697685 103.795686963 0.0 103.795686963 0.0
57849.0697801 103.776712379 0.0 103.776712379 0.0
57849.0697917 103.553570046 0.0 103.553570046 0.0
57849.0698032 103.58313527 0.0 103.58313527 0.0
57849.0698148 103.674762504 0.0 103.674762504 0.0
57849.0698264 103.595318592 0.0 103.595318592 0.0
57849.069838 103.618283391 0.0 103.618283391 0.0
57849.0698495 103.541422 0.0 103.541422 0.0
57849.0698611 103.468956032 0.0 103.468956032 0.0
57849.0698727 103.591478856 0.0 103.591478856 0.0
57849.0698843 103.636101158 0.0 103.636101158 0.0
57849.0698958 103.578556907 0.0 103.578556907 0.0
57849.0699074 103.474677714 0.0 103.474677714 0.0
57849.069919 103.526266345 0.0 103.526266345 0.0
57849.0699306 103.44329602 0.0 103.44329602 0.0
57849.0699421 103.438585983 0.0 103.438585983 0.0
57849.0699537 103.481969095 0.0 103.481969095 0.0
57849.0699653 103.30023741 0.0 103.30023741 0.0
57849.0699769 103.385683483 0.0 103.385683483 0.0
57849.0699884 103.382438505 0.0 103.382438505 0.0
57849.07 103.424528854 0.0 103.424528854 0.0
57849.0700116 103.481192747 0.0 103.481192747 0.0
57849.0700231 103.392415258 0.0 103.392415258 0.0
57849.0700347 103.348919532 0.0 103.348919532 0.0
57849.0700463 103.471157261 0.0 103.471157261 0.0
57849.0700579 103.5427888 0.0 103.5427888 0.0
57849.0700694 103.467397007 0.0 103.467397007 0.0
57849.070081 103.406318907 0.0 103.406318907 0.0
57849.0700926 102.909583362 0.0 102.909583362 0.0
57849.0701042 103.156340427 0.0 103.156340427 0.0
57849.0701157 103.47379055 0.0 103.47379055 0.0
57849.0701273 103.445266486 0.0 103.445266486 0.0
57849.0701389 103.346664234 0.0 103.346664234 0.0
57849.0701505 103.297780563 0.0 103.297780563 0.0
57849.070162 103.543466412 0.0 103.543466412 0.0
57849.0701736 103.575467257 0.0 103.575467257 0.0
57849.0701852 103.325912218 0.0 103.325912218 0.0
57849.0701968 103.33120455 0.0 103.33120455 0.0
57849.0702083 103.34756304 0.0 103.34756304 0.0
57849.0702199 103.484506769 0.0 103.484506769 0.0
57849.0702315 103.428620983 0.0 103.428620983 0.0
57849.0702431 103.423849061 0.0 103.423849061 0.0
57849.0702546 103.325928735 0.0 103.325928735 0.0
57849.0702662 103.41936854 0.0 103.41936854 0.0
57849.0702778 103.431629856 0.0 103.431629856 0.0
57849.0702894 103.611638113 0.0 103.611638113 0.0
57849.0703009 103.592500113 0.0 103.592500113 0.0
57849.0703125 103.462422255 0.0 103.462422255 0.0
57849.0703241 103.481700931 0.0 103.481700931 0.0
57849.0703356 103.577953553 0.0 103.577953553 0.0
57849.0703472 103.590870419 0.0 103.590870419 0.0
57849.0703588 103.542081374 0.0 103.542081374 0.0
57849.0703704 103.531538737 0.0 103.531538737 0.0
57849.0703819 103.52558724 0.0 103.52558724 0.0
57849.0703935 103.539583073 0.0 103.539583073 0.0
57849.0704051 103.670286149 0.0 103.670286149 0.0
57849.0704167 103.72948067 0.0 103.72948067 0.0
57849.0704282 103.516819085 0.0 103.516819085 0.0
57849.0704398 103.46949392 0.0 103.46949392 0.0
57849.0704514 103.638440256 0.0 103.638440256 0.0
57849.070463 103.772934355 0.0 103.772934355 0.0
57849.0704745 103.805171156 0.0 103.805171156 0.0
57849.0704861 103.664494026 0.0 103.664494026 0.0
57849.0704977 103.744814052 0.0 103.744814052 0.0
57849.0705093 103.784069544 0.0 103.784069544 0.0
57849.0705208 103.794611258 0.0 103.794611258 0.0
57849.0705324 103.6771925 0.0 103.6771925 0.0
57849.070544 103.581626798 0.0 103.581626798 0.0
57849.0705556 103.544752069 0.0 103.544752069 0.0
57849.0705671 103.666472257 0.0 103.666472257 0.0
57849.0705787 103.583813264 0.0 103.583813264 0.0
57849.0705903 103.680650076 0.0 103.680650076 0.0
57849.0706019 103.597672936 0.0 103.597672936 0.0
57849.0706134 103.569450781 0.0 103.569450781 0.0
57849.070625 103.634933296 0.0 103.634933296 0.0
57849.0706366 103.65049695 0.0 103.65049695 0.0
57849.0706481 103.463274525 0.0 103.463274525 0.0
57849.0706597 103.261284521 0.0 103.261284521 0.0
57849.0706713 103.289555361 0.0 103.289555361 0.0
57849.0706829 103.384190742 0.0 103.384190742 0.0
57849.0706944 103.454381631 0.0 103.454381631 0.0
57849.070706 103.441241234 0.0 103.441241234 0.0
57849.0707176 103.318433584 0.0 103.318433584 0.0
57849.0707292 103.480216116 0.0 103.480216116 0.0
57849.0707407 103.504814717 0.0 103.504814717 0.0
57849.0707523 103.410431492 0.0 103.410431492 0.0
57849.0707639 103.452265304 0.0 103.452265304 0.0
57849.0707755 103.326825629 0.0 103.326825629 0.0
57849.070787 103.251847439 0.0 103.251847439 0.0
57849.0707986 103.292702025 0.0 103.292702025 0.0
57849.0708102 103.535434892 0.0 103.535434892 0.0
57849.0708218 103.266751965 0.0 103.266751965 0.0
57849.0708333 103.183636809 0.0 103.183636809 0.0
57849.0708449 103.208232573 0.0 103.208232573 0.0
57849.0708565 103.302824786 0.0 103.302824786 0.0
57849.0708681 103.337341436 0.0 103.337341436 0.0
57849.0708796 103.377358913 0.0 103.377358913 0.0
57849.0708912 103.275444954 0.0 103.275444954 0.0
57849.0709028 103.170018632 0.0 103.170018632 0.0
57849.0709144 103.269521327 0.0 103.269521327 0.0
57849.0709259 103.482220706 0.0 103.482220706 0.0
57849.0709375 103.518051266 0.0 103.518051266 0.0
57849.0709491 103.259423078 0.0 103.259423078 0.0
57849.0709606 103.255569979 0.0 103.255569979 0.0
57849.0709722 103.324138284 0.0 103.324138284 0.0
57849.0709838 103.334599182 0.0 103.334599182 0.0
57849.0709954 103.258947824 0.0 103.258947824 0.0
57849.0710069 103.284302426 0.0 103.284302426 0.0
57849.0710185 103.158326077 0.0 103.158326077 0.0
57849.0710301 103.133469058 0.0 103.133469058 0.0
57849.0710417 103.205221537 0.0 103.205221537 0.0
57849.0710532 103.224231446 0.0 103.224231446 0.0
57849.0710648 103.060397866 0.0 103.060397866 0.0
57849.0710764 103.078457447 0.0 103.078457447 0.0
57849.071088 103.218279072 0.0 103.218279072 0.0
57849.0710995 103.360266496 0.0 103.360266496 0.0
57849.0711111 103.247442023 0.0 103.247442023 0.0
57849.0711227 103.044318748 0.0 103.044318748 0.0
57849.0711343 103.157983322 0.0 103.157983322 0.0
57849.0711458 103.14722033 0.0 103.14722033 0.0
57849.0711574 103.298120686 0.0 103.298120686 0.0
57849.071169 103.144854403 0.0 103.144854403 0.0
57849.0711806 103.094051963 0.0 103.094051963 0.0
57849.0711921 103.059257466 0.0 103.059257466 0.0
57849.0712037 103.165044736 0.0 103.165044736 0.0
57849.0712153 103.204573505 0.0 103.204573505 0.0
57849.0712269 103.186582645 0.0 103.186582645 0.0
57849.0712384 103.0715708 0.0 103.0715708 0.0
57849.07125 103.039337126 0.0 103.039337126 0.0
57849.0712616 103.013408017 0.0 103.013408017 0.0
57849.0712731 103.185148451 0.0 103.185148451 0.0
57849.0712847 103.152384123 0.0 103.152384123 0.0
57849.0712963 102.944896666 0.0 102.944896666 0.0
57849.0713079 103.055660305 0.0 103.055660305 0.0
57849.0713194 103.122345756 0.0 103.122345756 0.0
57849.071331 103.11668182 0.0 103.11668182 0.0
57849.0713426 102.972684518 0.0 102.972684518 0.0
57849.0713542 102.947541881 0.0 102.947541881 0.0
57849.0713657 102.902146447 0.0 102.902146447 0.0
57849.0713773 102.939721527 0.0 102.939721527 0.0
57849.0713889 103.130558351 0.0 103.130558351 0.0
57849.0714005 103.072913842 0.0 103.072913842 0.0
57849.071412 103.102251434 0.0 103.102251434 0.0
57849.0714236 103.087774568 0.0 103.087774568 0.0
57849.0714352 103.006391139 0.0 103.006391139 0.0
57849.0714468 103.064293137 0.0 103.064293137 0.0
57849.0714583 103.090741157 0.0 103.090741157 0.0
57849.0714699 102.926829664 0.0 102.926829664 0.0
57849.0714815 102.925760375 0.0 102.925760375 0.0
57849.0714931 103.046353943 0.0 103.046353943 0.0
57849.0715046 103.112544911 0.0 103.112544911 0.0
57849.0715162 103.074918576 0.0 103.074918576 0.0
57849.1083796 78.8319265119 0.0 78.8319265119 0.0
57849.1083912 78.8306712709 0.0 78.8306712709 0.0
57849.1084028 78.8196702321 0.0 78.8196702321 0.0
57849.1084144 78.8301829943 0.0 78.8301829943 0.0
57849.1084259 78.8430791859 0.0 78.8430791859 0.0
57849.1084375 78.836635614 0.0 78.836635614 0.0
57849.1084491 78.8471492455 0.0 78.8471492455 0.0
57849.1084606 78.7502570665 0.0 78.7502570665 0.0
57849.1084722 78.8030093802 0.0 78.8030093802 0.0
57849.1084838 78.817862661 0.0 78.817862661 0.0
57849.1084954 78.7447912194 0.0 78.7447912194 0.0
57849.1085069 78.6826328264 0.0 78.6826328264 0.0
57849.1085185 78.6958982819 0.0 78.6958982819 0.0
57849.1085301 78.7727011114 0.0 78.7727011114 0.0
57849.1085417 78.741213739 0.0 78.741213739 0.0
57849.1085532 78.6677456388 0.0 78.6677456388 0.0
57849.1085648 78.648092946 0.0 78.648092946 0.0
57849.1085764 78.6914655369 0.0 78.6914655369 0.0
57849.108588 78.7091621985 0.0 78.7091621985 0.0
57849.1085995 78.7566311508 0.0 78.7566311508 0.0
57849.1086111 78.7368405382 0.0 78.7368405382 0.0
57849.1086227 78.6955498847 0.0 78.6955498847 0.0
57849.1086343 78.7415563713 0.0 78.7415563713 0.0
57849.1086458 78.7601854685 0.0 78.7601854685 0.0
57849.1086574 78.7185352098 0.0 78.7185352098 0.0
57849.108669 78.6624466397 0.0 78.6624466397 0.0
57849.1086806 78.6120462469 0.0 78.6120462469 0.0
57849.1086921 78.663902703 0.0 78.663902703 0.0
57849.1087037 78.7207082376 0.0 78.7207082376 0.0
57849.1087153 78.7668911149 0.0 78.7668911149 0.0
57849.1087269 78.7167820789 0.0 78.7167820789 0.0
57849.1087384 78.6620437008 0.0 78.6620437008 0.0
57849.10875 78.637302794 0.0 78.637302794 0.0
57849.1087616 78.6394535873 0.0 78.6394535873 0.0
57849.1087731 78.6981444669 0.0 78.6981444669 0.0
57849.1087847 78.632085262 0.0 78.632085262 0.0
57849.1087963 78.5718134716 0.0 78.5718134716 0.0
57849.1088079 78.5449984037 0.0 78.5449984037 0.0
57849.1088194 78.6540946572 0.0 78.6540946572 0.0
57849.108831 78.6604676214 0.0 78.6604676214 0.0
57849.1088426 78.62295088 0.0 78.62295088 0.0
57849.1088542 78.5623066922 0.0 78.5623066922 0.0
57849.1088657 78.6152905263 0.0 78.6152905263 0.0
57849.1088773 78.6511068228 0.0 78.6511068228 0.0
57849.1088889 78.6867369704 0.0 78.6867369704 0.0
57849.1089005 78.6367146029 0.0 78.6367146029 0.0
57849.108912 78.6269369549 0.0 78.6269369549 0.0
57849.1089236 78.6363913965 0.0 78.6363913965 0.0
57849.1089352 78.6913311788 0.0 78.6913311788 0.0
57849.1089468 78.7188682374 0.0 78.7188682374 0.0
57849.1089583 78.659979114 0.0 78.659979114 0.0
57849.1089699 78.5809412907 0.0 78.5809412907 0.0
57849.1089815 78.53347214 0.0 78.53347214 0.0
57849.1089931 78.5433425443 0.0 78.5433425443 0.0
57849.1090046 78.6449330038 0.0 78.6449330038 0.0
57849.1090162 78.6465088012 0.0 78.6465088012 0.0
57849.1090278 78.5790935632 0.0 78.5790935632 0.0
57849.1090394 78.5408914555 0.0 78.5408914555 0.0
57849.1090509 78.5951354279 0.0 78.5951354279 0.0
57849.1090625 78.6341230447 0.0 78.6341230447 0.0
57849.1090741 78.5648866109 0.0 78.5648866109 0.0
57849.1090856 78.5028639188 0.0 78.5028639188 0.0
57849.1090972 78.5091379995 0.0 78.5091379995 0.0
57849.1091088 78.5236254035 0.0 78.5236254035 0.0
57849.1091204 78.5173751972 0.0 78.5173751972 0.0
57849.1091319 78.4804444212 0.0 78.4804444212 0.0
57849.1091435 78.5301181668 0.0 78.5301181668 0.0
57849.1091551 78.4553187656 0.0 78.4553187656 0.0
57849.1091667 78.4998243321 0.0 78.4998243321 0.0
57849.1091782 78.4787957206 0.0 78.4787957206 0.0
57849.1091898 78.4447422102 0.0 78.4447422102 0.0
57849.1092014 78.4309768264 0.0 78.4309768264 0.0
57849.109213 78.3616731686 0.0 78.3616731686 0.0
57849.1092245 78.3766762887 0.0 78.3766762887 0.0
57849.1092361 78.46969166 0.0 78.46969166 0.0
57849.1092477 78.46226774 0.0 78.46226774 0.0
57849.1092593 78.4023706126 0.0 78.4023706126 0.0
57849.1092708 78.4131992148 0.0 78.4131992148 0.0
57849.1092824 78.4410383481 0.0 78.4410383481 0.0
57849.109294 78.4250971774 0.0 78.4250971774 0.0
57849.1093056 78.3103444688 0.0 78.3103444688 0.0
57849.1093171 78.2791234064 0.0 78.2791234064 0.0
57849.1093287 78.2551358215 0.0 78.2551358215 0.0
57849.1093403 78.3092316908 0.0 78.3092316908 0.0
57849.1093519 78.3571295035 0.0 78.3571295035 0.0
57849.1093634 78.2997274865 0.0 78.2997274865 0.0
57849.109375 78.2746562207 0.0 78.2746562207 0.0
57849.1093866 78.2736669623 0.0 78.2736669623 0.0
57849.1093981 78.3699402615 0.0 78.3699402615 0.0
57849.1094097 78.3432713658 0.0 78.3432713658 0.0
57849.1094213 78.3032513433 0.0 78.3032513433 0.0
57849.1094329 78.2676535536 0.0 78.2676535536 0.0
57849.1094444 78.2179611601 0.0 78.2179611601 0.0
57849.109456 78.307181375 0.0 78.307181375 0.0
57849.1094676 78.3979018511 0.0 78.3979018511 0.0
57849.1094792 78.3114833054 0.0 78.3114833054 0.0
57849.1094907 78.2368747452 0.0 78.2368747452 0.0
57849.1095023 78.1203277533 0.0 78.1203277533 0.0
57849.1095139 78.1818720756 0.0 78.1818720756 0.0
57849.1095255 78.2021257187 0.0 78.2021257187 0.0
57849.109537 78.2344819363 0.0 78.2344819363 0.0
57849.1095486 78.2218802599 0.0 78.2218802599 0.0
57849.1095602 78.2352968796 0.0 78.2352968796 0.0
57849.1095718 78.2497199146 0.0 78.2497199146 0.0
57849.1095833 78.30550162 0.0 78.30550162 0.0
57849.1095949 78.2310743962 0.0 78.2310743962 0.0
57849.1096065 78.195502455 0.0 78.195502455 0.0
57849.1096181 78.2348616114 0.0 78.2348616114 0.0
57849.1096296 78.2378967063 0.0 78.2378967063 0.0
57849.1096412 78.295820279 0.0 78.295820279 0.0
57849.1096528 78.3421901423 0.0 78.3421901423 0.0
57849.1096644 78.3366954128 0.0 78.3366954128 0.0
57849.1096759 78.3138888801 0.0 78.3138888801 0.0
57849.1096875 78.3489560033 0.0 78.3489560033 0.0
57849.1096991 78.3576909342 0.0 78.3576909342 0.0
57849.1097106 78.3043166958 0.0 78.3043166958 0.0
57849.1097222 78.3498774232 0.0 78.3498774232 0.0
57849.1097338 78.2661390255 0.0 78.2661390255 0.0
57849.1097454 78.2969873333 0.0 78.2969873333 0.0
57849.1097569 78.3280442839 0.0 78.3280442839 0.0
57849.1097685 78.3277778721 0.0 78.3277778721 0.0
57849.1097801 78.2550991464 0.0 78.2550991464 0.0
57849.1098148 78.317345826 0.0 78.317345826 0.0
57849.1098264 78.3223562729 0.0 78.3223562729 0.0
57849.109838 78.3799426083 0.0 78.3799426083 0.0
57849.1098495 78.4170713858 0.0 78.4170713858 0.0
57849.1098611 78.3746054321 0.0 78.3746054321 0.0
57849.1098727 78.3207697581 0.0 78.3207697581 0.0
57849.1098843 78.368001055 0.0 78.368001055 0.0
57849.1098958 78.4134658876 0.0 78.4134658876 0.0
57849.1099074 78.3894046075 0.0 78.3894046075 0.0
57849.109919 78.3327332645 0.0 78.3327332645 0.0
57849.1099306 78.3605253852 0.0 78.3605253852 0.0
57849.1099421 78.3966315369 0.0 78.3966315369 0.0
57849.1099537 78.481787127 0.0 78.481787127 0.0
57849.1099653 78.484706279 0.0 78.484706279 0.0
57849.1099769 78.3716567973 0.0 78.3716567973 0.0
57849.1099884 78.3938018365 0.0 78.3938018365 0.0
57849.11 78.4424266851 0.0 78.4424266851 0.0
57849.1100116 78.4280855542 0.0 78.4280855542 0.0
57849.1100231 78.4637157105 0.0 78.4637157105 0.0
57849.1100347 78.4238643981 0.0 78.4238643981 0.0
57849.1100463 78.4581386068 0.0 78.4581386068 0.0
57849.1100579 78.4515089233 0.0 78.4515089233 0.0
57849.1100694 78.4831547631 0.0 78.4831547631 0.0
57849.110081 78.4043011032 0.0 78.4043011032 0.0
57849.1100926 78.4863408572 0.0 78.4863408572 0.0
57849.1101042 78.454185163 0.0 78.454185163 0.0
57849.1101157 78.5134083825 0.0 78.5134083825 0.0
57849.1101273 78.5262884341 0.0 78.5262884341 0.0
57849.1101389 78.4792903275 0.0 78.4792903275 0.0
57849.1101505 78.549109107 0.0 78.549109107 0.0
57849.110162 78.6172174313 0.0 78.6172174313 0.0
57849.1101736 78.7147518689 0.0 78.7147518689 0.0
57849.1101852 78.7182794931 0.0 78.7182794931 0.0
57849.1101968 78.6465064243 0.0 78.6465064243 0.0
57849.1102083 78.5614115152 0.0 78.5614115152 0.0
57849.1102199 78.6341812677 0.0 78.6341812677 0.0
57849.1102315 78.6426192718 0.0 78.6426192718 0.0
57849.1102431 78.6551595586 0.0 78.6551595586 0.0
57849.1102546 78.6231136462 0.0 78.6231136462 0.0
57849.1102662 78.6458290419 0.0 78.6458290419 0.0
57849.1102778 78.6837087782 0.0 78.6837087782 0.0
57849.1102894 78.79960926 0.0 78.79960926 0.0
57849.1103009 78.8452755888 0.0 78.8452755888 0.0
57849.1103125 78.7897906144 0.0 78.7897906144 0.0
57849.1103241 78.709439295 0.0 78.709439295 0.0
57849.1103356 78.7536040865 0.0 78.7536040865 0.0
57849.1103472 78.8137427783 0.0 78.8137427783 0.0
57849.1103704 78.8617599182 0.0 78.8617599182 0.0
57849.1103819 78.6936604784 0.0 78.6936604784 0.0
57849.1103935 78.7880931777 0.0 78.7880931777 0.0
57849.1104051 78.7902929478 0.0 78.7902929478 0.0
57849.1333796 72.1258253342 0.0 72.1258253342 0.0
57849.1333912 72.1721206456 0.0 72.1721206456 0.0
57849.1334028 72.2054173867 0.0 72.2054173867 0.0
57849.1334144 72.1888585174 0.0 72.1888585174 0.0
57849.1334259 72.1645508504 0.0 72.1645508504 0.0
57849.1334375 72.1616722868 0.0 72.1616722868 0.0
57849.1334491 72.0480170681 0.0 72.0480170681 0.0
57849.1334606 71.9490237586 0.0 71.9490237586 0.0
57849.1334722 71.899907044 0.0 71.899907044 0.0
57849.1334838 71.9260424525 0.0 71.9260424525 0.0
57849.1334954 71.9479000594 0.0 71.9479000594 0.0
57849.1335069 71.9670821229 0.0 71.9670821229 0.0
57849.1335185 71.9950467053 0.0 71.9950467053 0.0
57849.1335301 71.9360057799 0.0 71.9360057799 0.0
57849.1335417 71.9749254783 0.0 71.9749254783 0.0
57849.1335532 71.9492703991 0.0 71.9492703991 0.0
57849.1335648 71.984161304 0.0 71.984161304 0.0
57849.1335764 72.022516723 0.0 72.022516723 0.0
57849.133588 71.9398266125 0.0 71.9398266125 0.0
57849.1335995 71.8912649424 0.0 71.8912649424 0.0
57849.1336111 71.95911993 0.0 71.95911993 0.0
57849.1336227 72.0146109206 0.0 72.0146109206 0.0
57849.1336343 72.0432299915 0.0 72.0432299915 0.0
57849.1336458 71.933240054 0.0 71.933240054 0.0
57849.1336574 71.9117903397 0.0 71.9117903397 0.0
57849.133669 71.936317634 0.0 71.936317634 0.0
57849.1336806 71.9743258655 0.0 71.9743258655 0.0
57849.1336921 71.9834045268 0.0 71.9834045268 0.0
57849.1337037 71.9288699005 0.0 71.9288699005 0.0
57849.1337153 71.9376789657 0.0 71.9376789657 0.0
57849.1337269 72.0064268756 0.0 72.0064268756 0.0
57849.1337384 72.0045234495 0.0 72.0045234495 0.0
57849.13375 72.004464798 0.0 72.004464798 0.0
57849.1337616 72.0088648642 0.0 72.0088648642 0.0
57849.1337731 71.9760085521 0.0 71.9760085521 0.0
57849.1337847 71.9818920961 0.0 71.9818920961 0.0
57849.1337963 71.9839178955 0.0 71.9839178955 0.0
57849.1338079 71.9861185517 0.0 71.9861185517 0.0
57849.1338194 71.9494009086 0.0 71.9494009086 0.0
57849.133831 71.8701326732 0.0 71.8701326732 0.0
57849.1338426 71.861888777 0.0 71.861888777 0.0
57849.1338542 71.9473835602 0.0 71.9473835602 0.0
57849.1338657 71.9360478028 0.0 71.9360478028 0.0
57849.1338773 71.9101076427 0.0 71.9101076427 0.0
57849.1338889 71.9139893872 0.0 71.9139893872 0.0
57849.1339005 71.9339522128 0.0 71.9339522128 0.0
57849.133912 71.9238862599 0.0 71.9238862599 0.0
57849.1339236 71.9540307907 0.0 71.9540307907 0.0
57849.1339352 71.9107112876 0.0 71.9107112876 0.0
57849.1339468 71.8356974202 0.0 71.8356974202 0.0
57849.1339583 71.857371502 0.0 71.857371502 0.0
57849.1339699 71.8566985694 0.0 71.8566985694 0.0
57849.1339815 71.8744670725 0.0 71.8744670725 0.0
57849.1339931 71.8273613951 0.0 71.8273613951 0.0
57849.1340046 71.7676047273 0.0 71.7676047273 0.0
57849.1340162 71.8112944899 0.0 71.8112944899 0.0
57849.1340278 71.8047209109 0.0 71.8047209109 0.0
57849.1340394 71.8251046249 0.0 71.8251046249 0.0
57849.1340509 71.7883562304 0.0 71.7883562304 0.0
57849.1340625 71.7664576973 0.0 71.7664576973 0.0
57849.1340741 71.760626707 0.0 71.760626707 0.0
57849.1340856 71.7906916678 0.0 71.7906916678 0.0
57849.1340972 71.8402037619 0.0 71.8402037619 0.0
57849.1341088 71.7631833807 0.0 71.7631833807 0.0
57849.1341204 71.7687186507 0.0 71.7687186507 0.0
57849.1341319 71.7490463313 0.0 71.7490463313 0.0
57849.1341435 71.7827447805 0.0 71.7827447805 0.0
57849.1341551 71.8087354692 0.0 71.8087354692 0.0
57849.1341667 71.7380456208 0.0 71.7380456208 0.0
57849.1341782 71.7619469845 0.0 71.7619469845 0.0
57849.1341898 71.7762956496 0.0 71.7762956496 0.0
57849.1342014 71.7810675907 0.0 71.7810675907 0.0
57849.134213 71.7442373022 0.0 71.7442373022 0.0
57849.1342245 71.666945151 0.0 71.666945151 0.0
57849.1342361 71.6655787151 0.0 71.6655787151 0.0
57849.1342477 71.6776004666 0.0 71.6776004666 0.0
57849.1342593 71.6724684344 0.0 71.6724684344 0.0
57849.1342708 71.6483614697 0.0 71.6483614697 0.0
57849.1342824 71.580812625 0.0 71.580812625 0.0
57849.134294 71.5621084248 0.0 71.5621084248 0.0
57849.1343056 71.6093682125 0.0 71.6093682125 0.0
57849.1343171 71.627814515 0.0 71.627814515 0.0
57849.1343287 71.5727855628 0.0 71.5727855628 0.0
57849.1343403 71.4290195512 0.0 71.4290195512 0.0
57849.1343519 71.3909907587 0.0 71.3909907587 0.0
57849.1343634 71.4426072089 0.0 71.4426072089 0.0
57849.134375 71.4965755913 0.0 71.4965755913 0.0
57849.1343866 71.461871205 0.0 71.461871205 0.0
57849.1343981 71.3636630969 0.0 71.3636630969 0.0
57849.1344097 71.3372134774 0.0 71.3372134774 0.0
57849.1344213 71.3704033216 0.0 71.3704033216 0.0
57849.1344329 71.4279281296 0.0 71.4279281296 0.0
57849.1344444 71.4087344806 0.0 71.4087344806 0.0
57849.134456 71.3234708782 0.0 71.3234708782 0.0
57849.1344676 71.2345220754 0.0 71.2345220754 0.0
57849.1344792 71.3301578355 0.0 71.3301578355 0.0
57849.1344907 71.5092816475 0.0 71.5092816475 0.0
57849.1345023 71.5437943628 0.0 71.5437943628 0.0
57849.1345139 71.4980387972 0.0 71.4980387972 0.0
57849.1345255 71.4686290661 0.0 71.4686290661 0.0
57849.134537 71.4580478231 0.0 71.4580478231 0.0
57849.1345486 71.4799005238 0.0 71.4799005238 0.0
57849.1345602 71.3978835103 0.0 71.3978835103 0.0
57849.1345718 71.3801241194 0.0 71.3801241194 0.0
57849.1345833 71.3099356627 0.0 71.3099356627 0.0
57849.1345949 71.3051005307 0.0 71.3051005307 0.0
57849.1346065 71.3240929529 0.0 71.3240929529 0.0
57849.1346181 71.2949013653 0.0 71.2949013653 0.0
57849.1346296 71.2882464258 0.0 71.2882464258 0.0
57849.1346412 71.2650394494 0.0 71.2650394494 0.0
57849.1346528 71.2999074194 0.0 71.2999074194 0.0
57849.1346644 71.2622363005 0.0 71.2622363005 0.0
57849.1346759 71.2818665809 0.0 71.2818665809 0.0
57849.1346875 71.2274429144 0.0 71.2274429144 0.0
57849.1346991 71.1762258312 0.0 71.1762258312 0.0
57849.1347106 71.1812270648 0.0 71.1812270648 0.0
57849.1347222 71.2655776806 0.0 71.2655776806 0.0
57849.1347338 71.2763516986 0.0 71.2763516986 0.0
57849.1347454 71.212316683 0.0 71.212316683 0.0
57849.1347569 71.1793218036 0.0 71.1793218036 0.0
57849.1347685 71.1899932686 0.0 71.1899932686 0.0
57849.1347801 71.2110190316 0.0 71.2110190316 0.0
57849.1347917 71.2030984522 0.0 71.2030984522 0.0
57849.1348032 71.1433426344 0.0 71.1433426344 0.0
57849.1348148 71.1116908639 0.0 71.1116908639 0.0
57849.1348264 71.1124706579 0.0 71.1124706579 0.0
57849.134838 71.1464913537 0.0 71.1464913537 0.0
57849.1348495 71.0828504051 0.0 71.0828504051 0.0
57849.1348611 71.0271853531 0.0 71.0271853531 0.0
57849.1348727 71.0445229214 0.0 71.0445229214 0.0
57849.1348843 71.0529538707 0.0 71.0529538707 0.0
57849.1348958 71.0904281757 0.0 71.0904281757 0.0
57849.1349074 71.1016922681 0.0 71.1016922681 0.0
57849.134919 71.0733765266 0.0 71.0733765266 0.0
57849.1349306 71.0606170886 0.0 71.0606170886 0.0
57849.1349421 71.0856693876 0.0 71.0856693876 0.0
57849.1349537 71.1257576975 0.0 71.1257576975 0.0
57849.1349653 71.1365979046 0.0 71.1365979046 0.0
57849.1349769 71.1052684863 0.0 71.1052684863 0.0
57849.1349884 71.0733995497 0.0 71.0733995497 0.0
57849.135 71.0893590735 0.0 71.0893590735 0.0
57849.1350116 71.1001920709 0.0 71.1001920709 0.0
57849.1350231 71.1243887683 0.0 71.1243887683 0.0
57849.1350347 71.0575598431 0.0 71.0575598431 0.0
57849.1350463 71.1103791565 0.0 71.1103791565 0.0
57849.1350579 71.0987949775 0.0 71.0987949775 0.0
57849.1350694 71.0924118015 0.0 71.0924118015 0.0
57849.135081 71.0759639111 0.0 71.0759639111 0.0
57849.1350926 71.0251361662 0.0 71.0251361662 0.0
57849.1351042 70.9946739395 0.0 70.9946739395 0.0
57849.1351157 71.0072223471 0.0 71.0072223471 0.0
57849.1351273 71.0108598584 0.0 71.0108598584 0.0
57849.1351389 71.0347808576 0.0 71.0347808576 0.0
57849.1351505 71.0063129898 0.0 71.0063129898 0.0
57849.135162 71.0172433503 0.0 71.0172433503 0.0
57849.1351736 71.0403756616 0.0 71.0403756616 0.0
57849.1351852 71.0664205196 0.0 71.0664205196 0.0
57849.1351968 71.1069409409 0.0 71.1069409409 0.0
57849.1352083 71.0829907493 0.0 71.0829907493 0.0
57849.1352199 71.0546967056 0.0 71.0546967056 0.0
57849.1352315 71.0891770532 0.0 71.0891770532 0.0
57849.1352431 71.1509732374 0.0 71.1509732374 0.0
57849.1352546 71.1876674666 0.0 71.1876674666 0.0
57849.1352662 71.126354416 0.0 71.126354416 0.0
57849.1352778 71.1068575917 0.0 71.1068575917 0.0
57849.1352894 71.1560829384 0.0 71.1560829384 0.0
57849.1353009 71.1918328746 0.0 71.1918328746 0.0
57849.1353125 71.1676287247 0.0 71.1676287247 0.0
57849.1353241 71.1200561427 0.0 71.1200561427 0.0
57849.1353356 71.0691765539 0.0 71.0691765539 0.0
57849.1353472 71.0427243662 0.0 71.0427243662 0.0
57849.1353588 71.0470953164 0.0 71.0470953164 0.0
57849.1353704 71.0492063296 0.0 71.0492063296 0.0
57849.1353819 71.0060412798 0.0 71.0060412798 0.0
57849.1353935 71.0298800424 0.0 71.0298800424 0.0
57849.1354051 71.0917889673 0.0 71.0917889673 0.0
57849.1597685 67.0479895673 0.0 67.0479895673 0.0
57849.1597801 67.0566043751 0.0 67.0566043751 0.0
57849.1597917 67.1166059128 0.0 67.1166059128 0.0
57849.1598032 67.135398637 0.0 67.135398637 0.0
57849.1598148 67.0977793005 0.0 67.0977793005 0.0
57849.1598264 67.1500065485 0.0 67.1500065485 0.0
57849.159838 67.1496743131 0.0 67.1496743131 0.0
57849.1598495 67.1597730143 0.0 67.1597730143 0.0
57849.1598611 67.1782490801 0.0 67.1782490801 0.0
57849.1598727 67.1182190129 0.0 67.1182190129 0.0
57849.1598843 67.0651458291 0.0 67.0651458291 0.0
57849.1598958 67.0791102071 0.0 67.0791102071 0.0
57849.1599074 67.117811769 0.0 67.117811769 0.0
57849.159919 67.1357816116 0.0 67.1357816116 0.0
57849.1599306 67.0610330792 0.0 67.0610330792 0.0
57849.1599421 67.0416068501 0.0 67.0416068501 0.0
57849.1599537 67.047223157 0.0 67.047223157 0.0
57849.1599653 67.0553431406 0.0 67.0553431406 0.0
57849.1599769 67.0645326076 0.0 67.0645326076 0.0
57849.1599884 67.0032325079 0.0 67.0032325079 0.0
57849.16 67.0332510875 0.0 67.0332510875 0.0
57849.1600116 67.0468277971 0.0 67.0468277971 0.0
57849.1600231 67.0576129499 0.0 67.0576129499 0.0
57849.1600347 67.0748848677 0.0 67.0748848677 0.0
57849.1600463 67.0635144557 0.0 67.0635144557 0.0
57849.1600579 67.0331770987 0.0 67.0331770987 0.0
57849.1600694 67.0246031791 0.0 67.0246031791 0.0
57849.160081 67.0734151295 0.0 67.0734151295 0.0
57849.1600926 67.086928982 0.0 67.086928982 0.0
57849.1601042 67.0369548181 0.0 67.0369548181 0.0
57849.1601157 67.0673640273 0.0 67.0673640273 0.0
57849.1601273 67.0696996319 0.0 67.0696996319 0.0
57849.1601389 67.099877572 0.0 67.099877572 0.0
57849.1601505 67.078637545 0.0 67.078637545 0.0
57849.160162 67.0380583503 0.0 67.0380583503 0.0
57849.1601736 67.0064967116 0.0 67.0064967116 0.0
57849.1601852 67.000153316 0.0 67.000153316 0.0
57849.1601968 67.0257340706 0.0 67.0257340706 0.0
57849.1602083 66.9434103459 0.0 66.9434103459 0.0
57849.1602199 66.7654273738 0.0 66.7654273738 0.0
57849.1602315 66.9661345518 0.0 66.9661345518 0.0
57849.1602431 66.9776209111 0.0 66.9776209111 0.0
57849.1602546 66.9793651477 0.0 66.9793651477 0.0
57849.1602662 66.9570016501 0.0 66.9570016501 0.0
57849.1602778 66.8965450709 0.0 66.8965450709 0.0
57849.1602894 66.914889527 0.0 66.914889527 0.0
57849.1603009 66.9143130174 0.0 66.9143130174 0.0
57849.1603125 66.9714523813 0.0 66.9714523813 0.0
57849.1603241 66.9283982182 0.0 66.9283982182 0.0
57849.1603356 66.8329193275 0.0 66.8329193275 0.0
57849.1603472 66.7827751708 0.0 66.7827751708 0.0
57849.1603588 66.7370638634 0.0 66.7370638634 0.0
57849.1603704 66.7763630337 0.0 66.7763630337 0.0
57849.1603819 66.7566722186 0.0 66.7566722186 0.0
57849.1603935 66.7257577453 0.0 66.7257577453 0.0
57849.1604051 66.6621259244 0.0 66.6621259244 0.0
57849.1604167 66.72932709 0.0 66.72932709 0.0
57849.1604282 66.7916409654 0.0 66.7916409654 0.0
57849.1604398 66.8178605785 0.0 66.8178605785 0.0
57849.1604514 66.7777878048 0.0 66.7777878048 0.0
57849.160463 66.7759527957 0.0 66.7759527957 0.0
57849.1604745 66.7961437364 0.0 66.7961437364 0.0
57849.1604861 66.726551509 0.0 66.726551509 0.0
57849.1604977 66.8366376349 0.0 66.8366376349 0.0
57849.1605093 66.8292834381 0.0 66.8292834381 0.0
57849.1605208 66.8079030404 0.0 66.8079030404 0.0
57849.1605324 66.8114855019 0.0 66.8114855019 0.0
57849.160544 66.851619718 0.0 66.851619718 0.0
57849.1605556 66.8614016607 0.0 66.8614016607 0.0
57849.1605671 66.7622270195 0.0 66.7622270195 0.0
57849.1605787 66.7671883978 0.0 66.7671883978 0.0
57849.1605903 66.818355366 0.0 66.818355366 0.0
57849.1606019 66.8234468438 0.0 66.8234468438 0.0
57849.1606134 66.8192668778 0.0 66.8192668778 0.0
57849.160625 66.7878376387 0.0 66.7878376387 0.0
57849.1606366 66.8158012728 0.0 66.8158012728 0.0
57849.1606481 66.8114527993 0.0 66.8114527993 0.0
57849.1606597 66.8226893323 0.0 66.8226893323 0.0
57849.1606713 66.8302446268 0.0 66.8302446268 0.0
57849.1606829 66.7572057546 0.0 66.7572057546 0.0
57849.1606944 66.7570644622 0.0 66.7570644622 0.0
57849.160706 66.7072128604 0.0 66.7072128604 0.0
57849.1607176 66.8124813534 0.0 66.8124813534 0.0
57849.1607292 66.7976056722 0.0 66.7976056722 0.0
57849.1607407 66.6669028008 0.0 66.6669028008 0.0
57849.1607523 66.5751770698 0.0 66.5751770698 0.0
57849.1607639 66.6418701334 0.0 66.6418701334 0.0
57849.1607755 66.6262625091 0.0 66.6262625091 0.0
57849.160787 66.8371546623 0.0 66.8371546623 0.0
57849.1607986 66.824035554 0.0 66.824035554 0.0
57849.1608102 66.8213589517 0.0 66.8213589517 0.0
57849.1608218 66.8336125442 0.0 66.8336125442 0.0
57849.1608333 66.8556457369 0.0 66.8556457369 0.0
57849.1608449 66.8731983092 0.0 66.8731983092 0.0
57849.1608565 66.8582840964 0.0 66.8582840964 0.0
57849.1608681 66.8145490388 0.0 66.8145490388 0.0
57849.1608796 66.863097677 0.0 66.863097677 0.0
57849.1608912 66.8364371556 0.0 66.8364371556 0.0
57849.1609028 66.808968484 0.0 66.808968484 0.0
57849.1609144 66.7899787083 0.0 66.7899787083 0.0
57849.1609259 66.8248099551 0.0 66.8248099551 0.0
57849.1609375 66.8437738753 0.0 66.8437738753 0.0
57849.1609491 66.838397648 0.0 66.838397648 0.0
57849.1609606 66.8115519621 0.0 66.8115519621 0.0
57849.1609722 66.7716459133 0.0 66.7716459133 0.0
57849.1609838 66.743468524 0.0 66.743468524 0.0
57849.1609954 66.7698204938 0.0 66.7698204938 0.0
57849.1610069 66.8374933693 0.0 66.8374933693 0.0
57849.1610185 66.848974126 0.0 66.848974126 0.0
57849.1610301 66.7724895602 0.0 66.7724895602 0.0
57849.1610417 66.7595856084 0.0 66.7595856084 0.0
57849.1610532 66.7830441088 0.0 66.7830441088 0.0
57849.1610648 66.7939487584 0.0 66.7939487584 0.0
57849.1610764 66.8552183283 0.0 66.8552183283 0.0
57849.161088 66.7932051546 0.0 66.7932051546 0.0
57849.1610995 66.8227948349 0.0 66.8227948349 0.0
57849.1611111 66.8114485796 0.0 66.8114485796 0.0
57849.1611227 66.8214433529 0.0 66.8214433529 0.0
57849.1611343 66.8172771751 0.0 66.8172771751 0.0
57849.1611458 66.7445966249 0.0 66.7445966249 0.0
57849.1611574 66.7339802658 0.0 66.7339802658 0.0
57849.161169 66.7821529246 0.0 66.7821529246 0.0
57849.1611806 66.7993471512 0.0 66.7993471512 0.0
57849.1611921 66.8303448611 0.0 66.8303448611 0.0
57849.1612037 66.8002004961 0.0 66.8002004961 0.0
57849.1612153 66.7707189636 0.0 66.7707189636 0.0
57849.1612269 66.7011453701 0.0 66.7011453701 0.0
57849.1612384 66.7134914758 0.0 66.7134914758 0.0
57849.16125 66.6882600019 0.0 66.6882600019 0.0
57849.1612616 66.6518416708 0.0 66.6518416708 0.0
57849.1612731 66.6818626447 0.0 66.6818626447 0.0
57849.1612847 66.6549757314 0.0 66.6549757314 0.0
57849.1612963 66.746442728 0.0 66.746442728 0.0
57849.1613079 66.740857066 0.0 66.740857066 0.0
57849.1613194 66.7405376225 0.0 66.7405376225 0.0
57849.161331 66.6973366217 0.0 66.6973366217 0.0
57849.1613426 66.7255532441 0.0 66.7255532441 0.0
57849.1613542 66.7823406528 0.0 66.7823406528 0.0
57849.1613657 66.743054187 0.0 66.743054187 0.0
57849.1613773 66.6729316 0.0 66.6729316 0.0
57849.1613889 66.7294177482 0.0 66.7294177482 0.0
57849.1614005 66.7320415953 0.0 66.7320415953 0.0
57849.161412 66.7926883264 0.0 66.7926883264 0.0
57849.1614236 66.8172297012 0.0 66.8172297012 0.0
57849.1614352 66.7695695141 0.0 66.7695695141 0.0
57849.1614468 66.8114359206 0.0 66.8114359206 0.0
57849.1614583 66.8068903508 0.0 66.8068903508 0.0
57849.1614699 66.8123315532 0.0 66.8123315532 0.0
57849.1614815 66.7752694206 0.0 66.7752694206 0.0
57849.1614931 66.7627363285 0.0 66.7627363285 0.0
57849.1615046 66.6980627401 0.0 66.6980627401 0.0
57849.1615162 66.7264028756 0.0 66.7264028756 0.0
57849.1615278 66.7390405723 0.0 66.7390405723 0.0
57849.1615394 66.7620561959 0.0 66.7620561959 0.0
57849.1615509 66.7202879883 0.0 66.7202879883 0.0
57849.1615625 66.6986381581 0.0 66.6986381581 0.0
57849.1615741 66.7516554153 0.0 66.7516554153 0.0
57849.1615856 66.7554659725 0.0 66.7554659725 0.0
57849.1615972 66.7101903377 0.0 66.7101903377 0.0
57849.1616088 66.6576041946 0.0 66.6576041946 0.0
57849.1616204 66.6601705598 0.0 66.6601705598 0.0
57849.1616319 66.6926996889 0.0 66.6926996889 0.0
57849.1616435 66.6807298934 0.0 66.6807298934 0.0
57849.1616551 66.7393905851 0.0 66.7393905851 0.0
57849.1616667 66.6640929113 0.0 66.6640929113 0.0
57849.1616782 66.6511590363 0.0 66.6511590363 0.0
57849.1616898 66.6861851157 0.0 66.6861851157 0.0
57849.1617014 66.7064529573 0.0 66.7064529573 0.0
57849.161713 66.6835538895 0.0 66.6835538895 0.0
57849.1617245 66.6457276019 0.0 66.6457276019 0.0
57849.1617361 66.6526022652 0.0 66.6526022652 0.0
57849.1617477 66.6755415089 0.0 66.6755415089 0.0
57849.1617593 66.6520818579 0.0 66.6520818579 0.0
57849.1617708 66.6536631026 0.0 66.6536631026 0.0
57849.1617824 66.6352257321 0.0 66.6352257321 0.0
57849.161794 66.6342998861 0.0 66.6342998861 0.0
57849.1618056 66.6761210284 0.0 66.6761210284 0.0
57849.1847685 63.6851787888 0.0 63.6851787888 0.0
57849.1847801 63.6219615328 0.0 63.6219615328 0.0
57849.1847917 63.6671967025 0.0 63.6671967025 0.0
57849.1848032 63.6861214675 0.0 63.6861214675 0.0
57849.1848148 63.7080205199 0.0 63.7080205199 0.0
57849.1848264 63.6848907778 0.0 63.6848907778 0.0
57849.184838 63.5938901145 0.0 63.5938901145 0.0
57849.1848495 63.6113169066 0.0 63.6113169066 0.0
57849.1848611 63.6453985261 0.0 63.6453985261 0.0
57849.1848727 63.6663450463 0.0 63.6663450463 0.0
57849.1848843 63.6173056768 0.0 63.6173056768 0.0
57849.1848958 63.5850684039 0.0 63.5850684039 0.0
57849.1849074 63.6128684277 0.0 63.6128684277 0.0
57849.184919 63.638992924 0.0 63.638992924 0.0
57849.1849306 63.6733351252 0.0 63.6733351252 0.0
57849.1849421 63.6445970426 0.0 63.6445970426 0.0
57849.1849537 63.5850428908 0.0 63.5850428908 0.0
57849.1849653 63.6102737233 0.0 63.6102737233 0.0
57849.1849769 63.6115047213 0.0 63.6115047213 0.0
57849.1849884 63.6370429234 0.0 63.6370429234 0.0
57849.185 63.5936574193 0.0 63.5936574193 0.0
57849.1850116 63.5744972281 0.0 63.5744972281 0.0
57849.1850231 63.5607189535 0.0 63.5607189535 0.0
57849.1850347 63.5589456289 0.0 63.5589456289 0.0
57849.1850463 63.5707992045 0.0 63.5707992045 0.0
57849.1850579 63.5651248214 0.0 63.5651248214 0.0
57849.1850694 63.5482674228 0.0 63.5482674228 0.0
57849.185081 63.5863920303 0.0 63.5863920303 0.0
57849.1850926 63.5624463868 0.0 63.5624463868 0.0
57849.1851042 63.5796658628 0.0 63.5796658628 0.0
57849.1851157 63.4103297047 0.0 63.4103297047 0.0
57849.1851273 63.4198550326 0.0 63.4198550326 0.0
57849.1851389 63.5613933945 0.0 63.5613933945 0.0
57849.1851505 63.6158929266 0.0 63.6158929266 0.0
57849.185162 63.5976826962 0.0 63.5976826962 0.0
57849.1851736 63.5839386888 0.0 63.5839386888 0.0
57849.1851852 63.5803148905 0.0 63.5803148905 0.0
57849.1851968 63.5843356697 0.0 63.5843356697 0.0
57849.1852083 63.6221115927 0.0 63.6221115927 0.0
57849.1852199 63.6217216414 0.0 63.6217216414 0.0
57849.1852315 63.6017315737 0.0 63.6017315737 0.0
57849.1852431 63.5786239555 0.0 63.5786239555 0.0
57849.1852546 63.5068586773 0.0 63.5068586773 0.0
57849.1852662 63.5701104286 0.0 63.5701104286 0.0
57849.1852778 63.5822589319 0.0 63.5822589319 0.0
57849.1852894 63.5548154482 0.0 63.5548154482 0.0
57849.1853009 63.5306899899 0.0 63.5306899899 0.0
57849.1853125 63.5413891902 0.0 63.5413891902 0.0
57849.1853241 63.5207077229 0.0 63.5207077229 0.0
57849.1853356 63.5423257183 0.0 63.5423257183 0.0
57849.1853472 63.4838597588 0.0 63.4838597588 0.0
57849.1853588 63.4776222394 0.0 63.4776222394 0.0
57849.1853704 63.491867921 0.0 63.491867921 0.0
57849.1853819 63.5247286908 0.0 63.5247286908 0.0
57849.1853935 63.5395743036 0.0 63.5395743036 0.0
57849.1854051 63.5210065882 0.0 63.5210065882 0.0
57849.1854167 63.3248000844 0.0 63.3248000844 0.0
57849.1854282 63.3507454484 0.0 63.3507454484 0.0
57849.1854398 63.4586627129 0.0 63.4586627129 0.0
57849.1854514 63.5125325477 0.0 63.5125325477 0.0
57849.185463 63.4838454827 0.0 63.4838454827 0.0
57849.1854745 63.4621770772 0.0 63.4621770772 0.0
57849.1854861 63.4672678233 0.0 63.4672678233 0.0
57849.1854977 63.5015715838 0.0 63.5015715838 0.0
57849.1855093 63.5268351076 0.0 63.5268351076 0.0
57849.1855208 63.4774346188 0.0 63.4774346188 0.0
57849.1855324 63.4878449126 0.0 63.4878449126 0.0
57849.185544 63.498195871 0.0 63.498195871 0.0
57849.1855556 63.5335462879 0.0 63.5335462879 0.0
57849.1855671 63.5635687716 0.0 63.5635687716 0.0
57849.1855787 63.5401088713 0.0 63.5401088713 0.0
57849.1855903 63.5156719988 0.0 63.5156719988 0.0
57849.1856019 63.501186075 0.0 63.501186075 0.0
57849.1856134 63.5318559639 0.0 63.5318559639 0.0
57849.185625 63.4964264615 0.0 63.4964264615 0.0
57849.1856366 63.4795881932 0.0 63.4795881932 0.0
57849.1856481 63.4701471959 0.0 63.4701471959 0.0
57849.1856597 63.4851068908 0.0 63.4851068908 0.0
57849.1856713 63.5010177977 0.0 63.5010177977 0.0
57849.1856829 63.5147387232 0.0 63.5147387232 0.0
57849.1856944 63.4759061329 0.0 63.4759061329 0.0
57849.185706 63.4362574338 0.0 63.4362574338 0.0
57849.1857176 63.4548456521 0.0 63.4548456521 0.0
57849.1857292 63.4891471504 0.0 63.4891471504 0.0
57849.1857407 63.5658482633 0.0 63.5658482633 0.0
57849.1857523 63.4849722857 0.0 63.4849722857 0.0
57849.1857639 63.5003814056 0.0 63.5003814056 0.0
57849.1857755 63.492338045 0.0 63.492338045 0.0
57849.185787 63.5099337353 0.0 63.5099337353 0.0
57849.1857986 63.5281887407 0.0 63.5281887407 0.0
57849.1858102 63.4771949951 0.0 63.4771949951 0.0
57849.1858218 63.4409985329 0.0 63.4409985329 0.0
57849.1858333 63.4858054123 0.0 63.4858054123 0.0
57849.1858449 63.5323394944 0.0 63.5323394944 0.0
57849.1858565 63.5559234827 0.0 63.5559234827 0.0
57849.1858681 63.5165695816 0.0 63.5165695816 0.0
57849.1858796 63.4789396699 0.0 63.4789396699 0.0
57849.1858912 63.4707915969 0.0 63.4707915969 0.0
57849.1859028 63.4707956754 0.0 63.4707956754 0.0
57849.1859144 63.4929672591 0.0 63.4929672591 0.0
57849.1859259 63.4774866223 0.0 63.4774866223 0.0
57849.1859375 63.4871932889 0.0 63.4871932889 0.0
57849.1859491 63.5297963896 0.0 63.5297963896 0.0
57849.1859606 63.5191307869 0.0 63.5191307869 0.0
57849.1859722 63.5552531512 0.0 63.5552531512 0.0
57849.1859838 63.4845154449 0.0 63.4845154449 0.0
57849.1859954 63.463917472 0.0 63.463917472 0.0
57849.1860069 63.4154347291 0.0 63.4154347291 0.0
57849.1860185 63.4590042556 0.0 63.4590042556 0.0
57849.1860301 63.2862205605 0.0 63.2862205605 0.0
57849.1860417 63.4118176728 0.0 63.4118176728 0.0
57849.1860532 63.3899493104 0.0 63.3899493104 0.0
57849.1860648 63.3902050774 0.0 63.3902050774 0.0
57849.1860764 63.4061818288 0.0 63.4061818288 0.0
57849.186088 63.446783703 0.0 63.446783703 0.0
57849.1860995 63.4028982721 0.0 63.4028982721 0.0
57849.1861111 63.3693255449 0.0 63.3693255449 0.0
57849.1861227 63.4245782067 0.0 63.4245782067 0.0
57849.1861343 63.4212391474 0.0 63.4212391474 0.0
57849.1861458 63.4187828123 0.0 63.4187828123 0.0
57849.1861574 63.3592782315 0.0 63.3592782315 0.0
57849.186169 63.3814776946 0.0 63.3814776946 0.0
57849.1861806 63.2829074369 0.0 63.2829074369 0.0
57849.1861921 63.3202730076 0.0 63.3202730076 0.0
57849.1862037 63.3905423646 0.0 63.3905423646 0.0
57849.1862153 63.3549608344 0.0 63.3549608344 0.0
57849.1862269 63.3255150611 0.0 63.3255150611 0.0
57849.1862384 63.3014320704 0.0 63.3014320704 0.0
57849.18625 63.3318716003 0.0 63.3318716003 0.0
57849.1862616 63.3577552071 0.0 63.3577552071 0.0
57849.1862731 63.3310903843 0.0 63.3310903843 0.0
57849.1862847 63.2626263087 0.0 63.2626263087 0.0
57849.1862963 63.2239673832 0.0 63.2239673832 0.0
57849.1863079 63.1658533234 0.0 63.1658533234 0.0
57849.1863194 63.2903269543 0.0 63.2903269543 0.0
57849.186331 63.2590837198 0.0 63.2590837198 0.0
57849.1863426 63.1995845554 0.0 63.1995845554 0.0
57849.1863542 63.1513461087 0.0 63.1513461087 0.0
57849.1863657 63.1940880791 0.0 63.1940880791 0.0
57849.1863773 63.1824538487 0.0 63.1824538487 0.0
57849.1863889 63.1612849347 0.0 63.1612849347 0.0
57849.1864005 63.1014354599 0.0 63.1014354599 0.0
57849.186412 63.1642562512 0.0 63.1642562512 0.0
57849.1864236 63.1142390323 0.0 63.1142390323 0.0
57849.1864352 63.0314241306 0.0 63.0314241306 0.0
57849.1864468 62.9836350758 0.0 62.9836350758 0.0
57849.1864583 63.1536885973 0.0 63.1536885973 0.0
57849.1864699 63.1239533715 0.0 63.1239533715 0.0
57849.1864815 63.1418565568 0.0 63.1418565568 0.0
57849.1864931 63.1459696291 0.0 63.1459696291 0.0
57849.1865046 63.1422999975 0.0 63.1422999975 0.0
57849.1865162 63.1026291331 0.0 63.1026291331 0.0
57849.1865278 63.1166388235 0.0 63.1166388235 0.0
57849.1865394 63.1097100537 0.0 63.1097100537 0.0
57849.1865509 63.1669010946 0.0 63.1669010946 0.0
57849.1865625 63.1298038782 0.0 63.1298038782 0.0
57849.1865741 63.0995077105 0.0 63.0995077105 0.0
57849.1865856 63.0976369259 0.0 63.0976369259 0.0
57849.1865972 63.1492630274 0.0 63.1492630274 0.0
57849.1866088 63.1560962267 0.0 63.1560962267 0.0
57849.1866204 63.1212168513 0.0 63.1212168513 0.0
57849.1866319 63.1019540049 0.0 63.1019540049 0.0
57849.1866435 63.1031100624 0.0 63.1031100624 0.0
57849.1866551 63.0784181807 0.0 63.0784181807 0.0
57849.1866667 63.1080414683 0.0 63.1080414683 0.0
57849.1866782 63.0622129229 0.0 63.0622129229 0.0
57849.1866898 62.9832815609 0.0 62.9832815609 0.0
57849.1867014 62.8975484244 0.0 62.8975484244 0.0
57849.186713 62.8966378004 0.0 62.8966378004 0.0
57849.1867245 63.0642448246 0.0 63.0642448246 0.0
57849.1867361 63.0633920116 0.0 63.0633920116 0.0
57849.1867477 63.0576552342 0.0 63.0576552342 0.0
57849.1867593 63.0335226311 0.0 63.0335226311 0.0
57849.1867708 63.0307676575 0.0 63.0307676575 0.0
57849.1867824 63.0371292839 0.0 63.0371292839 0.0
57849.186794 63.0547300207 0.0 63.0547300207 0.0
57849.1868056 62.9908295123 0.0 62.9908295123 0.0
57849.2097685 61.71251611 0.0 61.71251611 0.0
57849.2097801 61.7594566789 0.0 61.7594566789 0.0
57849.2097917 61.8414335124 0.0 61.8414335124 0.0
57849.2098032 61.890827335 0.0 61.890827335 0.0
57849.2098148 61.8018800407 0.0 61.8018800407 0.0
57849.2098264 61.8854903913 0.0 61.8854903913 0.0
57849.209838 61.9259513255 0.0 61.9259513255 0.0
57849.2098495 61.9302433688 0.0 61.9302433688 0.0
57849.2098611 61.9334850623 0.0 61.9334850623 0.0
57849.2098727 61.9700257877 0.0 61.9700257877 0.0
57849.2098843 61.8952928312 0.0 61.8952928312 0.0
57849.2098958 61.9184079624 0.0 61.9184079624 0.0
57849.2099074 61.9452926466 0.0 61.9452926466 0.0
57849.209919 61.9459378382 0.0 61.9459378382 0.0
57849.2099306 61.8860901729 0.0 61.8860901729 0.0
57849.2099421 61.8779983513 0.0 61.8779983513 0.0
57849.2099537 61.9216453687 0.0 61.9216453687 0.0
57849.2099653 61.9114608839 0.0 61.9114608839 0.0
57849.2099769 61.9356442265 0.0 61.9356442265 0.0
57849.2099884 61.8954473006 0.0 61.8954473006 0.0
57849.21 61.9070520505 0.0 61.9070520505 0.0
57849.2100116 61.9548935663 0.0 61.9548935663 0.0
57849.2100231 61.9598136915 0.0 61.9598136915 0.0
57849.2100347 62.0017657341 0.0 62.0017657341 0.0
57849.2100463 61.9372796751 0.0 61.9372796751 0.0
57849.2100579 61.9575277134 0.0 61.9575277134 0.0
57849.2100694 61.9994098061 0.0 61.9994098061 0.0
57849.210081 62.0034812601 0.0 62.0034812601 0.0
57849.2100926 61.9952290608 0.0 61.9952290608 0.0
57849.2101042 61.9648042382 0.0 61.9648042382 0.0
57849.2101157 61.9703098022 0.0 61.9703098022 0.0
57849.2101273 61.9230288385 0.0 61.9230288385 0.0
57849.2101389 61.8957742948 0.0 61.8957742948 0.0
57849.2101505 61.9382870407 0.0 61.9382870407 0.0
57849.210162 61.9082628358 0.0 61.9082628358 0.0
57849.2101736 61.9336917467 0.0 61.9336917467 0.0
57849.2101852 61.9384887154 0.0 61.9384887154 0.0
57849.2101968 61.9579050276 0.0 61.9579050276 0.0
57849.2102083 61.9704633509 0.0 61.9704633509 0.0
57849.2102199 61.919988032 0.0 61.919988032 0.0
57849.2102315 61.8557913682 0.0 61.8557913682 0.0
57849.2102431 61.9819669402 0.0 61.9819669402 0.0
57849.2102546 62.0300168867 0.0 62.0300168867 0.0
57849.2102662 62.0184922618 0.0 62.0184922618 0.0
57849.2102778 61.9935849028 0.0 61.9935849028 0.0
57849.2102894 61.9157976262 0.0 61.9157976262 0.0
57849.2103009 61.9666036085 0.0 61.9666036085 0.0
57849.2103125 62.0203334872 0.0 62.0203334872 0.0
57849.2103241 62.0796030495 0.0 62.0796030495 0.0
57849.2103356 62.0372560321 0.0 62.0372560321 0.0
57849.2103472 62.0544346974 0.0 62.0544346974 0.0
57849.2103588 62.1062205288 0.0 62.1062205288 0.0
57849.2103704 62.1282986646 0.0 62.1282986646 0.0
57849.2103819 62.1309511713 0.0 62.1309511713 0.0
57849.2103935 62.1026704327 0.0 62.1026704327 0.0
57849.2104051 62.1063430861 0.0 62.1063430861 0.0
57849.2104167 62.0999692461 0.0 62.0999692461 0.0
57849.2104282 62.1204007254 0.0 62.1204007254 0.0
57849.2104398 62.1089700575 0.0 62.1089700575 0.0
57849.2104514 62.0873590477 0.0 62.0873590477 0.0
57849.210463 62.0517093455 0.0 62.0517093455 0.0
57849.2104745 62.0712890849 0.0 62.0712890849 0.0
57849.2104861 62.1014569515 0.0 62.1014569515 0.0
57849.2104977 62.088910902 0.0 62.088910902 0.0
57849.2105093 62.0721246771 0.0 62.0721246771 0.0
57849.2105208 62.0731932783 0.0 62.0731932783 0.0
57849.2105324 62.0835583334 0.0 62.0835583334 0.0
57849.210544 62.1084084942 0.0 62.1084084942 0.0
57849.2105556 62.0996799439 0.0 62.0996799439 0.0
57849.2105671 62.0923812929 0.0 62.0923812929 0.0
57849.2105787 62.0784610802 0.0 62.0784610802 0.0
57849.2105903 62.1292652161 0.0 62.1292652161 0.0
57849.2106019 62.1582126431 0.0 62.1582126431 0.0
57849.2106134 62.1885914535 0.0 62.1885914535 0.0
57849.210625 62.1509249736 0.0 62.1509249736 0.0
57849.2106366 62.1662564576 0.0 62.1662564576 0.0
57849.2106481 62.1264117988 0.0 62.1264117988 0.0
57849.2106597 62.1538864223 0.0 62.1538864223 0.0
57849.2106713 62.1764154074 0.0 62.1764154074 0.0
57849.2106829 62.1692564258 0.0 62.1692564258 0.0
57849.2106944 62.1124268861 0.0 62.1124268861 0.0
57849.210706 62.1660464119 0.0 62.1660464119 0.0
57849.2107176 62.1655921518 0.0 62.1655921518 0.0
57849.2107292 62.2126180231 0.0 62.2126180231 0.0
57849.2107407 62.1867731198 0.0 62.1867731198 0.0
57849.2107523 62.1814931523 0.0 62.1814931523 0.0
57849.2107639 62.1537497541 0.0 62.1537497541 0.0
57849.2107755 62.1768465863 0.0 62.1768465863 0.0
57849.210787 62.2403772889 0.0 62.2403772889 0.0
57849.2107986 62.2209073117 0.0 62.2209073117 0.0
57849.2108102 62.2254176181 0.0 62.2254176181 0.0
57849.2108218 62.2040909816 0.0 62.2040909816 0.0
57849.2108333 62.2049565297 0.0 62.2049565297 0.0
57849.2108449 62.2680546549 0.0 62.2680546549 0.0
57849.2108565 62.2564116222 0.0 62.2564116222 0.0
57849.2108681 62.2382465576 0.0 62.2382465576 0.0
57849.2108796 62.2032224231 0.0 62.2032224231 0.0
57849.2108912 62.1917627892 0.0 62.1917627892 0.0
57849.2109028 62.2356482967 0.0 62.2356482967 0.0
57849.2109144 62.1557907467 0.0 62.1557907467 0.0
57849.2109259 62.1822761388 0.0 62.1822761388 0.0
57849.2109375 62.2101589801 0.0 62.2101589801 0.0
57849.2109491 62.2215095487 0.0 62.2215095487 0.0
57849.2109606 62.2787521898 0.0 62.2787521898 0.0
57849.2109722 62.2162946053 0.0 62.2162946053 0.0
57849.2109838 62.2239728159 0.0 62.2239728159 0.0
57849.2109954 62.2322547441 0.0 62.2322547441 0.0
57849.2110069 62.2759047296 0.0 62.2759047296 0.0
57849.2110185 62.2767123925 0.0 62.2767123925 0.0
57849.2110301 62.2865797406 0.0 62.2865797406 0.0
57849.2110417 62.2177001172 0.0 62.2177001172 0.0
57849.2110532 62.2416915411 0.0 62.2416915411 0.0
57849.2110648 62.2442004203 0.0 62.2442004203 0.0
57849.2110764 62.3027069884 0.0 62.3027069884 0.0
57849.211088 62.3262292904 0.0 62.3262292904 0.0
57849.2110995 62.1892417975 0.0 62.1892417975 0.0
57849.2111111 62.1330139321 0.0 62.1330139321 0.0
57849.2111227 62.1057795244 0.0 62.1057795244 0.0
57849.2111343 62.211084886 0.0 62.211084886 0.0
57849.2111458 62.2574162814 0.0 62.2574162814 0.0
57849.2111574 62.22872956 0.0 62.22872956 0.0
57849.211169 62.2288703243 0.0 62.2288703243 0.0
57849.2111806 62.3140058421 0.0 62.3140058421 0.0
57849.2111921 62.3726378185 0.0 62.3726378185 0.0
57849.2112037 62.3052199999 0.0 62.3052199999 0.0
57849.2112153 62.2936452377 0.0 62.2936452377 0.0
57849.2112269 62.2616471941 0.0 62.2616471941 0.0
57849.2112384 62.300963601 0.0 62.300963601 0.0
57849.21125 62.3752588061 0.0 62.3752588061 0.0
57849.2112616 62.3639206788 0.0 62.3639206788 0.0
57849.2112731 62.3178944084 0.0 62.3178944084 0.0
57849.2112847 62.3274276474 0.0 62.3274276474 0.0
57849.2112963 62.3600428824 0.0 62.3600428824 0.0
57849.2113079 62.3375532271 0.0 62.3375532271 0.0
57849.2113194 62.3603850661 0.0 62.3603850661 0.0
57849.211331 62.2066273243 0.0 62.2066273243 0.0
57849.2113426 62.1497241327 0.0 62.1497241327 0.0
57849.2113542 62.1930363699 0.0 62.1930363699 0.0
57849.2113657 62.374253283 0.0 62.374253283 0.0
57849.2113773 62.3507026052 0.0 62.3507026052 0.0
57849.2113889 62.2615707609 0.0 62.2615707609 0.0
57849.2114005 62.2648071382 0.0 62.2648071382 0.0
57849.211412 62.3437428474 0.0 62.3437428474 0.0
57849.2114236 62.4552925959 0.0 62.4552925959 0.0
57849.2114352 62.4155039206 0.0 62.4155039206 0.0
57849.2114468 62.3796030728 0.0 62.3796030728 0.0
57849.2114583 62.3409916469 0.0 62.3409916469 0.0
57849.2114699 62.4119689866 0.0 62.4119689866 0.0
57849.2114815 62.4330369768 0.0 62.4330369768 0.0
57849.2114931 62.4329886427 0.0 62.4329886427 0.0
57849.2115046 62.3799281937 0.0 62.3799281937 0.0
57849.2115162 62.3955268565 0.0 62.3955268565 0.0
57849.2115278 62.350567754 0.0 62.350567754 0.0
57849.2115394 62.3606759229 0.0 62.3606759229 0.0
57849.2115509 62.3701316217 0.0 62.3701316217 0.0
57849.2115625 62.3080811467 0.0 62.3080811467 0.0
57849.2115741 62.3233174573 0.0 62.3233174573 0.0
57849.2115856 62.362173493 0.0 62.362173493 0.0
57849.2115972 62.351458378 0.0 62.351458378 0.0
57849.2116088 62.3305478521 0.0 62.3305478521 0.0
57849.2116204 62.348000575 0.0 62.348000575 0.0
57849.2116319 62.3738889212 0.0 62.3738889212 0.0
57849.2116435 62.3218011955 0.0 62.3218011955 0.0
57849.2116551 62.3227721243 0.0 62.3227721243 0.0
57849.2116667 62.3281178898 0.0 62.3281178898 0.0
57849.2116782 62.2774355716 0.0 62.2774355716 0.0
57849.2116898 62.3560414099 0.0 62.3560414099 0.0
57849.2117014 62.4229999753 0.0 62.4229999753 0.0
57849.211713 62.459960695 0.0 62.459960695 0.0
57849.2117245 62.3377554847 0.0 62.3377554847 0.0
57849.2117361 62.2437710416 0.0 62.2437710416 0.0
57849.2117477 62.3300789616 0.0 62.3300789616 0.0
57849.2117593 62.3453801097 0.0 62.3453801097 0.0
57849.2117708 62.3700168812 0.0 62.3700168812 0.0
57849.2117824 62.3438042318 0.0 62.3438042318 0.0
57849.211794 62.29197238 0.0 62.29197238 0.0
57849.2319907 60.4900418025 0.0 60.4900418025 0.0
57849.2320023 60.466563316 0.0 60.466563316 0.0
57849.2320139 60.4158964311 0.0 60.4158964311 0.0
57849.2320255 60.4727559075 0.0 60.4727559075 0.0
57849.232037 60.4414655474 0.0 60.4414655474 0.0
57849.2320486 60.4195013474 0.0 60.4195013474 0.0
57849.2320602 60.4073951507 0.0 60.4073951507 0.0
57849.2320718 60.414001383 0.0 60.414001383 0.0
57849.2320833 60.3578491338 0.0 60.3578491338 0.0
57849.2320949 60.3974749499 0.0 60.3974749499 0.0
57849.2321065 60.3616388457 0.0 60.3616388457 0.0
57849.2321181 60.2970315382 0.0 60.2970315382 0.0
57849.2321296 60.2575861478 0.0 60.2575861478 0.0
57849.2321412 60.2483188693 0.0 60.2483188693 0.0
57849.2321528 60.3198611627 0.0 60.3198611627 0.0
57849.2321644 60.299229021 0.0 60.299229021 0.0
57849.2321759 60.2242255739 0.0 60.2242255739 0.0
57849.2321875 60.2278912709 0.0 60.2278912709 0.0
57849.2321991 60.2264793983 0.0 60.2264793983 0.0
57849.2322106 60.2435721415 0.0 60.2435721415 0.0
57849.2322222 60.2641492832 0.0 60.2641492832 0.0
57849.2322338 60.2311692004 0.0 60.2311692004 0.0
57849.2322454 60.2014457949 0.0 60.2014457949 0.0
57849.2322569 60.244566597 0.0 60.244566597 0.0
57849.2322685 60.2754196893 0.0 60.2754196893 0.0
57849.2322801 60.2670796278 0.0 60.2670796278 0.0
57849.2322917 60.2481348158 0.0 60.2481348158 0.0
57849.2323032 60.2029810931 0.0 60.2029810931 0.0
57849.2323148 60.2314027049 0.0 60.2314027049 0.0
57849.2323264 60.2393470144 0.0 60.2393470144 0.0
57849.232338 60.1255388357 0.0 60.1255388357 0.0
57849.2323495 60.2040841035 0.0 60.2040841035 0.0
57849.2323611 60.2610507595 0.0 60.2610507595 0.0
57849.2323727 60.2000717556 0.0 60.2000717556 0.0
57849.2323843 60.2010471343 0.0 60.2010471343 0.0
57849.2323958 60.192919827 0.0 60.192919827 0.0
57849.2324074 60.1051146518 0.0 60.1051146518 0.0
57849.232419 60.1473194975 0.0 60.1473194975 0.0
57849.2324306 60.189557645 0.0 60.189557645 0.0
57849.2324421 60.2045183851 0.0 60.2045183851 0.0
57849.2324537 60.1658028884 0.0 60.1658028884 0.0
57849.2324653 60.1359981537 0.0 60.1359981537 0.0
57849.2324769 60.1461812936 0.0 60.1461812936 0.0
57849.2324884 60.1788672052 0.0 60.1788672052 0.0
57849.2325 60.1886703735 0.0 60.1886703735 0.0
57849.2325116 60.1897139319 0.0 60.1897139319 0.0
57849.2325231 60.1291843883 0.0 60.1291843883 0.0
57849.2325347 60.0593623131 0.0 60.0593623131 0.0
57849.2325463 60.0935314678 0.0 60.0935314678 0.0
57849.2325579 60.147047554 0.0 60.147047554 0.0
57849.2325694 60.1156200453 0.0 60.1156200453 0.0
57849.232581 60.1266660112 0.0 60.1266660112 0.0
57849.2325926 60.1308257555 0.0 60.1308257555 0.0
57849.2326042 60.1344803321 0.0 60.1344803321 0.0
57849.2326157 60.1547669796 0.0 60.1547669796 0.0
57849.2326273 60.1453812926 0.0 60.1453812926 0.0
57849.2326389 60.0988766086 0.0 60.0988766086 0.0
57849.2326505 60.0648209256 0.0 60.0648209256 0.0
57849.232662 60.0559575724 0.0 60.0559575724 0.0
57849.2326736 60.0984900756 0.0 60.0984900756 0.0
57849.2326852 60.094762208 0.0 60.094762208 0.0
57849.2326968 60.0211504795 0.0 60.0211504795 0.0
57849.2327083 60.0081636772 0.0 60.0081636772 0.0
57849.2327199 60.0244408259 0.0 60.0244408259 0.0
57849.2327315 60.056391438 0.0 60.056391438 0.0
57849.2327431 60.0328191723 0.0 60.0328191723 0.0
57849.2327546 59.9911858374 0.0 59.9911858374 0.0
57849.2327662 60.0095073618 0.0 60.0095073618 0.0
57849.2327778 60.0104716602 0.0 60.0104716602 0.0
57849.2327894 60.0245870651 0.0 60.0245870651 0.0
57849.2328009 59.9915217209 0.0 59.9915217209 0.0
57849.2328125 59.9748025182 0.0 59.9748025182 0.0
57849.2328241 59.9576070695 0.0 59.9576070695 0.0
57849.2328356 59.989121158 0.0 59.989121158 0.0
57849.2328472 60.0168820256 0.0 60.0168820256 0.0
57849.2328588 59.9734117193 0.0 59.9734117193 0.0
57849.2328704 59.8773461554 0.0 59.8773461554 0.0
57849.2328819 59.8837964749 0.0 59.8837964749 0.0
57849.2328935 59.9514203713 0.0 59.9514203713 0.0
57849.2329051 59.9755650921 0.0 59.9755650921 0.0
57849.2329167 59.9910880362 0.0 59.9910880362 0.0
57849.2329282 59.9492258511 0.0 59.9492258511 0.0
57849.2329398 59.9420410378 0.0 59.9420410378 0.0
57849.2329514 59.9511063022 0.0 59.9511063022 0.0
57849.232963 59.9711279912 0.0 59.9711279912 0.0
57849.2329745 59.9989943272 0.0 59.9989943272 0.0
57849.2329861 59.9689391206 0.0 59.9689391206 0.0
57849.2329977 59.940545848 0.0 59.940545848 0.0
57849.2330093 59.944281874 0.0 59.944281874 0.0
57849.2330208 59.9904488722 0.0 59.9904488722 0.0
57849.2330324 60.0045021955 0.0 60.0045021955 0.0
57849.233044 59.96538721 0.0 59.96538721 0.0
57849.2330556 59.9472486365 0.0 59.9472486365 0.0
57849.2330671 59.9480061379 0.0 59.9480061379 0.0
57849.2330787 59.9761627077 0.0 59.9761627077 0.0
57849.2330903 60.0134475862 0.0 60.0134475862 0.0
57849.2331019 59.9384294974 0.0 59.9384294974 0.0
57849.2331134 59.9425812452 0.0 59.9425812452 0.0
57849.233125 59.9606027283 0.0 59.9606027283 0.0
57849.2331366 59.9231685249 0.0 59.9231685249 0.0
57849.2331481 59.8588644069 0.0 59.8588644069 0.0
57849.2331597 59.8501884185 0.0 59.8501884185 0.0
57849.2331713 59.8190348053 0.0 59.8190348053 0.0
57849.2331829 59.8690590585 0.0 59.8690590585 0.0
57849.2331944 59.9029801907 0.0 59.9029801907 0.0
57849.233206 59.9096527368 0.0 59.9096527368 0.0
57849.2332176 59.949520164 0.0 59.949520164 0.0
57849.2332292 59.9155385968 0.0 59.9155385968 0.0
57849.2332407 59.9659413264 0.0 59.9659413264 0.0
57849.2332523 59.9598105966 0.0 59.9598105966 0.0
57849.2332639 59.9494697949 0.0 59.9494697949 0.0
57849.2332755 59.9462521378 0.0 59.9462521378 0.0
57849.233287 59.9301855829 0.0 59.9301855829 0.0
57849.2332986 59.9687208279 0.0 59.9687208279 0.0
57849.2333102 59.9914614594 0.0 59.9914614594 0.0
57849.2333218 60.0285039562 0.0 60.0285039562 0.0
57849.2333333 59.9801030769 0.0 59.9801030769 0.0
57849.2333449 59.9547793703 0.0 59.9547793703 0.0
57849.2333565 59.9833708239 0.0 59.9833708239 0.0
57849.2333681 59.9688314558 0.0 59.9688314558 0.0
57849.2333796 59.9726274249 0.0 59.9726274249 0.0
57849.2333912 59.9610511437 0.0 59.9610511437 0.0
57849.2334028 59.9405962141 0.0 59.9405962141 0.0
57849.2334144 59.9950653355 0.0 59.9950653355 0.0
57849.2334259 59.9969917837 0.0 59.9969917837 0.0
57849.2334375 59.9706597916 0.0 59.9706597916 0.0
57849.2334491 59.9249163414 0.0 59.9249163414 0.0
57849.2334606 59.9348772927 0.0 59.9348772927 0.0
57849.2334722 59.9544248005 0.0 59.9544248005 0.0
57849.2334838 60.0124081793 0.0 60.0124081793 0.0
57849.2334954 59.9947936588 0.0 59.9947936588 0.0
57849.2335069 59.9722046582 0.0 59.9722046582 0.0
57849.2335185 59.9823701432 0.0 59.9823701432 0.0
57849.2335301 59.9723775183 0.0 59.9723775183 0.0
57849.2335417 59.9793335661 0.0 59.9793335661 0.0
57849.2335532 59.9396511112 0.0 59.9396511112 0.0
57849.2335648 59.9963940882 0.0 59.9963940882 0.0
57849.2335764 59.9701372667 0.0 59.9701372667 0.0
57849.233588 59.9812756252 0.0 59.9812756252 0.0
57849.2335995 60.0098660089 0.0 60.0098660089 0.0
57849.2336111 60.0123933589 0.0 60.0123933589 0.0
57849.2336227 59.9650908917 0.0 59.9650908917 0.0
57849.2336343 59.9774695678 0.0 59.9774695678 0.0
57849.2336458 59.9567843351 0.0 59.9567843351 0.0
57849.2336574 60.0283992147 0.0 60.0283992147 0.0
57849.233669 60.0221128739 0.0 60.0221128739 0.0
57849.2336806 59.9810385465 0.0 59.9810385465 0.0
57849.2336921 60.0008022696 0.0 60.0008022696 0.0
57849.2337037 59.9917845009 0.0 59.9917845009 0.0
57849.2337153 60.0293873455 0.0 60.0293873455 0.0
57849.2337269 60.0560504729 0.0 60.0560504729 0.0
57849.2337384 60.0576080469 0.0 60.0576080469 0.0
57849.23375 60.0464948606 0.0 60.0464948606 0.0
57849.2337616 59.9577107757 0.0 59.9577107757 0.0
57849.2337731 59.836488438 0.0 59.836488438 0.0
57849.2337847 59.9919544189 0.0 59.9919544189 0.0
57849.2337963 60.0480177501 0.0 60.0480177501 0.0
57849.2338079 60.015378214 0.0 60.015378214 0.0
57849.2338194 59.9731865059 0.0 59.9731865059 0.0
57849.233831 60.0246690777 0.0 60.0246690777 0.0
57849.2338426 60.0800799673 0.0 60.0800799673 0.0
57849.2338542 60.0759957185 0.0 60.0759957185 0.0
57849.2338657 60.1109920874 0.0 60.1109920874 0.0
57849.2338773 60.1143377283 0.0 60.1143377283 0.0
57849.2338889 60.1075397466 0.0 60.1075397466 0.0
57849.2339005 60.1229275773 0.0 60.1229275773 0.0
57849.233912 60.0760065912 0.0 60.0760065912 0.0
57849.2339236 60.0621286582 0.0 60.0621286582 0.0
57849.2339352 60.117204913 0.0 60.117204913 0.0
57849.2339468 60.122054531 0.0 60.122054531 0.0
57849.2339583 60.1222987462 0.0 60.1222987462 0.0
57849.2339699 60.0771640478 0.0 60.0771640478 0.0
57849.2339815 60.0842878839 0.0 60.0842878839 0.0
57849.2339931 60.0965109631 0.0 60.0965109631 0.0
57849.2340046 60.1185297681 0.0 60.1185297681 0.0
57849.2340162 60.1215176545 0.0 60.1215176545 0.0
57849.2569907 60.4697666649 0.0 60.4697666649 0.0
57849.2570023 60.4203876437 0.0 60.4203876437 0.0
57849.2570139 60.4537435072 0.0 60.4537435072 0.0
57849.2570255 60.5235101595 0.0 60.5235101595 0.0
57849.257037 60.49780187 0.0 60.49780187 0.0
57849.2570486 60.4656414848 0.0 60.4656414848 0.0
57849.2570602 60.5233230771 0.0 60.5233230771 0.0
57849.2570718 60.5492564884 0.0 60.5492564884 0.0
57849.2570833 60.5700385112 0.0 60.5700385112 0.0
57849.2570949 60.6431865435 0.0 60.6431865435 0.0
57849.2571065 60.6413687263 0.0 60.6413687263 0.0
57849.2571181 60.6424584234 0.0 60.6424584234 0.0
57849.2571296 60.6019270196 0.0 60.6019270196 0.0
57849.2571412 60.5986212014 0.0 60.5986212014 0.0
57849.2571528 60.6534697614 0.0 60.6534697614 0.0
57849.2571644 60.5948301968 0.0 60.5948301968 0.0
57849.2571759 60.6135336121 0.0 60.6135336121 0.0
57849.2571875 60.6357499775 0.0 60.6357499775 0.0
57849.2571991 60.653872981 0.0 60.653872981 0.0
57849.2572106 60.6793374545 0.0 60.6793374545 0.0
57849.2572222 60.62492913 0.0 60.62492913 0.0
57849.2572338 60.583650855 0.0 60.583650855 0.0
57849.2572454 60.5608600086 0.0 60.5608600086 0.0
57849.2572569 60.6143338949 0.0 60.6143338949 0.0
57849.2572685 60.5901628765 0.0 60.5901628765 0.0
57849.2572801 60.5570145109 0.0 60.5570145109 0.0
57849.2572917 60.5688562649 0.0 60.5688562649 0.0
57849.2573032 60.543416454 0.0 60.543416454 0.0
57849.2573148 60.5507247002 0.0 60.5507247002 0.0
57849.2573264 60.5634065661 0.0 60.5634065661 0.0
57849.257338 60.4956859362 0.0 60.4956859362 0.0
57849.2573495 60.5137128988 0.0 60.5137128988 0.0
57849.2573611 60.5641788589 0.0 60.5641788589 0.0
57849.2573727 60.5984637361 0.0 60.5984637361 0.0
57849.2573843 60.5790522067 0.0 60.5790522067 0.0
57849.2573958 60.5862364186 0.0 60.5862364186 0.0
57849.2574074 60.5339762527 0.0 60.5339762527 0.0
57849.257419 60.5431125289 0.0 60.5431125289 0.0
57849.2574306 60.549937626 0.0 60.549937626 0.0
57849.2574421 60.5676175896 0.0 60.5676175896 0.0
57849.2574537 60.535782873 0.0 60.535782873 0.0
57849.2574653 60.5561491885 0.0 60.5561491885 0.0
57849.2574769 60.5313965353 0.0 60.5313965353 0.0
57849.2574884 60.5120955903 0.0 60.5120955903 0.0
57849.2575 60.5232151831 0.0 60.5232151831 0.0
57849.2575116 60.5341306807 0.0 60.5341306807 0.0
57849.2575231 60.507499124 0.0 60.507499124 0.0
57849.2575347 60.4919697631 0.0 60.4919697631 0.0
57849.2575463 60.3675231593 0.0 60.3675231593 0.0
57849.2575579 60.366684628 0.0 60.366684628 0.0
57849.2575694 60.3649215519 0.0 60.3649215519 0.0
57849.257581 60.3604125997 0.0 60.3604125997 0.0
57849.2575926 60.3415258902 0.0 60.3415258902 0.0
57849.2576042 60.5205624019 0.0 60.5205624019 0.0
57849.2576157 60.5426086284 0.0 60.5426086284 0.0
57849.2576273 60.4849869696 0.0 60.4849869696 0.0
57849.2576389 60.494202425 0.0 60.494202425 0.0
57849.2576505 60.4632924877 0.0 60.4632924877 0.0
57849.257662 60.4943449365 0.0 60.4943449365 0.0
57849.2576736 60.5217026963 0.0 60.5217026963 0.0
57849.2576852 60.4939233405 0.0 60.4939233405 0.0
57849.2576968 60.5306501479 0.0 60.5306501479 0.0
57849.2577083 60.5142345191 0.0 60.5142345191 0.0
57849.2577199 60.5270162644 0.0 60.5270162644 0.0
57849.2577315 60.563883803 0.0 60.563883803 0.0
57849.2577431 60.5324448495 0.0 60.5324448495 0.0
57849.2577546 60.4826277765 0.0 60.4826277765 0.0
57849.2577662 60.5065717316 0.0 60.5065717316 0.0
57849.2577778 60.5237615827 0.0 60.5237615827 0.0
57849.2577894 60.5312381505 0.0 60.5312381505 0.0
57849.2578009 60.469514342 0.0 60.469514342 0.0
57849.2578125 60.5087630393 0.0 60.5087630393 0.0
57849.2578241 60.4536168643 0.0 60.4536168643 0.0
57849.2578356 60.4549960902 0.0 60.4549960902 0.0
57849.2578472 60.4638752811 0.0 60.4638752811 0.0
57849.2578588 60.4574894142 0.0 60.4574894142 0.0
57849.2578704 60.4051876674 0.0 60.4051876674 0.0
57849.2578819 60.4319328081 0.0 60.4319328081 0.0
57849.2578935 60.4733477172 0.0 60.4733477172 0.0
57849.2579051 60.5190539009 0.0 60.5190539009 0.0
57849.2579167 60.5034233907 0.0 60.5034233907 0.0
57849.2579282 60.492919828 0.0 60.492919828 0.0
57849.2579398 60.5100883307 0.0 60.5100883307 0.0
57849.2579514 60.5238863046 0.0 60.5238863046 0.0
57849.257963 60.5258244567 0.0 60.5258244567 0.0
57849.2579745 60.5041904278 0.0 60.5041904278 0.0
57849.2579861 60.4657938641 0.0 60.4657938641 0.0
57849.2579977 60.5007135541 0.0 60.5007135541 0.0
57849.2580093 60.4767972442 0.0 60.4767972442 0.0
57849.2580208 60.4859270945 0.0 60.4859270945 0.0
57849.2580324 60.477372173 0.0 60.477372173 0.0
57849.258044 60.4823962135 0.0 60.4823962135 0.0
57849.2580556 60.5171356319 0.0 60.5171356319 0.0
57849.2580671 60.5483179492 0.0 60.5483179492 0.0
57849.2580787 60.5375380377 0.0 60.5375380377 0.0
57849.2580903 60.553984914 0.0 60.553984914 0.0
57849.2581019 60.5187539842 0.0 60.5187539842 0.0
57849.2581134 60.5348434277 0.0 60.5348434277 0.0
57849.258125 60.5645937203 0.0 60.5645937203 0.0
57849.2581366 60.5886041644 0.0 60.5886041644 0.0
57849.2581481 60.5147432738 0.0 60.5147432738 0.0
57849.2581597 60.4876500123 0.0 60.4876500123 0.0
57849.2581713 60.4984857445 0.0 60.4984857445 0.0
57849.2581829 60.5036005512 0.0 60.5036005512 0.0
57849.2581944 60.5277735224 0.0 60.5277735224 0.0
57849.258206 60.4808455415 0.0 60.4808455415 0.0
57849.2582176 60.4654505161 0.0 60.4654505161 0.0
57849.2582292 60.4874708912 0.0 60.4874708912 0.0
57849.2582407 60.4613966936 0.0 60.4613966936 0.0
57849.2582523 60.4786665129 0.0 60.4786665129 0.0
57849.2582639 60.4392979956 0.0 60.4392979956 0.0
57849.2582755 60.4636932197 0.0 60.4636932197 0.0
57849.258287 60.4933721005 0.0 60.4933721005 0.0
57849.2582986 60.5227202578 0.0 60.5227202578 0.0
57849.2583102 60.5611718902 0.0 60.5611718902 0.0
57849.2583218 60.5039489345 0.0 60.5039489345 0.0
57849.2583333 60.538329007 0.0 60.538329007 0.0
57849.2583449 60.5856491917 0.0 60.5856491917 0.0
57849.2583565 60.5529206093 0.0 60.5529206093 0.0
57849.2583681 60.5578927093 0.0 60.5578927093 0.0
57849.2583796 60.5519632365 0.0 60.5519632365 0.0
57849.2583912 60.5492059972 0.0 60.5492059972 0.0
57849.2584028 60.5572560893 0.0 60.5572560893 0.0
57849.2584144 60.5681354359 0.0 60.5681354359 0.0
57849.2584259 60.5548294328 0.0 60.5548294328 0.0
57849.2584375 60.5219046242 0.0 60.5219046242 0.0
57849.2584491 60.5231548022 0.0 60.5231548022 0.0
57849.2584606 60.5098735515 0.0 60.5098735515 0.0
57849.2584722 60.5421581883 0.0 60.5421581883 0.0
57849.2584838 60.5590917011 0.0 60.5590917011 0.0
57849.2584954 60.5432788461 0.0 60.5432788461 0.0
57849.2585069 60.526392643 0.0 60.526392643 0.0
57849.2585185 60.5348840148 0.0 60.5348840148 0.0
57849.2585301 60.5942993845 0.0 60.5942993845 0.0
57849.2585417 60.5930595096 0.0 60.5930595096 0.0
57849.2585532 60.5725070001 0.0 60.5725070001 0.0
57849.2585648 60.5572214366 0.0 60.5572214366 0.0
57849.2585764 60.5796829776 0.0 60.5796829776 0.0
57849.258588 60.6245022158 0.0 60.6245022158 0.0
57849.2585995 60.6729612694 0.0 60.6729612694 0.0
57849.2586111 60.6176965158 0.0 60.6176965158 0.0
57849.2586227 60.6144141215 0.0 60.6144141215 0.0
57849.2586343 60.603348207 0.0 60.603348207 0.0
57849.2586458 60.6567005019 0.0 60.6567005019 0.0
57849.2586574 60.7285953426 0.0 60.7285953426 0.0
57849.258669 60.6782791971 0.0 60.6782791971 0.0
57849.2586806 60.641366745 0.0 60.641366745 0.0
57849.2586921 60.6921966737 0.0 60.6921966737 0.0
57849.2587037 60.7194586666 0.0 60.7194586666 0.0
57849.2587153 60.6929438643 0.0 60.6929438643 0.0
57849.2587269 60.6686759518 0.0 60.6686759518 0.0
57849.2587384 60.6349535429 0.0 60.6349535429 0.0
57849.25875 60.6760497466 0.0 60.6760497466 0.0
57849.2587616 60.6630621237 0.0 60.6630621237 0.0
57849.2587731 60.7338181091 0.0 60.7338181091 0.0
57849.2587847 60.7184655402 0.0 60.7184655402 0.0
57849.2587963 60.733212461 0.0 60.733212461 0.0
57849.2588079 60.7142572158 0.0 60.7142572158 0.0
57849.2588194 60.5972832471 0.0 60.5972832471 0.0
57849.258831 60.6702226153 0.0 60.6702226153 0.0
57849.2588426 60.7461506701 0.0 60.7461506701 0.0
57849.2588542 60.7268845273 0.0 60.7268845273 0.0
57849.2588657 60.7623438486 0.0 60.7623438486 0.0
57849.2588773 60.786235324 0.0 60.786235324 0.0
57849.2588889 60.8296287561 0.0 60.8296287561 0.0
57849.2589005 60.8026827742 0.0 60.8026827742 0.0
57849.258912 60.7839457564 0.0 60.7839457564 0.0
57849.2589236 60.7908165483 0.0 60.7908165483 0.0
57849.2589352 60.8454759016 0.0 60.8454759016 0.0
57849.2589468 60.8599755007 0.0 60.8599755007 0.0
57849.2589583 60.8255521791 0.0 60.8255521791 0.0
57849.2589699 60.8496125473 0.0 60.8496125473 0.0
57849.2589815 60.8585449216 0.0 60.8585449216 0.0
57849.2589931 60.9121504947 0.0 60.9121504947 0.0
57849.2590046 60.9044394778 0.0 60.9044394778 0.0
57849.2590162 60.8903225124 0.0 60.8903225124 0.0
57849.279213 59.966296572 0.0 59.966296572 0.0
57849.2792245 59.9905663985 0.0 59.9905663985 0.0
57849.2792361 59.9704853873 0.0 59.9704853873 0.0
57849.2792477 60.0017538205 0.0 60.0017538205 0.0
57849.2792593 59.9742514372 0.0 59.9742514372 0.0
57849.2792708 59.9813420066 0.0 59.9813420066 0.0
57849.2792824 59.9950434602 0.0 59.9950434602 0.0
57849.279294 59.9507919684 0.0 59.9507919684 0.0
57849.2793056 59.9181402276 0.0 59.9181402276 0.0
57849.2793171 59.9002604565 0.0 59.9002604565 0.0
57849.2793287 59.9496797233 0.0 59.9496797233 0.0
57849.2793403 59.9840157305 0.0 59.9840157305 0.0
57849.2793519 59.9136315519 0.0 59.9136315519 0.0
57849.2793634 59.8808453565 0.0 59.8808453565 0.0
57849.279375 59.8903005073 0.0 59.8903005073 0.0
57849.2793866 59.8919334381 0.0 59.8919334381 0.0
57849.2794097 59.8720530149 0.0 59.8720530149 0.0
57849.2794213 59.7877303686 0.0 59.7877303686 0.0
57849.2794213 59.7965289339 0.0 59.7965289339 0.0
57849.2794329 59.8353327566 0.0 59.8353327566 0.0
57849.2794444 59.8399525174 0.0 59.8399525174 0.0
57849.279456 59.8594997726 0.0 59.8594997726 0.0
57849.2794676 59.8759290623 0.0 59.8759290623 0.0
57849.2794792 59.8612894805 0.0 59.8612894805 0.0
57849.2794907 59.8829584954 0.0 59.8829584954 0.0
57849.2795023 59.8947528198 0.0 59.8947528198 0.0
57849.2795139 59.9142223571 0.0 59.9142223571 0.0
57849.2795255 59.8566203741 0.0 59.8566203741 0.0
57849.279537 59.8288621381 0.0 59.8288621381 0.0
57849.2795602 59.8691017941 0.0 59.8691017941 0.0
57849.2795718 59.8581117687 0.0 59.8581117687 0.0
57849.2795833 59.9301719552 0.0 59.9301719552 0.0
57849.2795949 59.9389108559 0.0 59.9389108559 0.0
57849.2796065 59.969377977 0.0 59.969377977 0.0
57849.2796181 59.9384751428 0.0 59.9384751428 0.0
57849.2796296 59.9439067223 0.0 59.9439067223 0.0
57849.2796412 59.9915595208 0.0 59.9915595208 0.0
57849.2796528 59.9404746584 0.0 59.9404746584 0.0
57849.2796528 59.9368815173 0.0 59.9368815173 0.0
57849.2796644 59.9382741978 0.0 59.9382741978 0.0
57849.2796759 59.9753937076 0.0 59.9753937076 0.0
57849.2796875 59.9937935718 0.0 59.9937935718 0.0
57849.2796991 59.9093229191 0.0 59.9093229191 0.0
57849.2797106 59.87415112 0.0 59.87415112 0.0
57849.2797222 59.8744424704 0.0 59.8744424704 0.0
57849.2797338 59.8672294682 0.0 59.8672294682 0.0
57849.2797454 59.889910675 0.0 59.889910675 0.0
57849.2797569 59.8320700763 0.0 59.8320700763 0.0
57849.2797685 59.8644473703 0.0 59.8644473703 0.0
57849.2797917 59.8336169083 0.0 59.8336169083 0.0
57849.2798032 59.8859030157 0.0 59.8859030157 0.0
57849.2798148 59.8949129343 0.0 59.8949129343 0.0
57849.2798264 59.8860173767 0.0 59.8860173767 0.0
57849.279838 59.863493832 0.0 59.863493832 0.0
57849.2798495 59.8560337628 0.0 59.8560337628 0.0
57849.2798611 59.7653758894 0.0 59.7653758894 0.0
57849.2798727 59.8949576869 0.0 59.8949576869 0.0
57849.2798843 59.8847136655 0.0 59.8847136655 0.0
57849.2798843 59.8515845366 0.0 59.8515845366 0.0
57849.2798958 59.8778512116 0.0 59.8778512116 0.0
57849.2799074 59.8952918396 0.0 59.8952918396 0.0
57849.279919 59.9190871356 0.0 59.9190871356 0.0
57849.2799306 59.9025628213 0.0 59.9025628213 0.0
57849.2799421 59.9058398957 0.0 59.9058398957 0.0
57849.2799537 59.8938528 0.0 59.8938528 0.0
57849.2799653 59.9304116841 0.0 59.9304116841 0.0
57849.2799769 59.9227554635 0.0 59.9227554635 0.0
57849.2799884 59.917047113 0.0 59.917047113 0.0
57849.28 59.9131372268 0.0 59.9131372268 0.0
57849.2800231 59.8929269287 0.0 59.8929269287 0.0
57849.2800347 59.9183053393 0.0 59.9183053393 0.0
57849.2800463 59.9066822988 0.0 59.9066822988 0.0
57849.2800579 59.8785264057 0.0 59.8785264057 0.0
57849.2800694 59.8309556906 0.0 59.8309556906 0.0
57849.280081 59.8162964377 0.0 59.8162964377 0.0
57849.2800926 59.8666945221 0.0 59.8666945221 0.0
57849.2801042 59.8552910564 0.0 59.8552910564 0.0
57849.2801157 59.8410361477 0.0 59.8410361477 0.0
57849.2801157 59.846042816 0.0 59.846042816 0.0
57849.2801273 59.8391402966 0.0 59.8391402966 0.0
57849.2801389 59.8514493218 0.0 59.8514493218 0.0
57849.2801505 59.8670504898 0.0 59.8670504898 0.0
57849.280162 59.8502721631 0.0 59.8502721631 0.0
57849.2801736 59.7860726796 0.0 59.7860726796 0.0
57849.2801852 59.7907426766 0.0 59.7907426766 0.0
57849.2801968 59.8011386119 0.0 59.8011386119 0.0
57849.2802083 59.8045497412 0.0 59.8045497412 0.0
57849.2802199 59.7876011716 0.0 59.7876011716 0.0
57849.2802315 59.7417280031 0.0 59.7417280031 0.0
57849.2802546 59.737431025 0.0 59.737431025 0.0
57849.2802662 59.7980903255 0.0 59.7980903255 0.0
57849.2802778 59.8218957594 0.0 59.8218957594 0.0
57849.2802894 59.8092451341 0.0 59.8092451341 0.0
57849.2803009 59.7803981086 0.0 59.7803981086 0.0
57849.2803125 59.8060853698 0.0 59.8060853698 0.0
57849.2803241 59.8280748265 0.0 59.8280748265 0.0
57849.2803356 59.8410798908 0.0 59.8410798908 0.0
57849.2803472 59.7918577719 0.0 59.7918577719 0.0
57849.2803588 59.8300242253 0.0 59.8300242253 0.0
57849.2803588 59.8270240896 0.0 59.8270240896 0.0
57849.2803704 59.8370625414 0.0 59.8370625414 0.0
57849.2803819 59.8550852468 0.0 59.8550852468 0.0
57849.2803935 59.8553815332 0.0 59.8553815332 0.0
57849.2804051 59.8508746605 0.0 59.8508746605 0.0
57849.2804167 59.8571344065 0.0 59.8571344065 0.0
57849.2804282 59.8584915794 0.0 59.8584915794 0.0
57849.2804398 59.8601898019 0.0 59.8601898019 0.0
57849.2804514 59.8119735755 0.0 59.8119735755 0.0
57849.280463 59.8110392405 0.0 59.8110392405 0.0
57849.2804861 59.8177178693 0.0 59.8177178693 0.0
57849.2804977 59.8346358773 0.0 59.8346358773 0.0
57849.2805093 59.8353973746 0.0 59.8353973746 0.0
57849.2805208 59.8120163164 0.0 59.8120163164 0.0
57849.2805324 59.8154873209 0.0 59.8154873209 0.0
57849.280544 59.8335980202 0.0 59.8335980202 0.0
57849.2805556 59.844166788 0.0 59.844166788 0.0
57849.2805671 59.863536587 0.0 59.863536587 0.0
57849.2805787 59.8757023437 0.0 59.8757023437 0.0
57849.2805903 59.8878153426 0.0 59.8878153426 0.0
57849.2805903 59.8783682966 0.0 59.8783682966 0.0
57849.2806019 59.8987726396 0.0 59.8987726396 0.0
57849.2806134 59.8885681474 0.0 59.8885681474 0.0
57849.280625 59.8480312114 0.0 59.8480312114 0.0
57849.2806366 59.858157505 0.0 59.858157505 0.0
57849.2806481 59.9171296683 0.0 59.9171296683 0.0
57849.2806597 59.8911388491 0.0 59.8911388491 0.0
57849.2806713 59.8738359052 0.0 59.8738359052 0.0
57849.2806829 59.8635077522 0.0 59.8635077522 0.0
57849.2806944 59.8849980745 0.0 59.8849980745 0.0
57849.2807176 59.8749525836 0.0 59.8749525836 0.0
57849.2807292 59.9097486051 0.0 59.9097486051 0.0
57849.2807407 59.9428850537 0.0 59.9428850537 0.0
57849.2807523 59.8268362103 0.0 59.8268362103 0.0
57849.2807639 59.7833963635 0.0 59.7833963635 0.0
57849.2807755 59.7809695316 0.0 59.7809695316 0.0
57849.280787 59.8028590761 0.0 59.8028590761 0.0
57849.2807986 59.8479357678 0.0 59.8479357678 0.0
57849.2808102 59.7663685818 0.0 59.7663685818 0.0
57849.2808218 59.8044215243 0.0 59.8044215243 0.0
57849.2808218 59.8038977247 0.0 59.8038977247 0.0
57849.2808333 59.8505495503 0.0 59.8505495503 0.0
57849.2808449 59.8545185262 0.0 59.8545185262 0.0
57849.2808565 59.8308155231 0.0 59.8308155231 0.0
57849.2808681 59.8134784628 0.0 59.8134784628 0.0
57849.2808796 59.867384583 0.0 59.867384583 0.0
57849.2808912 59.8561351769 0.0 59.8561351769 0.0
57849.2809028 59.9201623606 0.0 59.9201623606 0.0
57849.2809144 59.9061601476 0.0 59.9061601476 0.0
57849.2809259 59.9332606059 0.0 59.9332606059 0.0
57849.2809491 59.9249009977 0.0 59.9249009977 0.0
57849.2809606 59.9063968559 0.0 59.9063968559 0.0
57849.2809722 59.9020158201 0.0 59.9020158201 0.0
57849.2809838 59.872625765 0.0 59.872625765 0.0
57849.2809954 59.8714076792 0.0 59.8714076792 0.0
57849.2810069 59.9220472547 0.0 59.9220472547 0.0
57849.2810185 59.9324150755 0.0 59.9324150755 0.0
57849.2810301 59.9603229785 0.0 59.9603229785 0.0
57849.2810417 59.9116701744 0.0 59.9116701744 0.0
57849.2810532 59.9124409969 0.0 59.9124409969 0.0
57849.2810532 59.909262249 0.0 59.909262249 0.0
57849.2810648 59.943634144 0.0 59.943634144 0.0
57849.2810764 59.9354202108 0.0 59.9354202108 0.0
57849.281088 59.9245986119 0.0 59.9245986119 0.0
57849.2810995 59.8997621953 0.0 59.8997621953 0.0
57849.2811111 59.9153492695 0.0 59.9153492695 0.0
57849.2811227 59.9590723734 0.0 59.9590723734 0.0
57849.2811343 59.9811330461 0.0 59.9811330461 0.0
57849.2811458 59.9589390557 0.0 59.9589390557 0.0
57849.2811574 59.9303231534 0.0 59.9303231534 0.0
57849.281169 59.9131352375 0.0 59.9131352375 0.0
57849.2811921 59.9303858212 0.0 59.9303858212 0.0
57849.2812037 59.9314979289 0.0 59.9314979289 0.0
57849.2812153 59.9254679728 0.0 59.9254679728 0.0
57849.2812269 59.9284162759 0.0 59.9284162759 0.0
57849.2812384 59.9331193524 0.0 59.9331193524 0.0
57849.28125 59.9727559513 0.0 59.9727559513 0.0
57849.3264352 59.0605258092 0.0 59.0605258092 0.0
57849.3264468 59.1020804347 0.0 59.1020804347 0.0
57849.3264583 59.0299931477 0.0 59.0299931477 0.0
57849.3264699 59.0174291332 0.0 59.0174291332 0.0
57849.3264815 59.0207422404 0.0 59.0207422404 0.0
57849.3264931 58.9889703029 0.0 58.9889703029 0.0
57849.3265046 58.9969456435 0.0 58.9969456435 0.0
57849.3265162 58.971130971 0.0 58.971130971 0.0
57849.3265278 59.0146399404 0.0 59.0146399404 0.0
57849.3265394 59.046014526 0.0 59.046014526 0.0
57849.3265509 59.0779080359 0.0 59.0779080359 0.0
57849.3265625 59.1078489365 0.0 59.1078489365 0.0
57849.3265741 59.0926072093 0.0 59.0926072093 0.0
57849.3265856 59.1064404939 0.0 59.1064404939 0.0
57849.3265972 59.1070732856 0.0 59.1070732856 0.0
57849.3266088 59.1520328545 0.0 59.1520328545 0.0
57849.3266204 59.1110632483 0.0 59.1110632483 0.0
57849.3266319 59.0810453191 0.0 59.0810453191 0.0
57849.3266435 59.1123872211 0.0 59.1123872211 0.0
57849.3266551 59.1377026975 0.0 59.1377026975 0.0
57849.3266667 59.1566609135 0.0 59.1566609135 0.0
57849.3266782 59.1467709731 0.0 59.1467709731 0.0
57849.3266898 59.0857850531 0.0 59.0857850531 0.0
57849.3267014 59.0936292494 0.0 59.0936292494 0.0
57849.326713 59.1387773406 0.0 59.1387773406 0.0
57849.3267245 59.1492343459 0.0 59.1492343459 0.0
57849.3267361 59.148429318 0.0 59.148429318 0.0
57849.3267477 59.0914614457 0.0 59.0914614457 0.0
57849.3267593 59.0929874558 0.0 59.0929874558 0.0
57849.3267708 59.1322682103 0.0 59.1322682103 0.0
57849.3267824 59.1642689647 0.0 59.1642689647 0.0
57849.326794 59.1756716371 0.0 59.1756716371 0.0
57849.3268056 59.1401397727 0.0 59.1401397727 0.0
57849.3268171 59.1217851166 0.0 59.1217851166 0.0
57849.3268287 59.1169226122 0.0 59.1169226122 0.0
57849.3268403 59.1158601847 0.0 59.1158601847 0.0
57849.3268519 59.1612830646 0.0 59.1612830646 0.0
57849.3268634 59.1431182454 0.0 59.1431182454 0.0
57849.326875 59.1470315977 0.0 59.1470315977 0.0
57849.3268866 59.1839911558 0.0 59.1839911558 0.0
57849.3268981 59.2008327788 0.0 59.2008327788 0.0
57849.3269097 59.1735510625 0.0 59.1735510625 0.0
57849.3269213 59.1596708821 0.0 59.1596708821 0.0
57849.3269329 59.0180002499 0.0 59.0180002499 0.0
57849.3269444 58.9795326902 0.0 58.9795326902 0.0
57849.326956 59.0292590895 0.0 59.0292590895 0.0
57849.3269676 58.9925351817 0.0 58.9925351817 0.0
57849.3269792 58.9619858625 0.0 58.9619858625 0.0
57849.3269907 58.9407252729 0.0 58.9407252729 0.0
57849.3270023 58.9357896817 0.0 58.9357896817 0.0
57849.3270139 58.9570868318 0.0 58.9570868318 0.0
57849.3270255 59.1419258436 0.0 59.1419258436 0.0
57849.327037 59.1306714046 0.0 59.1306714046 0.0
57849.3270486 59.1262664343 0.0 59.1262664343 0.0
57849.3270602 59.1486255432 0.0 59.1486255432 0.0
57849.3270718 59.1604991112 0.0 59.1604991112 0.0
57849.3270833 59.1792878484 0.0 59.1792878484 0.0
57849.3270949 59.1884751748 0.0 59.1884751748 0.0
57849.3271065 58.9967526143 0.0 58.9967526143 0.0
57849.3271181 59.004117041 0.0 59.004117041 0.0
57849.3271296 59.0172069211 0.0 59.0172069211 0.0
57849.3271412 59.0249443006 0.0 59.0249443006 0.0
57849.3271528 59.0071413261 0.0 59.0071413261 0.0
57849.3271644 59.0065803009 0.0 59.0065803009 0.0
57849.3271759 59.0581582984 0.0 59.0581582984 0.0
57849.3271875 59.2102115704 0.0 59.2102115704 0.0
57849.3271991 59.2434609291 0.0 59.2434609291 0.0
57849.3272106 59.2056122011 0.0 59.2056122011 0.0
57849.3272222 59.2391123352 0.0 59.2391123352 0.0
57849.3272338 59.2611192809 0.0 59.2611192809 0.0
57849.3272454 59.3081799551 0.0 59.3081799551 0.0
57849.3272569 59.2656114544 0.0 59.2656114544 0.0
57849.3272685 59.20584574 0.0 59.20584574 0.0
57849.3272801 59.2417512805 0.0 59.2417512805 0.0
57849.3272917 59.2414673477 0.0 59.2414673477 0.0
57849.3273032 59.2379262837 0.0 59.2379262837 0.0
57849.3273148 59.2452813518 0.0 59.2452813518 0.0
57849.3273264 59.214839256 0.0 59.214839256 0.0
57849.327338 59.2349319946 0.0 59.2349319946 0.0
57849.3273495 59.3039797152 0.0 59.3039797152 0.0
57849.3273611 59.378267447 0.0 59.378267447 0.0
57849.3273727 59.3923526737 0.0 59.3923526737 0.0
57849.3273843 59.3792791804 0.0 59.3792791804 0.0
57849.3273958 59.3603354202 0.0 59.3603354202 0.0
57849.3274074 59.3821400821 0.0 59.3821400821 0.0
57849.327419 59.356552979 0.0 59.356552979 0.0
57849.3274306 59.3068705162 0.0 59.3068705162 0.0
57849.3274421 59.284709355 0.0 59.284709355 0.0
57849.3274537 59.3086986973 0.0 59.3086986973 0.0
57849.3274653 59.3151705226 0.0 59.3151705226 0.0
57849.3274769 59.3343387087 0.0 59.3343387087 0.0
57849.3274884 59.3621077771 0.0 59.3621077771 0.0
57849.3275 59.2921984691 0.0 59.2921984691 0.0
57849.3275116 59.2771732522 0.0 59.2771732522 0.0
57849.3275231 59.3033874598 0.0 59.3033874598 0.0
57849.3275347 59.2926023431 0.0 59.2926023431 0.0
57849.3275463 59.2711772486 0.0 59.2711772486 0.0
57849.3275579 59.2349017903 0.0 59.2349017903 0.0
57849.3275694 59.2448695398 0.0 59.2448695398 0.0
57849.327581 59.1387209921 0.0 59.1387209921 0.0
57849.3275926 59.1609248004 0.0 59.1609248004 0.0
57849.3276042 59.1652562257 0.0 59.1652562257 0.0
57849.3276157 59.1407767186 0.0 59.1407767186 0.0
57849.3276273 59.3035123571 0.0 59.3035123571 0.0
57849.3276389 59.3488201056 0.0 59.3488201056 0.0
57849.3276505 59.3817904024 0.0 59.3817904024 0.0
57849.327662 59.3728017777 0.0 59.3728017777 0.0
57849.3276736 59.3689344039 0.0 59.3689344039 0.0
57849.3276852 59.3508170156 0.0 59.3508170156 0.0
57849.3276968 59.3657684256 0.0 59.3657684256 0.0
57849.3277083 59.3909881358 0.0 59.3909881358 0.0
57849.3277199 59.3541741366 0.0 59.3541741366 0.0
57849.3277315 59.2905235607 0.0 59.2905235607 0.0
57849.3277431 59.240034602 0.0 59.240034602 0.0
57849.3277546 59.2472115455 0.0 59.2472115455 0.0
57849.3277662 59.2366053263 0.0 59.2366053263 0.0
57849.3277778 59.2162597009 0.0 59.2162597009 0.0
57849.3277894 59.1886060234 0.0 59.1886060234 0.0
57849.3278009 59.1837797909 0.0 59.1837797909 0.0
57849.3278125 59.2233127795 0.0 59.2233127795 0.0
57849.3278241 59.2635622185 0.0 59.2635622185 0.0
57849.3278356 59.2213768271 0.0 59.2213768271 0.0
57849.3278472 59.1796421267 0.0 59.1796421267 0.0
57849.3278588 59.195734412 0.0 59.195734412 0.0
57849.3278704 59.2043025772 0.0 59.2043025772 0.0
57849.3278819 59.2359589471 0.0 59.2359589471 0.0
57849.3278935 59.2320605895 0.0 59.2320605895 0.0
57849.3279051 59.2047183137 0.0 59.2047183137 0.0
57849.3279167 59.2211090374 0.0 59.2211090374 0.0
57849.3279282 59.2177214331 0.0 59.2177214331 0.0
57849.3279398 59.3127368846 0.0 59.3127368846 0.0
57849.3279514 59.3253476738 0.0 59.3253476738 0.0
57849.327963 59.2847637394 0.0 59.2847637394 0.0
57849.3279745 59.2926990314 0.0 59.2926990314 0.0
57849.3279861 59.3449160261 0.0 59.3449160261 0.0
57849.3279977 59.3587333633 0.0 59.3587333633 0.0
57849.3280093 59.3307482795 0.0 59.3307482795 0.0
57849.3280208 59.2986817254 0.0 59.2986817254 0.0
57849.3280324 59.2964809951 0.0 59.2964809951 0.0
57849.328044 59.2860709864 0.0 59.2860709864 0.0
57849.3280556 59.2890500987 0.0 59.2890500987 0.0
57849.3280671 59.3694180725 0.0 59.3694180725 0.0
57849.3280787 59.3540028533 0.0 59.3540028533 0.0
57849.3280903 59.3471083441 0.0 59.3471083441 0.0
57849.3281019 59.3688689073 0.0 59.3688689073 0.0
57849.3281134 59.4113102572 0.0 59.4113102572 0.0
57849.328125 59.3806637739 0.0 59.3806637739 0.0
57849.3281481 59.3977333379 0.0 59.3977333379 0.0
57849.3281597 59.4422196134 0.0 59.4422196134 0.0
57849.3281713 59.4522474748 0.0 59.4522474748 0.0
57849.3281829 59.4212303632 0.0 59.4212303632 0.0
57849.3281944 59.3963969734 0.0 59.3963969734 0.0
57849.328206 59.3777918137 0.0 59.3777918137 0.0
57849.3282176 59.3937192386 0.0 59.3937192386 0.0
57849.3282292 59.4132202487 0.0 59.4132202487 0.0
57849.3282407 59.4233975066 0.0 59.4233975066 0.0
57849.3282523 59.4202435666 0.0 59.4202435666 0.0
57849.3282639 59.3969422007 0.0 59.3969422007 0.0
57849.3282755 59.4178899954 0.0 59.4178899954 0.0
57849.328287 59.4653823253 0.0 59.4653823253 0.0
57849.3282986 59.3959928412 0.0 59.3959928412 0.0
57849.3283102 59.3494921205 0.0 59.3494921205 0.0
57849.3283218 59.3351396149 0.0 59.3351396149 0.0
57849.3283333 59.3276908357 0.0 59.3276908357 0.0
57849.3283449 59.3386868206 0.0 59.3386868206 0.0
57849.3283565 59.2987028766 0.0 59.2987028766 0.0
57849.3283681 59.2994844705 0.0 59.2994844705 0.0
57849.3283796 59.3046888129 0.0 59.3046888129 0.0
57849.3283912 59.3532582766 0.0 59.3532582766 0.0
57849.3284028 59.3487546171 0.0 59.3487546171 0.0
57849.3284144 59.279875252 0.0 59.279875252 0.0
57849.3284259 59.2653375502 0.0 59.2653375502 0.0
57849.3284375 59.232295173 0.0 59.232295173 0.0
57849.3284491 59.2898296319 0.0 59.2898296319 0.0
57849.3284606 59.3020176259 0.0 59.3020176259 0.0
