57849.2320718 72.907237055 0.0 72.3373251026 0.0
57849.2321875 74.5343825224 0.0 74.1110773839 0.0
57849.2323032 74.437958892 0.0 75.6764737617 0.0
57849.2324306 75.641963942 0.0 74.1697991099 0.0
57849.2325463 72.9573234775 0.0 74.028891664 0.0
57849.2326389 72.5199996966 0.0 74.1785059839 0.0
57849.232662 72.0906006633 0.0 74.3300394861 0.0
57849.2327778 73.412418316 0.0 73.6339363541 0.0
57849.2329051 72.6924351841 0.0 74.1481878808 0.0
57849.2330208 72.1824710092 0.0 72.4729734246 0.0
57849.2331366 72.3524436215 0.0 72.6309772136 0.0
57849.2332639 73.0492356907 0.0 72.344368136 0.0
57849.2333333 72.7782677453 0.0 72.1663026142 0.0
57849.2333796 72.5125881968 0.0 71.9919488624 0.0
57849.2334954 72.5012218449 0.0 72.5326331798 0.0
57849.2336227 71.9306333769 0.0 72.2398721967 0.0
57849.2337384 73.2470501932 0.0 72.5999052203 0.0
57849.2338542 73.8164747194 0.0 74.9270827939 0.0
57849.2339815 72.1007041158 0.0 72.5089727068 0.0
57849.2340278 72.9835771801 0.0 73.5522224477 0.0
57849.257037 84.7278863539 0.0 84.2656650896 0.0
57849.2571644 87.5732569738 0.0 88.1382070614 0.0
57849.2572801 77.913238644 0.0 77.774873899 0.0
57849.2573958 75.7027312519 0.0 75.6612048146 0.0
57849.2575231 75.5712126143 0.0 75.5753379549 0.0
57849.2576389 76.2098333944 0.0 76.1791287755 0.0
57849.2577546 79.2837902474 0.0 79.2530120942 0.0
57849.2578819 75.5548031167 0.0 75.518361211 0.0
57849.2579977 75.620026005 0.0 75.6118767523 0.0
57849.2581134 75.648078971 0.0 75.7267855253 0.0
57849.2582407 94.7070126073 0.0 94.5516944745 0.0
57849.2583333 88.0812467328 0.0 88.3788659635 0.0
57849.2583565 82.657165255 0.0 83.2572979564 0.0
57849.2584722 82.8238809523 0.0 83.3785265281 0.0
57849.2585995 88.2936093441 0.0 88.3909493048 0.0
57849.2587153 79.2093985206 0.0 79.947791189 0.0
57849.258831 81.4178026847 0.0 82.2605187864 0.0
57849.2589583 81.9712476055 0.0 82.2991261071 0.0
57849.2590278 78.8983427773 0.0 79.1506780009 0.0
57849.2792708 70.3499350177 0.0 70.4168391722 0.0
57849.2793866 70.3022979283 0.0 70.3038841388 0.0
57849.2795023 70.5021195142 0.0 70.5617256663 0.0
57849.2796296 71.2406288013 0.0 71.3659965039 0.0
57849.2797454 71.2886269611 0.0 71.2998038917 0.0
57849.2798611 70.6671094357 0.0 70.7667894778 0.0
57849.2799884 70.271802574 0.0 70.3210250636 0.0
57849.2801042 70.4306072244 0.0 70.4818288071 0.0
57849.2802199 70.1588308483 0.0 70.1588664105 0.0
57849.2803472 69.9870023504 0.0 69.9906862375 0.0
57849.280463 70.5945952535 0.0 70.6647222806 0.0
57849.2805556 70.535050124 0.0 70.556977876 0.0
57849.2805787 70.4787975919 0.0 70.4528117182 0.0
57849.280706 72.2868102215 0.0 72.4765891306 0.0
57849.2808218 70.7172659398 0.0 70.8537749735 0.0
57849.2809375 70.3087285122 0.0 70.2492334976 0.0
57849.2810648 70.3304258696 0.0 70.343178525 0.0
57849.2811806 70.4841307459 0.0 70.4717123178 0.0
57849.28125 70.6801031125 0.0 70.7479441327 0.0
57849.3042477 67.2235408693 0.0 67.2004173127 0.0
57849.3043634 67.187149173 0.0 67.245411903 0.0
57849.3044792 67.0694914175 0.0 67.1027273365 0.0
57849.3045949 67.0784270164 0.0 67.0563861239 0.0
57849.3047222 67.2604104433 0.0 67.3586641643 0.0
57849.304838 66.925555911 0.0 66.9486605542 0.0
57849.3048611 67.0987452491 0.0 67.1305320476 0.0
57849.3049537 67.2876376239 0.0 67.3282624906 0.0
57849.305081 67.303408777 0.0 67.2494108153 0.0
57849.3051968 67.4010071586 0.0 67.3986822571 0.0
57849.3053125 67.4073167394 0.0 67.3073772554 0.0
57849.3054398 67.0381814864 0.0 67.0198447775 0.0
57849.3055556 67.1467507777 0.0 67.1086800273 0.0
57849.3056713 67.3308808423 0.0 67.2992240891 0.0
57849.3057986 67.085607838 0.0 67.0320393916 0.0
57849.3059144 66.9433315051 0.0 66.9276407473 0.0
57849.3060301 67.0979985544 0.0 67.0782230757 0.0
57849.3061574 66.879290225 0.0 66.8651014357 0.0
57849.30625 66.9026933389 0.0 66.868853654 0.0
57849.3264699 65.9487181301 0.0 65.9671994024 0.0
57849.3265856 65.1705417117 0.0 65.1547204506 0.0
57849.326713 65.4083107105 0.0 65.424337467 0.0
57849.3268287 65.7219549542 0.0 65.7600206965 0.0
57849.3269444 66.3388446086 0.0 66.3063104538 0.0
57849.3270602 66.5120057884 0.0 66.5574933648 0.0
57849.3270833 65.9995663849 0.0 66.0108358832 0.0
57849.3271875 65.499053329 0.0 65.4776914987 0.0
57849.3273032 67.3334464735 0.0 67.4161564612 0.0
57849.327419 66.2245429656 0.0 66.2914147156 0.0
57849.3275463 66.9580623824 0.0 67.298354497 0.0
57849.327662 72.4750221456 0.0 72.279376872 0.0
57849.3277778 65.5135890484 0.0 65.6369683639 0.0
57849.3279051 65.7184021869 0.0 65.6614530147 0.0
57849.3280208 65.3417673927 0.0 65.336764773 0.0
57849.3281366 66.3480119597 0.0 66.4020048041 0.0
57849.3282639 65.5489800302 0.0 65.5935166156 0.0
57849.3283796 67.9144730672 0.0 68.0509352985 0.0
57849.3284722 70.0472258123 0.0 70.0406105913 0.0
