57849.0458449 74.0611713497 0.0 72.5253704137 0.0
57849.0714583 71.212524976 0.0 69.541203936 0.0
57849.1098032 68.6234743134 0.0 66.9265043027 0.0
57849.1351968 67.9456349168 0.0 66.0836386969 0.0
57849.1611574 67.3926772864 0.0 65.4896963602 0.0
57849.1850694 68.1444074867 0.0 66.3920786716 0.0
57849.1861343 67.2080552035 0.0 65.3433217034 0.0
57849.2111574 67.094486137 0.0 65.2370646075 0.0
57849.2320139 70.5621143408 0.0 66.2721769744 0.0
57849.23375 67.379166506 0.0 65.5136244901 0.0
57849.2571759 70.836908167 0.0 66.5278689626 0.0
57849.2583912 67.6701320245 0.0 65.8445535218 0.0
57849.280544 67.9771281735 0.0 66.2449830316 0.0
57849.3042014 71.4437495195 0.0 67.2429527713 0.0
57849.3055787 68.4540822982 0.0 66.7750831765 0.0
57849.3264699 72.1707597806 0.0 67.9916385046 0.0
57849.3277894 69.3999111955 0.0 67.7555015244 0.0
