57849.6479977 7.189645332 0.0 7.189645332 0.0
57849.6480324 7.92016413971 0.0 7.92016413971 0.0
57849.6480787 7.79705072447 0.0 7.79705072447 0.0
57849.6481366 7.40128367244 0.0 7.40128367244 0.0
57849.648206 7.33723381119 0.0 7.33723381119 0.0
57849.6482523 7.58406223603 0.0 7.58406223603 0.0
57849.648287 8.03367910736 0.0 8.03367910736 0.0
57849.6483449 7.9788470345 0.0 7.9788470345 0.0
57849.6484144 7.16944907228 0.0 7.16944907228 0.0
57849.6484606 7.71530945588 0.0 7.71530945588 0.0
57849.6485069 7.98598772852 0.0 7.98598772852 0.0
57849.6485532 7.64454053557 0.0 7.64454053557 0.0
57849.6486227 7.19061888852 0.0 7.19061888852 0.0
57849.648669 7.49272980962 0.0 7.49272980962 0.0
57849.6487153 7.36654600203 0.0 7.36654600203 0.0
57849.6487616 7.28031592721 0.0 7.28031592721 0.0
57849.648831 7.24133965506 0.0 7.24133965506 0.0
57849.6488773 7.31409597968 0.0 7.31409597968 0.0
57849.6489236 7.44734852145 0.0 7.44734852145 0.0
57849.6489699 7.48257976904 0.0 7.48257976904 0.0
57849.6490394 7.69005851733 0.0 7.69005851733 0.0
57849.6490856 7.1921484968 0.0 7.1921484968 0.0
57849.6491435 7.31614652669 0.0 7.31614652669 0.0
57849.6491782 7.52442688847 0.0 7.52442688847 0.0
57849.6492477 7.99355990783 0.0 7.99355990783 0.0
57849.649294 7.55321123761 0.0 7.55321123761 0.0
57849.6493519 7.43337070245 0.0 7.43337070245 0.0
57849.6493981 7.27145102438 0.0 7.27145102438 0.0
57849.6494676 7.15388006609 0.0 7.15388006609 0.0
57849.6495139 7.18881075005 0.0 7.18881075005 0.0
57849.6495602 7.23512266655 0.0 7.23512266655 0.0
57849.6496065 7.1266401621 0.0 7.1266401621 0.0
57849.6496759 7.5792479838 0.0 7.5792479838 0.0
57849.6497222 8.14051595416 0.0 8.14051595416 0.0
57849.6497685 8.76304741514 0.0 8.76304741514 0.0
57849.6498148 8.61127168309 0.0 8.61127168309 0.0
57849.6498843 7.55109263617 0.0 7.55109263617 0.0
57849.6499306 7.70629612719 0.0 7.70629612719 0.0
57849.6499769 2.78064740663 0.0 2.78064740663 0.0
