57849.3875463 62.9906464626 0.0 62.9906464626 0.0
57849.3875579 62.9628657806 0.0 62.9628657806 0.0
57849.3875694 62.923785268 0.0 62.923785268 0.0
57849.387581 62.9229224405 0.0 62.9229224405 0.0
57849.3875926 62.9170626386 0.0 62.9170626386 0.0
57849.3876042 62.9726949 0.0 62.9726949 0.0
57849.3876157 62.9534200287 0.0 62.9534200287 0.0
57849.3876273 62.9252323357 0.0 62.9252323357 0.0
57849.3876389 62.8968531328 0.0 62.8968531328 0.0
57849.3876505 62.9533139706 0.0 62.9533139706 0.0
57849.387662 63.0495258304 0.0 63.0495258304 0.0
57849.3876736 63.0364853919 0.0 63.0364853919 0.0
57849.3876852 62.9869531992 0.0 62.9869531992 0.0
57849.3876968 62.9937064056 0.0 62.9937064056 0.0
57849.3877083 63.0064555405 0.0 63.0064555405 0.0
57849.3877199 63.0823755751 0.0 63.0823755751 0.0
57849.3877315 63.0739152002 0.0 63.0739152002 0.0
57849.3877431 63.043752003 0.0 63.043752003 0.0
57849.3877546 63.010991936 0.0 63.010991936 0.0
57849.3877662 63.0210826177 0.0 63.0210826177 0.0
57849.3877778 63.0307162944 0.0 63.0307162944 0.0
57849.3877894 63.0371866482 0.0 63.0371866482 0.0
57849.3878009 63.0225078584 0.0 63.0225078584 0.0
57849.3878125 62.9964762245 0.0 62.9964762245 0.0
57849.3878241 63.0065429175 0.0 63.0065429175 0.0
57849.3878356 63.005424705 0.0 63.005424705 0.0
57849.3878472 63.043958021 0.0 63.043958021 0.0
57849.3878588 62.9870904856 0.0 62.9870904856 0.0
57849.3878704 62.7727880879 0.0 62.7727880879 0.0
57849.3878819 62.7789312884 0.0 62.7789312884 0.0
57849.3878935 62.8194568843 0.0 62.8194568843 0.0
57849.3879051 62.8645459053 0.0 62.8645459053 0.0
57849.3879167 63.0293284193 0.0 63.0293284193 0.0
57849.3879282 63.0071826432 0.0 63.0071826432 0.0
57849.3879398 63.0177193186 0.0 63.0177193186 0.0
57849.3879514 63.0067363952 0.0 63.0067363952 0.0
57849.387963 62.9301818006 0.0 62.9301818006 0.0
57849.3879745 62.7499757667 0.0 62.7499757667 0.0
57849.3879861 62.7733322004 0.0 62.7733322004 0.0
57849.3879977 62.9263186865 0.0 62.9263186865 0.0
57849.3880093 62.9677885686 0.0 62.9677885686 0.0
57849.3880208 63.0044490074 0.0 63.0044490074 0.0
57849.3880324 62.8352093015 0.0 62.8352093015 0.0
57849.388044 62.8993507009 0.0 62.8993507009 0.0
57849.3880556 62.9043002436 0.0 62.9043002436 0.0
57849.3880671 62.9337851184 0.0 62.9337851184 0.0
57849.3880787 62.9696822371 0.0 62.9696822371 0.0
57849.3880903 62.925471436 0.0 62.925471436 0.0
57849.3881019 62.896301242 0.0 62.896301242 0.0
57849.3881134 62.9173017243 0.0 62.9173017243 0.0
57849.388125 62.9189535062 0.0 62.9189535062 0.0
57849.3881366 62.9236823521 0.0 62.9236823521 0.0
57849.3881481 62.8890187846 0.0 62.8890187846 0.0
57849.3881597 62.8758704192 0.0 62.8758704192 0.0
57849.3881713 62.9084610367 0.0 62.9084610367 0.0
57849.3881829 62.9211656164 0.0 62.9211656164 0.0
57849.3881944 62.9062979902 0.0 62.9062979902 0.0
57849.388206 62.8705946017 0.0 62.8705946017 0.0
57849.3882176 62.864928292 0.0 62.864928292 0.0
57849.3882292 62.9188464361 0.0 62.9188464361 0.0
57849.3882407 62.8909300404 0.0 62.8909300404 0.0
57849.3882523 62.9165823895 0.0 62.9165823895 0.0
57849.3882639 62.8999348247 0.0 62.8999348247 0.0
57849.3882755 62.8770914624 0.0 62.8770914624 0.0
57849.388287 62.850047191 0.0 62.850047191 0.0
57849.3882986 62.8894344986 0.0 62.8894344986 0.0
57849.3883102 62.9255774721 0.0 62.9255774721 0.0
57849.3883218 62.870176868 0.0 62.870176868 0.0
57849.3883333 62.851497615 0.0 62.851497615 0.0
57849.3883449 62.9045434641 0.0 62.9045434641 0.0
57849.3883565 62.9028378123 0.0 62.9028378123 0.0
57849.3883681 62.9130626947 0.0 62.9130626947 0.0
57849.3883796 62.8525729754 0.0 62.8525729754 0.0
57849.3883912 62.7452675937 0.0 62.7452675937 0.0
57849.3884028 62.6608526476 0.0 62.6608526476 0.0
57849.3884144 62.8563331681 0.0 62.8563331681 0.0
57849.3884259 62.9103174805 0.0 62.9103174805 0.0
57849.3884375 62.7891550038 0.0 62.7891550038 0.0
57849.3884491 62.7768243342 0.0 62.7768243342 0.0
57849.3884606 62.7905393413 0.0 62.7905393413 0.0
57849.3884722 62.8276818995 0.0 62.8276818995 0.0
57849.3884838 62.8006486581 0.0 62.8006486581 0.0
57849.3884954 62.7834360656 0.0 62.7834360656 0.0
57849.3885069 62.7200154992 0.0 62.7200154992 0.0
57849.3885185 62.7327624075 0.0 62.7327624075 0.0
57849.3885301 62.758870356 0.0 62.758870356 0.0
57849.3885417 62.8112022529 0.0 62.8112022529 0.0
57849.3885532 62.7462009096 0.0 62.7462009096 0.0
57849.3885648 62.7330094686 0.0 62.7330094686 0.0
57849.3885764 62.7522899436 0.0 62.7522899436 0.0
57849.388588 62.7570128986 0.0 62.7570128986 0.0
57849.3885995 62.770095594 0.0 62.770095594 0.0
57849.3886111 62.7734703057 0.0 62.7734703057 0.0
57849.3886227 62.7314669011 0.0 62.7314669011 0.0
57849.3886343 62.7682224061 0.0 62.7682224061 0.0
57849.3886458 62.7066709472 0.0 62.7066709472 0.0
57849.3886574 62.779987374 0.0 62.779987374 0.0
57849.388669 62.7310931996 0.0 62.7310931996 0.0
57849.3886806 62.6901252085 0.0 62.6901252085 0.0
57849.3886921 62.7010790217 0.0 62.7010790217 0.0
57849.3887037 62.7430293227 0.0 62.7430293227 0.0
57849.3887153 62.7710633487 0.0 62.7710633487 0.0
57849.3887269 62.7173375565 0.0 62.7173375565 0.0
57849.3887384 62.7156073017 0.0 62.7156073017 0.0
57849.38875 62.7005476556 0.0 62.7005476556 0.0
57849.3887616 62.7296544587 0.0 62.7296544587 0.0
57849.3887731 62.7225990379 0.0 62.7225990379 0.0
57849.3887847 62.6851856468 0.0 62.6851856468 0.0
57849.3887963 62.668761869 0.0 62.668761869 0.0
57849.3888079 62.6795437683 0.0 62.6795437683 0.0
57849.3888194 62.7474373816 0.0 62.7474373816 0.0
57849.388831 62.7216710758 0.0 62.7216710758 0.0
57849.3888426 62.6380769302 0.0 62.6380769302 0.0
57849.3888542 62.6163391143 0.0 62.6163391143 0.0
57849.3888657 62.6036312121 0.0 62.6036312121 0.0
57849.3888773 62.6147750642 0.0 62.6147750642 0.0
57849.3888889 62.7167978225 0.0 62.7167978225 0.0
57849.3889005 62.6726850067 0.0 62.6726850067 0.0
57849.388912 62.6451030271 0.0 62.6451030271 0.0
57849.3889236 62.6442181317 0.0 62.6442181317 0.0
57849.3889352 62.6589477806 0.0 62.6589477806 0.0
57849.3889468 62.6625655985 0.0 62.6625655985 0.0
57849.3889583 62.5629631637 0.0 62.5629631637 0.0
57849.3889699 62.5965180878 0.0 62.5965180878 0.0
57849.3889815 62.6045614733 0.0 62.6045614733 0.0
57849.3889931 62.6739799473 0.0 62.6739799473 0.0
57849.3890046 62.6951033492 0.0 62.6951033492 0.0
57849.3890162 62.6495784256 0.0 62.6495784256 0.0
57849.3890278 62.5938747433 0.0 62.5938747433 0.0
57849.3890394 62.4950347186 0.0 62.4950347186 0.0
57849.3890509 62.5263536996 0.0 62.5263536996 0.0
57849.3890625 62.6703431465 0.0 62.6703431465 0.0
57849.3890741 62.7236920485 0.0 62.7236920485 0.0
57849.3890856 62.6784002712 0.0 62.6784002712 0.0
57849.3890972 62.6893925646 0.0 62.6893925646 0.0
57849.3891088 62.7216887215 0.0 62.7216887215 0.0
57849.3891204 62.7129055747 0.0 62.7129055747 0.0
57849.3891319 62.6666877675 0.0 62.6666877675 0.0
57849.3891435 62.6502174839 0.0 62.6502174839 0.0
57849.3891551 62.6394939462 0.0 62.6394939462 0.0
57849.3891667 62.6776863688 0.0 62.6776863688 0.0
57849.3891782 62.6319878729 0.0 62.6319878729 0.0
57849.3891898 62.6155384179 0.0 62.6155384179 0.0
57849.3892014 62.6134620227 0.0 62.6134620227 0.0
57849.389213 62.6414493696 0.0 62.6414493696 0.0
57849.3892245 62.6694362961 0.0 62.6694362961 0.0
57849.3892361 62.6569340042 0.0 62.6569340042 0.0
57849.3892477 62.6077007636 0.0 62.6077007636 0.0
57849.3892593 62.597513633 0.0 62.597513633 0.0
57849.3892708 62.5707629747 0.0 62.5707629747 0.0
57849.3892824 62.6114696676 0.0 62.6114696676 0.0
57849.389294 62.6197369408 0.0 62.6197369408 0.0
57849.3893056 62.5725162574 0.0 62.5725162574 0.0
57849.3893171 62.5918515671 0.0 62.5918515671 0.0
57849.3893287 62.6349524939 0.0 62.6349524939 0.0
57849.3893403 62.6258254457 0.0 62.6258254457 0.0
57849.3893519 62.6227873823 0.0 62.6227873823 0.0
57849.3893634 62.5490370092 0.0 62.5490370092 0.0
57849.389375 62.5449744038 0.0 62.5449744038 0.0
57849.3893866 62.6127484637 0.0 62.6127484637 0.0
57849.3893981 62.6113763252 0.0 62.6113763252 0.0
57849.3894097 62.6049493434 0.0 62.6049493434 0.0
57849.3894213 62.5666800188 0.0 62.5666800188 0.0
57849.3894329 62.5560647021 0.0 62.5560647021 0.0
57849.3894444 62.5493490439 0.0 62.5493490439 0.0
57849.389456 62.5801154606 0.0 62.5801154606 0.0
57849.3894676 62.5773708226 0.0 62.5773708226 0.0
57849.3894792 62.5388574009 0.0 62.5388574009 0.0
57849.3894907 62.5403117319 0.0 62.5403117319 0.0
57849.3895023 62.5508843479 0.0 62.5508843479 0.0
57849.3895139 62.5890061055 0.0 62.5890061055 0.0
57849.3895255 62.5960192809 0.0 62.5960192809 0.0
57849.389537 62.5575772743 0.0 62.5575772743 0.0
57849.3895486 62.5708531785 0.0 62.5708531785 0.0
57849.3895602 62.6194351158 0.0 62.6194351158 0.0
57849.3895718 62.6417294591 0.0 62.6417294591 0.0
57849.3895833 62.6707830852 0.0 62.6707830852 0.0
57849.4250463 63.1501108609 0.0 63.1501108609 0.0
57849.4250579 63.1069676041 0.0 63.1069676041 0.0
57849.4250694 63.1649943957 0.0 63.1649943957 0.0
57849.425081 63.2463684848 0.0 63.2463684848 0.0
57849.4250926 63.2454858813 0.0 63.2454858813 0.0
57849.4251042 63.180201158 0.0 63.180201158 0.0
57849.4251157 63.1885302853 0.0 63.1885302853 0.0
57849.4251273 63.1575800789 0.0 63.1575800789 0.0
57849.4251389 63.163850332 0.0 63.163850332 0.0
57849.4251505 63.1826106834 0.0 63.1826106834 0.0
57849.425162 63.1655278084 0.0 63.1655278084 0.0
57849.4251736 63.1524812167 0.0 63.1524812167 0.0
57849.4251852 63.1588514329 0.0 63.1588514329 0.0
57849.4251968 63.19736007 0.0 63.19736007 0.0
57849.4252083 63.2279206945 0.0 63.2279206945 0.0
57849.4252199 63.2104946497 0.0 63.2104946497 0.0
57849.4252315 63.1338462142 0.0 63.1338462142 0.0
57849.4252431 63.1322098414 0.0 63.1322098414 0.0
57849.4252546 63.11407543 0.0 63.11407543 0.0
57849.4252662 63.1558244197 0.0 63.1558244197 0.0
57849.4252778 63.1442890057 0.0 63.1442890057 0.0
57849.4252894 63.1244884807 0.0 63.1244884807 0.0
57849.4253009 63.1175261816 0.0 63.1175261816 0.0
57849.4253125 63.1086714858 0.0 63.1086714858 0.0
57849.4253241 63.1020678929 0.0 63.1020678929 0.0
57849.4253356 63.0821349535 0.0 63.0821349535 0.0
57849.4253472 63.022916185 0.0 63.022916185 0.0
57849.4253588 63.0311686579 0.0 63.0311686579 0.0
57849.4253704 63.0765998343 0.0 63.0765998343 0.0
57849.4253819 63.1039511718 0.0 63.1039511718 0.0
57849.4253935 63.0594284604 0.0 63.0594284604 0.0
57849.4254051 62.9977927885 0.0 62.9977927885 0.0
57849.4254167 63.0195471465 0.0 63.0195471465 0.0
57849.4254282 63.0274375672 0.0 63.0274375672 0.0
57849.4254398 63.067810466 0.0 63.067810466 0.0
57849.4254514 63.0493302881 0.0 63.0493302881 0.0
57849.425463 63.0165452187 0.0 63.0165452187 0.0
57849.4254745 63.0525154785 0.0 63.0525154785 0.0
57849.4254861 63.0890974735 0.0 63.0890974735 0.0
57849.4254977 63.1195359442 0.0 63.1195359442 0.0
57849.4255093 63.090130303 0.0 63.090130303 0.0
57849.4255208 63.0520565727 0.0 63.0520565727 0.0
57849.4255324 63.0714529864 0.0 63.0714529864 0.0
57849.425544 63.1278633245 0.0 63.1278633245 0.0
57849.4255556 63.1639682871 0.0 63.1639682871 0.0
57849.4255671 63.130906393 0.0 63.130906393 0.0
57849.4255787 63.0887636314 0.0 63.0887636314 0.0
57849.4255903 63.1182639258 0.0 63.1182639258 0.0
57849.4256019 63.1343857625 0.0 63.1343857625 0.0
57849.4256134 63.1396509098 0.0 63.1396509098 0.0
57849.425625 63.1148611541 0.0 63.1148611541 0.0
57849.4256366 63.0603327652 0.0 63.0603327652 0.0
57849.4256481 63.0828297285 0.0 63.0828297285 0.0
57849.4256597 63.1006875343 0.0 63.1006875343 0.0
57849.4256713 63.13974797 0.0 63.13974797 0.0
57849.4256829 63.1274344202 0.0 63.1274344202 0.0
57849.4256944 63.0904359803 0.0 63.0904359803 0.0
57849.425706 63.0878194888 0.0 63.0878194888 0.0
57849.4257176 63.1314240139 0.0 63.1314240139 0.0
57849.4257292 63.1859285508 0.0 63.1859285508 0.0
57849.4257407 63.1540677401 0.0 63.1540677401 0.0
57849.4257523 63.1597668571 0.0 63.1597668571 0.0
57849.4257639 63.1875896041 0.0 63.1875896041 0.0
57849.4257755 63.2328846216 0.0 63.2328846216 0.0
57849.425787 63.271647935 0.0 63.271647935 0.0
57849.4257986 63.1956216299 0.0 63.1956216299 0.0
57849.4258102 63.2224055561 0.0 63.2224055561 0.0
57849.4258218 63.2575169574 0.0 63.2575169574 0.0
57849.4258333 63.2731084423 0.0 63.2731084423 0.0
57849.4258449 63.2465867864 0.0 63.2465867864 0.0
57849.4258565 63.214328035 0.0 63.214328035 0.0
57849.4258681 63.2386341553 0.0 63.2386341553 0.0
57849.4258796 63.2137505662 0.0 63.2137505662 0.0
57849.4258912 63.2564190942 0.0 63.2564190942 0.0
57849.4259028 63.2605912321 0.0 63.2605912321 0.0
57849.4259144 63.2287436511 0.0 63.2287436511 0.0
57849.4259259 63.2225684692 0.0 63.2225684692 0.0
57849.4259375 63.2553431763 0.0 63.2553431763 0.0
57849.4259491 63.2145327082 0.0 63.2145327082 0.0
57849.4259606 63.2434950838 0.0 63.2434950838 0.0
57849.4259722 63.20835715 0.0 63.20835715 0.0
57849.4259838 63.1918994616 0.0 63.1918994616 0.0
57849.4259954 63.2326830531 0.0 63.2326830531 0.0
57849.4260069 63.25208205 0.0 63.25208205 0.0
57849.4260185 63.2746128446 0.0 63.2746128446 0.0
57849.4260301 63.2168227717 0.0 63.2168227717 0.0
57849.4260417 63.2068461977 0.0 63.2068461977 0.0
57849.4260532 63.2260826375 0.0 63.2260826375 0.0
57849.4260648 63.1962230336 0.0 63.1962230336 0.0
57849.4260764 63.2337963837 0.0 63.2337963837 0.0
57849.426088 63.2116892421 0.0 63.2116892421 0.0
57849.4260995 63.120680667 0.0 63.120680667 0.0
57849.4261111 63.1115659439 0.0 63.1115659439 0.0
57849.4261227 63.2087831852 0.0 63.2087831852 0.0
57849.4261343 63.2165940768 0.0 63.2165940768 0.0
57849.4261458 63.1882713623 0.0 63.1882713623 0.0
57849.4261574 63.1798994484 0.0 63.1798994484 0.0
57849.426169 63.1896923124 0.0 63.1896923124 0.0
57849.4261806 63.2295551248 0.0 63.2295551248 0.0
57849.4261921 63.2054501226 0.0 63.2054501226 0.0
57849.4262037 63.1875561948 0.0 63.1875561948 0.0
57849.4262153 63.2068388884 0.0 63.2068388884 0.0
57849.4262269 63.1832527437 0.0 63.1832527437 0.0
57849.4262384 63.2149326572 0.0 63.2149326572 0.0
57849.42625 63.248208915 0.0 63.248208915 0.0
57849.4262616 63.2237454179 0.0 63.2237454179 0.0
57849.4262731 63.1908992446 0.0 63.1908992446 0.0
57849.4262847 63.2744038987 0.0 63.2744038987 0.0
57849.4262963 63.3567251027 0.0 63.3567251027 0.0
57849.4263079 63.3821032653 0.0 63.3821032653 0.0
57849.4263194 63.3286866835 0.0 63.3286866835 0.0
57849.426331 63.3044725343 0.0 63.3044725343 0.0
57849.4263426 63.3102858203 0.0 63.3102858203 0.0
57849.4263542 63.3460166095 0.0 63.3460166095 0.0
57849.4263657 63.3864906313 0.0 63.3864906313 0.0
57849.4263773 63.3674564292 0.0 63.3674564292 0.0
57849.4263889 63.3770510764 0.0 63.3770510764 0.0
57849.4264005 63.3763934279 0.0 63.3763934279 0.0
57849.426412 63.4018569867 0.0 63.4018569867 0.0
57849.4264236 63.3997926972 0.0 63.3997926972 0.0
57849.4264352 63.3640168724 0.0 63.3640168724 0.0
57849.4264468 63.3817582214 0.0 63.3817582214 0.0
57849.4264583 63.317503934 0.0 63.317503934 0.0
57849.4264699 63.357023038 0.0 63.357023038 0.0
57849.4264815 63.289303613 0.0 63.289303613 0.0
57849.4264931 63.2418751024 0.0 63.2418751024 0.0
57849.4265046 63.227793283 0.0 63.227793283 0.0
57849.4265162 63.2560315538 0.0 63.2560315538 0.0
57849.4265278 63.3037776323 0.0 63.3037776323 0.0
57849.4265394 63.3179480904 0.0 63.3179480904 0.0
57849.4265509 63.2572798349 0.0 63.2572798349 0.0
57849.4265625 63.247397326 0.0 63.247397326 0.0
57849.4265741 63.2646903772 0.0 63.2646903772 0.0
57849.4265856 63.2617089781 0.0 63.2617089781 0.0
57849.4265972 63.2050575117 0.0 63.2050575117 0.0
57849.4266088 63.1414376637 0.0 63.1414376637 0.0
57849.4266204 63.1019604268 0.0 63.1019604268 0.0
57849.4266319 63.0828130371 0.0 63.0828130371 0.0
57849.4266435 63.0680712388 0.0 63.0680712388 0.0
57849.4266551 63.1337261989 0.0 63.1337261989 0.0
57849.4266667 63.0524914902 0.0 63.0524914902 0.0
57849.4266782 63.0298599486 0.0 63.0298599486 0.0
57849.4266898 63.0518876124 0.0 63.0518876124 0.0
57849.4267014 63.1084461089 0.0 63.1084461089 0.0
57849.426713 63.0987542219 0.0 63.0987542219 0.0
57849.4267245 63.0739784009 0.0 63.0739784009 0.0
57849.4267361 63.0248098079 0.0 63.0248098079 0.0
57849.4267477 63.0780602654 0.0 63.0780602654 0.0
57849.4267593 63.0757048067 0.0 63.0757048067 0.0
57849.4267708 63.0854325593 0.0 63.0854325593 0.0
57849.4267824 63.0336849614 0.0 63.0336849614 0.0
57849.426794 63.0606873963 0.0 63.0606873963 0.0
57849.4268056 63.0371304873 0.0 63.0371304873 0.0
57849.4268171 63.1038572681 0.0 63.1038572681 0.0
57849.4268287 63.141041069 0.0 63.141041069 0.0
57849.4268403 63.0953926419 0.0 63.0953926419 0.0
57849.4268519 63.0918277078 0.0 63.0918277078 0.0
57849.4268634 63.0943034333 0.0 63.0943034333 0.0
57849.426875 63.0962408538 0.0 63.0962408538 0.0
57849.4268866 63.0760657378 0.0 63.0760657378 0.0
57849.4268981 63.0567708622 0.0 63.0567708622 0.0
57849.4269097 63.0066640487 0.0 63.0066640487 0.0
57849.4269213 63.0221164087 0.0 63.0221164087 0.0
57849.4269329 62.9907985793 0.0 62.9907985793 0.0
57849.4269444 62.9922955947 0.0 62.9922955947 0.0
57849.426956 62.9547074751 0.0 62.9547074751 0.0
57849.4269676 62.9684735765 0.0 62.9684735765 0.0
57849.4269792 62.9744565636 0.0 62.9744565636 0.0
57849.4269907 62.9569180015 0.0 62.9569180015 0.0
57849.4270023 62.9704331314 0.0 62.9704331314 0.0
57849.4270139 62.9336941972 0.0 62.9336941972 0.0
57849.4270255 62.916630905 0.0 62.916630905 0.0
57849.427037 62.9352114106 0.0 62.9352114106 0.0
57849.4270486 62.9700516413 0.0 62.9700516413 0.0
57849.4270602 62.9585647163 0.0 62.9585647163 0.0
57849.4270718 62.8602102669 0.0 62.8602102669 0.0
57849.5097685 60.4525801111 0.0 60.4525801111 0.0
57849.5097801 60.4511952255 0.0 60.4511952255 0.0
57849.5097917 60.3938534504 0.0 60.3938534504 0.0
57849.5098032 60.3837510823 0.0 60.3837510823 0.0
57849.5098148 60.4044307155 0.0 60.4044307155 0.0
57849.5098264 60.4135156838 0.0 60.4135156838 0.0
57849.509838 60.4067357436 0.0 60.4067357436 0.0
57849.5098495 60.3661843311 0.0 60.3661843311 0.0
57849.5098611 60.4014769004 0.0 60.4014769004 0.0
57849.5098727 60.4005584295 0.0 60.4005584295 0.0
57849.5098843 60.4075891605 0.0 60.4075891605 0.0
57849.5098958 60.3980262063 0.0 60.3980262063 0.0
57849.5099074 60.3839917792 0.0 60.3839917792 0.0
57849.509919 60.3822098044 0.0 60.3822098044 0.0
57849.5099306 60.4357432394 0.0 60.4357432394 0.0
57849.5099421 60.4447732418 0.0 60.4447732418 0.0
57849.5099537 60.4166019896 0.0 60.4166019896 0.0
57849.5099653 60.3862024901 0.0 60.3862024901 0.0
57849.5099769 60.4131540518 0.0 60.4131540518 0.0
57849.5099884 60.4448941553 0.0 60.4448941553 0.0
57849.51 60.3870867835 0.0 60.3870867835 0.0
57849.5100116 60.3085813218 0.0 60.3085813218 0.0
57849.5100231 60.3279134667 0.0 60.3279134667 0.0
57849.5100347 60.3417124271 0.0 60.3417124271 0.0
57849.5100463 60.3941065605 0.0 60.3941065605 0.0
57849.5100579 60.3553029688 0.0 60.3553029688 0.0
57849.5100694 60.3864576537 0.0 60.3864576537 0.0
57849.510081 60.4121280549 0.0 60.4121280549 0.0
57849.5100926 60.3837924037 0.0 60.3837924037 0.0
57849.5101042 60.3205466831 0.0 60.3205466831 0.0
57849.5101157 60.329648337 0.0 60.329648337 0.0
57849.5101273 60.3074548418 0.0 60.3074548418 0.0
57849.5101389 60.3500748202 0.0 60.3500748202 0.0
57849.5101505 60.3354551328 0.0 60.3354551328 0.0
57849.510162 60.3852056002 0.0 60.3852056002 0.0
57849.5101736 60.4268088403 0.0 60.4268088403 0.0
57849.5101852 60.432784682 0.0 60.432784682 0.0
57849.5101968 60.3872520725 0.0 60.3872520725 0.0
57849.5102083 60.3971831743 0.0 60.3971831743 0.0
57849.5102199 60.4326699783 0.0 60.4326699783 0.0
57849.5102315 60.4528653578 0.0 60.4528653578 0.0
57849.5102431 60.4016432382 0.0 60.4016432382 0.0
57849.5102546 60.4523723774 0.0 60.4523723774 0.0
57849.5102662 60.4153486547 0.0 60.4153486547 0.0
57849.5102778 60.4779319565 0.0 60.4779319565 0.0
57849.5102894 60.4722437528 0.0 60.4722437528 0.0
57849.5103009 60.4407459473 0.0 60.4407459473 0.0
57849.5103125 60.4347191566 0.0 60.4347191566 0.0
57849.5103241 60.45678342 0.0 60.45678342 0.0
57849.5103356 60.5210599032 0.0 60.5210599032 0.0
57849.5103472 60.4899406293 0.0 60.4899406293 0.0
57849.5103588 60.4240447186 0.0 60.4240447186 0.0
57849.5103704 60.4535691753 0.0 60.4535691753 0.0
57849.5103819 60.4608762546 0.0 60.4608762546 0.0
57849.5103935 60.4839108478 0.0 60.4839108478 0.0
57849.5104051 60.4995321265 0.0 60.4995321265 0.0
57849.5104167 60.4163581413 0.0 60.4163581413 0.0
57849.5104282 60.4219460863 0.0 60.4219460863 0.0
57849.5104398 60.4256019205 0.0 60.4256019205 0.0
57849.5104514 60.4694984414 0.0 60.4694984414 0.0
57849.510463 60.4402891759 0.0 60.4402891759 0.0
57849.5104745 60.440769716 0.0 60.440769716 0.0
57849.5104861 60.4253043252 0.0 60.4253043252 0.0
57849.5104977 60.4371310842 0.0 60.4371310842 0.0
57849.5105093 60.539979627 0.0 60.539979627 0.0
57849.5105208 60.5056038854 0.0 60.5056038854 0.0
57849.5105324 60.4705527343 0.0 60.4705527343 0.0
57849.510544 60.4517450442 0.0 60.4517450442 0.0
57849.5105556 60.4471718942 0.0 60.4471718942 0.0
57849.5105671 60.4626570856 0.0 60.4626570856 0.0
57849.5105787 60.4819405993 0.0 60.4819405993 0.0
57849.5105903 60.4466148578 0.0 60.4466148578 0.0
57849.5106019 60.4082896685 0.0 60.4082896685 0.0
57849.5106134 60.4206317435 0.0 60.4206317435 0.0
57849.510625 60.4144063354 0.0 60.4144063354 0.0
57849.5106366 60.3618513177 0.0 60.3618513177 0.0
57849.5106481 60.284604886 0.0 60.284604886 0.0
57849.5106597 60.29071453 0.0 60.29071453 0.0
57849.5106713 60.2998433171 0.0 60.2998433171 0.0
57849.5106829 60.3248826541 0.0 60.3248826541 0.0
57849.5106944 60.3717384118 0.0 60.3717384118 0.0
57849.510706 60.3421296581 0.0 60.3421296581 0.0
57849.5107176 60.3128384793 0.0 60.3128384793 0.0
57849.5107292 60.3399278483 0.0 60.3399278483 0.0
57849.5107407 60.3337253599 0.0 60.3337253599 0.0
57849.5107523 60.3380947523 0.0 60.3380947523 0.0
57849.5107639 60.2672239824 0.0 60.2672239824 0.0
57849.5107755 60.2135380277 0.0 60.2135380277 0.0
57849.510787 60.2160114749 0.0 60.2160114749 0.0
57849.5107986 60.2290975714 0.0 60.2290975714 0.0
57849.5108102 60.29277006 0.0 60.29277006 0.0
57849.5108218 60.2503105401 0.0 60.2503105401 0.0
57849.5108333 60.2386334465 0.0 60.2386334465 0.0
57849.5108449 60.235686963 0.0 60.235686963 0.0
57849.5108565 60.2507780965 0.0 60.2507780965 0.0
57849.5108681 60.2289396772 0.0 60.2289396772 0.0
57849.5108796 60.1848749429 0.0 60.1848749429 0.0
57849.5108912 60.2161652283 0.0 60.2161652283 0.0
57849.5109028 60.2655961399 0.0 60.2655961399 0.0
57849.5109144 60.2502403552 0.0 60.2502403552 0.0
57849.5109259 60.2592253205 0.0 60.2592253205 0.0
57849.5109375 60.2086253034 0.0 60.2086253034 0.0
57849.5109491 60.2217995179 0.0 60.2217995179 0.0
57849.5109606 60.1913014893 0.0 60.1913014893 0.0
57849.5109722 60.238505472 0.0 60.238505472 0.0
57849.5109838 60.2099161553 0.0 60.2099161553 0.0
57849.5109954 60.1774974867 0.0 60.1774974867 0.0
57849.5110069 60.1820120228 0.0 60.1820120228 0.0
57849.5110185 60.1796051479 0.0 60.1796051479 0.0
57849.5110301 60.1904399925 0.0 60.1904399925 0.0
57849.5110417 60.2378346395 0.0 60.2378346395 0.0
57849.5110532 60.1437509764 0.0 60.1437509764 0.0
57849.5110648 60.1762915007 0.0 60.1762915007 0.0
57849.5110764 60.169997624 0.0 60.169997624 0.0
57849.511088 60.1997206813 0.0 60.1997206813 0.0
57849.5110995 60.1009932939 0.0 60.1009932939 0.0
57849.5111111 60.0659305163 0.0 60.0659305163 0.0
57849.5111227 60.0733840952 0.0 60.0733840952 0.0
57849.5111343 60.0726222261 0.0 60.0726222261 0.0
57849.5111458 60.118287379 0.0 60.118287379 0.0
57849.5111574 60.0694469526 0.0 60.0694469526 0.0
57849.511169 60.0617770798 0.0 60.0617770798 0.0
57849.5111806 60.0517645487 0.0 60.0517645487 0.0
57849.5111921 60.1146522743 0.0 60.1146522743 0.0
57849.5112037 60.1284011537 0.0 60.1284011537 0.0
57849.5112153 60.1516786542 0.0 60.1516786542 0.0
57849.5112269 60.0733655381 0.0 60.0733655381 0.0
57849.5112384 60.1050240424 0.0 60.1050240424 0.0
57849.51125 60.0800936535 0.0 60.0800936535 0.0
57849.5112616 60.0722170658 0.0 60.0722170658 0.0
57849.5112731 60.0840351904 0.0 60.0840351904 0.0
57849.5112847 60.0834248281 0.0 60.0834248281 0.0
57849.5112963 60.1068430177 0.0 60.1068430177 0.0
57849.5113079 60.0699335488 0.0 60.0699335488 0.0
57849.5113194 60.0807256535 0.0 60.0807256535 0.0
57849.511331 60.0208723343 0.0 60.0208723343 0.0
57849.5113426 59.9999247358 0.0 59.9999247358 0.0
57849.5113542 60.0169313694 0.0 60.0169313694 0.0
57849.5113657 60.0103646904 0.0 60.0103646904 0.0
57849.5113773 60.0563362359 0.0 60.0563362359 0.0
57849.5113889 60.0828113752 0.0 60.0828113752 0.0
57849.5114005 60.0239631346 0.0 60.0239631346 0.0
57849.511412 60.0381121373 0.0 60.0381121373 0.0
57849.5114236 60.0557496917 0.0 60.0557496917 0.0
57849.5114352 60.0414063353 0.0 60.0414063353 0.0
57849.5114468 60.0453994587 0.0 60.0453994587 0.0
57849.5114583 59.9874164664 0.0 59.9874164664 0.0
57849.5114699 60.0273168101 0.0 60.0273168101 0.0
57849.5114815 60.0032469789 0.0 60.0032469789 0.0
57849.5114931 60.0262923546 0.0 60.0262923546 0.0
57849.5115046 60.0375266928 0.0 60.0375266928 0.0
57849.5115162 60.0021309693 0.0 60.0021309693 0.0
57849.5115278 60.0132553554 0.0 60.0132553554 0.0
57849.5115394 60.0098741587 0.0 60.0098741587 0.0
57849.5115509 60.0199530416 0.0 60.0199530416 0.0
57849.5115625 60.01473214 0.0 60.01473214 0.0
57849.5115741 59.9900295288 0.0 59.9900295288 0.0
57849.5115856 60.0285669848 0.0 60.0285669848 0.0
57849.5115972 60.0120320978 0.0 60.0120320978 0.0
57849.5116088 60.0371247162 0.0 60.0371247162 0.0
57849.5116204 60.0259811028 0.0 60.0259811028 0.0
57849.5116319 59.9926065705 0.0 59.9926065705 0.0
57849.5116435 59.9864262756 0.0 59.9864262756 0.0
57849.5116551 60.015180434 0.0 60.015180434 0.0
57849.5116667 60.0285175136 0.0 60.0285175136 0.0
57849.5116782 60.0437574624 0.0 60.0437574624 0.0
57849.5116898 59.9780609081 0.0 59.9780609081 0.0
57849.5117014 60.0227109357 0.0 60.0227109357 0.0
57849.511713 60.0424576898 0.0 60.0424576898 0.0
57849.5117245 60.0754253868 0.0 60.0754253868 0.0
57849.5117361 60.0580587712 0.0 60.0580587712 0.0
57849.5117477 60.0276899033 0.0 60.0276899033 0.0
57849.5117593 59.995687536 0.0 59.995687536 0.0
57849.5117708 59.9867333268 0.0 59.9867333268 0.0
57849.5117824 60.0038219896 0.0 60.0038219896 0.0
57849.511794 59.9779063607 0.0 59.9779063607 0.0
57849.5625463 59.664577313 0.0 59.664577313 0.0
57849.5625579 59.6515489483 0.0 59.6515489483 0.0
57849.5625694 59.6134058569 0.0 59.6134058569 0.0
57849.562581 59.5836302723 0.0 59.5836302723 0.0
57849.5625926 59.6184472246 0.0 59.6184472246 0.0
57849.5626042 59.6357674723 0.0 59.6357674723 0.0
57849.5626157 59.6566175477 0.0 59.6566175477 0.0
57849.5626273 59.6458601086 0.0 59.6458601086 0.0
57849.5626389 59.5867071622 0.0 59.5867071622 0.0
57849.5626505 59.628826033 0.0 59.628826033 0.0
57849.562662 59.6570204193 0.0 59.6570204193 0.0
57849.5626736 59.6850979799 0.0 59.6850979799 0.0
57849.5626852 59.6225447542 0.0 59.6225447542 0.0
57849.5626968 59.6149003499 0.0 59.6149003499 0.0
57849.5627083 59.6600685349 0.0 59.6600685349 0.0
57849.5627199 59.6523817323 0.0 59.6523817323 0.0
57849.5627315 59.7362821021 0.0 59.7362821021 0.0
57849.5627431 59.6530802333 0.0 59.6530802333 0.0
57849.5627546 59.6181256297 0.0 59.6181256297 0.0
57849.5627662 59.6769549874 0.0 59.6769549874 0.0
57849.5627778 59.6744073295 0.0 59.6744073295 0.0
57849.5627894 59.6959653241 0.0 59.6959653241 0.0
57849.5628009 59.6296305959 0.0 59.6296305959 0.0
57849.5628125 59.6445277107 0.0 59.6445277107 0.0
57849.5628241 59.638351984 0.0 59.638351984 0.0
57849.5628356 59.688204942 0.0 59.688204942 0.0
57849.5628472 59.6983737956 0.0 59.6983737956 0.0
57849.5628588 59.6849001526 0.0 59.6849001526 0.0
57849.5628704 59.7145415939 0.0 59.7145415939 0.0
57849.5628819 59.7392682051 0.0 59.7392682051 0.0
57849.5628935 59.7594547809 0.0 59.7594547809 0.0
57849.5629051 59.7674811709 0.0 59.7674811709 0.0
57849.5629167 59.741925228 0.0 59.741925228 0.0
57849.5629282 59.7733181384 0.0 59.7733181384 0.0
57849.5629398 59.778522941 0.0 59.778522941 0.0
57849.5629514 59.8293996533 0.0 59.8293996533 0.0
57849.562963 59.8201696255 0.0 59.8201696255 0.0
57849.5629745 59.6170411625 0.0 59.6170411625 0.0
57849.5629861 59.6160451658 0.0 59.6160451658 0.0
57849.5629977 59.809266655 0.0 59.809266655 0.0
57849.5630093 59.906180884 0.0 59.906180884 0.0
57849.5630208 59.8727047476 0.0 59.8727047476 0.0
57849.5630324 59.8561204932 0.0 59.8561204932 0.0
57849.563044 59.8473068461 0.0 59.8473068461 0.0
57849.5630556 59.8773988995 0.0 59.8773988995 0.0
57849.5630671 59.9429670088 0.0 59.9429670088 0.0
57849.5630787 59.9191134901 0.0 59.9191134901 0.0
57849.5630903 59.903374077 0.0 59.903374077 0.0
57849.5631019 59.885170672 0.0 59.885170672 0.0
57849.5631134 59.9389414594 0.0 59.9389414594 0.0
57849.563125 59.9553832489 0.0 59.9553832489 0.0
57849.5631366 59.9664716133 0.0 59.9664716133 0.0
57849.5631481 59.9464336531 0.0 59.9464336531 0.0
57849.5631597 59.9486957739 0.0 59.9486957739 0.0
57849.5631713 59.9937499853 0.0 59.9937499853 0.0
57849.5631829 60.0524652845 0.0 60.0524652845 0.0
57849.5631944 60.0354205285 0.0 60.0354205285 0.0
57849.563206 60.0085855818 0.0 60.0085855818 0.0
57849.5632176 60.0100347887 0.0 60.0100347887 0.0
57849.5632292 60.0307957142 0.0 60.0307957142 0.0
57849.5632407 60.057237901 0.0 60.057237901 0.0
57849.5632523 60.0821501476 0.0 60.0821501476 0.0
57849.5632639 60.0648526831 0.0 60.0648526831 0.0
57849.5632755 60.0585560581 0.0 60.0585560581 0.0
57849.563287 60.0867702291 0.0 60.0867702291 0.0
57849.5632986 60.1220840622 0.0 60.1220840622 0.0
57849.5633102 60.1171653663 0.0 60.1171653663 0.0
57849.5633218 60.0723457179 0.0 60.0723457179 0.0
57849.5633333 60.017684821 0.0 60.017684821 0.0
57849.5633449 60.0754551362 0.0 60.0754551362 0.0
57849.5633565 60.1238131081 0.0 60.1238131081 0.0
57849.5633681 60.1411004544 0.0 60.1411004544 0.0
57849.5633796 60.0828703953 0.0 60.0828703953 0.0
57849.5633912 60.0817263514 0.0 60.0817263514 0.0
57849.5634028 60.0863265867 0.0 60.0863265867 0.0
57849.5634144 60.067639436 0.0 60.067639436 0.0
57849.5634259 60.0705953276 0.0 60.0705953276 0.0
57849.5634375 60.0480372042 0.0 60.0480372042 0.0
57849.5634491 60.0124470333 0.0 60.0124470333 0.0
57849.5634606 59.9951155941 0.0 59.9951155941 0.0
57849.5634722 59.9784808112 0.0 59.9784808112 0.0
57849.5634838 60.0130135822 0.0 60.0130135822 0.0
57849.5634954 59.9361382365 0.0 59.9361382365 0.0
57849.5635069 59.9385138812 0.0 59.9385138812 0.0
57849.5635185 59.8975573068 0.0 59.8975573068 0.0
57849.5635301 59.8723826358 0.0 59.8723826358 0.0
57849.5635417 59.81213743 0.0 59.81213743 0.0
57849.5635532 59.8039232973 0.0 59.8039232973 0.0
57849.5635648 59.8290922202 0.0 59.8290922202 0.0
57849.5635764 59.8218265514 0.0 59.8218265514 0.0
57849.563588 59.7909959962 0.0 59.7909959962 0.0
57849.5635995 59.7708689401 0.0 59.7708689401 0.0
57849.5636111 59.7726899483 0.0 59.7726899483 0.0
57849.5636227 59.7430157556 0.0 59.7430157556 0.0
57849.5636343 59.7432938569 0.0 59.7432938569 0.0
57849.5636458 59.7482883072 0.0 59.7482883072 0.0
57849.5636574 59.7428261887 0.0 59.7428261887 0.0
57849.563669 59.6974605922 0.0 59.6974605922 0.0
57849.5636806 59.6737066526 0.0 59.6737066526 0.0
57849.5636921 59.6926655795 0.0 59.6926655795 0.0
57849.5637037 59.6685563038 0.0 59.6685563038 0.0
57849.5637153 59.6742844765 0.0 59.6742844765 0.0
57849.5637269 59.6385278948 0.0 59.6385278948 0.0
57849.5637384 59.610812383 0.0 59.610812383 0.0
57849.56375 59.6232483284 0.0 59.6232483284 0.0
57849.5637616 59.6271274093 0.0 59.6271274093 0.0
57849.5637731 59.6192101045 0.0 59.6192101045 0.0
57849.5637847 59.5905416513 0.0 59.5905416513 0.0
57849.5637963 59.5523600655 0.0 59.5523600655 0.0
57849.5638079 59.519475447 0.0 59.519475447 0.0
57849.5638194 59.5362086969 0.0 59.5362086969 0.0
57849.563831 59.5099056066 0.0 59.5099056066 0.0
57849.5638426 59.4928329536 0.0 59.4928329536 0.0
57849.5638542 59.477447694 0.0 59.477447694 0.0
57849.5638657 59.498436278 0.0 59.498436278 0.0
57849.5638773 59.4960890561 0.0 59.4960890561 0.0
57849.5638889 59.4596101201 0.0 59.4596101201 0.0
57849.5639005 59.4253255112 0.0 59.4253255112 0.0
57849.563912 59.4073180384 0.0 59.4073180384 0.0
57849.5639236 59.3550127209 0.0 59.3550127209 0.0
57849.5639352 59.3798522903 0.0 59.3798522903 0.0
57849.5639468 59.3654815787 0.0 59.3654815787 0.0
57849.5639583 59.4476578144 0.0 59.4476578144 0.0
57849.5639699 59.4665535939 0.0 59.4665535939 0.0
57849.5639815 59.4689357379 0.0 59.4689357379 0.0
57849.5639931 59.5047875724 0.0 59.5047875724 0.0
57849.5640046 59.5338796468 0.0 59.5338796468 0.0
57849.5640162 59.4415385269 0.0 59.4415385269 0.0
57849.5640278 59.4177705272 0.0 59.4177705272 0.0
57849.5640394 59.4514557154 0.0 59.4514557154 0.0
57849.5640509 59.4347364716 0.0 59.4347364716 0.0
57849.5640625 59.4527272473 0.0 59.4527272473 0.0
57849.5640741 59.4002669398 0.0 59.4002669398 0.0
57849.5640856 59.4355806053 0.0 59.4355806053 0.0
57849.5640972 59.4772303662 0.0 59.4772303662 0.0
57849.5641088 59.467891791 0.0 59.467891791 0.0
57849.5641204 59.4939841774 0.0 59.4939841774 0.0
57849.5641319 59.494084013 0.0 59.494084013 0.0
57849.5641435 59.4959455409 0.0 59.4959455409 0.0
57849.5641551 59.5289064736 0.0 59.5289064736 0.0
57849.5641667 59.5575711691 0.0 59.5575711691 0.0
57849.5641782 59.5251275475 0.0 59.5251275475 0.0
57849.5641898 59.5313446719 0.0 59.5313446719 0.0
57849.5642014 59.5279079048 0.0 59.5279079048 0.0
57849.564213 59.4213140909 0.0 59.4213140909 0.0
57849.5642245 59.4750924596 0.0 59.4750924596 0.0
57849.5642361 59.5707510558 0.0 59.5707510558 0.0
57849.5642477 59.5629957244 0.0 59.5629957244 0.0
57849.5642593 59.6144892588 0.0 59.6144892588 0.0
57849.5642708 59.6092148989 0.0 59.6092148989 0.0
57849.5642824 59.6769633165 0.0 59.6769633165 0.0
57849.564294 59.6913442431 0.0 59.6913442431 0.0
57849.5643056 59.6918294607 0.0 59.6918294607 0.0
57849.5643171 59.6563479262 0.0 59.6563479262 0.0
57849.5643287 59.6986695205 0.0 59.6986695205 0.0
57849.5643403 59.7114893089 0.0 59.7114893089 0.0
57849.5643519 59.7035199043 0.0 59.7035199043 0.0
57849.5643634 59.6842587774 0.0 59.6842587774 0.0
57849.564375 59.715266403 0.0 59.715266403 0.0
57849.5643866 59.7066345161 0.0 59.7066345161 0.0
57849.5643981 59.7545308106 0.0 59.7545308106 0.0
57849.5644097 59.7286801357 0.0 59.7286801357 0.0
57849.5644213 59.7119891673 0.0 59.7119891673 0.0
57849.5644329 59.7059857638 0.0 59.7059857638 0.0
57849.5644444 59.7263784751 0.0 59.7263784751 0.0
57849.564456 59.769072955 0.0 59.769072955 0.0
57849.5644676 59.6931122749 0.0 59.6931122749 0.0
57849.5644792 59.7203297454 0.0 59.7203297454 0.0
57849.5644907 59.6770705544 0.0 59.6770705544 0.0
57849.5645023 59.6932205649 0.0 59.6932205649 0.0
57849.5645139 59.7804805162 0.0 59.7804805162 0.0
57849.5645255 59.7250079094 0.0 59.7250079094 0.0
57849.564537 59.7324638884 0.0 59.7324638884 0.0
57849.5645486 59.7623871526 0.0 59.7623871526 0.0
57849.5645602 59.7574776743 0.0 59.7574776743 0.0
57849.5645718 59.7701740874 0.0 59.7701740874 0.0
