57849.3452199 6.76860399196 0.0 6.76860399196 0.0
57849.3452546 6.74433095273 0.0 6.74433095273 0.0
57849.3453009 6.72406127277 0.0 6.72406127277 0.0
57849.3453588 6.72517657761 0.0 6.72517657761 0.0
57849.3454282 6.73097318372 0.0 6.73097318372 0.0
57849.3454745 6.72004464271 0.0 6.72004464271 0.0
57849.3455093 6.72592001142 0.0 6.72592001142 0.0
57849.3455671 6.72465612504 0.0 6.72465612504 0.0
57849.3456366 6.72316889569 0.0 6.72316889569 0.0
57849.3456829 6.72911584088 0.0 6.72911584088 0.0
57849.3457292 6.73490905655 0.0 6.73490905655 0.0
57849.3457755 6.73320131884 0.0 6.73320131884 0.0
57849.3458449 6.72339200107 0.0 6.72339200107 0.0
57849.3458912 6.7213837861 0.0 6.7213837861 0.0
57849.3459375 6.72249953514 0.0 6.72249953514 0.0
57849.3459838 6.72227640015 0.0 6.72227640015 0.0
57849.3460532 6.7198214262 0.0 6.7198214262 0.0
57849.3460995 6.98283610004 0.0 6.98283610004 0.0
57849.3461458 6.72465612504 0.0 6.72465612504 0.0
57849.3461921 6.72718366034 0.0 6.72718366034 0.0
57849.3462616 6.72160695072 0.0 6.72160695072 0.0
57849.3463079 6.97982807811 0.0 6.97982807811 0.0
57849.3463657 6.72502788098 0.0 6.72502788098 0.0
57849.3464005 6.72807550493 0.0 6.72807550493 0.0
57849.3464699 7.54811234681 0.0 7.54811234681 0.0
57849.3465162 6.72049105349 0.0 6.72049105349 0.0
57849.3465741 6.72651469931 0.0 6.72651469931 0.0
57849.3466204 6.72629169751 0.0 6.72629169751 0.0
57849.3466898 6.72792687237 0.0 6.72792687237 0.0
57849.3467361 6.72666336306 0.0 6.72666336306 0.0
57849.3467824 6.72183010794 0.0 6.72183010794 0.0
57849.3468287 6.73045317939 0.0 6.73045317939 0.0
57849.3468981 6.73787800424 0.0 6.73787800424 0.0
57849.3469444 6.7385458372 0.0 6.7385458372 0.0
57849.3469907 6.73438935613 0.0 6.73438935613 0.0
57849.347037 6.74373783595 0.0 6.74373783595 0.0
57849.3471065 6.74188400968 0.0 6.74188400968 0.0
57849.3471528 6.96146536298 0.0 6.96146536298 0.0
57849.3471991 6.72971024636 0.0 6.72971024636 0.0
57849.387581 6.83322764146 0.0 6.83322764146 0.0
57849.3876157 6.79050808114 0.0 6.79050808114 0.0
57849.387662 6.77148432768 0.0 6.77148432768 0.0
57849.3877199 6.77436343873 0.0 6.77436343873 0.0
57849.3877894 6.76816075459 0.0 6.76816075459 0.0
57849.3878356 6.77074589687 0.0 6.77074589687 0.0
57849.3878704 6.77310859207 0.0 6.77310859207 0.0
57849.3879282 6.77347768875 0.0 6.77347768875 0.0
57849.3879977 6.77192734751 0.0 6.77192734751 0.0
57849.388044 6.77613459134 0.0 6.77613459134 0.0
57849.3880903 6.77104127886 0.0 6.77104127886 0.0
57849.3881366 6.76963809963 0.0 6.76963809963 0.0
57849.388206 6.77273947528 0.0 6.77273947528 0.0
57849.3882523 6.77510147525 0.0 6.77510147525 0.0
57849.3882986 6.77524907291 0.0 6.77524907291 0.0
57849.3883449 6.77812658483 0.0 6.77812658483 0.0
57849.3884144 6.77532287054 0.0 6.77532287054 0.0
57849.3884606 6.77303477032 0.0 6.77303477032 0.0
57849.3885069 6.77746265205 0.0 6.77746265205 0.0
57849.3885532 6.77104127886 0.0 6.77104127886 0.0
57849.3886227 6.78070792764 0.0 6.78070792764 0.0
57849.388669 6.78409905588 0.0 6.78409905588 0.0
57849.3887269 6.78144527369 0.0 6.78144527369 0.0
57849.3887616 6.79043444855 0.0 6.79043444855 0.0
57849.388831 6.78291972531 0.0 6.78291972531 0.0
57849.3888773 7.01398602793 0.0 7.01398602793 0.0
57849.3889352 6.77746265205 0.0 6.77746265205 0.0
57849.3889815 6.78137154269 0.0 6.78137154269 0.0
57849.3890509 6.78557293086 0.0 6.78557293086 0.0
57849.3890972 6.77303477032 0.0 6.77303477032 0.0
57849.3891435 6.77569184659 0.0 6.77569184659 0.0
57849.3891898 6.78004424764 0.0 6.78004424764 0.0
57849.3892593 6.7833619983 0.0 6.7833619983 0.0
57849.3893056 6.7943358763 0.0 6.7943358763 0.0
57849.3893519 6.78903527756 0.0 6.78903527756 0.0
57849.3893981 6.78572030075 0.0 6.78572030075 0.0
57849.3894676 6.77694621493 0.0 6.77694621493 0.0
57849.3895139 6.79021354598 0.0 6.79021354598 0.0
57849.3895602 6.79904405045 0.0 6.79904405045 0.0
57849.425081 6.86542059891 0.0 6.86542059891 0.0
57849.4251157 6.80639405265 0.0 6.80639405265 0.0
57849.425162 6.78704648577 0.0 6.78704648577 0.0
57849.4252199 6.79190694871 0.0 6.79190694871 0.0
57849.4252894 6.79367352763 0.0 6.79367352763 0.0
57849.4253356 6.78638342565 0.0 6.78638342565 0.0
57849.4253704 6.78829875595 0.0 6.78829875595 0.0
57849.4254282 6.78807778388 0.0 6.78807778388 0.0
57849.4254977 6.78092913987 0.0 6.78092913987 0.0
57849.425544 6.78115034489 0.0 6.78115034489 0.0
57849.4255903 6.77657730717 0.0 6.77657730717 0.0
57849.4256366 6.78159273327 0.0 6.78159273327 0.0
57849.425706 6.78100287568 0.0 6.78100287568 0.0
57849.4257523 6.77805281773 0.0 6.77805281773 0.0
57849.4257986 6.78859337418 0.0 6.78859337418 0.0
57849.4258449 6.80117636884 0.0 6.80117636884 0.0
57849.4259144 6.80551247152 0.0 6.80551247152 0.0
57849.4259606 6.79139160997 0.0 6.79139160997 0.0
57849.4260069 6.78947715218 0.0 6.78947715218 0.0
57849.4260532 6.78763581816 0.0 6.78763581816 0.0
57849.4261227 7.0176206794 0.0 7.0176206794 0.0
57849.426169 6.78129781089 0.0 6.78129781089 0.0
57849.4262269 6.78358312398 0.0 6.78358312398 0.0
57849.4262616 7.04059656563 0.0 7.04059656563 0.0
57849.426331 6.79448305613 0.0 6.79448305613 0.0
57849.4263773 6.79529248819 0.0 6.79529248819 0.0
57849.4264352 7.24313468051 0.0 7.24313468051 0.0
57849.4264815 6.80264654381 0.0 6.80264654381 0.0
57849.4265509 6.99056507015 0.0 6.99056507015 0.0
57849.4265972 6.7968374999 0.0 6.7968374999 0.0
57849.4266435 6.80903811122 0.0 6.80903811122 0.0
57849.4266898 6.81263531976 0.0 6.81263531976 0.0
57849.4267593 7.021538293 0.0 7.021538293 0.0
57849.4268056 6.79602825185 0.0 6.79602825185 0.0
57849.4268519 7.00735328066 0.0 7.00735328066 0.0
57849.4268981 6.79624896542 0.0 6.79624896542 0.0
57849.4269676 7.02972261188 0.0 7.02972261188 0.0
57849.4270139 6.83293494774 0.0 6.83293494774 0.0
57849.4270602 6.82378194259 0.0 6.82378194259 0.0
57849.4653588 6.83512984515 0.0 6.83512984515 0.0
57849.4653935 6.81043317271 0.0 6.81043317271 0.0
57849.4654398 6.80448381584 0.0 6.80448381584 0.0
57849.4654977 6.80808343075 0.0 6.80808343075 0.0
57849.4655671 6.80036763712 0.0 6.80036763712 0.0
57849.4656134 6.80036763712 0.0 6.80036763712 0.0
57849.4656481 6.80014705723 0.0 6.80014705723 0.0
57849.465706 6.80095581518 0.0 6.80095581518 0.0
57849.4657755 6.80823031338 0.0 6.80823031338 0.0
57849.4658218 6.81109389159 0.0 6.81109389159 0.0
57849.4658681 6.81102048154 0.0 6.81102048154 0.0
57849.4659144 6.80022058466 0.0 6.80022058466 0.0
57849.4659838 6.79867634176 0.0 6.79867634176 0.0
57849.4660301 6.80161745469 0.0 6.80161745469 0.0
57849.4660764 7.02025640557 0.0 7.02025640557 0.0
57849.4661227 6.80022058466 0.0 6.80022058466 0.0
57849.4661921 6.80220552468 0.0 6.80220552468 0.0
57849.4662384 6.80080877543 0.0 6.80080877543 0.0
57849.4662847 7.00920822918 0.0 7.00920822918 0.0
57849.466331 6.82026392451 0.0 6.82026392451 0.0
57849.4664005 7.05017730274 0.0 7.05017730274 0.0
57849.4664468 6.82334228952 0.0 6.82334228952 0.0
57849.4665046 6.8428064418 0.0 6.8428064418 0.0
57849.4665394 6.87131719541 0.0 6.87131719541 0.0
57849.4666088 6.85733184263 0.0 6.85733184263 0.0
57849.4666551 7.20569219437 0.0 7.20569219437 0.0
57849.466713 6.81593720628 0.0 6.81593720628 0.0
57849.4667593 6.80441033448 0.0 6.80441033448 0.0
57849.4668287 7.01305924686 0.0 7.01305924686 0.0
57849.466875 7.01206103795 0.0 7.01206103795 0.0
57849.4669213 6.83410564741 0.0 6.83410564741 0.0
57849.4669676 6.85638388657 0.0 6.85638388657 0.0
57849.467037 6.85076638049 0.0 6.85076638049 0.0
57849.4670833 7.25293044224 0.0 7.25293044224 0.0
57849.4671296 6.83622702958 0.0 6.83622702958 0.0
57849.4671759 6.82187657467 0.0 6.82187657467 0.0
57849.4672454 6.8376896683 0.0 6.8376896683 0.0
57849.4672917 6.81747753938 0.0 6.81747753938 0.0
57849.467338 6.82678548074 0.0 6.82678548074 0.0
57849.5098032 7.08822968025 0.0 7.08822968025 0.0
57849.509838 7.03519722538 0.0 7.03519722538 0.0
57849.5098843 7.00813812649 0.0 7.00813812649 0.0
57849.5099421 7.00935089719 0.0 7.00935089719 0.0
57849.5100116 7.00656834692 0.0 7.00656834692 0.0
57849.5100579 7.02296233793 0.0 7.02296233793 0.0
57849.5100926 7.02296233793 0.0 7.02296233793 0.0
57849.5101505 7.0227487496 0.0 7.0227487496 0.0
57849.5102199 7.02431491321 0.0 7.02431491321 0.0
57849.5102662 7.02338949511 0.0 7.02338949511 0.0
57849.5103125 7.0218943313 0.0 7.0218943313 0.0
57849.5103588 7.02844221716 0.0 7.02844221716 0.0
57849.5104282 7.02481316478 0.0 7.02481316478 0.0
57849.5104745 7.01092005374 0.0 7.01092005374 0.0
57849.5105208 7.27928567924 0.0 7.27928567924 0.0
57849.5105671 7.26876880909 0.0 7.26876880909 0.0
57849.5106366 7.25168945833 0.0 7.25168945833 0.0
57849.5106829 7.47883680795 0.0 7.47883680795 0.0
57849.5107292 7.27846137587 0.0 7.27846137587 0.0
57849.5107755 7.2452053111 0.0 7.2452053111 0.0
57849.5108449 7.01918798722 0.0 7.01918798722 0.0
57849.5108912 7.27007565298 0.0 7.27007565298 0.0
57849.5109491 7.02089737854 0.0 7.02089737854 0.0
57849.5109838 7.03107388668 0.0 7.03107388668 0.0
57849.5110532 7.03349130944 0.0 7.03349130944 0.0
57849.5110995 7.03235380225 0.0 7.03235380225 0.0
57849.5111574 7.0346997093 0.0 7.0346997093 0.0
57849.5112037 7.04080961254 0.0 7.04080961254 0.0
57849.5112731 7.05166646971 0.0 7.05166646971 0.0
57849.5113194 7.0445014018 0.0 7.0445014018 0.0
57849.5113657 7.04670135595 0.0 7.04670135595 0.0
57849.511412 7.03050496053 0.0 7.03050496053 0.0
57849.5114815 7.03619215201 0.0 7.03619215201 0.0
57849.5115278 7.04393356016 0.0 7.04393356016 0.0
57849.5115741 7.05336798983 0.0 7.05336798983 0.0
57849.5116204 7.05216278882 0.0 7.05216278882 0.0
57849.5116898 7.03825262405 0.0 7.03825262405 0.0
57849.5117361 7.02894017616 0.0 7.02894017616 0.0
57849.5117824 7.04109366505 0.0 7.04109366505 0.0
57849.562581 8.24481655345 0.0 8.24481655345 0.0
57849.5626157 8.19451035755 0.0 8.19451035755 0.0
57849.562662 8.15377213319 0.0 8.15377213319 0.0
57849.5627199 8.13541639991 0.0 8.13541639991 0.0
57849.5627894 9.03448947091 0.0 9.03448947091 0.0
57849.5628356 8.35416064006 0.0 8.35416064006 0.0
57849.5628704 8.19383914902 0.0 8.19383914902 0.0
57849.5629282 8.62281856472 0.0 8.62281856472 0.0
57849.5629977 8.32514264142 0.0 8.32514264142 0.0
57849.563044 8.1470853684 0.0 8.1470853684 0.0
57849.5630903 8.20079264462 0.0 8.20079264462 0.0
57849.5631366 8.20317011892 0.0 8.20317011892 0.0
57849.563206 8.19579160301 0.0 8.19579160301 0.0
57849.5632523 8.20871488115 0.0 8.20871488115 0.0
57849.5632986 8.29331055731 0.0 8.29331055731 0.0
57849.5633449 8.38283961436 0.0 8.38283961436 0.0
57849.5634144 8.36815391828 0.0 8.36815391828 0.0
57849.5634606 8.1667006802 0.0 8.1667006802 0.0
57849.5635069 8.22082720899 0.0 8.22082720899 0.0
57849.5635532 8.56089948545 0.0 8.56089948545 0.0
57849.5636227 8.18657437516 0.0 8.18657437516 0.0
57849.563669 8.14733085127 0.0 8.14733085127 0.0
57849.5637269 8.20237770406 0.0 8.20237770406 0.0
57849.5637616 8.21711628249 0.0 8.21711628249 0.0
57849.563831 8.51557396774 0.0 8.51557396774 0.0
57849.5638773 8.10765070782 0.0 8.10765070782 0.0
57849.5639352 8.3854039855 0.0 8.3854039855 0.0
57849.5639815 8.4682938069 0.0 8.4682938069 0.0
57849.5640509 8.51604368237 0.0 8.51604368237 0.0
57849.5640972 8.69827569119 0.0 8.69827569119 0.0
57849.5641435 8.24220844192 0.0 8.24220844192 0.0
57849.5641898 8.98214896336 0.0 8.98214896336 0.0
57849.5642593 8.2246580476 0.0 8.2246580476 0.0
57849.5643056 8.2503333266 0.0 8.2503333266 0.0
57849.5643519 8.20926306071 0.0 8.20926306071 0.0
57849.5643981 8.43042110455 0.0 8.43042110455 0.0
57849.5644676 8.26426040248 0.0 8.26426040248 0.0
57849.5645139 8.22733249602 0.0 8.22733249602 0.0
57849.5645602 8.24348227389 0.0 8.24348227389 0.0
