57849.3458333 197.845538597 0.0 171.11551502 0.0
57849.3465278 197.937416319 0.0 171.214151618 0.0
57849.3472222 197.83897427 0.0 170.963655285 0.0
57849.3881944 196.462216717 0.0 169.690321453 0.0
57849.3888889 196.270420395 0.0 169.621427218 0.0
57849.3895833 196.329963443 0.0 169.598456254 0.0
57849.4256944 197.115563705 0.0 170.187062856 0.0
57849.4263889 197.122152122 0.0 170.225213692 0.0
57849.4270833 196.865040461 0.0 170.080194988 0.0
57849.4659722 230.211647397 0.0 201.591073808 0.0
57849.4666667 229.935055766 0.0 201.352569248 0.0
57849.4673611 229.601574726 0.0 201.029816229 0.0
57849.5104167 211.420673773 0.0 183.317197243 0.0
57849.5111111 211.242459329 0.0 183.246339061 0.0
57849.5118056 210.854784768 0.0 182.976827715 0.0
57849.5631944 204.056269296 0.0 176.421867479 0.0
57849.5638889 204.005347523 0.0 176.252475344 0.0
57849.5645833 203.884357342 0.0 176.090295609 0.0
57849.6208333 199.297467419 0.0 172.378321474 0.0
57849.6215278 199.180137747 0.0 172.287889543 0.0
57849.6222222 199.069262893 0.0 172.19741012 0.0
57849.6229167 199.395189406 0.0 172.521408421 0.0
