57849.3660532 7.04570791333 0.0 7.04570791333 0.0
57849.366088 7.02559606012 0.0 7.02559606012 0.0
57849.3661343 6.98813279782 0.0 6.98813279782 0.0
57849.3661921 6.977105417 0.0 6.977105417 0.0
57849.3662616 6.95521387162 0.0 6.95521387162 0.0
57849.3663079 6.98963518361 0.0 6.98963518361 0.0
57849.3663426 6.99928567784 0.0 6.99928567784 0.0
57849.3664005 6.99128028332 0.0 6.99128028332 0.0
57849.3664699 6.96864405749 0.0 6.96864405749 0.0
57849.3665162 6.97832358092 0.0 6.97832358092 0.0
57849.3665625 6.98455438808 0.0 6.98455438808 0.0
57849.3666088 6.97072449606 0.0 6.97072449606 0.0
57849.3666782 6.97208720542 0.0 6.97208720542 0.0
57849.3667245 6.95873551732 0.0 6.95873551732 0.0
57849.3667708 6.96268626322 0.0 6.96268626322 0.0
57849.3668171 6.96326073043 0.0 6.96326073043 0.0
57849.3668866 6.9672806747 0.0 6.9672806747 0.0
57849.3669329 6.97137002317 0.0 6.97137002317 0.0
57849.3669792 6.96742420124 0.0 6.96742420124 0.0
57849.3670255 7.19291317896 0.0 7.19291317896 0.0
57849.3670949 7.19152278728 0.0 7.19152278728 0.0
57849.3671412 6.97431000171 0.0 6.97431000171 0.0
57849.3671991 6.982191633 0.0 6.982191633 0.0
57849.3672338 6.97517024882 0.0 6.97517024882 0.0
57849.3673032 7.22128797376 0.0 7.22128797376 0.0
57849.3673495 6.98154710648 0.0 6.98154710648 0.0
57849.3674074 6.97631707995 0.0 6.97631707995 0.0
57849.3674537 6.97538529402 0.0 6.97538529402 0.0
57849.3675231 6.99149483301 0.0 6.99149483301 0.0
57849.3675694 6.99485525226 0.0 6.99485525226 0.0
57849.3676157 7.00121418041 0.0 7.00121418041 0.0
57849.367662 6.9942118927 0.0 6.9942118927 0.0
57849.3677315 6.99328249108 0.0 6.99328249108 0.0
57849.3677778 6.96656299763 0.0 6.96656299763 0.0
57849.3678241 6.9739515341 0.0 6.9739515341 0.0
57849.3678704 6.98297930686 0.0 6.98297930686 0.0
57849.3679398 6.98097414406 0.0 6.98097414406 0.0
57849.3679861 6.97115485411 0.0 6.97115485411 0.0
57849.3680324 6.97889676095 0.0 6.97889676095 0.0
57849.4014699 7.02908244368 0.0 7.02908244368 0.0
57849.4015046 7.01868933634 0.0 7.01868933634 0.0
57849.4015509 7.00942223011 0.0 7.00942223011 0.0
57849.4016088 7.00378469115 0.0 7.00378469115 0.0
57849.4016782 6.99564150025 0.0 6.99564150025 0.0
57849.4017245 6.99542707774 0.0 6.99542707774 0.0
57849.4017593 7.00114276386 0.0 7.00114276386 0.0
57849.4018171 6.99170937611 0.0 6.99170937611 0.0
57849.4018866 6.98612911418 0.0 6.98612911418 0.0
57849.4019329 7.01355829804 0.0 7.01355829804 0.0
57849.4019792 7.00371330081 0.0 7.00371330081 0.0
57849.4020255 6.9943548666 0.0 6.9943548666 0.0
57849.4020949 6.98126063115 0.0 6.98126063115 0.0
57849.4021412 6.98684478144 0.0 6.98684478144 0.0
57849.4021875 6.99170937611 0.0 6.99170937611 0.0
57849.4022338 7.00114276386 0.0 7.00114276386 0.0
57849.4023032 6.99557002681 0.0 6.99557002681 0.0
57849.4023495 6.9969278973 0.0 6.9969278973 0.0
57849.4023958 7.00257095644 0.0 7.00257095644 0.0
57849.4024421 7.00599743077 0.0 7.00599743077 0.0
57849.4025116 7.00478407947 0.0 7.00478407947 0.0
57849.4025579 6.98555652758 0.0 6.98555652758 0.0
57849.4026157 6.98963518361 0.0 6.98963518361 0.0
57849.4026505 6.98942057684 0.0 6.98942057684 0.0
57849.4027199 6.98326571169 0.0 6.98326571169 0.0
57849.4027662 6.99178088902 0.0 6.99178088902 0.0
57849.4028241 6.98763193078 0.0 6.98763193078 0.0
57849.4028704 6.98677321802 0.0 6.98677321802 0.0
57849.4029398 6.98577125305 0.0 6.98577125305 0.0
57849.4029861 7.00392746964 0.0 7.00392746964 0.0
57849.4030324 7.00028570846 0.0 7.00028570846 0.0
57849.4030787 6.99535560211 0.0 6.99535560211 0.0
57849.4031481 6.99113724654 0.0 6.99113724654 0.0
57849.4031944 6.97832358092 0.0 6.97832358092 0.0
57849.4032407 6.98319411158 0.0 6.98319411158 0.0
57849.403287 6.982191633 0.0 6.982191633 0.0
57849.4033565 6.99128028332 0.0 6.99128028332 0.0
57849.4034028 6.98240646196 0.0 6.98240646196 0.0
57849.4034491 6.98305090917 0.0 6.98305090917 0.0
57849.4452199 7.05691150575 0.0 7.05691150575 0.0
57849.4452546 7.0177631764 0.0 7.0177631764 0.0
57849.4453009 7.0138434542 0.0 7.0138434542 0.0
57849.4453588 7.0053550945 0.0 7.0053550945 0.0
57849.4454282 6.98004297981 0.0 6.98004297981 0.0
57849.4454745 6.95334451901 0.0 6.95334451901 0.0
57849.4455093 6.95866366481 0.0 6.95866366481 0.0
57849.4455671 6.96139353865 0.0 6.96139353865 0.0
57849.4456366 6.94708571993 0.0 6.94708571993 0.0
57849.4456829 6.95492631162 0.0 6.95492631162 0.0
57849.4457292 6.95485441976 0.0 6.95485441976 0.0
57849.4457755 6.96139353865 0.0 6.96139353865 0.0
57849.4458449 6.97796531949 0.0 6.97796531949 0.0
57849.4458912 6.95672336664 0.0 6.95672336664 0.0
57849.4459375 6.97545697428 0.0 6.97545697428 0.0
57849.4459838 6.98734570492 0.0 6.98734570492 0.0
57849.4460532 6.98147548875 0.0 6.98147548875 0.0
57849.4460995 6.95909476872 0.0 6.95909476872 0.0
57849.4461458 6.96613235591 0.0 6.96613235591 0.0
57849.4461921 6.96491205975 0.0 6.96491205975 0.0
57849.4462616 6.95370404892 0.0 6.95370404892 0.0
57849.4463079 6.95363214443 0.0 6.95363214443 0.0
57849.4463657 6.95111501847 0.0 6.95111501847 0.0
57849.4464005 6.95528575977 0.0 6.95528575977 0.0
57849.4464699 6.95880736908 0.0 6.95880736908 0.0
57849.4465162 6.95708272195 0.0 6.95708272195 0.0
57849.4465741 6.95787323828 0.0 6.95787323828 0.0
57849.4466204 6.95607648032 0.0 6.95607648032 0.0
57849.4466898 6.9700071736 0.0 6.9700071736 0.0
57849.4467361 6.95657961932 0.0 6.95657961932 0.0
57849.4467824 6.95542953382 0.0 6.95542953382 0.0
57849.4468287 6.95787323828 0.0 6.95787323828 0.0
57849.4468981 6.96254263901 0.0 6.96254263901 0.0
57849.4469444 6.95363214443 0.0 6.95363214443 0.0
57849.4469907 6.95334451901 0.0 6.95334451901 0.0
57849.447037 6.95765765183 0.0 6.95765765183 0.0
57849.4471065 6.95478252715 0.0 6.95478252715 0.0
57849.4471528 6.95578895597 0.0 6.95578895597 0.0
57849.4471991 1.7643695758 0.0 1.7643695758 0.0
57849.4889699 6.94384619645 0.0 6.94384619645 0.0
57849.4890046 6.90427403859 0.0 6.90427403859 0.0
57849.4890509 6.89151652396 0.0 6.89151652396 0.0
57849.4891088 6.89187927927 0.0 6.89187927927 0.0
57849.4891782 6.89144397061 0.0 6.89144397061 0.0
57849.4892245 6.88767014309 0.0 6.88767014309 0.0
57849.4892593 6.8906458333 0.0 6.8906458333 0.0
57849.4893171 6.89187927927 0.0 6.89187927927 0.0
57849.4893866 6.88861379379 0.0 6.88861379379 0.0
57849.4894329 6.89434550918 0.0 6.89434550918 0.0
57849.4894792 6.88941216651 0.0 6.88941216651 0.0
57849.4895255 6.89376529917 0.0 6.89376529917 0.0
57849.4895949 6.89115374955 0.0 6.89115374955 0.0
57849.4896412 6.89797071609 0.0 6.89797071609 0.0
57849.4896875 6.89644836129 0.0 6.89644836129 0.0
57849.4897338 6.90152157136 0.0 6.90152157136 0.0
57849.4898032 6.89420046126 0.0 6.89420046126 0.0
57849.4898495 6.88875895935 0.0 6.88875895935 0.0
57849.4898958 6.89209692329 0.0 6.89209692329 0.0
57849.4899421 6.89202437605 0.0 6.89202437605 0.0
57849.4900116 6.89521573267 0.0 6.89521573267 0.0
57849.4900579 6.89311250452 0.0 6.89311250452 0.0
57849.4901157 6.90427403859 0.0 6.90427403859 0.0
57849.4901505 6.90963095975 0.0 6.90963095975 0.0
57849.4902199 6.91454987689 0.0 6.91454987689 0.0
57849.4902662 6.89028301306 0.0 6.89028301306 0.0
57849.4903241 6.89528824633 0.0 6.89528824633 0.0
57849.4903704 6.8899927431 0.0 6.8899927431 0.0
57849.4904398 6.896520862 0.0 6.896520862 0.0
57849.4904861 6.89478063465 0.0 6.89478063465 0.0
57849.4905324 6.90094196469 0.0 6.90094196469 0.0
57849.4905787 6.90282550844 0.0 6.90282550844 0.0
57849.4906481 6.89949273498 0.0 6.89949273498 0.0
57849.4906944 6.89572331231 0.0 6.89572331231 0.0
57849.4907407 6.89644836129 0.0 6.89644836129 0.0
57849.490787 6.90695301852 0.0 6.90695301852 0.0
57849.4908565 6.90586707083 0.0 6.90586707083 0.0
57849.4909028 6.89876800596 0.0 6.89876800596 0.0
57849.4909491 6.90738734979 0.0 6.90738734979 0.0
57849.5417477 7.0777821385 0.0 7.0777821385 0.0
57849.5417824 7.14877611903 0.0 7.14877611903 0.0
57849.5418287 7.18533228181 0.0 7.18533228181 0.0
57849.5418866 7.2148458057 0.0 7.2148458057 0.0
57849.541956 7.18561062123 0.0 7.18561062123 0.0
57849.5420023 7.21068651378 0.0 7.21068651378 0.0
57849.542037 7.32891533585 0.0 7.32891533585 0.0
57849.5420949 7.3699389414 0.0 7.3699389414 0.0
57849.5421644 7.16268106228 0.0 7.16268106228 0.0
57849.5422106 7.00099992858 0.0 7.00099992858 0.0
57849.5422569 7.00870886826 0.0 7.00870886826 0.0
57849.5423032 7.01961537408 0.0 7.01961537408 0.0
57849.5423727 7.04109366505 0.0 7.04109366505 0.0
57849.542419 7.0121323433 0.0 7.0121323433 0.0
57849.5424653 7.35234656419 0.0 7.35234656419 0.0
57849.5425116 7.14198851861 0.0 7.14198851861 0.0
57849.542581 7.15814221708 0.0 7.15814221708 0.0
57849.5426273 7.26057848935 0.0 7.26057848935 0.0
57849.5426736 7.49306345896 0.0 7.49306345896 0.0
57849.5427199 6.97810862627 0.0 6.97810862627 0.0
57849.5427894 6.9621117486 0.0 6.9621117486 0.0
57849.5428356 7.21740950757 0.0 7.21740950757 0.0
57849.5428935 6.96103440589 0.0 6.96103440589 0.0
57849.5429282 6.970150644 0.0 6.970150644 0.0
57849.5429977 7.50386567044 0.0 7.50386567044 0.0
57849.543044 7.00492683759 0.0 7.00492683759 0.0
57849.5431019 7.00514096932 0.0 7.00514096932 0.0
57849.5431481 7.28903285766 0.0 7.28903285766 0.0
57849.5432176 7.30664081504 0.0 7.30664081504 0.0
57849.5432639 7.29486120499 0.0 7.29486120499 0.0
57849.5433102 7.0579033714 0.0 7.0579033714 0.0
57849.5433565 7.38044714093 0.0 7.38044714093 0.0
57849.5434259 7.4592895104 0.0 7.4592895104 0.0
57849.5434722 7.17962394558 0.0 7.17962394558 0.0
57849.5435185 7.33989100737 0.0 7.33989100737 0.0
57849.5435648 7.5388328009 0.0 7.5388328009 0.0
57849.5436343 7.51219009344 0.0 7.51219009344 0.0
57849.5436806 7.17244728109 0.0 7.17244728109 0.0
57849.5437269 7.11786484839 0.0 7.11786484839 0.0
57849.6091088 8.06405605139 0.0 8.06405605139 0.0
57849.6091435 7.61728298017 0.0 7.61728298017 0.0
57849.6091898 7.58485332752 0.0 7.58485332752 0.0
57849.6092477 7.48705549599 0.0 7.48705549599 0.0
57849.6093171 7.66394154466 0.0 7.66394154466 0.0
57849.6093634 7.79089211836 0.0 7.79089211836 0.0
57849.6093981 7.93945841982 0.0 7.93945841982 0.0
57849.609456 8.16308765113 0.0 8.16308765113 0.0
57849.6095255 7.91302723362 0.0 7.91302723362 0.0
57849.6095718 8.03081564973 0.0 8.03081564973 0.0
57849.6096181 8.07043988888 0.0 8.07043988888 0.0
57849.6096644 7.76968467829 0.0 7.76968467829 0.0
57849.6097338 7.83026180916 0.0 7.83026180916 0.0
57849.6097801 7.6 0.0 7.6 0.0
57849.6098264 7.75486943797 0.0 7.75486943797 0.0
57849.6098727 7.80358891793 0.0 7.80358891793 0.0
57849.6099421 7.53617940338 0.0 7.53617940338 0.0
57849.6099884 7.58439186751 0.0 7.58439186751 0.0
57849.6100347 7.57482673069 0.0 7.57482673069 0.0
57849.610081 8.10469000024 0.0 8.10469000024 0.0
57849.6101505 7.80903323082 0.0 7.80903323082 0.0
57849.6101968 7.78434326067 0.0 7.78434326067 0.0
57849.6102546 7.78890236169 0.0 7.78890236169 0.0
57849.6102894 7.45265053521 0.0 7.45265053521 0.0
57849.6103588 7.75435361587 0.0 7.75435361587 0.0
57849.6104051 7.72081601905 0.0 7.72081601905 0.0
57849.610463 7.52296484107 0.0 7.52296484107 0.0
57849.6105093 8.10265388623 0.0 8.10265388623 0.0
57849.6105787 7.72003886001 0.0 7.72003886001 0.0
57849.610625 8.51328373778 0.0 8.51328373778 0.0
57849.6106713 7.6454561669 0.0 7.6454561669 0.0
57849.6107176 7.87756307496 0.0 7.87756307496 0.0
57849.610787 7.52602152535 0.0 7.52602152535 0.0
57849.6108333 7.83728269236 0.0 7.83728269236 0.0
57849.6108796 7.57674072408 0.0 7.57674072408 0.0
57849.6109259 7.46411414704 0.0 7.46411414704 0.0
57849.6109954 7.81280999385 0.0 7.81280999385 0.0
57849.6110417 7.69922073979 0.0 7.69922073979 0.0
57849.611088 7.80442182356 0.0 7.80442182356 0.0
