57849.0361227 74.477816908 0.0 75.2577106037 0.0
57849.0486227 74.1772127832 0.0 75.1468907077 0.0
57849.0611227 74.0877121532 0.0 74.8594799824 0.0
57849.0736227 73.8471883609 0.0 74.8075302383 0.0
57849.0861227 73.8634978089 0.0 74.6289431007 0.0
57849.1000116 74.7150137802 0.0 75.4697300438 0.0
57849.1250116 77.8039318398 0.0 78.3499310426 0.0
57849.1375116 78.7565212046 0.0 79.4790732313 0.0
57849.1514005 81.1316903239 0.0 81.6637071085 0.0
57849.1639005 83.2315388862 0.0 83.7566642146 0.0
57849.1764005 84.7711504556 0.0 85.1207236931 0.0
57849.1889005 86.4741615452 0.0 86.9977233109 0.0
57849.2027894 92.7667558003 0.0 93.1010514992 0.0
57849.2139005 112.832167559 0.0 112.40825059 0.0
57849.2250116 101.673639102 0.0 101.834388039 0.0
