57849.0361921 9.63187416861 0.0 9.63187416861 0.0
57849.0362269 9.78411978667 0.0 9.78411978667 0.0
57849.0362731 10.1616927724 0.0 10.1616927724 0.0
57849.036331 10.1497783227 0.0 10.1497783227 0.0
57849.0364005 9.71879622176 0.0 9.71879622176 0.0
57849.0364468 8.92059415062 0.0 8.92059415062 0.0
57849.0364815 8.94175597967 0.0 8.94175597967 0.0
57849.0365394 8.91560429808 0.0 8.91560429808 0.0
57849.0366088 8.92249964976 0.0 8.92249964976 0.0
57849.0366551 8.92586130298 0.0 8.92586130298 0.0
57849.0367014 9.05924941703 0.0 9.05924941703 0.0
57849.0367477 9.30413886397 0.0 9.30413886397 0.0
57849.0368171 12.4170044697 0.0 12.4170044697 0.0
57849.0368634 19.9549242043 0.0 19.9549242043 0.0
57849.0369097 22.0814628139 0.0 22.0814628139 0.0
57849.036956 15.3507003098 0.0 15.3507003098 0.0
57849.0370255 11.5811916485 0.0 11.5811916485 0.0
57849.0370718 17.9759005338 0.0 17.9759005338 0.0
57849.0371181 21.1945040046 0.0 21.1945040046 0.0
57849.0371644 25.4604006253 0.0 25.4604006253 0.0
57849.0372338 18.7238083733 0.0 18.7238083733 0.0
57849.0372801 9.58504042767 0.0 9.58504042767 0.0
57849.037338 9.410738547 0.0 9.410738547 0.0
57849.0373727 9.32716462812 0.0 9.32716462812 0.0
57849.0374421 9.4615537836 0.0 9.4615537836 0.0
57849.0374884 9.54426529388 0.0 9.54426529388 0.0
57849.0375463 10.0860795158 0.0 10.0860795158 0.0
57849.0375926 10.3754036066 0.0 10.3754036066 0.0
57849.037662 9.56739253924 0.0 9.56739253924 0.0
57849.0377083 9.23948050488 0.0 9.23948050488 0.0
57849.0377546 9.35900635751 0.0 9.35900635751 0.0
57849.0378009 9.36151697109 0.0 9.36151697109 0.0
57849.0378704 9.59364372905 0.0 9.59364372905 0.0
57849.0379167 9.3084907477 0.0 9.3084907477 0.0
57849.037963 9.96619285384 0.0 9.96619285384 0.0
57849.0380093 10.7425322899 0.0 10.7425322899 0.0
57849.0380787 11.8075823097 0.0 11.8075823097 0.0
57849.038125 9.57830882776 0.0 9.57830882776 0.0
57849.0381713 9.5262269551 0.0 9.5262269551 0.0
57849.0382176 9.50999474237 0.0 9.50999474237 0.0
57849.038287 9.19010337265 0.0 9.19010337265 0.0
57849.0383333 9.03471084208 0.0 9.03471084208 0.0
57849.0383796 9.00188869071 0.0 9.00188869071 0.0
57849.0384259 9.17403945926 0.0 9.17403945926 0.0
57849.0384954 9.1167976834 0.0 9.1167976834 0.0
57849.0385532 8.85002824854 0.0 8.85002824854 0.0
57849.0385995 9.05223729252 0.0 9.05223729252 0.0
57849.0386343 9.25516072254 0.0 9.25516072254 0.0
57849.0387037 9.04350595732 0.0 9.04350595732 0.0
57849.0387616 9.21086315174 0.0 9.21086315174 0.0
57849.0388079 9.12891012115 0.0 9.12891012115 0.0
57849.0388542 9.09741721589 0.0 9.09741721589 0.0
57849.0389236 9.09494365018 0.0 9.09494365018 0.0
57849.0389699 9.56728801699 0.0 9.56728801699 0.0
57849.0390162 9.90429199893 0.0 9.90429199893 0.0
57849.0390625 10.3714512003 0.0 10.3714512003 0.0
57849.0391319 10.0115932798 0.0 10.0115932798 0.0
57849.0391782 8.78914102743 0.0 8.78914102743 0.0
57849.0392245 9.01104877359 0.0 9.01104877359 0.0
57849.0392708 9.69824726433 0.0 9.69824726433 0.0
57849.0393403 10.7873073563 0.0 10.7873073563 0.0
57849.0393866 10.6276055629 0.0 10.6276055629 0.0
57849.0394329 11.0649898328 0.0 11.0649898328 0.0
57849.0394907 11.1397935349 0.0 11.1397935349 0.0
57849.0395602 12.5586225359 0.0 12.5586225359 0.0
57849.0395949 11.9827793103 0.0 11.9827793103 0.0
57849.0396412 15.2468685309 0.0 15.2468685309 0.0
57849.0396991 16.6519668508 0.0 16.6519668508 0.0
57849.0397685 16.2449684518 0.0 16.2449684518 0.0
57849.0398148 32.6829007281 0.0 32.6829007281 0.0
57849.0398495 201.635242455 0.0 201.635242455 0.0
57849.0399074 96.7810983612 0.0 96.7810983612 0.0
57849.0399769 194.260047359 0.0 194.260047359 0.0
57849.0400231 10.6008961885 0.0 10.6008961885 0.0
57849.0400694 9.94384231572 0.0 9.94384231572 0.0
57849.0401157 9.87263895825 0.0 9.87263895825 0.0
57849.0401852 10.0783431178 0.0 10.0783431178 0.0
57849.0402315 8.95935265519 0.0 8.95935265519 0.0
57849.0402778 2.01767192576 0.0 2.01767192576 0.0
57849.0486921 8.41468953676 0.0 8.41468953676 0.0
57849.0487269 8.38331676605 0.0 8.38331676605 0.0
57849.0487731 8.46776239629 0.0 8.46776239629 0.0
57849.048831 8.50717344363 0.0 8.50717344363 0.0
57849.0489005 8.3744850588 0.0 8.3744850588 0.0
57849.0489468 8.3256230998 0.0 8.3256230998 0.0
57849.0489815 8.29734897422 0.0 8.29734897422 0.0
57849.0490394 8.30505869937 0.0 8.30505869937 0.0
57849.0491088 8.25306003856 0.0 8.25306003856 0.0
57849.0491551 8.242572414 0.0 8.242572414 0.0
57849.0492014 8.26395788953 0.0 8.26395788953 0.0
57849.0492477 8.27906999608 0.0 8.27906999608 0.0
57849.0493171 8.22854786703 0.0 8.22854786703 0.0
57849.0493634 8.2335897396 0.0 8.2335897396 0.0
57849.0494097 8.2354113437 0.0 8.2354113437 0.0
57849.049456 8.23322537041 0.0 8.23322537041 0.0
57849.0495255 8.22040145005 0.0 8.22040145005 0.0
57849.0495718 8.23874990517 0.0 8.23874990517 0.0
57849.0496181 8.24608998253 0.0 8.24608998253 0.0
57849.0496644 8.21942820396 0.0 8.21942820396 0.0
57849.0497338 8.20524222677 0.0 8.20524222677 0.0
57849.0497801 8.20639994151 0.0 8.20639994151 0.0
57849.049838 8.21474284442 0.0 8.21474284442 0.0
57849.0498727 8.31113710632 0.0 8.31113710632 0.0
57849.0499421 8.33258663321 0.0 8.33258663321 0.0
57849.0499884 8.26256618733 0.0 8.26256618733 0.0
57849.0500463 8.27387454582 0.0 8.27387454582 0.0
57849.0500926 8.29204438001 0.0 8.29204438001 0.0
57849.050162 8.30891087929 0.0 8.30891087929 0.0
57849.0502083 8.2558464133 0.0 8.2558464133 0.0
57849.0502546 8.22678552048 0.0 8.22678552048 0.0
57849.0503009 8.22672474318 0.0 8.22672474318 0.0
57849.0503704 8.29270763985 0.0 8.29270763985 0.0
57849.0504167 8.28365861199 0.0 8.28365861199 0.0
57849.050463 8.35822947759 0.0 8.35822947759 0.0
57849.0505093 8.41540254533 0.0 8.41540254533 0.0
57849.0505787 8.36420946653 0.0 8.36420946653 0.0
57849.050625 8.25021211849 0.0 8.25021211849 0.0
57849.0506713 8.26867583111 0.0 8.26867583111 0.0
57849.0507176 8.2798550712 0.0 8.2798550712 0.0
57849.050787 8.24081306668 0.0 8.24081306668 0.0
57849.0508333 8.22246921551 0.0 8.22246921551 0.0
57849.0508796 8.26516787488 0.0 8.26516787488 0.0
57849.0509259 8.38105005354 0.0 8.38105005354 0.0
57849.0509954 8.32111771338 0.0 8.32111771338 0.0
57849.0510532 8.27906999608 0.0 8.27906999608 0.0
57849.0510995 8.26105320162 0.0 8.26105320162 0.0
57849.0511343 8.28015700334 0.0 8.28015700334 0.0
57849.0512037 8.25439276991 0.0 8.25439276991 0.0
57849.0512616 8.3986903741 0.0 8.3986903741 0.0
57849.0513079 8.40142844997 0.0 8.40142844997 0.0
57849.0513542 8.5880149045 0.0 8.5880149045 0.0
57849.0514236 8.67507925036 0.0 8.67507925036 0.0
57849.0514699 8.32490240183 0.0 8.32490240183 0.0
57849.0515162 8.24548361226 0.0 8.24548361226 0.0
57849.0515625 8.2246580476 0.0 8.2246580476 0.0
57849.0516319 8.26081109819 0.0 8.26081109819 0.0
57849.0516782 8.37818596117 0.0 8.37818596117 0.0
57849.0517245 8.29059708344 0.0 8.29059708344 0.0
57849.0517708 8.24578680297 0.0 8.24578680297 0.0
57849.0518403 8.19097063845 0.0 8.19097063845 0.0
57849.0518866 8.25227241431 0.0 8.25227241431 0.0
57849.0519329 8.25281770064 0.0 8.25281770064 0.0
57849.0519907 8.26915957036 0.0 8.26915957036 0.0
57849.0520602 8.21790727619 0.0 8.21790727619 0.0
57849.0520949 8.21869819375 0.0 8.21869819375 0.0
57849.0521412 8.26928050074 0.0 8.26928050074 0.0
57849.0521991 8.28293426269 0.0 8.28293426269 0.0
57849.0522685 8.25966100999 0.0 8.25966100999 0.0
57849.0523148 8.20761841218 0.0 8.20761841218 0.0
57849.0523495 8.30186725984 0.0 8.30186725984 0.0
57849.0524074 8.39994047598 0.0 8.39994047598 0.0
57849.0524769 8.39988095154 0.0 8.39988095154 0.0
57849.0525231 8.30541991714 0.0 8.30541991714 0.0
57849.0525694 8.35146693701 0.0 8.35146693701 0.0
57849.0526157 8.40678297567 0.0 8.40678297567 0.0
57849.0526852 8.41308504652 0.0 8.41308504652 0.0
57849.0527315 8.32862533675 0.0 8.32862533675 0.0
57849.0527778 2.37191905427 0.0 2.37191905427 0.0
57849.0611921 8.01155415634 0.0 8.01155415634 0.0
57849.0612269 7.97709220205 0.0 7.97709220205 0.0
57849.0612731 7.93593094728 0.0 7.93593094728 0.0
57849.061331 7.9307628889 0.0 7.9307628889 0.0
57849.0614005 7.97834569319 0.0 7.97834569319 0.0
57849.0614468 7.93107811082 0.0 7.93107811082 0.0
57849.0614815 7.92861904748 0.0 7.92861904748 0.0
57849.0615394 7.97809501072 0.0 7.97809501072 0.0
57849.0616088 8.00606020462 0.0 8.00606020462 0.0
57849.0616551 8.02215681722 0.0 8.02215681722 0.0
57849.0617014 7.99906244506 0.0 7.99906244506 0.0
57849.0617477 8.01055553629 0.0 8.01055553629 0.0
57849.0618171 8.03772355832 0.0 8.03772355832 0.0
57849.0618634 8.00974406582 0.0 8.00974406582 0.0
57849.0619097 8.00812087821 0.0 8.00812087821 0.0
57849.061956 7.96385585003 0.0 7.96385585003 0.0
57849.0620255 7.98886725387 0.0 7.98886725387 0.0
57849.0620718 7.99793723406 0.0 7.99793723406 0.0
57849.0621181 7.96385585003 0.0 7.96385585003 0.0
57849.0621644 7.9499685534 0.0 7.9499685534 0.0
57849.0622338 7.92275204711 0.0 7.92275204711 0.0
57849.0622801 7.94569065595 0.0 7.94569065595 0.0
57849.062338 7.96850048629 0.0 7.96850048629 0.0
57849.0623727 7.951666492 0.0 7.951666492 0.0
57849.0624421 7.95172937165 0.0 7.95172937165 0.0
57849.0624884 7.89246476077 0.0 7.89246476077 0.0
57849.0625463 7.89138771066 0.0 7.89138771066 0.0
57849.0625926 7.90708543017 0.0 7.90708543017 0.0
57849.062662 7.93668696623 0.0 7.93668696623 0.0
57849.0627083 7.91277448181 0.0 7.91277448181 0.0
57849.0627546 7.90759128939 0.0 7.90759128939 0.0
57849.0628009 7.91429087158 0.0 7.91429087158 0.0
57849.0628704 7.90974083014 0.0 7.90974083014 0.0
57849.0629167 7.87870547742 0.0 7.87870547742 0.0
57849.062963 7.92300448062 0.0 7.92300448062 0.0
57849.0630093 7.9591456828 0.0 7.9591456828 0.0
57849.0630787 7.92981714795 0.0 7.92981714795 0.0
57849.063125 7.87496031736 0.0 7.87496031736 0.0
57849.0631713 7.88219512572 0.0 7.88219512572 0.0
57849.0632176 7.91176339383 0.0 7.91176339383 0.0
57849.063287 7.9361829616 0.0 7.9361829616 0.0
57849.0633333 7.87965735296 0.0 7.87965735296 0.0
57849.0633796 7.86574853399 0.0 7.86574853399 0.0
57849.0634259 7.87210264161 0.0 7.87210264161 0.0
57849.0634954 7.86612992519 0.0 7.86612992519 0.0
57849.0635532 7.88314657989 0.0 7.88314657989 0.0
57849.0635995 7.87972080724 0.0 7.87972080724 0.0
57849.0636343 7.89835425896 0.0 7.89835425896 0.0
57849.0637037 7.90607361463 0.0 7.90607361463 0.0
57849.0637616 7.97013174295 0.0 7.97013174295 0.0
57849.0638079 7.93750590551 0.0 7.93750590551 0.0
57849.0638542 7.88733161468 0.0 7.88733161468 0.0
57849.0639236 7.87724571154 0.0 7.87724571154 0.0
57849.0639699 7.96893970362 0.0 7.96893970362 0.0
57849.0640162 7.98949310032 0.0 7.98949310032 0.0
57849.0640625 8.0014998594 0.0 8.0014998594 0.0
57849.0641319 7.93322128772 0.0 7.93322128772 0.0
57849.0641782 7.88942329958 0.0 7.88942329958 0.0
57849.0642245 7.86485854927 0.0 7.86485854927 0.0
57849.0642708 7.85964375783 0.0 7.85964375783 0.0
57849.0643403 7.8618064082 0.0 7.8618064082 0.0
57849.0643866 7.86091597716 0.0 7.86091597716 0.0
57849.0644329 7.90151884134 0.0 7.90151884134 0.0
57849.0644907 7.87489682472 0.0 7.87489682472 0.0
57849.0645602 7.85996183197 0.0 7.85996183197 0.0
57849.0645949 7.88219512572 0.0 7.88219512572 0.0
57849.0646412 7.89727801207 0.0 7.89727801207 0.0
57849.0646991 7.95198088529 0.0 7.95198088529 0.0
57849.0647685 7.96774748596 0.0 7.96774748596 0.0
57849.0648148 7.84901267676 0.0 7.84901267676 0.0
57849.0648495 7.84378735051 0.0 7.84378735051 0.0
57849.0649074 7.8722931856 0.0 7.8722931856 0.0
57849.0649769 7.85818045097 0.0 7.85818045097 0.0
57849.0650231 7.90676925172 0.0 7.90676925172 0.0
57849.0650694 7.91770168673 0.0 7.91770168673 0.0
57849.0651157 7.91068897126 0.0 7.91068897126 0.0
57849.0651852 7.84754738756 0.0 7.84754738756 0.0
57849.0652315 7.94613113408 0.0 7.94613113408 0.0
57849.0652778 2.27024227782 0.0 2.27024227782 0.0
57849.0736921 7.80275592339 0.0 7.80275592339 0.0
57849.0737269 7.73214071264 0.0 7.73214071264 0.0
57849.0737731 7.71407803953 0.0 7.71407803953 0.0
57849.073831 7.73104132701 0.0 7.73104132701 0.0
57849.0739005 7.73912139716 0.0 7.73912139716 0.0
57849.0739468 7.69980519234 0.0 7.69980519234 0.0
57849.0739815 7.71193879644 0.0 7.71193879644 0.0
57849.0740394 7.68960337079 0.0 7.68960337079 0.0
57849.0741088 7.67385170563 0.0 7.67385170563 0.0
57849.0741551 7.75918810186 0.0 7.75918810186 0.0
57849.0742014 7.74474015058 0.0 7.74474015058 0.0
57849.0742477 7.75454705318 0.0 7.75454705318 0.0
57849.0743171 7.68147121325 0.0 7.68147121325 0.0
57849.0743634 7.70311625253 0.0 7.70311625253 0.0
57849.0744097 7.75190299217 0.0 7.75190299217 0.0
57849.074456 7.7178364844 0.0 7.7178364844 0.0
57849.0745255 7.66263662195 0.0 7.66263662195 0.0
57849.0745718 7.69707736742 0.0 7.69707736742 0.0
57849.0746181 7.70266187756 0.0 7.70266187756 0.0
57849.0746644 7.7038302162 0.0 7.7038302162 0.0
57849.0747338 7.68667678519 0.0 7.68667678519 0.0
57849.0747801 7.76479233463 0.0 7.76479233463 0.0
57849.074838 7.7105771509 0.0 7.7105771509 0.0
57849.0748727 7.70778826902 0.0 7.70778826902 0.0
57849.0749421 7.68739227567 0.0 7.68739227567 0.0
57849.0749884 7.66902862167 0.0 7.66902862167 0.0
57849.0750463 7.68713210502 0.0 7.68713210502 0.0
57849.0750926 7.68433471421 0.0 7.68433471421 0.0
57849.075162 7.69012353607 0.0 7.69012353607 0.0
57849.0752083 7.71751255263 0.0 7.71751255263 0.0
57849.0752546 7.74996774187 0.0 7.74996774187 0.0
57849.0753009 7.70636100893 0.0 7.70636100893 0.0
57849.0753704 7.69122877049 0.0 7.69122877049 0.0
57849.0754167 7.66009138327 0.0 7.66009138327 0.0
57849.075463 7.65264660101 0.0 7.65264660101 0.0
57849.0755093 7.66211459063 0.0 7.66211459063 0.0
57849.0755787 7.6613967395 0.0 7.6613967395 0.0
57849.075625 7.66818100986 0.0 7.66818100986 0.0
57849.0756713 7.67378654903 0.0 7.67378654903 0.0
57849.0757176 7.67222262451 0.0 7.67222262451 0.0
57849.075787 7.64427890648 0.0 7.64427890648 0.0
57849.0758333 7.71271677167 0.0 7.71271677167 0.0
57849.0758796 7.70136351564 0.0 7.70136351564 0.0
57849.0759259 7.66785498037 0.0 7.66785498037 0.0
57849.0759954 7.73769991664 0.0 7.73769991664 0.0
57849.0760532 7.73957363167 0.0 7.73957363167 0.0
57849.0760995 7.78286579609 0.0 7.78286579609 0.0
57849.0761343 7.76588694226 0.0 7.76588694226 0.0
57849.0762037 7.68908317031 0.0 7.68908317031 0.0
57849.0762616 7.64669863405 0.0 7.64669863405 0.0
57849.0763079 7.6763272468 0.0 7.6763272468 0.0
57849.0763542 7.65525962982 0.0 7.65525962982 0.0
57849.0764236 7.66935460127 0.0 7.66935460127 0.0
57849.0764699 7.65643520184 0.0 7.65643520184 0.0
57849.0765162 7.71679985486 0.0 7.71679985486 0.0
57849.0765625 7.7716793552 0.0 7.7716793552 0.0
57849.0766319 7.79563980697 0.0 7.79563980697 0.0
57849.0766782 7.80160239951 0.0 7.80160239951 0.0
57849.0767245 7.88479549513 0.0 7.88479549513 0.0
57849.0767708 7.98204234516 0.0 7.98204234516 0.0
57849.0768403 7.90322718894 0.0 7.90322718894 0.0
57849.0768866 7.69967531783 0.0 7.69967531783 0.0
57849.0769329 7.67170124549 0.0 7.67170124549 0.0
57849.0769907 7.67847641137 0.0 7.67847641137 0.0
57849.0770602 7.6705931974 0.0 7.6705931974 0.0
57849.0770949 7.65748000324 0.0 7.65748000324 0.0
57849.0771412 7.67430778637 0.0 7.67430778637 0.0
57849.0771991 7.6891481973 0.0 7.6891481973 0.0
57849.0772685 7.66524624523 0.0 7.66524624523 0.0
57849.0773148 7.74912898331 0.0 7.74912898331 0.0
57849.0773495 7.75938141864 0.0 7.75938141864 0.0
57849.0774074 7.74764480342 0.0 7.74764480342 0.0
57849.0774769 7.69278883111 0.0 7.69278883111 0.0
57849.0775231 7.67593642496 0.0 7.67593642496 0.0
57849.0775694 7.71764212697 0.0 7.71764212697 0.0
57849.0776157 7.73776453506 0.0 7.73776453506 0.0
57849.0776852 7.66335435694 0.0 7.66335435694 0.0
57849.0777315 7.72049221229 0.0 7.72049221229 0.0
57849.0777778 3.71792953134 0.0 3.71792953134 0.0
57849.0861921 0.3 0.0 0.3 0.0
57849.0862269 0.3 0.0 0.3 0.0
57849.0862731 0.3 0.0 0.3 0.0
57849.086331 0.3 0.0 0.3 0.0
57849.0864005 0.3 0.0 0.3 0.0
57849.0864468 0.3 0.0 0.3 0.0
57849.0864815 0.3 0.0 0.3 0.0
57849.0865394 0.3 0.0 0.3 0.0
57849.0866088 0.298328677804 0.0 0.298328677804 0.0
57849.0866551 0.298328677804 0.0 0.298328677804 0.0
57849.0867014 0.3 0.0 0.3 0.0
57849.0867477 0.3 0.0 0.3 0.0
57849.0868171 0.3 0.0 0.3 0.0
57849.0868634 0.3 0.0 0.3 0.0
57849.0869097 0.3 0.0 0.3 0.0
57849.086956 0.3 0.0 0.3 0.0
57849.0870255 0.296647939484 0.0 0.296647939484 0.0
57849.0870718 0.3 0.0 0.3 0.0
57849.0871181 0.3 0.0 0.3 0.0
57849.0871644 0.3 0.0 0.3 0.0
57849.0872338 0.3 0.0 0.3 0.0
57849.0872801 0.3 0.0 0.3 0.0
57849.087338 0.3 0.0 0.3 0.0
57849.0873727 0.3 0.0 0.3 0.0
57849.0874421 0.3 0.0 0.3 0.0
57849.0874884 0.3 0.0 0.3 0.0
57849.0875463 0.3 0.0 0.3 0.0
57849.0875926 0.3 0.0 0.3 0.0
57849.087662 0.3 0.0 0.3 0.0
57849.0877083 0.3 0.0 0.3 0.0
57849.0877546 0.3 0.0 0.3 0.0
57849.0878009 0.3 0.0 0.3 0.0
57849.0878704 0.3 0.0 0.3 0.0
57849.0879167 0.3 0.0 0.3 0.0
57849.087963 0.3 0.0 0.3 0.0
57849.0880093 0.3 0.0 0.3 0.0
57849.0880787 0.3 0.0 0.3 0.0
57849.088125 0.3 0.0 0.3 0.0
57849.0881713 0.3 0.0 0.3 0.0
57849.0882176 0.3 0.0 0.3 0.0
57849.088287 0.3 0.0 0.3 0.0
57849.0883333 0.3 0.0 0.3 0.0
57849.0883796 0.3 0.0 0.3 0.0
57849.0884259 0.3 0.0 0.3 0.0
57849.0884954 0.3 0.0 0.3 0.0
57849.0885532 0.3 0.0 0.3 0.0
57849.0885995 0.3 0.0 0.3 0.0
57849.0886343 0.3 0.0 0.3 0.0
57849.0887037 0.298328677804 0.0 0.298328677804 0.0
57849.0887616 0.298328677804 0.0 0.298328677804 0.0
57849.0888079 0.3 0.0 0.3 0.0
57849.0888542 0.298328677804 0.0 0.298328677804 0.0
57849.0889236 0.3 0.0 0.3 0.0
57849.0889699 0.3 0.0 0.3 0.0
57849.0890162 0.3 0.0 0.3 0.0
57849.0890625 0.3 0.0 0.3 0.0
57849.0891319 0.3 0.0 0.3 0.0
57849.0891782 0.3 0.0 0.3 0.0
57849.0892245 0.296647939484 0.0 0.296647939484 0.0
57849.0892708 0.3 0.0 0.3 0.0
57849.0893403 0.3 0.0 0.3 0.0
57849.0893866 0.3 0.0 0.3 0.0
57849.0894329 0.3 0.0 0.3 0.0
57849.0894907 0.3 0.0 0.3 0.0
57849.0895602 0.296647939484 0.0 0.296647939484 0.0
57849.0895949 0.3 0.0 0.3 0.0
57849.0896412 0.296647939484 0.0 0.296647939484 0.0
57849.0896991 0.3 0.0 0.3 0.0
57849.0897685 0.3 0.0 0.3 0.0
57849.0898148 0.298328677804 0.0 0.298328677804 0.0
57849.0898495 0.296647939484 0.0 0.296647939484 0.0
57849.0899074 0.3 0.0 0.3 0.0
57849.0899769 0.3 0.0 0.3 0.0
57849.0900231 0.3 0.0 0.3 0.0
57849.0900694 0.3 0.0 0.3 0.0
57849.0901157 0.3 0.0 0.3 0.0
57849.0901852 0.3 0.0 0.3 0.0
57849.0902315 0.3 0.0 0.3 0.0
57849.0902778 0.3 0.0 0.3 0.0
57849.112581 7.3219532913 0.0 7.3219532913 0.0
57849.1126157 7.24278951786 0.0 7.24278951786 0.0
57849.112662 7.22703258606 0.0 7.22703258606 0.0
57849.1127199 7.23678105237 0.0 7.23678105237 0.0
57849.1127894 7.2731698729 0.0 7.2731698729 0.0
57849.1128356 7.22744768227 0.0 7.22744768227 0.0
57849.1128704 7.22378017384 0.0 7.22378017384 0.0
57849.1129282 7.24617140289 0.0 7.24617140289 0.0
57849.1129977 7.2420991432 0.0 7.2420991432 0.0
57849.113044 7.22557956153 0.0 7.22557956153 0.0
57849.1130903 7.21664742107 0.0 7.21664742107 0.0
57849.1131366 7.22523356024 0.0 7.22523356024 0.0
57849.113206 7.22225726487 0.0 7.22225726487 0.0
57849.1132523 7.21761733538 0.0 7.21761733538 0.0
57849.1132986 7.22059554331 0.0 7.22059554331 0.0
57849.1133449 7.22260340874 0.0 7.22260340874 0.0
57849.1134144 7.22412624474 0.0 7.22412624474 0.0
57849.1134606 7.22274186165 0.0 7.22274186165 0.0
57849.1135069 7.22059554331 0.0 7.22059554331 0.0
57849.1135532 7.22378017384 0.0 7.22378017384 0.0
57849.1136227 7.22011080247 0.0 7.22011080247 0.0
57849.113669 7.21657813649 0.0 7.21657813649 0.0
57849.1137269 7.21678598824 0.0 7.21678598824 0.0
57849.1137616 7.23795551244 0.0 7.23795551244 0.0
57849.113831 7.26009641809 0.0 7.26009641809 0.0
57849.1138773 7.24748232147 0.0 7.24748232147 0.0
57849.1139352 7.25527394383 0.0 7.25527394383 0.0
57849.1139815 7.23892257176 0.0 7.23892257176 0.0
57849.1140509 7.43518661501 0.0 7.43518661501 0.0
57849.1140972 7.21422206478 0.0 7.21422206478 0.0
57849.1141435 7.22177263558 0.0 7.22177263558 0.0
57849.1141898 7.22509515508 0.0 7.22509515508 0.0
57849.1142593 7.23298002209 0.0 7.23298002209 0.0
57849.1143056 7.21761733538 0.0 7.21761733538 0.0
57849.1143519 7.21027045263 0.0 7.21027045263 0.0
57849.1143981 7.21241984358 0.0 7.21241984358 0.0
57849.1144676 7.63046525449 0.0 7.63046525449 0.0
57849.1145139 7.22433387933 0.0 7.22433387933 0.0
57849.1145602 7.22627151441 0.0 7.22627151441 0.0
57849.1146065 7.233394777 0.0 7.233394777 0.0
57849.1146759 7.23187389271 0.0 7.23187389271 0.0
57849.1147222 7.21713239452 0.0 7.21713239452 0.0
57849.1147685 7.21872564931 0.0 7.21872564931 0.0
57849.1148148 7.23719558945 0.0 7.23719558945 0.0
57849.1148843 7.21436067854 0.0 7.21436067854 0.0
57849.1149421 7.21477650381 0.0 7.21477650381 0.0
57849.1149884 7.21720167378 0.0 7.21720167378 0.0
57849.1150231 7.21345964153 0.0 7.21345964153 0.0
57849.1150926 7.21803297305 0.0 7.21803297305 0.0
57849.1151505 7.43874989498 0.0 7.43874989498 0.0
57849.1151968 7.22516435799 0.0 7.22516435799 0.0
57849.1152431 7.23132076456 0.0 7.23132076456 0.0
57849.1153125 7.21921048315 0.0 7.21921048315 0.0
57849.1153588 7.21907196252 0.0 7.21907196252 0.0
57849.1154051 7.21643956533 0.0 7.21643956533 0.0
57849.1154514 7.22260340874 0.0 7.22260340874 0.0
57849.1155208 7.225441163 0.0 7.225441163 0.0
57849.1155671 7.22087252346 0.0 7.22087252346 0.0
57849.1156134 7.21429137199 0.0 7.21429137199 0.0
57849.1156597 7.2124891681 0.0 7.2124891681 0.0
57849.1157292 7.2292461571 0.0 7.2292461571 0.0
57849.1157755 7.21449928963 0.0 7.21449928963 0.0
57849.1158218 7.21110255093 0.0 7.21110255093 0.0
57849.1158796 7.21609312578 0.0 7.21609312578 0.0
57849.1159491 7.22848531852 0.0 7.22848531852 0.0
57849.1159838 7.22661746601 0.0 7.22661746601 0.0
57849.1160301 7.24568837309 0.0 7.24568837309 0.0
57849.116088 7.23069844483 0.0 7.23069844483 0.0
57849.1161574 7.21436067854 0.0 7.21436067854 0.0
57849.1162037 7.21907196252 0.0 7.21907196252 0.0
57849.1162384 7.21519230513 0.0 7.21519230513 0.0
57849.1162963 7.21740950757 0.0 7.21740950757 0.0
57849.1163657 7.22585635063 0.0 7.22585635063 0.0
57849.116412 7.22246495319 0.0 7.22246495319 0.0
57849.1164583 7.21817151362 0.0 7.21817151362 0.0
57849.1165046 7.22156492735 0.0 7.22156492735 0.0
57849.1165741 7.22301875949 0.0 7.22301875949 0.0
57849.1166204 7.23311827637 0.0 7.23311827637 0.0
57849.1166667 0.897775027499 0.0 0.897775027499 0.0
57849.125081 7.30492984224 0.0 7.30492984224 0.0
57849.1251157 7.24341079879 0.0 7.24341079879 0.0
57849.125162 7.23374038793 0.0 7.23374038793 0.0
57849.1252199 7.231804754 0.0 7.231804754 0.0
57849.1252894 7.24272048335 0.0 7.24272048335 0.0
57849.1253356 7.18665429807 0.0 7.18665429807 0.0
57849.1253704 7.19868043464 0.0 7.19868043464 0.0
57849.1254282 7.21442998441 0.0 7.21442998441 0.0
57849.1254977 7.20867532907 0.0 7.20867532907 0.0
57849.125544 7.20825915183 0.0 7.20825915183 0.0
57849.1255903 7.20291607615 0.0 7.20291607615 0.0
57849.1256366 7.21553878792 0.0 7.21553878792 0.0
57849.125706 7.19305220334 0.0 7.19305220334 0.0
57849.1257523 7.1787185486 0.0 7.1787185486 0.0
57849.1257986 7.18387082289 0.0 7.18387082289 0.0
57849.1258449 7.18087738372 0.0 7.18087738372 0.0
57849.1259144 7.19305220334 0.0 7.19305220334 0.0
57849.1259606 7.18992350446 0.0 7.18992350446 0.0
57849.1260069 7.1890889548 0.0 7.1890889548 0.0
57849.1260532 7.19402529882 0.0 7.19402529882 0.0
57849.1261227 7.19923607058 0.0 7.19923607058 0.0
57849.126169 7.20721860359 0.0 7.20721860359 0.0
57849.1262269 7.20131932357 0.0 7.20131932357 0.0
57849.1262616 7.20909148229 0.0 7.20909148229 0.0
57849.126331 7.20104159133 0.0 7.20104159133 0.0
57849.1263773 7.19374728497 0.0 7.19374728497 0.0
57849.1264352 7.20041665461 0.0 7.20041665461 0.0
57849.1264815 7.203610206 0.0 7.203610206 0.0
57849.1265509 7.19604057798 0.0 7.19604057798 0.0
57849.1265972 7.41694006987 0.0 7.41694006987 0.0
57849.1266435 7.17328376687 0.0 7.17328376687 0.0
57849.1266898 7.17523518778 0.0 7.17523518778 0.0
57849.1267593 7.19562366998 0.0 7.19562366998 0.0
57849.1268056 7.1822698362 0.0 7.1822698362 0.0
57849.1268519 7.17586231752 0.0 7.17586231752 0.0
57849.1268981 7.38288561472 0.0 7.38288561472 0.0
57849.1269676 7.55876974117 0.0 7.55876974117 0.0
57849.1270139 7.18853253453 0.0 7.18853253453 0.0
57849.1270602 7.36939617608 0.0 7.36939617608 0.0
57849.1271065 7.24037291857 0.0 7.24037291857 0.0
57849.1271759 7.28010988928 0.0 7.28010988928 0.0
57849.1272222 7.26856244384 0.0 7.26856244384 0.0
57849.1272685 7.54665488809 0.0 7.54665488809 0.0
57849.1273148 7.30711981563 0.0 7.30711981563 0.0
57849.1273843 7.23318740252 0.0 7.23318740252 0.0
57849.1274421 7.21283578075 0.0 7.21283578075 0.0
57849.1274884 7.2154001968 0.0 7.2154001968 0.0
57849.1275231 7.21408344837 0.0 7.21408344837 0.0
57849.1275926 7.19312171453 0.0 7.19312171453 0.0
57849.1276505 7.17314435934 0.0 7.17314435934 0.0
57849.1276968 7.18004178261 0.0 7.18004178261 0.0
57849.1277431 7.17432923694 0.0 7.17432923694 0.0
57849.1278125 7.16944907228 0.0 7.16944907228 0.0
57849.1278588 7.15912005766 0.0 7.15912005766 0.0
57849.1279051 7.16226221246 0.0 7.16226221246 0.0
57849.1279514 7.16819363578 0.0 7.16819363578 0.0
57849.1280208 7.16617052546 0.0 7.16617052546 0.0
57849.1280671 7.15925973827 0.0 7.15925973827 0.0
57849.1281134 7.15877084422 0.0 7.15877084422 0.0
57849.1281597 7.17168041675 0.0 7.17168041675 0.0
57849.1282292 7.16861213904 0.0 7.16861213904 0.0
57849.1282755 7.15960892787 0.0 7.15960892787 0.0
57849.1283218 7.15814221708 0.0 7.15814221708 0.0
57849.1283796 7.15925973827 0.0 7.15925973827 0.0
57849.1284491 7.15297141054 0.0 7.15297141054 0.0
57849.1284838 7.1583517656 0.0 7.1583517656 0.0
57849.1285301 7.15227236618 0.0 7.15227236618 0.0
57849.128588 7.14828650797 0.0 7.14828650797 0.0
57849.1286574 7.1495454401 0.0 7.1495454401 0.0
57849.1287037 7.15374028044 0.0 7.15374028044 0.0
57849.1287384 7.15297141054 0.0 7.15297141054 0.0
57849.1287963 7.16212259041 0.0 7.16212259041 0.0
57849.1288657 7.15898037433 0.0 7.15898037433 0.0
57849.128912 7.14499825052 0.0 7.14499825052 0.0
57849.1289583 7.14716727102 0.0 7.14716727102 0.0
57849.1290046 7.15241218052 0.0 7.15241218052 0.0
57849.1290741 7.14674751198 0.0 7.14674751198 0.0
57849.1291204 7.15520789356 0.0 7.15520789356 0.0
57849.1291667 0.684835746731 0.0 0.684835746731 0.0
57849.137581 7.2154001968 0.0 7.2154001968 0.0
57849.1376157 7.15800251467 0.0 7.15800251467 0.0
57849.137662 7.14464834684 0.0 7.14464834684 0.0
57849.1377199 7.13890747944 0.0 7.13890747944 0.0
57849.1377894 7.14387849841 0.0 7.14387849841 0.0
57849.1378356 7.14800671516 0.0 7.14800671516 0.0
57849.1378704 7.14359853295 0.0 7.14359853295 0.0
57849.1379282 7.14191850976 0.0 7.14191850976 0.0
57849.1379977 7.1423385526 0.0 7.1423385526 0.0
57849.138044 7.14506822921 0.0 7.14506822921 0.0
57849.1380903 7.15101391412 0.0 7.15101391412 0.0
57849.1381366 7.1583517656 0.0 7.1583517656 0.0
57849.138206 7.1475170514 0.0 7.1475170514 0.0
57849.1382523 7.14653762321 0.0 7.14653762321 0.0
57849.1382986 7.14583794946 0.0 7.14583794946 0.0
57849.1383449 7.14534813707 0.0 7.14534813707 0.0
57849.1384144 7.1506643048 0.0 7.1506643048 0.0
57849.1384606 7.15807236622 0.0 7.15807236622 0.0
57849.1385069 7.15898037433 0.0 7.15898037433 0.0
57849.1385532 7.15842161374 0.0 7.15842161374 0.0
57849.1386227 7.14800671516 0.0 7.14800671516 0.0
57849.138669 7.15045453101 0.0 7.15045453101 0.0
57849.1387269 7.15003496495 0.0 7.15003496495 0.0
57849.1387616 7.14800671516 0.0 7.14800671516 0.0
57849.138831 7.14499825052 0.0 7.14499825052 0.0
57849.1388773 7.14786681465 0.0 7.14786681465 0.0
57849.1389352 7.14730718523 0.0 7.14730718523 0.0
57849.1389815 7.14268856944 0.0 7.14268856944 0.0
57849.1390509 7.14254856476 0.0 7.14254856476 0.0
57849.1390972 7.14366852534 0.0 7.14366852534 0.0
57849.1391435 7.15360049206 0.0 7.15360049206 0.0
57849.1391898 7.16219240177 0.0 7.16219240177 0.0
57849.1392593 7.18881075005 0.0 7.18881075005 0.0
57849.1393056 7.1722381444 0.0 7.1722381444 0.0
57849.1393519 7.17969358678 0.0 7.17969358678 0.0
57849.1393981 7.18268751931 0.0 7.18268751931 0.0
57849.1394676 7.1966658947 0.0 7.1966658947 0.0
57849.1395139 7.16582165561 0.0 7.16582165561 0.0
57849.1395602 7.15772310166 0.0 7.15772310166 0.0
57849.1396065 7.1473771413 0.0 7.1473771413 0.0
57849.1396759 7.15653547466 0.0 7.15653547466 0.0
57849.1397222 7.15192281838 0.0 7.15192281838 0.0
57849.1397685 7.14660758682 0.0 7.14660758682 0.0
57849.1398148 7.1473771413 0.0 7.1473771413 0.0
57849.1398843 7.14695739458 0.0 7.14695739458 0.0
57849.1399421 7.15478860624 0.0 7.15478860624 0.0
57849.1399884 7.18045959532 0.0 7.18045959532 0.0
57849.1400231 7.16756583507 0.0 7.16756583507 0.0
57849.1400926 7.16805412926 0.0 7.16805412926 0.0
57849.1401505 7.14499825052 0.0 7.14499825052 0.0
57849.1401968 7.14107834994 0.0 7.14107834994 0.0
57849.1402431 7.13995798307 0.0 7.13995798307 0.0
57849.1403125 7.13995798307 0.0 7.13995798307 0.0
57849.1403588 7.14814661293 0.0 7.14814661293 0.0
57849.1404051 7.15115375307 0.0 7.15115375307 0.0
57849.1404514 7.14100833216 0.0 7.14100833216 0.0
57849.1405208 7.13365264083 0.0 7.13365264083 0.0
57849.1405671 7.1339329966 0.0 7.1339329966 0.0
57849.1406134 7.1344936751 0.0 7.1344936751 0.0
57849.1406597 7.13512438574 0.0 7.13512438574 0.0
57849.1407292 7.13225069666 0.0 7.13225069666 0.0
57849.1407755 7.13505430953 0.0 7.13505430953 0.0
57849.1408218 7.14450838057 0.0 7.14450838057 0.0
57849.1408796 7.14016806525 0.0 7.14016806525 0.0
57849.1409491 7.13974789471 0.0 7.13974789471 0.0
57849.1409838 7.137646671 0.0 7.137646671 0.0
57849.1410301 7.1370862402 0.0 7.1370862402 0.0
57849.141088 7.13631557598 0.0 7.13631557598 0.0
57849.1411574 7.13028751173 0.0 7.13028751173 0.0
57849.1412037 7.13049787883 0.0 7.13049787883 0.0
57849.1412384 7.13035763479 0.0 7.13035763479 0.0
57849.1412963 7.1272014143 0.0 7.1272014143 0.0
57849.1413657 7.12706110539 0.0 7.12706110539 0.0
57849.141412 7.12544735438 0.0 7.12544735438 0.0
57849.1414583 7.12607886569 0.0 7.12607886569 0.0
57849.1415046 7.12741187248 0.0 7.12741187248 0.0
57849.1415741 7.12839392851 0.0 7.12839392851 0.0
57849.1416204 7.13049787883 0.0 7.13049787883 0.0
57849.1416667 7.13063812011 0.0 7.13063812011 0.0
57849.1514699 7.12916544906 0.0 7.12916544906 0.0
57849.1515046 7.08907610341 0.0 7.08907610341 0.0
57849.1515509 7.08279605806 0.0 7.08279605806 0.0
57849.1516088 7.08928769341 0.0 7.08928769341 0.0
57849.1516782 7.08822968025 0.0 7.08822968025 0.0
57849.1517245 7.0880885999 0.0 7.0880885999 0.0
57849.1517593 7.09210829021 0.0 7.09210829021 0.0
57849.1518171 7.09401155905 0.0 7.09401155905 0.0
57849.1518866 7.09520965159 0.0 7.09520965159 0.0
57849.1519329 7.0862542997 0.0 7.0862542997 0.0
57849.1519792 7.0922492906 0.0 7.0922492906 0.0
57849.1520255 7.09372962552 0.0 7.09372962552 0.0
57849.1520949 7.08321960693 0.0 7.08321960693 0.0
57849.1521412 7.0862542997 0.0 7.0862542997 0.0
57849.1521875 7.09062761679 0.0 7.09062761679 0.0
57849.1522338 7.07566251315 0.0 7.07566251315 0.0
57849.1523032 7.08731260775 0.0 7.08731260775 0.0
57849.1523495 7.07502650172 0.0 7.07502650172 0.0
57849.1523958 7.07933612707 0.0 7.07933612707 0.0
57849.1524421 7.07884171316 0.0 7.07884171316 0.0
57849.1525116 7.07608648901 0.0 7.07608648901 0.0
57849.1525579 7.09239028819 0.0 7.09239028819 0.0
57849.1526157 7.09492776566 0.0 7.09492776566 0.0
57849.1526505 7.08477240284 0.0 7.08477240284 0.0
57849.1527199 7.07721696714 0.0 7.07721696714 0.0
57849.1527662 7.08378429937 0.0 7.08378429937 0.0
57849.1528241 7.07855917543 0.0 7.07855917543 0.0
57849.1528704 7.07912423962 0.0 7.07912423962 0.0
57849.1529398 7.08364313048 0.0 7.08364313048 0.0
57849.1529861 7.08611318002 0.0 7.08611318002 0.0
57849.1530324 7.09506871003 0.0 7.09506871003 0.0
57849.1530787 7.10218276307 0.0 7.10218276307 0.0
57849.1531481 7.08759479654 0.0 7.08759479654 0.0
57849.1531944 7.08484297638 0.0 7.08484297638 0.0
57849.1532407 7.0872420588 0.0 7.0872420588 0.0
57849.153287 7.08272546411 0.0 7.08272546411 0.0
57849.1533565 7.08201948599 0.0 7.08201948599 0.0
57849.1534028 7.08053670282 0.0 7.08053670282 0.0
57849.1534491 7.0852664029 0.0 7.0852664029 0.0
57849.1534954 7.07700501625 0.0 7.07700501625 0.0
57849.1535648 7.08145465282 0.0 7.08145465282 0.0
57849.1536111 7.07453178663 0.0 7.07453178663 0.0
57849.1536574 7.08152525943 0.0 7.08152525943 0.0
57849.1537037 7.09140324618 0.0 7.09140324618 0.0
57849.1537731 7.09098018612 0.0 7.09098018612 0.0
57849.153831 7.07990112925 0.0 7.07990112925 0.0
57849.1538773 7.08794751674 0.0 7.08794751674 0.0
57849.153912 7.08463125364 0.0 7.08463125364 0.0
57849.1539815 7.07707566725 0.0 7.07707566725 0.0
57849.1540394 7.07990112925 0.0 7.07990112925 0.0
57849.1540856 7.08406662871 0.0 7.08406662871 0.0
57849.1541319 7.08590149522 0.0 7.08590149522 0.0
57849.1542014 7.07905360906 0.0 7.07905360906 0.0
57849.1542477 7.07884171316 0.0 7.07884171316 0.0
57849.154294 7.08314901721 0.0 7.08314901721 0.0
57849.1543403 7.08357254498 0.0 7.08357254498 0.0
57849.1544097 7.08209008697 0.0 7.08209008697 0.0
57849.154456 7.0787004457 0.0 7.0787004457 0.0
57849.1545023 7.09182628101 0.0 7.09182628101 0.0
57849.1545486 7.08872343938 0.0 7.08872343938 0.0
57849.1546181 7.07495583025 0.0 7.07495583025 0.0
57849.1546644 7.07785278174 0.0 7.07785278174 0.0
57849.1547106 7.07997175136 0.0 7.07997175136 0.0
57849.1547685 7.07431975528 0.0 7.07431975528 0.0
57849.154838 7.08039546918 0.0 7.08039546918 0.0
57849.1548727 7.08336078426 0.0 7.08336078426 0.0
57849.154919 7.0880885999 0.0 7.0880885999 0.0
57849.1549769 7.08611318002 0.0 7.08611318002 0.0
57849.1550463 7.08427836833 0.0 7.08427836833 0.0
57849.1550926 7.08674819646 0.0 7.08674819646 0.0
57849.1551273 7.08201948599 0.0 7.08201948599 0.0
57849.1551852 7.07318881411 0.0 7.07318881411 0.0
57849.1552546 7.07686371213 0.0 7.07686371213 0.0
57849.1553009 7.07749955846 0.0 7.07749955846 0.0
57849.1553472 7.08046608635 0.0 7.08046608635 0.0
57849.1553935 7.0782059874 0.0 7.0782059874 0.0
57849.155463 7.09563245948 0.0 7.09563245948 0.0
57849.1555093 7.09394107672 0.0 7.09394107672 0.0
57849.1555556 0.397492138287 0.0 0.397492138287 0.0
57849.1639699 7.15269180099 0.0 7.15269180099 0.0
57849.1640046 7.11364885273 0.0 7.11364885273 0.0
57849.1640509 7.08604261912 0.0 7.08604261912 0.0
57849.1641088 7.09429348138 0.0 7.09429348138 0.0
57849.1641782 7.09189678436 0.0 7.09189678436 0.0
57849.1642245 7.08717150914 0.0 7.08717150914 0.0
57849.1642593 7.08646597395 0.0 7.08646597395 0.0
57849.1643171 7.08477240284 0.0 7.08477240284 0.0
57849.1643866 7.08286665129 0.0 7.08286665129 0.0
57849.1644329 7.09246078593 0.0 7.09246078593 0.0
57849.1644792 7.10267555221 0.0 7.10267555221 0.0
57849.1645255 7.12081456015 0.0 7.12081456015 0.0
57849.1645949 7.15730396169 0.0 7.15730396169 0.0
57849.1646412 7.12053368786 0.0 7.12053368786 0.0
57849.1646875 7.11898869222 0.0 7.11898869222 0.0
57849.1647338 7.10387218353 0.0 7.10387218353 0.0
57849.1648032 7.08710095878 0.0 7.08710095878 0.0
57849.1648495 7.08971085447 0.0 7.08971085447 0.0
57849.1648958 7.08928769341 0.0 7.08928769341 0.0
57849.1649421 7.10077460563 0.0 7.10077460563 0.0
57849.1650116 7.09203778896 0.0 7.09203778896 0.0
57849.1650579 7.08343137187 0.0 7.08343137187 0.0
57849.1651157 7.08576036851 0.0 7.08576036851 0.0
57849.1651505 7.08780643077 0.0 7.08780643077 0.0
57849.1652199 7.08081916165 0.0 7.08081916165 0.0
57849.1652662 7.08547810666 0.0 7.08547810666 0.0
57849.1653241 7.08865290447 0.0 7.08865290447 0.0
57849.1653704 7.08561923899 0.0 7.08561923899 0.0
57849.1654398 7.09767567588 0.0 7.09767567588 0.0
57849.1654861 7.08844129552 0.0 7.08844129552 0.0
57849.1655324 7.0803248513 0.0 7.0803248513 0.0
57849.1655787 7.08117221934 0.0 7.08117221934 0.0
57849.1656481 7.08307842679 0.0 7.08307842679 0.0
57849.1656944 7.07537984846 0.0 7.07537984846 0.0
57849.1657407 7.07566251315 0.0 7.07566251315 0.0
57849.165787 7.08053670282 0.0 7.08053670282 0.0
57849.1658565 7.07559184804 0.0 7.07559184804 0.0
57849.1659028 7.07537984846 0.0 7.07537984846 0.0
57849.1659491 7.07446111022 0.0 7.07446111022 0.0
57849.1659954 7.07460246233 0.0 7.07460246233 0.0
57849.1660648 7.07799406612 0.0 7.07799406612 0.0
57849.1661111 7.08018361344 0.0 7.08018361344 0.0
57849.1661574 7.0843489468 0.0 7.0843489468 0.0
57849.1662037 7.09055710082 0.0 7.09055710082 0.0
57849.1662731 7.08343137187 0.0 7.08343137187 0.0
57849.166331 7.07983050645 0.0 7.07983050645 0.0
57849.1663773 7.07686371213 0.0 7.07686371213 0.0
57849.166412 7.0803248513 0.0 7.0803248513 0.0
57849.1664815 7.08152525943 0.0 7.08152525943 0.0
57849.1665394 7.08420778916 0.0 7.08420778916 0.0
57849.1665856 7.07785278174 0.0 7.07785278174 0.0
57849.1666319 7.0915442606 0.0 7.0915442606 0.0
57849.1667014 7.0875242504 0.0 7.0875242504 0.0
57849.1667477 7.09260177932 0.0 7.09260177932 0.0
57849.166794 7.08956980359 0.0 7.08956980359 0.0
57849.1668403 7.08131343749 0.0 7.08131343749 0.0
57849.1669097 7.07424907676 0.0 7.07424907676 0.0
57849.166956 7.09203778896 0.0 7.09203778896 0.0
57849.1670023 7.08872343938 0.0 7.08872343938 0.0
57849.1670486 7.08385488276 0.0 7.08385488276 0.0
57849.1671181 7.07545051569 0.0 7.07545051569 0.0
57849.1671644 7.07926549862 0.0 7.07926549862 0.0
57849.1672106 7.07742891169 0.0 7.07742891169 0.0
57849.1672685 7.0872420588 0.0 7.0872420588 0.0
57849.167338 7.07530918052 0.0 7.07530918052 0.0
57849.1673727 7.07891234583 0.0 7.07891234583 0.0
57849.167419 7.07537984846 0.0 7.07537984846 0.0
57849.1674769 7.07198699094 0.0 7.07198699094 0.0
57849.1675463 7.07615714919 0.0 7.07615714919 0.0
57849.1675926 7.07594516655 0.0 7.07594516655 0.0
57849.1676273 7.07806470725 0.0 7.07806470725 0.0
57849.1676852 7.07862981092 0.0 7.07862981092 0.0
57849.1677546 7.07325950323 0.0 7.07325950323 0.0
57849.1678009 7.07735826421 0.0 7.07735826421 0.0
57849.1678472 7.07417839752 0.0 7.07417839752 0.0
57849.1678935 7.08449010162 0.0 7.08449010162 0.0
57849.167963 7.08928769341 0.0 7.08928769341 0.0
57849.1680093 7.07862981092 0.0 7.07862981092 0.0
57849.1680556 0.93914855055 0.0 0.93914855055 0.0
57849.1764699 7.07862981092 0.0 7.07862981092 0.0
57849.1765046 7.0748144852 0.0 7.0748144852 0.0
57849.1765509 7.0548564833 0.0 7.0548564833 0.0
57849.1766088 7.04691421829 0.0 7.04691421829 0.0
57849.1766782 7.04606273035 0.0 7.04606273035 0.0
57849.1767245 7.04812031679 0.0 7.04812031679 0.0
57849.1767593 7.05365153662 0.0 7.05365153662 0.0
57849.1768171 7.05088646909 0.0 7.05088646909 0.0
57849.1768866 7.0468432649 0.0 7.0468432649 0.0
57849.1769329 7.05315532227 0.0 7.05315532227 0.0
57849.1769792 7.05173737458 0.0 7.05173737458 0.0
57849.1770255 7.05117011566 0.0 7.05117011566 0.0
57849.1770949 7.05280086207 0.0 7.05280086207 0.0
57849.1771412 7.04904248817 0.0 7.04904248817 0.0
57849.1771875 7.04833313628 0.0 7.04833313628 0.0
57849.1772338 7.05372242153 0.0 7.05372242153 0.0
57849.1773032 7.05669894497 0.0 7.05669894497 0.0
57849.1773495 7.04712707421 0.0 7.04712707421 0.0
57849.1773958 7.05017730274 0.0 7.05017730274 0.0
57849.1774421 7.05988668464 0.0 7.05988668464 0.0
57849.1775116 7.05705320938 0.0 7.05705320938 0.0
57849.1775579 7.04506919767 0.0 7.04506919767 0.0
57849.1776157 7.05187918218 0.0 7.05187918218 0.0
57849.1776505 7.04946806504 0.0 7.04946806504 0.0
57849.1777199 7.05081555566 0.0 7.05081555566 0.0
57849.1777662 7.04414650614 0.0 7.04414650614 0.0
57849.1778241 7.04549501455 0.0 7.04549501455 0.0
57849.1778704 7.0445014018 0.0 7.0445014018 0.0
57849.1779398 7.04279773954 0.0 7.04279773954 0.0
57849.1779861 7.04570791333 0.0 7.04570791333 0.0
57849.1780324 7.04819125734 0.0 7.04819125734 0.0
57849.1780787 7.05287175553 0.0 7.05287175553 0.0
57849.1781481 7.05584863783 0.0 7.05584863783 0.0
57849.1781944 7.05322621217 0.0 7.05322621217 0.0
57849.1782407 7.05676979928 0.0 7.05676979928 0.0
57849.178287 7.06767288434 0.0 7.06767288434 0.0
57849.1783565 7.05457298495 0.0 7.05457298495 0.0
57849.1784028 7.04918434998 0.0 7.04918434998 0.0
57849.1784491 7.053935072 0.0 7.053935072 0.0
57849.1784954 7.05535257801 0.0 7.05535257801 0.0
57849.1785648 7.04783654748 0.0 7.04783654748 0.0
57849.1786111 7.05244638406 0.0 7.05244638406 0.0
57849.1786574 7.0509573818 0.0 7.0509573818 0.0
57849.1787037 7.0489006235 0.0 7.0489006235 0.0
57849.1787731 7.04663040041 0.0 7.04663040041 0.0
57849.178831 7.0486168856 0.0 7.0486168856 0.0
57849.1788773 7.04932620894 0.0 7.04932620894 0.0
57849.178912 7.05131193467 0.0 7.05131193467 0.0
57849.1789815 7.06179863774 0.0 7.06179863774 0.0
57849.1790394 7.04911341943 0.0 7.04911341943 0.0
57849.1790856 7.04322369374 0.0 7.04322369374 0.0
57849.1791319 7.04606273035 0.0 7.04606273035 0.0
57849.1792014 7.04336567274 0.0 7.04336567274 0.0
57849.1792477 7.04521113949 0.0 7.04521113949 0.0
57849.179294 7.0413777061 0.0 7.0413777061 0.0
57849.1793403 7.04244275802 0.0 7.04244275802 0.0
57849.1794097 7.04088062674 0.0 7.04088062674 0.0
57849.179456 7.04847501237 0.0 7.04847501237 0.0
57849.1795023 7.04783654748 0.0 7.04783654748 0.0
57849.1795486 7.04840407468 0.0 7.04840407468 0.0
57849.1796181 7.0444304241 0.0 7.0444304241 0.0
57849.1796644 7.05046097784 0.0 7.05046097784 0.0
57849.1797106 7.05074464153 0.0 7.05074464153 0.0
57849.1797685 7.0509573818 0.0 7.0509573818 0.0
57849.179838 7.04975176868 0.0 7.04975176868 0.0
57849.1798727 7.04812031679 0.0 7.04812031679 0.0
57849.179919 7.04464335506 0.0 7.04464335506 0.0
57849.1799769 7.0445014018 0.0 7.0445014018 0.0
57849.1800463 7.04151972233 0.0 7.04151972233 0.0
57849.1800926 7.04350764889 0.0 7.04350764889 0.0
57849.1801273 7.04336567274 0.0 7.04336567274 0.0
57849.1801852 7.03818158334 0.0 7.03818158334 0.0
57849.1802546 7.04613369161 0.0 7.04613369161 0.0
57849.1803009 7.04854594934 0.0 7.04854594934 0.0
57849.1803472 7.04819125734 0.0 7.04819125734 0.0
57849.1803935 7.04315270316 0.0 7.04315270316 0.0
57849.180463 7.03981533849 0.0 7.03981533849 0.0
57849.1805093 7.05655723423 0.0 7.05655723423 0.0
57849.1805556 0.712039324757 0.0 0.712039324757 0.0
57849.1889699 7.11392999684 0.0 7.11392999684 0.0
57849.1890046 7.0743904331 0.0 7.0743904331 0.0
57849.1890509 7.06243584042 0.0 7.06243584042 0.0
57849.1891088 7.06094894472 0.0 7.06094894472 0.0
57849.1891782 7.04549501455 0.0 7.04549501455 0.0
57849.1892245 7.05861176153 0.0 7.05861176153 0.0
57849.1892593 7.05797421361 0.0 7.05797421361 0.0
57849.1893171 7.05535257801 0.0 7.05535257801 0.0
57849.1893866 7.0659748089 0.0 7.0659748089 0.0
57849.1894329 7.05336798983 0.0 7.05336798983 0.0
57849.1894792 7.0625774332 0.0 7.0625774332 0.0
57849.1895255 7.0603824259 0.0 7.0603824259 0.0
57849.1895949 7.04868782115 0.0 7.04868782115 0.0
57849.1896412 7.044927253 0.0 7.044927253 0.0
57849.1896875 7.04663040041 0.0 7.04663040041 0.0
57849.1897338 7.04783654748 0.0 7.04783654748 0.0
57849.1898032 7.04620465215 0.0 7.04620465215 0.0
57849.1898495 7.04393356016 0.0 7.04393356016 0.0
57849.1898958 7.04599176837 0.0 7.04599176837 0.0
57849.1899421 7.04953899202 0.0 7.04953899202 0.0
57849.1900116 7.05513997026 0.0 7.05513997026 0.0
57849.1900579 7.04528210933 0.0 7.04528210933 0.0
57849.1901157 7.05676979928 0.0 7.05676979928 0.0
57849.1901505 7.05953256243 0.0 7.05953256243 0.0
57849.1902199 7.05315532227 0.0 7.05315532227 0.0
57849.1902662 7.05202098692 0.0 7.05202098692 0.0
57849.1903241 7.057407456 0.0 7.057407456 0.0
57849.1903704 7.06887544097 0.0 7.06887544097 0.0
57849.1904398 7.07460246233 0.0 7.07460246233 0.0
57849.1904861 7.05436035371 0.0 7.05436035371 0.0
57849.1905324 7.07099710083 0.0 7.07099710083 0.0
57849.1905787 7.07658109542 0.0 7.07658109542 0.0
57849.1906481 7.06420554627 0.0 7.06420554627 0.0
57849.1906944 7.07043138712 0.0 7.07043138712 0.0
57849.1907407 7.08131343749 0.0 7.08131343749 0.0
57849.190787 7.09246078593 0.0 7.09246078593 0.0
57849.1908565 7.0726232757 0.0 7.0726232757 0.0
57849.1909028 7.0513828431 0.0 7.0513828431 0.0
57849.1909491 7.04627561198 0.0 7.04627561198 0.0
57849.1909954 7.05074464153 0.0 7.05074464153 0.0
57849.1910648 7.05620294493 0.0 7.05620294493 0.0
57849.1911111 7.06130299591 0.0 7.06130299591 0.0
57849.1911574 7.06420554627 0.0 7.06420554627 0.0
57849.1912037 7.05981586162 0.0 7.05981586162 0.0
57849.1912731 7.05060281111 0.0 7.05060281111 0.0
57849.191331 7.05308443165 0.0 7.05308443165 0.0
57849.1913773 7.05478560978 0.0 7.05478560978 0.0
57849.191412 7.0525881774 0.0 7.0525881774 0.0
57849.1914815 7.04748181977 0.0 7.04748181977 0.0
57849.1915394 7.04918434998 0.0 7.04918434998 0.0
57849.1915856 7.05584863783 0.0 7.05584863783 0.0
57849.1916319 7.04804937554 0.0 7.04804937554 0.0
57849.1917014 7.04868782115 0.0 7.04868782115 0.0
57849.1917477 7.05187918218 0.0 7.05187918218 0.0
57849.191794 7.05684065287 0.0 7.05684065287 0.0
57849.1918403 7.05825757535 0.0 7.05825757535 0.0
57849.1919097 7.06441788118 0.0 7.06441788118 0.0
57849.191956 7.06654087938 0.0 7.06654087938 0.0
57849.1920023 7.05974503789 0.0 7.05974503789 0.0
57849.1920486 7.06604557019 0.0 7.06604557019 0.0
57849.1921181 7.06760213934 0.0 7.06760213934 0.0
57849.1921644 7.05464386061 0.0 7.05464386061 0.0
57849.1922106 7.06307298561 0.0 7.06307298561 0.0
57849.1922685 7.08392546545 0.0 7.08392546545 0.0
57849.192338 7.28580812265 0.0 7.28580812265 0.0
57849.1923727 7.0803248513 0.0 7.0803248513 0.0
57849.192419 7.07460246233 0.0 7.07460246233 0.0
57849.1924769 7.06278981706 0.0 7.06278981706 0.0
57849.1925463 7.06675314412 0.0 7.06675314412 0.0
57849.1925926 7.05074464153 0.0 7.05074464153 0.0
57849.1926273 7.05478560978 0.0 7.05478560978 0.0
57849.1926852 7.0579033714 0.0 7.0579033714 0.0
57849.1927546 7.05450210858 0.0 7.05450210858 0.0
57849.1928009 7.27213861254 0.0 7.27213861254 0.0
57849.1928472 7.07156276929 0.0 7.07156276929 0.0
57849.1928935 7.08378429937 0.0 7.08378429937 0.0
57849.192963 7.07997175136 0.0 7.07997175136 0.0
57849.1930093 7.24182297491 0.0 7.24182297491 0.0
57849.1930556 2.08997607642 0.0 2.08997607642 0.0
57849.2027894 7.16002793291 0.0 7.16002793291 0.0
57849.2028588 7.1080236353 0.0 7.1080236353 0.0
57849.2029051 7.07848853923 0.0 7.07848853923 0.0
57849.2029398 7.07615714919 0.0 7.07615714919 0.0
57849.2029977 7.08830021938 0.0 7.08830021938 0.0
57849.2030671 7.07523851188 0.0 7.07523851188 0.0
57849.2031134 7.06314377597 0.0 7.06314377597 0.0
57849.2031597 7.06286061026 0.0 7.06286061026 0.0
57849.203206 7.05960338829 0.0 7.05960338829 0.0
57849.2032755 7.06314377597 0.0 7.06314377597 0.0
57849.2033218 7.05726575949 0.0 7.05726575949 0.0
57849.2033681 7.0633561428 0.0 7.0633561428 0.0
57849.2034144 7.06555022627 0.0 7.06555022627 0.0
57849.2034838 7.06286061026 0.0 7.06286061026 0.0
57849.2035301 7.06172783389 0.0 7.06172783389 0.0
57849.2035764 7.06222344591 0.0 7.06222344591 0.0
57849.2036227 7.06158622407 0.0 7.06158622407 0.0
57849.2036921 7.06618709065 0.0 7.06618709065 0.0
57849.2037384 7.07007779307 0.0 7.07007779307 0.0
57849.2037963 7.06717765448 0.0 7.06717765448 0.0
57849.203831 7.06179863774 0.0 7.06179863774 0.0
57849.2039005 7.05584863783 0.0 7.05584863783 0.0
57849.2039468 7.05159556413 0.0 7.05159556413 0.0
57849.2040046 7.05754914967 0.0 7.05754914967 0.0
57849.2040509 7.0673899001 0.0 7.0673899001 0.0
57849.2041204 7.07403703694 0.0 7.07403703694 0.0
57849.2041551 7.0579033714 0.0 7.0579033714 0.0
57849.204213 7.05308443165 0.0 7.05308443165 0.0
57849.2042593 7.06307298561 0.0 7.06307298561 0.0
57849.2043287 7.0659748089 0.0 7.0659748089 0.0
57849.204375 7.06753139363 0.0 7.06753139363 0.0
57849.2044213 7.07043138712 0.0 7.07043138712 0.0
57849.2044676 7.07643978283 0.0 7.07643978283 0.0
57849.204537 7.06286061026 0.0 7.06286061026 0.0
57849.2045833 7.07304743374 0.0 7.07304743374 0.0
57849.2046296 7.0673899001 0.0 7.0673899001 0.0
57849.2046759 7.06130299591 0.0 7.06130299591 0.0
57849.2047454 7.06094894472 0.0 7.06094894472 0.0
57849.2047917 7.05995750695 0.0 7.05995750695 0.0
57849.204838 7.25982093443 0.0 7.25982093443 0.0
57849.2048843 7.27990384552 0.0 7.27990384552 0.0
57849.2049537 7.08011299345 0.0 7.08011299345 0.0
57849.2050116 7.06908763561 0.0 7.06908763561 0.0
57849.2050463 7.08004237275 0.0 7.08004237275 0.0
57849.2050926 7.08258427412 0.0 7.08258427412 0.0
57849.205162 7.34908157527 0.0 7.34908157527 0.0
57849.2052199 7.08230188569 0.0 7.08230188569 0.0
57849.2052662 7.28711191076 0.0 7.28711191076 0.0
57849.2053009 7.08336078426 0.0 7.08336078426 0.0
57849.2053819 7.09950702514 0.0 7.09950702514 0.0
57849.2054282 7.11385971186 0.0 7.11385971186 0.0
57849.2054745 7.16923984813 0.0 7.16923984813 0.0
57849.2055208 7.19694379581 0.0 7.19694379581 0.0
57849.2055903 7.0903455487 0.0 7.0903455487 0.0
57849.2056366 7.29595778497 0.0 7.29595778497 0.0
57849.2056829 7.07742891169 0.0 7.07742891169 0.0
57849.2057292 7.0719162891 0.0 7.0719162891 0.0
57849.2057986 7.0659748089 0.0 7.0659748089 0.0
57849.2058449 7.06484253186 0.0 7.06484253186 0.0
57849.2058912 7.06080731928 0.0 7.06080731928 0.0
57849.2059375 7.06448865807 0.0 7.06448865807 0.0
57849.2060185 7.07255258022 0.0 7.07255258022 0.0
57849.2060532 7.06618709065 0.0 7.06618709065 0.0
57849.2060995 7.06385164057 0.0 7.06385164057 0.0
57849.2061574 7.26642965974 0.0 7.26642965974 0.0
57849.2062269 7.0875242504 0.0 7.0875242504 0.0
57849.2062731 7.07608648901 0.0 7.07608648901 0.0
57849.2063079 7.07757020453 0.0 7.07757020453 0.0
57849.2063657 7.08025423272 0.0 7.08025423272 0.0
57849.2064352 7.0868893035 0.0 7.0868893035 0.0
57849.2064815 7.07099710083 0.0 7.07099710083 0.0
57849.2065278 7.06392242313 0.0 7.06392242313 0.0
57849.2065741 7.06781437221 0.0 7.06781437221 0.0
57849.2066435 7.07573317756 0.0 7.07573317756 0.0
57849.2066898 7.07113852219 0.0 7.07113852219 0.0
57849.2067361 7.08321960693 0.0 7.08321960693 0.0
57849.2067824 7.0883707578 0.0 7.0883707578 0.0
57849.2068519 7.09069813206 0.0 7.09069813206 0.0
57849.2068981 7.06838029537 0.0 7.06838029537 0.0
57849.2069444 7.06555022627 0.0 7.06555022627 0.0
57849.2139005 7.23961324934 0.0 7.23961324934 0.0
57849.2139699 7.16763559342 0.0 7.16763559342 0.0
57849.2140162 7.11231326644 0.0 7.11231326644 0.0
57849.2140509 7.08879397359 0.0 7.08879397359 0.0
57849.2141088 7.09429348138 0.0 7.09429348138 0.0
57849.2141782 7.08286665129 0.0 7.08286665129 0.0
57849.2142245 7.07912423962 0.0 7.07912423962 0.0
57849.2142708 7.07813534767 0.0 7.07813534767 0.0
57849.2143171 7.07905360906 0.0 7.07905360906 0.0
57849.2143866 7.0843489468 0.0 7.0843489468 0.0
57849.2144329 7.07566251315 0.0 7.07566251315 0.0
57849.2144792 7.07686371213 0.0 7.07686371213 0.0
57849.2145255 7.07467313733 0.0 7.07467313733 0.0
57849.2145949 7.0796186338 0.0 7.0796186338 0.0
57849.2146412 7.08166647054 0.0 7.08166647054 0.0
57849.2146875 7.08138404551 0.0 7.08138404551 0.0
57849.2147338 7.07771149454 0.0 7.07771149454 0.0
57849.2148032 7.07700501625 0.0 7.07700501625 0.0
57849.2148495 7.08992242553 0.0 7.08992242553 0.0
57849.2149074 7.10408333284 0.0 7.10408333284 0.0
57849.2149421 7.09929573972 0.0 7.09929573972 0.0
57849.2150116 7.09718253957 0.0 7.09718253957 0.0
57849.2150579 7.08491354923 0.0 7.08491354923 0.0
57849.2151157 7.08872343938 0.0 7.08872343938 0.0
57849.215162 7.09380010996 0.0 7.09380010996 0.0
57849.2152315 7.09316572484 0.0 7.09316572484 0.0
57849.2152662 7.08978137886 0.0 7.08978137886 0.0
57849.2153241 7.25920105797 0.0 7.25920105797 0.0
57849.2153704 7.0947868185 0.0 7.0947868185 0.0
57849.2154398 7.09083916049 0.0 7.09083916049 0.0
57849.2154861 7.0888645071 0.0 7.0888645071 0.0
57849.2155324 7.08956980359 0.0 7.08956980359 0.0
57849.2155787 7.25417121386 0.0 7.25417121386 0.0
57849.2156481 7.28072798558 0.0 7.28072798558 0.0
57849.2156944 7.27289488443 0.0 7.27289488443 0.0
57849.2157407 7.29163904757 0.0 7.29163904757 0.0
57849.215787 7.09781656568 0.0 7.09781656568 0.0
57849.2158565 7.30130125389 0.0 7.30130125389 0.0
57849.2159028 7.30041094734 0.0 7.30041094734 0.0
57849.2159491 7.08822968025 0.0 7.08822968025 0.0
57849.2159954 7.1 0.0 7.1 0.0
57849.2160648 7.10767191139 0.0 7.10767191139 0.0
57849.2161227 7.11456253047 0.0 7.11456253047 0.0
57849.2161574 7.10844568102 0.0 7.10844568102 0.0
57849.2162037 7.11477336252 0.0 7.11477336252 0.0
57849.2162731 7.10225316361 0.0 7.10225316361 0.0
57849.216331 7.09006346939 0.0 7.09006346939 0.0
57849.2163773 7.09105069789 0.0 7.09105069789 0.0
57849.216412 7.0922492906 0.0 7.0922492906 0.0
57849.2164931 7.27804918917 0.0 7.27804918917 0.0
57849.2165394 7.09027502993 0.0 7.09027502993 0.0
57849.2165856 7.09690073201 0.0 7.09690073201 0.0
57849.2166319 7.09337719285 0.0 7.09337719285 0.0
57849.2167014 7.0888645071 0.0 7.0888645071 0.0
57849.2167477 7.09394107672 0.0 7.09394107672 0.0
57849.216794 7.09704163719 0.0 7.09704163719 0.0
57849.2168403 7.09852097271 0.0 7.09852097271 0.0
57849.2169097 7.09795745268 0.0 7.09795745268 0.0
57849.216956 7.09316572484 0.0 7.09316572484 0.0
57849.2170023 7.09697118495 0.0 7.09697118495 0.0
57849.2170486 7.09690073201 0.0 7.09690073201 0.0
57849.2171296 7.09464586854 0.0 7.09464586854 0.0
57849.2171644 7.09076864663 0.0 7.09076864663 0.0
57849.2172106 7.09746433594 0.0 7.09746433594 0.0
57849.2172685 7.09485729243 0.0 7.09485729243 0.0
57849.217338 7.10147871925 0.0 7.10147871925 0.0
57849.2173843 7.10513898527 0.0 7.10513898527 0.0
57849.217419 7.10098584705 0.0 7.10098584705 0.0
57849.2174769 7.09577338984 0.0 7.09577338984 0.0
57849.2175463 7.08780643077 0.0 7.08780643077 0.0
57849.2175926 7.08674819646 0.0 7.08674819646 0.0
57849.2176389 7.08978137886 0.0 7.08978137886 0.0
57849.2176852 7.08456067798 0.0 7.08456067798 0.0
57849.2177546 7.08681875033 0.0 7.08681875033 0.0
57849.2178009 7.09020451045 0.0 7.09020451045 0.0
57849.2178472 7.08371371528 0.0 7.08371371528 0.0
57849.2178935 7.08731260775 0.0 7.08731260775 0.0
57849.217963 7.09182628101 0.0 7.09182628101 0.0
57849.2180093 7.09196728701 0.0 7.09196728701 0.0
57849.2180556 1.16404467268 0.0 1.16404467268 0.0
57849.2250116 7.20763484092 0.0 7.20763484092 0.0
57849.225081 7.15457895337 0.0 7.15457895337 0.0
57849.2251273 7.14716727102 0.0 7.14716727102 0.0
57849.225162 7.13540468369 0.0 7.13540468369 0.0
57849.2252199 7.13316199171 0.0 7.13316199171 0.0
57849.2252894 7.11118836764 0.0 7.11118836764 0.0
57849.2253356 7.10999296765 0.0 7.10999296765 0.0
57849.2253819 7.11533555077 0.0 7.11533555077 0.0
57849.2254282 7.11385971186 0.0 7.11385971186 0.0
57849.2254977 7.11322711573 0.0 7.11322711573 0.0
57849.225544 7.11758385971 0.0 7.11758385971 0.0
57849.2255903 7.13126917175 0.0 7.13126917175 0.0
57849.2256366 7.11933985704 0.0 7.11933985704 0.0
57849.225706 7.10879736664 0.0 7.10879736664 0.0
57849.2257523 7.12572803298 0.0 7.12572803298 0.0
57849.2257986 7.12748202383 0.0 7.12748202383 0.0
57849.2258449 7.10928969729 0.0 7.10928969729 0.0
57849.2259144 7.12039324757 0.0 7.12039324757 0.0
57849.2259606 7.11343798736 0.0 7.11343798736 0.0
57849.2260185 7.11891845718 0.0 7.11891845718 0.0
57849.2260532 7.30609334734 0.0 7.30609334734 0.0
57849.2261227 7.11983145868 0.0 7.11983145868 0.0
57849.226169 7.11793509383 0.0 7.11793509383 0.0
57849.2262269 7.30328693124 0.0 7.30328693124 0.0
57849.2262731 7.11891845718 0.0 7.11891845718 0.0
57849.2263426 7.11737311092 0.0 7.11737311092 0.0
57849.2263773 7.11877798502 0.0 7.11877798502 0.0
57849.2264352 7.30691453351 0.0 7.30691453351 0.0
57849.2264815 7.12278035601 0.0 7.12278035601 0.0
57849.2265509 7.13288160563 0.0 7.13288160563 0.0
57849.2265972 7.11919939319 0.0 7.11919939319 0.0
57849.2266435 7.11969100453 0.0 7.11969100453 0.0
57849.2266898 7.11484363848 0.0 7.11484363848 0.0
57849.2267593 7.12397361028 0.0 7.12397361028 0.0
57849.2268056 7.11912916023 0.0 7.11912916023 0.0
57849.2268519 7.31518967628 0.0 7.31518967628 0.0
57849.2268981 7.12586836814 0.0 7.12586836814 0.0
57849.2269676 7.12397361028 0.0 7.12397361028 0.0
57849.2270139 7.27791178842 0.0 7.27791178842 0.0
57849.2270602 7.12207834835 0.0 7.12207834835 0.0
57849.2271065 7.13007713843 0.0 7.13007713843 0.0
57849.2271759 7.12004213471 0.0 7.12004213471 0.0
57849.2272338 7.13161973187 0.0 7.13161973187 0.0
57849.2272685 7.12411398 0.0 7.12411398 0.0
57849.2273148 7.12979663104 0.0 7.12979663104 0.0
57849.2273843 7.12572803298 0.0 7.12572803298 0.0
57849.2274421 7.11884822145 0.0 7.11884822145 0.0
57849.2274884 7.1202528045 0.0 7.1202528045 0.0
57849.2275231 7.276812489 0.0 7.276812489 0.0
57849.2276042 7.1272014143 0.0 7.1272014143 0.0
57849.2276505 7.12341210376 0.0 7.12341210376 0.0
57849.2276968 7.12242936083 0.0 7.12242936083 0.0
57849.2277431 7.12544735438 0.0 7.12544735438 0.0
57849.2278125 7.12334191233 0.0 7.12334191233 0.0
57849.2278588 7.11800533858 0.0 7.11800533858 0.0
57849.2279051 7.12088477649 0.0 7.12088477649 0.0
57849.2279514 7.11688133946 0.0 7.11688133946 0.0
57849.2280208 7.1231313339 0.0 7.1231313339 0.0
57849.2280671 7.12278035601 0.0 7.12278035601 0.0
57849.2281134 7.12306113971 0.0 7.12306113971 0.0
57849.2281597 7.12446489219 0.0 7.12446489219 0.0
57849.2282407 7.12151669239 0.0 7.12151669239 0.0
57849.2282755 7.12544735438 0.0 7.12544735438 0.0
57849.2283218 7.12621919393 0.0 7.12621919393 0.0
57849.2283796 7.12944598128 0.0 7.12944598128 0.0
57849.2284491 7.12776262231 0.0 7.12776262231 0.0
57849.2284954 7.12144648228 0.0 7.12144648228 0.0
57849.2285301 7.11983145868 0.0 7.11983145868 0.0
57849.228588 7.12214855223 0.0 7.12214855223 0.0
57849.2286574 7.12432452939 0.0 7.12432452939 0.0
57849.2287037 7.124885964 0.0 7.124885964 0.0
57849.22875 7.32051910728 0.0 7.32051910728 0.0
57849.2287963 7.28381768031 0.0 7.28381768031 0.0
57849.2288657 7.13204038127 0.0 7.13204038127 0.0
57849.228912 7.13274140846 0.0 7.13274140846 0.0
57849.2289583 7.1272014143 0.0 7.1272014143 0.0
57849.2290046 7.49466476902 0.0 7.49466476902 0.0
57849.2290741 7.13995798307 0.0 7.13995798307 0.0
57849.2291204 7.13463383784 0.0 7.13463383784 0.0
57849.2291667 7.1234822945 0.0 7.1234822945 0.0
57849.2361227 7.24975861667 0.0 7.24975861667 0.0
57849.2361921 7.19270463734 0.0 7.19270463734 0.0
57849.2362384 7.15702452141 0.0 7.15702452141 0.0
57849.2362731 7.13897751782 0.0 7.13897751782 0.0
57849.236331 7.14065823296 0.0 7.14065823296 0.0
57849.2364005 7.14219854107 0.0 7.14219854107 0.0
57849.2364468 7.13610538039 0.0 7.13610538039 0.0
57849.2364931 7.13897751782 0.0 7.13897751782 0.0
57849.2365394 7.14051818848 0.0 7.14051818848 0.0
57849.2366088 7.1407982747 0.0 7.1407982747 0.0
57849.2366551 7.14604785878 0.0 7.14604785878 0.0
57849.2367014 7.14723722847 0.0 7.14723722847 0.0
57849.2367477 7.14282857137 0.0 7.14282857137 0.0
57849.2368171 7.31464284842 0.0 7.31464284842 0.0
57849.2368634 7.14163846747 0.0 7.14163846747 0.0
57849.2369097 7.14191850976 0.0 7.14191850976 0.0
57849.236956 7.14261856744 0.0 7.14261856744 0.0
57849.2370255 7.31867474342 0.0 7.31867474342 0.0
57849.2370718 7.1442284398 0.0 7.1442284398 0.0
57849.2371296 7.33096173773 0.0 7.33096173773 0.0
57849.2371644 7.32529862872 0.0 7.32529862872 0.0
57849.2372338 7.15150333846 0.0 7.15150333846 0.0
57849.2372801 7.14457836405 0.0 7.14457836405 0.0
57849.237338 7.15227236618 0.0 7.15227236618 0.0
57849.2373843 7.34588320081 0.0 7.34588320081 0.0
57849.2374537 7.14884606073 0.0 7.14884606073 0.0
57849.2374884 7.31949451807 0.0 7.31949451807 0.0
57849.2375463 7.32598116296 0.0 7.32598116296 0.0
57849.2375926 7.14758700542 0.0 7.14758700542 0.0
57849.237662 7.32871066423 0.0 7.32871066423 0.0
57849.2377083 7.31006155925 0.0 7.31006155925 0.0
57849.2377546 7.14205852678 0.0 7.14205852678 0.0
57849.2378009 7.14478831037 0.0 7.14478831037 0.0
57849.2378704 7.14170847907 0.0 7.14170847907 0.0
57849.2379167 7.14562803398 0.0 7.14562803398 0.0
57849.237963 7.15248208666 0.0 7.15248208666 0.0
57849.2380093 7.15590665115 0.0 7.15590665115 0.0
57849.2380787 7.16477494413 0.0 7.16477494413 0.0
57849.238125 7.13876740061 0.0 7.13876740061 0.0
57849.2381713 7.13960783237 0.0 7.13960783237 0.0
57849.2382176 7.14142842854 0.0 7.14142842854 0.0
57849.238287 7.14884606073 0.0 7.14884606073 0.0
57849.2383449 7.14352853987 0.0 7.14352853987 0.0
57849.2383796 7.13911759253 0.0 7.13911759253 0.0
57849.2384259 7.14562803398 0.0 7.14562803398 0.0
57849.2384954 7.14464834684 0.0 7.14464834684 0.0
57849.2385532 7.13771672175 0.0 7.13771672175 0.0
57849.2385995 7.1398879543 0.0 7.1398879543 0.0
57849.2386343 7.14198851861 0.0 7.14198851861 0.0
57849.2387153 7.30130125389 0.0 7.30130125389 0.0
57849.2387616 7.137646671 0.0 7.137646671 0.0
57849.2388079 7.14352853987 0.0 7.14352853987 0.0
57849.2388542 7.14611782718 0.0 7.14611782718 0.0
57849.2389236 7.1506643048 0.0 7.1506643048 0.0
57849.2389699 7.28965019737 0.0 7.28965019737 0.0
57849.2390162 7.1423385526 0.0 7.1423385526 0.0
57849.2390625 7.1461877949 0.0 7.1461877949 0.0
57849.2391319 7.14905588172 0.0 7.14905588172 0.0
57849.2391782 7.30178060476 0.0 7.30178060476 0.0
57849.2392245 7.14660758682 0.0 7.14660758682 0.0
57849.2392708 7.15248208666 0.0 7.15248208666 0.0
57849.2393519 7.14394848806 0.0 7.14394848806 0.0
57849.2393866 7.29006172813 0.0 7.29006172813 0.0
57849.2394329 7.14415845289 0.0 7.14415845289 0.0
57849.2394907 7.14905588172 0.0 7.14905588172 0.0
57849.2395602 7.31594149785 0.0 7.31594149785 0.0
57849.2396065 7.44566988256 0.0 7.44566988256 0.0
57849.2396412 7.30657238382 0.0 7.30657238382 0.0
57849.2396991 7.14961537427 0.0 7.14961537427 0.0
57849.2397685 7.14856628982 0.0 7.14856628982 0.0
57849.2398148 7.15164316783 0.0 7.15164316783 0.0
57849.2398611 7.27674377727 0.0 7.27674377727 0.0
57849.2399074 7.26925030522 0.0 7.26925030522 0.0
57849.2399769 7.17621069925 0.0 7.17621069925 0.0
57849.2400231 7.15492837141 0.0 7.15492837141 0.0
57849.2400694 7.31539472619 0.0 7.31539472619 0.0
57849.2401157 7.30739351616 0.0 7.30739351616 0.0
57849.2401852 7.16289047801 0.0 7.16289047801 0.0
57849.2402315 7.30109580816 0.0 7.30109580816 0.0
57849.2402778 1.67988094816 0.0 1.67988094816 0.0
57849.2500116 7.32604941288 0.0 7.32604941288 0.0
57849.250081 7.25410228767 0.0 7.25410228767 0.0
57849.2501273 7.22634070606 0.0 7.22634070606 0.0
57849.250162 7.21096387455 0.0 7.21096387455 0.0
57849.2502199 7.22329564673 0.0 7.22329564673 0.0
57849.2502894 7.22274186165 0.0 7.22274186165 0.0
57849.2503356 7.1891585043 0.0 7.1891585043 0.0
57849.2503819 7.20770421147 0.0 7.20770421147 0.0
57849.2504282 7.21851785341 0.0 7.21851785341 0.0
57849.2504977 7.20943825828 0.0 7.20943825828 0.0
57849.250544 7.1940948006 0.0 7.1940948006 0.0
57849.2505903 7.19291317896 0.0 7.19291317896 0.0
57849.2506366 7.20409605711 0.0 7.20409605711 0.0
57849.250706 7.2051370563 0.0 7.2051370563 0.0
57849.2507523 7.21332101046 0.0 7.21332101046 0.0
57849.2507986 7.22592554625 0.0 7.22592554625 0.0
57849.2508449 7.2324961113 0.0 7.2324961113 0.0
57849.2509144 7.5111916498 0.0 7.5111916498 0.0
57849.2509606 7.38606796611 0.0 7.38606796611 0.0
57849.2510185 7.73045923604 0.0 7.73045923604 0.0
57849.2510532 7.42408243489 0.0 7.42408243489 0.0
57849.2511227 7.39743198685 0.0 7.39743198685 0.0
57849.251169 7.33723381119 0.0 7.33723381119 0.0
57849.2512269 7.21269713769 0.0 7.21269713769 0.0
57849.2512731 7.21366758314 0.0 7.21366758314 0.0
57849.2513426 7.23159733392 0.0 7.23159733392 0.0
57849.2513773 7.22454150794 0.0 7.22454150794 0.0
57849.2514352 7.24748232147 0.0 7.24748232147 0.0
57849.2514815 7.24734434121 0.0 7.24734434121 0.0
57849.2515509 7.37333031947 0.0 7.37333031947 0.0
57849.2515972 7.45345557443 0.0 7.45345557443 0.0
57849.2516435 7.22509515508 0.0 7.22509515508 0.0
57849.2516898 7.21311305887 0.0 7.21311305887 0.0
57849.2517593 7.20846724346 0.0 7.20846724346 0.0
57849.2518056 7.2068717208 0.0 7.2068717208 0.0
57849.2518519 7.20832851638 0.0 7.20832851638 0.0
57849.2518981 7.21824078291 0.0 7.21824078291 0.0
57849.2519676 7.20798168699 0.0 7.20798168699 0.0
57849.2520139 7.203610206 0.0 7.203610206 0.0
57849.2520602 7.20798168699 0.0 7.20798168699 0.0
57849.2521065 7.20222187939 0.0 7.20222187939 0.0
57849.2521759 7.20506766103 0.0 7.20506766103 0.0
57849.2522338 7.20721860359 0.0 7.20721860359 0.0
57849.2522685 7.21671670498 0.0 7.21671670498 0.0
57849.2523148 7.21865638467 0.0 7.21865638467 0.0
57849.2523843 7.21394482929 0.0 7.21394482929 0.0
57849.2524421 7.233394777 0.0 7.233394777 0.0
57849.2524884 7.22301875949 0.0 7.22301875949 0.0
57849.2525231 7.21193455322 0.0 7.21193455322 0.0
57849.2526042 7.20583097221 0.0 7.20583097221 0.0
57849.2526505 7.65761059339 0.0 7.65761059339 0.0
57849.2526968 7.22087252346 0.0 7.22087252346 0.0
57849.2527431 7.22260340874 0.0 7.22260340874 0.0
57849.2528125 7.22703258606 0.0 7.22703258606 0.0
57849.2528588 7.216993834 0.0 7.216993834 0.0
57849.2529051 7.21283578075 0.0 7.21283578075 0.0
57849.2529514 7.3961476459 0.0 7.3961476459 0.0
57849.2530208 7.22800110681 0.0 7.22800110681 0.0
57849.2530671 7.40837364069 0.0 7.40837364069 0.0
57849.2531134 7.38688026165 0.0 7.38688026165 0.0
57849.2531597 7.23346390051 0.0 7.23346390051 0.0
57849.2532407 7.22315720444 0.0 7.22315720444 0.0
57849.2532755 7.22495674728 0.0 7.22495674728 0.0
57849.2533218 7.45385806143 0.0 7.45385806143 0.0
57849.2533796 7.25079306007 0.0 7.25079306007 0.0
57849.2534491 7.23719558945 0.0 7.23719558945 0.0
57849.2534954 7.24748232147 0.0 7.24748232147 0.0
57849.2535301 7.4237456853 0.0 7.4237456853 0.0
57849.253588 7.42010781593 0.0 7.42010781593 0.0
57849.2536574 7.41107279684 0.0 7.41107279684 0.0
57849.2537037 7.40958838263 0.0 7.40958838263 0.0
57849.25375 7.22412624474 0.0 7.22412624474 0.0
57849.2537963 7.62876136735 0.0 7.62876136735 0.0
57849.2538657 7.21893343923 0.0 7.21893343923 0.0
57849.253912 7.21422206478 0.0 7.21422206478 0.0
57849.2539583 7.4008107664 0.0 7.4008107664 0.0
57849.2540046 7.22530276182 0.0 7.22530276182 0.0
57849.2540741 7.22204957059 0.0 7.22204957059 0.0
57849.2541204 7.2196260291 0.0 7.2196260291 0.0
57849.2541667 7.22142645189 0.0 7.22142645189 0.0
57849.2611227 7.34744853674 0.0 7.34744853674 0.0
57849.2611921 7.31949451807 0.0 7.31949451807 0.0
57849.2612384 7.27385729857 0.0 7.27385729857 0.0
57849.2612731 7.41680524215 0.0 7.41680524215 0.0
57849.261331 7.263470245 0.0 7.263470245 0.0
57849.2614005 7.5857102502 0.0 7.5857102502 0.0
57849.2614468 7.41916437343 0.0 7.41916437343 0.0
57849.2614931 7.26408975715 0.0 7.26408975715 0.0
57849.2615394 7.27536940643 0.0 7.27536940643 0.0
57849.2616088 7.58992753589 0.0 7.58992753589 0.0
57849.2616551 7.27997252742 0.0 7.27997252742 0.0
57849.2617014 7.28875846767 0.0 7.28875846767 0.0
57849.2617477 7.28155203236 0.0 7.28155203236 0.0
57849.2618171 7.27179482659 0.0 7.27179482659 0.0
57849.2618634 7.26622322806 0.0 7.26622322806 0.0
57849.2619097 7.26704891961 0.0 7.26704891961 0.0
57849.261956 7.26973176947 0.0 7.26973176947 0.0
57849.2620255 7.2810026782 0.0 7.2810026782 0.0
57849.2620718 7.27062583276 0.0 7.27062583276 0.0
57849.2621296 7.27206985665 0.0 7.27206985665 0.0
57849.2621644 7.28278792771 0.0 7.28278792771 0.0
57849.2622338 7.31238675126 0.0 7.31238675126 0.0
57849.2622801 7.29698567903 0.0 7.29698567903 0.0
57849.262338 7.33505282871 0.0 7.33505282871 0.0
57849.2623843 7.34615545711 0.0 7.34615545711 0.0
57849.2624537 7.33027966724 0.0 7.33027966724 0.0
57849.2624884 7.28587674889 0.0 7.28587674889 0.0
57849.2625463 7.32727780284 0.0 7.32727780284 0.0
57849.2625926 7.34778878303 0.0 7.34778878303 0.0
57849.262662 7.34479407472 0.0 7.34479407472 0.0
57849.2627083 7.30917231976 0.0 7.30917231976 0.0
57849.2627546 7.45580310899 0.0 7.45580310899 0.0
57849.2628009 7.35628982572 0.0 7.35628982572 0.0
57849.2628704 7.53697552072 0.0 7.53697552072 0.0
57849.2629167 7.65930806274 0.0 7.65930806274 0.0
57849.262963 7.65715351812 0.0 7.65715351812 0.0
57849.2630093 7.67209228307 0.0 7.67209228307 0.0
57849.2630787 7.31887969569 0.0 7.31887969569 0.0
57849.263125 7.28711191076 0.0 7.28711191076 0.0
57849.2631713 7.65715351812 0.0 7.65715351812 0.0
57849.2632176 7.29869851412 0.0 7.29869851412 0.0
57849.263287 7.46545377054 0.0 7.46545377054 0.0
57849.2633449 7.62666375291 0.0 7.62666375291 0.0
57849.2633796 7.31580480877 0.0 7.31580480877 0.0
57849.2634259 7.48445054764 0.0 7.48445054764 0.0
57849.2634954 7.48137687862 0.0 7.48137687862 0.0
57849.2635532 7.44311762637 0.0 7.44311762637 0.0
57849.2635995 7.28265061636 0.0 7.28265061636 0.0
57849.2636343 7.47000669344 0.0 7.47000669344 0.0
57849.2637153 7.30691453351 0.0 7.30691453351 0.0
57849.2637616 7.30403997798 0.0 7.30403997798 0.0
57849.2638079 7.50239961612 0.0 7.50239961612 0.0
57849.2638542 7.3586004104 0.0 7.3586004104 0.0
57849.2639236 7.34942174596 0.0 7.34942174596 0.0
57849.2639699 7.49119483127 0.0 7.49119483127 0.0
57849.2640162 7.33280301113 0.0 7.33280301113 0.0
57849.2640625 7.36478105581 0.0 7.36478105581 0.0
57849.2641319 7.59315481207 0.0 7.59315481207 0.0
57849.2641782 7.34982993001 0.0 7.34982993001 0.0
57849.2642245 7.35071425101 0.0 7.35071425101 0.0
57849.2642708 7.39479546708 0.0 7.39479546708 0.0
57849.2643519 7.41916437343 0.0 7.41916437343 0.0
57849.2643866 7.33955039495 0.0 7.33955039495 0.0
57849.2644329 7.3626761439 0.0 7.3626761439 0.0
57849.2644907 7.45184540902 0.0 7.45184540902 0.0
57849.2645602 7.47254976564 0.0 7.47254976564 0.0
57849.2646065 7.35030611607 0.0 7.35030611607 0.0
57849.2646412 7.33675677667 0.0 7.33675677667 0.0
57849.2646991 7.49733285909 0.0 7.49733285909 0.0
57849.2647685 7.34288771533 0.0 7.34288771533 0.0
57849.2648148 7.30335539324 0.0 7.30335539324 0.0
57849.2648611 7.31635154978 0.0 7.31635154978 0.0
57849.2649074 7.34275152787 0.0 7.34275152787 0.0
57849.2649769 7.3636947248 0.0 7.3636947248 0.0
57849.2650231 7.50852848433 0.0 7.50852848433 0.0
57849.2650694 7.3866095064 0.0 7.3866095064 0.0
57849.2651157 7.58544659199 0.0 7.58544659199 0.0
57849.2651852 7.43047777737 0.0 7.43047777737 0.0
57849.2652315 7.32338719446 0.0 7.32338719446 0.0
57849.2652778 1.27043299705 0.0 1.27043299705 0.0
57849.2722338 7.43175618545 0.0 7.43175618545 0.0
57849.2723032 7.91157380045 0.0 7.91157380045 0.0
57849.2723495 7.48157737379 0.0 7.48157737379 0.0
57849.2723843 7.36383052494 0.0 7.36383052494 0.0
57849.2724421 7.58795097507 0.0 7.58795097507 0.0
57849.2725116 7.48090903567 0.0 7.48090903567 0.0
57849.2725579 7.36444159458 0.0 7.36444159458 0.0
57849.2726042 7.37739791525 0.0 7.37739791525 0.0
57849.2726505 7.38559408579 0.0 7.38559408579 0.0
57849.2727199 7.37583893533 0.0 7.37583893533 0.0
57849.2727662 7.3692604785 0.0 7.3692604785 0.0
57849.2728125 7.38843691182 0.0 7.38843691182 0.0
57849.2728588 7.38478164877 0.0 7.38478164877 0.0
57849.2729282 7.35173448922 0.0 7.35173448922 0.0
57849.2729745 7.34955780983 0.0 7.34955780983 0.0
57849.2730208 7.35221055194 0.0 7.35221055194 0.0
57849.2730671 7.35995923902 0.0 7.35995923902 0.0
57849.2731366 7.3626761439 0.0 7.3626761439 0.0
57849.2731829 7.35343457168 0.0 7.35343457168 0.0
57849.2732407 7.35125839568 0.0 7.35125839568 0.0
57849.2732755 7.3543864462 0.0 7.3543864462 0.0
57849.2733449 7.34914961067 0.0 7.34914961067 0.0
57849.2733912 7.35948367754 0.0 7.35948367754 0.0
57849.2734491 7.45895435031 0.0 7.45895435031 0.0
57849.2734954 7.363423117 0.0 7.363423117 0.0
57849.2735648 7.36532416123 0.0 7.36532416123 0.0
57849.2735995 7.52010638223 0.0 7.52010638223 0.0
57849.2736574 7.43948922978 0.0 7.43948922978 0.0
57849.2737037 7.36518838863 0.0 7.36518838863 0.0
57849.2737731 7.36634237597 0.0 7.36634237597 0.0
57849.2738194 7.46947119949 0.0 7.46947119949 0.0
57849.2738657 7.46632439692 0.0 7.46632439692 0.0
57849.273912 7.36457738095 0.0 7.36457738095 0.0
57849.2739815 7.37597451189 0.0 7.37597451189 0.0
57849.2740278 7.51385387135 0.0 7.51385387135 0.0
57849.2740741 7.38572948327 0.0 7.38572948327 0.0
57849.2741204 7.54267856931 0.0 7.54267856931 0.0
57849.2741898 7.42226380561 0.0 7.42226380561 0.0
57849.2742361 7.38904594653 0.0 7.38904594653 0.0
57849.2742824 7.48257976904 0.0 7.48257976904 0.0
57849.2743287 7.37875328223 0.0 7.37875328223 0.0
57849.2743981 7.36634237597 0.0 7.36634237597 0.0
57849.274456 7.46906955383 0.0 7.46906955383 0.0
57849.2744907 7.37007462649 0.0 7.37007462649 0.0
57849.274537 7.37217742597 0.0 7.37217742597 0.0
57849.2746065 7.36742831658 0.0 7.36742831658 0.0
57849.2746644 7.35934779719 0.0 7.35934779719 0.0
57849.2747106 7.35826066404 0.0 7.35826066404 0.0
57849.2747454 7.58683069536 0.0 7.58683069536 0.0
57849.2748264 7.37882104404 0.0 7.37882104404 0.0
57849.2748727 7.47683087946 0.0 7.47683087946 0.0
57849.274919 7.39972972479 0.0 7.39972972479 0.0
57849.2749653 7.5496357528 0.0 7.5496357528 0.0
57849.2750347 7.44989932818 0.0 7.44989932818 0.0
57849.275081 7.38742174239 0.0 7.38742174239 0.0
57849.2751273 7.39533636828 0.0 7.39533636828 0.0
57849.2751736 7.39209036741 0.0 7.39209036741 0.0
57849.2752431 7.38444310696 0.0 7.38444310696 0.0
57849.2752894 7.3843076859 0.0 7.3843076859 0.0
57849.2753356 7.38708332158 0.0 7.38708332158 0.0
57849.2753819 7.38024389841 0.0 7.38024389841 0.0
57849.275463 7.43377427691 0.0 7.43377427691 0.0
57849.2754977 7.44875828578 0.0 7.44875828578 0.0
57849.275544 7.45204669873 0.0 7.45204669873 0.0
57849.2756019 7.39324015571 0.0 7.39324015571 0.0
57849.2756713 7.44063169361 0.0 7.44063169361 0.0
57849.2757176 7.42704517288 0.0 7.42704517288 0.0
57849.2757523 7.38335966888 0.0 7.38335966888 0.0
57849.2758102 7.40499831195 0.0 7.40499831195 0.0
57849.2758796 7.41747935622 0.0 7.41747935622 0.0
57849.2759259 7.41458023087 0.0 7.41458023087 0.0
57849.2759722 7.42428447731 0.0 7.42428447731 0.0
57849.2760185 7.43222712247 0.0 7.43222712247 0.0
57849.276088 7.45801582192 0.0 7.45801582192 0.0
57849.2761343 7.44029569305 0.0 7.44029569305 0.0
57849.2761806 7.38918128076 0.0 7.38918128076 0.0
57849.2762269 7.39790510888 0.0 7.39790510888 0.0
57849.2762963 7.44842265181 0.0 7.44842265181 0.0
57849.2763426 7.41134265839 0.0 7.41134265839 0.0
57849.2763889 1.06254411673 0.0 1.06254411673 0.0
57849.2833449 7.7429322611 0.0 7.7429322611 0.0
57849.2834144 7.57403459195 0.0 7.57403459195 0.0
57849.2834606 7.49593223022 0.0 7.49593223022 0.0
57849.2834954 7.48518536845 0.0 7.48518536845 0.0
57849.2835532 7.48685514752 0.0 7.48685514752 0.0
57849.2836227 7.46478398884 0.0 7.46478398884 0.0
57849.283669 7.50366577081 0.0 7.50366577081 0.0
57849.2837153 7.45218088884 0.0 7.45218088884 0.0
57849.2837616 7.45788173679 0.0 7.45788173679 0.0
57849.283831 7.45821694509 0.0 7.45821694509 0.0
57849.2838773 7.45358973918 0.0 7.45358973918 0.0
57849.2839236 7.46270728355 0.0 7.46270728355 0.0
57849.2839699 7.47375407677 0.0 7.47375407677 0.0
57849.2840394 7.50286611902 0.0 7.50286611902 0.0
57849.2840856 7.48899192148 0.0 7.48899192148 0.0
57849.2841319 7.49059410194 0.0 7.49059410194 0.0
57849.2841782 7.48418332218 0.0 7.48418332218 0.0
57849.2842477 7.54665488809 0.0 7.54665488809 0.0
57849.284294 7.457211275 0.0 7.457211275 0.0
57849.2843519 7.45010067046 0.0 7.45010067046 0.0
57849.2843866 7.46109911474 0.0 7.46109911474 0.0
57849.284456 7.57271417657 0.0 7.57271417657 0.0
57849.2845023 7.51245632267 0.0 7.51245632267 0.0
57849.2845602 7.58992753589 0.0 7.58992753589 0.0
57849.2846065 7.53544955527 0.0 7.53544955527 0.0
57849.2846759 7.47502508357 0.0 7.47502508357 0.0
57849.2847106 7.58010554016 0.0 7.58010554016 0.0
57849.2847685 7.47930478053 0.0 7.47930478053 0.0
57849.2848148 7.48110954338 0.0 7.48110954338 0.0
57849.2848843 7.4782350859 0.0 7.4782350859 0.0
57849.2849306 7.4556019207 0.0 7.4556019207 0.0
57849.2849769 7.46016085617 0.0 7.46016085617 0.0
57849.2850231 7.50792914191 0.0 7.50792914191 0.0
57849.2850926 7.54903967402 0.0 7.54903967402 0.0
57849.2851389 7.52708442891 0.0 7.52708442891 0.0
57849.2851852 7.57469471332 0.0 7.57469471332 0.0
57849.2852315 7.48531896448 0.0 7.48531896448 0.0
57849.2853009 7.500599976 0.0 7.500599976 0.0
57849.2853472 7.51777892732 0.0 7.51777892732 0.0
57849.2853935 7.50726314978 0.0 7.50726314978 0.0
57849.2854398 7.51431966315 0.0 7.51431966315 0.0
57849.2855093 7.49032709566 0.0 7.49032709566 0.0
57849.2855671 7.48384927694 0.0 7.48384927694 0.0
57849.2856019 7.48331477355 0.0 7.48331477355 0.0
57849.2856481 7.53578131318 0.0 7.53578131318 0.0
57849.2857176 7.60992772633 0.0 7.60992772633 0.0
57849.2857755 7.61019053638 0.0 7.61019053638 0.0
57849.2858218 7.47549329476 0.0 7.47549329476 0.0
57849.2858565 7.49286327114 0.0 7.49286327114 0.0
57849.2859375 7.58966402418 0.0 7.58966402418 0.0
57849.2859838 7.49833314811 0.0 7.49833314811 0.0
57849.2860301 7.49986666548 0.0 7.49986666548 0.0
57849.2860764 7.49799973326 0.0 7.49799973326 0.0
57849.2861458 7.49899993332 0.0 7.49899993332 0.0
57849.2861921 7.5321975545 0.0 7.5321975545 0.0
57849.2862384 7.55559395415 0.0 7.55559395415 0.0
57849.2862847 7.57495874576 0.0 7.57495874576 0.0
57849.2863542 7.57647675374 0.0 7.57647675374 0.0
57849.2864005 7.49473148285 0.0 7.49473148285 0.0
57849.2864468 7.50513157779 0.0 7.50513157779 0.0
57849.2864931 7.50619743945 0.0 7.50619743945 0.0
57849.2865741 7.50353250143 0.0 7.50353250143 0.0
57849.2866088 7.49906660859 0.0 7.49906660859 0.0
57849.2866551 7.491261576 0.0 7.491261576 0.0
57849.286713 7.59407663907 0.0 7.59407663907 0.0
57849.2867824 7.54817858824 0.0 7.54817858824 0.0
57849.2868287 7.5542041275 0.0 7.5542041275 0.0
57849.2868634 7.60618169649 0.0 7.60618169649 0.0
57849.2869213 7.50653049018 0.0 7.50653049018 0.0
57849.2869907 7.51950796263 0.0 7.51950796263 0.0
57849.287037 7.49553200247 0.0 7.49553200247 0.0
57849.2870833 7.5880827618 0.0 7.5880827618 0.0
57849.2871296 7.49959998933 0.0 7.49959998933 0.0
57849.2871991 7.58261168728 0.0 7.58261168728 0.0
57849.2872454 7.51072566401 0.0 7.51072566401 0.0
57849.2872917 7.61892380852 0.0 7.61892380852 0.0
57849.287338 7.61124168582 0.0 7.61124168582 0.0
57849.2874074 7.51052594696 0.0 7.51052594696 0.0
57849.2874537 7.49786636317 0.0 7.49786636317 0.0
57849.2875 7.57528877337 0.0 7.57528877337 0.0
57849.2973032 7.78774678582 0.0 7.78774678582 0.0
57849.297338 7.72133408162 0.0 7.72133408162 0.0
57849.2973843 7.68257769242 0.0 7.68257769242 0.0
57849.2974421 7.67743446732 0.0 7.67743446732 0.0
57849.2975116 7.68544078111 0.0 7.68544078111 0.0
57849.2975579 7.67404717213 0.0 7.67404717213 0.0
57849.2975926 7.68186175351 0.0 7.68186175351 0.0
57849.2976505 7.6851805444 0.0 7.6851805444 0.0
57849.2977199 7.6727439681 0.0 7.6727439681 0.0
57849.2977662 7.67157089519 0.0 7.67157089519 0.0
57849.2978125 7.69499837557 0.0 7.69499837557 0.0
57849.2978588 8.41082635655 0.0 8.41082635655 0.0
57849.2979282 8.31252067667 0.0 8.31252067667 0.0
57849.2979745 7.92786225915 0.0 7.92786225915 0.0
57849.2980208 8.23395409266 0.0 8.23395409266 0.0
57849.2980671 7.67248330073 0.0 7.67248330073 0.0
57849.2981366 7.99362245793 0.0 7.99362245793 0.0
57849.2981829 8.02633166521 0.0 8.02633166521 0.0
57849.2982292 8.01011860087 0.0 8.01011860087 0.0
57849.2982755 7.69363373186 0.0 7.69363373186 0.0
57849.2983449 7.72534788861 0.0 7.72534788861 0.0
57849.2983912 7.71440211552 0.0 7.71440211552 0.0
57849.2984491 8.01854101442 0.0 8.01854101442 0.0
57849.2984838 7.72049221229 0.0 7.72049221229 0.0
57849.2985532 7.69577806333 0.0 7.69577806333 0.0
57849.2985995 8.03094016912 0.0 8.03094016912 0.0
57849.2986574 7.70110381699 0.0 7.70110381699 0.0
57849.2987037 7.71919684941 0.0 7.71919684941 0.0
57849.2987731 8.03181175078 0.0 8.03181175078 0.0
57849.2988194 8.03902979221 0.0 8.03902979221 0.0
57849.2988657 7.75403120964 0.0 7.75403120964 0.0
57849.298912 8.08486239833 0.0 8.08486239833 0.0
57849.2989815 8.39970237568 0.0 8.39970237568 0.0
57849.2990278 7.96831224288 0.0 7.96831224288 0.0
57849.2990741 8.32784485927 0.0 8.32784485927 0.0
57849.2991204 8.41985748098 0.0 8.41985748098 0.0
57849.2991898 7.97075906047 0.0 7.97075906047 0.0
57849.2992361 7.73873374655 0.0 7.73873374655 0.0
57849.2992824 8.09808619366 0.0 8.09808619366 0.0
57849.2993287 8.08529529455 0.0 8.08529529455 0.0
57849.2993981 7.74331970152 0.0 7.74331970152 0.0
57849.2994444 7.70649077077 0.0 7.70649077077 0.0
57849.2994907 7.70032466848 0.0 7.70032466848 0.0
57849.299537 7.71284642658 0.0 7.71284642658 0.0
57849.2996065 7.73660132099 0.0 7.73660132099 0.0
57849.2996644 7.72178735786 0.0 7.72178735786 0.0
57849.2997106 7.72405334005 0.0 7.72405334005 0.0
57849.2997454 7.72269383052 0.0 7.72269383052 0.0
57849.2998148 7.73621354411 0.0 7.73621354411 0.0
57849.2998727 8.03318118805 0.0 8.03318118805 0.0
57849.299919 7.75551416735 0.0 7.75551416735 0.0
57849.2999653 7.72612451362 0.0 7.72612451362 0.0
57849.3000347 7.72910085327 0.0 7.72910085327 0.0
57849.300081 7.75912366186 0.0 7.75912366186 0.0
57849.3001273 7.74028423251 0.0 7.74028423251 0.0
57849.3001736 7.74002583975 0.0 7.74002583975 0.0
57849.3002431 8.02097250962 0.0 8.02097250962 0.0
57849.3002894 8.0138629886 0.0 8.0138629886 0.0
57849.3003356 7.7309766524 0.0 7.7309766524 0.0
57849.3003819 7.75261246291 0.0 7.75261246291 0.0
57849.3004514 8.43214089066 0.0 8.43214089066 0.0
57849.3004977 8.0696344403 0.0 8.0696344403 0.0
57849.300544 7.74370712256 0.0 7.74370712256 0.0
57849.3006019 7.75048385586 0.0 7.75048385586 0.0
57849.3006713 8.0823882609 0.0 8.0823882609 0.0
57849.300706 7.76298911503 0.0 7.76298911503 0.0
57849.3007523 7.76949161786 0.0 7.76949161786 0.0
57849.3008102 7.76949161786 0.0 7.76949161786 0.0
57849.3008796 7.75183849161 0.0 7.75183849161 0.0
57849.3009259 7.75725466902 0.0 7.75725466902 0.0
57849.3009606 7.81152993977 0.0 7.81152993977 0.0
57849.3010185 7.81511356283 0.0 7.81511356283 0.0
57849.301088 8.02433797892 0.0 8.02433797892 0.0
57849.3011343 7.770006435 0.0 7.770006435 0.0
57849.3011806 7.78646261148 0.0 7.78646261148 0.0
57849.3012269 8.10493676718 0.0 8.10493676718 0.0
57849.3012963 8.08647018173 0.0 8.08647018173 0.0
57849.3013426 8.07310349246 0.0 8.07310349246 0.0
57849.3013889 1.18025420991 0.0 1.18025420991 0.0
57849.3084144 7.9207954146 0.0 7.9207954146 0.0
57849.3084491 7.90866613279 0.0 7.90866613279 0.0
57849.3084954 7.89974683139 0.0 7.89974683139 0.0
57849.3085532 7.91258491266 0.0 7.91258491266 0.0
57849.3086227 7.91498578647 0.0 7.91498578647 0.0
57849.308669 8.04866448549 0.0 8.04866448549 0.0
57849.3087037 7.91062576539 0.0 7.91062576539 0.0
57849.3087616 7.93901757146 0.0 7.93901757146 0.0
57849.308831 7.9134063462 0.0 7.9134063462 0.0
57849.3088773 7.87889586173 0.0 7.87889586173 0.0
57849.3089236 7.87635702594 0.0 7.87635702594 0.0
57849.3089699 8.08665567463 0.0 8.08665567463 0.0
57849.3090394 7.91012010023 0.0 7.91012010023 0.0
57849.3090856 7.92111103318 0.0 7.92111103318 0.0
57849.3091319 8.30042167604 0.0 8.30042167604 0.0
57849.3091782 7.89962024404 0.0 7.89962024404 0.0
57849.3092477 7.92754690935 0.0 7.92754690935 0.0
57849.309294 7.90582064052 0.0 7.90582064052 0.0
57849.3093403 8.07935641001 0.0 8.07935641001 0.0
57849.3093866 8.14561231584 0.0 8.14561231584 0.0
57849.309456 7.91030972845 0.0 7.91030972845 0.0
57849.3095023 7.90069617186 0.0 7.90069617186 0.0
57849.3095602 8.0807177899 0.0 8.0807177899 0.0
57849.3095949 8.11011713849 0.0 8.11011713849 0.0
57849.3096644 7.89031051353 0.0 7.89031051353 0.0
57849.3097106 8.05021738837 0.0 8.05021738837 0.0
57849.3097685 7.90056959972 0.0 7.90056959972 0.0
57849.3098148 7.91176339383 0.0 7.91176339383 0.0
57849.3098843 8.1391031447 0.0 8.1391031447 0.0
57849.3099306 8.11443158823 0.0 8.11443158823 0.0
57849.3099769 7.91972221735 0.0 7.91972221735 0.0
57849.3100231 7.92628538472 0.0 7.92628538472 0.0
57849.3100926 7.947452422 0.0 7.947452422 0.0
57849.3101389 8.39154336222 0.0 8.39154336222 0.0
57849.3101852 8.15738928825 0.0 8.15738928825 0.0
57849.3102315 7.91883829864 0.0 7.91883829864 0.0
57849.3103009 8.0983949027 0.0 8.0983949027 0.0
57849.3103472 8.17649068978 0.0 8.17649068978 0.0
57849.3103935 8.53264320126 0.0 8.53264320126 0.0
57849.3104398 7.93775786983 0.0 7.93775786983 0.0
57849.3105093 8.1818090909 0.0 8.1818090909 0.0
57849.3105556 7.92962798623 0.0 7.92962798623 0.0
57849.3106019 7.92679001866 0.0 7.92679001866 0.0
57849.3106481 7.92634846572 0.0 7.92634846572 0.0
57849.3107176 7.94109564229 0.0 7.94109564229 0.0
57849.3107755 7.94493549376 0.0 7.94493549376 0.0
57849.3108218 7.9467603462 0.0 7.9467603462 0.0
57849.3108565 7.94984276574 0.0 7.94984276574 0.0
57849.3109259 7.93429265908 0.0 7.93429265908 0.0
57849.3109838 7.94411732038 0.0 7.94411732038 0.0
57849.3110301 8.35864821607 0.0 8.35864821607 0.0
57849.3110764 8.17838614887 0.0 8.17838614887 0.0
57849.3111458 8.16890445531 0.0 8.16890445531 0.0
57849.3111921 7.95506128198 0.0 7.95506128198 0.0
57849.3112384 7.95286112038 0.0 7.95286112038 0.0
57849.3112847 8.19152000547 0.0 8.19152000547 0.0
57849.3113542 8.40511748877 0.0 8.40511748877 0.0
57849.3114005 7.94663450776 0.0 7.94663450776 0.0
57849.3114468 7.94405438048 0.0 7.94405438048 0.0
57849.3114931 7.96743371482 0.0 7.96743371482 0.0
57849.3115625 7.94581650933 0.0 7.94581650933 0.0
57849.3116088 7.96862597943 0.0 7.96862597943 0.0
57849.3116551 8.19084855189 0.0 8.19084855189 0.0
57849.311713 7.96178371975 0.0 7.96178371975 0.0
57849.3117824 8.18015892266 0.0 8.18015892266 0.0
57849.3118171 7.97941100583 0.0 7.97941100583 0.0
57849.3118634 7.96360471144 0.0 7.96360471144 0.0
57849.3119213 7.96266287118 0.0 7.96266287118 0.0
57849.3119907 8.14512123912 0.0 8.14512123912 0.0
57849.312037 7.96919067409 0.0 7.96919067409 0.0
57849.3120718 8.16216882942 0.0 8.16216882942 0.0
57849.3121296 7.98022556072 0.0 7.98022556072 0.0
57849.3121991 8.34110304456 0.0 8.34110304456 0.0
57849.3122454 7.96893970362 0.0 7.96893970362 0.0
57849.3122917 8.2021338687 0.0 8.2021338687 0.0
57849.312338 7.98116532845 0.0 7.98116532845 0.0
57849.3124074 7.99649923404 0.0 7.99649923404 0.0
57849.3124537 7.98579989732 0.0 7.98579989732 0.0
57849.3125 1.12694276696 0.0 1.12694276696 0.0
57849.3195255 8.28842566474 0.0 8.28842566474 0.0
57849.3195602 8.25330236935 0.0 8.25330236935 0.0
57849.3196065 8.26286875123 0.0 8.26286875123 0.0
57849.3196644 8.29560124403 0.0 8.29560124403 0.0
57849.3197338 8.26244515867 0.0 8.26244515867 0.0
57849.3197801 8.22015814933 0.0 8.22015814933 0.0
57849.3198148 8.24081306668 0.0 8.24081306668 0.0
57849.3198727 8.23899265687 0.0 8.23899265687 0.0
57849.3199421 8.22708940027 0.0 8.22708940027 0.0
57849.3199884 8.2234421017 0.0 8.2234421017 0.0
57849.3200347 8.590110593 0.0 8.590110593 0.0
57849.320081 9.01016093086 0.0 9.01016093086 0.0
57849.3201505 8.22794020396 0.0 8.22794020396 0.0
57849.3201968 8.23492562201 0.0 8.23492562201 0.0
57849.3202431 8.24796944708 0.0 8.24796944708 0.0
57849.3202894 8.98443097809 0.0 8.98443097809 0.0
57849.3203588 8.24972726822 0.0 8.24972726822 0.0
57849.3204051 8.22538752886 0.0 8.22538752886 0.0
57849.3204514 8.23802160716 0.0 8.23802160716 0.0
57849.3204977 8.63805533671 0.0 8.63805533671 0.0
57849.3205671 8.65106929807 0.0 8.65106929807 0.0
57849.3206134 8.30078309559 0.0 8.30078309559 0.0
57849.3206713 8.64459368623 0.0 8.64459368623 0.0
57849.320706 8.2834775306 0.0 8.2834775306 0.0
57849.3207755 8.26668010752 0.0 8.26668010752 0.0
57849.3208218 8.66417913019 0.0 8.66417913019 0.0
57849.3208796 8.28450360613 0.0 8.28450360613 0.0
57849.3209259 8.29963854635 0.0 8.29963854635 0.0
57849.3209954 8.70022988202 0.0 8.70022988202 0.0
57849.3210417 8.27592895088 0.0 8.27592895088 0.0
57849.321088 8.62026681722 0.0 8.62026681722 0.0
57849.3211343 8.64326327263 0.0 8.64326327263 0.0
57849.3212037 8.56539549583 0.0 8.56539549583 0.0
57849.32125 8.26607524766 0.0 8.26607524766 0.0
57849.3212963 9.73236867366 0.0 9.73236867366 0.0
57849.3213426 8.61928071245 0.0 8.61928071245 0.0
57849.321412 8.29101923771 0.0 8.29101923771 0.0
57849.3214583 8.29222527432 0.0 8.29222527432 0.0
57849.3215046 8.30054215097 0.0 8.30054215097 0.0
57849.3215509 8.30987364525 0.0 8.30987364525 0.0
57849.3216204 8.32382123787 0.0 8.32382123787 0.0
57849.3216667 8.29065739251 0.0 8.29065739251 0.0
57849.321713 8.28933049166 0.0 8.28933049166 0.0
57849.3217593 8.29566151672 0.0 8.29566151672 0.0
57849.3218287 8.53627553445 0.0 8.53627553445 0.0
57849.3218866 8.71458547494 0.0 8.71458547494 0.0
57849.3219329 8.34044363328 0.0 8.34044363328 0.0
57849.3219676 8.7430543862 0.0 8.7430543862 0.0
57849.322037 8.37293258064 0.0 8.37293258064 0.0
57849.3220949 8.3265839334 0.0 8.3265839334 0.0
57849.3221412 8.32045671823 0.0 8.32045671823 0.0
57849.3221875 8.32009615329 0.0 8.32009615329 0.0
57849.3222569 8.59302042358 0.0 8.59302042358 0.0
57849.3223032 8.63487116291 0.0 8.63487116291 0.0
57849.3223495 8.72897473934 0.0 8.72897473934 0.0
57849.3223958 8.3744850588 0.0 8.3744850588 0.0
57849.3224653 8.3548788142 0.0 8.3548788142 0.0
57849.3225116 8.32496246238 0.0 8.32496246238 0.0
57849.3225579 8.33672597607 0.0 8.33672597607 0.0
57849.3226042 8.34505841801 0.0 8.34505841801 0.0
57849.3226736 8.7115440652 0.0 8.7115440652 0.0
57849.3227199 8.34871247559 0.0 8.34871247559 0.0
57849.3227662 8.35900711807 0.0 8.35900711807 0.0
57849.3228241 9.13164826305 0.0 9.13164826305 0.0
57849.3228935 9.52696174024 0.0 9.52696174024 0.0
57849.3229282 9.46213506562 0.0 9.46213506562 0.0
57849.3229745 8.33588627562 0.0 8.33588627562 0.0
57849.3230324 8.35242479763 0.0 8.35242479763 0.0
57849.3231019 8.37275343003 0.0 8.37275343003 0.0
57849.3231481 9.16013100343 0.0 9.16013100343 0.0
57849.3231829 8.37746978508 0.0 8.37746978508 0.0
57849.3232407 8.73653249293 0.0 8.73653249293 0.0
57849.3233102 8.64638652849 0.0 8.64638652849 0.0
57849.3233565 9.86792784732 0.0 9.86792784732 0.0
57849.3234028 8.69459602282 0.0 8.69459602282 0.0
57849.3234491 8.42098569052 0.0 8.42098569052 0.0
57849.3235185 8.49717600147 0.0 8.49717600147 0.0
57849.3235648 8.46073282878 0.0 8.46073282878 0.0
57849.3236111 0.981325634028 0.0 0.981325634028 0.0
57849.3306366 8.73727646352 0.0 8.73727646352 0.0
57849.3306713 8.68907359849 0.0 8.68907359849 0.0
57849.3307176 8.70074709436 0.0 8.70074709436 0.0
57849.3307755 8.71229016964 0.0 8.71229016964 0.0
57849.3308449 8.69045453357 0.0 8.69045453357 0.0
57849.3308912 8.6852748949 0.0 8.6852748949 0.0
57849.3309259 9.09070954326 0.0 9.09070954326 0.0
57849.3309838 9.06570460582 0.0 9.06570460582 0.0
57849.3310532 9.08085899021 0.0 9.08085899021 0.0
57849.3310995 8.72553723274 0.0 8.72553723274 0.0
57849.3311458 9.09862626994 0.0 9.09862626994 0.0
57849.3311921 9.02856577758 0.0 9.02856577758 0.0
57849.3312616 9.2296803845 0.0 9.2296803845 0.0
57849.3313079 9.07331251528 0.0 9.07331251528 0.0
57849.3313542 8.69574608645 0.0 8.69574608645 0.0
57849.3314005 9.09224944664 0.0 9.09224944664 0.0
57849.3314699 8.77564812421 0.0 8.77564812421 0.0
57849.3315162 8.7316665076 0.0 8.7316665076 0.0
57849.3315625 9.10175807193 0.0 9.10175807193 0.0
57849.3316088 8.7322391172 0.0 8.7322391172 0.0
57849.3316782 8.73996567499 0.0 8.73996567499 0.0
57849.3317245 8.96978260606 0.0 8.96978260606 0.0
57849.3317824 8.72496418331 0.0 8.72496418331 0.0
57849.3318171 9.02928568603 0.0 9.02928568603 0.0
57849.3318866 9.35526589681 0.0 9.35526589681 0.0
57849.3319329 8.71791259419 0.0 8.71791259419 0.0
57849.3319907 8.7373336894 0.0 8.7373336894 0.0
57849.332037 8.98821450567 0.0 8.98821450567 0.0
57849.3321065 8.77559114818 0.0 8.77559114818 0.0
57849.3321528 9.33488082409 0.0 9.33488082409 0.0
57849.3321991 9.12923874154 0.0 9.12923874154 0.0
57849.3322454 9.44907402871 0.0 9.44907402871 0.0
57849.3323148 8.88555006738 0.0 8.88555006738 0.0
57849.3323611 8.83459110542 0.0 8.83459110542 0.0
57849.3324074 8.86989289676 0.0 8.86989289676 0.0
57849.3324537 8.84692036813 0.0 8.84692036813 0.0
57849.3325231 8.7904493628 0.0 8.7904493628 0.0
57849.3325694 9.28735699755 0.0 9.28735699755 0.0
57849.3326157 9.01049388214 0.0 9.01049388214 0.0
57849.332662 8.9713432662 0.0 8.9713432662 0.0
57849.3327315 9.13257904428 0.0 9.13257904428 0.0
57849.3327778 8.75494146183 0.0 8.75494146183 0.0
57849.3328241 9.49747334821 0.0 9.49747334821 0.0
57849.3328704 8.76202031497 0.0 8.76202031497 0.0
57849.3329398 9.1158652908 0.0 9.1158652908 0.0
57849.3329977 8.79630604288 0.0 8.79630604288 0.0
57849.333044 8.80306764713 0.0 8.80306764713 0.0
57849.3330787 9.10274683818 0.0 9.10274683818 0.0
57849.3331481 9.1816665154 0.0 9.1816665154 0.0
57849.333206 8.79903403789 0.0 8.79903403789 0.0
57849.3332523 8.81084558939 0.0 8.81084558939 0.0
57849.3332986 9.19478112844 0.0 9.19478112844 0.0
57849.3333681 8.79602182808 0.0 8.79602182808 0.0
57849.3334144 8.80579354743 0.0 8.80579354743 0.0
57849.3334606 8.82858992139 0.0 8.82858992139 0.0
57849.3335069 8.83374212891 0.0 8.83374212891 0.0
57849.3335764 8.83238359674 0.0 8.83238359674 0.0
57849.3336227 9.38983492933 0.0 9.38983492933 0.0
57849.333669 8.83560976956 0.0 8.83560976956 0.0
57849.3337153 8.85635365148 0.0 8.85635365148 0.0
57849.3337847 8.86250528914 0.0 8.86250528914 0.0
57849.333831 9.21666968053 0.0 9.21666968053 0.0
57849.3338773 8.88735056133 0.0 8.88735056133 0.0
57849.3339352 9.36221127726 0.0 9.36221127726 0.0
57849.3340046 9.07121822028 0.0 9.07121822028 0.0
57849.3340394 9.44891528166 0.0 9.44891528166 0.0
57849.3340856 8.94779302398 0.0 8.94779302398 0.0
57849.3341435 9.21070029911 0.0 9.21070029911 0.0
57849.334213 8.91263148571 0.0 8.91263148571 0.0
57849.3342593 8.97613502572 0.0 8.97613502572 0.0
57849.334294 9.04013274239 0.0 9.04013274239 0.0
57849.3343519 9.09697752003 0.0 9.09697752003 0.0
57849.3344213 8.99177401851 0.0 8.99177401851 0.0
57849.3344676 9.64919685777 0.0 9.64919685777 0.0
57849.3345139 9.3084907477 0.0 9.3084907477 0.0
57849.3345602 9.40521132139 0.0 9.40521132139 0.0
57849.3346296 8.94784890351 0.0 8.94784890351 0.0
57849.3346759 10.0841459728 0.0 10.0841459728 0.0
57849.3347222 8.89168150577 0.0 8.89168150577 0.0
