57849.6339236 0.0316227766017 0.0 0.0316227766017 0.0
57849.6339699 0.0316227766017 0.0 0.0316227766017 0.0
57849.6340394 0.0316227766017 0.0 0.0316227766017 0.0
57849.6340856 0.0316227766017 0.0 0.0316227766017 0.0
57849.6341319 0.04472135955 0.0 0.04472135955 0.0
57849.6341782 0.0316227766017 0.0 0.0316227766017 0.0
57849.6349306 0.0316227766017 0.0 0.0316227766017 0.0
57849.6349769 0.0316227766017 0.0 0.0316227766017 0.0
57849.6350231 0.0316227766017 0.0 0.0316227766017 0.0
57849.6360764 0.0316227766017 0.0 0.0316227766017 0.0
57849.6361458 0.0316227766017 0.0 0.0316227766017 0.0
57849.6361921 0.0316227766017 0.0 0.0316227766017 0.0
57849.6362384 0.0316227766017 0.0 0.0316227766017 0.0
57849.6369213 0.0316227766017 0.0 0.0316227766017 0.0
57849.6369907 0.0316227766017 0.0 0.0316227766017 0.0
57849.637037 0.0316227766017 0.0 0.0316227766017 0.0
57849.6375 0.0316227766017 0.0 0.0316227766017 0.0
57849.6411921 0.0316227766017 0.0 0.0316227766017 0.0
57849.6412384 0.0316227766017 0.0 0.0316227766017 0.0
57849.6412847 0.0316227766017 0.0 0.0316227766017 0.0
57849.6420833 0.0316227766017 0.0 0.0316227766017 0.0
57849.6421296 0.0316227766017 0.0 0.0316227766017 0.0
57849.6421759 0.0316227766017 0.0 0.0316227766017 0.0
57849.6430208 0.0316227766017 0.0 0.0316227766017 0.0
57849.6430903 0.0316227766017 0.0 0.0316227766017 0.0
57849.6431366 0.0316227766017 0.0 0.0316227766017 0.0
57849.6431829 0.0316227766017 0.0 0.0316227766017 0.0
57849.6432292 0.0316227766017 0.0 0.0316227766017 0.0
57849.6432986 0.0316227766017 0.0 0.0316227766017 0.0
57849.6538426 0.0316227766017 0.0 0.0316227766017 0.0
57849.6539005 0.0316227766017 0.0 0.0316227766017 0.0
57849.6539699 0.0316227766017 0.0 0.0316227766017 0.0
57849.6540162 0.0316227766017 0.0 0.0316227766017 0.0
57849.6540625 0.0316227766017 0.0 0.0316227766017 0.0
57849.6541088 0.04472135955 0.0 0.04472135955 0.0
57849.6541782 0.0774596669241 0.0 0.0774596669241 0.0
57849.6542245 0.262678510731 0.0 0.262678510731 0.0
57849.6542708 0.503984126734 0.0 0.503984126734 0.0
57849.6543171 0.158113883008 0.0 0.158113883008 0.0
57849.6543866 0.0707106781187 0.0 0.0707106781187 0.0
57849.6545255 0.0316227766017 0.0 0.0316227766017 0.0
57849.6545949 0.0316227766017 0.0 0.0316227766017 0.0
57849.6552778 0.0316227766017 0.0 0.0316227766017 0.0
57849.6553241 0.0316227766017 0.0 0.0316227766017 0.0
57849.6553704 0.04472135955 0.0 0.04472135955 0.0
57849.6554398 0.04472135955 0.0 0.04472135955 0.0
57849.6554861 0.0632455532034 0.0 0.0632455532034 0.0
57849.6555324 0.04472135955 0.0 0.04472135955 0.0
57849.6555787 0.0316227766017 0.0 0.0316227766017 0.0
57849.6559144 0.0316227766017 0.0 0.0316227766017 0.0
57849.6559606 0.0316227766017 0.0 0.0316227766017 0.0
57849.6559954 0.0316227766017 0.0 0.0316227766017 0.0
57849.6560648 0.0316227766017 0.0 0.0316227766017 0.0
57849.6561227 0.0316227766017 0.0 0.0316227766017 0.0
57849.656169 0.0316227766017 0.0 0.0316227766017 0.0
57849.6605787 0.0316227766017 0.0 0.0316227766017 0.0
57849.6606366 0.0316227766017 0.0 0.0316227766017 0.0
57849.6616435 0.0316227766017 0.0 0.0316227766017 0.0
57849.6616782 0.0316227766017 0.0 0.0316227766017 0.0
57849.6617477 0.0316227766017 0.0 0.0316227766017 0.0
57849.6618519 0.0316227766017 0.0 0.0316227766017 0.0
57849.6622222 0.0316227766017 0.0 0.0316227766017 0.0
57849.6622685 0.0316227766017 0.0 0.0316227766017 0.0
57849.6637384 0.0316227766017 0.0 0.0316227766017 0.0
57849.6637963 0.0316227766017 0.0 0.0316227766017 0.0
57849.6681134 0.0316227766017 0.0 0.0316227766017 0.0
57849.6687384 0.0316227766017 0.0 0.0316227766017 0.0
57849.6687963 0.0316227766017 0.0 0.0316227766017 0.0
57849.6688426 0.0316227766017 0.0 0.0316227766017 0.0
57849.668912 0.0316227766017 0.0 0.0316227766017 0.0
57849.6689583 0.0316227766017 0.0 0.0316227766017 0.0
57849.6690046 0.0316227766017 0.0 0.0316227766017 0.0
57849.6690509 0.0316227766017 0.0 0.0316227766017 0.0
57849.6691204 0.0316227766017 0.0 0.0316227766017 0.0
57849.6700116 0.0894427191 0.0 0.0894427191 0.0
57849.6700579 0.154919333848 0.0 0.154919333848 0.0
