57849.3708449 224.023135998 0.0 222.596727279 0.0
57849.3784838 210.655148508 0.0 209.323981 0.0
57849.3930671 191.109473176 0.0 189.672539459 0.0
57849.4090394 178.494032895 0.0 177.363119506 0.0
57849.4166782 171.499095611 0.0 170.135651302 0.0
57849.4298727 165.40004671 0.0 164.002555971 0.0
57849.4375116 161.518013197 0.0 159.89058616 0.0
57849.4500116 155.759817571 0.0 154.295287101 0.0
57849.4576505 154.620939154 0.0 153.151324578 0.0
57849.4729282 151.431675912 0.0 149.939701833 0.0
57849.4805671 149.787299628 0.0 148.281861423 0.0
57849.4937616 149.200677351 0.0 147.692472936 0.0
57849.5014005 150.023185786 0.0 148.523987142 0.0
57849.5145949 150.068844102 0.0 148.35371527 0.0
57849.525706 151.694380578 0.0 150.208185658 0.0
57849.5333449 151.422874002 0.0 150.145020995 0.0
57849.5465394 153.27576757 0.0 151.794807549 0.0
57849.5541782 155.863478932 0.0 154.401900297 0.0
57849.5673727 159.177731978 0.0 157.735315018 0.0
57849.5784838 163.110232491 0.0 161.690974153 0.0
57849.5861227 169.626430367 0.0 168.646489005 0.0
57849.5937616 179.248374198 0.0 177.93929187 0.0
57849.600706 178.614870354 0.0 177.480796219 0.0
