57849.4729745 85.1576458752 0.0 84.8320659539 0.0
57849.4730903 85.3929734053 0.0 85.3313584036 0.0
57849.473206 85.0880051535 0.0 84.4956319877 0.0
57849.4733333 84.5884829158 0.0 84.7708039775 0.0
57849.4734491 84.2605291937 0.0 84.2364193446 0.0
57849.4735648 84.2097761249 0.0 84.1186659428 0.0
57849.4736111 84.2473591218 0.0 84.3107228056 0.0
57849.4736921 84.2968678184 0.0 84.5164318106 0.0
57849.4738079 84.2715388017 0.0 84.2338401119 0.0
57849.4739236 84.2792308698 0.0 84.1753853273 0.0
57849.4740509 84.1059237985 0.0 84.0547702989 0.0
57849.4741667 84.8076719584 0.0 84.4249348652 0.0
57849.4742824 84.2242204179 0.0 84.5147894927 0.0
57849.4743056 84.3913331865 0.0 84.5425181137 0.0
57849.4744097 84.5714023178 0.0 84.5819266274 0.0
57849.4745255 87.3084124297 0.0 90.1021672436 0.0
57849.4746412 84.3708274939 0.0 84.3746551874 0.0
57849.4747569 85.0636512031 0.0 85.7580426083 0.0
57849.4748843 91.790569581 0.0 92.0776855813 0.0
57849.475 83.8031628281 0.0 84.1365401951 0.0
57849.4751157 87.591530304 0.0 87.6913860422 0.0
57849.4752431 86.1164095745 0.0 87.7222151225 0.0
57849.4753588 83.2573729348 0.0 83.419133123 0.0
57849.4754745 84.2013296748 0.0 84.4011760108 0.0
57849.4756019 92.3054108815 0.0 92.3851989931 0.0
57849.4756944 88.3905383681 0.0 88.4174944058 0.0
57849.4757176 84.9275769818 0.0 84.9132282215 0.0
57849.4758333 94.3661739078 0.0 93.6452319822 0.0
57849.4759606 94.0920285625 0.0 92.4126296239 0.0
57849.4760764 85.6031467821 0.0 84.6638855416 0.0
57849.4761921 101.836445863 0.0 104.668091422 0.0
57849.4763194 85.4516481643 0.0 85.9318603197 0.0
57849.4763889 87.5549927132 0.0 87.980502806 0.0
57849.4764352 89.8242301943 0.0 90.1853611902 0.0
57849.4765509 83.5674146842 0.0 84.416994693 0.0
57849.4766782 85.1503033406 0.0 85.2174990187 0.0
57849.476794 83.0665648742 0.0 82.9485464369 0.0
57849.4769097 83.2223581978 0.0 82.7856430971 0.0
57849.477037 91.5290939756 0.0 90.0285416076 0.0
57849.4770833 88.9650340021 0.0 88.2656119392 0.0
57849.4771528 86.5971616971 0.0 86.5960541884 0.0
57849.4772685 83.390547294 0.0 83.6282065514 0.0
57849.4773958 85.5798808775 0.0 87.166589861 0.0
57849.4775116 89.2730874452 0.0 89.0785107868 0.0
57849.4776273 82.894779142 0.0 83.667848078 0.0
57849.4777546 88.2605467239 0.0 88.0060587289 0.0
57849.4777778 91.2696415409 0.0 91.7422762308 0.0
57849.4778704 94.6166579678 0.0 96.0088897967 0.0
57849.4779861 82.3074528156 0.0 82.0029406485 0.0
57849.4781134 86.6966570693 0.0 87.1971626316 0.0
57849.4782292 88.5906025321 0.0 88.6201880725 0.0
57849.4783449 84.8745133359 0.0 83.4334501504 0.0
57849.4784722 83.2286903297 0.0 83.4633073811 0.0
57849.4806134 84.8194596363 0.0 84.7254299251 0.0
57849.4807407 82.684983939 0.0 82.1793137779 0.0
57849.4808565 84.261340305 0.0 84.8898127634 0.0
57849.4809722 81.9099134415 0.0 81.5637484119 0.0
57849.4810995 88.5396245531 0.0 86.6795895064 0.0
57849.4812153 84.1608314182 0.0 84.835672379 0.0
57849.48125 83.4008164768 0.0 83.4602180742 0.0
57849.481331 82.6150079586 0.0 82.103281999 0.0
57849.4814583 83.607384022 0.0 82.7912634642 0.0
57849.4815741 83.4883608655 0.0 83.546976983 0.0
57849.4816898 83.6885007513 0.0 83.3657162567 0.0
57849.4818171 83.3453467207 0.0 82.9386641863 0.0
57849.4819329 88.2130529854 0.0 87.0429111358 0.0
57849.4819444 85.7363765913 0.0 85.6015674097 0.0
57849.4820486 83.5012379309 0.0 84.2767489881 0.0
57849.4821759 81.5430162552 0.0 81.8503446663 0.0
57849.4822917 81.8632728701 0.0 82.0665949702 0.0
57849.4824074 81.3773001641 0.0 81.4070415259 0.0
57849.4825347 81.2142565625 0.0 81.5934071785 0.0
57849.4826389 81.9970795151 0.0 81.7737537906 0.0
57849.4826505 82.8060200952 0.0 81.9578026609 0.0
57849.4827662 81.7079984457 0.0 81.2981054392 0.0
57849.4828935 81.2390351247 0.0 81.0547946207 0.0
57849.4830093 81.4107207007 0.0 81.8335791653 0.0
57849.483125 81.6684104596 0.0 81.3933931717 0.0
57849.4832523 81.2857309249 0.0 81.1703298379 0.0
57849.4833333 81.6337592299 0.0 81.3274622806 0.0
57849.4833681 81.9740089175 0.0 81.4731628575 0.0
57849.4834838 80.7051879807 0.0 80.6458017506 0.0
57849.4835995 81.3047826945 0.0 81.0226929508 0.0
57849.4837269 83.3407140178 0.0 83.5382205161 0.0
57849.4838426 82.111406053 0.0 82.174701046 0.0
57849.4839583 82.5056185602 0.0 82.3252416638 0.0
57849.4840278 81.9524046749 0.0 81.994534513 0.0
57849.4840856 81.3913554439 0.0 81.6491871668 0.0
57849.4842014 82.0767893804 0.0 82.241959528 0.0
57849.4843171 85.0461713659 0.0 84.4299625133 0.0
57849.4844444 81.4173726609 0.0 81.4063486468 0.0
57849.4845602 82.4241708785 0.0 82.257454258 0.0
57849.4846759 80.2508913533 0.0 80.5548223634 0.0
57849.4847222 80.4271561539 0.0 80.5833601992 0.0
57849.4848032 80.6103888156 0.0 80.6173953499 0.0
57849.484919 80.237542572 0.0 80.1286151571 0.0
57849.4850347 81.5538442135 0.0 81.5866025644 0.0
57849.485162 80.7439691123 0.0 81.034054835 0.0
57849.4852778 86.3464124906 0.0 85.8561220007 0.0
57849.4853935 84.8023262594 0.0 85.5197752219 0.0
57849.4854167 82.9433616331 0.0 83.4895315713 0.0
57849.4855208 81.1979704488 0.0 81.5935061754 0.0
57849.4856366 83.8780923126 0.0 85.6277968828 0.0
57849.4857523 90.7998062333 0.0 89.4738899512 0.0
57849.4858796 83.3027201297 0.0 82.3836250902 0.0
57849.4859954 90.0961405333 0.0 88.5725632631 0.0
57849.4861111 87.6634209919 0.0 86.3851604502 0.0
57849.4937616 77.8012175419 0.0 78.1465248364 0.0
57849.4938773 79.1445320095 0.0 79.1950761033 0.0
57849.4940046 77.5156392414 0.0 77.6409689468 0.0
57849.4941204 77.679554749 0.0 77.7337460695 0.0
57849.4942361 79.253575913 0.0 78.3230487851 0.0
57849.4943634 77.1253214386 0.0 77.0877639253 0.0
57849.4944444 77.0774222 0.0 77.1761868843 0.0
57849.4944792 77.0449732169 0.0 77.2806355758 0.0
57849.4945949 77.2989995407 0.0 77.0962146088 0.0
57849.4947222 77.3261935504 0.0 77.2230500045 0.0
57849.494838 77.3804467679 0.0 77.0224310315 0.0
57849.4949537 77.3081066189 0.0 77.0582758696 0.0
57849.495081 77.5952808939 0.0 77.5871401587 0.0
57849.4951389 77.6403288569 0.0 77.6659570082 0.0
57849.4951968 77.695519253 0.0 77.7551368528 0.0
57849.4953125 77.3040859787 0.0 77.1601079704 0.0
57849.4954398 77.4740740183 0.0 78.5759512128 0.0
57849.4955556 76.9014213328 0.0 76.6261980265 0.0
57849.4956713 77.1501570899 0.0 77.1281372069 0.0
57849.4957986 76.8103042436 0.0 77.1335091319 0.0
57849.4958333 76.7916528537 0.0 76.8918836289 0.0
57849.4959144 76.7619670019 0.0 76.6412660386 0.0
57849.4960301 76.7220085699 0.0 76.772303743 0.0
57849.4961574 76.5731308489 0.0 76.5066238766 0.0
57849.4962731 76.4277546838 0.0 76.4779300583 0.0
57849.4963889 76.6701105451 0.0 76.7882301268 0.0
57849.4965162 76.615078529 0.0 76.45487422 0.0
57849.4965278 76.5027863479 0.0 76.5098323943 0.0
57849.4966319 76.3857956233 0.0 76.5599698929 0.0
57849.4967477 76.5646794939 0.0 76.9097617861 0.0
57849.496875 77.1988003599 0.0 76.7776224886 0.0
57849.4969907 76.1703312124 0.0 76.3161941203 0.0
57849.4971065 77.413977433 0.0 77.0196431698 0.0
57849.4972222 76.405304325 0.0 76.2139124242 0.0
57849.4973495 76.1105799347 0.0 76.1380187357 0.0
57849.4974653 76.9053414075 0.0 76.6549079577 0.0
57849.497581 76.1617181529 0.0 76.0885770139 0.0
57849.4977083 76.3181358656 0.0 76.3347702099 0.0
57849.4978241 76.0491871094 0.0 76.096699935 0.0
57849.4979167 76.0498121102 0.0 76.0391485552 0.0
57849.4979398 76.0587650307 0.0 75.9899553823 0.0
57849.4980671 75.9521189698 0.0 76.0804966138 0.0
57849.4981829 75.9554753721 0.0 75.9570867267 0.0
57849.4982986 75.8349902683 0.0 75.9937521642 0.0
57849.4984259 75.8529432784 0.0 75.9656154191 0.0
57849.4985417 75.7789198524 0.0 75.7693019369 0.0
57849.4986111 75.7763234724 0.0 75.7581610455 0.0
57849.4986574 75.7659938825 0.0 75.7392843378 0.0
57849.4987847 75.9843769863 0.0 75.7985483502 0.0
57849.4989005 75.6580024386 0.0 75.7260020535 0.0
57849.4990162 75.7288381332 0.0 75.6958111985 0.0
57849.4991435 75.9413941273 0.0 75.6405016443 0.0
57849.4992593 75.5214870351 0.0 75.6014174999 0.0
57849.4993056 75.6022202452 0.0 75.698009604 0.0
57849.501412 74.9771088266 0.0 75.139643651 0.0
57849.5015278 75.0382496931 0.0 75.0729538049 0.0
57849.5016435 74.9240353225 0.0 75.0044519612 0.0
57849.5017708 75.3670563376 0.0 75.3827681304 0.0
57849.5018866 75.0907525931 0.0 75.2848438266 0.0
57849.5020023 75.3101132651 0.0 75.1756025383 0.0
57849.5020833 75.1488831254 0.0 75.0709103581 0.0
57849.5021296 74.9706899461 0.0 74.9487198757 0.0
57849.5022454 74.9008201157 0.0 74.8799903512 0.0
57849.5023611 74.7874235617 0.0 74.7362584827 0.0
57849.5024884 74.8346584278 0.0 74.8246480847 0.0
57849.5026042 74.6703998047 0.0 74.8292928872 0.0
57849.5027199 74.7780395437 0.0 75.0127366452 0.0
57849.5027778 74.8557739189 0.0 74.9290663161 0.0
57849.5028472 74.9422274289 0.0 74.8538278981 0.0
57849.502963 74.8201116746 0.0 74.7448520301 0.0
57849.5030787 74.5254100358 0.0 74.6838803893 0.0
57849.503206 74.566756078 0.0 74.5368443188 0.0
57849.5033218 74.6896481783 0.0 74.6221954113 0.0
57849.5034375 74.700163708 0.0 74.5648045931 0.0
57849.5034722 74.6211002331 0.0 74.5563919191 0.0
57849.5035648 74.5506387297 0.0 74.5564402584 0.0
57849.5036806 74.7055193075 0.0 74.6685469458 0.0
57849.5037963 74.3943421639 0.0 74.4084645924 0.0
57849.5039236 74.628131271 0.0 74.6171731507 0.0
57849.5040394 74.6126993413 0.0 74.9025547962 0.0
57849.5041551 74.4060525361 0.0 74.4280847866 0.0
57849.5041667 74.3928066012 0.0 74.418735813 0.0
57849.5042824 74.3460708377 0.0 74.3758841628 0.0
57849.5043981 74.2481467715 0.0 74.303269309 0.0
57849.5045139 74.1003928802 0.0 74.2039769824 0.0
57849.5046412 74.1597572946 0.0 74.1892008112 0.0
57849.5047569 74.2809270944 0.0 74.8823881564 0.0
57849.5048611 74.3412687005 0.0 74.7106516971 0.0
57849.5048727 74.4362684315 0.0 74.5739953201 0.0
57849.505 74.3662123481 0.0 74.5620254687 0.0
57849.5051157 74.6259706135 0.0 74.4946242557 0.0
57849.5052315 74.1423084008 0.0 74.1912141362 0.0
57849.5053588 74.9889270093 0.0 74.4428402803 0.0
57849.5054745 73.9271417005 0.0 73.8712346113 0.0
57849.5055556 73.9009435934 0.0 73.8883000075 0.0
57849.5055903 73.880364861 0.0 73.9110173993 0.0
57849.5057176 74.543810454 0.0 74.3118561536 0.0
57849.5058333 73.9071492347 0.0 74.181471076 0.0
57849.5059491 75.4028645278 0.0 75.1073020951 0.0
57849.5060648 73.8344154781 0.0 74.1010133871 0.0
57849.5061921 74.0511368515 0.0 73.8605336631 0.0
57849.50625 74.0916478154 0.0 73.9326929714 0.0
57849.5063079 74.1177975185 0.0 73.990685799 0.0
57849.5064236 73.7379384306 0.0 73.7635419499 0.0
57849.5065509 73.7425884683 0.0 73.7063913918 0.0
57849.5066667 73.6501485606 0.0 73.6126179809 0.0
57849.5067824 74.3332724424 0.0 74.1472166234 0.0
57849.5069097 74.3076405089 0.0 75.0984243044 0.0
57849.5069444 74.1553159457 0.0 74.5774557222 0.0
57849.5146759 72.3731485221 0.0 72.3257298892 0.0
57849.5147917 72.4727077181 0.0 72.2926602637 0.0
57849.5149074 72.3015468438 0.0 72.621204369 0.0
57849.5150347 72.2719594172 0.0 72.319653221 0.0
57849.5151505 72.2350621305 0.0 72.6666132553 0.0
57849.5152662 72.7815685802 0.0 72.5715974607 0.0
57849.5152778 72.5668794768 0.0 72.4602995371 0.0
57849.5153935 72.3529875886 0.0 72.3485420517 0.0
57849.5155093 72.3857624053 0.0 72.2309564868 0.0
57849.515625 72.9251245868 0.0 73.0326375944 0.0
57849.5157523 72.3978332756 0.0 72.2147381287 0.0
57849.5158681 72.1127042691 0.0 72.0475314428 0.0
57849.5159722 72.0936273467 0.0 72.0986243974 0.0
57849.5159838 72.087459485 0.0 72.1628216743 0.0
57849.5161111 72.4718311139 0.0 72.5844907263 0.0
57849.5162269 72.141143254 0.0 72.0463901386 0.0
57849.5163426 72.2285272382 0.0 72.0912003437 0.0
57849.5164699 72.5098534614 0.0 72.8448410047 0.0
57849.5165856 72.1740750478 0.0 71.9617414186 0.0
57849.5166667 72.1718651623 0.0 72.1078686968 0.0
57849.5167014 72.1528644269 0.0 72.2381592097 0.0
57849.5168287 72.3194083632 0.0 72.7521346422 0.0
57849.5169444 72.3813116972 0.0 72.0228468335 0.0
57849.5170602 72.2276798464 0.0 72.2680233367 0.0
57849.5171875 71.9617380349 0.0 72.070859784 0.0
57849.5173032 72.471369809 0.0 72.3718473787 0.0
57849.5173611 72.5186214844 0.0 72.2673077055 0.0
57849.517419 72.5853365288 0.0 72.1822600782 0.0
57849.5175463 71.834667181 0.0 71.8811602438 0.0
57849.517662 72.3877455927 0.0 72.7118943021 0.0
57849.5177778 71.7115713257 0.0 71.7657867929 0.0
57849.5179051 71.6592364319 0.0 71.6665744333 0.0
57849.5180208 71.686954657 0.0 71.6976895095 0.0
57849.5180556 71.7268452743 0.0 71.7068373239 0.0
57849.5181366 71.7643600682 0.0 71.713535145 0.0
57849.5182639 71.6076178699 0.0 71.6658357587 0.0
57849.5183796 71.7350867986 0.0 71.6621555495 0.0
57849.5184954 71.6106086973 0.0 71.7701607982 0.0
57849.5186227 71.5840429775 0.0 71.6257240522 0.0
57849.5187384 71.6246608299 0.0 71.6343429648 0.0
57849.51875 71.6136789866 0.0 71.6242946423 0.0
57849.5188542 71.6004996002 0.0 71.6120481064 0.0
57849.5189815 72.0774276733 0.0 71.5874575607 0.0
57849.5190972 71.9513076601 0.0 72.1597871463 0.0
57849.519213 72.0134226516 0.0 71.6595255078 0.0
57849.5193403 71.9940139664 0.0 71.7658428293 0.0
57849.5194444 71.754656483 0.0 71.6549764566 0.0
57849.519456 71.5139319504 0.0 71.5409677737 0.0
57849.5195718 71.7352982778 0.0 71.6239244945 0.0
57849.5196875 71.532291058 0.0 71.522765977 0.0
57849.5198148 71.7125504288 0.0 71.6866502007 0.0
57849.5199306 72.4513345771 0.0 72.5043977908 0.0
57849.5200463 71.5353447465 0.0 71.5674665753 0.0
57849.5201389 71.8251141941 0.0 71.8849270918 0.0
57849.525787 74.0842362855 0.0 74.34310884 0.0
57849.5259028 70.9631323224 0.0 70.8063906438 0.0
57849.5260301 71.9888775923 0.0 71.7054190072 0.0
57849.5261458 72.3317070585 0.0 72.11187353 0.0
57849.5262616 71.301044221 0.0 71.4161233966 0.0
57849.5263889 73.0679521062 0.0 73.0896486925 0.0
57849.5265046 71.2441411977 0.0 70.8795002169 0.0
57849.5266204 71.8465151069 0.0 72.7836994113 0.0
57849.5267477 71.4105360644 0.0 71.7390085658 0.0
57849.5268634 71.4041924469 0.0 71.8715733096 0.0
57849.5269792 71.9343630333 0.0 72.8582477555 0.0
57849.5270833 71.4771686834 0.0 71.8699140879 0.0
57849.5271065 71.0254906002 0.0 70.9170425215 0.0
57849.5272222 70.624419856 0.0 70.7365889409 0.0
57849.527338 70.89281398 0.0 70.7641194321 0.0
57849.5274653 70.7759793645 0.0 70.675834965 0.0
57849.527581 72.1195004073 0.0 72.0901371271 0.0
57849.5276968 71.004680564 0.0 70.7195509813 0.0
57849.5277778 71.0859378147 0.0 70.7367483349 0.0
57849.5278241 71.1897572548 0.0 70.776021123 0.0
57849.5279398 71.4319725333 0.0 71.4652794439 0.0
57849.5280556 70.9970644604 0.0 70.8792281772 0.0
57849.5281829 70.7272237473 0.0 70.7535042595 0.0
57849.5282986 72.306160111 0.0 72.7083967572 0.0
57849.5284144 70.5338333568 0.0 70.4888046359 0.0
57849.5284722 71.0078967228 0.0 70.9656377622 0.0
57849.5285301 71.4971832102 0.0 71.4578121901 0.0
57849.5286574 70.5417169907 0.0 70.6140561716 0.0
57849.5287731 71.463225319 0.0 70.9178863969 0.0
57849.5288889 70.5044411438 0.0 70.6098848887 0.0
57849.5290162 72.1684845067 0.0 72.1218408875 0.0
57849.5291319 71.0665571771 0.0 71.0712814363 0.0
57849.5291667 70.8901509238 0.0 70.8899361828 0.0
57849.5292477 70.7053467992 0.0 70.7002683093 0.0
57849.529375 70.524429902 0.0 70.6984382854 0.0
57849.5294907 70.48313953 0.0 70.4571074342 0.0
57849.5296065 71.1503649604 0.0 71.0204359322 0.0
57849.5297338 71.5420273476 0.0 71.4263691923 0.0
57849.5298495 71.2712517429 0.0 71.1371881648 0.0
57849.5298611 71.4298160714 0.0 71.1873096275 0.0
57849.5299653 71.5814367766 0.0 71.2295227486 0.0
57849.5300926 70.9424485551 0.0 70.6674093271 0.0
57849.5302083 70.5351756218 0.0 70.4753952383 0.0
57849.5303241 70.2967969612 0.0 70.5298428752 0.0
57849.5304514 70.7817545699 0.0 70.6369293571 0.0
57849.5305556 70.9746101081 0.0 70.9297677213 0.0
57849.5305671 71.1734222656 0.0 71.2307461915 0.0
57849.5306829 70.8993973881 0.0 71.366284904 0.0
57849.5308102 71.2506912809 0.0 70.6871480752 0.0
57849.5309259 70.8386466839 0.0 70.7891687831 0.0
57849.5310417 70.8758037909 0.0 70.7473570248 0.0
57849.531169 70.2373769798 0.0 70.4063718707 0.0
57849.53125 70.2847995658 0.0 70.4774563389 0.0
57849.5334375 70.1238723332 0.0 70.2703223203 0.0
57849.5335532 70.6823078146 0.0 70.9027956642 0.0
57849.533669 71.0215869789 0.0 71.5052057406 0.0
57849.5337963 70.1071969558 0.0 70.106179963 0.0
57849.533912 70.0357112765 0.0 70.1296806851 0.0
57849.5340278 70.1630307712 0.0 70.1860581526 0.0
57849.5341551 70.3519397245 0.0 70.2186723885 0.0
57849.5342708 71.022133191 0.0 71.4961370355 0.0
57849.5343866 71.1969071098 0.0 71.4285612413 0.0
57849.5345139 70.1271765295 0.0 70.1168437253 0.0
57849.5346296 71.0793194537 0.0 71.1129187841 0.0
57849.5347222 70.8049015817 0.0 70.8133732497 0.0
57849.5347454 70.5521523981 0.0 70.5360570559 0.0
57849.5348727 70.1948720848 0.0 70.4290945136 0.0
57849.5349884 69.8543175187 0.0 69.8852681042 0.0
57849.5351042 69.9958906437 0.0 69.9036701325 0.0
57849.5352315 70.0088866002 0.0 70.0155523295 0.0
57849.5353472 69.8626885111 0.0 69.8022485311 0.0
57849.5354167 69.8953667992 0.0 69.8496722755 0.0
57849.535463 69.9157931443 0.0 69.8849057594 0.0
57849.5355903 69.8216757103 0.0 69.9432453208 0.0
57849.535706 70.0547813928 0.0 70.0389443381 0.0
57849.5358218 69.918212706 0.0 70.0689500349 0.0
57849.5359491 70.0533268732 0.0 69.9773439407 0.0
57849.5360648 70.0222166387 0.0 69.8912195916 0.0
57849.5361111 70.0459816977 0.0 70.130976109 0.0
57849.5361806 70.096761851 0.0 70.4005618372 0.0
57849.5363079 70.361056068 0.0 70.1441399976 0.0
57849.5364236 69.7739518087 0.0 69.7487991725 0.0
57849.5365394 70.0726228637 0.0 69.9169657665 0.0
57849.5366667 71.2563025914 0.0 71.8186685619 0.0
57849.5367824 69.9371603799 0.0 69.8664398549 0.0
57849.5368056 70.0303726607 0.0 70.0090817537 0.0
57849.5368981 70.1084539838 0.0 70.1370677388 0.0
57849.5370255 69.8355075087 0.0 70.0083016863 0.0
57849.5371412 69.8170177321 0.0 70.0038584722 0.0
57849.5372569 70.0089079761 0.0 70.0576665612 0.0
57849.5373727 70.1753830841 0.0 70.31798334 0.0
57849.5375 70.1152340508 0.0 69.8379971148 0.0
57849.5376157 69.914788264 0.0 69.8683860555 0.0
57849.5377315 70.3974122891 0.0 70.1156165415 0.0
57849.5378588 70.5816131156 0.0 70.8487538211 0.0
57849.5379745 69.6425418835 0.0 69.7169136795 0.0
57849.5380903 71.7781899674 0.0 71.3203254129 0.0
57849.5381944 71.1030692516 0.0 71.0389109221 0.0
57849.5382176 70.4477721365 0.0 70.762158722 0.0
57849.5383333 70.555398617 0.0 70.7753379999 0.0
57849.5384491 69.6574015306 0.0 69.6885011462 0.0
57849.5385764 69.8425009933 0.0 69.883196378 0.0
57849.5386921 69.702333806 0.0 69.6757302438 0.0
57849.5388079 70.1578763005 0.0 70.0834736939 0.0
57849.5388889 70.7489836181 0.0 70.5627266055 0.0
57849.5465741 69.3033218612 0.0 69.4505137562 0.0
57849.5467014 69.6301703789 0.0 69.6200649238 0.0
57849.5468171 69.4678756261 0.0 69.4935680333 0.0
57849.5469329 69.3679509716 0.0 69.3092319608 0.0
57849.5470602 69.3295729974 0.0 69.3177738174 0.0
57849.5471759 69.8066114347 0.0 69.8423974173 0.0
57849.5472222 69.6221615149 0.0 69.6043685554 0.0
57849.5472917 69.4583974189 0.0 69.3879350608 0.0
57849.547419 69.2577407515 0.0 69.4718113698 0.0
57849.5475347 69.50994918 0.0 69.4837772865 0.0
57849.5476505 69.6169171466 0.0 69.5314750814 0.0
57849.5477778 69.5145191741 0.0 69.5034370229 0.0
57849.5478935 69.4627736633 0.0 69.3554539528 0.0
57849.5479167 69.5317403133 0.0 69.4121890521 0.0
57849.5480093 69.5893528638 0.0 69.4575312619 0.0
57849.5481366 69.3658907029 0.0 69.3522632291 0.0
57849.5482523 69.5892911517 0.0 69.9423768827 0.0
57849.5483681 70.3156397326 0.0 69.8723146604 0.0
57849.5484954 69.3063138105 0.0 69.3413349165 0.0
57849.5486111 69.2913438389 0.0 69.322688977 0.0
57849.5487269 69.3696591386 0.0 69.5753446344 0.0
57849.5488542 69.3362896325 0.0 69.3785968581 0.0
57849.5489699 69.3418941189 0.0 69.4845161601 0.0
57849.5490856 69.2110063646 0.0 69.4055096372 0.0
57849.549213 69.2514459344 0.0 69.2990975627 0.0
57849.5493056 69.2172129387 0.0 69.2594064731 0.0
57849.5493287 69.191467263 0.0 69.2282204668 0.0
57849.5494444 69.2616643245 0.0 69.2187743824 0.0
57849.5495718 69.2728486422 0.0 69.2387076136 0.0
57849.5496875 69.1160307526 0.0 69.164397366 0.0
57849.5498032 69.4159389406 0.0 69.8337539733 0.0
57849.5499306 69.1691431131 0.0 69.1000249566 0.0
57849.55 69.1602096946 0.0 69.1691694977 0.0
57849.5500463 69.1606160181 0.0 69.2478916719 0.0
57849.550162 69.37476276 0.0 69.1950938723 0.0
57849.5502894 69.7720717121 0.0 69.7378746235 0.0
57849.5504051 69.491817432 0.0 69.3725885347 0.0
57849.5505208 69.1761728415 0.0 69.2065418945 0.0
57849.5506481 69.3373774958 0.0 69.1684180461 0.0
57849.5506944 69.3672400128 0.0 69.2259634964 0.0
57849.5507639 69.37692633 0.0 69.2634643445 0.0
57849.5508796 69.1445584844 0.0 69.1708388051 0.0
57849.5509954 69.1548267657 0.0 69.1392134899 0.0
57849.5511227 69.1001595512 0.0 69.1037335822 0.0
57849.5512384 69.1729284836 0.0 69.1461123347 0.0
57849.5513542 69.2177255694 0.0 69.1188651383 0.0
57849.5513889 69.1712260987 0.0 69.0777131859 0.0
57849.5514815 69.1339734067 0.0 69.045781218 0.0
57849.5515972 69.1869262795 0.0 69.3437308486 0.0
57849.551713 69.0306717119 0.0 69.0072746165 0.0
57849.5518403 69.3527776517 0.0 69.5390978227 0.0
57849.551956 69.8363508497 0.0 69.6025249039 0.0
57849.5520718 69.1703473029 0.0 69.3026411474 0.0
57849.5520833 69.2938307716 0.0 69.4768525626 0.0
57849.5542245 69.0451579475 0.0 69.3956488261 0.0
57849.5543519 68.9647230329 0.0 68.8342899942 0.0
57849.5544676 69.2807230693 0.0 69.1082996535 0.0
57849.5545833 69.4905896651 0.0 69.8952285496 0.0
57849.5547106 68.8156921131 0.0 68.8100789856 0.0
57849.5548264 69.7845122502 0.0 69.5291016841 0.0
57849.5548611 69.5426215569 0.0 69.417948666 0.0
57849.5549421 69.3129171439 0.0 69.3170977465 0.0
57849.5550694 69.5441420394 0.0 69.5238656722 0.0
57849.5551852 70.5836285197 0.0 70.3863177329 0.0
57849.5553009 69.7094339383 0.0 69.4707012344 0.0
57849.5554167 69.4306050672 0.0 69.8579002834 0.0
57849.555544 69.1875875645 0.0 69.2698607477 0.0
57849.5555556 69.1680902946 0.0 69.2358489224 0.0
57849.5556597 69.148336126 0.0 69.2016124306 0.0
57849.5557755 69.59491161 0.0 69.1850491508 0.0
57849.5559028 69.7057970903 0.0 70.0625890187 0.0
57849.5560185 68.9319010981 0.0 69.0708137132 0.0
57849.5561343 70.1492271447 0.0 70.0821053051 0.0
57849.55625 69.6482037888 0.0 69.5657305431 0.0
57849.5562616 69.1531357785 0.0 69.0559804651 0.0
57849.5563773 68.8462658682 0.0 68.8718143873 0.0
57849.5564931 69.1756421654 0.0 69.2429051023 0.0
57849.5566204 68.8147097284 0.0 68.8178293686 0.0
57849.5567361 69.7644606157 0.0 69.5262643251 0.0
57849.5568519 69.1296435402 0.0 69.237691296 0.0
57849.5569444 69.3440929928 0.0 69.3154521878 0.0
57849.5569792 69.5483918649 0.0 69.3812954693 0.0
57849.5570949 69.0640843854 0.0 69.0945305144 0.0
57849.5572106 68.7752957027 0.0 68.6991600749 0.0
57849.557338 68.8833280047 0.0 68.7175261414 0.0
57849.5574537 68.7108766281 0.0 68.6501105971 0.0
57849.5575694 68.7040200934 0.0 68.7931490266 0.0
57849.5576389 68.8548034635 0.0 68.9363650623 0.0
57849.5576968 69.0149800188 0.0 69.0888757182 0.0
57849.5578125 69.4660740218 0.0 69.3696975343 0.0
57849.5579282 68.9144466422 0.0 68.8056362154 0.0
57849.5580556 68.637578126 0.0 68.6929373153 0.0
57849.5581713 68.8450842762 0.0 68.809475285 0.0
57849.558287 68.749400761 0.0 68.5414028015 0.0
57849.5583333 68.8178414657 0.0 68.6439550434 0.0
57849.5584144 68.8851306379 0.0 68.7456370179 0.0
57849.5585301 68.9448983029 0.0 69.0424883242 0.0
57849.5586458 68.8226318881 0.0 68.5405252241 0.0
57849.5587731 69.5062175348 0.0 69.7052684451 0.0
57849.5588889 68.6586606118 0.0 68.4942148433 0.0
57849.5590046 68.7613892966 0.0 68.7517470033 0.0
57849.5590278 68.7150800698 0.0 68.7665027975 0.0
57849.5591319 68.6669477478 0.0 68.7793918118 0.0
57849.5592477 68.4778748429 0.0 68.4531531341 0.0
57849.5593634 68.5564211726 0.0 68.5891505706 0.0
57849.5594907 68.8547655359 0.0 68.7379432701 0.0
57849.5596065 68.4982553135 0.0 68.6030642902 0.0
57849.5597222 68.9335250441 0.0 68.9289309797 0.0
57849.5673727 67.8769667929 0.0 67.8985101236 0.0
57849.5674884 68.0230716228 0.0 67.8784554627 0.0
57849.5676157 67.8430933478 0.0 67.8998412148 0.0
57849.5677315 68.1651376878 0.0 68.42699072 0.0
57849.5678472 67.991737954 0.0 68.0317351756 0.0
57849.5679745 68.0977570629 0.0 68.265471316 0.0
57849.5680556 67.9948231118 0.0 68.1672681571 0.0
57849.5680903 67.902702958 0.0 68.079864615 0.0
57849.568206 67.9200520686 0.0 67.9402997786 0.0
57849.5683333 67.8384212817 0.0 67.8702887499 0.0
57849.5684491 68.3853722955 0.0 68.6655202121 0.0
57849.5685648 68.0423145844 0.0 68.0292420361 0.0
57849.5686806 67.9675501986 0.0 67.8733282667 0.0
57849.56875 68.0691051506 0.0 67.9639826526 0.0
57849.5688079 68.163718942 0.0 68.0476192236 0.0
57849.5689236 68.2287200085 0.0 67.9957132399 0.0
57849.5690394 67.8473373096 0.0 67.8752461432 0.0
57849.5691667 68.2339366811 0.0 68.2097936297 0.0
57849.5692824 67.9026238153 0.0 67.9153680767 0.0
57849.5693981 67.8766242163 0.0 67.8442738704 0.0
57849.5694444 67.8383507833 0.0 67.8533125647 0.0
57849.5695255 67.8049186564 0.0 67.8671429412 0.0
57849.5696412 68.086418844 0.0 68.0477201161 0.0
57849.5697569 68.9192522377 0.0 68.9111585231 0.0
57849.5698843 69.4433875326 0.0 69.6315122269 0.0
57849.57 69.3474459948 0.0 68.8727117224 0.0
57849.5701157 68.2197377377 0.0 68.3638598164 0.0
57849.5701389 68.2638301665 0.0 68.236252806 0.0
57849.5702431 68.295252119 0.0 68.096660946 0.0
57849.5703588 68.0590012563 0.0 68.0204756232 0.0
57849.5704745 68.726393358 0.0 68.6531691475 0.0
57849.5706019 70.3964364936 0.0 70.8934175153 0.0
57849.5707176 69.4470244503 0.0 68.9730124831 0.0
57849.5708333 69.090889631 0.0 69.0100029778 0.0
57849.5709606 67.9984924392 0.0 67.8731517391 0.0
57849.5710764 68.033581333 0.0 68.1729367638 0.0
57849.5711921 67.8036882404 0.0 67.8348552368 0.0
57849.5713194 67.9823764957 0.0 68.1116657776 0.0
57849.5714352 68.2194143774 0.0 67.9960755706 0.0
57849.5715278 69.2502787648 0.0 69.7256101372 0.0
57849.5715509 70.3060957172 0.0 71.5702257437 0.0
57849.5716782 72.4214616533 0.0 73.6897461049 0.0
57849.571794 69.2760236734 0.0 69.1360842252 0.0
57849.5719097 68.7816740128 0.0 69.0393079412 0.0
57849.572037 67.899744057 0.0 67.9678748086 0.0
57849.5721528 67.826081768 0.0 67.7958525501 0.0
57849.5722222 67.8428722859 0.0 67.897216968 0.0
57849.5722685 67.8669320362 0.0 68.006387075 0.0
57849.5723958 68.207623049 0.0 68.1300916703 0.0
57849.5725116 69.1501946129 0.0 69.0908730152 0.0
57849.5726273 71.0789748167 0.0 71.2819009988 0.0
57849.5727546 68.3378375792 0.0 68.207527869 0.0
57849.5728704 67.8655343234 0.0 67.9510856573 0.0
57849.5729167 68.0193034145 0.0 68.1040269661 0.0
57849.5784838 67.2381321275 0.0 67.3613232872 0.0
57849.5785995 67.2821674146 0.0 67.2909584343 0.0
57849.5787269 67.3825628186 0.0 67.3786731837 0.0
57849.5788426 67.0512893165 0.0 67.2119807772 0.0
57849.5789583 67.3819397984 0.0 67.5557554617 0.0
57849.5790856 67.1149513372 0.0 67.2276226339 0.0
57849.5791667 67.1761531944 0.0 67.2381990984 0.0
57849.5792014 67.2256319048 0.0 67.2368893168 0.0
57849.5793171 67.6614017517 0.0 67.5146229494 0.0
57849.5794444 67.0665638377 0.0 67.1464740102 0.0
57849.5795602 67.2112170177 0.0 67.0645648759 0.0
57849.5796759 67.1239140843 0.0 67.1623861696 0.0
57849.5798032 68.0263638011 0.0 68.0172805175 0.0
57849.5798611 67.5600309281 0.0 67.4966833556 0.0
57849.579919 67.1030175924 0.0 66.9876837934 0.0
57849.5800347 67.4136879869 0.0 67.442972651 0.0
57849.580162 66.9570510402 0.0 66.9728784061 0.0
57849.5802778 67.3645750822 0.0 67.44500043 0.0
57849.5803935 67.1816720914 0.0 67.0710341727 0.0
57849.5805208 67.2818089011 0.0 67.5075487038 0.0
57849.5805556 67.2332720459 0.0 67.205390141 0.0
57849.5806366 67.1974804736 0.0 66.9196736095 0.0
57849.5807523 67.0160575982 0.0 67.0690135905 0.0
57849.5808796 67.0855927007 0.0 66.9870914207 0.0
57849.5809954 67.0385954656 0.0 67.0474409355 0.0
57849.5811111 66.9081055628 0.0 66.9950505784 0.0
57849.5812384 67.1368038858 0.0 67.3268490351 0.0
57849.58125 67.2030807032 0.0 67.264624789 0.0
57849.5813542 67.2513315928 0.0 67.184376413 0.0
57849.5814699 66.8938788754 0.0 66.9331952621 0.0
57849.5815972 67.0905527627 0.0 67.0279508414 0.0
57849.581713 67.4703224759 0.0 67.3718314802 0.0
57849.5818287 66.9879402654 0.0 67.0334258188 0.0
57849.5819444 67.0083113278 0.0 67.0252639458 0.0
57849.581956 67.0365927684 0.0 67.0249660574 0.0
57849.5820718 67.6808238277 0.0 67.8360860973 0.0
57849.5821875 67.0775345775 0.0 67.0865862897 0.0
57849.5823032 67.0814734036 0.0 67.0187090595 0.0
57849.5824306 66.9179294958 0.0 66.776919306 0.0
57849.5825463 67.2634199993 0.0 67.0738743178 0.0
57849.5826389 67.0640658922 0.0 66.9439098425 0.0
57849.582662 66.8819157919 0.0 66.8301660704 0.0
57849.5827894 67.3292654052 0.0 67.6531880845 0.0
57849.5829051 67.9995701898 0.0 68.0022847557 0.0
57849.5830208 68.094046568 0.0 67.3347651143 0.0
57849.5831481 68.7309438026 0.0 68.3819519464 0.0
57849.5832639 67.7945103677 0.0 67.3638351937 0.0
57849.5833333 67.4221004123 0.0 67.2004156088 0.0
57849.5833796 67.0304756435 0.0 67.0128272945 0.0
57849.5835069 67.9092894897 0.0 67.8612038281 0.0
57849.5836227 67.4880335319 0.0 67.0495920047 0.0
57849.5837384 67.5729556775 0.0 67.8361969748 0.0
57849.5838657 67.4994552867 0.0 67.5715594093 0.0
57849.5839815 66.7958655831 0.0 66.6793699955 0.0
57849.5840278 66.7957561227 0.0 66.6750468691 0.0
57849.5861343 67.1624100074 0.0 66.9830922622 0.0
57849.58625 67.2872041922 0.0 66.9813555626 0.0
57849.5863773 66.6984243517 0.0 66.9050522009 0.0
57849.5864931 66.6608828699 0.0 66.6836087131 0.0
57849.5866088 67.0189772154 0.0 67.2635309882 0.0
57849.5867245 66.6489669012 0.0 66.8443048808 0.0
57849.5868056 66.7283265937 0.0 66.8135946496 0.0
57849.5868519 66.8292930009 0.0 66.8041520566 0.0
57849.5869676 67.0676479385 0.0 67.2526122764 0.0
57849.5870833 66.6575940685 0.0 66.5911983674 0.0
57849.5872106 66.8416029356 0.0 66.7827380166 0.0
57849.5873264 66.7552712825 0.0 66.7137723712 0.0
57849.5874421 67.2055445109 0.0 67.2948182701 0.0
57849.5875 67.1564945556 0.0 67.2245693181 0.0
57849.5875694 67.108158349 0.0 67.155156563 0.0
57849.5876852 66.7850935913 0.0 66.7812341605 0.0
57849.5878009 66.6656654733 0.0 66.7486676421 0.0
57849.5879282 66.9875810729 0.0 66.9475014321 0.0
57849.588044 66.726722518 0.0 66.6877620032 0.0
57849.5881597 66.7443088435 0.0 66.8611379054 0.0
57849.5881944 66.829665763 0.0 66.8646149843 0.0
57849.588287 66.8946562739 0.0 66.8474522402 0.0
57849.5884028 67.2129740675 0.0 67.3225100839 0.0
57849.5885185 66.7989672375 0.0 66.6911183067 0.0
57849.5886458 66.7443787071 0.0 66.7838178453 0.0
57849.5887616 66.6906195653 0.0 66.7103037469 0.0
57849.5888773 66.760037118 0.0 66.7461946331 0.0
57849.5888889 67.0062493802 0.0 67.0176753252 0.0
57849.5890046 67.2789708824 0.0 67.316293674 0.0
57849.5891204 66.871280891 0.0 66.8567722075 0.0
57849.5892361 66.7059140482 0.0 66.6808851921 0.0
57849.5893634 66.7036517066 0.0 66.8054784131 0.0
57849.5894792 67.6299583912 0.0 67.7026176673 0.0
57849.5895833 67.4835231445 0.0 67.4705477746 0.0
57849.5895949 67.3220941742 0.0 67.224983042 0.0
57849.5897222 66.8055442085 0.0 66.8356663167 0.0
57849.589838 69.7988685438 0.0 70.1001086304 0.0
57849.5899537 67.0184882327 0.0 66.9702161039 0.0
57849.590081 67.2254487899 0.0 67.2748496988 0.0
57849.5901968 67.0336973544 0.0 67.1555386845 0.0
57849.5902778 66.894853225 0.0 66.9173209715 0.0
57849.5903125 66.7632783946 0.0 66.6879910779 0.0
57849.5904398 66.8231013423 0.0 66.7421227262 0.0
57849.5905556 67.0594998714 0.0 67.1741599575 0.0
57849.5906713 66.7882366888 0.0 66.7031576764 0.0
57849.5907986 67.1543672146 0.0 67.1876309227 0.0
57849.5909144 66.9311336151 0.0 66.7090285569 0.0
57849.5909722 66.7952794215 0.0 66.7057192675 0.0
57849.5910301 66.6416391905 0.0 66.6837816339 0.0
57849.5911458 66.6794838837 0.0 66.6891864473 0.0
57849.5912731 66.6800206134 0.0 66.5983600098 0.0
57849.5913889 66.5877521245 0.0 66.621824232 0.0
57849.5915046 66.6365885832 0.0 66.5739400892 0.0
57849.5916319 66.8200159159 0.0 66.6132714855 0.0
57849.5916667 66.7141029094 0.0 66.6233735711 0.0
57849.5937847 66.5867527666 0.0 66.5407346142 0.0
57849.5939005 67.0025583243 0.0 66.9675645593 0.0
57849.5940162 66.634975696 0.0 66.6990298655 0.0
57849.5941435 66.685047177 0.0 66.6843676734 0.0
57849.5942593 66.5647086601 0.0 66.5550652468 0.0
57849.594375 66.9245000131 0.0 67.0110222128 0.0
57849.5944444 66.7514981929 0.0 66.7548282074 0.0
57849.5945023 66.5830225133 0.0 66.5046987287 0.0
57849.5946181 66.4820195015 0.0 66.6196087125 0.0
57849.5947338 66.559304759 0.0 66.4984580874 0.0
57849.5948611 66.5024466016 0.0 66.4996071718 0.0
57849.5949769 66.476640416 0.0 66.5108577978 0.0
57849.5950926 66.5010999984 0.0 66.5087735415 0.0
57849.5951389 66.5967552213 0.0 66.5809454649 0.0
57849.5952199 66.7030958652 0.0 66.6636113633 0.0
57849.5953356 66.5583311164 0.0 66.5992105584 0.0
57849.5954514 66.5517694956 0.0 66.6529432808 0.0
57849.5955671 66.7972593375 0.0 66.6620322222 0.0
57849.5956944 66.9864993413 0.0 67.0786275128 0.0
57849.5958102 66.9899182489 0.0 66.8146331727 0.0
57849.5958333 67.2338010304 0.0 67.09507315 0.0
57849.5959259 67.4726056559 0.0 67.3713123295 0.0
57849.5960532 66.5502906831 0.0 66.574973804 0.0
57849.596169 67.0038051755 0.0 67.4979759622 0.0
57849.5962847 66.5343190842 0.0 66.4895384177 0.0
57849.596412 66.5496603748 0.0 66.5847620931 0.0
57849.5965278 66.9948830807 0.0 66.8134582326 0.0
57849.5966435 67.0629770514 0.0 66.8608833325 0.0
57849.5967708 66.8392671339 0.0 66.8409111174 0.0
57849.5968866 67.0167578595 0.0 66.8357808812 0.0
57849.5970023 68.0546071255 0.0 67.6064388723 0.0
57849.5971296 67.3540822445 0.0 67.0412094909 0.0
57849.5972222 66.9849175934 0.0 66.8356202036 0.0
57849.5972454 66.6441337929 0.0 66.6544657319 0.0
57849.5973611 66.4202672834 0.0 66.4105047564 0.0
57849.5974884 67.1191204501 0.0 67.8779155838 0.0
57849.5976042 66.8621851049 0.0 66.634283856 0.0
57849.5977199 66.5330014053 0.0 66.8555188148 0.0
57849.5978472 66.3875020844 0.0 66.5152465154 0.0
57849.5979167 66.4981986448 0.0 66.6623938739 0.0
57849.597963 66.6089580762 0.0 66.8100185376 0.0
57849.5980787 66.4967417548 0.0 66.5058870026 0.0
57849.598206 66.4742428088 0.0 66.4625755821 0.0
57849.5983218 66.4560647646 0.0 66.5151287904 0.0
57849.5984375 66.5671546635 0.0 66.6458985535 0.0
57849.5985648 66.4493817052 0.0 66.5872767201 0.0
57849.5986111 66.7811613331 0.0 66.7850667739 0.0
57849.5986806 67.1230557186 0.0 66.9897459691 0.0
57849.5987963 66.5137816847 0.0 66.6982634107 0.0
57849.5989236 67.9694758476 0.0 68.1118935429 0.0
57849.5990394 66.6160581091 0.0 66.7358836909 0.0
57849.5991551 66.4932117738 0.0 66.5368626402 0.0
57849.5992824 66.6344735178 0.0 66.8583139482 0.0
57849.5993056 66.7363011561 0.0 66.9433782088 0.0
57849.600706 66.8172943182 0.0 66.8666205965 0.0
57849.6008333 66.7964780209 0.0 66.9765163845 0.0
57849.6009491 67.6064419933 0.0 68.2931291786 0.0
57849.6010648 66.8793743168 0.0 67.1418126059 0.0
57849.6011921 67.4013460696 0.0 67.3883206869 0.0
57849.6013079 66.3882873631 0.0 66.5168920501 0.0
57849.6013889 67.8047869328 0.0 67.6729097424 0.0
57849.6014236 69.2842650751 0.0 68.8600986131 0.0
57849.6015509 68.3068228291 0.0 68.3979971856 0.0
57849.6016667 66.8214667005 0.0 66.8575219777 0.0
57849.6017824 69.5238279944 0.0 69.7879328824 0.0
57849.6019097 67.6225871954 0.0 67.574603913 0.0
57849.6020255 70.4707990873 0.0 70.7166715775 0.0
57849.6020833 68.639150155 0.0 68.8426958798 0.0
57849.6021412 66.9643843323 0.0 67.1313474466 0.0
57849.6022685 66.8842398776 0.0 67.086825577 0.0
57849.6023843 66.387252308 0.0 66.3773533217 0.0
57849.6025 66.5347382876 0.0 66.4952078198 0.0
57849.6026273 67.7421488218 0.0 67.4215271853 0.0
57849.6027431 67.3287480353 0.0 67.1668940625 0.0
57849.6027778 67.9448799837 0.0 68.0777660988 0.0
57849.6028588 68.5622979997 0.0 69.0105273853 0.0
57849.6029861 67.2002988089 0.0 67.3342287473 0.0
57849.6031019 66.947455747 0.0 66.7830018044 0.0
57849.6032176 66.3163136641 0.0 66.4526815185 0.0
57849.6033449 68.0556984609 0.0 67.8245140565 0.0
57849.6034606 67.0155683256 0.0 67.2165947367 0.0
57849.6034722 67.147823509 0.0 67.1111241599 0.0
57849.6035764 67.2780095499 0.0 67.0032013041 0.0
57849.6037037 66.4067362472 0.0 66.4280226411 0.0
57849.6038194 67.31786462 0.0 66.8891078577 0.0
57849.6039352 66.5701504054 0.0 66.5442612853 0.0
57849.6040625 66.8171120148 0.0 66.4220288534 0.0
57849.6041667 66.9083535592 0.0 66.6283453869 0.0
57849.6041782 67.0244098072 0.0 66.8610493561 0.0
57849.604294 66.9835698586 0.0 66.6481300113 0.0
57849.6044213 66.2905766682 0.0 66.3495725985 0.0
57849.604537 67.179090229 0.0 66.8839652009 0.0
57849.6046528 66.7462186644 0.0 66.5066081153 0.0
57849.6047685 66.4375479003 0.0 66.6306099777 0.0
57849.6048611 67.1204302653 0.0 67.2480431537 0.0
57849.6048958 67.8085025273 0.0 67.8667016879 0.0
57849.6050116 70.6339171433 0.0 69.8023516509 0.0
57849.6051273 66.5522280994 0.0 66.8665982984 0.0
57849.6052546 66.8169810827 0.0 66.6851365823 0.0
57849.6053704 66.5704239058 0.0 66.5367790925 0.0
57849.6054861 69.2872467847 0.0 69.7336381454 0.0
57849.6055556 68.2987855602 0.0 68.3376400236 0.0
57849.6056134 67.3360942066 0.0 67.0069341859 0.0
57849.6057292 67.4367819443 0.0 67.0737227907 0.0
57849.6058449 67.1409206073 0.0 66.863131717 0.0
57849.6059722 66.3949518864 0.0 66.4022247142 0.0
57849.606088 66.8274148236 0.0 66.8823073989 0.0
57849.6062037 66.6953080059 0.0 66.4318259496 0.0
57849.60625 66.5033287663 0.0 66.2887870005 0.0
