57849.4500116 139.430674277 0.0 139.430674277 0.0
57849.4576505 127.067909174 0.0 127.067909174 0.0
57849.4729282 115.061727526 0.0 115.061727526 0.0
57849.4805671 111.15292485 0.0 111.15292485 0.0
57849.4937616 106.221453247 0.0 106.221453247 0.0
57849.5014005 102.655077577 0.0 102.655077577 0.0
57849.5145949 99.4486526873 0.0 99.4486526873 0.0
57849.525706 97.6355945872 0.0 97.6355945872 0.0
57849.5333449 96.70066471 0.0 96.70066471 0.0
57849.5465394 95.9145952197 0.0 95.9145952197 0.0
57849.5541782 95.4398459169 0.0 95.4398459169 0.0
57849.5673727 94.3228053959 0.0 94.3228053959 0.0
57849.5784838 93.1598770271 0.0 93.1598770271 0.0
57849.5861227 92.5074889095 0.0 92.5074889095 0.0
57849.5937616 92.1138382348 0.0 92.1138382348 0.0
57849.600706 92.1467066883 0.0 92.1467066883 0.0
