57849.3548843 66.6455662024 0.0 64.7413668859 0.0
57849.357662 66.6455662024 0.0 64.7413668859 0.0
57849.362581 66.5868111344 0.0 64.741955729 0.0
57849.3717014 75.4396159357 0.0 71.3354437369 0.0
57849.3728819 75.1228484758 0.0 71.0386149116 0.0
57849.3733333 75.601695379 0.0 71.4730937406 0.0
57849.3744792 75.4396159357 0.0 71.3354437369 0.0
57849.3751505 75.7316830258 0.0 71.6179614354 0.0
57849.3761111 75.601695379 0.0 71.4730937406 0.0
57849.3795718 75.994469041 0.0 71.8730721008 0.0
57849.3811343 76.6045337455 0.0 72.50540276 0.0
57849.3811343 76.2526007358 0.0 72.1097771947 0.0
57849.3830093 76.8145368751 0.0 72.70076106 0.0
57849.383912 76.6045337455 0.0 72.50540276 0.0
57849.3931481 78.8075878298 0.0 74.7815162655 0.0
57849.3942361 78.4783738793 0.0 74.4387920291 0.0
57849.3947454 79.2655591011 0.0 75.1847807449 0.0
57849.3959259 78.8075878298 0.0 74.7815162655 0.0
57849.3975231 79.2655591011 0.0 75.1847807449 0.0
57849.4139352 66.86543266 0.0 65.0444896355 0.0
57849.416713 66.86543266 0.0 65.0444896355 0.0
57849.4215162 66.76017091 0.0 64.9861260805 0.0
57849.4347106 66.9796882135 0.0 65.1542461587 0.0
57849.4423727 66.8960506859 0.0 65.0850594607 0.0
57849.4502431 70.2137136359 0.0 65.9674286809 0.0
57849.4548843 66.8813728336 0.0 65.1605314117 0.0
57849.457662 66.8813728336 0.0 65.1605314117 0.0
57849.462581 67.0012934379 0.0 65.2259060062 0.0
57849.4778125 67.3052184074 0.0 65.5336361894 0.0
57849.4805903 67.3052184074 0.0 65.5336361894 0.0
57849.4854167 67.4839806861 0.0 65.6845734913 0.0
57849.4940046 70.8125681104 0.0 66.5844186621 0.0
57849.498588 67.6308307749 0.0 65.8807998276 0.0
57849.5062384 69.1076284233 0.0 66.0281490554 0.0
57849.5199884 68.1139568347 0.0 66.3975144867 0.0
57849.5305556 68.4453143315 0.0 66.716846663 0.0
57849.538206 68.5899465956 0.0 66.934621205 0.0
57849.5513773 69.2830127692 0.0 67.5079099706 0.0
57849.5590162 69.4639265623 0.0 67.7766872387 0.0
57849.5723264 70.3950140806 0.0 68.7659774465 0.0
57849.5833102 71.3678261668 0.0 69.6960220375 0.0
57849.5900347 72.1934737587 0.0 70.5902063563 0.0
57849.5985764 73.5855444975 0.0 71.9783780603 0.0
57849.6013542 73.5855444975 0.0 71.9783780603 0.0
57849.6055324 74.3012247876 0.0 72.6900691338 0.0
