57854.36787731482 134.2123897718235 0.0 132.31903595790618 0.0
57854.36887731482 134.2123897718235 0.0 132.31903595790618 0.0
57854.369618055556 139.90809968300061 0.0 130.54956999405158 0.0
57854.3865625 136.54715879441687 0.0 131.97717001369753 0.0
57854.41006944444 140.77059802551378 0.0 133.78497534045474 0.0
57854.419699074075 141.21109910346937 0.0 128.7424911483222 0.0
57854.42767361111 143.98019514284084 0.0 126.48412827413357 0.0
57854.45172453704 145.57510569382492 0.0 127.96913779114938 0.0
57854.46065972222 141.5375228092536 0.0 124.52435945483526 0.0
57854.4753125 144.95455015996376 0.0 131.84330674631815 0.0
57854.4834375 140.62689459030784 0.0 131.47544663586342 0.0
57854.4924537037 137.6496076256232 0.0 131.6780129988248 0.0
57854.50813657408 136.75179135796625 0.0 125.94020602557532 0.0
57854.516805555555 140.5376923770543 0.0 127.27263723618996 0.0
57854.531122685185 142.92049545465574 0.0 131.5038214481404 0.0
57854.53912037037 142.4372575373294 0.0 130.7238731229552 0.0
57854.55701388889 143.7590857299053 0.0 127.68800196674164 0.0
57854.564155092594 142.10542052931544 0.0 128.12040394984098 0.0
57854.57740740741 132.77864780317077 0.0 128.72388531455954 0.0
57854.58565972222 143.51471609720758 0.0 127.89661662462738 0.0
57854.59457175926 141.0637057301963 0.0 135.26779208535999 0.0
57854.60962962963 139.09073922657592 0.0 129.69763720092888 0.0
57854.6183912037 143.8428374652551 0.0 130.0438755558163 0.0
57854.61914351852 143.66683651939528 0.0 130.23911026568092 0.0
57854.620143518514 143.66683651939528 0.0 130.23911026568092 0.0
