57854.45257638889 109.56506186736719 0.0 104.06993568269368 0.0
57854.453576388885 109.56506186736719 0.0 104.06993568269368 0.0
57854.45369212963 188.7782633408836 0.0 196.27246973021968 0.0
57854.45380787037 109.1149436832554 0.0 100.92938462608399 0.0
57854.453935185185 103.23091907466484 0.0 98.06186917961539 0.0
57854.454050925924 108.92476080763271 0.0 102.9321741779508 0.0
57854.45416666667 103.13365917100005 0.0 97.3239731207065 0.0
57854.45429398148 107.3482115500766 0.0 102.02389273596651 0.0
57854.454409722224 101.9146198786023 0.0 96.55345247581776 0.0
57854.45452546296 101.86155745422313 0.0 97.03183551804017 0.0
57854.45465277778 108.01192141611035 0.0 103.56719922832711 0.0
57854.45476851852 110.17700508726854 0.0 101.08178564410109 0.0
57854.45486111111 123.84043841572912 0.0 111.64026830852745 0.0
57854.454884259256 144.35942581279548 0.0 126.28620284496641 0.0
57854.455 110.66774817443427 0.0 107.26660253312771 0.0
57854.45512731482 104.11791647934567 0.0 97.43614693223455 0.0
57854.455243055556 107.03612111805995 0.0 99.75034842545664 0.0
57854.455358796295 102.05372532151877 0.0 96.06798773264693 0.0
57854.45548611111 104.25070829495596 0.0 98.80360300616572 0.0
57854.455555555556 109.87282967594855 0.0 102.70561855614326 0.0
57854.45560185185 116.53486149217323 0.0 107.18376259490053 0.0
57854.455717592595 113.25375753589812 0.0 108.1104656034743 0.0
57854.45584490741 107.41830814158264 0.0 97.21124073891868 0.0
57854.45596064815 109.58276392754473 0.0 107.06118372687648 0.0
57854.45607638889 104.45251465139553 0.0 98.90176351814966 0.0
57854.4562037037 111.54795847078512 0.0 109.86929195639699 0.0
57854.45625 109.0478843765435 0.0 105.94960187277722 0.0
57854.45631944444 106.79310977305605 0.0 102.46852782684057 0.0
57854.45643518519 101.62864973028029 0.0 95.96749469481841 0.0
57854.4565625 101.95218819623246 0.0 97.42902158494665 0.0
57854.45667824074 105.92050833998108 0.0 100.47621113975188 0.0
57854.45679398148 102.0360098935665 0.0 96.26994143033431 0.0
57854.456921296296 110.07734480809391 0.0 103.54426805477935 0.0
57854.45694444444 105.46362861195323 0.0 99.40767150476869 0.0
57854.457037037035 101.27034943160807 0.0 95.61980270843483 0.0
57854.45715277778 104.48900063643063 0.0 101.38902303010913 0.0
57854.457280092596 101.40589612049193 0.0 96.02971781172742 0.0
57854.457395833335 100.1545021005047 0.0 94.83272063481043 0.0
57854.45751157407 101.80223750488003 0.0 96.30273862149508 0.0
57854.45763888889 104.48821595280494 0.0 97.78639651812516 0.0
57854.45775462963 100.45526489935706 0.0 96.09826930283396 0.0
57854.457870370374 101.27915121583514 0.0 96.97763812343545 0.0
57854.45799768518 99.40686591478477 0.0 94.35032047110386 0.0
57854.45811342593 103.52418842473483 0.0 98.04946556713097 0.0
57854.45822916667 101.98674547704717 0.0 95.8513693798894 0.0
57854.458333333336 104.43794345447444 0.0 97.18006528090008 0.0
57854.45835648148 107.09726035711651 0.0 98.58040987944815 0.0
57854.45847222222 102.37202180771854 0.0 97.04109481554708 0.0
57854.45858796296 101.60607615689133 0.0 95.2903763451483 0.0
57854.458715277775 124.32315700222546 0.0 120.18105268302487 0.0
57854.45883101852 111.99391730357502 0.0 110.8473722061105 0.0
57854.45894675926 99.93425875544382 0.0 93.76415467544086 0.0
57854.459027777775 102.88670018520372 0.0 98.3930154634972 0.0
57854.459074074075 106.19200425173263 0.0 103.86745845066201 0.0
57854.459189814814 99.26480856779003 0.0 93.78783844934267 0.0
57854.45930555555 102.25656283094987 0.0 97.4611109827915 0.0
57854.4594212963 103.22826136286515 0.0 98.31508940645887 0.0
57854.459548611114 99.1695905103979 0.0 95.11797693391087 0.0
57854.45966435185 99.43764139901951 0.0 93.8953480051062 0.0
57854.45972222222 99.50668234344867 0.0 94.31534547993768 0.0
57854.45978009259 99.63696585103342 0.0 94.80092782773805 0.0
57854.45990740741 98.99802865208984 0.0 95.13980613286954 0.0
57854.460023148145 99.08795464131853 0.0 94.31568524375996 0.0
57854.46013888889 103.09422906739252 0.0 99.09832908783073 0.0
57854.46026620371 103.44035626872135 0.0 99.0294045119933 0.0
57854.460381944446 100.71544376608783 0.0 95.22077152596486 0.0
57854.46041666667 105.86729281510885 0.0 100.29733070725263 0.0
57854.462534722225 102.2594969721639 0.0 93.12245622297557 0.0
57854.46265046296 98.14360423379611 0.0 93.39111185225283 0.0
57854.46277777778 101.03928491928276 0.0 94.31130996333366 0.0
57854.46289351852 100.03065766553772 0.0 94.19572979705609 0.0
57854.463009259256 103.88103208478437 0.0 98.25090651999095 0.0
57854.46313657407 102.0195986024254 0.0 95.69824702678729 0.0
57854.46319444444 100.49070076380201 0.0 94.12590094655137 0.0
57854.46325231482 99.00994806078832 0.0 92.60130782553776 0.0
57854.463368055556 100.79041324451448 0.0 94.31567674040195 0.0
57854.46349537037 98.31693066812043 0.0 94.92657465114814 0.0
57854.46361111111 99.88788136205513 0.0 95.25280167533131 0.0
57854.46372685185 98.0069641964284 0.0 93.4295057249047 0.0
57854.463842592595 98.32100204432417 0.0 92.7515245049913 0.0
57854.46388888889 97.97785827420398 0.0 93.35680878222006 0.0
57854.46396990741 97.70233649202049 0.0 93.9970121386845 0.0
57854.46408564815 97.63485163096219 0.0 93.06214946475286 0.0
57854.46420138889 97.50268204516222 0.0 93.39482747454487 0.0
57854.4643287037 97.39383134983447 0.0 91.83870069311739 0.0
57854.46444444444 97.15469380837963 0.0 92.68935617426631 0.0
57854.46456018519 97.3528164615693 0.0 92.12055491582755 0.0
57854.464583333334 98.06963704429623 0.0 92.49785332103659 0.0
57854.4646875 98.76520994763287 0.0 92.8857724250598 0.0
57854.46480324074 97.1808578733487 0.0 91.44599921811779 0.0
57854.46491898148 96.77977557320537 0.0 91.45427088441524 0.0
57854.465046296296 97.2416229399736 0.0 93.33699378060126 0.0
57854.465162037035 97.23050472459762 0.0 93.4388812861113 0.0
57854.46527777778 96.80661783679874 0.0 91.4562240965589 0.0
57854.46540509259 96.65198840168784 0.0 91.58255206642802 0.0
57854.465520833335 96.61535135784582 0.0 91.38731082048537 0.0
57854.465636574074 96.70550166355582 0.0 91.32180991417111 0.0
57854.46576388889 96.83127971890076 0.0 91.34938069850283 0.0
57854.46587962963 96.47942029261992 0.0 91.70776107287757 0.0
57854.46597222222 96.44777328689347 0.0 91.37912112184051 0.0
57854.465995370374 96.38288126529524 0.0 91.02059574623756 0.0
57854.46612268518 96.39334391440107 0.0 91.06908456770607 0.0
57854.46623842593 96.54776644749478 0.0 91.06152132487135 0.0
57854.46635416667 95.72768337320193 0.0 90.57608667302866 0.0
57854.46648148148 95.82998579776583 0.0 90.79484215526783 0.0
57854.46659722222 95.88909604850804 0.0 90.80439551585594 0.0
57854.46666666667 96.14372531267966 0.0 90.75264506338094 0.0
57854.46671296296 96.55012818738254 0.0 90.82951296797754 0.0
57854.466840277775 99.11451636869344 0.0 95.49447771468253 0.0
57854.46695601852 96.12552827423109 0.0 91.67032265133575 0.0
57854.46707175926 96.10607057309127 0.0 91.22886321225317 0.0
57854.467199074075 96.18395348497586 0.0 90.49024555166153 0.0
57854.467314814814 97.19185397964173 0.0 93.05399482021178 0.0
57854.467361111114 98.2201300447113 0.0 92.5373940955763 0.0
57854.46743055555 99.18109776565291 0.0 91.96258774632214 0.0
57854.46755787037 98.30777373127722 0.0 92.267149517041 0.0
57854.467673611114 96.297024834623 0.0 91.29395865554302 0.0
57854.46778935185 100.7673852593189 0.0 93.70188107503499 0.0
57854.46791666667 95.96512250812792 0.0 91.03496575492298 0.0
57854.46803240741 98.27779152484044 0.0 91.46910993882032 0.0
57854.46805555555 96.86933938558681 0.0 90.97578686112037 0.0
57854.468148148146 95.49150487347029 0.0 90.45775366434876 0.0
57854.46827546296 96.07451241094071 0.0 90.77255917952297 0.0
57854.46839120371 96.98617024091631 0.0 90.55743460920257 0.0
57854.468506944446 95.16610191659633 0.0 90.32921617616307 0.0
57854.468622685185 96.56272937319036 0.0 90.49126577742186 0.0
57854.46875 96.79789529220147 0.0 93.6882086764391 0.0
57854.46886574074 96.75358341684301 0.0 92.06010847810249 0.0
57854.468981481485 96.56611066518109 0.0 91.7081029080855 0.0
57854.46910879629 96.77886853544011 0.0 92.6927547708018 0.0
57854.46922453704 95.6699726612274 0.0 91.56132910787174 0.0
57854.46934027778 95.44472814671327 0.0 90.1189796213872 0.0
57854.46944444445 95.59781045086754 0.0 90.03827947600954 0.0
57854.477118055554 93.9328872387089 0.0 90.36823960883602 0.0
57854.47723379629 93.75833598139421 0.0 88.46918236312575 0.0
57854.47734953704 99.94345336238887 0.0 91.77391908924889 0.0
57854.47746527778 93.95360618411621 0.0 88.40134018214883 0.0
57854.47759259259 92.26781775353744 0.0 87.51431233803989 0.0
57854.47770833333 93.71110285339725 0.0 88.1524155142671 0.0
57854.47777777778 92.70427530054911 0.0 87.61366755820693 0.0
57854.47782407407 91.74294597951386 0.0 87.10936322233104 0.0
57854.477951388886 93.32702082462507 0.0 89.74854133076481 0.0
57854.47806712963 91.9352994719656 0.0 87.9056722231279 0.0
57854.47818287037 92.83938026505778 0.0 87.84248255257818 0.0
57854.478310185186 95.4215651254998 0.0 91.27613364401452 0.0
57854.478425925925 96.2435187947739 0.0 93.06680161582861 0.0
57854.478472222225 94.46898812308726 0.0 90.173578802219 0.0
57854.478541666664 92.73117512465805 0.0 87.51535257313428 0.0
57854.47866898148 93.74628640111564 0.0 89.92536877322216 0.0
57854.478784722225 91.98997331774805 0.0 86.99205745928762 0.0
57854.478900462964 93.2038693295509 0.0 88.82315910279256 0.0
57854.47902777778 91.9947568397243 0.0 88.41477521885129 0.0
57854.47914351852 94.7889065872162 0.0 88.88251117064594 0.0
57854.479166666664 93.63285297372926 0.0 87.83998114753896 0.0
57854.47925925926 92.52510805721872 0.0 86.81511184119962 0.0
57854.47938657407 94.02485830353588 0.0 87.72712730393033 0.0
57854.47950231482 94.87619823749263 0.0 89.2249337573304 0.0
57854.47961805556 94.08062584294387 0.0 87.90043374750775 0.0
57854.47974537037 92.04713252459308 0.0 88.02313391376155 0.0
57854.47986111111 95.77602185307134 0.0 92.97756658463373 0.0
57854.47997685185 91.59320272269116 0.0 86.63635056949248 0.0
57854.480104166665 91.52920745860307 0.0 86.46510639558596 0.0
57854.480219907404 92.24303426817659 0.0 87.62630607871132 0.0
57854.48033564815 91.3843720556201 0.0 86.97856265195465 0.0
57854.480462962965 92.98376771243463 0.0 88.49661521775847 0.0
57854.48055555556 92.19579930235435 0.0 87.66519028097754 0.0
57854.480578703704 91.43693010485424 0.0 86.83655404263806 0.0
57854.48069444444 92.9014520230981 0.0 88.50052708317618 0.0
57854.48082175926 99.4791200453643 0.0 92.50237398034712 0.0
57854.4809375 92.26518112484254 0.0 87.92727177048086 0.0
57854.48105324074 94.72501360253267 0.0 88.00792928480934 0.0
57854.48118055556 93.32872459216402 0.0 87.59260000136997 0.0
57854.48125 93.96201723036815 0.0 88.73661146899852 0.0
57854.4812962963 94.5862305148059 0.0 89.923574584199 0.0
57854.481412037036 93.53629910895556 0.0 86.76872034322047 0.0
57854.48153935185 93.77511763788942 0.0 88.72248224660986 0.0
57854.48165509259 91.39389228498806 0.0 86.43132070609589 0.0
57854.481770833336 92.0503130847473 0.0 86.92792138317814 0.0
57854.481886574074 91.38852624919608 0.0 87.0081516181099 0.0
57854.481944444444 91.56950922659792 0.0 87.13131721717514 0.0
57854.48201388889 91.72499036794716 0.0 87.23586981282413 0.0
57854.48212962963 91.70530886486344 0.0 86.35875488333537 0.0
57854.48224537037 91.8906638783288 0.0 87.65881396071931 0.0
57854.48237268518 91.93895104905211 0.0 86.98822601363933 0.0
57854.48248842593 91.6926981607587 0.0 86.56069042585092 0.0
57854.48260416667 92.97613052821676 0.0 86.39243203545088 0.0
57854.48263888889 92.100660936825 0.0 86.37382318735231 0.0
57854.48273148148 91.23213432228799 0.0 86.3488591470669 0.0
57854.48284722222 90.6648694478738 0.0 85.99229881216108 0.0
57854.48296296296 90.46106899103061 0.0 85.89007982299236 0.0
57854.483090277776 90.54717297630003 0.0 85.85347372704264 0.0
57854.48320601852 91.15602039909378 0.0 86.24612554196275 0.0
57854.48332175926 90.35720815740159 0.0 86.08903966824116 0.0
57854.48333333333 91.38109642043041 0.0 86.44861960725574 0.0
57854.48547453704 96.32422041210611 0.0 88.01706356156174 0.0
57854.485601851855 90.5134079791497 0.0 85.49709674602992 0.0
57854.48571759259 92.75763797661085 0.0 86.26308346564015 0.0
57854.48583333333 93.56917798078597 0.0 87.49945499830271 0.0
57854.48596064815 90.75431983657857 0.0 85.63933663334858 0.0
57854.48607638889 91.16993568605827 0.0 85.13028340725761 0.0
57854.48611111111 90.99192207003873 0.0 85.12429114535992 0.0
57854.48619212963 90.7781291556507 0.0 85.13460035731653 0.0
57854.48630787037 92.57467858437317 0.0 87.11610368353259 0.0
57854.48643518519 92.52602028078371 0.0 87.04967499077753 0.0
57854.486550925925 91.61627978148861 0.0 86.92012250336512 0.0
57854.486666666664 91.82331405476498 0.0 85.84035556776311 0.0
57854.48679398148 94.51885186564635 0.0 89.73436786426926 0.0
57854.486805555556 95.24587170056243 0.0 89.4001596531013 0.0
57854.486909722225 96.00012604679225 0.0 89.03074763810534 0.0
57854.487025462964 91.298861471543 0.0 86.79625622110667 0.0
57854.48715277778 92.5229182959552 0.0 87.57514154713083 0.0
57854.48726851852 90.36086050387081 0.0 85.2965445665884 0.0
57854.48738425926 91.1307193541234 0.0 85.44158550729264 0.0
57854.4875 90.6136829899326 0.0 85.35289109924749 0.0
57854.48751157407 90.042122154023 0.0 85.22177735766839 0.0
57854.48762731482 91.36756955287801 0.0 85.33935667674089 0.0
57854.48774305556 91.41909168220826 0.0 86.53509773496532 0.0
57854.48787037037 92.0075789758648 0.0 86.54132330280142 0.0
57854.48798611111 90.46077327217583 0.0 86.0552807095532 0.0
57854.48810185185 92.20749006452785 0.0 86.12542696555994 0.0
57854.48819444444 92.54244917333882 0.0 86.31303142631477 0.0
57854.488229166665 92.93058935033179 0.0 86.54230165647317 0.0
57854.488344907404 89.81276059669918 0.0 84.96315726242757 0.0
57854.48846064815 90.33624976718926 0.0 85.27179712542711 0.0
57854.488587962966 96.27818509402844 0.0 90.43123159064018 0.0
57854.488703703704 89.49843694165837 0.0 84.98914118285936 0.0
57854.48881944444 96.33636240797138 0.0 90.94382821830187 0.0
57854.48888888889 96.04063468657421 0.0 90.96933788920309 0.0
57854.48894675926 95.70275396768893 0.0 90.96809802342797 0.0
57854.4890625 89.6252655672495 0.0 84.9317593365403 0.0
57854.48917824074 94.5446172344042 0.0 87.91070169211483 0.0
57854.48930555556 95.64068930638255 0.0 91.35668910922725 0.0
57854.4894212963 89.49530662554322 0.0 84.81627434637765 0.0
57854.489537037036 98.03633049538318 0.0 92.52428552007305 0.0
57854.489583333336 94.12534859430801 0.0 89.15736188335768 0.0
57854.48966435185 90.65255153607094 0.0 86.1307296265392 0.0
57854.48978009259 92.56949144831682 0.0 87.43962252891991 0.0
57854.489895833336 93.68012871468527 0.0 88.99960368451086 0.0
57854.49002314815 90.54406096481425 0.0 84.95175461401607 0.0
57854.49013888889 90.7850155146762 0.0 85.3172139078627 0.0
57854.49025462963 90.84320951507603 0.0 86.44210598429449 0.0
57854.490277777775 89.82545103699731 0.0 85.29996029893566 0.0
57854.490381944444 88.85524303044812 0.0 84.22334632392612 0.0
57854.49049768518 91.66177591013606 0.0 86.88342707329171 0.0
57854.49061342593 91.81375392064089 0.0 86.03972595841992 0.0
57854.49072916667 88.82177375508778 0.0 84.5114925853283 0.0
57854.49085648148 88.86674847770678 0.0 84.22480179258363 0.0
57854.49097222222 90.03825264852712 0.0 84.9847405361692 0.0
57854.49108796296 89.38433976933544 0.0 85.3806589808254 0.0
57854.491215277776 88.96735006169398 0.0 84.70327588706354 0.0
57854.49133101852 91.33778768943334 0.0 86.04146838588937 0.0
57854.49144675926 94.06618945189605 0.0 90.96541972090273 0.0
57854.491574074076 88.64661889773349 0.0 83.93498462500604 0.0
57854.49166666667 89.70106798695319 0.0 84.62266266196072 0.0
57854.491689814815 90.821323002916 0.0 85.32416642429037 0.0
57854.49180555555 89.47335871084755 0.0 84.07801605651741 0.0
57854.49193287037 88.70403198840512 0.0 84.33878198077086 0.0
57854.49204861111 90.12134449729432 0.0 84.04642714595309 0.0
57854.492164351854 88.93429707373866 0.0 84.4118990012664 0.0
57854.49229166667 88.89616015329347 0.0 83.81885308210796 0.0
57854.49236111111 91.18718574448934 0.0 85.93667558731836 0.0
57854.49513888889 91.45449959952764 0.0 85.30360769627508 0.0
57854.495833333334 91.72859164404521 0.0 85.3433147645438 0.0
57854.49652777778 92.3602647895728 0.0 85.61480221900884 0.0
57854.49722222222 92.70106355376943 0.0 85.74154495925531 0.0
57854.49791666667 93.28003492709466 0.0 85.93123131900299 0.0
57854.498611111114 94.07226962819595 0.0 86.13183793464528 0.0
57854.49930555555 94.40372431742298 0.0 86.26138633247207 0.0
57854.5 94.83327020618871 0.0 86.43307552089072 0.0
57854.51045138889 84.94411171470334 0.0 80.9369290559013 0.0
57854.510567129626 85.36627763350116 0.0 80.58750187839303 0.0
57854.51069444444 84.8179100485269 0.0 80.72848285456627 0.0
57854.51081018519 85.881175003606 0.0 80.74630525293402 0.0
57854.510925925926 86.5559332686096 0.0 81.3993160966356 0.0
57854.51105324074 85.48297364387835 0.0 80.61580180708991 0.0
57854.51111111111 85.20915457273355 0.0 80.54984463051434 0.0
57854.51116898148 84.90764940215928 0.0 80.4732984597997 0.0
57854.51128472222 84.85293633693533 0.0 80.5221484437667 0.0
57854.511412037034 84.77822492244103 0.0 80.34685800950776 0.0
57854.51152777778 84.90970722479263 0.0 80.38200838496137 0.0
57854.51164351852 84.69790808514693 0.0 80.42061369449999 0.0
57854.511770833335 84.85945659147247 0.0 80.45410131248748 0.0
57854.51180555556 84.66841106930022 0.0 80.34756550761199 0.0
57854.51188657407 84.52134993006204 0.0 80.2520827829409 0.0
57854.51200231481 85.26729058085522 0.0 80.36613532452584 0.0
57854.51212962963 85.22694718221462 0.0 80.4818021729136 0.0
57854.51224537037 85.2903100768194 0.0 80.32702974715298 0.0
57854.51236111111 84.99313063418714 0.0 80.86744968156223 0.0
57854.51248842593 85.03782705949159 0.0 80.53788648828575 0.0
57854.5125 85.15589158126406 0.0 80.4420602421395 0.0
57854.512604166666 85.28011798772326 0.0 80.37481335592638 0.0
57854.512719907405 85.86694156658895 0.0 80.80884217089118 0.0
57854.51284722222 86.30102141342245 0.0 81.41812397740445 0.0
57854.51296296297 85.08672552166995 0.0 80.60433065288738 0.0
57854.513078703705 85.27448537516952 0.0 81.10872142994242 0.0
57854.513194444444 85.05021131073103 0.0 80.52440165564721 0.0
57854.51332175926 85.02601932937941 0.0 81.08085175304956 0.0
57854.5134375 85.65401563849765 0.0 80.41819805864839 0.0
57854.513553240744 86.46758287936584 0.0 81.53023736626798 0.0
57854.51368055555 84.88997996819177 0.0 80.63365260237192 0.0
57854.5137962963 86.66126738630125 0.0 83.15658230711506 0.0
57854.51388888889 85.83112384793759 0.0 81.82512732040202 0.0
57854.51391203704 85.02339288101834 0.0 80.5674601436585 0.0
57854.51403935185 84.50631095959639 0.0 80.31244082332451 0.0
57854.51415509259 84.93657452475935 0.0 80.85974945546147 0.0
57854.51427083334 85.96310660975439 0.0 81.39815764499834 0.0
57854.514398148145 84.5534169977772 0.0 80.68162689856966 0.0
57854.51451388889 84.88793474929167 0.0 80.33954467757457 0.0
57854.51458333333 84.68868440352584 0.0 80.4205783490768 0.0
57854.51462962963 84.50718079548034 0.0 80.48038234874385 0.0
57854.514756944445 84.97501007943453 0.0 80.66907652254363 0.0
57854.514872685184 85.32724390837899 0.0 80.88954064648902 0.0
57854.51498842592 86.65252818008254 0.0 83.49203408110262 0.0
57854.51511574074 85.7136764116439 0.0 80.7751282574036 0.0
57854.515231481484 85.54420273753213 0.0 80.73024349647412 0.0
57854.51527777778 85.19365250416254 0.0 80.41934080804195 0.0
57854.51534722222 84.85367338542274 0.0 80.1309749971882 0.0
57854.51547453704 84.1949867094235 0.0 80.00103083710859 0.0
57854.51559027778 84.345499980734 0.0 80.09757755388112 0.0
57854.515706018516 85.96182979090196 0.0 81.5324540719829 0.0
57854.51583333333 84.59514069377744 0.0 79.8494151637944 0.0
57854.51594907408 84.2943871381719 0.0 79.93660762128951 0.0
57854.51597222222 84.73608566012476 0.0 80.41325684860675 0.0
57854.516064814816 85.16219001411366 0.0 80.89155488059306 0.0
57854.51619212963 84.13478909464266 0.0 79.84821694940972 0.0
57854.51630787037 85.16919765971733 0.0 80.75742358446064 0.0
57854.51642361111 85.46345397887919 0.0 80.89942386692256 0.0
57854.516550925924 84.66161482041315 0.0 79.89641200329336 0.0
57854.51666666667 84.28609678351467 0.0 79.7444370849779 0.0
57854.51881944444 84.2816791182995 0.0 79.98509816834633 0.0
57854.51893518519 84.27991964875145 0.0 79.58579833739182 0.0
57854.51905092593 84.32110140409695 0.0 80.01827619987823 0.0
57854.51917824074 84.31277798175078 0.0 79.93438395334013 0.0
57854.51929398148 84.33444982330768 0.0 79.86441802830595 0.0
57854.51940972222 84.47505491563767 0.0 79.93617088652671 0.0
57854.51944444444 84.76281199913085 0.0 80.29206198622626 0.0
57854.519537037035 85.03199786550942 0.0 80.6346572634869 0.0
57854.51965277778 84.59858358743367 0.0 79.96805237718372 0.0
57854.51976851852 84.01400314233337 0.0 80.51329816868764 0.0
57854.519895833335 84.08491471720716 0.0 79.85288573996559 0.0
57854.52001157407 83.62927846753193 0.0 79.44891298815863 0.0
57854.52012731481 84.07710942343344 0.0 79.78184040870454 0.0
57854.52013888889 83.96121736254186 0.0 79.5873884167586 0.0
57854.52025462963 83.84605323448444 0.0 79.38433419132518 0.0
57854.520370370374 83.88566189164868 0.0 80.01113463762402 0.0
57854.52048611111 83.62697252681099 0.0 79.56152279839797 0.0
57854.52061342593 85.26137585096782 0.0 80.09699260271886 0.0
57854.52072916667 84.08045826468836 0.0 79.46386463040922 0.0
57854.520833333336 84.33931387555864 0.0 80.50576140873397 0.0
57854.520844907405 84.59899855199232 0.0 81.56826833395448 0.0
57854.52097222222 83.7283055304477 0.0 79.26708044327103 0.0
57854.52108796296 83.81927589164678 0.0 79.58947632067948 0.0
57854.521203703705 83.64538412249657 0.0 79.28684806448041 0.0
57854.52133101852 84.84324915984772 0.0 79.72767636147438 0.0
57854.52144675926 83.58678933300405 0.0 79.7227304725572 0.0
57854.521527777775 83.61929913004533 0.0 79.27785219719313 0.0
57854.5215625 83.67155196361544 0.0 78.87155461888652 0.0
57854.521689814814 83.55719949232382 0.0 78.93667911053771 0.0
57854.52180555555 83.57072434770444 0.0 78.92358005691328 0.0
57854.5219212963 84.1098540600327 0.0 79.44118095798929 0.0
57854.522048611114 83.51817586010844 0.0 79.34414905965026 0.0
57854.52216435185 84.34993649078818 0.0 79.79978956112603 0.0
57854.52222222222 84.10328034625046 0.0 79.6475077952851 0.0
57854.52228009259 83.85865195673014 0.0 79.4959508276994 0.0
57854.52239583333 83.13276632591989 0.0 79.1360392551965 0.0
57854.522523148145 83.96707442801613 0.0 79.44496497576168 0.0
57854.52263888889 83.1804166556047 0.0 78.87680349126732 0.0
57854.52275462963 83.37286904023394 0.0 79.09884503581578 0.0
57854.522881944446 83.31413475515424 0.0 78.9311508594674 0.0
57854.52291666667 83.14887984813745 0.0 78.82414879971746 0.0
57854.522997685184 82.9384127952784 0.0 78.69518746403747 0.0
57854.52311342592 82.98928124161577 0.0 78.84224571890377 0.0
57854.52324074074 83.3831223869675 0.0 79.71241684329989 0.0
57854.523356481484 83.27962806713296 0.0 79.15544834059118 0.0
57854.52347222222 82.74137345971482 0.0 78.68376533313591 0.0
57854.52359953704 84.07316257879205 0.0 80.30255302915343 0.0
57854.52361111111 83.29861214930294 0.0 79.41571573057817 0.0
57854.52371527778 82.6462959363576 0.0 78.60718145309626 0.0
57854.523831018516 82.99122300580947 0.0 79.0282760472478 0.0
57854.52395833333 83.65234718763126 0.0 79.46454596233467 0.0
57854.52407407408 83.54860985079286 0.0 79.29838829383608 0.0
57854.524189814816 84.36469182069001 0.0 79.81694802483995 0.0
57854.524305555555 84.07437486535359 0.0 79.22069895551289 0.0
57854.52431712963 83.7177530336308 0.0 78.58804312998257 0.0
57854.52443287037 83.05500201673587 0.0 78.79078798311386 0.0
57854.52454861111 82.97413860956918 0.0 78.97638980100318 0.0
57854.524675925924 83.88444984024154 0.0 79.3456410712019 0.0
57854.52479166666 83.2793146045283 0.0 78.89640037416156 0.0
57854.52490740741 84.12437408979636 0.0 80.05491321586702 0.0
57854.525 83.41492854399625 0.0 79.19833102408157 0.0
57854.525034722225 82.7188501733432 0.0 78.38606776717403 0.0
57854.52515046296 82.77616653361038 0.0 78.47882988424331 0.0
57854.5252662037 83.46157831601317 0.0 79.37826385100647 0.0
57854.52539351852 83.32440414428417 0.0 79.43392544750637 0.0
57854.525509259256 82.85887810005636 0.0 78.35329405966287 0.0
57854.525625 84.92167128595621 0.0 80.32505419232533 0.0
57854.52569444444 84.05118749309851 0.0 79.39486717666325 0.0
57854.5333912037 81.54007328301833 0.0 77.51861732513035 0.0
57854.53351851852 81.85220106386878 0.0 79.05216907207543 0.0
57854.533634259256 81.7511518573286 0.0 77.68890598405926 0.0
57854.53375 81.61493918395088 0.0 77.86902737931173 0.0
57854.53387731482 81.87063977397514 0.0 77.5329400771053 0.0
57854.53399305556 82.64242786244847 0.0 78.7377644399433 0.0
57854.53402777778 82.09035738136362 0.0 78.14178476973763 0.0
57854.534108796295 81.55910250854897 0.0 77.54470562198298 0.0
57854.53423611111 81.6605628501298 0.0 77.57601552026244 0.0
57854.53435185185 81.39484199259803 0.0 77.31165774318903 0.0
57854.534467592595 81.4057996029767 0.0 77.43306971830576 0.0
57854.53459490741 82.4861458731101 0.0 78.48451711643514 0.0
57854.53471064815 82.300879898091 0.0 77.826917284446 0.0
57854.53472222222 82.33917965950353 0.0 77.86893776725094 0.0
57854.53482638889 82.32278813305584 0.0 77.88151170849216 0.0
57854.534953703704 83.62038377692367 0.0 79.12463158208068 0.0
57854.53506944444 81.75192861333609 0.0 77.19384419757834 0.0
57854.53518518519 87.40355230195166 0.0 84.35094353354917 0.0
57854.5353125 83.27415095934631 0.0 79.07903693773717 0.0
57854.535416666666 82.51914077957913 0.0 78.00483334383838 0.0
57854.53542824074 81.82701330856455 0.0 77.00837388232529 0.0
57854.53554398148 81.75408013059655 0.0 77.88016253193106 0.0
57854.53565972222 82.28166801906728 0.0 77.55858858308343 0.0
57854.535787037035 81.42274925965101 0.0 76.96914935219175 0.0
57854.53590277778 82.20394733222973 0.0 78.13748090385305 0.0
57854.53601851852 83.70990443788597 0.0 79.23879969434165 0.0
57854.53611111111 82.70743925427747 0.0 78.37548664601707 0.0
57854.536145833335 81.7053888675649 0.0 77.53020477207576 0.0
57854.536261574074 85.09788921001507 0.0 80.08123886404356 0.0
57854.53637731481 82.65521867976638 0.0 78.87926406223629 0.0
57854.53650462963 81.67810448339262 0.0 77.30852572646823 0.0
57854.53662037037 82.94704549289263 0.0 79.11991054089988 0.0
57854.53673611111 82.07320961799898 0.0 77.49282276443412 0.0
57854.53680555556 81.86162064728501 0.0 77.46979173845764 0.0
57854.53686342593 81.70585672398276 0.0 77.4565315451189 0.0
57854.53697916667 82.29507347344676 0.0 77.90539007026408 0.0
57854.537094907406 81.84749899050063 0.0 77.84864774034293 0.0
57854.53722222222 81.53250145800753 0.0 77.1839897193712 0.0
57854.53733796296 81.04747340293835 0.0 77.19428131021105 0.0
57854.537453703706 81.20537750050794 0.0 76.98758549272733 0.0
57854.5375 81.15610949275477 0.0 76.9285728972012 0.0
57854.53758101852 81.0595917396578 0.0 76.87403635168378 0.0
57854.53769675926 81.04774226960305 0.0 76.95527109301871 0.0
57854.5378125 81.50356090380346 0.0 77.39475918303512 0.0
57854.537939814814 81.33612290981172 0.0 77.0749563477009 0.0
57854.53805555555 81.58530280632658 0.0 77.77813749377135 0.0
57854.5381712963 81.2897703896376 0.0 77.3127915806951 0.0
57854.538194444445 81.08971136956895 0.0 77.11373457432859 0.0
57854.538298611114 80.9023495579702 0.0 76.8859092877232 0.0
57854.53841435185 80.78574140898876 0.0 76.79434182933011 0.0
57854.53853009259 81.02658526681228 0.0 76.89918832471511 0.0
57854.53865740741 80.95810228136527 0.0 76.9818376436936 0.0
57854.538773148146 80.82673682637447 0.0 76.81537304472329 0.0
57854.53888888889 81.98015462293299 0.0 77.50499814205533 0.0
57854.541041666664 80.94344749885565 0.0 76.63950100959687 0.0
57854.54115740741 81.1576530217576 0.0 76.755008546674 0.0
57854.541284722225 80.87760139247455 0.0 76.63974273834692 0.0
57854.541400462964 81.44117392940747 0.0 77.39150920482169 0.0
57854.5415162037 80.7786802256635 0.0 76.62780969073826 0.0
57854.54164351852 81.75204394998329 0.0 76.9073281293792 0.0
57854.541666666664 81.48304035196527 0.0 76.96270651425922 0.0
57854.54175925926 81.22247418048775 0.0 77.02001037392814 0.0
57854.541875 81.55523428940658 0.0 76.91846663188237 0.0
57854.54200231482 81.82407139711394 0.0 76.7797633103932 0.0
57854.54211805556 81.17085013106615 0.0 76.93100401658619 0.0
57854.542233796295 80.96997152648629 0.0 76.73137259296226 0.0
57854.54236111111 81.12956578214875 0.0 76.50874250698412 0.0
57854.54247685185 80.88086007826574 0.0 76.56173719946537 0.0
57854.542592592596 80.79990138607843 0.0 76.53932150862066 0.0
57854.542719907404 81.07596305934331 0.0 76.7770087200589 0.0
57854.54283564815 81.05922306560802 0.0 76.95895832195235 0.0
57854.54295138889 83.7764707003106 0.0 78.2042159093741 0.0
57854.54305555556 82.42456904952552 0.0 77.51632961512045 0.0
57854.543078703704 81.13228145442478 0.0 76.85489545240434 0.0
57854.54319444444 82.32535971376014 0.0 77.75496638157591 0.0
57854.54331018519 81.13633225627099 0.0 76.7222800365057 0.0
57854.5434375 80.93548607996371 0.0 76.78340191734148 0.0
57854.54355324074 81.13075984483321 0.0 76.8860594256202 0.0
57854.54366898148 81.25578045283918 0.0 77.22456607841833 0.0
57854.54375 81.10205933883553 0.0 77.0013069044935 0.0
57854.5437962963 80.9385162638901 0.0 76.75677479545372 0.0
57854.543912037036 81.37305662810019 0.0 76.9746679758997 0.0
57854.544027777774 80.69367656762208 0.0 76.83145314908472 0.0
57854.54415509259 81.24407023900268 0.0 76.6758832032602 0.0
57854.544270833336 80.87527032412319 0.0 76.55759938111957 0.0
57854.544386574074 80.86777422434724 0.0 76.54988659691142 0.0
57854.544444444444 80.7936450533085 0.0 76.5378748202483 0.0
57854.54450231481 80.75769088452195 0.0 76.53972705072837 0.0
57854.54462962963 81.68363897990834 0.0 77.3224889666648 0.0
57854.54474537037 81.07054882014799 0.0 77.0102162378473 0.0
57854.54486111111 80.99469048030247 0.0 76.67915277309733 0.0
57854.54498842593 80.91934342912083 0.0 76.89248315017535 0.0
57854.54510416667 80.9130695314422 0.0 76.63665613790832 0.0
57854.54513888889 81.02652361418451 0.0 76.65958623029478 0.0
57854.545219907406 81.09681686108277 0.0 76.67287194308037 0.0
57854.54534722222 80.92400138401462 0.0 76.6032615754708 0.0
57854.54546296296 80.86054422275429 0.0 76.44776599090387 0.0
57854.545578703706 80.76592452265993 0.0 76.47565383179146 0.0
57854.54570601852 80.75346330653565 0.0 76.80924722323478 0.0
57854.54582175926 80.83634874238197 0.0 76.67287708831591 0.0
57854.54583333333 80.88691441141762 0.0 76.5960761462361 0.0
57854.5459375 80.94748450075518 0.0 76.53548260120922 0.0
57854.546064814815 80.96538520256665 0.0 76.91101389267989 0.0
57854.54618055555 81.69788950150426 0.0 77.06936289473269 0.0
57854.5462962963 80.64586133212292 0.0 76.50944577632228 0.0
57854.546423611115 80.96769115517621 0.0 76.60683419251836 0.0
57854.54652777778 80.91118648864321 0.0 76.83199159855222 0.0
57854.54653935185 80.86599428066164 0.0 77.05758396809493 0.0
57854.54665509259 80.88406624916925 0.0 76.83720075588387 0.0
57854.54678240741 80.75506815674171 0.0 76.82092177265253 0.0
57854.546898148146 82.98846722888669 0.0 78.07013374524217 0.0
57854.54701388889 82.91623995937104 0.0 78.39492279478308 0.0
57854.5471412037 81.06640786417023 0.0 76.69837258377781 0.0
57854.54722222222 80.92938731387999 0.0 76.67460617440432 0.0
57854.54725694445 80.81417699884099 0.0 76.64060744148627 0.0
57854.547372685185 80.68620913762153 0.0 76.73300847093121 0.0
57854.5475 80.88024451001617 0.0 76.7511534636451 0.0
57854.54761574074 81.10574959890329 0.0 76.91592510657335 0.0
57854.54773148148 80.72629904807974 0.0 76.62473055091287 0.0
57854.54785879629 81.26863178988557 0.0 76.62607772814683 0.0
57854.54791666667 81.04392247417447 0.0 76.98719274009152 0.0
57854.55836805556 80.33251631188955 0.0 76.07818364025262 0.0
57854.558483796296 80.3974332052958 0.0 76.02741829761155 0.0
57854.55861111111 80.01644158546416 0.0 75.92255519936089 0.0
57854.55872685185 80.25785700478178 0.0 75.97302956970981 0.0
57854.558842592596 80.28188825009038 0.0 76.07014606269664 0.0
57854.558969907404 80.02251365084703 0.0 75.9249757589688 0.0
57854.55902777778 79.96189698850321 0.0 75.90671535509885 0.0
57854.55908564815 79.9943692018382 0.0 75.90835743842703 0.0
57854.55920138889 80.06757769534433 0.0 76.13262084678288 0.0
57854.559328703705 80.158583008933 0.0 76.0096410726955 0.0
57854.55944444444 80.08765233167969 0.0 75.99457333257422 0.0
57854.55956018518 80.09519272715436 0.0 75.91965973975384 0.0
57854.5596875 79.99875130275473 0.0 75.85890929877651 0.0
57854.55972222222 80.51646923456096 0.0 76.18209843526233 0.0
57854.55980324074 80.99274633570589 0.0 76.4896669034452 0.0
57854.55991898148 80.28539418225459 0.0 75.9239234233848 0.0
57854.5600462963 80.45725487487128 0.0 75.99759677121376 0.0
57854.560162037036 80.76731524571063 0.0 76.35410737478371 0.0
57854.560277777775 80.03534953381538 0.0 75.77871513822335 0.0
57854.56040509259 80.31529189388532 0.0 75.954008445901 0.0
57854.56041666667 80.46699387326458 0.0 75.95027273157088 0.0
57854.560520833336 80.62067177839688 0.0 75.96969774851023 0.0
57854.560636574075 80.21269974885523 0.0 75.90760590349296 0.0
57854.56076388889 79.9677889715603 0.0 75.72908905433896 0.0
57854.56087962963 79.8595964740619 0.0 75.80571121624017 0.0
57854.56099537037 80.05616643332355 0.0 75.97295032444113 0.0
57854.561111111114 79.98300896440443 0.0 75.96638461846135 0.0
57854.56112268518 79.9041960537743 0.0 75.93667057489418 0.0
57854.56123842593 79.88906625440055 0.0 75.7371589842133 0.0
57854.56135416667 79.81275529011639 0.0 75.70770860354975 0.0
57854.56148148148 79.88589430556561 0.0 75.88173372426331 0.0
57854.56159722222 79.81952392742016 0.0 75.7041657704515 0.0
57854.56171296296 79.65561311043936 0.0 75.7110630423322 0.0
57854.56180555555 79.75312771296183 0.0 75.70280303925344 0.0
57854.561840277776 79.87460016801336 0.0 75.70077171337158 0.0
57854.561956018515 79.79035548235137 0.0 75.60333996590363 0.0
57854.56207175926 79.69235780801067 0.0 75.55286482986598 0.0
57854.56219907408 79.89037629151586 0.0 75.64239546048235 0.0
57854.562314814815 80.04922196998544 0.0 75.71692973173172 0.0
57854.562430555554 79.6743244966658 0.0 75.66629717384087 0.0
57854.5625 79.73147382307691 0.0 75.59366370933479 0.0
57854.5625462963 79.79305990498172 0.0 75.52595328759512 0.0
57854.56267361111 79.87379730549938 0.0 75.91917179474497 0.0
57854.562789351854 80.05663183646936 0.0 75.76015857295971 0.0
57854.56290509259 80.38748883999301 0.0 75.78523986898767 0.0
57854.56303240741 80.41880365934325 0.0 76.16229046582042 0.0
57854.56314814815 80.16332123858143 0.0 75.9949813408754 0.0
57854.56319444445 79.95066424989851 0.0 75.74607434712375 0.0
57854.563263888886 79.70220528943976 0.0 75.4939044691689 0.0
57854.5633912037 80.45441756671912 0.0 75.97236747660297 0.0
57854.56350694445 79.72713282189446 0.0 75.52662719200428 0.0
57854.563622685186 79.77423971433385 0.0 75.55749610065172 0.0
57854.56375 79.6346257352918 0.0 75.69209440225578 0.0
57854.56386574074 79.67797532568207 0.0 75.40830183076662 0.0
57854.563888888886 79.80998662448202 0.0 75.79204007018151 0.0
57854.56601851852 79.30702868598722 0.0 75.18353206653701 0.0
57854.56613425926 79.24118484096512 0.0 75.18763335815272 0.0
57854.56626157407 79.5187130617693 0.0 75.38510171777976 0.0
57854.56637731481 79.37403630911055 0.0 75.36901799811379 0.0
57854.56649305556 79.19689243272111 0.0 75.21670577737369 0.0
57854.56662037037 79.43767517368569 0.0 75.23585318184409 0.0
57854.566666666666 79.40841181512195 0.0 75.37653170583003 0.0
57854.56673611111 79.38438017645537 0.0 75.49935730852283 0.0
57854.56685185185 79.3056119451833 0.0 75.17282648670329 0.0
57854.56696759259 79.36161934461771 0.0 75.211878104459 0.0
57854.567094907405 79.39867046116075 0.0 75.19791415990207 0.0
57854.56721064815 79.34631550992144 0.0 75.14454545740496 0.0
57854.56732638889 79.39317812003749 0.0 75.22628342540924 0.0
57854.56736111111 79.488077634322 0.0 75.2462216194275 0.0
57854.567453703705 79.54315055993193 0.0 75.27758513661287 0.0
57854.56756944444 79.21109433658899 0.0 75.2259835296289 0.0
57854.56768518518 79.6938506787067 0.0 75.19202639908038 0.0
57854.5678125 79.3102659559278 0.0 75.21297158735321 0.0
57854.567928240744 80.22811502210432 0.0 75.4603738859012 0.0
57854.56804398148 79.16372275228092 0.0 75.30003989374774 0.0
57854.56805555556 79.31564889730147 0.0 75.31001679059699 0.0
57854.5681712963 79.49365492918287 0.0 75.3299321451971 0.0
57854.56828703704 79.02120080712517 0.0 75.01925978707068 0.0
57854.568402777775 79.07028055470651 0.0 75.08040181032598 0.0
57854.56853009259 79.13634316165992 0.0 75.21875312048186 0.0
57854.56864583334 78.96732831367666 0.0 75.08808912204385 0.0
57854.56875 79.04099836160978 0.0 75.12126275562731 0.0
57854.568761574075 79.11984040049626 0.0 75.13582564263203 0.0
57854.56888888889 79.20579805797048 0.0 75.06333412525719 0.0
57854.56900462963 79.15782865895198 0.0 75.02276335219864 0.0
57854.56912037037 79.45652365287573 0.0 75.38632635962573 0.0
57854.569247685184 79.86277973499294 0.0 75.52023401049549 0.0
57854.56936342592 79.32225713505636 0.0 75.20281406303889 0.0
57854.569444444445 79.35915504212478 0.0 75.42244657925119 0.0
57854.56947916667 79.39636896609315 0.0 75.64725691655977 0.0
57854.569606481484 79.26552540669871 0.0 74.99897145961403 0.0
57854.56972222222 79.03391030437504 0.0 75.63475964792907 0.0
57854.56983796296 78.96345192555857 0.0 75.05380564634947 0.0
57854.56996527778 79.32545575034537 0.0 75.4039148917349 0.0
57854.570081018515 78.93325507667855 0.0 75.06327965123826 0.0
57854.57013888889 79.19049473263821 0.0 75.43401030702265 0.0
57854.57019675926 79.44877370356323 0.0 75.81589511441516 0.0
57854.57032407408 79.18477758382605 0.0 74.96734961301486 0.0
57854.570439814815 78.9629440877175 0.0 74.99696698533882 0.0
57854.570555555554 79.08384078305757 0.0 75.33417152926022 0.0
57854.57068287037 78.87553443875991 0.0 75.03214417168151 0.0
57854.57079861111 78.93191546516529 0.0 75.01712581804237 0.0
57854.57083333333 79.03249296333756 0.0 75.01816587334031 0.0
57854.570914351854 79.13925658609638 0.0 75.02557531268921 0.0
57854.57104166667 79.56280827748604 0.0 75.50560240803327 0.0
57854.57115740741 79.01653617439833 0.0 74.99478381194254 0.0
57854.57127314815 79.41131775760934 0.0 75.09917292487314 0.0
57854.571388888886 78.90938305423506 0.0 74.87757181559776 0.0
57854.5715162037 78.93193175135143 0.0 75.046781190135 0.0
57854.57152777778 78.90591778821155 0.0 74.98736110838945 0.0
57854.57163194445 78.86907146657681 0.0 74.90621903420302 0.0
57854.571747685186 78.90676472267761 0.0 75.04783120783705 0.0
57854.571875 78.92339732297388 0.0 74.90948372536018 0.0
57854.57199074074 79.01770114347796 0.0 75.04340575960022 0.0
57854.57210648148 79.12099375007875 0.0 75.42792219728713 0.0
57854.572222222225 78.99412099010914 0.0 75.15469166326211 0.0
57854.579884259256 79.34296890084212 0.0 74.85596513972685 0.0
57854.58 78.80598843996565 0.0 74.58906812663636 0.0
57854.58011574074 78.44749720673057 0.0 74.46786858773386 0.0
57854.580243055556 78.53177699504832 0.0 74.43132290239103 0.0
57854.580358796295 78.7010872923621 0.0 75.38443547576648 0.0
57854.58047453704 78.59622134046903 0.0 74.58673262719047 0.0
57854.580555555556 78.79676016816936 0.0 74.90746604978705 0.0
57854.58059027778 78.96974150267937 0.0 75.21403235434197 0.0
57854.580717592595 78.6728420867074 0.0 74.44632136647182 0.0
57854.58083333333 78.88368009924486 0.0 74.61904392311656 0.0
57854.58094907407 78.92074240020807 0.0 74.86541372356129 0.0
57854.58107638889 78.96356382534923 0.0 74.6826839836384 0.0
57854.581192129626 78.57499054406561 0.0 74.42670895585805 0.0
57854.58125 78.4836975492363 0.0 74.35390999806265 0.0
57854.58130787037 78.4006094236518 0.0 74.29482199319142 0.0
57854.58143518519 78.54285980915134 0.0 74.75112796473375 0.0
57854.58155092593 78.39675705665381 0.0 74.41358257065708 0.0
57854.581666666665 78.72338028819647 0.0 74.45402347757977 0.0
57854.58179398148 78.35356610901638 0.0 74.496739921959 0.0
57854.58190972222 79.14584100254416 0.0 74.63219124479731 0.0
57854.58194444444 78.94322245766257 0.0 74.67467196446195 0.0
57854.582025462965 78.7501674664886 0.0 74.7039908170909 0.0
57854.58215277778 78.92148331728187 0.0 74.66835590797483 0.0
57854.58226851852 78.43453539098705 0.0 74.79407082115534 0.0
57854.58238425926 78.65024397927829 0.0 74.46516891809216 0.0
57854.58251157407 80.46527869833051 0.0 76.11454663203348 0.0
57854.58262731481 78.76197793351815 0.0 74.78864377697994 0.0
57854.58263888889 79.03772402467065 0.0 74.80831491886447 0.0
57854.58274305556 79.32072579093058 0.0 74.83983579618544 0.0
57854.582870370374 79.30271216673488 0.0 74.74792409157594 0.0
57854.58298611111 78.39892345561896 0.0 74.3373893878444 0.0
57854.58310185185 78.45741315516335 0.0 74.22919509869415 0.0
57854.58322916667 78.45026267005102 0.0 74.31890075209671 0.0
57854.583333333336 78.63367255826222 0.0 74.40377909084995 0.0
57854.583344907405 78.80261580683728 0.0 74.4957470128329 0.0
57854.58346064815 78.40020181734228 0.0 74.33090573240716 0.0
57854.58358796296 78.64316254449588 0.0 74.61097767084948 0.0
57854.583703703705 78.64831932088568 0.0 74.97023245929013 0.0
57854.583819444444 79.03565573840707 0.0 74.62438791038758 0.0
57854.58394675926 78.31714180177926 0.0 74.36209982914684 0.0
57854.584027777775 79.05027118233055 0.0 74.77429289535274 0.0
57854.5840625 79.8300338030744 0.0 75.17554928299494 0.0
57854.584178240744 78.38220752186047 0.0 74.49507724675505 0.0
57854.58430555555 79.4787301043493 0.0 75.23783077681068 0.0
57854.5844212963 79.00907331439852 0.0 75.1293848237825 0.0
57854.58453703704 78.60775155161227 0.0 74.62743961841382 0.0
57854.58466435185 78.54218350669913 0.0 74.26486121309323 0.0
57854.58472222222 79.15426500827355 0.0 75.07855412832615 0.0
57854.58478009259 79.7395162074614 0.0 75.92092290666652 0.0
57854.58489583333 78.37677065942434 0.0 74.14731979647006 0.0
57854.585011574076 78.51872665804 0.0 74.35688914956032 0.0
57854.58513888889 78.41304409981798 0.0 74.24480838415572 0.0
57854.58525462963 78.28702818475102 0.0 74.15925229531376 0.0
57854.58537037037 78.26226938953407 0.0 74.24762126155962 0.0
57854.58541666667 78.2014189193521 0.0 74.26226822552621 0.0
57854.58752314815 78.82173194620884 0.0 74.3833496355199 0.0
57854.58765046296 78.08981273508088 0.0 74.40718280515665 0.0
57854.5877662037 78.13117849488769 0.0 74.07494841712682 0.0
57854.58788194445 78.29415964169996 0.0 74.17686834856268 0.0
57854.588009259256 78.17270538365678 0.0 74.07708626154243 0.0
57854.588125 78.21340402386282 0.0 74.11782924506086 0.0
57854.58819444444 78.23141589540612 0.0 74.11655433842024 0.0
57854.58824074074 78.2242287210299 0.0 74.10224116718739 0.0
57854.588368055556 78.09063686511975 0.0 74.23756563896744 0.0
57854.588483796295 78.2479963577343 0.0 74.21511764458775 0.0
57854.58859953703 78.06581144137299 0.0 73.96008232147933 0.0
57854.58872685185 78.11049357800782 0.0 74.36017636477203 0.0
57854.588842592595 77.98881968590113 0.0 73.92523369594444 0.0
57854.58888888889 78.10575503123954 0.0 73.95716346642833 0.0
57854.588958333334 78.2446291255828 0.0 73.99911153520696 0.0
57854.58908564815 77.93241905651331 0.0 73.96106692037372 0.0
57854.58920138889 77.96530256466654 0.0 74.07719184067388 0.0
57854.58931712963 77.91730556172999 0.0 74.15083191037037 0.0
57854.58943287037 78.28181488059663 0.0 73.93792313150269 0.0
57854.58956018519 78.118371840432 0.0 74.05109137615732 0.0
57854.589583333334 78.00952156628061 0.0 74.13610233212965 0.0
57854.58967592593 77.89412546527498 0.0 74.21238236979056 0.0
57854.589791666665 78.02716532721152 0.0 74.20526576328663 0.0
57854.58991898148 77.90559908633011 0.0 73.9367856685696 0.0
57854.59003472222 78.07654230945425 0.0 74.06363491619892 0.0
57854.590150462966 78.26076057642169 0.0 74.15806843493161 0.0
57854.59027777778 77.93230579162919 0.0 73.97459494312896 0.0
57854.59039351852 78.35058166982553 0.0 74.01120552997364 0.0
57854.59050925926 77.838196459065 0.0 74.05956946269671 0.0
57854.590636574074 77.85198602476368 0.0 73.867704533172 0.0
57854.59075231481 77.86214038285873 0.0 73.87182596227062 0.0
57854.59086805556 77.75981624206683 0.0 73.7756774486009 0.0
57854.59097222222 77.88099455579648 0.0 73.85195998753181 0.0
57854.590995370374 77.99582746532022 0.0 73.93948358624098 0.0
57854.59111111111 78.15259704577961 0.0 73.85413549016738 0.0
57854.59122685185 78.5927112332944 0.0 74.13143537663358 0.0
57854.59135416667 77.84307669921584 0.0 73.80227779005197 0.0
57854.591469907406 77.83726939583634 0.0 73.73498867566198 0.0
57854.59158564815 78.02825947052773 0.0 73.77630803991211 0.0
57854.59166666667 77.84924181390593 0.0 73.75008754571074 0.0
57854.59171296296 77.67554292697284 0.0 73.72824145468275 0.0
57854.591828703706 77.87022729516076 0.0 73.71236816165927 0.0
57854.591944444444 77.92085657896736 0.0 73.82248901249537 0.0
57854.59207175926 77.70403981132513 0.0 73.8589276255755 0.0
57854.5921875 77.86388597417933 0.0 73.87309202950694 0.0
57854.59230324074 77.78320580948049 0.0 73.8661523094306 0.0
57854.592361111114 77.84346413155058 0.0 73.88351714692527 0.0
57854.59243055555 77.90371834514704 0.0 73.89722714013023 0.0
57854.5925462963 77.96577070099417 0.0 74.38083456778365 0.0
57854.59266203704 77.93448303543175 0.0 73.91227219481215 0.0
57854.59278935185 77.65367844474594 0.0 73.73243321632619 0.0
57854.59290509259 77.66321140668856 0.0 73.89855896429916 0.0
57854.59302083333 77.76789432664356 0.0 73.79375785254469 0.0
57854.59305555555 77.66845908732836 0.0 73.7553041346858 0.0
57854.593148148146 77.55134700957811 0.0 73.70657834956117 0.0
57854.59326388889 77.77956075345244 0.0 74.31008486067016 0.0
57854.59337962963 77.78856216051304 0.0 73.6978017243391 0.0
57854.593506944446 77.528484010717 0.0 73.64830283176931 0.0
57854.593622685185 77.53211943446406 0.0 73.70788577214788 0.0
57854.59373842592 77.61772034142719 0.0 73.71658005496457 0.0
57854.59375 77.59472949885192 0.0 73.68828621972423 0.0
57854.59385416667 77.61050035916531 0.0 73.68419452637045 0.0
57854.593981481485 77.47452128926 0.0 73.58916748408015 0.0
57854.59409722222 77.47895636881023 0.0 73.70240639897723 0.0
57854.59421296296 77.82186014867546 0.0 73.79616388403939 0.0
57854.59434027778 78.042690612254 0.0 73.91459731338594 0.0
57854.59444444445 77.86907401529827 0.0 73.7967951472149 0.0
57854.596608796295 77.72310182307446 0.0 73.62349201851268 0.0
57854.596724537034 78.38126876365297 0.0 74.0786714716186 0.0
57854.59685185185 77.53315820344221 0.0 73.40489173754021 0.0
57854.596967592595 77.43623634965739 0.0 73.34151022442884 0.0
57854.597083333334 77.69200126139113 0.0 73.42973460390552 0.0
57854.59721064815 77.4373873590787 0.0 73.39203449966489 0.0
57854.59722222222 77.56209046950707 0.0 73.5655040083326 0.0
57854.59732638889 77.6626460017942 0.0 73.74139288757705 0.0
57854.59744212963 77.357824697958 0.0 73.33190626869043 0.0
57854.59756944444 77.39788883425697 0.0 73.31808411299356 0.0
57854.59768518519 77.40660845819302 0.0 73.39512230386975 0.0
57854.59780092593 77.27653817945004 0.0 73.39482925247528 0.0
57854.597916666666 77.49269342331573 0.0 73.36857235219996 0.0
57854.59792824074 77.73079355056142 0.0 73.3506829484225 0.0
57854.59804398148 78.19384819152975 0.0 74.23036769409134 0.0
57854.59815972222 77.27942002240958 0.0 73.3557823555853 0.0
57854.598275462966 77.97374285616921 0.0 73.60680179847512 0.0
57854.59840277778 77.62783880799465 0.0 73.53637388394942 0.0
57854.59851851852 77.24042158093131 0.0 73.26335392950557 0.0
57854.59861111111 77.38156796679685 0.0 73.34737731507515 0.0
57854.59863425926 77.55316788500647 0.0 73.43666879699813 0.0
57854.598761574074 77.31359811184576 0.0 73.28507554748101 0.0
57854.59887731481 78.88324507777301 0.0 74.4160294291492 0.0
57854.59899305556 77.60574612101864 0.0 73.37926410778456 0.0
57854.59912037037 77.38550768716324 0.0 73.38643348739602 0.0
57854.59923611111 77.38871010037575 0.0 73.39791123730974 0.0
57854.59930555556 77.44450827528057 0.0 73.39743945806283 0.0
57854.59935185185 77.4882712608818 0.0 73.3961296936017 0.0
57854.59947916667 77.43745123000886 0.0 73.32460196959818 0.0
57854.599594907406 77.486690386156 0.0 73.46734151308321 0.0
57854.599710648145 77.44776074877826 0.0 73.5330176451368 0.0
57854.59983796296 77.67654095671357 0.0 73.42980725836068 0.0
57854.599953703706 77.71995954064825 0.0 73.39259488531523 0.0
57854.6 77.64058279662768 0.0 73.42713948534289 0.0
57854.600069444445 77.52633941442096 0.0 73.44055991071963 0.0
57854.60019675926 77.44634922964413 0.0 73.40312017891338 0.0
57854.6003125 77.45511616413728 0.0 73.3694556883176 0.0
57854.60042824074 77.40425282243864 0.0 73.37796515984891 0.0
57854.60055555555 77.37893065298847 0.0 73.30690841932976 0.0
57854.6006712963 77.297602757136 0.0 73.40752877600498 0.0
57854.600694444445 77.27391324373316 0.0 73.31498794243916 0.0
57854.60078703704 77.27981832923781 0.0 73.2360320539009 0.0
57854.60091435185 77.41896991048124 0.0 73.26777786994772 0.0
57854.60103009259 77.42059895790008 0.0 73.24711064608624 0.0
57854.60114583333 77.47311223902135 0.0 73.42210756985936 0.0
57854.601273148146 77.88142642504694 0.0 73.74376552631415 0.0
57854.60138888889 77.61216506450519 0.0 73.45323783197034 0.0
57854.60150462963 77.46766433164227 0.0 73.30857065173213 0.0
57854.601631944446 77.57255242674435 0.0 73.29315822094175 0.0
57854.601747685185 77.29839310748963 0.0 73.32999034501505 0.0
57854.60186342592 77.4847921336826 0.0 73.25787208894344 0.0
57854.60199074074 77.62938508709186 0.0 73.32543284563685 0.0
57854.60208333333 77.42445323022953 0.0 73.25563305985418 0.0
57854.61261574074 76.98577976483709 0.0 72.82270642457613 0.0
57854.61274305556 77.46022374741761 0.0 73.12572283403426 0.0
57854.612858796296 77.26257231674337 0.0 73.03682862775464 0.0
57854.612974537034 76.71260458360152 0.0 72.75246441873979 0.0
57854.61310185185 77.14576722672476 0.0 72.89060863376022 0.0
57854.61319444444 76.84969476842443 0.0 72.72769884301303 0.0
57854.613217592596 76.59892511647928 0.0 72.59399743780473 0.0
57854.613333333335 76.77547617566432 0.0 72.73590916459352 0.0
57854.61346064815 76.9539282688025 0.0 72.73753306237434 0.0
57854.61357638889 76.75019187598166 0.0 72.81746269268108 0.0
57854.61369212963 77.10050881803569 0.0 73.00078813273183 0.0
57854.61381944444 76.77770402922974 0.0 72.86229874221647 0.0
57854.61388888889 77.12470311774302 0.0 73.00261249434844 0.0
57854.61393518518 77.48740605414534 0.0 73.1430290048204 0.0
57854.61405092593 78.24168520680008 0.0 74.1148885379989 0.0
57854.61417824074 76.7143362807761 0.0 72.65342863898441 0.0
57854.61429398148 77.21745628418486 0.0 73.1379255379861 0.0
57854.61440972222 76.97739202519139 0.0 73.16503819448194 0.0
57854.614537037036 76.86903291963546 0.0 72.74276244410848 0.0
57854.614583333336 76.79297952938147 0.0 72.74897306491687 0.0
57854.614652777775 76.70517089479692 0.0 72.75238172046328 0.0
57854.61476851852 76.89053761029376 0.0 72.76584215138308 0.0
57854.614895833336 76.84581866308667 0.0 73.02642131448042 0.0
57854.615011574075 76.78818256086024 0.0 72.74949751029213 0.0
57854.61512731481 77.73179725183253 0.0 73.53219452049558 0.0
57854.61525462963 78.49068185459979 0.0 73.90862016706846 0.0
57854.615277777775 78.14737799184309 0.0 73.51836165884004 0.0
57854.61537037037 77.79458042820207 0.0 73.13053539391052 0.0
57854.61548611111 78.34953191308803 0.0 74.17947704048608 0.0
57854.61561342593 76.94930512356821 0.0 72.7216661731564 0.0
57854.61572916667 76.95151115475251 0.0 72.6829773193146 0.0
57854.61584490741 77.39366037344402 0.0 72.94356395872086 0.0
57854.61597222222 76.63800493227886 0.0 72.60167454680368 0.0
57854.61608796296 76.56674551004502 0.0 72.57420177997138 0.0
57854.61620370371 76.55376814370406 0.0 72.51988720344234 0.0
57854.616319444445 76.9017658899976 0.0 72.71490040562526 0.0
57854.61644675926 76.57290636380468 0.0 72.578615528267 0.0
57854.6165625 76.57985346029332 0.0 72.56961282795989 0.0
57854.61666666667 76.56561315629882 0.0 72.57947902127708 0.0
57854.61667824074 76.5812661817497 0.0 72.60178776035752 0.0
57854.61680555555 76.64802980507719 0.0 72.45955059203722 0.0
57854.6169212963 76.5563659142726 0.0 72.56893733547433 0.0
57854.61703703704 76.62518621184552 0.0 72.58355006473575 0.0
57854.617164351854 76.77567915036636 0.0 72.79217649582955 0.0
57854.61728009259 76.86260629200652 0.0 72.68590256026268 0.0
57854.61736111111 76.89525995144304 0.0 72.64123346970369 0.0
57854.61739583333 76.89883297554002 0.0 72.58839116553004 0.0
57854.61752314815 76.90700709948347 0.0 72.61707141574907 0.0
57854.617638888885 76.97612657181446 0.0 72.61724422614783 0.0
57854.61775462963 76.61055489291276 0.0 72.70070997590051 0.0
57854.61788194445 77.21322448259754 0.0 73.05758176945088 0.0
57854.617997685185 76.8029226982932 0.0 72.78513610621333 0.0
57854.618055555555 76.79557663693919 0.0 72.83490117381913 0.0
57854.620150462964 76.60430925868334 0.0 72.84862966453109 0.0
57854.6202662037 76.5931072421011 0.0 72.87133183220958 0.0
57854.62039351852 77.13019344588733 0.0 73.15960418837707 0.0
57854.62050925926 77.64164539085967 0.0 73.68678733667251 0.0
57854.620625 76.97748148647109 0.0 73.05141966450755 0.0
57854.62074074074 77.52065347376788 0.0 73.50824874121271 0.0
57854.620833333334 77.88523774117917 0.0 73.61435243211747 0.0
57854.62086805556 78.23673566170818 0.0 73.70588306234448 0.0
57854.620983796296 76.92626317454918 0.0 73.01393366337689 0.0
57854.621099537035 76.65717843750838 0.0 72.82350985087164 0.0
57854.62122685185 76.71397480902681 0.0 72.91551653111976 0.0
57854.621342592596 77.32195394582318 0.0 73.11437018124413 0.0
57854.621458333335 77.43026021524143 0.0 73.60608546173339 0.0
57854.62152777778 77.1129082579564 0.0 73.19166361000411 0.0
57854.62158564815 76.8097176143748 0.0 72.78483935545918 0.0
57854.62170138889 76.79466785526193 0.0 72.92460898763873 0.0
57854.62181712963 76.75473279218683 0.0 72.73228235109909 0.0
57854.62194444444 77.81135302126548 0.0 73.3173547599748 0.0
57854.62206018518 77.81398845323378 0.0 73.1505911664424 0.0
57854.62217592593 77.12720733308059 0.0 73.2046761279633 0.0
57854.62222222222 76.99336926645047 0.0 72.98932873372655 0.0
57854.62230324074 76.86931262864265 0.0 72.7903977183804 0.0
57854.62241898148 77.48177261782283 0.0 73.18720647763514 0.0
57854.62253472222 77.18125558061361 0.0 73.00435457560049 0.0
57854.622662037036 76.60883555439281 0.0 72.86285078145103 0.0
57854.622777777775 76.69474534151607 0.0 72.76640076986081 0.0
57854.62289351852 76.86565274555339 0.0 72.9181099933343 0.0
57854.62291666667 76.78666680485617 0.0 72.83566157453366 0.0
57854.623020833336 76.69040511693754 0.0 72.74235380436902 0.0
57854.623136574075 76.75686325013548 0.0 72.70812817010214 0.0
57854.623252314814 76.65236752377581 0.0 72.71322828069181 0.0
57854.62337962963 77.08678507370767 0.0 72.87937208840373 0.0
57854.62349537037 76.73012678863498 0.0 72.74251839880168 0.0
57854.623611111114 77.39751478568287 0.0 72.83266786271116 0.0
57854.62373842593 77.2707406720034 0.0 73.15323655177535 0.0
57854.62385416667 76.96762675956691 0.0 72.84963382200353 0.0
57854.62396990741 77.72765501415826 0.0 73.26039540570335 0.0
57854.62409722222 76.64706972872479 0.0 72.7416149257081 0.0
57854.62421296296 76.90703046536123 0.0 73.08229434001098 0.0
57854.62430555555 76.87429574961972 0.0 72.95033082858501 0.0
57854.62432870371 76.86419836308708 0.0 72.83387965088774 0.0
57854.624456018515 77.08037091893111 0.0 72.91607313206053 0.0
57854.62457175926 77.33254310443954 0.0 73.19110716473689 0.0
57854.6246875 77.07562492124212 0.0 72.95414599596106 0.0
57854.624814814815 76.99864521535427 0.0 72.88641222477617 0.0
57854.624930555554 76.8938241213168 0.0 72.79152548202298 0.0
57854.625 76.90248468027545 0.0 72.8388724926464 0.0
57854.6250462963 76.8749069592933 0.0 72.86736012783776 0.0
57854.62516203704 77.37601191583862 0.0 73.38429396676104 0.0
57854.625289351854 77.6633623081051 0.0 73.21858411632937 0.0
57854.62540509259 76.93745976440866 0.0 73.01442609512178 0.0
57854.62552083333 76.90503215004854 0.0 72.88123133564635 0.0
57854.62564814815 77.1320112145405 0.0 72.89458887324902 0.0
57854.62569444445 77.16160781113882 0.0 73.06367480492615 0.0
57854.62669444444 77.16160781113882 0.0 73.06367480492615 0.0
