57850.79351388889 337.65020918400154 0.0 247.98570447185057 0.0
57850.79451388889 337.65020918400154 0.0 247.98570447185057 0.0
57850.794641203705 395.3069069659674 0.0 443.81750378280486 0.0
57850.794756944444 371.23501431168904 0.0 194.1103775600367 0.0
57850.79487268518 151.9624949173315 0.0 1263.4305164630148 0.0
57850.795 368.8517154101361 0.0 270.158685419144 0.0
57850.795115740744 339.69281396137893 0.0 392.3055029183251 0.0
57850.79513888889 188.7502995809543 0.0 259.57445078165915 0.0
57850.79523148148 144.69763578268999 0.0 207.29296755485942 0.0
57850.7953587963 923.913010443624 0.0 158.64299797028548 0.0
57850.79547453704 613.5197328635812 0.0 300.4530217829403 0.0
57850.795590277776 286.76584375322665 0.0 636.8616717616158 0.0
57850.79571759259 135.70304729076648 0.0 242.72919827412605 0.0
57850.79583333333 217.93859980049427 0.0 508.0083506075466 0.0
57850.795949074076 462.2695919385137 0.0 366.3581461671079 0.0
57850.79607638889 213.35190930268237 0.0 160.31080092277003 0.0
57850.79619212963 136.13563691407185 0.0 161.81384879762302 0.0
57850.79630787037 152.9841794117941 0.0 329.42919081344326 0.0
57850.796435185184 204.0653910333646 0.0 182.5783737428943 0.0
57850.79652777778 236.82476259399058 0.0 243.9852614360138 0.0
57850.79655092592 294.949057079693 0.0 541.199004154664 0.0
57850.79666666667 158.31592360088104 0.0 372.25637089645625 0.0
57850.796793981484 1247.3933254751687 0.0 179.09609006452374 0.0
57850.79690972222 184.66910507635 0.0 258.82900358846956 0.0
57850.79702546296 213.29167494513237 0.0 207.85263004253758 0.0
57850.79715277778 351.07395028113376 0.0 137.4854830816694 0.0
57850.79722222222 475.4826924967932 0.0 177.48349638290316 0.0
57850.797268518516 1200.752058116079 0.0 309.9218321167452 0.0
57850.79738425926 317.3356068076824 0.0 305.6558556270434 0.0
57850.79751157408 159.66781948376448 0.0 246.81111957345033 0.0
57850.797627314816 416.13057194347067 0.0 171.29527456412802 0.0
57850.797743055555 288.43557821409615 0.0 167.22726342047218 0.0
57850.79787037037 198.69933626512193 0.0 166.08041172185239 0.0
57850.79791666667 248.92238695484986 0.0 163.66021842280426 0.0
57850.80144675926 166.43772138160267 0.0 190.17937037439157 0.0
57850.801574074074 267.6262585595816 0.0 273.7594770133082 0.0
57850.80168981481 137.65928364371217 0.0 171.7252987678286 0.0
57850.80180555556 394.71214595955877 0.0 430.01641553550024 0.0
57850.801932870374 204.0219019652057 0.0 147.92574514904427 0.0
57850.80204861111 494.1515563974275 0.0 146.82748475336626 0.0
57850.802083333336 192.2754935830357 0.0 204.48577405531174 0.0
57850.80216435185 141.44509267980985 0.0 818.296095265644 0.0
57850.80229166667 368.6832548231612 0.0 504.63683692136465 0.0
57850.802407407406 228.23389805394817 0.0 158.13101351980262 0.0
57850.80252314815 139.59034846077287 0.0 305.74183525844154 0.0
57850.80265046296 143.32278329595752 0.0 206.81299189751113 0.0
57850.802766203706 163.5873284927656 0.0 201.1152054127186 0.0
57850.802777777775 164.81167682388283 0.0 216.81038124268866 0.0
57850.802881944444 165.97433391160212 0.0 236.9150167872438 0.0
57850.80300925926 312.62639109182703 0.0 181.75655076502744 0.0
57850.803125 340.3113172229216 0.0 133.54802531935843 0.0
57850.80324074074 169.7727541509532 0.0 138.64787202369894 0.0
57850.80335648148 99.84465707157294 0.0 150.25389235657093 0.0
57850.80347222222 100.53832223386264 0.0 123.58386920670513 0.0
57850.8034837963 101.08670988512783 0.0 107.20993258509213 0.0
57850.80359953704 131.53586905859558 0.0 174.4298548368369 0.0
57850.803715277776 128.93769142031354 0.0 123.03313486455589 0.0
57850.80384259259 97.68030602490965 0.0 123.59944731996175 0.0
57850.80395833333 128.58946949147898 0.0 109.58743859813497 0.0
57850.804074074076 94.86798359040841 0.0 118.84532287515567 0.0
57850.80416666667 95.39996909491114 0.0 116.25924676342953 0.0
57850.80420138889 96.05966661778501 0.0 113.95573059921121 0.0
57850.80431712963 145.67594125523954 0.0 151.07482319632217 0.0
57850.80443287037 127.60752533726215 0.0 122.47106865582582 0.0
57850.804560185185 92.94686422193058 0.0 167.74695705138737 0.0
57850.80467592592 106.20175734657124 0.0 126.56462682677179 0.0
57850.80479166667 104.44362568534281 0.0 118.05451033526842 0.0
57850.80486111111 102.85613185901947 0.0 130.5325773939211 0.0
57850.80837962963 99.93645837841163 0.0 128.1124352219565 0.0
57850.80849537037 128.9689734544708 0.0 122.98751697509792 0.0
57850.80862268519 124.99123242211832 0.0 136.86490245238187 0.0
57850.80873842593 95.10225557277809 0.0 126.48950212883281 0.0
57850.808854166666 134.89755998682853 0.0 144.78445811481288 0.0
57850.80898148148 121.78135345240666 0.0 128.14141411971386 0.0
57850.80902777778 109.05445575720415 0.0 131.01240763416266 0.0
57850.80909722222 99.591325430933 0.0 133.97696621061397 0.0
57850.809212962966 96.9839415256464 0.0 122.7001922553506 0.0
57850.80934027778 89.40857369475256 0.0 98.56112561365155 0.0
57850.80945601852 127.87413173038557 0.0 111.8062352411528 0.0
57850.80957175926 108.87621080337063 0.0 110.87200434645348 0.0
57850.809699074074 102.5451204738675 0.0 137.9714109535015 0.0
57850.80972222222 108.51363008534918 0.0 112.26350108606091 0.0
57850.80981481481 115.69739903213036 0.0 97.03570662276852 0.0
57850.80993055556 154.13619792151354 0.0 173.05292941640715 0.0
57850.81005787037 141.34129413939863 0.0 174.21548001196678 0.0
57850.81017361111 127.93845225654404 0.0 101.79581891315576 0.0
57850.81028935185 96.90978131107303 0.0 110.7715125643773 0.0
57850.81041666667 132.97739363139888 0.0 146.25974800128708 0.0
57850.810532407406 107.9249136849319 0.0 128.8726268836792 0.0
57850.810648148145 95.46766300203436 0.0 126.12580518751902 0.0
57850.81077546296 127.48164380960891 0.0 105.17282870209397 0.0
57850.810891203706 101.482336036869 0.0 99.58278075591181 0.0
57850.811006944445 93.67484328537732 0.0 132.30088454617376 0.0
57850.811111111114 90.68552391964221 0.0 132.19264630152466 0.0
57850.81113425926 87.96936583515878 0.0 132.15613913511547 0.0
57850.81125 114.5287081176593 0.0 100.60779959277511 0.0
57850.81136574074 188.7764963757406 0.0 201.02591683959557 0.0
57850.81149305555 119.35284261214728 0.0 132.08856082606093 0.0
57850.8116087963 93.31834861012061 0.0 140.4286719908011 0.0
57850.81172453704 91.28146035066486 0.0 99.10219780696087 0.0
57850.81180555555 92.28452486852821 0.0 109.83371711865168 0.0
57850.817465277774 92.21491765571339 0.0 99.2948978279851 0.0
57850.81758101852 91.32537335067401 0.0 98.42348155160943 0.0
57850.81769675926 91.34852209472247 0.0 98.73229040070933 0.0
57850.817824074074 92.53492568900674 0.0 99.85560057397882 0.0
57850.81793981481 93.39900065942889 0.0 100.67074283027816 0.0
57850.81805555556 91.73881871710579 0.0 98.78127229971277 0.0
57850.81818287037 91.16847308384625 0.0 98.47369686967176 0.0
57850.81829861111 91.84485212569075 0.0 99.02438699078122 0.0
57850.81841435185 91.13097487704167 0.0 98.27156378240859 0.0
57850.81854166667 91.58346881877755 0.0 98.91152666170915 0.0
57850.818657407406 91.38017749386351 0.0 98.52835615430718 0.0
57850.81875 91.82168776133446 0.0 99.18904100131223 0.0
57850.818773148145 92.2827685116241 0.0 99.84963030572521 0.0
57850.81890046296 91.70482647630931 0.0 98.9671324652786 0.0
57850.819016203706 91.16664934146696 0.0 98.38934352072891 0.0
57850.819131944445 91.17257775762403 0.0 98.61472747875948 0.0
57850.81925925926 90.86764400390274 0.0 98.18708216405048 0.0
57850.819375 92.00926823347743 0.0 99.62132728271592 0.0
57850.819444444445 93.89947986959247 0.0 101.50789126269937 0.0
57850.81949074074 95.97127395622087 0.0 103.59764001462582 0.0
57850.81961805555 96.85936445852822 0.0 104.10588962349824 0.0
57850.8197337963 92.49196824914043 0.0 99.90178065715345 0.0
57850.81984953704 101.7305661962028 0.0 110.13783069045805 0.0
57850.81997685185 99.30450137028029 0.0 107.33557123712531 0.0
57850.82009259259 93.5062005347239 0.0 100.60765672303475 0.0
57850.82013888889 92.3067276653766 0.0 99.62172178330387 0.0
57850.82020833333 91.11164003408126 0.0 98.49831749040183 0.0
57850.820335648146 92.84234068613307 0.0 100.37575096157438 0.0
57850.82045138889 91.60153984715541 0.0 99.03297535816037 0.0
57850.82056712963 94.52840089020866 0.0 102.0438353076755 0.0
57850.82069444445 91.76408415540364 0.0 99.05116377488959 0.0
57850.820810185185 91.76337948212239 0.0 98.94204300553936 0.0
57850.82083333333 93.71984663309048 0.0 100.67669699339565 0.0
57850.82183333333 93.71984663309048 0.0 100.67669699339565 0.0
