57850.82261388889 8.725749806029242 0.0 8.725749806029242 0.0
57850.82361388889 8.725749806029242 0.0 8.725749806029242 0.0
57850.82373111111 8.523780775552444 0.0 8.523780775552444 0.0
57850.82377777777 8.69909153580919 0.0 8.69909153580919 0.0
57850.82382444444 8.343434737912586 0.0 8.343434737912586 0.0
57850.823941666655 10.338777615397536 0.0 10.338777615397536 0.0
57850.82398833332 10.153499317333743 0.0 10.153499317333743 0.0
57850.824035 9.619033550810231 0.0 9.619033550810231 0.0
57850.82415222222 8.033799567071048 0.0 8.033799567071048 0.0
57850.82419888889 8.037412518964048 0.0 8.037412518964048 0.0
57850.824245555545 7.969700686491185 0.0 7.969700686491185 0.0
57850.82436277778 7.9281043578952355 0.0 7.9281043578952355 0.0
57850.824409444445 7.934815078033051 0.0 7.934815078033051 0.0
57850.8244561111 8.145451927104732 0.0 8.145451927104732 0.0
57850.824573333324 8.54834449167715 0.0 8.54834449167715 0.0
57850.824619999985 8.62086740639883 0.0 8.62086740639883 0.0
57850.82466666667 8.417914844103654 0.0 8.417914844103654 0.0
57850.82478388888 8.309147699004452 0.0 8.309147699004452 0.0
57850.824830555546 8.4150402985254 0.0 8.4150402985254 0.0
57850.82487722222 8.188110972032716 0.0 8.188110972032716 0.0
57850.82499444443 8.36274380039038 0.0 8.36274380039038 0.0
57850.82504111111 8.282122215175091 0.0 8.282122215175091 0.0
57850.825087777775 8.298075952660895 0.0 8.298075952660895 0.0
57850.82520499999 8.380083916740507 0.0 8.380083916740507 0.0
57850.825251666654 8.589190506001545 0.0 8.589190506001545 0.0
57850.82529833332 9.589644952894798 0.0 9.589644952894798 0.0
57850.825415555555 9.763328358974785 0.0 9.763328358974785 0.0
57850.82546222222 8.838697904395268 0.0 8.838697904395268 0.0
57850.82550888889 9.09111583342629 0.0 9.09111583342629 0.0
57850.8256261111 11.593240522237588 0.0 11.593240522237588 0.0
57850.82567277778 12.903237903220138 0.0 12.903237903220138 0.0
57850.86041944444 9.787253066138891 0.0 9.787253066138891 0.0
57850.86053666667 10.5726366229664 0.0 10.5726366229664 0.0
57850.86058333332 10.39432227150337 0.0 10.39432227150337 0.0
57850.86062999999 10.703782870646036 0.0 10.703782870646036 0.0
57850.860747222214 10.917136573650708 0.0 10.917136573650708 0.0
57850.860793888874 11.575697568334636 0.0 11.575697568334636 0.0
57850.86084055556 10.252458399125862 0.0 10.252458399125862 0.0
57850.860957777775 9.250108979305717 0.0 9.250108979305717 0.0
57850.86100444444 10.01998003990028 0.0 10.01998003990028 0.0
57850.8610511111 10.441542340651253 0.0 10.441542340651253 0.0
57850.86116833334 9.624062585268307 0.0 9.624062585268307 0.0
57850.861215 11.828342124717008 0.0 11.828342124717008 0.0
57850.86126166666 14.945708198288466 0.0 14.945708198288466 0.0
57850.861378888876 12.123025279833573 0.0 12.123025279833573 0.0
57850.861425555544 15.071335750036312 0.0 15.071335750036312 0.0
57850.86158944443 11.96635067124045 0.0 11.96635067124045 0.0
57850.8616361111 11.645710826100798 0.0 11.645710826100798 0.0
57850.86168277778 11.373710490538285 0.0 11.373710490538285 0.0
57850.86179999999 11.620893308619719 0.0 11.620893308619719 0.0
57850.86184666667 9.977232145756785 0.0 9.977232145756785 0.0
57850.861893333335 11.991663771137013 0.0 11.991663771137013 0.0
57850.862010555546 9.408815358567352 0.0 9.408815358567352 0.0
57850.86205722221 9.389596164321032 0.0 9.389596164321032 0.0
57850.862103888874 9.60930328782578 0.0 9.60930328782578 0.0
57850.862221111114 10.403628399311838 0.0 10.403628399311838 0.0
57850.862267777775 11.013774366966647 0.0 11.013774366966647 0.0
57850.86231444444 10.550340156571012 0.0 10.550340156571012 0.0
57850.862431666654 9.282831881593864 0.0 9.282831881593864 0.0
57850.86343166665 9.282831881593864 0.0 9.282831881593864 0.0
