57850.455944444446 237.47043561716856 0.0 208.3889968927679 0.0
57850.45694444444 237.47043561716856 0.0 208.3889968927679 0.0
57850.45763888889 237.27347365161006 0.0 207.9897599876981 0.0
57850.458333333336 236.68709136913068 0.0 207.63354332016854 0.0
57850.49930555555 215.46687454449705 0.0 187.0967525244487 0.0
57850.5 215.4970093503876 0.0 186.90229408026948 0.0
57850.50069444445 215.09285219396546 0.0 186.80498894864638 0.0
57850.544444444444 206.7183289707701 0.0 178.31097889587505 0.0
57850.54513888889 206.473167339412 0.0 178.01940650083375 0.0
57850.54583333333 206.45429669390904 0.0 177.99751931731208 0.0
57850.56805555556 204.3106877842105 0.0 176.06816861659007 0.0
57850.56875 204.3043311833103 0.0 175.93534821986955 0.0
57850.569444444445 204.57748666934992 0.0 176.1492873348383 0.0
57850.57044444444 204.57748666934992 0.0 176.1492873348383 0.0
