57850.24414166667 9.616518047341184 0.0 9.616518047341184 0.0
57850.245141666666 9.616518047341184 0.0 9.616518047341184 0.0
57850.24525888889 8.783415457370454 0.0 8.783415457370454 0.0
57850.245305555545 8.844353037117033 0.0 8.844353037117033 0.0
57850.24535222221 8.843076387773658 0.0 8.843076387773658 0.0
57850.24546944443 8.774596764928676 0.0 8.774596764928676 0.0
57850.2455161111 8.79405957854322 0.0 8.79405957854322 0.0
57850.245562777774 8.73369448485798 0.0 8.73369448485798 0.0
57850.24568 8.82408726889259 0.0 8.82408726889259 0.0
57850.24572666667 8.915734550817737 0.0 8.915734550817737 0.0
57850.24577333332 8.986549088283502 0.0 8.986549088283502 0.0
57850.245890555554 8.84854644523881 0.0 8.84854644523881 0.0
57850.24593722222 9.031664727055333 0.0 9.031664727055333 0.0
57850.245983888875 9.061617031513 0.0 9.061617031513 0.0
57850.2461011111 8.695382534388859 0.0 8.695382534388859 0.0
57850.24614777777 8.637876083031433 0.0 8.637876083031433 0.0
57850.246194444444 8.733509806966905 0.0 8.733509806966905 0.0
57850.246311666655 8.795159959300197 0.0 8.795159959300197 0.0
57850.24635833332 9.043621883636753 0.0 9.043621883636753 0.0
57850.246405 9.10015951650335 0.0 9.10015951650335 0.0
57850.24652222221 9.186244976822334 0.0 9.186244976822334 0.0
57850.24656888889 9.082063144888497 0.0 9.082063144888497 0.0
57850.24661555555 8.91555364372811 0.0 8.91555364372811 0.0
57850.24673277776 9.01182019493323 0.0 9.01182019493323 0.0
57850.24677944443 9.292209709768855 0.0 9.292209709768855 0.0
57850.2468261111 9.20956725542835 0.0 9.20956725542835 0.0
57850.24694333333 9.059658898371325 0.0 9.059658898371325 0.0
57850.24699 9.225315800172003 0.0 9.225315800172003 0.0
57850.24703666667 8.931820606955712 0.0 8.931820606955712 0.0
57850.24715388888 8.832491337431726 0.0 8.832491337431726 0.0
57850.247200555554 8.696866324772834 0.0 8.696866324772834 0.0
57850.293101111114 9.903893011043362 0.0 9.903893011043362 0.0
57850.293147777775 11.28215833846492 0.0 11.28215833846492 0.0
57850.29319444444 12.879340796595093 0.0 12.879340796595093 0.0
57850.29331166667 8.937958199398427 0.0 8.937958199398427 0.0
57850.293358333336 9.307471851048732 0.0 9.307471851048732 0.0
57850.293405 9.922603716572027 0.0 9.922603716572027 0.0
57850.29352222222 9.45003840237973 0.0 9.45003840237973 0.0
57850.293568888876 9.962996051518873 0.0 9.962996051518873 0.0
57850.29361555556 9.596874491208062 0.0 9.596874491208062 0.0
57850.293732777776 9.379112001436164 0.0 9.379112001436164 0.0
57850.33611388889 8.505595880966988 0.0 8.505595880966988 0.0
57850.33623111111 8.388548261498164 0.0 8.388548261498164 0.0
57850.336277777766 8.361200716365733 0.0 8.361200716365733 0.0
57850.33632444443 8.373344805142475 0.0 8.373344805142475 0.0
57850.33644166665 8.400268812903088 0.0 8.400268812903088 0.0
57850.33648833332 8.400268812903088 0.0 8.400268812903088 0.0
57850.336535 8.364286599739433 0.0 8.364286599739433 0.0
57850.33665222222 8.350197988767267 0.0 8.350197988767267 0.0
57850.33669888889 8.349425323086999 0.0 8.349425323086999 0.0
57850.33674555554 8.354253311164127 0.0 8.354253311164127 0.0
57850.336862777775 8.329698131849794 0.0 8.329698131849794 0.0
57850.33690944444 8.339567560537787 0.0 8.339567560537787 0.0
57850.3369561111 8.371033003661323 0.0 8.371033003661323 0.0
57850.33707333332 8.42500119651566 0.0 8.42500119651566 0.0
57850.33711999999 8.527753552088692 0.0 8.527753552088692 0.0
57850.337166666664 8.610758461966205 0.0 8.610758461966205 0.0
57850.337283888875 8.44450575340883 0.0 8.44450575340883 0.0
57850.33733055554 8.541926956432738 0.0 8.541926956432738 0.0
57850.337377222226 8.612444110029806 0.0 8.612444110029806 0.0
57850.33749444443 8.733879158844044 0.0 8.733879158844044 0.0
57850.33754111111 9.114858482790082 0.0 9.114858482790082 0.0
57850.33758777778 9.648834126463155 0.0 9.648834126463155 0.0
57850.33770499999 8.673653098004099 0.0 8.673653098004099 0.0
57850.33775166665 8.658018845127367 0.0 8.658018845127367 0.0
57850.33779833332 8.727043618693598 0.0 8.727043618693598 0.0
57850.33791555555 8.449088517360531 0.0 8.449088517360531 0.0
57850.33796222222 8.420405323168929 0.0 8.420405323168929 0.0
57850.33800888889 8.413123389163523 0.0 8.413123389163523 0.0
57850.3381261111 8.397964423097594 0.0 8.397964423097594 0.0
57850.338172777774 8.446988392511608 0.0 8.446988392511608 0.0
57850.373613888885 8.333182794339205 0.0 8.333182794339205 0.0
57850.37373111111 8.245233227007102 0.0 8.245233227007102 0.0
57850.373777777764 8.227608910679749 0.0 8.227608910679749 0.0
57850.37382444443 8.20857144461144 0.0 8.20857144461144 0.0
57850.37394166666 8.194805593159451 0.0 8.194805593159451 0.0
57850.37398833332 8.237404852845186 0.0 8.237404852845186 0.0
57850.374035 8.22486395612561 0.0 8.22486395612561 0.0
57850.37415222222 8.20994676026901 0.0 8.20994676026901 0.0
57850.37419888889 8.185549816991625 0.0 8.185549816991625 0.0
57850.37424555555 8.201298087655433 0.0 8.201298087655433 0.0
57850.37436277778 8.209357367486005 0.0 8.209357367486005 0.0
57850.37440944444 8.23642578291211 0.0 8.23642578291211 0.0
57850.3744561111 8.236621606209125 0.0 8.236621606209125 0.0
57850.37457333332 8.20228135062671 0.0 8.20228135062671 0.0
57850.37461999999 8.20385432625736 0.0 8.20385432625736 0.0
57850.37466666667 8.219175062600712 0.0 8.219175062600712 0.0
57850.374783888874 8.18771700032551 0.0 8.18771700032551 0.0
57850.37483055554 8.18712600721795 0.0 8.18712600721795 0.0
57850.374877222224 8.192049647026977 0.0 8.192049647026977 0.0
57850.374994444435 8.223687266552911 0.0 8.223687266552911 0.0
57850.37504111111 8.235054889450225 0.0 8.235054889450225 0.0
57850.37508777778 8.272379226348134 0.0 8.272379226348134 0.0
57850.37520499999 8.338987329251635 0.0 8.338987329251635 0.0
57850.37525166666 8.448133979876 0.0 8.448133979876 0.0
57850.375298333325 8.204050927005708 0.0 8.204050927005708 0.0
57850.37541555556 8.236034122350157 0.0 8.236034122350157 0.0
57850.37546222222 8.234271419284866 0.0 8.234271419284866 0.0
57850.37550888889 8.247580290313111 0.0 8.247580290313111 0.0
57850.3756261111 8.223687266552911 0.0 8.223687266552911 0.0
57850.37567277778 8.206409768609083 0.0 8.206409768609083 0.0
57850.393058333335 8.32214302425337 0.0 8.32214302425337 0.0
57850.39317555555 8.209750300709516 0.0 8.209750300709516 0.0
57850.393222222214 8.2123039083969 0.0 8.2123039083969 0.0
57850.393268888874 8.194411943316872 0.0 8.194411943316872 0.0
57850.3933861111 8.216623590368885 0.0 8.216623590368885 0.0
57850.39343277777 8.251099633460397 0.0 8.251099633460397 0.0
57850.39347944444 8.223687266552911 0.0 8.223687266552911 0.0
57850.39359666667 8.20385432625736 0.0 8.20385432625736 0.0
57850.39364333334 8.212107505227836 0.0 8.212107505227836 0.0
57850.39368999999 8.210536110742492 0.0 8.210536110742492 0.0
57850.39380722222 8.212107505227836 0.0 8.212107505227836 0.0
57850.39385388889 8.20385432625736 0.0 8.20385432625736 0.0
57850.393900555544 8.182199404608408 0.0 8.182199404608408 0.0
57850.39401777777 8.186929000034928 0.0 8.186929000034928 0.0
57850.39406444443 8.216427290456288 0.0 8.216427290456288 0.0
57850.39411111111 8.181410872885417 0.0 8.181410872885417 0.0
57850.39422833332 8.194411943316872 0.0 8.194411943316872 0.0
57850.39427499999 8.169376333443047 0.0 8.169376333443047 0.0
57850.39432166667 8.171350423396092 0.0 8.171350423396092 0.0
57850.39443888888 8.166216796913584 0.0 8.166216796913584 0.0
57850.39448555555 8.154357631787851 0.0 8.154357631787851 0.0
57850.39453222222 8.169968610513397 0.0 8.169968610513397 0.0
57850.39464944443 8.191655864747469 0.0 8.191655864747469 0.0
57850.3946961111 8.209750300709516 0.0 8.209750300709516 0.0
57850.39474277777 8.207392419190192 0.0 8.207392419190192 0.0
57850.39486 8.270039201061671 0.0 8.270039201061671 0.0
57850.39490666667 8.510145747586305 0.0 8.510145747586305 0.0
57850.394953333336 8.186929000034928 0.0 8.186929000034928 0.0
57850.39507055555 8.169376333443047 0.0 8.169376333443047 0.0
57850.39511722222 8.167006795638168 0.0 8.167006795638168 0.0
57850.43680833333 8.44622458128005 0.0 8.44622458128005 0.0
57850.43692555556 8.373730043338492 0.0 8.373730043338492 0.0
57850.43697222221 8.34324142161515 0.0 8.34324142161515 0.0
57850.43701888888 8.328342591571305 0.0 8.328342591571305 0.0
57850.4371361111 8.255203637510961 0.0 8.255203637510961 0.0
57850.437182777765 8.240537094929142 0.0 8.240537094929142 0.0
57850.43722944445 8.223294999278652 0.0 8.223294999278652 0.0
57850.437346666666 8.328342591571305 0.0 8.328342591571305 0.0
57850.43739333333 8.31884762490885 0.0 8.31884762490885 0.0
57850.43743999999 8.289324654385691 0.0 8.289324654385691 0.0
57850.43755722222 8.20562356341772 0.0 8.20562356341772 0.0
57850.43760388889 8.20719589848622 0.0 8.20719589848622 0.0
57850.43765055554 8.20208470746231 0.0 8.20208470746231 0.0
57850.43776777777 8.260281960351966 0.0 8.260281960351966 0.0
57850.437814444434 8.291464713593985 0.0 8.291464713593985 0.0
57850.43786111111 8.340921276569842 0.0 8.340921276569842 0.0
57850.43797833332 8.253835862895077 0.0 8.253835862895077 0.0
57850.43802499999 8.20994676026901 0.0 8.20994676026901 0.0
57850.438071666664 8.234271419284866 0.0 8.234271419284866 0.0
57850.438188888875 8.252076962410639 0.0 8.252076962410639 0.0
57850.43823555556 8.275498230785985 0.0 8.275498230785985 0.0
57850.438282222225 8.250708669465132 0.0 8.250708669465132 0.0
57850.438399444436 8.2702342284574 0.0 8.2702342284574 0.0
57850.4384461111 8.300408073917113 0.0 8.300408073917113 0.0
57850.438492777765 8.282901159189526 0.0 8.282901159189526 0.0
57850.43861 8.380276383154944 0.0 8.380276383154944 0.0
57850.438656666665 8.513935445737978 0.0 8.513935445737978 0.0
57850.43870333333 8.523213084883105 0.0 8.523213084883105 0.0
57850.438820555544 8.365829114570387 0.0 8.365829114570387 0.0
57850.43886722222 8.444314750937654 0.0 8.444314750937654 0.0
57850.47916944444 8.41273995487719 0.0 8.41273995487719 0.0
57850.47928666667 8.380468845149187 0.0 8.380468845149187 0.0
57850.47933333332 8.398348531974374 0.0 8.398348531974374 0.0
57850.47937999999 8.354253311164127 0.0 8.354253311164127 0.0
57850.47949722221 8.379314006874695 0.0 8.379314006874695 0.0
57850.479543888876 8.477294151380631 0.0 8.477294151380631 0.0
57850.47959055556 8.522645356400075 0.0 8.522645356400075 0.0
57850.47970777778 8.346527189737794 0.0 8.346527189737794 0.0
57850.479754444445 8.393161578947625 0.0 8.393161578947625 0.0
57850.4798011111 8.376811311109705 0.0 8.376811311109705 0.0
57850.47991833333 8.35463942968217 0.0 8.35463942968217 0.0
57850.479965 8.309730013858802 0.0 8.309730013858802 0.0
57850.48001166665 8.297687202059729 0.0 8.297687202059729 0.0
57850.48012888888 8.270039201061671 0.0 8.270039201061671 0.0
57850.480175555545 8.303905027737096 0.0 8.303905027737096 0.0
57850.48022222222 8.381238648930275 0.0 8.381238648930275 0.0
57850.48033944443 8.315356955075506 0.0 8.315356955075506 0.0
57850.4803861111 8.330472627261216 0.0 8.330472627261216 0.0
57850.480432777775 8.374307867403997 0.0 8.374307867403997 0.0
57850.480549999986 8.298853399231454 0.0 8.298853399231454 0.0
57850.48059666667 8.295937598919203 0.0 8.295937598919203 0.0
57850.480643333336 8.292048270248372 0.0 8.292048270248372 0.0
57850.48076055555 8.272964129250832 0.0 8.272964129250832 0.0
57850.48080722221 8.289713797153052 0.0 8.289713797153052 0.0
57850.480853888876 8.278031556572666 0.0 8.278031556572666 0.0
57850.48097111111 8.281927467724236 0.0 8.281927467724236 0.0
57850.481017777776 8.282901159189526 0.0 8.282901159189526 0.0
57850.481064444444 8.299242095205967 0.0 8.299242095205967 0.0
57850.481181666655 8.279590141016994 0.0 8.279590141016994 0.0
57850.48122833333 8.282316958046726 0.0 8.282316958046726 0.0
57850.521530555554 8.409288259553128 0.0 8.409288259553128 0.0
57850.52164777778 8.421554526639444 0.0 8.421554526639444 0.0
57850.52169444443 8.379506490972965 0.0 8.379506490972965 0.0
57850.5217411111 8.390663013519946 0.0 8.390663013519946 0.0
57850.52185833332 8.29379869385516 0.0 8.29379869385516 0.0
57850.52190499999 8.300602387778854 0.0 8.300602387778854 0.0
57850.52195166667 8.310312287909563 0.0 8.310312287909563 0.0
57850.52206888889 8.340921276569842 0.0 8.340921276569842 0.0
57850.522115555556 8.32098009115629 0.0 8.32098009115629 0.0
57850.52216222221 8.321561578019729 0.0 8.321561578019729 0.0
57850.52227944444 8.322724429865731 0.0 8.322724429865731 0.0
57850.52232611111 8.300602387778854 0.0 8.300602387778854 0.0
57850.52237277776 8.320592410671017 0.0 8.320592410671017 0.0
57850.52248999999 8.319235386702005 0.0 8.319235386702005 0.0
57850.52253666666 8.342274772931948 0.0 8.342274772931948 0.0
57850.52258333333 8.378159009418285 0.0 8.378159009418285 0.0
57850.52270055554 8.476533070968685 0.0 8.476533070968685 0.0
57850.52274722221 8.616001617395842 0.0 8.616001617395842 0.0
57850.522793888886 8.717427853850973 0.0 8.717427853850973 0.0
57850.5229111111 8.320204712121745 0.0 8.320204712121745 0.0
57850.52295777778 8.368527831376086 0.0 8.368527831376086 0.0
57850.52300444445 8.54513632651403 0.0 8.54513632651403 0.0
57850.52312166666 8.674954680554672 0.0 8.674954680554672 0.0
57850.52316833332 8.60251276119086 0.0 8.60251276119086 0.0
57850.52321499999 8.553437339606846 0.0 8.553437339606846 0.0
57850.52333222222 8.330472627261216 0.0 8.330472627261216 0.0
57850.52337888889 8.466823298864432 0.0 8.466823298864432 0.0
57850.523425555555 8.583930974078363 0.0 8.583930974078363 0.0
57850.523542777766 8.343821357070732 0.0 8.343821357070732 0.0
57850.52358944444 8.319623130422318 0.0 8.319623130422318 0.0
57850.60278055556 9.2240918776724 0.0 9.2240918776724 0.0
57850.602897777775 9.219019610600965 0.0 9.219019610600965 0.0
57850.602944444436 9.333083714019887 0.0 9.333083714019887 0.0
57850.602991111096 9.175176890269851 0.0 9.175176890269851 0.0
57850.60310833332 9.037199109344416 0.0 9.037199109344416 0.0
57850.60315499999 9.109017156004652 0.0 9.109017156004652 0.0
57850.603201666665 9.229860377093749 0.0 9.229860377093749 0.0
57850.60331888889 9.379799846547384 0.0 9.379799846547384 0.0
57850.60336555556 9.55105128481474 0.0 9.55105128481474 0.0
57850.60341222221 9.62171602962999 0.0 9.62171602962999 0.0
57850.603529444445 9.146654597314837 0.0 9.146654597314837 0.0
57850.60357611111 9.254118525144325 0.0 9.254118525144325 0.0
57850.603622777766 9.180800443000248 0.0 9.180800443000248 0.0
57850.60373999999 9.270835296604844 0.0 9.270835296604844 0.0
57850.60378666665 9.380315697280404 0.0 9.380315697280404 0.0
57850.603833333334 9.439963094515067 0.0 9.439963094515067 0.0
57850.603950555545 9.255164207950555 0.0 9.255164207950555 0.0
57850.60399722221 9.138186450981573 0.0 9.138186450981573 0.0
57850.60404388889 9.334638925580773 0.0 9.334638925580773 0.0
57850.6041611111 9.619704240641672 0.0 9.619704240641672 0.0
57850.604207777775 9.650839843113104 0.0 9.650839843113104 0.0
57850.60425444444 9.503140397750359 0.0 9.503140397750359 0.0
57850.60437166665 9.097677832034055 0.0 9.097677832034055 0.0
57850.60441833332 9.15898994290274 0.0 9.15898994290274 0.0
57850.60446499999 9.178867735359619 0.0 9.178867735359619 0.0
57850.60458222222 8.988523148276183 0.0 8.988523148276183 0.0
57850.60462888889 9.104412258934959 0.0 9.104412258934959 0.0
57850.60467555556 9.19361629856072 0.0 9.19361629856072 0.0
57850.60479277777 9.21481976089638 0.0 9.21481976089638 0.0
57850.604839444444 9.319594342549326 0.0 9.319594342549326 0.0
57850.60583944444 9.319594342549326 0.0 9.319594342549326 0.0
