57850.16443981482 135.573587699279 0.0 144.82570038370648 0.0
57850.16543981482 135.573587699279 0.0 144.82570038370648 0.0
57850.18106481482 137.68228182219022 0.0 149.50688169426044 0.0
57850.187951388885 139.64788097502202 0.0 146.71803141470187 0.0
57850.20309027778 137.23431840175388 0.0 149.47503819639448 0.0
57850.21084490741 141.33311100781734 0.0 146.18834413055106 0.0
57850.225497685184 135.5072293118206 0.0 151.31283909186305 0.0
57850.23559027778 140.39411916726036 0.0 149.2504972914529 0.0
57850.24982638889 139.78861567864115 0.0 153.56449933450838 0.0
57850.25646990741 137.9166614746282 0.0 151.33698019269158 0.0
57850.2712962963 142.59040885892696 0.0 149.2333066716374 0.0
57850.28023148148 140.35241854185514 0.0 151.4445201250634 0.0
57850.29577546296 141.65741649781322 0.0 153.4381787936742 0.0
57850.309537037036 139.6922314896663 0.0 151.95691744084158 0.0
57850.320763888885 138.29040499572815 0.0 152.3223615710819 0.0
57850.33886574074 137.9243245375764 0.0 152.0528406557841 0.0
57850.35518518519 142.838206301244 0.0 148.30203101115907 0.0
57850.36476851852 132.29939983890887 0.0 149.16282892965 0.0
57850.375972222224 134.85894562759276 0.0 152.13493926875526 0.0
57850.382002314815 139.46358780143407 0.0 152.5091900371343 0.0
57850.39759259259 144.50154394445119 0.0 145.96875284015596 0.0
57850.422314814816 137.73845164847944 0.0 146.1391452852598 0.0
57850.4278587963 136.72141588716934 0.0 152.3465116058044 0.0
57850.439259259256 133.19619459532893 0.0 151.64344483200895 0.0
57850.446608796294 134.35522476588093 0.0 148.46854571354405 0.0
57850.461064814815 137.19937590218404 0.0 153.5247214575607 0.0
57850.4684375 139.29105409502264 0.0 148.03091255170116 0.0
57850.48168981481 137.27174077676904 0.0 150.30331314785727 0.0
57850.48826388889 138.59664627453796 0.0 146.52590101423752 0.0
57850.50100694445 129.96796648068977 0.0 144.99254609305532 0.0
57850.51090277778 134.46301058392874 0.0 147.24782200037112 0.0
57850.52402777778 135.32753419448133 0.0 149.35328398405943 0.0
57850.53277777778 132.28645790553162 0.0 151.68715070890835 0.0
57850.546319444446 135.67340850132805 0.0 147.5984452249385 0.0
57850.55740740741 135.95395266471357 0.0 145.70213329270538 0.0
57850.56978009259 137.07456361767026 0.0 144.69244872289286 0.0
57850.57855324074 137.8647396459428 0.0 142.4336699032926 0.0
57850.595300925925 133.48228258227311 0.0 149.35041582935654 0.0
57850.61620370371 133.10611885792633 0.0 148.72042282444065 0.0
57850.635833333334 130.31476606601734 0.0 148.3610799827884 0.0
57850.644583333335 130.0218113585044 0.0 149.05184178295386 0.0
57850.64558333333 130.0218113585044 0.0 149.05184178295386 0.0
