57848.24205555556 101.31406511832402 0.0 92.74614448816727 0.0
57848.243055555555 101.31406511832402 0.0 92.74614448816727 0.0
57848.24375 101.18095031427606 0.0 92.89271068038654 0.0
57848.24444444444 101.02446692361212 0.0 92.86798671092208 0.0
57848.24513888889 101.12143110834617 0.0 93.06616333603743 0.0
57848.258425925924 123.1407112444946 0.0 111.41361338543868 0.0
57848.25855324074 125.06380516520358 0.0 112.66957656040073 0.0
57848.25866898148 120.18265013386916 0.0 109.17065119252518 0.0
57848.258784722224 118.23356686237626 0.0 106.81928284209738 0.0
57848.25891203704 120.95611310388574 0.0 109.33169017718512 0.0
57848.25902777778 117.5289808506821 0.0 107.18589987493691 0.0
57848.25914351852 117.43799244963276 0.0 106.37748063006569 0.0
57848.25927083333 119.2270546201658 0.0 108.9317019049092 0.0
57848.25938657407 118.30179423787283 0.0 107.29204482346303 0.0
57848.25950231482 117.45085505989303 0.0 106.18561439149843 0.0
57848.25962962963 117.21808914241863 0.0 105.74935584011847 0.0
57848.259722222225 117.73936715474565 0.0 106.27750274634798 0.0
57848.25974537037 118.2077720993844 0.0 106.83038977837721 0.0
57848.25986111111 117.16804356180059 0.0 105.60560926958378 0.0
57848.259988425925 116.95110253777003 0.0 106.12498628975177 0.0
57848.260104166664 117.75582313287101 0.0 106.46628679164124 0.0
57848.26021990741 119.11303166656451 0.0 107.90472281925383 0.0
57848.26033564815 118.06718501641343 0.0 107.18155277751858 0.0
57848.260416666664 117.27880920183323 0.0 106.22039360828974 0.0
57848.260462962964 116.53003839396948 0.0 105.31379498764633 0.0
57848.2605787037 116.1922779435019 0.0 105.09493015840488 0.0
57848.26069444444 118.65507455182859 0.0 107.35690189130831 0.0
57848.26082175926 119.94387755654725 0.0 108.84207958919197 0.0
57848.2609375 116.38661175453129 0.0 105.36577916335075 0.0
57848.26105324074 116.2143830655225 0.0 105.21694925818748 0.0
57848.26111111111 118.29374152211096 0.0 106.96800654354553 0.0
57848.271574074075 112.22116004747055 0.0 101.4920875511978 0.0
57848.271689814814 112.09082840803703 0.0 101.36926243146884 0.0
57848.27181712963 113.16050156525465 0.0 102.37642380157651 0.0
57848.27193287037 112.78458898980836 0.0 101.95797612889342 0.0
57848.272048611114 111.79050278444944 0.0 101.12348647965021 0.0
57848.27217592593 111.83116165273434 0.0 101.15277154680439 0.0
57848.27222222222 113.03010321679795 0.0 102.01512198787 0.0
57848.27229166667 114.24034980119765 0.0 102.88137494852992 0.0
57848.27240740741 111.80789830731996 0.0 101.04504003759907 0.0
57848.27253472222 112.08443733453811 0.0 101.3825962100991 0.0
57848.27265046296 114.3081172178949 0.0 103.31015378703103 0.0
57848.27276620371 112.01669336665853 0.0 101.19070833974827 0.0
57848.272893518515 112.26373702402749 0.0 101.30428574201586 0.0
57848.27291666667 111.88967130258271 0.0 101.03345089869988 0.0
57848.27300925926 111.52367090488009 0.0 100.77593902216938 0.0
57848.273125 111.23417552533034 0.0 100.5638761867302 0.0
57848.273252314815 113.00458946918926 0.0 102.20825525954349 0.0
57848.273368055554 111.59124401896413 0.0 100.79689284447214 0.0
57848.2734837963 111.94469178884724 0.0 101.65049054972631 0.0
57848.27361111111 112.7011443815013 0.0 101.88548803485214 0.0
57848.273726851854 111.58412086314074 0.0 100.8690663047894 0.0
57848.27384259259 111.98401721942288 0.0 101.52923311982615 0.0
57848.27395833333 113.17527454086427 0.0 102.70108234775327 0.0
57848.27408564815 110.9629313329456 0.0 100.38100112969585 0.0
57848.274201388886 112.26138337558467 0.0 101.24145348522018 0.0
57848.274305555555 111.49078513940064 0.0 100.71170554111373 0.0
57848.284837962965 108.25038848013433 0.0 97.63485496721957 0.0
57848.284953703704 107.62192999988432 0.0 97.1971858367309 0.0
57848.28508101852 107.97610746642056 0.0 97.46376585582972 0.0
57848.28519675926 109.81406051913389 0.0 99.19445529181559 0.0
57848.2853125 108.55922995627779 0.0 97.83765326509013 0.0
57848.285416666666 108.00580449355489 0.0 97.44612651265314 0.0
57848.28543981481 107.55777421739444 0.0 97.17691351437337 0.0
57848.28555555556 107.79716191208375 0.0 97.21425999368611 0.0
57848.2856712963 111.13664452285754 0.0 100.02079893202213 0.0
57848.28579861111 108.54318296742547 0.0 97.80964861295638 0.0
57848.28591435185 107.65598778702464 0.0 97.41489920638423 0.0
57848.28603009259 110.04653882335418 0.0 99.26286317510693 0.0
57848.28611111111 109.70429827176326 0.0 98.97341010271396 0.0
57848.286157407405 109.2257958936441 0.0 98.50976572167858 0.0
57848.28627314815 107.48950477279165 0.0 97.18873676296035 0.0
57848.28638888889 107.72819835122093 0.0 97.25839227619383 0.0
57848.286516203705 108.16905496166638 0.0 97.76984343349436 0.0
57848.286631944444 107.56241837231069 0.0 96.91694420069176 0.0
57848.28674768518 107.28598891421004 0.0 96.6935967618332 0.0
57848.28680555556 119.70976357465585 0.0 107.80762373459496 0.0
57848.286875 138.13009214179218 0.0 124.30900955884091 0.0
57848.286990740744 121.61871176878992 0.0 108.99387631926851 0.0
57848.28710648148 109.33635031223605 0.0 98.67298526481298 0.0
57848.28722222222 119.95118209921901 0.0 108.18940258315506 0.0
57848.28734953704 132.44342058441407 0.0 117.74600946656324 0.0
57848.287465277775 109.36587025758996 0.0 98.4625655445256 0.0
57848.2875 109.06500153990739 0.0 98.38954652710825 0.0
57848.29798611111 105.29486428311687 0.0 95.23945531784608 0.0
57848.298101851855 105.89559962765215 0.0 95.7134312306272 0.0
57848.29821759259 106.93453933739089 0.0 96.66234650917595 0.0
57848.29834490741 105.2841802333095 0.0 94.97880145558797 0.0
57848.29846064815 105.8908133177756 0.0 95.44545401987462 0.0
57848.29857638889 105.02772678916743 0.0 94.82414032259929 0.0
57848.29861111111 104.95566275289771 0.0 94.7943568753436 0.0
57848.2987037037 104.87012178070549 0.0 94.76690664636047 0.0
57848.29881944445 105.25930057624362 0.0 95.128743357305 0.0
57848.29893518519 105.21500261797269 0.0 95.31911760570384 0.0
57848.2990625 104.78837706444355 0.0 94.74792614527243 0.0
57848.29917824074 105.18373959457801 0.0 95.19860638402224 0.0
57848.29929398148 105.52274268469333 0.0 95.3538680608186 0.0
57848.299305555556 105.08142434084151 0.0 95.01835558817044 0.0
57848.299421296295 104.68596155980036 0.0 94.71539411072521 0.0
57848.29953703703 105.82633236676021 0.0 95.63252430982882 0.0
57848.29965277778 105.52862744866911 0.0 95.32333319922253 0.0
57848.299780092595 105.13900782202579 0.0 95.07441402191233 0.0
57848.299895833334 106.76684083225466 0.0 96.4392936880502 0.0
57848.3 106.72806032342197 0.0 96.37725532717769 0.0
57848.30001157407 106.65376818425123 0.0 96.28234113808202 0.0
57848.30013888889 104.77286650368977 0.0 94.68530073564744 0.0
57848.30025462963 107.10803118160655 0.0 96.65450314625801 0.0
57848.30037037037 104.74894917420413 0.0 94.85339232325853 0.0
57848.30048611111 104.8672847779516 0.0 94.70381044034079 0.0
57848.30061342593 104.63034441260336 0.0 94.63990248642483 0.0
57848.30069444444 105.10255978233832 0.0 94.96238890702992 0.0
57848.31674768519 102.66578238829138 0.0 92.79430142708118 0.0
57848.31686342593 102.40359865795733 0.0 92.54369509847767 0.0
57848.316979166666 102.34353944973762 0.0 92.51348512568316 0.0
57848.31710648148 102.23964347551296 0.0 92.26925566205679 0.0
57848.31722222222 102.49347862815469 0.0 92.61670396521353 0.0
57848.317337962966 104.68648913255234 0.0 94.26413948761216 0.0
57848.31736111111 103.47006394460186 0.0 93.26246992981689 0.0
57848.317465277774 102.30866870114184 0.0 92.31569585514697 0.0
57848.31758101852 103.18808585684687 0.0 93.30655272439337 0.0
57848.31769675926 101.98420013119679 0.0 92.10343701035266 0.0
57848.317824074074 102.32898617400643 0.0 92.48565850573806 0.0
57848.31793981481 101.79681229635828 0.0 91.93165086236623 0.0
57848.31805555556 102.48355723919813 0.0 92.7234416879572 0.0
57848.31818287037 102.3759177790363 0.0 92.39706464985778 0.0
57848.31829861111 102.59060065961208 0.0 92.79142613841002 0.0
57848.31841435185 102.02179834427542 0.0 92.06751459858141 0.0
57848.31853009259 102.47774783776232 0.0 92.64130846998006 0.0
57848.318657407406 102.15261588329493 0.0 92.31620450538465 0.0
57848.31875 102.2184101500312 0.0 92.26962838030724 0.0
57848.318773148145 102.23501691054783 0.0 92.1989975430319 0.0
57848.31888888889 102.36796099756994 0.0 92.4029925899589 0.0
57848.319016203706 101.92162168205527 0.0 92.06318052473529 0.0
57848.319131944445 102.40078013277046 0.0 92.41186662896708 0.0
57848.319247685184 102.62940090100886 0.0 93.04976940234725 0.0
57848.319375 101.82613516234424 0.0 91.89493418214086 0.0
57848.319444444445 101.76124749579282 0.0 91.92268702545634 0.0
57848.31949074074 101.73582751322171 0.0 91.98662366116065 0.0
57848.319606481484 101.88656633678455 0.0 92.08647569154766 0.0
57848.3197337963 101.50747160234069 0.0 91.77943571873821 0.0
57848.31984953704 103.44084844199607 0.0 93.44657878039196 0.0
57848.31996527778 103.82075741873587 0.0 93.84898678344908 0.0
57848.32009259259 109.31120013155102 0.0 98.39662597431885 0.0
57848.32013888889 106.78263412418707 0.0 96.23575883947713 0.0
57848.32020833333 104.36578836572836 0.0 94.14933668969739 0.0
57848.32032407408 103.35550294299766 0.0 93.41147335814803 0.0
57848.32045138889 103.62379179898794 0.0 93.4782546724638 0.0
57848.32056712963 102.08570951705238 0.0 92.08969486066289 0.0
57848.32068287037 104.38804754185222 0.0 94.16143740714668 0.0
57848.320810185185 101.59062162719549 0.0 91.86864568485811 0.0
57848.32083333333 101.49614874861015 0.0 91.75120461852258 0.0
57848.320925925924 101.46988224345192 0.0 91.67629702316734 0.0
57848.32104166667 101.44561251379973 0.0 91.61680739089307 0.0
57848.32116898148 102.08733089370101 0.0 92.31319727758323 0.0
57848.321284722224 101.5224903142156 0.0 91.5687272243641 0.0
57848.32140046296 101.61624332015035 0.0 91.75117585829622 0.0
57848.32152777778 101.63092233567498 0.0 91.68470464592227 0.0
57848.329884259256 100.96892199434437 0.0 91.13339130521808 0.0
57848.33001157407 100.92459590258461 0.0 91.22043658150295 0.0
57848.33012731482 101.51367709870429 0.0 91.72279170271695 0.0
57848.330243055556 101.75806557860659 0.0 91.96776893999332 0.0
57848.33037037037 103.02519267538402 0.0 93.2355214206474 0.0
57848.33048611111 101.22314230649036 0.0 91.55052044805645 0.0
57848.330555555556 102.51682621940654 0.0 92.53904237088257 0.0
57848.33060185185 103.89367782738273 0.0 93.58938434405903 0.0
57848.330729166664 102.56465192501753 0.0 92.51008400601525 0.0
57848.33084490741 104.3039377746593 0.0 94.04431151377524 0.0
57848.33096064815 108.13813427833864 0.0 97.20834869881291 0.0
57848.331087962964 101.97346882106149 0.0 92.09400442037473 0.0
57848.3312037037 101.1272961588512 0.0 91.26728117655308 0.0
57848.33125 101.74510885885375 0.0 91.78425494865664 0.0
57848.33131944444 102.3518418144002 0.0 92.31731478509326 0.0
57848.33144675926 103.10591564163524 0.0 92.92927978780423 0.0
57848.3315625 100.73588859487963 0.0 91.00748848056406 0.0
57848.33167824074 101.34281252017826 0.0 91.54357497776674 0.0
57848.33180555556 101.81361091082076 0.0 91.84979088990895 0.0
57848.331921296296 100.9392235015705 0.0 91.1843716640083 0.0
57848.33194444444 105.04795490441496 0.0 94.69071571162613 0.0
57848.332037037035 109.68327072393492 0.0 98.60716757832566 0.0
57848.33215277778 100.80746439475601 0.0 91.29932572867119 0.0
57848.332280092596 102.10966817201984 0.0 92.28334426910416 0.0
57848.332395833335 109.93832524829547 0.0 99.10023351445747 0.0
57848.33251157407 100.52157988909644 0.0 91.0112068077333 0.0
57848.33263888889 104.3284740197996 0.0 94.7157689900156 0.0
57848.33275462963 100.45206749340701 0.0 90.87297998393142 0.0
57848.332870370374 100.4723219598313 0.0 90.93535902799307 0.0
57848.33299768518 105.50240991607727 0.0 95.61395974406666 0.0
57848.33311342593 103.56722120101514 0.0 93.74284810560216 0.0
57848.33322916667 100.21798330539285 0.0 90.81109859141668 0.0
57848.333333333336 101.05572952287268 0.0 91.64361153626587 0.0
57848.33335648148 101.90558782127701 0.0 92.49539966711858 0.0
57848.33347222222 101.50185517614938 0.0 91.9507443677864 0.0
57848.33358796296 101.51444975618004 0.0 91.99959368345058 0.0
57848.333715277775 102.43019068223977 0.0 92.74388299472909 0.0
57848.33383101852 100.9200895297859 0.0 91.50060350587859 0.0
57848.33394675926 102.22899939205118 0.0 92.59016420570815 0.0
57848.334027777775 102.52089709030056 0.0 92.85894292893927 0.0
57848.334074074075 102.79077182218256 0.0 93.08401392081242 0.0
57848.334189814814 100.6254026153436 0.0 91.2383555653542 0.0
57848.33430555555 109.242431031628 0.0 98.3363249800398 0.0
57848.33443287037 101.01832525339152 0.0 91.48276311114569 0.0
57848.334548611114 100.65078785682704 0.0 91.2186728737598 0.0
57848.33466435185 115.03402951866026 0.0 103.6734212529904 0.0
57848.33472222222 110.04955308132787 0.0 99.1624776412429 0.0
57848.343148148146 100.59559013296756 0.0 90.84791541070163 0.0
57848.34327546296 100.6836194214332 0.0 90.94054031382264 0.0
57848.34339120371 100.13334441783117 0.0 90.45798798215667 0.0
57848.343506944446 100.12850904662469 0.0 90.48526105869396 0.0
57848.34363425926 99.73539524807629 0.0 90.18739041096599 0.0
57848.34375 99.7587260347685 0.0 90.24594455530952 0.0
57848.34386574074 101.69546366234827 0.0 92.02196692176277 0.0
57848.343993055554 99.87309815656066 0.0 90.33212996071774 0.0
57848.34410879629 103.36569830412795 0.0 93.57455906532502 0.0
57848.34422453704 99.7434195212396 0.0 90.24760075669602 0.0
57848.344351851854 101.49079289226191 0.0 92.16760082968419 0.0
57848.34444444445 101.01065919347324 0.0 91.52630729751965 0.0
57848.34446759259 100.60281479262893 0.0 90.94315024261036 0.0
57848.34458333333 99.65985556913074 0.0 90.34261266833056 0.0
57848.34471064815 99.83160306481109 0.0 90.34408670992252 0.0
57848.344826388886 100.62064885747856 0.0 90.93032319584046 0.0
57848.34494212963 99.79885971011893 0.0 90.30543395931387 0.0
57848.34506944445 99.66100274475468 0.0 90.27079207118989 0.0
57848.345138888886 99.69996376503856 0.0 90.30780370948017 0.0
57848.345185185186 99.75808693414284 0.0 90.3339854482243 0.0
57848.345300925925 100.71504365237598 0.0 91.07148851616515 0.0
57848.34541666666 100.25553556337924 0.0 90.79427902054182 0.0
57848.34554398148 100.2644453866873 0.0 90.65007786455564 0.0
57848.345659722225 99.81944163267995 0.0 90.21130911587527 0.0
57848.34577546296 101.29499926008194 0.0 91.56921723630708 0.0
57848.34583333333 100.88047608928102 0.0 91.15371879095224 0.0
57848.34590277778 100.39556436516506 0.0 90.70564870491805 0.0
57848.34601851852 101.41638731733644 0.0 91.55395940667995 0.0
57848.346134259256 101.54643297132598 0.0 92.08926497676046 0.0
57848.34626157407 103.15677094839678 0.0 93.48199785846471 0.0
57848.34637731482 99.87297188914526 0.0 90.47703953097714 0.0
57848.34649305556 100.0571230972588 0.0 90.41837872573252 0.0
57848.34652777778 99.81776787821896 0.0 90.27459057021527 0.0
57848.34662037037 99.62941127593798 0.0 90.15659912407965 0.0
57848.34673611111 101.8365067144391 0.0 91.99328700595494 0.0
57848.34685185185 99.83420319354484 0.0 90.50606988379288 0.0
57848.346979166665 101.82380073342382 0.0 92.24888970524252 0.0
57848.34709490741 101.70922216052978 0.0 91.80594437921762 0.0
57848.34721064815 101.23095592752249 0.0 91.74281830519487 0.0
57848.34722222222 100.58722840798428 0.0 90.98233864816842 0.0
57848.347337962965 99.97067134244924 0.0 90.29453915708302 0.0
57848.347453703704 103.2313307300647 0.0 93.28840874588867 0.0
57848.34756944444 99.94429965680884 0.0 90.40506457256696 0.0
57848.34769675926 100.59597415702082 0.0 90.99922364536964 0.0
57848.3478125 100.29642338139482 0.0 90.7436813200787 0.0
57848.347916666666 100.46078038418774 0.0 90.97345897287846 0.0
57848.35355324074 101.39241433263142 0.0 92.00103254094488 0.0
57848.35366898148 100.8144682528257 0.0 91.22294283824657 0.0
57848.353784722225 100.46734602844846 0.0 90.93677965163491 0.0
57848.35391203704 99.70194923550893 0.0 90.19828258725329 0.0
57848.35402777778 100.10626992601412 0.0 90.4380883120602 0.0
57848.35414351852 100.53086389164275 0.0 91.01004530819661 0.0
57848.354166666664 101.74091851561003 0.0 91.92278866831663 0.0
57848.35425925926 103.10904095713431 0.0 92.95706471118804 0.0
57848.35438657407 100.82556520545769 0.0 91.21704441720308 0.0
57848.35450231482 100.84364395240783 0.0 91.26640896216965 0.0
57848.35461805556 100.20864915964091 0.0 90.79749672325775 0.0
57848.35474537037 99.97211759490743 0.0 90.4463050064512 0.0
57848.35486111111 99.80944922395875 0.0 90.247209742407 0.0
57848.35497685185 100.9300696710351 0.0 91.09083781001249 0.0
57848.355104166665 100.7544437104389 0.0 91.0815162768495 0.0
57848.355219907404 99.65684302645755 0.0 90.02013892474284 0.0
57848.35533564815 101.32665742439154 0.0 91.43942610613871 0.0
57848.355462962965 99.75053015493201 0.0 90.21915269209748 0.0
57848.35555555556 99.80200692871861 0.0 90.21565164365882 0.0
57848.355578703704 99.8437571440999 0.0 90.19519546605574 0.0
57848.35569444444 99.94813496639145 0.0 90.38437854446973 0.0
57848.35582175926 100.90909527044626 0.0 91.36313739802284 0.0
57848.3559375 101.24841352041028 0.0 91.6190162187414 0.0
57848.35605324074 99.34112852640642 0.0 89.88995929312684 0.0
57848.35618055556 99.91035232752411 0.0 90.4318476554582 0.0
57848.35625 99.76288354718903 0.0 90.30273927218377 0.0
57848.3562962963 99.62754430166387 0.0 90.18590848380916 0.0
57848.356412037036 99.72366942140667 0.0 90.19175149879284 0.0
57848.35653935185 99.57274756418043 0.0 90.04660566878687 0.0
57848.35665509259 99.47830545490811 0.0 89.99331162492021 0.0
57848.356770833336 100.51414679038966 0.0 91.12106984545342 0.0
57848.35689814815 101.26407076994288 0.0 91.79788567930092 0.0
57848.356944444444 103.37175828194081 0.0 93.94874784295956 0.0
57848.35701388889 105.6243883792943 0.0 96.26627493032022 0.0
57848.35712962963 100.45646698993549 0.0 90.71499960987708 0.0
57848.357256944444 100.04608227461983 0.0 90.64451184032048 0.0
57848.35737268518 99.15359549910433 0.0 89.76411668751606 0.0
57848.35748842593 99.21723121292995 0.0 89.91773016051951 0.0
57848.357615740744 99.49844105261148 0.0 90.00482360146039 0.0
57848.35763888889 99.4284582806653 0.0 90.0430018096909 0.0
57848.35773148148 99.40607996983887 0.0 90.08605817877704 0.0
57848.35784722222 99.30667829985052 0.0 89.91065408654305 0.0
57848.35797453704 99.78575724370688 0.0 90.17201063816864 0.0
57848.358090277776 100.2681039827721 0.0 90.62743288127497 0.0
57848.35820601852 100.4046940710443 0.0 90.70823853074207 0.0
57848.35833333333 100.92553801986888 0.0 90.93491186821484 0.0
57848.36047453704 99.32551161745909 0.0 89.79307488436956 0.0
57848.360601851855 99.20983591307869 0.0 89.67182367048191 0.0
57848.36071759259 99.5583143273328 0.0 90.02875311238071 0.0
57848.36083333333 100.57612892580426 0.0 91.12740029146009 0.0
57848.36096064815 102.69132831987324 0.0 92.64414849735519 0.0
57848.36107638889 103.13303564280457 0.0 92.93536071114158 0.0
57848.36111111111 101.30401021085 0.0 91.4651635024505 0.0
57848.36119212963 99.53330414710445 0.0 90.02860684610198 0.0
57848.36131944445 102.0474314747804 0.0 91.80753145298048 0.0
57848.36143518519 99.2424387450248 0.0 89.73427441279057 0.0
57848.361550925925 100.87215400297546 0.0 91.24173589701151 0.0
57848.36167824074 103.30945901029585 0.0 93.67181032626625 0.0
57848.36179398148 100.09759192358226 0.0 90.32489543481354 0.0
57848.361805555556 100.14016959642119 0.0 90.37844734376664 0.0
57848.361909722225 100.25629529111875 0.0 90.46003222257883 0.0
57848.36203703703 100.32765463520016 0.0 90.61247785128712 0.0
57848.36215277778 99.43689291349564 0.0 89.936127885739 0.0
57848.36226851852 99.19784704841129 0.0 89.58931428217319 0.0
57848.362395833334 100.66728279634849 0.0 91.02508915376025 0.0
57848.3625 100.22358388772575 0.0 90.45387955975133 0.0
57848.36251157407 99.73307418484602 0.0 89.8840942498727 0.0
57848.36262731482 100.07575240186806 0.0 90.57806815979241 0.0
57848.36275462963 99.21366114699124 0.0 89.61325119450805 0.0
57848.36287037037 99.25176484350291 0.0 89.68034506283972 0.0
57848.36298611111 99.36130053672808 0.0 89.65811713760222 0.0
57848.36311342593 99.51232943364356 0.0 90.08274353015676 0.0
57848.36319444444 99.45742350302464 0.0 89.95742579381648 0.0
57848.363229166665 99.39092826722165 0.0 89.8119889822066 0.0
57848.363344907404 99.53886534364354 0.0 89.78816213449299 0.0
57848.36346064815 99.22142221602148 0.0 89.60229266006534 0.0
57848.363587962966 99.32466970516438 0.0 89.5210509840004 0.0
57848.363703703704 99.2343926229712 0.0 89.68224752140192 0.0
57848.36381944444 99.87926185990763 0.0 90.05026661120998 0.0
57848.36388888889 99.62369917409211 0.0 89.85031523250211 0.0
57848.36394675926 99.36885547479149 0.0 89.65275481729493 0.0
57848.3640625 98.99278676939042 0.0 89.38800677344808 0.0
57848.36417824074 99.05749180586999 0.0 89.4462924417776 0.0
57848.36430555556 99.22438351604912 0.0 89.75095753934885 0.0
57848.3644212963 99.02933653852277 0.0 89.60432608563049 0.0
57848.364537037036 99.2358139323702 0.0 89.69206836933799 0.0
57848.364583333336 99.0809777785827 0.0 89.51164090323671 0.0
57848.36466435185 98.96102089565366 0.0 89.37375450673424 0.0
57848.36478009259 99.86422054644997 0.0 90.3436032319389 0.0
57848.364895833336 99.79632598663139 0.0 90.2394268371647 0.0
57848.36502314815 100.69757343898611 0.0 91.01141880346663 0.0
57848.36513888889 99.11967568560745 0.0 89.6132021651944 0.0
57848.36525462963 98.84565905567123 0.0 89.33612067265962 0.0
57848.365277777775 100.00903763560571 0.0 90.41795821030244 0.0
57848.36740740741 100.71657529274911 0.0 91.04895887427818 0.0
57848.36753472222 102.4459892660518 0.0 92.40120124024362 0.0
57848.36765046296 100.1499726954531 0.0 90.34390752911898 0.0
57848.3677662037 99.71709839410691 0.0 90.13175327835357 0.0
57848.36788194445 100.48363547264799 0.0 90.64240484629697 0.0
57848.36800925926 100.44790929531585 0.0 90.73238216777955 0.0
57848.368055555555 100.15860193662849 0.0 90.43162640310081 0.0
57848.368125 99.84561459107755 0.0 90.09661988027075 0.0
57848.36824074074 99.30260142826069 0.0 89.71866224214448 0.0
57848.368368055555 99.43549418341522 0.0 89.81325908494803 0.0
57848.368483796294 99.35653390346303 0.0 89.77643365950777 0.0
57848.36859953704 99.75705105660451 0.0 90.04052623519034 0.0
57848.368726851855 99.69793472449668 0.0 90.02036563083934 0.0
57848.36875 99.516898191061 0.0 89.81647142206155 0.0
57848.368842592594 99.3760912810521 0.0 89.68571039519061 0.0
57848.36895833333 100.13866836442354 0.0 90.4809522134355 0.0
57848.36908564815 99.45755923840078 0.0 89.80893330510055 0.0
57848.36920138889 99.31198187449488 0.0 89.76838733797105 0.0
57848.36931712963 99.30094541382776 0.0 89.71711313188806 0.0
57848.36944444444 99.46016490394534 0.0 89.83292253439159 0.0
57848.36956018519 100.16556780750558 0.0 90.37666650059627 0.0
57848.369675925926 99.32266027478322 0.0 89.72818539868061 0.0
57848.36980324074 100.1848351323692 0.0 90.2941391694389 0.0
57848.36991898148 99.47540010052737 0.0 89.77062483997759 0.0
57848.370034722226 99.31142064088098 0.0 89.65517048280037 0.0
57848.37013888889 99.27419677685637 0.0 89.55556916345292 0.0
57848.370162037034 99.21862750844723 0.0 89.47882830038623 0.0
57848.37027777778 99.22308605364984 0.0 89.48502053014236 0.0
57848.37039351852 99.35963009492336 0.0 89.61042272146695 0.0
57848.370520833334 98.98153076614848 0.0 89.34980295439941 0.0
57848.37063657407 99.07451216599554 0.0 89.47332979933182 0.0
57848.37075231481 98.91757987855344 0.0 89.24268591526143 0.0
57848.370833333334 98.94463161814288 0.0 89.29986141808956 0.0
57848.37087962963 99.02251145113418 0.0 89.38786481379897 0.0
57848.37099537037 99.20703675647208 0.0 89.49004417978571 0.0
57848.37111111111 99.02293460289894 0.0 89.3944239206227 0.0
57848.37123842593 99.01228271780224 0.0 89.36096320463427 0.0
57848.371354166666 98.88586885930668 0.0 89.24325131537958 0.0
57848.371469907404 99.14185309277812 0.0 89.61933144461635 0.0
57848.37152777778 99.01240830052565 0.0 89.42008018767373 0.0
57848.37159722222 98.88370033989425 0.0 89.22209141686828 0.0
57848.371712962966 98.92048677786619 0.0 89.29385846003072 0.0
57848.371828703705 99.05688726030108 0.0 89.39236236094223 0.0
57848.37195601852 98.96555880764782 0.0 89.27318231467947 0.0
57848.37207175926 99.21762080845318 0.0 89.56670155068791 0.0
57848.3721875 98.97452757684677 0.0 89.30151382658639 0.0
57848.37222222222 99.0177134935462 0.0 89.31103446444902 0.0
57848.374340277776 98.78129648632883 0.0 89.30598590340963 0.0
57848.374456018515 98.84218899260578 0.0 89.22065454372098 0.0
57848.37458333333 99.99403011375229 0.0 90.08893543710015 0.0
57848.37469907408 98.92669160504661 0.0 89.27490167141042 0.0
57848.374814814815 98.71365150388269 0.0 89.1174636038302 0.0
57848.37494212963 98.63588409093316 0.0 89.06760435725214 0.0
57848.375 98.92285378136843 0.0 89.32968254936317 0.0
57848.37505787037 99.21377171824484 0.0 89.61441376776395 0.0
57848.37517361111 98.98088557605453 0.0 89.4033909175709 0.0
57848.37530092592 99.04482308737796 0.0 89.38539484597023 0.0
57848.37541666667 99.03965995246551 0.0 89.43989596952805 0.0
57848.37553240741 98.67547015494783 0.0 89.10114026077332 0.0
57848.375659722224 98.90962916061308 0.0 89.33226849140237 0.0
57848.37569444445 98.91635359873513 0.0 89.31727649503202 0.0
57848.37577546296 98.93190085144427 0.0 89.3168650840926 0.0
57848.3758912037 99.20639116246493 0.0 89.71241435225116 0.0
57848.37601851852 99.38336862071037 0.0 89.72068320409737 0.0
57848.37613425926 98.90066963873399 0.0 89.34134361912183 0.0
57848.37625 98.71147538006916 0.0 89.17467066774063 0.0
57848.37637731482 98.96832205231127 0.0 89.44674306362418 0.0
57848.376388888886 98.81756041018215 0.0 89.30605104560385 0.0
57848.376493055555 98.66238215282459 0.0 89.15149389914899 0.0
57848.376608796294 98.68613376599572 0.0 89.18451583402805 0.0
57848.37672453704 98.82053139054658 0.0 89.32026749450542 0.0
57848.376851851855 98.71203109358048 0.0 89.23451690909745 0.0
57848.376967592594 99.21778988004117 0.0 89.56247450947299 0.0
57848.37708333333 98.6142852347975 0.0 89.11649285474603 0.0
57848.37721064815 98.77526004572198 0.0 89.25724444732764 0.0
57848.37732638889 98.88706982042697 0.0 89.30235898351174 0.0
57848.37744212963 98.85326575298359 0.0 89.21836527649451 0.0
57848.37756944444 99.40771240411883 0.0 89.6894387888563 0.0
57848.37768518519 99.32321578669308 0.0 89.64229150133323 0.0
57848.37777777778 99.19577354575144 0.0 89.46211411027575 0.0
57848.377800925926 99.03561981852792 0.0 89.29434201510195 0.0
57848.37792824074 98.8155707595721 0.0 89.09036573648129 0.0
57848.37804398148 98.77931581247158 0.0 89.01475520985271 0.0
57848.37815972222 98.70323280409816 0.0 89.06520008701492 0.0
57848.378287037034 98.66678222289404 0.0 88.98127248078666 0.0
57848.37840277778 98.97093319808599 0.0 89.22254006415643 0.0
57848.37847222222 99.10816433341907 0.0 89.38157398054702 0.0
57848.3806712963 98.48882707612067 0.0 88.97911995608857 0.0
57848.38079861111 98.20871867100192 0.0 88.7365439364189 0.0
57848.38091435185 98.29470654791132 0.0 88.82845775797303 0.0
57848.38103009259 98.27201788428891 0.0 88.76434913252054 0.0
57848.38114583334 98.24733757054183 0.0 88.72025486488415 0.0
57848.38125 98.3328730211825 0.0 88.83143096624077 0.0
57848.381273148145 98.39965467713797 0.0 88.94319065572137 0.0
57848.38138888889 98.40451938335963 0.0 88.80090299225566 0.0
57848.38150462963 98.20610076349635 0.0 88.76786827450573 0.0
57848.381631944445 99.44555259899761 0.0 89.62717122212437 0.0
57848.381747685184 98.17319506734005 0.0 88.75103048370762 0.0
57848.38186342592 98.25726314802382 0.0 88.81761819295764 0.0
57848.381944444445 98.2498740292831 0.0 88.86294873669227 0.0
57848.38199074074 98.25634030941718 0.0 88.90066824467633 0.0
57848.382106481484 98.27546455122967 0.0 88.92445617191032 0.0
57848.38222222222 98.31063728035741 0.0 88.90339558908872 0.0
57848.38234953704 98.68711221081504 0.0 89.32635824173065 0.0
57848.38246527778 98.6010534336221 0.0 89.12415036885345 0.0
57848.382581018515 98.20188211668858 0.0 88.82452753834382 0.0
57848.38263888889 98.27210583858474 0.0 88.89781699704443 0.0
57848.38270833333 98.35393193279057 0.0 88.98914671559673 0.0
57848.38282407408 98.308112166189 0.0 88.89927282205406 0.0
57848.382939814815 98.49128076159839 0.0 89.02369471769862 0.0
57848.38306712963 98.35023383525836 0.0 89.0200913162304 0.0
57848.38318287037 98.48382806506864 0.0 88.9736894306401 0.0
57848.38329861111 98.69645110114142 0.0 89.26682099475707 0.0
57848.38333333333 98.90183652536489 0.0 89.48592019658736 0.0
57848.383425925924 99.07504568411765 0.0 89.6694123981528 0.0
57848.38354166667 98.36983587314761 0.0 88.94789919480954 0.0
57848.38365740741 98.46601560274489 0.0 89.02212508258832 0.0
57848.383784722224 98.74934164084335 0.0 89.34681813164921 0.0
57848.38390046296 98.27033795159147 0.0 88.85769091997608 0.0
57848.3840162037 98.65441251870085 0.0 89.35106933624242 0.0
57848.38402777778 98.45666041675393 0.0 89.06852397154675 0.0
57848.385027777775 98.45666041675393 0.0 89.06852397154675 0.0
