57848.48838657408 126.39778018329355 0.0 145.40707251804207 0.0
57848.489386574074 126.39778018329355 0.0 145.40707251804207 0.0
57848.57759259259 132.11106006749102 0.0 141.41394678655254 0.0
57848.64087962963 127.79668232351705 0.0 143.57941632795126 0.0
57848.65568287037 120.87293309269279 0.0 151.1542179645257 0.0
57848.677835648145 127.08179957639099 0.0 146.39341321718368 0.0
57848.68246527778 123.5045244958201 0.0 146.14308667277024 0.0
57848.68898148148 125.50400041342725 0.0 148.48128963004126 0.0
57848.693819444445 127.61056471936307 0.0 147.29737523648856 0.0
57848.69869212963 125.56464015336005 0.0 148.28251621161075 0.0
57848.70354166667 128.86355966111205 0.0 142.759681147626 0.0
57848.708449074074 125.32108929415662 0.0 146.58307837682355 0.0
57848.70944907407 125.32108929415662 0.0 146.58307837682355 0.0
