57852.9774306 45.1512015344 0.0 45.1512015344 0.0
57852.9774769 44.4998314604 0.0 44.4998314604 0.0
57852.9775231 53.4968410282 0.0 53.4968410282 0.0
57852.9775694 48.2860849521 0.0 48.2860849521 0.0
57852.9776389 36.98851173 0.0 36.98851173 0.0
57852.9776852 8.25729980078 0.0 8.25729980078 0.0
57852.9777315 8.40428462155 0.0 8.40428462155 0.0
57852.9777778 8.47690981431 0.0 8.47690981431 0.0
57852.9778588 8.07879941575 0.0 8.07879941575 0.0
57852.9778935 7.70668540944 0.0 7.70668540944 0.0
57852.9779398 7.77502411572 0.0 7.77502411572 0.0
57852.9779977 7.9524838887 0.0 7.9524838887 0.0
57852.9780671 7.82259547721 0.0 7.82259547721 0.0
57852.9781134 7.80339669631 0.0 7.80339669631 0.0
57852.9781481 8.01224063543 0.0 8.01224063543 0.0
57852.978206 8.46610890551 0.0 8.46610890551 0.0
57852.9782755 8.45624029933 0.0 8.45624029933 0.0
57852.9783218 7.92950187591 0.0 7.92950187591 0.0
57852.9783681 7.94518722246 0.0 7.94518722246 0.0
57852.9784144 7.99086978995 0.0 7.99086978995 0.0
57852.9784838 7.81901528327 0.0 7.81901528327 0.0
57852.9785301 7.74964515317 0.0 7.74964515317 0.0
57852.9785764 7.75203199168 0.0 7.75203199168 0.0
57852.9786227 7.71887297473 0.0 7.71887297473 0.0
57852.9786921 7.79467767133 0.0 7.79467767133 0.0
57852.9787384 7.64303604597 0.0 7.64303604597 0.0
57852.9787847 7.70155828388 0.0 7.70155828388 0.0
57852.978831 7.79281720561 0.0 7.79281720561 0.0
57852.9789005 7.77528134539 0.0 7.77528134539 0.0
57852.9789468 7.575222769 0.0 7.575222769 0.0
57852.9790046 7.68368401224 0.0 7.68368401224 0.0
57852.9790394 7.85219714475 0.0 7.85219714475 0.0
57852.9791088 7.6705931974 0.0 7.6705931974 0.0
57852.9791551 7.58524884233 0.0 7.58524884233 0.0
57852.979213 7.5436728455 0.0 7.5436728455 0.0
57852.9792593 7.60946778691 0.0 7.60946778691 0.0
57852.9793287 7.78684788602 0.0 7.78684788602 0.0
57852.979375 7.68687192556 0.0 7.68687192556 0.0
57852.9794213 7.64964051443 0.0 7.64964051443 0.0
57852.9794676 7.77502411572 0.0 7.77502411572 0.0
57852.979537 7.96806124474 0.0 7.96806124474 0.0
57852.9795833 8.69770084563 0.0 8.69770084563 0.0
57852.9796296 11.07411396 0.0 11.07411396 0.0
57852.9796759 10.3255508328 0.0 10.3255508328 0.0
57852.9797454 9.02385726837 0.0 9.02385726837 0.0
57852.9797917 8.55032163138 0.0 8.55032163138 0.0
57852.979838 8.57595475734 0.0 8.57595475734 0.0
57852.9798843 8.26613573564 0.0 8.26613573564 0.0
57852.9799537 8.47991745243 0.0 8.47991745243 0.0
57852.98 10.2501707303 0.0 10.2501707303 0.0
57852.9800463 14.3308059787 0.0 14.3308059787 0.0
57852.9800926 15.8328771864 0.0 15.8328771864 0.0
57852.980162 11.1101755162 0.0 11.1101755162 0.0
57852.9802199 10.3149406203 0.0 10.3149406203 0.0
57852.9802662 12.4784614436 0.0 12.4784614436 0.0
57852.9803009 13.103930708 0.0 13.103930708 0.0
57852.9803704 9.81106518172 0.0 9.81106518172 0.0
57852.9804282 8.04126855664 0.0 8.04126855664 0.0
57852.9804745 8.07533281048 0.0 8.07533281048 0.0
57852.9805208 7.89113426574 0.0 7.89113426574 0.0
57852.9805903 7.82067771999 0.0 7.82067771999 0.0
57852.9806366 8.28679672732 0.0 8.28679672732 0.0
57852.9806829 8.48946405847 0.0 8.48946405847 0.0
57852.9807292 8.27568728264 0.0 8.27568728264 0.0
57852.9807986 8.08980840317 0.0 8.08980840317 0.0
57852.9808449 7.89107090324 0.0 7.89107090324 0.0
57852.9808912 8.12213026244 0.0 8.12213026244 0.0
57852.9809375 8.50652690585 0.0 8.50652690585 0.0
57852.9810069 8.52032863216 0.0 8.52032863216 0.0
57852.9810532 7.96950437606 0.0 7.96950437606 0.0
57852.9810995 8.03094016912 0.0 8.03094016912 0.0
57852.9811574 8.2326787864 0.0 8.2326787864 0.0
57852.9812269 8.09357770087 0.0 8.09357770087 0.0
57852.9812616 8.18290901819 0.0 8.18290901819 0.0
57852.9813079 0.86197447758 0.0 0.86197447758 0.0
57852.9813657 0.308220700148 0.0 0.308220700148 0.0
57852.9836806 3.41364907394 0.0 3.41364907394 0.0
57852.9837269 9.4574309408 0.0 9.4574309408 0.0
57852.9837731 289.778491265 0.0 289.778491265 0.0
57852.9838194 91.9764480723 0.0 91.9764480723 0.0
57852.9838889 55.7055921789 0.0 55.7055921789 0.0
57852.9839352 8.56971411425 0.0 8.56971411425 0.0
57852.9839815 8.7573968735 0.0 8.7573968735 0.0
57852.9840278 8.84895474053 0.0 8.84895474053 0.0
57852.9841088 8.18003667473 0.0 8.18003667473 0.0
57852.9841435 7.87337284777 0.0 7.87337284777 0.0
57852.9841898 7.86981575388 0.0 7.86981575388 0.0
57852.9842477 7.96837499118 0.0 7.96837499118 0.0
57852.9843171 8.03753693615 0.0 8.03753693615 0.0
57852.9843634 8.19267965931 0.0 8.19267965931 0.0
57852.9843981 8.60029069276 0.0 8.60029069276 0.0
57852.984456 8.38910007093 0.0 8.38910007093 0.0
57852.9845255 7.79935894802 0.0 7.79935894802 0.0
57852.9845718 8.50723221735 0.0 8.50723221735 0.0
57852.9846181 8.87040021645 0.0 8.87040021645 0.0
57852.9846644 8.32400144161 0.0 8.32400144161 0.0
57852.9847338 7.66681159283 0.0 7.66681159283 0.0
57852.9847801 7.92981714795 0.0 7.92981714795 0.0
57852.9848264 7.90088602626 0.0 7.90088602626 0.0
57852.9848727 8.25015151376 0.0 8.25015151376 0.0
57852.9849421 8.03168724491 0.0 8.03168724491 0.0
57852.9849884 7.74454646832 0.0 7.74454646832 0.0
57852.9850347 7.76350436337 0.0 7.76350436337 0.0
57852.985081 7.90733836382 0.0 7.90733836382 0.0
57852.9851505 7.74454646832 0.0 7.74454646832 0.0
57852.9851968 7.70947469028 0.0 7.70947469028 0.0
57852.9852546 7.95487272054 0.0 7.95487272054 0.0
57852.9852894 7.83772926299 0.0 7.83772926299 0.0
57852.9853588 8.13209690055 0.0 8.13209690055 0.0
57852.9854051 7.89240140895 0.0 7.89240140895 0.0
57852.985463 7.97414572227 0.0 7.97414572227 0.0
57852.9855093 8.25190887007 0.0 8.25190887007 0.0
57852.9855787 8.26613573564 0.0 8.26613573564 0.0
57852.985625 7.90752805876 0.0 7.90752805876 0.0
57852.9856713 7.64519456914 0.0 7.64519456914 0.0
57852.9857176 7.6827729369 0.0 7.6827729369 0.0
57852.985787 7.55757897742 0.0 7.55757897742 0.0
57852.9858333 7.88986691903 0.0 7.88986691903 0.0
57852.9858796 7.75544969683 0.0 7.75544969683 0.0
57852.9859259 7.56716591598 0.0 7.56716591598 0.0
57852.9859954 7.59769701949 0.0 7.59769701949 0.0
57852.9860417 7.73032987653 0.0 7.73032987653 0.0
57852.986088 8.07421822841 0.0 8.07421822841 0.0
57852.9861343 8.4951751012 0.0 8.4951751012 0.0
57852.9862037 8.56265145851 0.0 8.56265145851 0.0
57852.98625 7.85550762204 0.0 7.85550762204 0.0
57852.9862963 7.88948667532 0.0 7.88948667532 0.0
57852.9863426 7.7438362586 0.0 7.7438362586 0.0
57852.986412 7.58709430546 0.0 7.58709430546 0.0
57852.9864699 8.16186253254 0.0 8.16186253254 0.0
57852.9865162 8.68285667278 0.0 8.68285667278 0.0
57852.9865509 9.10411994649 0.0 9.10411994649 0.0
57852.9866204 8.63400254807 0.0 8.63400254807 0.0
57852.9866782 8.14327943767 0.0 8.14327943767 0.0
57852.9867245 7.9869894203 0.0 7.9869894203 0.0
57852.9867708 7.61485390536 0.0 7.61485390536 0.0
57852.9868403 7.66602895899 0.0 7.66602895899 0.0
57852.9868866 7.81287399105 0.0 7.81287399105 0.0
57852.9869329 8.09240384558 0.0 8.09240384558 0.0
57852.9869792 8.06876694421 0.0 8.06876694421 0.0
57852.9870486 7.89936706325 0.0 7.89936706325 0.0
57852.9870949 7.66968056701 0.0 7.66968056701 0.0
57852.9871412 7.80928934027 0.0 7.80928934027 0.0
57852.9871875 7.77258000924 0.0 7.77258000924 0.0
57852.9872569 7.87953044286 0.0 7.87953044286 0.0
57852.9873032 7.74047802141 0.0 7.74047802141 0.0
57852.9873495 7.70551750371 0.0 7.70551750371 0.0
57852.9874074 7.65009803859 0.0 7.65009803859 0.0
57853.0079861 4.58813687677 0.0 4.58813687677 0.0
57853.0080324 12.0423004447 0.0 12.0423004447 0.0
57853.0080787 49.0360581613 0.0 49.0360581613 0.0
57853.008125 51.3398772885 0.0 51.3398772885 0.0
57853.0081944 31.5805794754 0.0 31.5805794754 0.0
57853.0082407 7.48418332218 0.0 7.48418332218 0.0
57853.008287 7.47428926387 0.0 7.47428926387 0.0
57853.0083333 7.40222939391 0.0 7.40222939391 0.0
57853.0084144 7.26773692424 0.0 7.26773692424 0.0
57853.0084491 7.2162317036 0.0 7.2162317036 0.0
57853.0084954 7.17997214479 0.0 7.17997214479 0.0
57853.0085532 7.20423486569 0.0 7.20423486569 0.0
57853.0086227 7.19131420535 0.0 7.19131420535 0.0
57853.008669 7.15381017361 0.0 7.15381017361 0.0
57853.0087037 7.1468874344 0.0 7.1468874344 0.0
57853.0087616 7.14156845518 0.0 7.14156845518 0.0
57853.008831 7.15017482304 0.0 7.15017482304 0.0
57853.0088773 7.18310517812 0.0 7.18310517812 0.0
57853.0089236 7.20527584482 0.0 7.20527584482 0.0
57853.0089699 7.2064554394 0.0 7.2064554394 0.0
57853.0090394 7.18728043143 0.0 7.18728043143 0.0
57853.0090856 7.32857421331 0.0 7.32857421331 0.0
57853.0091319 7.37651679318 0.0 7.37651679318 0.0
57853.0091782 7.33314393695 0.0 7.33314393695 0.0
57853.0092477 7.20742672526 0.0 7.20742672526 0.0
57853.009294 7.18456679279 0.0 7.18456679279 0.0
57853.0093403 7.22045704925 0.0 7.22045704925 0.0
57853.0093866 7.25865001223 0.0 7.25865001223 0.0
57853.009456 7.17997214479 0.0 7.17997214479 0.0
57853.0095023 7.18018105621 0.0 7.18018105621 0.0
57853.0095602 7.17140153666 0.0 7.17140153666 0.0
57853.0095949 7.18755869541 0.0 7.18755869541 0.0
57853.0096644 7.18394042292 0.0 7.18394042292 0.0
57853.0097106 7.16763559342 0.0 7.16763559342 0.0
57853.0097685 7.15381017361 0.0 7.15381017361 0.0
57853.0098148 7.1819913673 0.0 7.1819913673 0.0
57853.0098843 7.14695739458 0.0 7.14695739458 0.0
57853.0099306 7.15905021633 0.0 7.15905021633 0.0
57853.0099769 7.21810224366 0.0 7.21810224366 0.0
57853.0100231 7.24686138959 0.0 7.24686138959 0.0
57853.0100926 7.16002793291 0.0 7.16002793291 0.0
57853.0101389 7.1770467464 0.0 7.1770467464 0.0
57853.0101852 7.19492876963 0.0 7.19492876963 0.0
57853.0102315 7.25031033819 0.0 7.25031033819 0.0
57853.0103009 7.290541818 0.0 7.290541818 0.0
57853.0103472 7.37299125186 0.0 7.37299125186 0.0
57853.0103935 7.39864852524 0.0 7.39864852524 0.0
57853.0104398 7.49012683471 0.0 7.49012683471 0.0
57853.0105093 7.29157047556 0.0 7.29157047556 0.0
57853.0105556 7.24968964853 0.0 7.24968964853 0.0
57853.0106019 7.2391988507 0.0 7.2391988507 0.0
57853.0106481 7.32270441845 0.0 7.32270441845 0.0
57853.0107176 7.30896709529 0.0 7.30896709529 0.0
57853.0107755 7.18728043143 0.0 7.18728043143 0.0
57853.0108218 7.18616726774 0.0 7.18616726774 0.0
57853.0108565 7.18414921894 0.0 7.18414921894 0.0
57853.0109259 7.24527432193 0.0 7.24527432193 0.0
57853.0109838 7.233394777 0.0 7.233394777 0.0
57853.0110301 7.26202451111 0.0 7.26202451111 0.0
57853.0110764 7.3177182236 0.0 7.3177182236 0.0
57853.0111458 7.21671670498 0.0 7.21671670498 0.0
57853.0111921 7.22038780122 0.0 7.22038780122 0.0
57853.0112384 7.27028197527 0.0 7.27028197527 0.0
57853.0112847 7.29301035239 0.0 7.29301035239 0.0
57853.0113542 7.25120679611 0.0 7.25120679611 0.0
57853.0114005 7.19916661844 0.0 7.19916661844 0.0
57853.0114468 7.21934900112 0.0 7.21934900112 0.0
57853.0114931 7.1966658947 0.0 7.1966658947 0.0
57853.0115625 7.16937933157 0.0 7.16937933157 0.0
57853.0116088 7.21158789727 0.0 7.21158789727 0.0
57853.0116551 7.3172399168 0.0 7.3172399168 0.0
57853.011713 7.38789550549 0.0 7.38789550549 0.0
57853.0117824 7.42293742396 0.0 7.42293742396 0.0
57853.0118171 7.23664286807 0.0 7.23664286807 0.0
57853.0118634 7.21650885124 0.0 7.21650885124 0.0
57853.0119213 7.23968231347 0.0 7.23968231347 0.0
57853.0119907 7.2547225998 0.0 7.2547225998 0.0
57853.012037 7.39046683235 0.0 7.39046683235 0.0
57853.0120718 7.43000672947 0.0 7.43000672947 0.0
57853.0121296 7.47602835736 0.0 7.47602835736 0.0
57853.0121991 7.25871889523 0.0 7.25871889523 0.0
57853.0122454 7.25196525088 0.0 7.25196525088 0.0
57853.0122917 7.27839267971 0.0 7.27839267971 0.0
57853.012338 7.26553508009 0.0 7.26553508009 0.0
57853.0124074 7.27956042629 0.0 7.27956042629 0.0
57853.0124537 7.29945203423 0.0 7.29945203423 0.0
57853.0125 7.33580261457 0.0 7.33580261457 0.0
57853.0125463 7.35465838772 0.0 7.35465838772 0.0
57853.0126157 7.34002724791 0.0 7.34002724791 0.0
57853.012662 7.1689608731 0.0 7.1689608731 0.0
57853.0127083 7.20895276722 0.0 7.20895276722 0.0
57853.0127546 7.21789442982 0.0 7.21789442982 0.0
57853.0128241 7.21657813649 0.0 7.21657813649 0.0
57853.0128704 7.1961100603 0.0 7.1961100603 0.0
57853.0129282 7.2197645391 0.0 7.2197645391 0.0
57853.012963 7.21255849196 0.0 7.21255849196 0.0
57853.013044 7.24541234161 0.0 7.24541234161 0.0
57853.0130787 7.27722474574 0.0 7.27722474574 0.0
57853.0131366 0.940744386111 0.0 0.940744386111 0.0
57853.0131829 0.339116499156 0.0 0.339116499156 0.0
57853.015625 4.97704731744 0.0 4.97704731744 0.0
57853.0156713 15.8245379079 0.0 15.8245379079 0.0
57853.0157176 59.5086212242 0.0 59.5086212242 0.0
57853.0157639 55.4071656016 0.0 55.4071656016 0.0
57853.0158333 54.3870205104 0.0 54.3870205104 0.0
57853.0158796 7.33689307541 0.0 7.33689307541 0.0
57853.0159259 7.28038460523 0.0 7.28038460523 0.0
57853.0159722 7.25672102261 0.0 7.25672102261 0.0
57853.0160532 7.18261790714 0.0 7.18261790714 0.0
57853.016088 7.16972802831 0.0 7.16972802831 0.0
57853.0161343 7.17056483131 0.0 7.17056483131 0.0
57853.0161921 7.12404379549 0.0 7.12404379549 0.0
57853.0162616 7.1033794774 0.0 7.1033794774 0.0
57853.0163079 7.30047943631 0.0 7.30047943631 0.0
57853.0163426 7.39601243915 0.0 7.39601243915 0.0
57853.0164005 7.39749957756 0.0 7.39749957756 0.0
57853.0164699 7.49539858847 0.0 7.49539858847 0.0
57853.0165162 7.37739791525 0.0 7.37739791525 0.0
57853.0165625 7.33621155638 0.0 7.33621155638 0.0
57853.0166088 7.40972334166 0.0 7.40972334166 0.0
57853.0166782 7.25251680453 0.0 7.25251680453 0.0
57853.0167245 7.10316830717 0.0 7.10316830717 0.0
57853.0167708 7.09711208873 0.0 7.09711208873 0.0
57853.0168171 7.07361293824 0.0 7.07361293824 0.0
57853.0168866 7.08844129552 0.0 7.08844129552 0.0
57853.0169329 7.0468432649 0.0 7.0468432649 0.0
57853.0169792 7.06477175852 0.0 7.06477175852 0.0
57853.0170255 7.07028995162 0.0 7.07028995162 0.0
57853.0170949 7.32563990379 0.0 7.32563990379 0.0
57853.0171412 7.35669762869 0.0 7.35669762869 0.0
57853.0171991 7.30930913288 0.0 7.30930913288 0.0
57853.0172338 7.24479123233 0.0 7.24479123233 0.0
57853.0173032 7.0464175295 0.0 7.0464175295 0.0
57853.0173495 7.18073812362 0.0 7.18073812362 0.0
57853.0174074 7.43377427691 0.0 7.43377427691 0.0
57853.0174537 7.70843693624 0.0 7.70843693624 0.0
57853.0175231 7.5321975545 0.0 7.5321975545 0.0
57853.0175694 7.28354309385 0.0 7.28354309385 0.0
57853.0176157 7.40108100212 0.0 7.40108100212 0.0
57853.017662 7.49786636317 0.0 7.49786636317 0.0
57853.0177315 7.36512050139 0.0 7.36512050139 0.0
57853.0177778 7.40844113157 0.0 7.40844113157 0.0
57853.0178241 7.41950133095 0.0 7.41950133095 0.0
57853.0178704 7.47636275203 0.0 7.47636275203 0.0
57853.0179398 7.23671196055 0.0 7.23671196055 0.0
57853.0179861 7.15513801404 0.0 7.15513801404 0.0
57853.0180324 7.22710177042 0.0 7.22710177042 0.0
57853.0180787 7.38816621361 0.0 7.38816621361 0.0
57853.0181481 7.36389842407 0.0 7.36389842407 0.0
57853.0181944 7.10717946868 0.0 7.10717946868 0.0
57853.0182407 7.15478860624 0.0 7.15478860624 0.0
57853.018287 7.14058821106 0.0 7.14058821106 0.0
57853.0183565 7.03278038901 0.0 7.03278038901 0.0
57853.0184144 7.02936697008 0.0 7.02936697008 0.0
57853.0184606 7.00985021238 0.0 7.00985021238 0.0
57853.0184954 7.0337756575 0.0 7.0337756575 0.0
57853.0185648 7.10492786733 0.0 7.10492786733 0.0
57853.0186227 7.11990168471 0.0 7.11990168471 0.0
57853.018669 7.09964787859 0.0 7.09964787859 0.0
57853.0187153 7.07410771759 0.0 7.07410771759 0.0
57853.0187847 7.14646765892 0.0 7.14646765892 0.0
57853.018831 7.40540343263 0.0 7.40540343263 0.0
57853.0188773 7.54884097064 0.0 7.54884097064 0.0
57853.0189236 7.29890402732 0.0 7.29890402732 0.0
57853.0189931 7.15471872263 0.0 7.15471872263 0.0
57853.0190394 7.12979663104 0.0 7.12979663104 0.0
57853.0190856 7.25382657637 0.0 7.25382657637 0.0
57853.0191319 7.54015914951 0.0 7.54015914951 0.0
57853.0192014 7.35261858116 0.0 7.35261858116 0.0
57853.0192477 7.11631927333 0.0 7.11631927333 0.0
57853.019294 7.11132898972 0.0 7.11132898972 0.0
57853.0193519 7.23609010447 0.0 7.23609010447 0.0
57853.0194213 7.48191152046 0.0 7.48191152046 0.0
57853.019456 7.41039809997 0.0 7.41039809997 0.0
57853.0195023 7.32092890281 0.0 7.32092890281 0.0
57853.0195602 7.33880099199 0.0 7.33880099199 0.0
57853.0196296 7.3039715224 0.0 7.3039715224 0.0
57853.0196759 7.20791231911 0.0 7.20791231911 0.0
57853.0197106 7.18971487613 0.0 7.18971487613 0.0
57853.0197685 7.1372964069 0.0 7.1372964069 0.0
57853.019838 7.13925766449 0.0 7.13925766449 0.0
57853.0198843 7.44385652737 0.0 7.44385652737 0.0
57853.0199306 7.68882305688 0.0 7.68882305688 0.0
57853.0199769 7.71874342105 0.0 7.71874342105 0.0
57853.0200463 7.60506410229 0.0 7.60506410229 0.0
57853.0200926 7.1337227308 0.0 7.1337227308 0.0
57853.0201389 7.23415509925 0.0 7.23415509925 0.0
57853.0201852 7.40276975192 0.0 7.40276975192 0.0
57853.0202546 7.41518711834 0.0 7.41518711834 0.0
57853.0203009 7.32502559722 0.0 7.32502559722 0.0
57853.0203472 7.4983998293 0.0 7.4983998293 0.0
57853.0203935 7.50599760192 0.0 7.50599760192 0.0
57853.020463 7.26691131087 0.0 7.26691131087 0.0
57853.0205093 7.12944598128 0.0 7.12944598128 0.0
57853.0205671 7.13855727721 0.0 7.13855727721 0.0
57853.0206019 7.25079306007 0.0 7.25079306007 0.0
57853.0206829 7.70973410696 0.0 7.70973410696 0.0
57853.0207176 7.98811617342 0.0 7.98811617342 0.0
57853.0207755 0.95078914592 0.0 0.95078914592 0.0
57853.0315972 51.2250719863 0.0 51.2250719863 0.0
57853.0316435 51.5063200006 0.0 51.5063200006 0.0
57853.0316898 56.8668532627 0.0 56.8668532627 0.0
57853.0317361 54.2302498611 0.0 54.2302498611 0.0
57853.0318056 38.5710124316 0.0 38.5710124316 0.0
57853.0318519 7.04080961254 0.0 7.04080961254 0.0
57853.0318981 7.00892288444 0.0 7.00892288444 0.0
57853.0319444 6.94902870911 0.0 6.94902870911 0.0
57853.0320255 6.86272540613 0.0 6.86272540613 0.0
57853.0320602 6.81747753938 0.0 6.81747753938 0.0
57853.0321065 6.77842164519 0.0 6.77842164519 0.0
57853.0321644 6.75988165577 0.0 6.75988165577 0.0
57853.0322338 6.73112174901 0.0 6.73112174901 0.0
57853.0322801 6.78778314327 0.0 6.78778314327 0.0
57853.0323148 6.77709377241 0.0 6.77709377241 0.0
57853.0323727 6.76017751246 0.0 6.76017751246 0.0
57853.0324421 6.75684837776 0.0 6.75684837776 0.0
57853.0324884 6.79551322565 0.0 6.79551322565 0.0
57853.0325347 6.79529248819 0.0 6.79529248819 0.0
57853.032581 6.78682547293 0.0 6.78682547293 0.0
57853.0326505 6.77820035113 0.0 6.77820035113 0.0
57853.0326968 6.75085179811 0.0 6.75085179811 0.0
57853.0327431 6.7472957546 0.0 6.7472957546 0.0
57853.0327894 6.73312705955 0.0 6.73312705955 0.0
57853.0328588 6.73490905655 0.0 6.73490905655 0.0
57853.0329051 6.71289803289 0.0 6.71289803289 0.0
57853.0329514 6.70842753557 0.0 6.70842753557 0.0
57853.0329977 6.718928486 0.0 6.718928486 0.0
57853.0330671 6.73334983496 0.0 6.73334983496 0.0
57853.0331134 6.72614302554 0.0 6.72614302554 0.0
57853.0331713 6.73386961561 0.0 6.73386961561 0.0
57853.033206 6.74522053012 0.0 6.74522053012 0.0
57853.0332755 6.71729112068 0.0 6.71729112068 0.0
57853.0333218 6.71885406896 0.0 6.71885406896 0.0
57853.0333796 6.73787800424 0.0 6.73787800424 0.0
57853.0334259 6.79757309633 0.0 6.79757309633 0.0
57853.0334954 6.82502747247 0.0 6.82502747247 0.0
57853.0335417 6.72584567174 0.0 6.72584567174 0.0
57853.033588 6.73913941093 0.0 6.73913941093 0.0
57853.0336343 6.75292529205 0.0 6.75292529205 0.0
57853.0337037 6.72264828769 0.0 6.72264828769 0.0
57853.03375 6.70887471935 0.0 6.70887471935 0.0
57853.0337963 6.72517657761 0.0 6.72517657761 0.0
57853.0338426 6.7264403662 0.0 6.7264403662 0.0
57853.033912 6.72465612504 0.0 6.72465612504 0.0
57853.0339583 6.73045317939 0.0 6.73045317939 0.0
57853.0340046 6.72807550493 0.0 6.72807550493 0.0
57853.0340509 6.71163169431 0.0 6.71163169431 0.0
57853.0341204 6.7202678518 0.0 6.7202678518 0.0
57853.0341667 6.7265890316 0.0 6.7265890316 0.0
57853.034213 6.73179025223 0.0 6.73179025223 0.0
57853.0342593 6.72183010794 0.0 6.72183010794 0.0
57853.0343287 6.7067876066 0.0 6.7067876066 0.0
57853.0343866 6.70343195684 0.0 6.70343195684 0.0
57853.0344329 6.70544554821 0.0 6.70544554821 0.0
57853.0344676 6.70007462645 0.0 6.70007462645 0.0
57853.034537 6.75536823571 0.0 6.75536823571 0.0
57853.0345949 6.72874431079 0.0 6.72874431079 0.0
57853.0346412 6.73127031102 0.0 6.73127031102 0.0
57853.0346875 6.73965874507 0.0 6.73965874507 0.0
57853.0347569 6.73520601021 0.0 6.73520601021 0.0
57853.0348032 6.71729112068 0.0 6.71729112068 0.0
57853.0348495 6.72465612504 0.0 6.72465612504 0.0
57853.0348958 6.74307051721 0.0 6.74307051721 0.0
57853.0349653 6.74677700832 0.0 6.74677700832 0.0
57853.0350116 6.72859569301 0.0 6.72859569301 0.0
57853.0350579 6.73995548947 0.0 6.73995548947 0.0
57853.0351042 6.76779136794 0.0 6.76779136794 0.0
57853.0351736 6.75973372257 0.0 6.75973372257 0.0
57853.0352199 6.76099105161 0.0 6.76099105161 0.0
57853.0352662 6.7644659804 0.0 6.7644659804 0.0
57853.0353241 6.75958578613 0.0 6.75958578613 0.0
57853.0353935 6.73735853284 0.0 6.73735853284 0.0
57853.0354282 6.73913941093 0.0 6.73913941093 0.0
57853.0354745 6.73891682691 0.0 6.73891682691 0.0
57853.0355324 6.72673769371 0.0 6.72673769371 0.0
57853.0356019 6.70917282532 0.0 6.70917282532 0.0
57853.0356481 6.71528108124 0.0 6.71528108124 0.0
57853.0356829 6.72465612504 0.0 6.72465612504 0.0
57853.0357407 6.71989583253 0.0 6.71989583253 0.0
57853.0358102 6.71148269759 0.0 6.71148269759 0.0
57853.0358565 6.73075032964 0.0 6.73075032964 0.0
57853.0359028 6.75299933363 0.0 6.75299933363 0.0
57853.0359491 6.73810062258 0.0 6.73810062258 0.0
57853.0360185 6.72606868832 0.0 6.72606868832 0.0
57853.0360648 6.72279703695 0.0 6.72279703695 0.0
57853.0361111 6.73520601021 0.0 6.73520601021 0.0
57853.0361574 6.72465612504 0.0 6.72465612504 0.0
57853.0362269 6.74173568156 0.0 6.74173568156 0.0
57853.0362731 6.72614302554 0.0 6.72614302554 0.0
57853.0363194 6.73565141616 0.0 6.73565141616 0.0
57853.0363657 6.73483481609 0.0 6.73483481609 0.0
57853.0364352 6.72190449203 0.0 6.72190449203 0.0
57853.0364815 6.74840721949 0.0 6.74840721949 0.0
57853.0365394 6.7644659804 0.0 6.7644659804 0.0
57853.0365741 6.76453989566 0.0 6.76453989566 0.0
57853.0366551 6.72933874909 0.0 6.72933874909 0.0
57853.0366898 6.73602256528 0.0 6.73602256528 0.0
57853.0367477 0.816700679564 0.0 0.816700679564 0.0
57853.036794 0.296647939484 0.0 0.296647939484 0.0
57853.0392361 2.95042369839 0.0 2.95042369839 0.0
57853.0392824 7.76562940141 0.0 7.76562940141 0.0
57853.0393287 39.7391997906 0.0 39.7391997906 0.0
57853.039375 42.295283425 0.0 42.295283425 0.0
57853.0394444 29.0900154692 0.0 29.0900154692 0.0
57853.0394907 7.11421112984 0.0 7.11421112984 0.0
57853.039537 7.13407317036 0.0 7.13407317036 0.0
57853.0395833 7.13694612562 0.0 7.13694612562 0.0
57853.0396644 7.07021923281 0.0 7.07021923281 0.0
57853.0396991 6.82942164462 0.0 6.82942164462 0.0
57853.0397454 6.84346403512 0.0 6.84346403512 0.0
57853.0398032 6.83220315857 0.0 6.83220315857 0.0
57853.0398727 6.75566429006 0.0 6.75566429006 0.0
57853.039919 6.78991899804 0.0 6.78991899804 0.0
57853.0399537 6.78490972674 0.0 6.78490972674 0.0
57853.0400116 6.82546701699 0.0 6.82546701699 0.0
57853.040081 6.82063046939 0.0 6.82063046939 0.0
57853.0401273 6.83622702958 0.0 6.83622702958 0.0
57853.0401736 6.86236110971 0.0 6.86236110971 0.0
57853.0402199 6.92076585357 0.0 6.92076585357 0.0
57853.0402894 6.83849398625 0.0 6.83849398625 0.0
57853.0403356 6.78159273327 0.0 6.78159273327 0.0
57853.0403819 6.80896467901 0.0 6.80896467901 0.0
57853.0404282 6.84908753047 0.0 6.84908753047 0.0
57853.0404977 6.87982557918 0.0 6.87982557918 0.0
57853.040544 6.86418239851 0.0 6.86418239851 0.0
57853.0405903 6.89956520369 0.0 6.89956520369 0.0
57853.0406366 6.9255324705 0.0 6.9255324705 0.0
57853.040706 6.89753579186 0.0 6.89753579186 0.0
57853.0407523 6.86236110971 0.0 6.86236110971 0.0
57853.0408102 7.02623654598 0.0 7.02623654598 0.0
57853.0408449 7.22800110681 0.0 7.22800110681 0.0
57853.0409144 7.09640754185 0.0 7.09640754185 0.0
57853.0409606 6.98899134353 0.0 6.98899134353 0.0
57853.0410185 6.99678497597 0.0 6.99678497597 0.0
57853.0410648 7.03192718961 0.0 7.03192718961 0.0
57853.0411343 7.04655944415 0.0 7.04655944415 0.0
57853.0411806 6.90007246339 0.0 6.90007246339 0.0
57853.0412269 6.88788792011 0.0 6.88788792011 0.0
57853.0412731 6.86891548936 0.0 6.86891548936 0.0
57853.0413426 6.88491103791 0.0 6.88491103791 0.0
57853.0413889 6.86971615134 0.0 6.86971615134 0.0
57853.0414352 6.87706332674 0.0 6.87706332674 0.0
57853.0414815 6.87880803628 0.0 6.87880803628 0.0
57853.0415509 6.85959182459 0.0 6.85959182459 0.0
57853.0415972 6.91483911599 0.0 6.91483911599 0.0
57853.0416435 6.85842547528 0.0 6.85842547528 0.0
57853.0416898 2.85622127994 0.0 2.85622127994 0.0
57853.0417593 2.75336158178 0.0 2.75336158178 0.0
57853.0418056 2.89032870103 0.0 2.89032870103 0.0
57853.0418519 2.96192504969 0.0 2.96192504969 0.0
57853.0418981 2.88859827598 0.0 2.88859827598 0.0
57853.0419676 2.79946423446 0.0 2.79946423446 0.0
57853.0420255 2.79356403184 0.0 2.79356403184 0.0
57853.0420718 2.78100701186 0.0 2.78100701186 0.0
57853.0421065 2.81992907712 0.0 2.81992907712 0.0
57853.0421759 2.75481396831 0.0 2.75481396831 0.0
57853.0422338 2.73184919057 0.0 2.73184919057 0.0
57853.0422801 2.66251760558 0.0 2.66251760558 0.0
57853.0423264 2.64650713205 0.0 2.64650713205 0.0
57853.0423958 2.70942798391 0.0 2.70942798391 0.0
57853.0424421 2.71256336332 0.0 2.71256336332 0.0
57853.0424884 2.79213180205 0.0 2.79213180205 0.0
57853.0425347 2.8231188427 0.0 2.8231188427 0.0
57853.0426042 2.84270997465 0.0 2.84270997465 0.0
57853.0426505 2.59229627936 0.0 2.59229627936 0.0
57853.0426968 2.60729745139 0.0 2.60729745139 0.0
57853.0427431 2.55734237051 0.0 2.55734237051 0.0
57853.0428125 2.52824049489 0.0 2.52824049489 0.0
57853.0428588 2.6823497162 0.0 2.6823497162 0.0
57853.0429051 2.7714617082 0.0 2.7714617082 0.0
57853.042963 2.73934298692 0.0 2.73934298692 0.0
57853.0430324 2.87245539565 0.0 2.87245539565 0.0
57853.0430671 2.62240347773 0.0 2.62240347773 0.0
57853.0431134 2.62144998045 0.0 2.62144998045 0.0
57853.0431713 2.68812202104 0.0 2.68812202104 0.0
57853.0432407 2.54852898747 0.0 2.54852898747 0.0
57853.043287 2.75136329844 0.0 2.75136329844 0.0
57853.0433218 2.70813589024 0.0 2.70813589024 0.0
57853.0433796 2.658006772 0.0 2.658006772 0.0
57853.0434491 2.69072480941 0.0 2.69072480941 0.0
57853.0434954 2.55734237051 0.0 2.55734237051 0.0
57853.0435417 2.58321505106 0.0 2.58321505106 0.0
57853.043588 2.61572169773 0.0 2.61572169773 0.0
57853.0436574 2.8021420378 0.0 2.8021420378 0.0
57853.0437037 2.86897194131 0.0 2.86897194131 0.0
57853.04375 2.95398036554 0.0 2.95398036554 0.0
57853.0437963 2.70924343683 0.0 2.70924343683 0.0
57853.0438657 2.55910140479 0.0 2.55910140479 0.0
57853.043912 2.73660373456 0.0 2.73660373456 0.0
57853.0439583 2.64367168915 0.0 2.64367168915 0.0
57853.0440046 2.654241888 0.0 2.654241888 0.0
57853.0440741 2.88305393637 0.0 2.88305393637 0.0
57853.0441204 3.11367949539 0.0 3.11367949539 0.0
57853.0441782 0.98488578018 0.0 0.98488578018 0.0
57853.044213 3.05565050358 0.0 3.05565050358 0.0
57853.044294 2.87402157264 0.0 2.87402157264 0.0
57853.0443287 2.77884868246 0.0 2.77884868246 0.0
57853.0443866 0.0 0.0 0.0 0.0
57853.0444329 0.11401754251 0.0 0.11401754251 0.0
57853.046875 3.06480015662 0.0 3.06480015662 0.0
57853.0469213 5.59580199793 0.0 5.59580199793 0.0
57853.0469676 13.4946656128 0.0 13.4946656128 0.0
57853.0470139 13.4732698333 0.0 13.4732698333 0.0
57853.0470833 6.73357260301 0.0 6.73357260301 0.0
57853.0471296 3.12809846392 0.0 3.12809846392 0.0
57853.0471759 3.12729915422 0.0 3.12729915422 0.0
57853.0472222 3.10837578166 0.0 3.10837578166 0.0
57853.0473032 3.1594303284 0.0 3.1594303284 0.0
57853.047338 2.94142822452 0.0 2.94142822452 0.0
57853.0473843 3.01512852131 0.0 3.01512852131 0.0
57853.0474421 2.66533299983 0.0 2.66533299983 0.0
57853.0475116 2.45825141106 0.0 2.45825141106 0.0
57853.0475579 2.55088220034 0.0 2.55088220034 0.0
57853.0475926 2.6549952919 0.0 2.6549952919 0.0
57853.0476505 2.50319795462 0.0 2.50319795462 0.0
57853.0477199 2.45947148794 0.0 2.45947148794 0.0
57853.0477662 2.66758317584 0.0 2.66758317584 0.0
57853.0478125 2.71974263488 0.0 2.71974263488 0.0
57853.0478588 2.59615099715 0.0 2.59615099715 0.0
57853.0479282 2.63628526529 0.0 2.63628526529 0.0
57853.0479745 2.78872730829 0.0 2.78872730829 0.0
57853.0480208 2.5998076852 0.0 2.5998076852 0.0
57853.0480671 2.62106848442 0.0 2.62106848442 0.0
57853.0481366 2.66045108957 0.0 2.66045108957 0.0
57853.0481829 2.53673017879 0.0 2.53673017879 0.0
57853.0482292 2.68570288751 0.0 2.68570288751 0.0
57853.0482755 2.65988721565 0.0 2.65988721565 0.0
57853.0483449 2.49359178696 0.0 2.49359178696 0.0
57853.0483912 2.36262565803 0.0 2.36262565803 0.0
57853.0484491 2.38159610346 0.0 2.38159610346 0.0
57853.0484838 2.34904235807 0.0 2.34904235807 0.0
57853.0485532 2.34989361461 0.0 2.34989361461 0.0
57853.0485995 2.50838593522 0.0 2.50838593522 0.0
57853.0486574 6.79801441599 0.0 6.79801441599 0.0
57853.0487037 6.83344715352 0.0 6.83344715352 0.0
57853.0487731 6.84214878529 0.0 6.84214878529 0.0
57853.0488194 6.76904720031 0.0 6.76904720031 0.0
57853.0488657 6.79882342762 0.0 6.79882342762 0.0
57853.048912 6.82993411388 0.0 6.82993411388 0.0
57853.0489815 6.84171031249 0.0 6.84171031249 0.0
57853.0490278 6.79639610382 0.0 6.79639610382 0.0
57853.0490741 6.77539666735 0.0 6.77539666735 0.0
57853.0491204 6.8261262807 0.0 6.8261262807 0.0
57853.0491898 6.82510073186 0.0 6.82510073186 0.0
57853.0492361 6.88353107061 0.0 6.88353107061 0.0
57853.0492824 6.98240646196 0.0 6.98240646196 0.0
57853.0493287 6.98942057684 0.0 6.98942057684 0.0
57853.0493981 7.01127663126 0.0 7.01127663126 0.0
57853.0494444 6.93945242797 0.0 6.93945242797 0.0
57853.0494907 6.94002881838 0.0 6.94002881838 0.0
57853.049537 6.85915446684 0.0 6.85915446684 0.0
57853.0496065 6.77244416736 0.0 6.77244416736 0.0
57853.0496644 6.82348884369 0.0 6.82348884369 0.0
57853.0497106 6.86913386098 0.0 6.86913386098 0.0
57853.0497454 6.91332047572 0.0 6.91332047572 0.0
57853.0498148 6.84492512742 0.0 6.84492512742 0.0
57853.0498727 6.78387794702 0.0 6.78387794702 0.0
57853.049919 6.87989825506 0.0 6.87989825506 0.0
57853.0499653 6.90514301083 0.0 6.90514301083 0.0
57853.0500347 6.81645068933 0.0 6.81645068933 0.0
57853.050081 6.8376165438 0.0 6.8376165438 0.0
57853.0501273 6.81285549531 0.0 6.81285549531 0.0
57853.0501736 6.84119872537 0.0 6.84119872537 0.0
57853.0502431 6.80036763712 0.0 6.80036763712 0.0
57853.0502894 6.84214878529 0.0 6.84214878529 0.0
57853.0503356 6.85652973449 0.0 6.85652973449 0.0
57853.0503819 6.89782574439 0.0 6.89782574439 0.0
57853.0504514 6.91708030892 0.0 6.91708030892 0.0
57853.0504977 6.90478095235 0.0 6.90478095235 0.0
57853.050544 6.86352679022 0.0 6.86352679022 0.0
57853.0506019 6.86600320419 0.0 6.86600320419 0.0
57853.0506713 6.82304917174 0.0 6.82304917174 0.0
57853.050706 6.86068509699 0.0 6.86068509699 0.0
57853.0507523 6.87364532108 0.0 6.87364532108 0.0
57853.0508102 6.86869711081 0.0 6.86869711081 0.0
57853.0508796 6.82517399046 0.0 6.82517399046 0.0
57853.0509259 6.82978769802 0.0 6.82978769802 0.0
57853.0509606 6.84959852838 0.0 6.84959852838 0.0
57853.0510185 6.95320070184 0.0 6.95320070184 0.0
57853.051088 6.98161872348 0.0 6.98161872348 0.0
57853.0511343 6.90912440183 0.0 6.90912440183 0.0
57853.0511806 6.93974062916 0.0 6.93974062916 0.0
57853.0512269 7.00107134659 0.0 7.00107134659 0.0
57853.0512963 6.94946041071 0.0 6.94946041071 0.0
57853.0513426 6.86301682935 0.0 6.86301682935 0.0
57853.0513889 6.92603782837 0.0 6.92603782837 0.0
57853.0514352 6.98204841003 0.0 6.98204841003 0.0
57853.0515046 6.91700802371 0.0 6.91700802371 0.0
57853.0515509 6.93743468438 0.0 6.93743468438 0.0
57853.0515972 7.09535059035 0.0 7.09535059035 0.0
57853.0516435 7.19221801672 0.0 7.19221801672 0.0
57853.051713 7.15625600436 0.0 7.15625600436 0.0
57853.0517593 6.86396386937 0.0 6.86396386937 0.0
57853.0518171 6.84017543635 0.0 6.84017543635 0.0
57853.0518519 6.86381817941 0.0 6.86381817941 0.0
57853.0519329 6.9084730585 0.0 6.9084730585 0.0
57853.0519676 6.82238961069 0.0 6.82238961069 0.0
57853.0520255 6.85638388657 0.0 6.85638388657 0.0
57853.0611227 6.62517924286 0.0 6.62517924286 0.0
57853.061169 6.62895165166 0.0 6.62895165166 0.0
57853.0612384 6.65439704256 0.0 6.65439704256 0.0
57853.0612847 6.62872536767 0.0 6.62872536767 0.0
57853.061331 0.926822528859 0.0 0.926822528859 0.0
57853.0613773 0.340587727319 0.0 0.340587727319 0.0
57853.0649306 6.77820035113 0.0 6.77820035113 0.0
57853.0649769 23.6133648598 0.0 23.6133648598 0.0
57853.0650231 114.62720445 0.0 114.62720445 0.0
57853.0650694 61.9983951405 0.0 61.9983951405 0.0
57853.0651389 42.3982900599 0.0 42.3982900599 0.0
57853.0651852 7.00421301789 0.0 7.00421301789 0.0
57853.0652315 6.95830439116 0.0 6.95830439116 0.0
57853.0652778 6.89173417944 0.0 6.89173417944 0.0
57853.0653588 6.80668788766 0.0 6.80668788766 0.0
57853.0653935 6.73787800424 0.0 6.73787800424 0.0
57853.0654398 6.71043962792 0.0 6.71043962792 0.0
57853.0654977 6.75447999479 0.0 6.75447999479 0.0
57853.0655671 6.78660445289 0.0 6.78660445289 0.0
57853.0656134 6.72420999077 0.0 6.72420999077 0.0
57853.0656481 6.74788855865 0.0 6.74788855865 0.0
57853.065706 6.73965874507 0.0 6.73965874507 0.0
57853.0657755 6.68206554892 0.0 6.68206554892 0.0
57853.0658218 6.70656394885 0.0 6.70656394885 0.0
57853.0658681 6.71825870297 0.0 6.71825870297 0.0
57853.0659144 6.74914809439 0.0 6.74914809439 0.0
57853.0659838 6.74892584046 0.0 6.74892584046 0.0
57853.0660301 6.71155719636 0.0 6.71155719636 0.0
57853.0660764 6.68468398655 0.0 6.68468398655 0.0
57853.0661227 6.67720001198 0.0 6.67720001198 0.0
57853.0661921 6.69178600973 0.0 6.69178600973 0.0
57853.0662384 6.69215959164 0.0 6.69215959164 0.0
57853.0662847 6.6825144968 0.0 6.6825144968 0.0
57853.066331 6.69275727933 0.0 6.69275727933 0.0
57853.0664005 6.73186452627 0.0 6.73186452627 0.0
57853.0664468 6.70492356407 0.0 6.70492356407 0.0
57853.0665046 6.69559556724 0.0 6.69559556724 0.0
57853.0665394 6.69679027595 0.0 6.69679027595 0.0
57853.0666088 6.69425126508 0.0 6.69425126508 0.0
57853.0666551 6.71602561043 0.0 6.71602561043 0.0
57853.066713 6.74203233454 0.0 6.74203233454 0.0
57853.0667593 6.74892584046 0.0 6.74892584046 0.0
57853.0668287 6.74091981854 0.0 6.74091981854 0.0
57853.066875 6.70216382969 0.0 6.70216382969 0.0
57853.0669213 6.71922614592 0.0 6.71922614592 0.0
57853.0669676 6.70671305484 0.0 6.70671305484 0.0
57853.067037 6.77967550846 0.0 6.77967550846 0.0
57853.0670833 6.72346636788 0.0 6.72346636788 0.0
57853.0671296 6.70537098153 0.0 6.70537098153 0.0
57853.0671759 6.70462526917 0.0 6.70462526917 0.0
57853.0672454 6.77930674922 0.0 6.77930674922 0.0
57853.0672917 6.78969807871 0.0 6.78969807871 0.0
57853.067338 6.8068348004 0.0 6.8068348004 0.0
57853.0673843 6.82568677863 0.0 6.82568677863 0.0
57853.0674537 6.72183010794 0.0 6.72183010794 0.0
57853.0675 6.76520509667 0.0 6.76520509667 0.0
57853.0675463 6.78616239122 0.0 6.78616239122 0.0
57853.0675926 6.83747029244 0.0 6.83747029244 0.0
57853.067662 6.81835757349 0.0 6.81835757349 0.0
57853.0677199 6.81549704717 0.0 6.81549704717 0.0
57853.0677662 6.8527366796 0.0 6.8527366796 0.0
57853.0678009 6.80727551962 0.0 6.80727551962 0.0
57853.0678704 6.72145817513 0.0 6.72145817513 0.0
57853.0679282 6.75855014038 0.0 6.75855014038 0.0
57853.0679745 6.78734115836 0.0 6.78734115836 0.0
57853.0680208 6.77665109032 0.0 6.77665109032 0.0
57853.0680903 6.7435895486 0.0 6.7435895486 0.0
57853.0681366 6.77724132668 0.0 6.77724132668 0.0
57853.0681829 6.75447999479 0.0 6.75447999479 0.0
57853.0682292 6.73528024658 0.0 6.73528024658 0.0
57853.0682986 6.73112174901 0.0 6.73112174901 0.0
57853.0683449 6.73631946986 0.0 6.73631946986 0.0
57853.0683912 6.78638342565 0.0 6.78638342565 0.0
57853.0684375 6.8761180909 0.0 6.8761180909 0.0
57853.0685069 6.94060516094 0.0 6.94060516094 0.0
57853.0685532 6.94384619645 0.0 6.94384619645 0.0
57853.0685995 6.99363996786 0.0 6.99363996786 0.0
57853.0686574 6.94449422204 0.0 6.94449422204 0.0
57853.0687269 6.87058949436 0.0 6.87058949436 0.0
57853.0687616 6.92675970422 0.0 6.92675970422 0.0
57853.0688079 6.96598880275 0.0 6.96598880275 0.0
57853.0688657 7.00927956355 0.0 7.00927956355 0.0
57853.0689352 6.99149483301 0.0 6.99149483301 0.0
57853.0689815 6.84587467019 0.0 6.84587467019 0.0
57853.0690162 6.84740826883 0.0 6.84740826883 0.0
57853.0690741 6.96081891734 0.0 6.96081891734 0.0
57853.0691435 7.0486168856 0.0 7.0486168856 0.0
57853.0691898 7.09640754185 0.0 7.09640754185 0.0
57853.0692361 7.26312604875 0.0 7.26312604875 0.0
57853.0692824 7.23857720826 0.0 7.23857720826 0.0
57853.0693519 6.93988472527 0.0 6.93988472527 0.0
57853.0693981 6.93224350409 0.0 6.93224350409 0.0
57853.0694444 7.00364190975 0.0 7.00364190975 0.0
57853.0694907 7.10872703091 0.0 7.10872703091 0.0
57853.0695602 7.0973938879 0.0 7.0973938879 0.0
57853.0696065 6.97036584406 0.0 6.97036584406 0.0
57853.0696528 6.91129510295 0.0 6.91129510295 0.0
57853.0696991 6.90543264394 0.0 6.90543264394 0.0
57853.0697685 6.96512742166 0.0 6.96512742166 0.0
57853.0698148 6.91426062569 0.0 6.91426062569 0.0
57853.0698727 6.90926913646 0.0 6.90926913646 0.0
57853.0699074 6.88345843308 0.0 6.88345843308 0.0
57853.0699884 6.79477740621 0.0 6.79477740621 0.0
57853.0700231 6.80448381584 0.0 6.80448381584 0.0
57853.070081 0.777174369109 0.0 0.777174369109 0.0
57853.0701273 0.279284800875 0.0 0.279284800875 0.0
57853.0725694 2.42136325238 0.0 2.42136325238 0.0
57853.0726157 6.86112235717 0.0 6.86112235717 0.0
57853.072662 57.0474451663 0.0 57.0474451663 0.0
57853.0727083 43.6373120162 0.0 43.6373120162 0.0
57853.0727778 35.053844297 0.0 35.053844297 0.0
57853.0728241 7.11645979403 0.0 7.11645979403 0.0
57853.0728704 7.10183074988 0.0 7.10183074988 0.0
57853.0729167 7.0444304241 0.0 7.0444304241 0.0
57853.0729977 6.9362093394 0.0 6.9362093394 0.0
57853.0730324 6.8994202655 0.0 6.8994202655 0.0
57853.0730787 6.88222347792 0.0 6.88222347792 0.0
57853.0731366 6.88629072869 0.0 6.88629072869 0.0
57853.073206 6.84236801115 0.0 6.84236801115 0.0
57853.0732523 6.83864021572 0.0 6.83864021572 0.0
57853.073287 6.89173417944 0.0 6.89173417944 0.0
57853.0733449 6.86855152125 0.0 6.86855152125 0.0
57853.0734144 6.8582067627 0.0 6.8582067627 0.0
57853.0734606 6.83681212262 0.0 6.83681212262 0.0
57853.0735069 6.86811473404 0.0 6.86811473404 0.0
57853.0735532 6.86542059891 0.0 6.86542059891 0.0
57853.0736227 6.82971448891 0.0 6.82971448891 0.0
57853.073669 6.85813385696 0.0 6.85813385696 0.0
57853.0737153 6.86039357472 0.0 6.86039357472 0.0
57853.0737616 6.85609218141 0.0 6.85609218141 0.0
57853.073831 6.82934843159 0.0 6.82934843159 0.0
57853.0738773 6.86287111929 0.0 6.86287111929 0.0
57853.0739236 6.87146272638 0.0 6.87146272638 0.0
57853.0739699 6.84901452765 0.0 6.84901452765 0.0
57853.0740394 6.84185647321 0.0 6.84185647321 0.0
57853.0740856 6.86957058338 0.0 6.86957058338 0.0
57853.0741435 6.85295556676 0.0 6.85295556676 0.0
57853.0741782 6.86294397471 0.0 6.86294397471 0.0
57853.0742477 6.89267727374 0.0 6.89267727374 0.0
57853.074294 6.87669978987 0.0 6.87669978987 0.0
57853.0743519 6.87539089798 0.0 6.87539089798 0.0
57853.0743981 6.89042814345 0.0 6.89042814345 0.0
57853.0744676 6.87415449346 0.0 6.87415449346 0.0
57853.0745139 6.87189930078 0.0 6.87189930078 0.0
57853.0745602 6.88149693017 0.0 6.88149693017 0.0
57853.0746065 6.85069339556 0.0 6.85069339556 0.0
57853.0746759 6.8833857948 0.0 6.8833857948 0.0
57853.0747222 6.90840068323 0.0 6.90840068323 0.0
57853.0747685 6.87909877818 0.0 6.87909877818 0.0
57853.0748148 6.90021738788 0.0 6.90021738788 0.0
57853.0748843 6.89216946977 0.0 6.89216946977 0.0
57853.0749306 6.89260473261 0.0 6.89260473261 0.0
57853.0749769 6.91932077591 0.0 6.91932077591 0.0
57853.0750231 6.96347614342 0.0 6.96347614342 0.0
57853.0750926 7.04357863589 0.0 7.04357863589 0.0
57853.0751389 6.93375799982 0.0 6.93375799982 0.0
57853.0751852 6.92820323028 0.0 6.92820323028 0.0
57853.0752315 6.96297350275 0.0 6.96297350275 0.0
57853.0753009 6.96462490017 0.0 6.96462490017 0.0
57853.0753588 6.9032600994 0.0 6.9032600994 0.0
57853.0754051 6.92329401369 0.0 6.92329401369 0.0
57853.0754398 6.97495519699 0.0 6.97495519699 0.0
57853.0755093 7.04960991829 0.0 7.04960991829 0.0
57853.0755671 7.0374000881 0.0 7.0374000881 0.0
57853.0756134 7.11828631062 0.0 7.11828631062 0.0
57853.0756597 7.12797306392 0.0 7.12797306392 0.0
57853.0757292 6.97137002317 0.0 6.97137002317 0.0
57853.0757755 7.08830021938 0.0 7.08830021938 0.0
57853.0758218 7.09732343916 0.0 7.09732343916 0.0
57853.0758681 7.07587450426 0.0 7.07587450426 0.0
57853.0759375 7.01548287718 0.0 7.01548287718 0.0
57853.0759838 7.00628289466 0.0 7.00628289466 0.0
57853.0760301 7.06639936601 0.0 7.06639936601 0.0
57853.0760764 7.05280086207 0.0 7.05280086207 0.0
57853.0761458 6.94686979869 0.0 6.94686979869 0.0
57853.0761921 6.99006437739 0.0 6.99006437739 0.0
57853.0762384 7.0138434542 0.0 7.0138434542 0.0
57853.0762963 6.96519920749 0.0 6.96519920749 0.0
57853.0763657 6.91982658742 0.0 6.91982658742 0.0
57853.0764005 7.02417254913 0.0 7.02417254913 0.0
57853.0764468 7.12039324757 0.0 7.12039324757 0.0
57853.0765046 7.260234156 0.0 7.260234156 0.0
57853.0765741 7.15031467839 0.0 7.15031467839 0.0
57853.0766204 6.98161872348 0.0 6.98161872348 0.0
57853.0766551 6.98863362897 0.0 6.98863362897 0.0
57853.076713 6.97660375828 0.0 6.97660375828 0.0
57853.0767824 6.94845306525 0.0 6.94845306525 0.0
57853.0768287 6.90492577802 0.0 6.90492577802 0.0
57853.076875 6.90007246339 0.0 6.90007246339 0.0
57853.0769213 6.89391035625 0.0 6.89391035625 0.0
57853.0769907 6.92004335247 0.0 6.92004335247 0.0
57853.077037 6.8963033576 0.0 6.8963033576 0.0
57853.0770833 6.94917261262 0.0 6.94917261262 0.0
57853.0771296 6.95061148389 0.0 6.95061148389 0.0
57853.0771991 6.9083283072 0.0 6.9083283072 0.0
57853.0772454 6.98863362897 0.0 6.98863362897 0.0
57853.0772917 7.0138434542 0.0 7.0138434542 0.0
57853.077338 7.04414650614 0.0 7.04414650614 0.0
57853.0774074 7.00599743077 0.0 7.00599743077 0.0
57853.0774537 7.05308443165 0.0 7.05308443165 0.0
57853.0775116 7.23187389271 0.0 7.23187389271 0.0
57853.0775463 7.43054506749 0.0 7.43054506749 0.0
57853.0776273 7.07523851188 0.0 7.07523851188 0.0
57853.077662 7.08491354923 0.0 7.08491354923 0.0
57853.0777199 7.21470720127 0.0 7.21470720127 0.0
57853.1013657 6.53054362209 0.0 6.53054362209 0.0
57853.101412 6.5460675218 0.0 6.5460675218 0.0
57853.1014583 0.902773504263 0.0 0.902773504263 0.0
57853.1015046 0.331662479036 0.0 0.331662479036 0.0
57853.1052083 5.58193514832 0.0 5.58193514832 0.0
57853.1052546 19.3948962359 0.0 19.3948962359 0.0
57853.1053009 41.6148050578 0.0 41.6148050578 0.0
57853.1053472 43.8608139459 0.0 43.8608139459 0.0
57853.1054167 43.3077244842 0.0 43.3077244842 0.0
57853.105463 7.2197645391 0.0 7.2197645391 0.0
57853.1055093 7.26016528737 0.0 7.26016528737 0.0
57853.1055556 7.21456859417 0.0 7.21456859417 0.0
57853.1056366 7.13070823972 0.0 7.13070823972 0.0
57853.1056713 7.11231326644 0.0 7.11231326644 0.0
57853.1057176 7.05761999544 0.0 7.05761999544 0.0
57853.1057755 7.0488296901 0.0 7.0488296901 0.0
57853.1058449 7.0489006235 0.0 7.0489006235 0.0
57853.1058912 7.02118223663 0.0 7.02118223663 0.0
57853.1059259 7.05698235792 0.0 7.05698235792 0.0
57853.1059838 7.04783654748 0.0 7.04783654748 0.0
57853.1060532 7.05372242153 0.0 7.05372242153 0.0
57853.1060995 7.15639574087 0.0 7.15639574087 0.0
57853.1061458 7.21006241304 0.0 7.21006241304 0.0
57853.1061921 7.13063812011 0.0 7.13063812011 0.0
57853.1062616 6.98527021668 0.0 6.98527021668 0.0
57853.1063079 7.22246495319 0.0 7.22246495319 0.0
57853.1063542 7.29527244179 0.0 7.29527244179 0.0
57853.1064005 7.38789550549 0.0 7.38789550549 0.0
57853.1064699 7.290541818 0.0 7.290541818 0.0
57853.1065162 7.01904551916 0.0 7.01904551916 0.0
57853.1065625 6.98305090917 0.0 6.98305090917 0.0
57853.1066088 6.99027896439 0.0 6.99027896439 0.0
57853.1066782 6.99635619448 0.0 6.99635619448 0.0
57853.1067245 6.99642765988 0.0 6.99642765988 0.0
57853.1067824 7.02360306396 0.0 7.02360306396 0.0
57853.1068171 7.06413476655 0.0 7.06413476655 0.0
57853.1068866 7.16268106228 0.0 7.16268106228 0.0
57853.1069329 7.15995810044 0.0 7.15995810044 0.0
57853.1069907 7.1451382072 0.0 7.1451382072 0.0
57853.107037 7.05754914967 0.0 7.05754914967 0.0
57853.1071065 7.0039988578 0.0 7.0039988578 0.0
57853.1071528 7.05428947521 0.0 7.05428947521 0.0
57853.1071991 7.0509573818 0.0 7.0509573818 0.0
57853.1072454 7.10344986609 0.0 7.10344986609 0.0
57853.1073148 7.05506909959 0.0 7.05506909959 0.0
57853.1073611 7.04698517098 0.0 7.04698517098 0.0
57853.1074074 7.10478711856 0.0 7.10478711856 0.0
57853.1074537 7.10049294063 0.0 7.10049294063 0.0
57853.1075231 7.05521084022 0.0 7.05521084022 0.0
57853.1075694 7.04577887817 0.0 7.04577887817 0.0
57853.1076157 7.03512615381 0.0 7.03512615381 0.0
57853.107662 7.05301354032 0.0 7.05301354032 0.0
57853.1077315 7.08343137187 0.0 7.08343137187 0.0
57853.1077778 7.11540582117 0.0 7.11540582117 0.0
57853.1078241 7.18052922841 0.0 7.18052922841 0.0
57853.1078704 7.11891845718 0.0 7.11891845718 0.0
57853.1079398 7.05124102552 0.0 7.05124102552 0.0
57853.1079977 7.20229130208 0.0 7.20229130208 0.0
57853.108044 7.36029890697 0.0 7.36029890697 0.0
57853.1080787 7.31573646327 0.0 7.31573646327 0.0
57853.1081481 7.11301623786 0.0 7.11301623786 0.0
57853.108206 7.22246495319 0.0 7.22246495319 0.0
57853.1082523 7.37983739658 0.0 7.37983739658 0.0
57853.1082986 7.29033606907 0.0 7.29033606907 0.0
57853.1083681 7.1137191398 0.0 7.1137191398 0.0
57853.1084144 7.4087785768 0.0 7.4087785768 0.0
57853.1084606 7.27791178842 0.0 7.27791178842 0.0
57853.1085069 7.25954544032 0.0 7.25954544032 0.0
57853.1085764 7.10626484167 0.0 7.10626484167 0.0
57853.1086227 6.99399742636 0.0 6.99399742636 0.0
57853.108669 7.0413777061 0.0 7.0413777061 0.0
57853.1087153 7.11055553385 0.0 7.11055553385 0.0
57853.1087847 7.18066849256 0.0 7.18066849256 0.0
57853.108831 7.18881075005 0.0 7.18881075005 0.0
57853.1088773 7.37326250719 0.0 7.37326250719 0.0
57853.1089352 7.40371528356 0.0 7.40371528356 0.0
57853.1166435 7.1234822945 0.0 7.1234822945 0.0
57853.1166782 7.11828631062 0.0 7.11828631062 0.0
57853.1167245 1.08857705285 0.0 1.08857705285 0.0
57853.1167824 0.407430975749 0.0 0.407430975749 0.0
57853.1190972 3.97542450563 0.0 3.97542450563 0.0
57853.1191435 12.2117156862 0.0 12.2117156862 0.0
57853.1191898 48.9501072522 0.0 48.9501072522 0.0
57853.1192361 49.771317041 0.0 49.771317041 0.0
57853.1193056 48.0868173203 0.0 48.0868173203 0.0
57853.1193519 7.29616337536 0.0 7.29616337536 0.0
57853.1193981 7.33143914931 0.0 7.33143914931 0.0
57853.1194444 7.32017759347 0.0 7.32017759347 0.0
57853.1195255 7.13119905766 0.0 7.13119905766 0.0
57853.1195602 7.01990028419 0.0 7.01990028419 0.0
57853.1196065 7.00178548657 0.0 7.00178548657 0.0
57853.1196644 7.0444304241 0.0 7.0444304241 0.0
57853.1197338 7.06399320498 0.0 7.06399320498 0.0
57853.1197801 7.05528170947 0.0 7.05528170947 0.0
57853.1198148 7.02168071049 0.0 7.02168071049 0.0
57853.1198727 7.00285656 0.0 7.00285656 0.0
57853.1199421 6.99363996786 0.0 6.99363996786 0.0
57853.1199884 7.04677231078 0.0 7.04677231078 0.0
57853.1200347 7.0721283925 0.0 7.0721283925 0.0
57853.120081 7.09591431741 0.0 7.09591431741 0.0
57853.1201505 7.03946020658 0.0 7.03946020658 0.0
57853.1201968 7.02374543958 0.0 7.02374543958 0.0
57853.1202431 7.03278038901 0.0 7.03278038901 0.0
57853.1202894 7.060665691 0.0 7.060665691 0.0
57853.1203588 7.14051818848 0.0 7.14051818848 0.0
57853.1204051 7.15143342275 0.0 7.15143342275 0.0
57853.1204514 7.10823466129 0.0 7.10823466129 0.0
57853.1204977 7.1106258515 0.0 7.1106258515 0.0
57853.1205671 7.08611318002 0.0 7.08611318002 0.0
57853.1206134 7.11428141136 0.0 7.11428141136 0.0
57853.1206713 7.17405045982 0.0 7.17405045982 0.0
57853.120706 7.20145818567 0.0 7.20145818567 0.0
57853.1207755 7.05847008919 0.0 7.05847008919 0.0
57853.1208218 7.02751734256 0.0 7.02751734256 0.0
57853.1208796 7.03590790161 0.0 7.03590790161 0.0
57853.1209259 7.01662311942 0.0 7.01662311942 0.0
57853.1209954 7.04478530546 0.0 7.04478530546 0.0
57853.1210417 7.04073859762 0.0 7.04073859762 0.0
57853.121088 7.04698517098 0.0 7.04698517098 0.0
57853.1211343 7.06222344591 0.0 7.06222344591 0.0
57853.1212037 7.04719802475 0.0 7.04719802475 0.0
57853.12125 7.07431975528 0.0 7.07431975528 0.0
57853.1212963 7.08815914043 0.0 7.08815914043 0.0
57853.1213426 7.11083680026 0.0 7.11083680026 0.0
57853.121412 7.18630642263 0.0 7.18630642263 0.0
57853.1214583 7.15471872263 0.0 7.15471872263 0.0
57853.1215046 7.00778138928 0.0 7.00778138928 0.0
57853.1215509 7.03825262405 0.0 7.03825262405 0.0
57853.1216204 7.10809397799 0.0 7.10809397799 0.0
57853.1216667 7.10527972708 0.0 7.10527972708 0.0
57853.121713 7.14611782718 0.0 7.14611782718 0.0
57853.1217593 7.24113250811 0.0 7.24113250811 0.0
57853.1218287 7.20943825828 0.0 7.20943825828 0.0
57853.1218866 7.15059438089 0.0 7.15059438089 0.0
57853.1219329 7.22184187033 0.0 7.22184187033 0.0
57853.1219676 7.22011080247 0.0 7.22011080247 0.0
57853.122037 7.12446489219 0.0 7.12446489219 0.0
57853.1220949 6.99521264866 0.0 6.99521264866 0.0
57853.1221412 7.00599743077 0.0 7.00599743077 0.0
57853.1221875 7.0337756575 0.0 7.0337756575 0.0
57853.1253472 30.3381937498 0.0 30.3381937498 0.0
57853.1253935 15.710346909 0.0 15.710346909 0.0
57853.1254398 26.995166234 0.0 26.995166234 0.0
57853.1254861 24.617676576 0.0 24.617676576 0.0
57853.1255556 30.2136227553 0.0 30.2136227553 0.0
57853.1256019 2.31084400166 0.0 2.31084400166 0.0
57853.1256481 2.33752005339 0.0 2.33752005339 0.0
57853.1256944 2.14732391595 0.0 2.14732391595 0.0
57853.1257755 2.13798970998 0.0 2.13798970998 0.0
57853.1258102 2.68346790553 0.0 2.68346790553 0.0
57853.1258565 2.78495960473 0.0 2.78495960473 0.0
57853.1259144 0.367423461417 0.0 0.367423461417 0.0
57853.1259838 2.70591943709 0.0 2.70591943709 0.0
57853.1260301 2.3761313095 0.0 2.3761313095 0.0
57853.1260648 2.53830652207 0.0 2.53830652207 0.0
57853.1261227 2.73093390619 0.0 2.73093390619 0.0
57853.1261921 2.00997512422 0.0 2.00997512422 0.0
57853.1262384 1.81548891487 0.0 1.81548891487 0.0
57853.1262847 2.04963411369 0.0 2.04963411369 0.0
57853.126331 2.5043961348 0.0 2.5043961348 0.0
57853.1264005 2.73294712719 0.0 2.73294712719 0.0
57853.1264468 2.12673458617 0.0 2.12673458617 0.0
57853.1264931 2.0559669258 0.0 2.0559669258 0.0
57853.1265394 2.06470336853 0.0 2.06470336853 0.0
57853.1266088 1.8316659084 0.0 1.8316659084 0.0
57853.1266551 1.88281703838 0.0 1.88281703838 0.0
57853.1267014 2.38243572841 0.0 2.38243572841 0.0
57853.1267477 2.8586710199 0.0 2.8586710199 0.0
57853.1268171 2.16286846572 0.0 2.16286846572 0.0
57853.1268634 2.38054615582 0.0 2.38054615582 0.0
57853.1269213 2.30456069566 0.0 2.30456069566 0.0
57853.126956 1.87776462849 0.0 1.87776462849 0.0
57853.1270255 2.2777181564 0.0 2.2777181564 0.0
57853.1270718 2.50499500998 0.0 2.50499500998 0.0
57853.1271296 2.55342906696 0.0 2.55342906696 0.0
57853.1271759 3.09757970035 0.0 3.09757970035 0.0
57853.1272454 1.27161314872 0.0 1.27161314872 0.0
57853.1272917 2.34286149825 0.0 2.34286149825 0.0
57853.127338 2.74918169643 0.0 2.74918169643 0.0
57853.1273843 0.293257565972 0.0 0.293257565972 0.0
57853.1274537 3.03858519709 0.0 3.03858519709 0.0
57853.1275 2.79785632226 0.0 2.79785632226 0.0
57853.1275463 3.04909822735 0.0 3.04909822735 0.0
57853.1275926 0.871206060585 0.0 0.871206060585 0.0
57853.127662 2.4246649253 0.0 2.4246649253 0.0
57853.1277083 2.39582971014 0.0 2.39582971014 0.0
57853.1277546 2.55440795489 0.0 2.55440795489 0.0
57853.1278009 2.6873779042 0.0 2.6873779042 0.0
57853.1278704 1.73349358234 0.0 1.73349358234 0.0
57853.1279167 2.06446118879 0.0 2.06446118879 0.0
57853.127963 2.2739832893 0.0 2.2739832893 0.0
57853.1280093 2.21990990808 0.0 2.21990990808 0.0
57853.1280787 2.035681704 0.0 2.035681704 0.0
57853.1281366 2.54872517153 0.0 2.54872517153 0.0
57853.1281829 2.4248711306 0.0 2.4248711306 0.0
57853.1282176 2.24008928393 0.0 2.24008928393 0.0
57853.128287 2.21945939364 0.0 2.21945939364 0.0
57853.1283449 2.47971772587 0.0 2.47971772587 0.0
57853.1283912 2.64782929963 0.0 2.64782929963 0.0
57853.1284375 2.68867997352 0.0 2.68867997352 0.0
57853.1285069 2.44989795706 0.0 2.44989795706 0.0
57853.1285532 2.66852018917 0.0 2.66852018917 0.0
57853.1285995 2.64782929963 0.0 2.64782929963 0.0
57853.1286458 2.65273443827 0.0 2.65273443827 0.0
57853.1287153 2.86443711748 0.0 2.86443711748 0.0
57853.1287616 3.12905736604 0.0 3.12905736604 0.0
57853.1288079 2.93683503112 0.0 2.93683503112 0.0
57853.1288542 2.48394846967 0.0 2.48394846967 0.0
57853.1289236 2.16124963852 0.0 2.16124963852 0.0
57853.1289699 2.05304651676 0.0 2.05304651676 0.0
57853.1290162 2.19225910877 0.0 2.19225910877 0.0
57853.1290741 2.4885738888 0.0 2.4885738888 0.0
57853.1291435 2.25477271582 0.0 2.25477271582 0.0
57853.1291782 2.09570990359 0.0 2.09570990359 0.0
57853.1292245 0.293257565972 0.0 0.293257565972 0.0
57853.1292824 0.0707106781187 0.0 0.0707106781187 0.0
57853.1309028 1.95882617912 0.0 1.95882617912 0.0
57853.1309491 9.45425829984 0.0 9.45425829984 0.0
57853.1309954 28.8929403142 0.0 28.8929403142 0.0
57853.1310417 28.819923664 0.0 28.819923664 0.0
57853.1311111 27.842305939 0.0 27.842305939 0.0
57853.1311574 2.03322404078 0.0 2.03322404078 0.0
57853.1312037 1.44256715615 0.0 1.44256715615 0.0
57853.13125 3.04138126515 0.0 3.04138126515 0.0
57853.131331 3.10789317706 0.0 3.10789317706 0.0
57853.1313657 2.9565182225 0.0 2.9565182225 0.0
57853.131412 2.9906521028 0.0 2.9906521028 0.0
57853.1314699 2.23852630094 0.0 2.23852630094 0.0
57853.1315394 2.91633331428 0.0 2.91633331428 0.0
57853.1315856 3.15705559026 0.0 3.15705559026 0.0
57853.1316204 3.03463342102 0.0 3.03463342102 0.0
57853.1316782 2.77848879789 0.0 2.77848879789 0.0
57853.1317477 0.481663783152 0.0 0.481663783152 0.0
57853.131794 2.32594066992 0.0 2.32594066992 0.0
57853.1318403 2.23293528791 0.0 2.23293528791 0.0
57853.1318866 1.59687194227 0.0 1.59687194227 0.0
57853.131956 7.834219808 0.0 7.834219808 0.0
57853.1320023 8.47826633222 0.0 8.47826633222 0.0
57853.1320486 9.07904179966 0.0 9.07904179966 0.0
57853.1320949 9.07066700965 0.0 9.07066700965 0.0
57853.1321644 8.6368396998 0.0 8.6368396998 0.0
57853.1322106 8.96470858422 0.0 8.96470858422 0.0
57853.1322569 8.95940846262 0.0 8.95940846262 0.0
57853.1323032 8.42769244811 0.0 8.42769244811 0.0
57853.1323727 7.71297607931 0.0 7.71297607931 0.0
57853.132419 8.27979468344 0.0 8.27979468344 0.0
57853.1324769 8.41890729252 0.0 8.41890729252 0.0
57853.1325116 8.47449113517 0.0 8.47449113517 0.0
57853.132581 8.22143539779 0.0 8.22143539779 0.0
57853.1326273 7.58135871727 0.0 7.58135871727 0.0
57853.1326852 7.56901578807 0.0 7.56901578807 0.0
57853.1327315 7.51744637493 0.0 7.51744637493 0.0
57853.1328009 7.57918201391 0.0 7.57918201391 0.0
57853.1328472 7.62305712952 0.0 7.62305712952 0.0
57853.1328935 7.52057178677 0.0 7.52057178677 0.0
57853.1329398 7.4782350859 0.0 7.4782350859 0.0
57853.1330093 7.61406593089 0.0 7.61406593089 0.0
57853.1330556 7.67723908707 0.0 7.67723908707 0.0
57853.1331019 7.90126572139 0.0 7.90126572139 0.0
57853.1331481 8.0399004969 0.0 8.0399004969 0.0
57853.1332176 8.37591786015 0.0 8.37591786015 0.0
57853.1332639 8.53006447807 0.0 8.53006447807 0.0
57853.1333102 8.58294821142 0.0 8.58294821142 0.0
57853.1333565 8.81612159626 0.0 8.81612159626 0.0
57853.1334259 8.43949050595 0.0 8.43949050595 0.0
57853.1334722 7.79243222621 0.0 7.79243222621 0.0
57853.1335185 7.85728960902 0.0 7.85728960902 0.0
57853.1335648 7.7878751916 0.0 7.7878751916 0.0
57853.1336343 7.8812435567 0.0 7.8812435567 0.0
57853.1336921 7.87515079221 0.0 7.87515079221 0.0
57853.1337384 7.92969104064 0.0 7.92969104064 0.0
57853.1337731 7.82323462514 0.0 7.82323462514 0.0
57853.1338426 7.78479286815 0.0 7.78479286815 0.0
57853.1339005 8.33978416987 0.0 8.33978416987 0.0
57853.1339468 8.28142499815 0.0 8.28142499815 0.0
57853.1339931 8.07440400277 0.0 8.07440400277 0.0
57853.1340625 7.75731912454 0.0 7.75731912454 0.0
57853.1341088 7.83153880154 0.0 7.83153880154 0.0
57853.1341551 7.85525301948 0.0 7.85525301948 0.0
57853.1342014 8.14647162887 0.0 8.14647162887 0.0
57853.1342708 8.03262099193 0.0 8.03262099193 0.0
57853.1343171 7.87680138127 0.0 7.87680138127 0.0
57853.1343634 7.74151148032 0.0 7.74151148032 0.0
57853.1344097 7.65179717452 0.0 7.65179717452 0.0
57853.1344792 7.63649134092 0.0 7.63649134092 0.0
57853.1345255 7.64153126016 0.0 7.64153126016 0.0
57853.1345718 7.70902069007 0.0 7.70902069007 0.0
57853.1346296 7.84015305973 0.0 7.84015305973 0.0
57853.1454861 72.8128697416 0.0 72.8128697416 0.0
57853.1455324 66.0265552638 0.0 66.0265552638 0.0
57853.1455787 107.349555192 0.0 107.349555192 0.0
57853.145625 72.5135849341 0.0 72.5135849341 0.0
57853.1456944 40.8562969443 0.0 40.8562969443 0.0
57853.1457407 7.60913924173 0.0 7.60913924173 0.0
57853.145787 7.66433297815 0.0 7.66433297815 0.0
57853.1458333 7.70344078967 0.0 7.70344078967 0.0
57853.1459144 7.54672114232 0.0 7.54672114232 0.0
57853.1459491 7.26470921648 0.0 7.26470921648 0.0
57853.1459954 7.17586231752 0.0 7.17586231752 0.0
57853.1460532 7.2075654697 0.0 7.2075654697 0.0
57853.1461227 7.48505177003 0.0 7.48505177003 0.0
57853.146169 7.71420767156 0.0 7.71420767156 0.0
57853.1462037 7.99593646798 0.0 7.99593646798 0.0
57853.1462616 8.16033087564 0.0 8.16033087564 0.0
57853.146331 7.85194243484 0.0 7.85194243484 0.0
57853.1463773 7.18470597867 0.0 7.18470597867 0.0
57853.1464236 7.13680600829 0.0 7.13680600829 0.0
57853.1464699 7.05506909959 0.0 7.05506909959 0.0
57853.1465394 7.05060281111 0.0 7.05060281111 0.0
57853.1465856 7.04109366505 0.0 7.04109366505 0.0
57853.1466319 7.06937055189 0.0 7.06937055189 0.0
57853.1466782 7.11259446334 0.0 7.11259446334 0.0
57853.1467477 7.08773588673 0.0 7.08773588673 0.0
57853.146794 7.01534033387 0.0 7.01534033387 0.0
57853.1468403 7.04471433062 0.0 7.04471433062 0.0
57853.1468866 7.06448865807 0.0 7.06448865807 0.0
57853.146956 7.02524020942 0.0 7.02524020942 0.0
57853.1470023 7.01512651347 0.0 7.01512651347 0.0
57853.1470602 7.02039884907 0.0 7.02039884907 0.0
57853.1470949 6.99857128277 0.0 6.99857128277 0.0
57853.1471644 7.01562541759 0.0 7.01562541759 0.0
57853.1472106 7.01013551937 0.0 7.01013551937 0.0
57853.1472685 6.99092268588 0.0 6.99092268588 0.0
57853.1473148 6.97810862627 0.0 6.97810862627 0.0
57853.1473843 6.95384785568 0.0 6.95384785568 0.0
57853.1474306 6.96799827784 0.0 6.96799827784 0.0
57853.1474769 6.98777503931 0.0 6.98777503931 0.0
57853.1475231 7.00685378754 0.0 7.00685378754 0.0
57853.1475926 7.03107388668 0.0 7.03107388668 0.0
57853.1476389 7.00771003966 0.0 7.00771003966 0.0
57853.1476852 7.08491354923 0.0 7.08491354923 0.0
57853.1477315 7.21858711937 0.0 7.21858711937 0.0
57853.1478009 7.23657377493 0.0 7.23657377493 0.0
57853.1478472 7.08667764189 0.0 7.08667764189 0.0
57853.1478935 7.07975988293 0.0 7.07975988293 0.0
57853.1479398 7.11512473538 0.0 7.11512473538 0.0
57853.1480093 7.06986562814 0.0 7.06986562814 0.0
57853.1480556 7.09189678436 0.0 7.09189678436 0.0
57853.1481019 7.03967328787 0.0 7.03967328787 0.0
57853.1481481 7.09971830427 0.0 7.09971830427 0.0
57853.1482176 7.13953780017 0.0 7.13953780017 0.0
57853.1482755 7.10387218353 0.0 7.10387218353 0.0
57853.1483218 7.09992957712 0.0 7.09992957712 0.0
57853.1483565 7.08703040772 0.0 7.08703040772 0.0
57853.1484259 6.99285349482 0.0 6.99285349482 0.0
57853.1484838 6.9728043139 0.0 6.9728043139 0.0
57853.1485301 7.0080667805 0.0 7.0080667805 0.0
57853.1485764 7.05506909959 0.0 7.05506909959 0.0
57853.1524306 47.9769632219 0.0 47.9769632219 0.0
57853.1524769 65.2844927988 0.0 65.2844927988 0.0
57853.1525231 149.733957404 0.0 149.733957404 0.0
57853.1525694 94.9567533143 0.0 94.9567533143 0.0
57853.1526389 42.1986611162 0.0 42.1986611162 0.0
57853.1526852 9.35633475246 0.0 9.35633475246 0.0
57853.1527315 9.47385877032 0.0 9.47385877032 0.0
57853.1527778 9.37149934642 0.0 9.37149934642 0.0
57853.1528588 8.81878676463 0.0 8.81878676463 0.0
57853.1528935 8.64274262026 0.0 8.64274262026 0.0
57853.1529398 8.8179362665 0.0 8.8179362665 0.0
57853.1529977 8.94678713282 0.0 8.94678713282 0.0
57853.1530671 9.35745691948 0.0 9.35745691948 0.0
57853.1531134 10.1631687972 0.0 10.1631687972 0.0
57853.1531481 11.4934764106 0.0 11.4934764106 0.0
57853.153206 11.6238977972 0.0 11.6238977972 0.0
57853.1532755 9.64743489224 0.0 9.64743489224 0.0
57853.1533218 8.6441309569 0.0 8.6441309569 0.0
57853.1533681 8.86713031369 0.0 8.86713031369 0.0
57853.1534144 8.96955963245 0.0 8.96955963245 0.0
57853.1534838 9.21921905586 0.0 9.21921905586 0.0
57853.1535301 9.35243283857 0.0 9.35243283857 0.0
57853.1535764 9.49610446446 0.0 9.49610446446 0.0
57853.1536227 9.88923657316 0.0 9.88923657316 0.0
57853.1536921 9.54997382195 0.0 9.54997382195 0.0
57853.1537384 9.35152393998 0.0 9.35152393998 0.0
57853.1537847 9.30096769159 0.0 9.30096769159 0.0
57853.153831 9.99019519329 0.0 9.99019519329 0.0
57853.1539005 10.70266322 0.0 10.70266322 0.0
57853.1539468 10.4420783372 0.0 10.4420783372 0.0
57853.1540046 11.1000900897 0.0 11.1000900897 0.0
57853.1540394 11.0753329521 0.0 11.0753329521 0.0
57853.1541088 9.75663876548 0.0 9.75663876548 0.0
57853.1541551 8.6 0.0 8.6 0.0
57853.154213 8.56936403708 0.0 8.56936403708 0.0
57853.1542593 8.55564141371 0.0 8.55564141371 0.0
57853.1543287 8.65840631987 0.0 8.65840631987 0.0
57853.154375 8.64777428013 0.0 8.64777428013 0.0
57853.1544213 8.66960206699 0.0 8.66960206699 0.0
57853.1544676 8.70218363401 0.0 8.70218363401 0.0
57853.154537 8.88262348634 0.0 8.88262348634 0.0
57853.1545833 8.52519794492 0.0 8.52519794492 0.0
57853.1546296 8.64372604841 0.0 8.64372604841 0.0
57853.1546759 8.69787330329 0.0 8.69787330329 0.0
57853.1547454 8.65083810969 0.0 8.65083810969 0.0
57853.1547917 8.49335034012 0.0 8.49335034012 0.0
57853.154838 8.73012027409 0.0 8.73012027409 0.0
57853.1548843 8.74488421879 0.0 8.74488421879 0.0
57853.1549537 9.13471400756 0.0 9.13471400756 0.0
57853.155 8.60528907126 0.0 8.60528907126 0.0
57853.1550463 8.63568179127 0.0 8.63568179127 0.0
57853.1550926 8.56095789033 0.0 8.56095789033 0.0
57853.155162 8.50358747824 0.0 8.50358747824 0.0
57853.1552199 8.46782144356 0.0 8.46782144356 0.0
57853.1552662 8.44795833323 0.0 8.44795833323 0.0
57853.1553009 8.5424820749 0.0 8.5424820749 0.0
57853.1553704 8.43142929757 0.0 8.43142929757 0.0
57853.1554282 8.88774437076 0.0 8.88774437076 0.0
57853.1554745 9.31890551513 0.0 9.31890551513 0.0
57853.1555208 9.41838627367 0.0 9.41838627367 0.0
