57854.196615740744 106.24157011264471 0.0 109.49199869396851 0.0
57854.19761574074 106.24157011264471 0.0 109.49199869396851 0.0
57854.19773148148 98.95166543823302 0.0 104.63032307605668 0.0
57854.197847222225 112.38941296269859 0.0 112.80353115350601 0.0
57854.197916666664 119.73031770608479 0.0 117.4347304718668 0.0
57854.19797453703 101.49426876430019 0.0 103.314487817537 0.0
57854.19809027778 94.4558563827569 0.0 103.24216298586542 0.0
57854.19820601852 98.88218821911255 0.0 102.50141646338356 0.0
57854.198333333334 113.4056706430503 0.0 102.27819408065436 0.0
57854.19844907407 93.3784344856991 0.0 102.07484103832834 0.0
57854.19856481482 120.30268703981636 0.0 114.8037719706979 0.0
57854.19861111111 107.68420037312809 0.0 119.51635542050302 0.0
57854.19869212963 98.33629376786578 0.0 104.28287022325382 0.0
57854.19880787037 103.08566631205329 0.0 101.4980502866927 0.0
57854.19892361111 99.18165693816573 0.0 101.40703453902988 0.0
57854.19905092593 100.36313150255924 0.0 101.70707145031756 0.0
57854.199166666665 103.54598556680023 0.0 111.44001771356643 0.0
57854.199282407404 108.04268783679903 0.0 100.49961130770606 0.0
57854.19930555556 101.65825336882392 0.0 104.36964730705954 0.0
57854.19940972222 96.00610338931583 0.0 108.43624784637285 0.0
57854.199525462966 91.99415268374399 0.0 99.35364960080732 0.0
57854.199641203704 93.24805427460672 0.0 99.16739352730816 0.0
57854.19975694444 103.06912631336311 0.0 112.82667093378232 0.0
57854.19988425926 112.9039250424891 0.0 106.7518163967246 0.0
57854.2 103.65382473406372 0.0 101.8842929602007 0.0
57854.20011574074 111.18247103298253 0.0 102.80296157261229 0.0
57854.20024305556 97.2300021423943 0.0 103.80410704736109 0.0
57854.2003587963 94.01689792266069 0.0 104.70593295511004 0.0
57854.200474537036 93.04410148956246 0.0 102.2901082558817 0.0
57854.20060185185 98.39395199070927 0.0 104.2645027413453 0.0
57854.200694444444 102.10884896325098 0.0 105.67725915588463 0.0
57854.20071759259 103.01664355190378 0.0 106.02750702294193 0.0
57854.200833333336 107.44062504006573 0.0 107.761672031386 0.0
57854.20096064815 106.4075972466252 0.0 118.01010587657312 0.0
57854.20107638889 105.45970048791149 0.0 100.05274787830668 0.0
57854.20119212963 98.74746797766514 0.0 93.84031108217833 0.0
57854.201319444444 105.20734928701512 0.0 106.22021932287656 0.0
57854.20138888889 96.0740887440521 0.0 101.24861553621363 0.0
57854.20143518518 88.98570017143204 0.0 96.89440315621951 0.0
57854.20155092593 94.46542850694111 0.0 101.22753634263752 0.0
57854.20167824074 90.31534914952164 0.0 100.92443073904356 0.0
57854.203831018516 101.42364817240603 0.0 115.74585176152102 0.0
57854.20394675926 101.98660130134742 0.0 116.48929583013197 0.0
57854.2040625 87.3314832921095 0.0 100.03080730454994 0.0
57854.20416666667 96.3191587276384 0.0 97.262315986203 0.0
57854.20417824074 108.9795105421198 0.0 94.64465063594456 0.0
57854.204305555555 97.57114320084601 0.0 101.975230753355 0.0
57854.204421296294 85.89494138772085 0.0 108.2093100061173 0.0
57854.20453703704 97.98535609977647 0.0 104.35055313557278 0.0
57854.204664351855 87.5100109181801 0.0 99.93397532501146 0.0
57854.204780092594 88.26870576823929 0.0 95.7422717090001 0.0
57854.20486111111 87.2858749397633 0.0 99.635768436842 0.0
57854.20489583333 86.44502701717433 0.0 104.25391952344046 0.0
57854.20502314815 84.15338704413507 0.0 92.8048100046544 0.0
57854.20513888889 90.50465857623021 0.0 98.43795186308988 0.0
57854.20525462963 87.54750195179757 0.0 98.31583569801967 0.0
57854.20538194444 86.18466570185208 0.0 114.12976810630958 0.0
57854.20549768519 84.92674793608901 0.0 91.98145499501516 0.0
57854.205555555556 88.94431667622165 0.0 92.74600391930642 0.0
57854.205613425926 93.59634670220841 0.0 93.50716004670444 0.0
57854.20574074074 116.54679153884932 0.0 106.71236683252789 0.0
57854.20585648148 101.80608116905394 0.0 120.57624272218803 0.0
57854.205972222226 100.0340153147918 0.0 108.20487927076117 0.0
57854.206099537034 87.5754702356773 0.0 101.92615896324162 0.0
57854.20621527778 93.85973409828094 0.0 92.44572151808866 0.0
57854.20625 99.19830625570177 0.0 100.29167258551429 0.0
57854.20633101852 105.61356307312049 0.0 110.65840440291917 0.0
57854.206458333334 104.54878768068045 0.0 107.1152710513305 0.0
57854.20657407407 103.57131143082046 0.0 103.789333175428 0.0
57854.20668981481 102.58452172477094 0.0 100.35322650318723 0.0
57854.20681712963 101.48797169123048 0.0 96.43219844533256 0.0
57854.20693287037 92.22407775629962 0.0 100.3427417853429 0.0
57854.20694444444 114.31763357417788 0.0 115.53652981633125 0.0
57854.20704861111 115.9909690609575 0.0 116.88184323452467 0.0
57854.20717592593 102.37787548586853 0.0 118.50537663203302 0.0
57854.207291666666 119.8045625383274 0.0 119.96225062493617 0.0
57854.207407407404 87.88205576225445 0.0 95.18983909010457 0.0
57854.20753472222 88.67758992552741 0.0 88.06503830692405 0.0
57854.20763888889 92.89547827531759 0.0 99.73563448938398 0.0
57854.207650462966 98.01761825304673 0.0 118.04507348890084 0.0
57854.207766203705 101.12689060284609 0.0 100.61714829491044 0.0
57854.20789351852 97.48985444137251 0.0 111.39086550969967 0.0
57854.20800925926 95.27994437445899 0.0 94.0517223340434 0.0
57854.208125 85.89494138772085 0.0 108.2093100061173 0.0
57854.20825231481 85.89494138772085 0.0 108.2093100061173 0.0
57854.208333333336 85.89494138772085 0.0 108.2093100061173 0.0
57854.23274305555 83.55736861581987 0.0 88.21189030397207 0.0
57854.2328587963 86.4837279272234 0.0 91.357307972871 0.0
57854.232986111114 89.59239184774565 0.0 94.69667291937981 0.0
57854.23310185185 83.29570881504041 0.0 88.38153619959319 0.0
57854.23321759259 75.87414101655452 0.0 79.86788686950469 0.0
57854.23333333333 85.39763873199306 0.0 87.18977528930786 0.0
57854.23334490741 99.86333953458596 0.0 97.14998594441484 0.0
57854.233460648145 98.84359500746622 0.0 91.44268857049207 0.0
57854.23357638889 84.82366765826623 0.0 85.35461801800767 0.0
57854.23370370371 84.37451016746705 0.0 87.92204616590767 0.0
57854.233819444446 83.61917038574349 0.0 89.66808315114136 0.0
57854.233935185184 94.2645206374063 0.0 96.95825116512778 0.0
57854.23402777778 88.94837387496187 0.0 91.14323090608539 0.0
57854.2340625 84.40637881108276 0.0 86.19758929343674 0.0
57854.23417824074 76.1812622499785 0.0 81.21366921276245 0.0
57854.234293981484 91.49502690310551 0.0 94.35746444770547 0.0
57854.2344212963 88.46825327144195 0.0 91.4551226459732 0.0
57854.23453703704 85.62384390460404 0.0 88.73429062093189 0.0
57854.23465277778 76.6368383220498 0.0 79.7725555752102 0.0
57854.23472222222 75.86540893582529 0.0 79.5936703953273 0.0
57854.23478009259 75.11999365015947 0.0 79.41059086167286 0.0
57854.23489583333 76.91195734084525 0.0 79.46136939419053 0.0
57854.23501157408 85.46217358574494 0.0 89.7171463601022 0.0
57854.235138888886 82.34920898454338 0.0 86.01564659380293 0.0
57854.23525462963 79.41342083048683 0.0 82.50667032428348 0.0
57854.23537037037 76.96361588439046 0.0 80.75017776451021 0.0
57854.23541666667 77.68300995713284 0.0 80.90526993342276 0.0
57854.23548611111 78.40369155849743 0.0 81.06229191800587 0.0
57854.235613425924 79.53230812694926 0.0 83.08855828572307 0.0
57854.23572916666 74.61653693384596 0.0 79.29098860526334 0.0
57854.23584490741 75.38469368512418 0.0 79.30198364479921 0.0
57854.235972222225 76.56371275610921 0.0 81.78891700591224 0.0
57854.23608796296 76.65564015778617 0.0 81.17152433581619 0.0
57854.23611111111 76.86755999769994 0.0 80.898955469153 0.0
57854.2362037037 77.0244620494035 0.0 80.55683972823165 0.0
57854.23633101852 77.81353653446166 0.0 83.56962174737899 0.0
57854.236446759256 80.73412380771838 0.0 86.84154381400644 0.0
57854.2365625 82.34583328863701 0.0 85.52396946470621 0.0
57854.23668981482 77.85676129919611 0.0 82.09172251207792 0.0
57854.236805555556 74.92327737092126 0.0 80.66110126324833 0.0
57854.25424768519 72.17475102139252 0.0 75.93484745490703 0.0
57854.254375 73.10627076386812 0.0 78.12032757867827 0.0
57854.25449074074 82.79427163155674 0.0 89.38279714240319 0.0
57854.25460648148 71.58366405123448 0.0 78.29152189732935 0.0
57854.2547337963 78.33757813463473 0.0 86.71670403099971 0.0
57854.254849537036 77.88481057305076 0.0 85.2671601673235 0.0
57854.25486111111 76.60775842563206 0.0 84.85102372982898 0.0
57854.254965277774 75.42428596281174 0.0 84.46289646347678 0.0
57854.25509259259 77.57801842661361 0.0 84.51295914828684 0.0
57854.255208333336 76.82246830192324 0.0 79.195778561739 0.0
57854.255324074074 70.89380030722009 0.0 74.7566062231292 0.0
57854.25545138889 70.01202574558174 0.0 74.36187860053026 0.0
57854.25555555556 73.44721194844635 0.0 78.10372778555451 0.0
57854.25556712963 77.38622330234239 0.0 82.40691786494627 0.0
57854.25568287037 76.08924846520696 0.0 81.36371947004389 0.0
57854.25581018518 69.43905454425484 0.0 73.75272491915129 0.0
57854.25592592593 70.47537715401033 0.0 76.81002337585896 0.0
57854.25604166667 78.78824628077464 0.0 86.3777539416255 0.0
57854.25616898148 92.67218832530071 0.0 97.43215184424493 0.0
57854.25625 82.91899974071082 0.0 88.54627429768007 0.0
57854.25628472222 75.69260363470133 0.0 81.6963785855897 0.0
57854.25640046296 73.4818579718831 0.0 79.31919334562096 0.0
57854.256527777776 88.11296095921416 0.0 91.86742985411098 0.0
57854.25664351852 80.68534298123792 0.0 91.86288913103049 0.0
57854.25675925926 72.50072589291779 0.0 91.85834818349392 0.0
57854.256886574076 79.34883067191349 0.0 84.01843714923528 0.0
57854.256944444445 84.05858049003683 0.0 85.61984465648136 0.0
57854.257002314815 89.81576106675264 0.0 87.42063713448901 0.0
57854.25711805555 71.20949971036168 0.0 75.52388518872688 0.0
57854.25724537037 76.57816760670106 0.0 84.63301946639976 0.0
57854.257361111115 81.35297789263771 0.0 91.79891159485499 0.0
57854.25747685185 72.46130870333491 0.0 76.14703062496922 0.0
57854.25760416667 71.54763335009761 0.0 76.55669209154743 0.0
57854.25763888889 73.32372853312903 0.0 76.5707622333747 0.0
57854.25771990741 75.13066393956598 0.0 76.4553879984923 0.0
57854.257835648146 69.73730622844562 0.0 74.08076069398855 0.0
57854.25795138889 74.00444304229308 0.0 81.15399014219818 0.0
57854.2580787037 74.89391511998822 0.0 75.89289137989144 0.0
57854.25819444445 72.27795800242285 0.0 76.5529994252348 0.0
57854.258310185185 74.19868279828154 0.0 75.0882178041269 0.0
57854.25833333333 72.37311746083624 0.0 74.40593981665711 0.0
57854.27778935185 71.8809561775579 0.0 77.43808938758755 0.0
57854.277916666666 70.60057185320811 0.0 75.28448964428198 0.0
57854.278032407405 80.39475141450467 0.0 85.0433866153036 0.0
57854.27814814815 73.91976471824027 0.0 80.99236863433492 0.0
57854.278275462966 83.46372044786885 0.0 90.0806298989966 0.0
57854.278391203705 70.79948939787631 0.0 75.50914593610499 0.0
57854.27847222222 71.90583006265904 0.0 78.33110064974193 0.0
57854.27850694444 73.23064677442089 0.0 81.68777336909116 0.0
57854.27863425926 68.78341151033437 0.0 73.47706080131404 0.0
57854.27875 73.81136402343476 0.0 80.20742310409929 0.0
57854.278865740744 90.731021183496 0.0 88.11857995905291 0.0
57854.27899305556 67.97687065465723 0.0 72.13094139133358 0.0
57854.2791087963 77.54160992009388 0.0 80.2979494009654 0.0
57854.27916666667 75.02944765890257 0.0 77.32721213777204 0.0
57854.27922453704 72.68820130530126 0.0 74.65381785280643 0.0
57854.27935185185 69.99660556055558 0.0 74.52267502579332 0.0
57854.27946759259 67.45833740910014 0.0 71.3482511068071 0.0
57854.27958333334 76.91895259297281 0.0 83.24501274550926 0.0
57854.279710648145 69.11503178035875 0.0 72.98878820065448 0.0
57854.27982638889 84.85359890423034 0.0 97.03238997365776 0.0
57854.279861111114 84.49896701066824 0.0 95.90169181562962 0.0
57854.27994212963 83.66564713130474 0.0 93.21007099192663 0.0
57854.280069444445 82.33910674217933 0.0 88.8157262407959 0.0
57854.280185185184 81.11433758590401 0.0 84.62308111856953 0.0
57854.28030092592 77.35536775815883 0.0 84.47209629812676 0.0
57854.28041666667 77.95349344962032 0.0 93.67481202009428 0.0
57854.280543981484 75.35333513521482 0.0 73.82216056849055 0.0
57854.28055555555 84.24021355623454 0.0 83.94103607294825 0.0
57854.28065972222 97.04274359270764 0.0 99.65014676356478 0.0
57854.28077546296 70.58878791989561 0.0 75.80714625284348 0.0
57854.28090277778 75.09781362995864 0.0 76.58865902338283 0.0
57854.281018518515 69.13868628344048 0.0 76.06212531871562 0.0
57854.28113425926 69.51098504553075 0.0 74.98437227849547 0.0
57854.28125 67.9842570894174 0.0 72.86111913085058 0.0
57854.28126157408 66.66323601506306 0.0 71.01468007391148 0.0
57854.281377314815 98.48580601792321 0.0 97.3319885495 0.0
57854.281493055554 91.4830439316489 0.0 95.28269770105167 0.0
57854.28162037037 81.61939501123493 0.0 92.97632287846191 0.0
57854.28173611111 79.87268128402852 0.0 87.5264575371356 0.0
57854.281851851854 78.08690536191071 0.0 81.71392122521107 0.0
57854.28194444445 74.65479375097088 0.0 77.80009753849927 0.0
57854.299421296295 66.54863463663247 0.0 70.70766964764148 0.0
57854.29953703703 66.53996585511598 0.0 70.34803277277909 0.0
57854.29966435185 69.03228034767503 0.0 72.67352471154815 0.0
57854.299780092595 71.94433170862038 0.0 76.43536557118047 0.0
57854.299895833334 66.54897056303726 0.0 71.51057153316563 0.0
57854.3 68.40094330489895 0.0 73.98971033866803 0.0
57854.30002314815 70.43209659665116 0.0 76.78332115114584 0.0
57854.30013888889 69.17774795409287 0.0 72.24870156618734 0.0
57854.30025462963 67.88917551421582 0.0 71.40125540212861 0.0
57854.30038194444 69.45028892668482 0.0 76.47130896617371 0.0
57854.30049768519 67.29353047656215 0.0 72.00661243247039 0.0
57854.30061342593 67.01222904813717 0.0 71.61234893508242 0.0
57854.30069444444 67.01822711770284 0.0 71.61493800178843 0.0
57854.30074074074 67.03644505789369 0.0 71.60096369463193 0.0
57854.30085648148 67.21361910357156 0.0 70.89677229606437 0.0
57854.30097222222 67.9491772650707 0.0 72.58196836680581 0.0
57854.301099537035 66.5960525256565 0.0 70.9416593970003 0.0
57854.30121527778 68.54378419667242 0.0 71.782614343586 0.0
57854.30133101852 70.0660494604912 0.0 75.20626817626307 0.0
57854.30138888889 70.15584996990628 0.0 73.53690240280726 0.0
57854.301458333335 70.23392581936453 0.0 71.99816133068956 0.0
57854.301574074074 66.87219592625922 0.0 70.57399303567851 0.0
57854.30168981481 67.2991908272306 0.0 72.13956075552443 0.0
57854.30181712963 68.1059724840634 0.0 72.67255072584146 0.0
57854.301932870374 68.55556199900924 0.0 72.96545994510005 0.0
57854.30204861111 66.77765192038426 0.0 71.44308069365431 0.0
57854.302083333336 66.88368984289069 0.0 71.85429886930913 0.0
57854.30217592593 66.99065501993543 0.0 72.24312896047624 0.0
57854.30229166667 68.75220108476528 0.0 71.81258111222573 0.0
57854.302407407406 67.33891116583338 0.0 71.37322039812972 0.0
57854.30253472222 67.68482494621671 0.0 70.84125009484234 0.0
57854.30265046296 67.72138828317092 0.0 72.55420468863262 0.0
57854.302766203706 66.96278874121059 0.0 71.26362815630425 0.0
57854.302777777775 67.94570662668833 0.0 72.05180763867067 0.0
57854.302881944444 68.97450459408897 0.0 72.90011742103026 0.0
57854.30300925926 66.8167339668739 0.0 71.49415616678051 0.0
57854.303125 70.60708096218112 0.0 75.28937933732752 0.0
57854.30324074074 67.73417517767527 0.0 72.69611638870401 0.0
57854.30336805555 68.32753168379493 0.0 73.0711060269379 0.0
57854.30347222222 67.66725073475351 0.0 72.53710613885833 0.0
57854.30909722222 66.03524556628831 0.0 70.06740931417401 0.0
57854.309224537035 65.98815700563246 0.0 69.96576804409425 0.0
57854.30934027778 67.09459028863654 0.0 69.76009374276958 0.0
57854.30945601852 66.56435314040091 0.0 69.70610032845045 0.0
57854.309583333335 66.01184552790507 0.0 70.07695440014498 0.0
57854.309699074074 65.57430189487343 0.0 70.0051165844326 0.0
57854.30972222222 65.55938064075957 0.0 69.84673430447553 0.0
57854.30981481481 65.56245948711808 0.0 69.6678123956824 0.0
57854.30994212963 66.24358060974663 0.0 70.7421742739082 0.0
57854.31005787037 65.99251157517799 0.0 69.59338446289274 0.0
57854.31017361111 65.99122816708294 0.0 69.9023964539128 0.0
57854.31030092593 67.82116656324926 0.0 72.25678187547518 0.0
57854.31041666667 66.32581886414972 0.0 71.2808708560719 0.0
57854.310532407406 68.50658569072027 0.0 72.27059837859376 0.0
57854.31065972222 65.77441744325829 0.0 70.0992085048041 0.0
57854.31077546296 66.08512657171808 0.0 70.12382582261182 0.0
57854.310891203706 66.14529299201871 0.0 69.77675653109709 0.0
57854.31101851852 67.32185785463737 0.0 71.38723579184168 0.0
57854.311111111114 67.58828704738714 0.0 71.24798094683105 0.0
57854.31113425926 67.87547875337603 0.0 71.11528965700695 0.0
57854.31125 66.41243346693449 0.0 70.29160090650946 0.0
57854.311377314814 65.91698533003462 0.0 69.40569487441213 0.0
57854.31149305555 66.0239246334236 0.0 69.85262531931066 0.0
57854.3116087963 66.32281004300104 0.0 70.35327243277317 0.0
57854.31172453704 67.69654749689973 0.0 73.51210646553396 0.0
57854.31180555555 67.19707402856169 0.0 71.88170750615208 0.0
57854.31185185185 66.70138829139916 0.0 70.3590013217925 0.0
57854.31196759259 65.84564499646123 0.0 69.62784398500358 0.0
57854.31208333333 65.68756897617692 0.0 69.8068671335421 0.0
57854.312210648146 66.2258343020305 0.0 70.51505274053193 0.0
57854.31232638889 68.54196009015207 0.0 72.49352497982147 0.0
57854.31244212963 66.84767503062467 0.0 71.88862857921272 0.0
57854.3125 66.95653323612268 0.0 70.96036388012676 0.0
57854.312569444446 67.06592242711645 0.0 70.06718185427468 0.0
57854.312685185185 65.8198281219269 0.0 69.89586170153423 0.0
57854.31280092592 65.56816150388846 0.0 69.98535761143184 0.0
57854.31292824074 65.6610875481057 0.0 70.00156579677343 0.0
57854.313043981485 65.89765771254696 0.0 69.91038161103114 0.0
57854.313159722224 65.87211762954034 0.0 69.80418611372816 0.0
57854.31319444445 65.9387194370652 0.0 69.70856512653233 0.0
57854.31419444444 65.9387194370652 0.0 69.70856512653233 0.0
