57849.1514005 141.814079976 0.0 139.530290133 0.0
57849.1597338 159.310987944 0.0 157.893061562 0.0
57849.1764005 133.032929342 0.0 130.431145277 0.0
57849.1847338 148.735336627 0.0 147.049895963 0.0
57849.2027894 127.649811552 0.0 124.503455646 0.0
57849.2097338 136.878026534 0.0 135.08282717 0.0
57849.2250116 124.739642415 0.0 121.05919413 0.0
57849.231956 132.477198732 0.0 130.412492653 0.0
57849.2500116 123.332610683 0.0 119.167243183 0.0
57849.2722338 123.106318167 0.0 118.664137216 0.0
57849.2791782 127.861196993 0.0 125.029970896 0.0
57849.2972338 122.559382804 0.0 117.848553253 0.0
57849.3041782 127.09572425 0.0 124.009840188 0.0
57849.319456 122.853033954 0.0 118.402141322 0.0
57849.3264005 127.382590797 0.0 124.540985958 0.0
